99 75 60 1 62 30 20 71 73 13 14 82 48 98 42 53 76 87 68 49 30 41 62 2 50 45 94 77 5 44 58 18 101 55 39 78 40 23 26 59 18 37 98 69 86 80 29 17 7 71 60 48 59 4 31 61 67 72 56 23 53 38 23 52 75 83 4 7 53 55 82 92 84 24 11 62 61 10 12 76 30 96 4 58 52 63 62 46 9 35 90 83 28 96 25 84 67 45 47 26
33 58 49 74 24 77 31 96 52 36 42 45 19 48 32 93 93 83 13 32 33 48 99 76 41 4 11 56 56 50 55 55 31 83 48 16 77 18 39 2 72 49 7 0 34 18 56 0 17 57 85 -3 37 38 32 27 71 24 7 45 63 38 87 36 80 47 32 67 79 7 92 58 32 79 16 63 40 86 54 60 78 59 8 60 82 78 59 28 42 6 6 57 88 70 70 42 86 38 92 94
9 35 35 4 49 70 8 41 64 64 85 68 63 74 67 86 56 93 8 65 37 73 102 86 73 89 28 74 45 41 87 78 54 1 33 48 54 33 86 65 57 31 26 87 10 8 33 67 47 48 96 43 29 85 26 53 85 69 33 24 78 61 95 21 9 57 28 39 51 70 82 86 9 36 38 82 68 69 38 87 55 9 9 61 41 79 29 27 35 23 81 23 102 15 98 14 87 41 20 23
78 77 38 59 58 82 51 27 67 27 62 53 21 78 89 85 28 86 72 12 8 6 91 60 15 9 80 87 68 48 77 42 13 21 20 86 54 72 82 80 29 40 53 4 82 1 61 77 91 10 58 12 30 71 36 72 18 77 60 25 65 40 63 74 83 81 49 48 19 37 69 40 89 63 64 89 49 55 70 6 101 -3 68 67 50 13 86 6 43 -3 44 63 17 51 99 56 22 75 64 -3
58 41 37 71 48 26 23 25 17 97 58 29 69 63 45 64 57 77 90 66 31 85 5 54 6 46 44 80 36 76 6 56 75 55 82 10 53 91 20 31 91 9 49 61 19 16 81 31 8 58 74 27 9 63 82 18 100 79 96 71 95 50 29 28 27 18 90 50 98 83 32 38 46 1 79 4 3 39 49 99 3 62 67 30 19 8 18 61 25 12 37 32 68 58 34 77 98 66 75 1
50 6 54 74 4 8 34 66 35 57 45 49 60 53 55 54 45 71 8 76 52 14 77 74 52 28 32 81 95 18 35 92 7 15 75 20 45 35 24 43 48 74 67 17 34 64 53 52 88 68 81 7 23 32 46 13 61 10 29 52 79 88 54 25 68 73 65 41 29 2 75 81 77 83 4 89 51 90 9 71 50 49 100 -1 86 40 96 39 6 93 31 44 6 -3 100 96 40 76 88 87
60 40 46 4 69 50 66 56 67 44 27 38 50 40 95 9 66 49 34 61 25 7 86 20 8 38 75 2 67 84 52 100 58 88 79 32 13 79 25 60 61 10 17 34 64 61 12 10 59 18 77 39 28 1 39 9 86 40 70 23 73 60 66 31 75 46 66 69 8 55 97 6 43 49 77 31 91 24 101 58 51 17 38 77 67 88 21 36 42 93 60 76 53 75 40 23 15 20 43 66
33 54 31 60 90 3 86 21 42 5 10 44 57 84 33 5 32 81 57 22 21 57 13 49 65 -3 96 70 98 8 10 41 71 29 39 3 13 52 39 -3 58 80 21 7 95 41 10 20 77 85 4 63 92 34 35 2 65 37 13 51 37 24 81 21 31 75 36 72 36 53 89 26 45 52 100 34 74 91 10 12 57 74 7 76 42 26 23 49 51 90 90 35 41 7 42 88 9 56 18 71
15 57 27 81 41 33 79 23 14 84 45 57 8 37 90 25 4 50 62 4 50 27 41 57 52 6 58 81 77 43 62 77 69 99 82 70 5 20 55 34 87 73 5 97 36 5 57 25 100 56 31 19 8 87 7 87 93 37 81 85 84 58 39 68 47 66 48 22 36 38 26 9 91 31 95 85 44 52 38 20 23 99 51 86 32 33 3 56 53 23 5 96 97 92 74 10 11 45 34 64
7 67 39 68 34 53 90 13 76 76 42 37 35 96 39 24 32 84 80 74 94 4 31 58 55 89 8 27 50 15 41 42 37 23 74 84 62 26 16 12 89 44 47 12 87 53 4 26 4 18 21 1 80 18 61 70 55 12 5 34 16 78 61 75 73 38 44 20 95 75 56 16 46 16 6 87 71 68 55 91 29 57 52 15 29 63 19 75 59 76 69 51 86 76 4 -1 11 85 25 44
97 80 86 17 41 42 85 86 96 100 40 26 102 16 88 32 100 24 95 14 28 57 92 92 48 78 50 82 34 29 12 51 69 79 25 83 43 41 20 69 82 35 11 26 82 39 97 22 90 89 14 66 82 86 28 26 13 46 21 18 73 77 93 89 67 36 29 64 67 52 7 60 90 8 13 32 74 5 92 92 75 33 32 61 82 9 90 26 54 80 85 95 5 95 60 57 48 2 85 70
72 61 9 53 69 10 95 64 27 16 48 49 57 79 53 70 40 31 74 77 65 39 83 44 61 10 33 77 31 7 52 94 84 -1 94 81 32 67 52 21 68 44 45 23 52 32 82 60 53 20 10 69 49 20 78 47 71 68 18 37 101 2 17 80 35 15 90 72 51 89 83 62 44 68 31 82 87 87 82 32 60 2 24 55 30 33 31 33 26 88 79 11 15 77 73 70 41 23 77 66
86 93 86 55 11 74 18 9 39 9 77 26 28 13 49 92 92 31 101 41 67 65 50 51 54 59 29 22 96 44 92 41 29 17 63 13 25 39 90 61 81 97 69 13 55 44 36 56 31 33 71 64 100 79 58 60 84 85 41 17 90 71 66 47 86 92 67 96 79 89 57 3 74 19 84 55 14 51 10 29 58 14 102 69 41 55 82 37 56 49 71 26 63 92 84 11 69 4 60 4
50 35 10 24 61 23 39 47 100 50 38 72 95 75 5 94 75 17 26 6 19 28 68 69 66 93 71 14 25 0 3 0 80 72 21 9 11 22 43 19 24 74 34 58 26 78 47 6 49 -2 31 1 69 78 76 31 68 30 5 41 83 33 71 86 76 67 54 4 61 48 8 29 16 8 69 84 45 64 68 50 86 39 98 40 9 0 63 61 69 80 46 8 30 86 87 60 35 -2 9 35
3 88 98 13 59 3 33 59 53 39 42 57 26 48 41 66 46 88 83 42 50 59 100 56 7 76 91 33 5 17 88 44 90 93 98 32 46 64 94 73 65 44 44 43 87 54 70 72 11 54 53 44 40 32 101 36 37 32 23 48 50 14 84 28 66 65 12 76 70 10 8 31 48 93 57 77 60 21 94 95 98 23 63 46 19 82 29 59 72 55 38 53 65 46 102 51 20 22 76 65
26 24 34 79 83 -3 96 23 22 48 49 91 37 12 9 40 34 66 37 26 69 40 49 63 95 48 99 26 67 13 8 80 51 52 86 80 55 48 61 59 77 32 54 76 84 68 49 -1 49 37 15 26 90 85 84 83 92 10 50 70 58 62 77 42 76 -2 2 87 56 87 6 65 18 17 87 48 37 -2 85 27 10 46 76 13 23 63 78 17 89 38 37 42 4 9 93 75 14 74 44 67
32 36 50 88 20 2 91 77 85 53 69 79 48 7 63 55 33 75 85 40 5 72 71 38 34 10 35 37 69 63 23 45 37 23 90 89 51 42 100 79 68 10 36 61 96 57 87 61 35 80 14 58 71 7 28 86 76 31 86 33 65 94 39 47 24 70 66 59 17 19 101 63 78 17 64 7 37 80 86 86 99 98 101 37 82 64 17 100 64 2 9 4 10 72 64 20 57 67 28 19
24 87 2 53 73 20 49 28 74 8 10 11 66 93 84 16 76 61 76 18 65 59 39 91 77 3 31 19 45 90 36 64 69 85 45 83 21 53 23 33 30 94 35 89 5 24 33 75 39 31 83 3 40 48 8 65 16 70 65 71 7 56 96 46 55 38 32 64 68 15 75 29 61 65 93 73 81 71 71 -2 25 33 99 32 18 10 81 42 82 4 21 12 56 63 98 42 28 9 75 23
30 7 14 88 12 38 35 14 59 32 51 93 16 29 37 44 7 38 31 62 99 8 67 99 14 5 99 90 47 73 82 46 10 63 51 2 79 27 15 42 24 12 35 4 93 43 47 80 20 12 32 56 36 80 70 3 44 64 22 16 69 94 55 38 48 44 3 5 14 18 100 16 34 68 13 87 42 96 42 90 34 11 79 77 29 100 33 72 15 77 85 18 66 67 23 34 80 19 30 80
38 22 8 54 92 50 41 75 84 10 30 20 70 1 34 25 101 96 28 74 91 81 44 44 67 42 93 8 35 90 87 6 94 96 67 34 51 92 2 -1 22 91 89 66 98 89 94 18 29 74 84 9 40 21 83 27 23 12 35 29 59 49 13 52 15 47 99 69 27 94 96 91 23 84 53 7 68 61 86 60 26 37 71 96 69 49 97 4 89 86 77 19 44 31 27 49 19 93 31 49
60 73 54 68 16 96 30 9 66 84 88 72 48 64 30 34 91 75 34 4 52 24 40 57 11 30 74 31 32 41 30 95 80 93 70 81 22 15 40 11 88 96 67 5 26 79 17 47 5 22 32 17 56 64 90 88 92 98 69 69 34 72 61 17 10 66 76 52 7 81 90 83 59 64 60 27 30 86 83 95 14 34 8 38 82 10 19 86 54 22 87 63 29 85 80 41 91 44 21 82
59 58 58 67 50 26 58 88 50 88 61 69 58 75 48 92 26 14 45 10 41 69 69 26 43 36 34 16 31 42 87 11 92 48 12 73 44 92 35 54 4 70 100 51 82 88 41 15 24 7 48 15 42 8 55 20 47 25 6 86 77 12 31 10 67 11 53 69 10 33 84 15 73 60 4 53 11 39 25 25 80 22 16 50 84 5 36 91 96 74 67 41 16 92 41 62 52 26 79 28
12 31 92 67 59 67 10 27 75 25 65 62 44 84 30 26 47 92 42 52 8 77 66 40 101 35 33 14 98 82 77 83 33 22 32 82 67 92 79 58 34 73 49 7 90 83 61 62 12 19 45 68 55 21 38 16 94 13 54 10 36 60 39 1 41 6 84 36 16 18 29 28 50 1 23 74 39 13 8 5 27 72 93 2 87 96 41 55 50 96 31 96 9 95 6 6 64 34 79 35
73 79 74 62 67 66 34 83 98 4 46 35 98 78 69 44 76 65 14 49 7 8 27 3 26 9 33 -1 92 49 70 74 12 88 3 33 28 75 11 -3 21 3 9 26 12 73 70 1 92 15 69 20 19 54 36 -1 38 12 82 33 17 58 27 40 95 57 72 55 5 75 63 40 3 49 88 92 75 45 15 78 94 83 91 22 97 22 89 18 36 87 33 72 78 95 51 94 82 69 31 39
68 15 4 84 93 8 67 7 84 57 78 15 51 47 80 11 88 56 98 61 86 38 35 18 51 46 27 36 65 70 70 54 67 91 6 21 32 99 70 99 14 43 42 21 91 11 7 6 72 15 12 78 73 28 59 28 44 70 85 39 26 64 91 2 45 63 74 8 22 88 45 26 45 84 87 66 73 52 5 9 90 98 18 28 86 87 6 89 40 75 102 59 22 76 8 57 76 50 49 87
14 60 68 22 96 57 92 65 78 49 75 16 91 57 40 6 18 92 8 87 41 90 19 32 93 91 66 84 26 76 30 57 24 57 71 14 4 54 70 18 39 78 24 87 5 65 92 49 92 24 84 34 60 87 85 23 96 67 98 19 41 49 28 81 70 0 94 16 4 79 24 35 78 93 19 0 45 75 26 14 14 -2 92 73 15 -1 27 68 64 17 83 42 56 26 40 78 40 72 65 96
57 12 28 32 82 63 83 68 29 38 35 27 52 66 32 60 67 93 44 78 87 74 58 3 35 53 53 89 83 15 8 40 86 68 34 7 97 8 93 54 29 16 53 20 33 1 55 26 72 39 27 30 23 27 29 48 28 83 63 20 15 29 63 36 53 11 9 86 53 99 25 38 49 56 3 34 81 52 9 8 66 40 3 28 33 38 29 1 65 66 33 58 74 41 51 17 42 63 87 60
4 32 8 79 20 51 58 1 57 84 3 61 64 50 8 42 35 29 83 38 62 18 67 74 69 56 45 84 83 52 50 57 7 78 16 34 29 59 28 1 48 77 3 38 99 49 78 17 96 45 12 19 61 63 11 80 86 68 78 0 98 -1 43 53 12 8 70 65 63 13 74 83 61 7 42 49 68 9 70 57 31 90 49 3 89 41 75 72 88 55 71 61 59 88 97 76 84 85 80 -1
87 89 46 74 54 100 64 88 21 20 6 84 44 33 94 35 49 1 89 48 65 47 85 34 91 13 93 74 55 61 101 13 40 66 46 56 86 67 93 45 60 3 42 75 80 5 79 9 24 67 76 98 92 69 101 82 82 3 36 64 82 89 19 14 64 56 18 28 99 9 20 88 73 97 65 78 16 56 73 12 25 81 54 76 24 62 28 65 35 15 73 62 61 96 64 90 51 12 60 35
15 5 25 30 89 23 9 -3 65 1 98 43 43 21 61 43 11 83 25 6 28 17 16 80 33 38 41 47 14 82 64 56 71 60 15 50 63 10 8 51 12 24 87 92 42 88 8 83 36 65 62 39 12 25 5 -3 39 22 98 -2 94 7 79 23 62 43 90 9 71 10 52 12 72 72 44 10 67 75 52 93 78 67 94 25 26 26 86 9 88 4 100 46 77 95 96 22 24 77 35 18
51 74 95 8 71 7 51 43 83 97 99 49 7 81 67 47 43 74 21 48 53 60 49 30 48 73 65 74 37 53 40 23 50 19 63 17 57 52 85 46 35 17 28 49 92 39 46 82 33 63 16 83 91 44 10 54 58 19 33 92 49 39 35 100 13 60 9 24 37 1 69 79 37 35 43 32 49 74 70 47 64 76 85 95 94 7 83 90 34 62 7 9 32 64 61 8 84 29 77 71
27 13 45 71 82 55 50 76 99 71 30 24 12 7 25 30 56 6 77 60 96 70 39 89 56 77 62 27 33 33 96 36 48 69 74 53 81 24 56 57 65 85 78 51 11 62 30 16 70 75 29 80 12 95 48 2 96 78 101 63 21 57 4 66 24 8 49 77 23 51 96 96 79 28 46 91 15 20 17 66 49 71 33 92 63 1 50 78 54 18 97 31 73 49 88 88 17 36 55 -3
61 85 85 69 28 39 10 77 97 86 86 42 76 98 5 55 52 65 24 35 17 81 98 8 85 72 57 86 95 35 33 52 25 95 88 3 14 31 60 33 58 12 101 12 66 13 61 31 22 62 100 86 28 45 69 71 54 45 33 72 100 83 82 70 59 1 28 48 50 8 13 70 81 94 98 70 72 96 36 35 7 9 75 18 94 9 7 2 38 54 73 19 73 45 79 27 84 7 9 20
68 67 36 63 92 49 17 43 2 8 14 66 10 8 47 53 12 7 87 80 31 38 15 76 75 38 31 -3 82 59 67 2 67 55 3 89 57 58 62 56 65 13 93 3 98 39 84 72 20 85 27 30 73 42 47 50 57 64 44 54 11 58 47 69 71 22 72 48 97 87 78 84 43 74 62 83 27 38 7 21 77 56 76 59 76 60 99 70 31 23 22 67 37 48 101 14 21 26 88 52
32 83 59 68 88 26 20 50 93 51 8 87 62 26 36 58 87 30 64 14 92 96 91 56 4 79 17 28 93 52 18 21 47 44 82 21 37 31 3 81 102 59 80 55 102 10 95 90 56 31 42 28 37 13 41 42 9 48 66 79 30 43 95 83 91 72 66 100 69 4 54 95 76 90 93 39 28 6 7 48 55 38 13 11 38 90 8 51 26 23 82 48 18 89 7 46 91 1 50 62
67 12 97 26 71 92 71 91 49 62 68 92 100 59 28 78 16 47 63 16 34 27 62 54 66 3 95 49 91 67 100 64 21 52 60 76 33 89 16 76 58 -1 46 50 13 48 31 -3 57 86 43 34 85 9 91 41 30 59 86 79 33 27 49 3 41 -3 99 39 65 8 33 27 54 18 15 8 97 79 100 93 38 62 91 4 86 80 92 47 42 12 42 61 33 49 41 39 13 12 62 96
33 75 7 72 99 78 23 54 41 11 24 37 92 9 35 37 15 24 5 37 88 89 44 31 14 84 27 89 62 82 79 16 82 1 80 41 92 58 80 24 56 20 85 5 85 61 79 53 51 98 82 31 84 59 90 82 37 19 58 6 51 45 63 64 95 31 74 48 76 86 84 4 27 11 92 20 34 40 33 41 46 90 19 94 101 78 33 83 79 94 30 26 5 88 55 81 61 87 23 50
60 49 52 21 92 9 15 62 32 19 55 3 101 70 5 4 2 13 25 83 19 6 34 -1 51 32 75 37 75 40 37 56 77 73 96 92 54 7 62 53 13 59 29 67 89 -1 97 94 9 30 6 74 64 77 42 77 99 75 18 58 67 32 96 72 57 77 5 64 6 10 68 16 30 19 58 71 81 22 22 70 88 66 97 36 82 -1 8 95 26 16 54 20 43 80 55 30 32 96 68 5
86 33 18 8 69 41 91 29 15 25 101 95 66 64 41 56 77 55 7 8 9 54 69 28 69 50 89 91 62 15 15 20 59 92 89 36 79 18 63 70 79 84 100 64 73 99 43 25 79 17 87 27 58 65 21 71 59 14 51 26 86 5 79 62 26 66 22 42 32 28 80 54 25 81 9 44 6 73 64 10 63 21 54 10 102 53 32 45 12 78 66 71 6 32 94 16 50 34 15 72
5 54 4 63 6 95 39 -3 16 85 14 2 95 13 80 43 74 78 90 64 49 90 39 65 79 42 4 62 11 66 45 88 97 66 87 64 37 67 53 69 29 72 86 35 95 75 33 85 38 54 93 27 99 11 101 45 56 12 16 3 96 45 10 20 48 84 10 47 80 39 11 54 82 28 10 79 33 12 33 90 32 23 2 73 89 75 62 29 26 84 51 75 89 77 100 2 10 7 61 32
61 67 49 34 87 94 29 4 47 28 39 3 41 99 31 5 75 5 9 66 97 62 50 22 14 72 92 79 27 50 31 79 98 15 78 2 19 30 3 38 84 75 49 34 92 2 50 90 82 28 9 71 96 4 80 60 86 8 66 99 40 91 33 16 73 19 12 52 40 60 44 76 71 73 38 13 77 55 31 44 91 46 61 29 98 73 80 11 90 66 55 70 26 85 58 25 13 41 20 55
30 95 63 91 4 11 13 11 96 61 100 80 27 0 45 76 81 78 29 13 91 40 11 5 53 50 41 11 99 53 97 78 58 20 55 90 75 17 97 39 34 54 28 33 94 89 24 56 100 69 37 2 63 22 3 23 68 34 63 34 15 76 71 38 64 68 95 66 3 4 33 18 50 20 35 65 12 75 47 44 89 25 57 65 40 58 33 43 2 45 70 31 94 92 23 54 84 49 77 9
9 89 18 28 4 95 30 33 4 57 91 51 93 2 33 71 5 81 80 32 3 64 23 92 15 28 43 47 83 100 59 24 9 91 57 31 97 46 69 49 83 32 24 8 12 70 58 88 86 24 75 54 96 33 70 35 11 34 100 50 19 34 46 63 30 7 52 72 50 15 41 1 85 16 95 17 88 21 75 56 93 100 89 72 69 23 43 41 9 16 49 64 41 58 96 18 55 64 3 59
95 55 77 64 17 57 44 90 101 52 89 58 73 74 58 46 78 70 84 75 88 59 53 11 94 75 45 95 88 17 42 90 97 23 92 70 29 7 48 45 2 16 8 44 91 86 28 85 85 88 90 68 69 14 38 46 68 44 66 59 54 88 91 15 2 52 35 63 15 74 73 88 58 59 11 39 31 64 17 86 11 52 85 86 25 63 63 48 57 25 41 50 7 88 44 85 4 0 78 10
37 51 72 65 37 14 37 26 31 4 19 38 25 62 21 58 17 53 25 83 50 98 72 76 83 11 72 73 46 95 32 36 70 17 92 94 101 96 4 1 37 32 15 15 47 79 96 3 58 23 82 52 44 55 3 90 57 6 56 75 39 92 72 54 85 19 16 68 46 51 50 14 83 41 27 37 90 44 7 11 98 87 9 7 91 71 81 32 49 30 47 85 7 4 7 67 43 33 27 49
44 93 99 74 98 2 79 5 9 62 17 16 38 8 65 50 56 55 31 54 31 68 42 46 61 0 58 52 16 67 92 91 27 8 54 31 38 48 99 16 94 67 62 29 66 32 8 89 11 61 62 13 78 30 2 70 94 81 75 4 47 5 82 15 84 35 10 34 38 27 32 43 72 57 62 55 16 9 4 92 47 81 93 40 32 21 71 38 101 27 66 63 12 38 4 66 93 13 101 57
93 39 88 93 43 3 79 75 59 71 92 87 15 14 12 82 93 86 43 68 27 18 61 14 27 59 67 32 71 38 61 27 64 49 11 51 36 39 80 13 12 12 48 70 91 12 47 25 42 34 35 67 35 40 93 66 70 49 70 60 49 27 15 70 12 64 75 84 100 27 45 82 75 20 98 65 67 98 77 93 81 35 5 55 7 59 15 3 30 28 17 31 83 50 5 17 48 12 102 42
5 -2 81 94 95 1 33 71 63 62 61 19 3 -3 76 71 60 75 29 17 81 88 53 22 72 41 18 92 19 43 6 92 80 58 78 50 51 66 69 80 74 32 89 86 83 8 99 36 101 45 53 3 87 93 30 29 16 74 64 63 10 81 66 93 70 82 74 3 67 94 16 64 25 12 61 52 99 59 28 6 84 78 96 38 15 55 93 74 91 20 62 80 74 64 18 59 20 59 56 89
48 72 82 41 68 100 92 35 70 37 33 92 21 13 79 26 96 86 95 79 53 73 57 73 92 45 73 94 83 64 86 66 38 12 97 20 93 83 40 93 29 100 29 60 91 69 64 32 90 28 31 25 63 64 59 43 46 78 64 1 55 22 40 61 15 43 66 19 72 9 64 66 14 24 36 4 96 68 14 81 92 58 10 84 43 38 16 18 33 86 17 73 33 49 92 85 97 86 45 66
20 34 95 2 86 30 57 4 23 45 82 40 52 68 34 27 50 17 98 93 89 91 41 57 98 69 101 24 80 67 40 40 88 36 52 48 73 75 90 37 51 15 22 64 28 17 20 95 82 26 23 29 52 22 55 84 28 93 45 5 101 76 35 56 77 7 57 21 38 28 58 85 63 24 17 24 59 56 32 62 2 1 89 38 33 3 25 80 23 88 58 27 24 10 41 33 75 19 100 42
71 8 64 96 96 69 47 7 61 31 46 54 92 64 45 40 30 4 37 53 75 8 9 77 51 79 72 31 27 87 13 86 5 14 75 43 9 4 67 92 53 61 39 61 29 87 79 95 50 81 90 52 38 7 96 22 58 8 45 70 20 51 73 35 65 18 29 42 85 17 27 3 13 95 3 18 91 18 42 15 74 86 20 6 50 32 72 70 61 95 11 28 3 16 37 93 33 50 68 64
48 76 95 42 39 42 82 58 80 -3 82 47 31 56 40 38 59 87 93 19 98 62 99 8 21 76 86 92 36 15 95 80 12 60 32 86 65 72 37 45 81 28 16 30 9 66 12 48 85 68 90 61 46 65 99 78 88 6 18 56 77 62 55 53 47 54 62 61 68 91 33 74 30 42 15 27 79 66 40 74 101 72 63 76 52 82 55 87 67 28 37 46 62 26 41 11 80 14 94 88
32 93 52 49 24 15 29 29 54 85 93 24 43 85 10 90 99 77 97 55 95 52 93 75 81 48 32 91 17 47 50 34 9 94 33 41 45 89 18 42 70 20 43 88 44 46 68 17 91 46 87 41 14 99 29 12 92 78 39 67 81 90 27 71 32 29 34 16 13 44 28 43 91 97 41 31 92 86 91 75 65 31 101 91 40 95 64 46 47 44 99 49 96 65 85 5 28 44 22 52
66 67 79 20 38 5 9 49 14 44 48 80 27 14 24 53 56 42 97 41 29 3 75 60 72 2 56 78 73 23 82 92 59 69 82 74 50 8 62 9 88 50 43 3 18 80 81 70 24 62 36 51 23 62 94 81 32 40 79 45 68 57 64 38 93 2 77 2 59 22 49 56 69 88 62 13 96 58 84 44 20 10 48 12 8 72 96 74 58 -1 57 22 32 -3 38 35 66 26 5 48
95 78 26 95 55 30 50 82 51 31 9 77 11 70 43 14 77 96 23 75 58 29 48 10 32 79 85 18 53 90 96 59 19 54 44 58 65 52 102 85 35 33 95 91 29 22 75 46 75 63 21 76 67 36 70 3 27 32 12 49 6 24 85 53 81 89 78 38 54 23 95 58 35 12 75 19 102 92 72 18 73 86 77 69 65 84 40 59 49 54 87 19 83 95 56 49 97 72 67 10
40 70 26 45 50 79 21 79 82 68 90 59 57 67 73 76 25 76 32 62 96 72 7 36 100 42 8 84 53 83 82 91 71 11 93 5 13 15 26 9 19 -2 94 88 51 59 70 42 87 93 66 39 62 64 84 68 9 78 45 85 44 59 25 42 97 70 89 5 14 63 99 90 42 49 58 54 53 22 14 12 44 29 12 68 81 62 58 83 98 71 96 35 16 62 43 56 91 55 22 73
75 92 96 25 82 55 96 54 10 32 67 70 78 78 31 43 6 29 36 40 24 98 49 94 61 8 80 14 74 45 68 62 26 41 63 21 5 38 17 35 3 88 66 70 90 19 31 37 102 13 51 80 55 78 26 17 10 77 36 26 76 87 41 26 27 32 21 22 81 98 101 59 75 79 5 34 85 65 55 24 78 78 61 77 61 80 70 33 73 1 73 38 23 58 90 53 98 71 65 41
75 92 7 61 65 41 41 32 60 90 90 86 31 9 49 74 5 10 60 8 89 23 28 29 40 7 23 91 81 89 82 25 60 67 100 55 85 69 27 20 32 25 6 86 23 86 76 80 79 57 61 77 12 36 60 62 93 62 59 25 33 26 14 61 57 84 6 37 3 18 70 72 75 38 7 18 79 41 31 55 49 33 79 45 8 81 18 22 37 22 91 47 28 91 24 74 97 4 86 45
71 70 12 65 100 73 29 34 12 78 27 57 38 69 60 75 95 39 38 25 8 8 92 90 4 6 3 86 20 75 50 29 57 84 34 67 43 86 36 44 69 80 11 78 23 2 3 40 90 84 57 6 27 13 33 42 14 20 89 65 77 44 73 30 24 19 94 76 93 40 68 97 11 93 4 46 71 32 4 64 97 27 66 78 38 9 35 44 25 3 26 41 82 17 61 23 18 37 81 58
38 84 94 34 10 76 65 11 81 59 21 32 7 21 74 77 61 40 37 47 19 15 36 0 68 13 23 46 84 54 98 20 31 5 2 11 72 29 80 96 72 80 68 63 34 49 4 65 84 82 100 57 39 42 19 51 86 75 80 90 16 25 69 19 90 46 101 3 88 -3 71 27 76 77 27 77 64 76 13 19 61 79 22 43 42 11 82 69 10 65 88 65 16 20 69 71 18 3 68 71
5 41 39 31 72 63 93 18 41 86 37 84 56 52 92 24 92 80 85 3 85 32 97 49 94 61 86 11 52 21 97 36 30 99 23 23 32 23 38 67 70 94 56 18 92 90 59 39 68 3 20 76 83 53 24 4 83 53 95 50 27 5 91 68 51 10 95 58 7 17 5 27 47 24 96 99 44 14 31 83 5 76 14 53 5 59 67 79 82 81 75 1 80 96 71 36 88 30 66 71
22 65 22 82 17 84 45 18 40 19 101 28 52 53 49 86 86 28 23 81 26 81 34 74 68 21 10 38 67 83 30 58 10 2 51 26 54 87 97 33 4 79 89 6 62 33 20 26 39 52 51 13 79 89 71 53 14 19 94 0 20 54 24 94 56 7 40 75 65 63 23 7 2 39 18 73 100 27 5 17 21 80 45 3 49 60 51 40 80 37 9 52 7 70 19 40 83 3 29 37
22 41 66 16 37 72 12 46 85 94 70 59 20 35 42 86 35 59 23 78 59 4 48 73 67 50 31 18 48 61 58 96 13 14 55 37 50 17 17 22 44 62 90 55 68 7 44 85 89 43 39 50 99 84 46 29 91 34 58 72 73 16 9 6 32 67 60 9 57 99 50 64 7 16 4 27 90 27 83 55 17 1 22 54 52 99 45 66 23 87 49 93 97 50 79 45 77 2 52 78
10 15 71 69 14 71 89 11 59 13 90 4 92 84 43 57 37 39 74 96 84 86 86 33 51 47 64 55 80 92 3 86 78 92 84 7 55 5 67 25 92 84 7 88 101 -1 32 12 49 25 64 43 24 60 5 78 67 27 79 42 71 87 6 91 55 30 53 34 29 79 18 5 64 54 9 82 5 77 2 58 66 65 78 71 87 29 26 3 96 49 101 65 47 94 15 88 93 1 58 68
32 20 44 25 44 98 64 18 43 18 18 91 7 76 78 78 23 93 23 99 68 87 30 83 89 36 19 82 65 64 60 85 67 93 34 88 63 99 4 12 39 19 66 13 91 81 100 83 100 21 4 79 65 94 86 99 80 87 34 59 44 86 102 13 84 41 74 94 6 67 38 57 55 68 70 56 47 93 76 70 63 3 35 61 27 29 23 60 72 86 24 19 15 27 36 96 40 9 69 93
24 37 77 2 51 21 22 90 26 60 61 26 3 81 72 25 74 72 70 52 62 20 45 94 5 12 62 39 85 8 92 78 75 33 88 88 88 44 36 86 49 96 98 31 61 48 28 41 69 -3 2 47 97 84 16 25 50 58 10 14 79 27 63 13 88 14 72 72 33 38 34 65 80 72 100 44 45 27 54 69 81 31 25 41 5 15 14 29 66 92 30 55 20 20 49 57 54 81 71 13
12 29 50 24 21 92 63 41 87 20 64 40 101 83 98 54 51 94 89 26 69 31 21 15 14 66 88 48 42 100 94 66 74 44 62 31 30 47 97 54 9 42 58 12 57 48 66 22 17 38 12 58 99 52 72 7 55 19 43 79 32 27 70 90 84 61 54 2 75 39 90 65 32 19 3 100 79 94 39 47 7 57 46 72 90 26 41 24 41 22 74 32 91 99 33 12 46 35 91 58
96 85 93 94 93 78 6 86 65 24 74 43 79 -3 38 87 43 36 49 25 12 -3 42 9 55 15 19 83 36 73 31 23 11 88 32 40 99 89 41 92 94 94 98 33 3 38 43 24 43 63 7 3 10 13 38 14 48 66 101 90 83 47 60 62 28 89 37 15 97 -3 73 39 44 30 40 35 35 85 61 20 86 43 58 16 62 25 25 21 20 60 39 52 51 92 38 11 97 80 6 28
76 22 34 70 52 100 10 15 27 22 14 7 41 7 54 3 101 82 21 15 10 11 60 87 62 69 95 63 78 33 95 96 91 36 102 59 84 74 78 24 57 47 35 80 34 93 50 76 91 29 96 11 39 12 60 64 38 23 25 52 38 32 17 48 10 24 22 90 44 57 101 8 83 87 91 30 55 37 32 83 99 63 101 45 25 74 38 19 70 2 28 100 75 72 88 4 94 14 39 23
97 -1 57 91 26 81 28 61 93 35 58 52 76 87 16 51 20 59 46 57 10 55 62 41 58 40 81 30 90 58 62 96 27 72 18 31 77 39 40 71 97 83 41 -1 74 16 31 92 82 57 72 16 91 5 30 21 9 58 18 61 59 51 59 72 9 27 36 55 21 76 62 15 54 82 35 22 76 72 39 83 53 67 37 18 68 92 80 69 86 15 69 2 25 36 59 71 11 16 61 54
98 17 91 33 101 29 65 55 64 39 69 75 87 29 32 77 87 95 45 39 14 51 100 2 48 77 101 66 27 25 84 94 82 84 28 71 59 79 71 16 99 16 30 30 79 49 62 7 75 27 89 42 23 51 21 7 22 15 87 73 23 10 102 34 86 60 55 61 90 82 84 21 42 27 95 59 36 95 39 86 64 13 3 43 29 81 81 90 3 98 81 100 20 9 10 2 95 25 20 94
85 6 23 72 81 17 95 50 67 65 72 8 29 39 3 37 22 29 75 55 57 88 15 85 93 22 17 65 17 46 63 30 66 10 17 24 3 16 51 49 97 33 6 1 61 67 65 94 93 91 77 9 35 35 34 95 100 67 92 54 72 1 61 50 26 18 53 19 72 75 18 30 5 63 72 19 54 37 80 84 76 55 4 15 67 29 51 6 33 11 22 71 85 90 93 93 83 40 46 95
45 83 67 37 91 100 65 11 27 31 40 72 19 38 99 14 97 26 41 52 99 67 11 69 29 13 38 64 68 13 44 98 6 58 78 98 64 44 47 68 66 26 41 92 83 26 39 31 18 56 52 62 14 89 90 16 70 35 91 22 25 46 40 7 33 15 78 24 61 94 82 47 92 15 16 98 62 63 75 50 60 96 47 64 41 19 65 24 57 19 16 41 59 35 31 20 80 14 81 81
81 69 84 66 54 9 96 93 29 37 90 72 80 36 60 67 37 28 80 63 20 44 4 53 81 51 83 25 91 49 67 9 58 -1 2 74 50 3 90 20 10 25 87 38 94 94 96 13 31 17 11 41 8 79 80 51 101 -1 35 32 37 85 89 77 42 94 14 96 65 26 86 39 74 16 91 27 18 25 33 6 25 -3 76 60 36 47 11 78 32 60 14 91 76 69 87 33 20 80 67 43
43 56 95 68 60 9 95 33 50 95 67 15 25 44 87 45 73 54 59 83 24 94 89 76 43 18 52 9 55 40 26 34 75 22 95 15 19 93 11 18 61 35 69 55 90 30 5 58 41 3 45 61 21 33 39 49 55 92 87 23 45 71 49 24 25 78 25 70 87 93 63 38 28 72 83 43 11 36 39 78 53 77 49 63 53 49 57 6 57 30 25 43 24 98 100 99 67 55 86 95
84 4 90 52 76 34 30 33 12 29 62 65 61 5 23 90 32 86 66 89 77 72 39 35 67 76 69 54 53 59 70 41 31 83 90 92 62 28 55 15 84 23 51 88 43 89 45 44 101 76 73 77 19 46 7 77 38 51 37 29 12 12 27 15 99 28 71 15 61 88 82 94 26 2 53 34 5 18 79 68 75 26 38 43 68 35 75 48 45 6 42 33 60 70 37 32 75 16 41 22
102 5 9 43 33 31 77 85 13 44 76 55 42 73 71 97 29 7 68 96 42 77 92 34 49 20 25 28 69 55 19 85 9 29 14 38 90 32 10 81 44 48 87 31 57 28 56 99 91 46 7 79 32 48 89 33 32 52 85 70 19 45 68 80 81 50 3 57 7 50 59 53 75 75 17 23 85 88 99 48 13 31 68 87 15 20 87 13 58 9 45 21 55 95 55 91 90 59 66 75
65 80 19 35 81 44 86 -3 57 27 2 54 33 16 53 35 50 64 68 58 87 14 43 2 56 38 39 89 2 52 66 88 99 73 64 44 71 34 31 61 55 58 60 69 12 57 95 28 49 28 52 48 39 57 42 4 56 94 82 81 32 72 59 89 99 20 61 34 41 37 18 58 17 65 80 4 85 36 77 3 84 36 14 28 55 74 52 89 59 22 77 35 14 41 24 20 31 95 13 26
53 94 94 18 76 16 37 13 60 43 91 43 33 53 53 49 97 85 95 63 89 42 18 79 101 58 30 99 100 13 26 35 42 6 49 100 11 54 35 62 16 49 6 70 42 30 55 97 57 25 81 21 55 40 75 83 90 80 24 28 19 98 100 18 48 18 18 100 39 56 16 66 53 41 75 16 18 24 11 81 10 33 22 79 55 42 14 5 70 75 46 73 15 10 46 74 71 88 97 51
19 81 78 10 46 49 58 70 42 -2 37 11 75 38 58 69 94 67 25 30 99 56 65 24 56 56 27 40 49 96 85 56 89 72 22 32 37 27 75 86 8 82 37 42 13 92 20 15 30 48 91 61 4 81 44 19 6 70 25 36 69 95 62 63 18 47 26 87 40 22 80 79 91 19 70 90 41 1 5 76 44 36 60 -3 99 29 27 49 98 66 33 5 90 46 73 30 99 55 42 82
84 10 62 91 34 82 64 26 78 10 91 70 40 67 69 84 41 47 55 37 38 70 70 11 6 22 58 56 50 33 21 9 71 15 68 31 62 67 38 50 9 86 60 73 58 17 67 40 100 88 100 90 32 23 20 31 20 99 85 95 50 84 56 97 65 100 63 95 27 65 62 35 84 60 64 96 32 27 85 64 61 12 30 36 41 71 6 10 56 13 31 45 100 9 59 23 3 39 95 70
67 10 32 55 32 55 2 34 51 10 16 10 46 66 2 30 56 18 76 -1 82 0 70 7 4 25 58 9 31 40 3 70 101 93 78 70 5 78 29 87 61 17 30 37 70 34 71 26 2 57 20 59 77 2 97 24 80 50 20 78 70 92 43 26 43 55 87 4 45 94 87 61 86 92 2 36 3 67 27 40 63 77 14 40 99 48 66 88 92 65 97 96 96 14 31 48 36 49 62 76
82 66 64 33 68 89 79 29 81 83 61 67 38 38 83 44 97 14 68 22 8 47 99 82 57 62 31 69 26 9 100 51 42 84 72 7 46 80 59 47 22 45 53 97 13 33 93 51 41 58 16 46 83 86 93 98 8 27 42 59 45 26 92 87 102 59 61 35 48 26 8 83 83 17 85 89 71 19 71 36 77 33 73 16 74 71 26 19 72 99 37 25 29 92 59 62 48 6 42 27
13 34 89 23 27 -3 79 35 11 25 42 49 7 71 94 31 64 62 70 69 28 11 5 77 57 23 99 68 75 65 54 -3 38 79 31 42 28 14 64 80 11 33 3 75 99 42 95 25 32 15 101 38 25 51 33 68 19 51 74 81 3 63 40 53 49 -1 2 84 91 9 57 32 92 35 3 62 11 88 48 19 24 3 88 66 15 55 2 12 100 88 6 6 18 63 54 72 95 69 30 0
6 79 85 37 35 54 69 27 49 27 99 60 74 93 23 5 15 67 15 70 102 70 11 91 44 83 97 45 72 69 32 6 15 18 14 35 93 62 43 44 48 41 14 32 26 18 63 66 96 82 46 25 74 79 48 30 28 93 69 2 67 72 76 38 20 11 21 90 57 56 49 98 79 39 49 43 102 12 10 24 94 65 19 21 90 37 5 29 71 90 55 14 32 94 67 81 101 25 79 7
27 20 87 27 77 91 46 91 81 24 100 21 46 45 7 85 27 76 97 60 57 49 31 67 75 21 57 75 67 39 66 82 16 54 49 23 100 38 49 94 12 6 35 20 54 73 61 16 88 82 101 74 34 40 98 7 92 5 82 86 35 9 15 3 75 77 56 15 5 73 53 4 42 76 22 46 71 69 54 53 39 12 2 -1 99 25 35 69 97 40 17 57 20 25 64 26 48 5 29 18
56 97 68 86 77 46 54 97 9 28 64 10 73 82 80 4 16 26 84 63 9 11 68 35 68 35 52 27 51 26 81 94 55 59 19 85 65 44 97 36 81 19 69 1 98 44 7 50 61 78 56 58 36 17 73 72 99 50 30 37 68 96 27 15 96 65 61 61 10 99 26 54 61 46 77 32 60 25 81 9 94 47 64 27 4 75 48 3 85 24 101 44 86 88 36 96 49 67 30 9
95 8 61 17 68 -1 77 68 73 55 78 66 43 33 80 76 101 1 41 5 49 11 81 82 41 37 87 11 60 6 4 19 56 72 50 73 85 61 13 77 94 52 34 83 33 40 17 41 47 51 21 12 91 90 93 76 3 33 71 65 88 80 9 82 47 4 57 42 89 -2 84 45 3 95 44 44 19 21 38 54 92 49 81 26 30 64 72 73 70 9 95 59 55 5 24 70 66 12 91 70
15 25 75 61 25 59 93 75 61 94 82 98 36 83 82 82 87 41 10 47 3 88 37 13 29 50 41 98 78 86 54 98 40 49 98 94 64 45 10 39 11 46 27 24 72 85 6 8 79 86 14 79 69 23 98 83 30 46 21 65 75 91 7 30 102 82 78 31 77 65 49 8 39 5 72 57 64 77 47 51 45 52 100 10 30 100 8 39 60 72 98 59 65 34 77 72 32 44 51 5
52 23 90 15 67 89 39 72 40 7 17 81 96 84 2 81 36 27 33 31 57 18 95 53 75 3 71 56 13 0 85 61 36 49 73 66 48 25 14 35 12 38 87 66 89 -2 15 27 60 82 20 16 80 16 71 58 89 75 35 16 74 46 39 66 64 22 45 40 46 47 94 30 24 28 40 19 26 29 53 62 43 47 63 67 10 50 85 63 3 8 14 61 97 72 32 0 29 52 41 46
66 61 78 55 20 73 60 29 78 61 41 27 78 10 94 50 82 35 98 38 11 91 58 5 55 2 48 19 72 76 95 98 88 99 65 94 45 38 40 58 32 27 25 25 6 50 98 86 41 81 86 26 12 95 40 84 69 7 56 4 93 60 57 92 40 40 95 71 62 58 23 22 72 94 16 24 49 93 58 87 21 28 89 4 45 81 8 52 6 6 71 76 99 69 58 51 92 16 102 76
100 13 55 48 69 18 47 42 60 48 21 65 55 59 79 25 47 90 55 41 80 25 20 92 58 10 81 48 70 55 94 48 27 79 77 92 18 65 67 0 3 11 87 13 101 83 57 19 41 5 21 2 95 40 49 11 2 52 74 1 3 75 67 78 44 50 29 46 74 19 51 48 49 41 27 58 98 88 67 86 36 88 6 15 6 95 47 32 30 20 67 41 87 55 29 18 4 29 90 1
34 54 39 67 12 19 24 98 50 78 47 49 67 87 32 79 101 79 97 11 54 54 37 54 83 73 62 46 64 33 34 28 33 91 96 54 93 79 40 7 26 84 93 95 52 28 98 76 19 7 48 56 61 65 79 5 28 39 102 16 48 97 20 61 71 25 11 76 65 15 7 20 97 49 58 86 75 78 97 10 83 53 23 94 7 45 16 34 88 87 48 88 54 47 97 50 62 42 97 7
69 68 44 -2 84 89 71 49 98 88 23 29 64 73 39 18 29 73 23 30 14 53 93 25 64 63 45 89 5 64 38 11 48 76 100 51 50 28 80 35 91 -2 30 7 69 90 64 -2 86 76 89 73 50 18 84 66 100 89 33 16 90 51 52 59 93 8 16 51 91 3 22 50 91 31 96 9 47 63 87 78 23 71 84 52 34 30 97 71 88 43 101 89 13 75 74 38 25 60 22 4
80 47 18 67 89 42 28 26 32 20 20 34 61 83 74 62 57 94 52 44 59 81 74 34 35 71 77 22 95 62 51 34 10 54 91 15 33 70 77 93 99 78 24 23 13 44 41 71 16 53 39 34 63 53 95 74 46 71 100 38 12 92 75 75 88 7 14 38 66 41 93 79 60 38 64 1 22 56 45 71 22 33 80 9 24 32 88 33 74 2 23 87 95 59 84 26 30 3 78 40
84 69 95 56 64 48 78 19 28 45 98 1 7 65 6 8 8 12 41 16 5 72 46 61 53 63 65 89 94 11 86 73 22 6 70 29 45 46 87 81 60 74 72 37 72 86 74 60 19 83 18 55 33 21 12 12 86 19 29 77 43 68 73 64 57 84 90 59 75 72 9 -3 43 33 22 65 54 3 84 83 16 80 91 38 33 44 34 12 9 70 42 90 11 71 51 24 45 22 68 34
58 57 21 86 49 10 47 18 21 40 51 56 67 4 6 5 62 94 67 76 11 56 102 74 26 25 78 31 81 32 27 67 32 89 27 78 50 35 61 5 83 65 74 68 14 28 58 30 80 65 90 70 24 81 20 57 22 89 51 97 77 43 93 86 20 59 63 78 17 100 6 6 44 83 56 43 70 68 15 70 5 40 28 95 35 43 46 54 11 79 32 1 81 92 28 5 78 80 23 20
31 55 72 43 66 16 25 41 45 41 42 1 81 29 82 41 6 43 4 58 54 60 83 8 99 84 69 61 89 57 6 57 27 78 61 23 63 45 99 31 87 84 68 8 86 66 96 14 32 60 64 92 71 0 47 46 64 32 6 29 77 91 100 95 52 13 57 61 17 28 65 38 56 54 68 69 46 86 45 44 12 13 26 41 68 8 31 71 12 63 76 7 36 71 72 11 59 81 34 64
23 99 84 59 18 1 72 98 91 77 51 56 60 86 46 58 97 33 35 97 94 9 89 80 100 36 3 42 26 5 85 27 56 40 26 71 65 21 3 78 25 9 12 33 20 35 68 48 29 57 87 12 9 67 71 61 21 22 32 55 84 30 74 38 65 31 27 2 69 80 38 63 32 39 79 42 33 74 96 29 70 54 26 65 63 42 44 4 91 71 38 87 95 20 18 47 91 75 71 87
41 20 90 54 92 94 34 46 4 34 84 68 81 30 82 27 52 58 15 2 69 34 35 74 36 32 90 15 8 77 93 69 42 27 21 53 38 19 9 79 9 88 57 84 44 21 9 28 75 47 10 41 53 25 7 29 15 53 46 33 97 51 23 34 89 87 77 87 25 5 19 -2 22 61 44 30 33 90 19 66 60 8 10 43 56 69 45 19 7 20 83 16 31 23 26 43 12 -3 45 -1
El programa tarda 9 milisegundos en ejecutarse.
