50 50
65 97 42 88 20 42 11 75 90 35 23 71 97 65 10 98 78 73 57 18 5 6 56 53 88 94 66 19 45 32 57 91 31 41 47 84 64 22 53 65 37 24 67 46 12 98 56 52 4 29
6 17 26 73 78 75 23 60 41 30 59 93 28 53 22 63 33 21 6 15 81 60 90 0 59 35 89 11 48 81 54 93 11 61 17 17 2 86 43 36 39 31 22 57 34 61 42 51 24 32
32 17 47 78 21 44 0 21 51 44 13 84 16 75 61 48 36 84 53 31 63 60 29 12 7 12 9 6 37 55 59 18 22 96 17 5 38 7 12 2 1 96 13 66 23 54 30 46 86 13
15 70 82 23 74 8 75 9 72 61 6 51 31 13 56 85 73 40 89 31 87 10 35 84 54 48 71 54 23 81 31 42 43 41 9 7 88 40 92 25 43 3 28 39 57 84 46 14 27 78
3 3 61 73 80 19 6 98 61 56 64 41 44 48 96 41 7 51 28 82 87 57 83 51 15 63 68 52 91 49 72 1 46 33 11 86 60 14 61 83 62 28 99 17 76 9 94 47 66 35
0 54 25 39 60 43 94 56 32 41 65 73 51 13 10 55 86 18 80 9 9 54 6 86 26 58 46 86 3 49 6 2 4 32 6 85 35 21 5 12 92 45 18 80 56 80 18 51 48 40
43 33 38 53 3 75 52 55 70 38 43 11 92 89 87 94 94 55 81 56 38 79 38 32 12 1 45 13 66 7 52 77 87 77 65 40 83 77 73 55 95 55 23 64 86 97 35 82 66 49
21 91 81 82 98 60 75 52 91 65 78 86 45 88 47 3 85 56 62 46 78 91 76 20 98 13 22 78 84 97 90 22 94 6 99 67 55 27 88 5 53 53 94 32 86 68 46 70 54 98
34 62 82 43 69 97 54 79 99 49 58 9 22 28 43 18 44 70 95 42 85 92 70 16 77 95 0 74 8 93 82 29 86 17 80 22 48 40 17 58 5 31 26 4 36 87 33 94 76 15
69 21 93 24 87 82 55 84 51 84 95 21 72 7 43 23 29 83 54 28 83 12 66 16 94 44 73 77 88 98 23 34 89 13 83 39 96 73 71 43 40 69 69 40 62 45 31 41 51 53
60 30 84 79 21 50 16 60 17 51 59 60 59 11 46 41 54 80 9 26 79 53 31 1 85 7 9 87 69 45 67 96 69 85 63 11 13 55 27 71 95 81 8 67 3 53 53 80 43 90
56 51 47 57 98 77 2 99 91 19 87 1 50 94 33 20 90 38 19 60 11 20 5 23 32 87 56 85 14 49 52 36 3 94 95 15 2 78 18 98 29 0 69 74 5 61 95 81 91 54
93 73 80 40 65 9 95 7 49 73 13 35 9 58 1 50 55 79 90 40 39 94 46 15 13 65 78 69 62 95 9 31 39 65 95 49 89 69 97 6 23 66 39 41 49 43 57 78 55 91
17 64 65 13 43 59 29 64 84 19 99 58 87 55 14 84 94 60 90 65 62 46 36 67 23 57 21 23 27 57 32 17 96 38 1 75 96 42 55 36 61 15 48 45 76 91 44 98 60 27
3 68 54 95 89 31 6 57 20 98 41 57 65 93 77 96 0 71 92 23 95 31 57 79 71 43 70 66 73 56 5 8 38 42 18 66 80 82 39 19 45 86 46 44 35 3 38 91 23 69
74 62 85 11 26 86 22 18 66 88 42 79 84 54 54 67 42 87 86 62 93 77 79 95 82 1 11 82 16 5 28 44 24 7 92 11 67 18 43 96 41 79 79 72 27 29 62 76 51 99
63 97 6 87 98 23 72 79 63 40 53 68 85 33 62 93 20 25 75 57 78 77 71 38 24 65 7 48 49 28 16 69 78 97 51 29 4 79 47 74 90 19 74 20 11 14 72 81 62 9
24 86 23 67 56 31 80 76 23 44 31 97 0 38 61 73 28 26 80 35 93 23 90 61 79 84 38 9 61 9 57 14 70 28 94 46 82 2 83 1 11 55 25 89 21 88 86 84 83 92
72 97 18 34 36 19 77 70 98 20 31 76 87 50 84 6 21 48 5 8 97 29 87 45 56 85 40 34 73 7 51 2 99 4 52 34 93 77 27 5 36 75 80 46 94 61 6 25 68 72
61 88 45 79 99 43 76 9 77 50 20 33 23 94 81 53 68 43 48 5 17 85 51 16 36 84 18 39 27 83 76 24 94 44 47 64 23 7 21 20 53 3 52 87 39 85 0 46 27 74
76 34 61 54 58 98 3 5 66 52 93 4 38 70 22 58 0 84 69 16 82 29 51 29 4 71 9 23 81 64 46 62 19 58 26 4 75 22 42 63 3 7 36 1 87 30 17 28 72 37
21 85 9 40 11 25 25 40 52 53 95 63 3 8 3 63 78 10 41 89 74 53 68 29 31 55 20 82 13 30 27 56 97 7 35 19 40 67 6 93 67 22 0 4 48 60 65 74 58 74
47 78 3 42 16 70 73 29 39 3 41 6 70 78 37 19 29 86 54 53 33 93 25 94 89 96 57 9 22 36 83 13 6 55 73 28 85 42 88 1 26 26 88 78 23 32 13 90 69 33
44 75 66 16 86 99 76 69 99 15 50 14 65 54 39 97 45 19 85 77 58 25 31 31 78 83 19 50 68 39 47 64 65 10 46 18 46 9 6 78 32 60 97 18 68 68 88 53 96 41
18 5 81 10 98 52 86 39 30 9 77 75 90 64 49 40 22 33 99 27 82 21 29 18 18 59 76 19 54 17 50 69 17 67 48 37 5 14 66 28 9 95 34 63 13 92 50 96 3 91
34 16 24 90 17 58 34 20 94 46 61 40 28 82 15 44 52 88 36 94 14 14 66 93 62 16 98 96 3 27 41 66 55 45 54 45 54 72 19 62 73 63 46 55 29 45 32 20 15 7
75 9 48 76 66 95 54 7 89 57 17 92 32 42 18 55 97 10 23 19 8 50 61 89 70 32 28 17 98 57 47 88 24 23 20 72 50 50 29 14 22 55 92 80 46 16 5 65 20 1
52 3 35 3 74 1 56 60 6 81 87 11 24 76 52 88 48 30 84 18 24 83 75 64 53 57 81 9 13 86 84 69 63 75 92 71 96 12 55 51 1 99 90 60 94 12 60 0 74 54
32 65 3 19 44 66 22 29 43 21 74 74 30 78 40 55 14 39 6 75 32 68 89 96 3 63 8 83 77 90 50 67 52 75 95 4 42 94 2 39 48 92 98 97 81 2 30 85 88 50
23 8 82 81 82 64 45 45 78 14 81 30 45 72 21 89 56 33 28 1 96 88 51 6 42 36 79 47 56 0 92 59 85 52 65 50 56 96 98 0 53 72 43 73 77 39 81 70 53 86
56 52 44 73 4 4 99 5 43 3 74 32 52 11 44 46 72 23 8 39 75 31 27 3 95 13 77 18 12 94 82 13 49 39 90 63 29 37 22 97 43 13 34 35 26 39 95 32 11 72
26 79 10 1 69 92 29 70 67 77 32 60 96 54 6 26 71 85 27 27 61 58 17 77 82 31 20 93 20 82 24 43 0 43 77 19 81 46 9 2 73 63 16 31 76 75 21 13 33 52
4 73 36 84 98 70 81 89 18 92 66 50 22 42 41 36 29 49 73 3 24 39 54 92 46 99 11 40 37 33 69 97 26 62 29 41 70 95 54 26 43 97 43 55 50 31 41 90 66 42
75 71 52 48 67 61 84 74 12 97 23 66 86 51 0 22 98 14 54 53 60 26 45 20 50 78 74 67 44 54 24 92 64 79 57 17 44 84 70 97 52 93 72 80 93 28 72 85 26 78
13 44 83 99 8 43 21 95 97 49 53 93 95 22 18 71 9 63 5 54 43 81 22 20 29 3 17 53 64 90 85 94 83 89 62 47 88 73 2 27 95 4 55 22 67 89 3 8 26 73
92 36 88 73 22 76 42 10 45 98 23 98 32 33 34 82 31 71 71 21 50 22 80 88 75 65 91 19 69 6 47 64 24 72 14 44 71 56 37 45 83 56 0 39 23 22 46 56 91 92
60 98 56 54 92 16 53 32 69 65 90 96 24 65 85 25 46 5 46 72 19 59 53 31 55 83 60 16 22 91 8 4 83 46 97 53 7 18 43 28 78 88 14 8 42 32 28 38 50 42
40 86 96 82 4 61 87 35 57 95 18 29 35 46 32 89 5 61 80 19 48 82 2 66 44 76 67 85 14 23 80 85 52 85 35 10 51 59 88 56 35 85 99 30 54 5 18 10 73 3
7 44 65 7 8 29 47 80 9 64 66 72 55 94 99 65 32 27 45 80 18 6 37 7 22 39 50 40 62 49 76 0 12 45 66 79 30 12 79 0 24 20 57 97 49 74 50 48 18 42
55 22 15 17 74 49 44 89 8 31 1 34 19 89 62 58 1 42 89 42 47 4 28 24 13 92 21 14 90 26 81 65 91 36 20 89 90 59 54 22 34 55 26 33 12 79 3 83 23 43
34 46 83 54 45 1 54 17 57 51 7 22 18 88 39 77 32 8 60 71 27 40 97 87 38 26 74 31 29 89 42 85 9 80 56 43 75 97 45 17 48 61 2 83 13 12 28 67 87 92
1 52 10 75 7 24 41 10 48 58 62 43 3 10 44 93 96 53 88 58 87 55 84 70 27 97 33 84 19 94 63 62 24 72 28 92 5 36 43 26 61 57 73 64 87 6 71 2 56 41
46 45 19 74 78 95 48 31 60 65 19 28 6 38 92 2 17 7 90 39 98 10 89 59 17 4 39 35 65 8 88 47 46 70 57 90 15 9 29 1 38 24 25 65 88 58 22 33 76 43
58 96 63 67 63 9 95 52 21 95 14 24 50 29 90 56 50 97 21 28 48 56 50 54 83 97 83 24 97 31 58 95 81 46 87 79 88 66 46 65 88 96 6 33 37 23 79 23 64 11
66 28 27 0 16 14 83 4 75 73 12 99 69 35 97 48 14 24 99 38 56 22 93 67 49 75 37 27 34 99 90 30 82 80 1 29 25 98 71 75 79 71 42 81 3 32 35 59 26 34
26 29 3 4 11 93 8 49 9 10 39 58 81 21 14 18 3 0 80 24 91 51 4 36 34 81 3 4 59 34 99 67 4 17 11 97 95 63 78 50 92 48 12 78 6 33 91 28 70 18
79 55 49 93 27 79 25 10 36 86 40 52 90 13 89 64 47 26 50 57 69 27 33 82 98 29 37 38 24 58 90 54 10 40 1 76 98 81 86 60 6 36 54 65 45 17 9 37 30 5
38 52 29 62 43 3 91 83 57 86 30 62 54 85 81 80 72 9 70 81 90 98 83 50 98 72 37 31 43 63 70 19 6 50 79 83 81 59 78 52 92 0 77 63 49 59 71 20 91 79
50 1 4 91 60 18 43 22 26 94 14 11 33 31 36 39 83 93 52 96 5 46 73 85 61 40 68 90 3 70 61 18 82 92 9 50 38 94 0 35 41 30 18 90 26 6 21 69 40 32
46 11 77 61 17 66 99 43 46 67 49 44 47 97 49 0 39 5 30 94 19 57 93 77 70 81 14 73 74 63 99 54 87 39 75 90 35 53 56 34 22 98 52 27 88 49 2 66 56 98
