50 50
10 50 6 9 19 76 44 43 48 84 25 58 89 15 3 87 69 17 79 96 46 29 55 16 23 47 84 96 58 32 7 31 69 47 96 7 99 76 82 38 30 32 87 93 16 19 49 18 7 85
37 14 73 55 87 34 86 15 55 13 15 85 62 71 1 1 30 92 22 93 60 76 32 40 56 80 56 65 28 34 54 13 9 32 20 66 99 23 69 18 41 98 77 54 0 10 78 61 39 71
97 14 79 84 82 85 66 93 41 20 9 54 22 74 56 69 86 68 27 40 87 88 61 39 62 50 37 44 58 85 59 90 45 33 88 82 65 50 68 10 33 89 84 99 73 45 27 34 97 84
11 19 28 41 40 9 88 8 80 87 20 85 96 84 37 23 8 4 61 38 8 26 70 53 8 76 69 70 40 86 58 41 42 15 6 97 0 80 32 42 68 69 25 8 32 58 54 45 86 65
14 1 37 81 38 29 50 93 42 48 97 27 28 91 17 70 42 30 77 78 8 18 48 61 1 35 47 90 83 78 71 35 22 2 38 28 58 54 82 95 92 50 17 16 20 52 38 9 67 35
65 51 78 50 68 24 53 10 69 58 21 71 19 49 55 91 82 9 13 0 86 30 13 55 4 14 29 76 20 58 50 24 83 65 82 26 2 85 99 90 46 95 20 26 16 35 96 19 10 70
91 7 87 31 38 18 28 45 80 39 37 89 53 44 70 29 95 53 91 41 29 23 49 64 51 99 37 75 6 71 39 95 51 46 12 34 11 53 40 88 6 62 81 88 10 28 2 41 13 36
19 74 93 47 94 66 85 35 16 82 17 18 89 62 23 4 75 12 87 56 8 96 50 50 57 48 31 61 35 56 52 72 7 14 6 20 91 63 14 16 56 10 49 8 42 31 23 93 83 40
54 35 79 31 87 61 94 89 30 77 71 91 90 74 33 3 88 70 19 35 87 49 49 81 50 66 23 52 1 90 73 80 79 80 63 34 78 98 87 2 82 78 58 38 16 24 81 3 25 71
26 58 70 63 34 46 64 32 2 1 8 97 69 97 84 52 52 16 45 25 64 17 97 82 97 20 16 38 11 14 49 47 53 4 42 43 72 64 21 19 28 35 91 25 65 94 41 93 49 70
72 12 69 97 29 91 97 54 81 75 53 31 52 95 82 74 99 84 49 7 56 93 82 84 17 7 34 74 97 69 33 15 32 99 86 58 3 87 34 54 37 50 32 16 21 41 12 47 99 71
4 95 45 82 61 52 10 31 64 30 18 34 48 61 33 91 73 12 66 53 49 52 0 93 13 95 98 13 57 60 25 84 80 48 79 11 78 59 27 6 12 57 68 16 10 98 1 75 27 35
73 18 64 43 66 12 69 90 65 44 72 11 69 25 1 72 49 56 99 94 50 45 93 89 99 36 48 14 77 60 76 61 83 29 25 59 9 1 81 63 53 1 0 89 50 77 79 61 69 31
94 6 5 76 86 60 81 42 65 36 41 47 95 4 95 42 71 66 18 56 58 93 80 31 49 23 51 83 36 31 9 92 20 7 10 78 66 96 46 77 22 93 68 19 42 96 98 48 28 82
54 30 84 78 9 44 88 66 80 46 57 77 69 74 24 11 39 42 67 22 59 66 54 8 98 60 26 62 49 15 25 31 31 1 87 59 35 10 75 91 61 66 73 50 69 46 77 91 22 59
61 4 20 32 4 15 44 97 97 10 82 58 36 8 24 74 37 67 93 88 5 27 48 88 55 69 61 95 27 66 61 30 71 11 86 34 85 99 9 66 59 51 31 36 52 82 0 2 66 2
97 78 81 6 62 89 51 48 77 33 80 8 79 99 1 0 14 30 67 60 45 7 10 43 89 75 73 11 77 39 16 34 93 95 18 45 53 74 28 56 89 30 6 77 82 18 97 31 41 69
91 7 24 77 11 58 83 5 22 97 2 7 9 23 55 74 67 48 90 15 58 94 6 75 71 82 64 33 31 4 76 2 4 71 42 97 69 79 83 40 93 53 65 0 42 73 85 94 59 33
76 97 17 6 88 53 88 63 16 91 7 21 24 24 17 46 42 17 59 18 25 68 17 99 24 6 11 7 55 30 86 86 82 7 12 5 89 60 3 3 78 81 97 75 38 37 2 55 67 6
60 57 68 72 56 87 67 53 54 65 63 33 98 43 16 30 34 37 19 29 98 61 6 93 1 61 85 39 91 44 33 75 19 21 75 76 19 49 93 87 26 31 21 27 23 85 6 84 36 53
41 92 21 31 68 0 25 13 48 37 23 92 35 14 45 68 14 17 6 63 15 68 90 83 65 38 25 75 17 73 34 24 87 63 42 28 59 78 97 71 50 89 3 55 67 61 20 11 87 38
78 58 1 91 45 66 88 46 69 5 88 69 37 66 93 45 35 96 54 34 97 63 95 66 84 32 78 95 42 60 85 8 47 28 21 40 66 95 3 59 28 76 94 13 97 99 75 61 81 45
68 69 12 20 50 40 86 54 44 54 85 91 69 70 98 85 37 59 77 79 28 20 1 5 39 48 88 29 14 16 2 6 59 67 29 15 36 4 29 1 72 74 97 41 70 10 27 29 7 48
50 68 92 28 68 47 63 72 5 54 73 75 13 20 43 4 34 23 52 3 94 43 22 61 8 26 20 52 14 43 14 90 22 36 78 93 61 51 85 19 98 93 43 76 3 45 37 83 51 12
25 4 12 5 63 77 72 84 7 80 10 18 30 99 44 70 76 10 62 39 66 63 19 47 3 60 45 92 36 95 3 50 82 83 76 57 44 64 33 46 53 80 64 99 93 93 52 6 71 65
32 10 95 47 0 74 17 29 21 81 99 8 87 49 46 40 75 31 97 83 14 28 16 16 58 56 16 92 62 73 55 56 55 66 4 40 59 2 47 29 81 31 75 76 91 24 58 38 59 62
64 80 31 50 23 20 77 81 19 41 91 67 59 51 18 64 7 16 22 56 97 59 20 65 44 74 25 80 31 65 23 52 47 81 36 81 21 14 6 12 83 61 4 56 16 58 5 98 62 56
81 15 79 1 88 45 87 62 79 28 16 26 23 63 82 7 80 6 58 57 42 77 40 21 88 1 46 32 23 2 59 82 66 95 1 84 19 36 83 66 6 17 0 58 6 29 43 19 0 23
85 15 42 70 70 35 41 10 63 99 54 74 36 11 54 54 89 59 85 82 26 96 32 4 35 64 79 2 65 83 40 59 86 55 90 42 43 90 0 7 14 9 26 32 16 30 90 23 24 13
78 24 72 75 92 36 79 83 93 13 97 62 86 14 32 66 88 30 67 89 85 40 37 10 13 95 66 8 43 65 12 99 14 30 7 7 83 63 72 75 52 66 77 35 34 30 61 4 75 98
77 28 69 97 49 54 61 80 95 20 82 50 74 96 68 55 39 55 53 78 33 39 54 51 34 39 78 87 80 64 71 12 40 95 75 66 54 19 35 36 59 6 80 72 60 88 23 26 25 60
6 78 84 48 51 87 11 35 27 20 94 75 45 39 85 90 98 2 76 66 96 94 1 47 39 68 95 77 55 50 8 71 38 54 95 15 36 88 19 1 40 63 64 19 8 61 64 78 49 31
24 8 96 45 18 73 47 83 43 12 38 52 92 11 95 98 60 85 55 48 11 51 98 16 81 77 28 33 29 60 30 74 77 22 8 46 45 90 48 51 98 49 74 30 32 58 57 48 92 42
42 67 85 73 90 44 71 99 80 45 45 70 26 98 88 64 70 45 73 37 53 94 3 32 48 44 59 60 45 43 47 56 84 83 6 2 27 90 27 2 5 27 18 2 29 90 28 31 65 36
81 65 61 63 89 5 10 22 19 68 58 19 71 44 7 39 61 6 85 22 61 88 11 64 54 57 83 59 39 31 12 39 6 43 13 88 41 38 80 95 48 1 29 12 77 56 85 80 33 9
66 4 81 87 88 48 40 16 54 57 24 88 1 97 28 83 72 60 94 92 76 57 60 28 7 4 35 95 80 59 1 30 93 82 99 35 50 48 51 40 31 34 54 67 32 13 83 2 23 40
43 99 74 52 76 81 72 82 0 51 3 87 68 51 20 13 57 62 2 7 84 91 39 10 5 25 97 95 3 96 1 88 91 67 87 78 59 91 62 23 60 70 0 93 11 9 74 2 83 14
40 63 14 84 96 76 19 92 74 40 77 48 42 21 10 18 69 26 89 48 35 14 7 38 63 15 55 14 23 71 68 1 60 1 76 56 72 19 87 66 56 34 43 56 64 93 37 44 45 38
57 88 54 81 34 0 71 19 78 92 61 57 72 67 7 16 71 70 96 73 62 45 96 81 99 88 67 2 86 87 72 92 83 5 91 58 61 94 46 38 32 49 23 28 51 83 41 19 99 34
71 92 90 78 84 57 41 64 59 20 94 51 11 9 65 84 66 70 78 21 46 34 98 68 30 26 13 68 31 53 19 51 21 53 75 38 45 88 27 58 13 53 84 34 42 91 40 65 2 50
22 30 71 97 59 22 49 38 95 37 70 43 27 95 64 78 63 27 65 52 66 28 40 18 59 85 87 80 88 29 9 73 75 32 2 53 3 19 86 88 68 68 24 66 64 4 6 85 49 3
38 10 31 72 92 52 18 85 69 38 48 5 97 20 81 43 66 7 48 67 99 59 69 0 95 51 50 10 65 67 16 30 43 56 98 9 93 43 94 60 91 63 59 12 2 68 2 45 18 12
92 69 39 33 49 51 15 95 39 83 15 84 95 53 39 95 6 80 88 83 27 10 45 18 35 15 51 96 82 74 56 55 90 40 13 61 54 68 65 19 4 5 57 98 47 5 96 51 51 81
20 57 50 66 39 96 57 14 46 31 53 39 54 76 55 45 79 59 34 90 19 31 39 70 16 13 78 29 37 90 95 17 36 42 8 77 52 96 95 53 66 3 53 55 30 6 82 72 53 24
66 50 9 29 96 9 63 59 68 31 18 77 5 81 12 40 98 15 18 43 47 59 8 37 73 13 27 36 4 22 57 78 9 93 21 19 43 34 59 85 40 56 24 49 19 59 5 37 37 10
30 15 17 0 43 67 34 65 29 6 59 24 79 41 86 21 13 66 38 15 29 90 36 93 94 26 31 61 30 82 55 3 70 4 0 73 96 67 80 40 94 18 0 82 65 19 85 64 54 62
48 78 55 69 34 97 73 32 7 75 67 96 5 35 65 2 10 12 64 21 4 84 18 82 16 36 31 27 90 75 98 25 69 27 1 89 80 42 81 53 22 46 82 98 14 53 66 9 22 29
38 6 96 20 23 79 84 63 8 30 32 51 72 23 94 94 56 90 48 2 17 12 23 80 83 66 41 40 58 70 38 71 71 6 12 43 66 51 43 84 3 15 73 78 99 14 86 14 4 11
27 45 82 73 18 79 0 19 74 77 85 29 87 7 56 50 76 30 78 18 99 15 89 83 6 1 37 28 92 19 27 36 31 66 27 73 91 88 80 19 42 24 11 21 40 41 41 74 1 81
25 18 47 30 22 65 83 21 46 55 72 66 18 75 35 35 29 68 36 82 21 6 61 26 93 75 58 45 53 9 36 82 95 73 24 54 81 73 74 13 87 72 55 83 33 58 30 78 89 19
