50 50
93 57 77 65 73 74 34 76 98 30 53 26 10 86 21 42 41 30 12 50 77 65 27 24 93 50 11 86 55 35 38 40 78 41 57 24 97 99 24 24 67 94 46 1 12 28 21 44 78 44
79 87 99 30 38 91 65 69 90 8 20 68 73 34 10 54 64 89 47 23 9 12 61 37 43 43 34 29 4 16 83 56 29 33 96 4 9 5 14 67 59 69 92 67 75 9 41 8 90 41
53 27 28 62 29 14 22 85 86 59 37 40 87 14 57 28 66 14 88 3 43 78 63 75 81 42 41 79 55 80 93 29 91 99 47 10 2 92 79 41 35 89 38 81 5 42 0 50 76 48
25 77 85 88 91 65 75 79 53 60 73 89 61 67 34 91 21 38 98 90 97 66 62 3 50 80 42 36 15 35 27 19 54 12 25 87 67 83 18 69 65 72 70 7 96 68 33 0 91 26
53 34 38 47 45 38 38 68 33 70 83 14 40 60 1 57 40 35 48 83 2 58 9 66 31 77 35 0 11 76 97 43 75 45 66 6 73 41 13 5 6 48 29 83 78 43 5 25 66 64
64 44 92 20 36 78 23 75 81 63 3 50 18 51 28 46 88 46 71 62 78 45 65 62 75 98 79 24 79 10 95 97 70 28 68 58 70 99 91 82 70 94 95 93 44 35 34 95 29 2
67 65 3 20 5 83 19 87 28 11 85 31 88 95 29 44 0 30 1 84 88 93 60 99 13 99 63 68 7 51 19 35 72 64 20 63 47 83 31 96 40 57 41 6 24 32 22 54 41 98
86 76 20 37 43 7 18 86 77 87 6 52 20 38 88 87 50 38 1 67 83 55 78 80 47 47 61 88 79 92 50 3 93 55 22 40 81 47 36 31 48 6 16 25 68 74 42 65 45 13
52 48 97 70 94 6 40 76 38 73 31 16 38 67 54 19 57 95 76 56 10 28 60 45 52 24 40 37 47 41 65 40 73 27 23 42 94 38 76 77 84 75 0 79 40 14 55 83 42 71
51 8 80 64 14 91 96 88 51 38 82 9 75 78 60 21 39 7 25 53 28 60 65 28 3 27 9 27 46 6 93 37 68 69 80 30 40 79 44 24 76 17 6 80 66 25 96 92 74 5
92 14 20 61 56 15 80 25 39 14 73 42 5 19 66 75 71 52 43 1 91 18 89 75 84 66 7 86 35 21 66 70 98 21 80 61 26 84 58 4 10 17 41 21 46 75 21 40 90 44
69 37 39 69 37 42 55 91 11 63 16 96 30 51 9 74 18 32 62 99 29 35 61 31 0 43 84 99 40 82 29 92 92 16 22 49 35 54 5 33 38 64 0 25 65 51 43 71 29 4
12 11 57 29 83 56 51 11 39 52 69 81 36 60 37 98 64 85 81 75 87 85 18 49 31 81 74 95 87 27 25 65 48 52 13 55 44 74 87 81 50 9 33 57 45 23 16 77 62 72
6 22 46 41 95 89 21 66 22 25 33 12 88 79 65 63 30 96 34 45 48 37 82 46 3 74 25 18 99 23 88 7 39 33 82 10 2 58 67 2 6 13 48 29 45 33 95 35 83 19
32 36 9 96 46 35 78 74 61 32 0 32 21 44 7 53 31 54 60 45 81 45 57 6 59 0 80 4 54 85 1 70 11 69 92 30 47 77 5 27 53 4 1 13 3 86 47 39 78 49
98 94 58 29 69 91 73 87 56 58 5 51 97 4 49 98 96 21 65 54 11 12 47 56 86 94 19 87 60 5 85 75 2 69 59 27 47 92 11 39 71 71 56 13 23 32 82 5 62 39
46 6 71 23 85 55 11 56 1 91 72 74 55 26 88 45 24 48 82 82 79 58 37 69 73 43 55 89 75 31 56 37 32 35 95 99 81 86 98 92 64 91 35 71 11 49 2 15 9 47
56 28 55 91 88 4 29 76 98 41 15 20 81 88 10 37 41 78 29 66 46 86 54 11 42 31 10 6 36 38 46 68 62 57 1 55 0 47 67 4 21 0 33 99 10 25 81 47 53 74
24 69 77 25 34 19 75 34 71 63 83 96 35 11 63 51 10 73 56 9 96 3 11 80 52 75 48 29 66 24 27 89 19 87 0 31 89 58 72 69 37 1 6 89 49 21 57 60 64 51
15 85 7 75 56 66 57 63 15 21 28 55 95 35 0 10 2 16 53 9 25 17 59 54 38 44 75 4 90 48 29 63 24 28 19 24 55 15 91 33 60 94 19 75 43 94 90 30 69 70
68 73 94 65 2 72 1 59 76 67 72 58 67 80 40 39 43 50 46 76 77 86 92 65 57 30 44 93 75 78 22 63 65 79 60 40 84 8 57 61 75 87 32 7 75 3 90 93 78 73
63 43 64 54 45 48 24 49 29 16 58 72 87 83 68 24 85 69 27 31 81 4 69 96 95 0 55 41 46 80 30 78 24 26 95 29 59 60 92 49 66 25 33 8 84 92 22 27 14 68
46 64 56 73 65 4 81 73 99 99 32 78 51 90 30 49 10 5 91 44 70 64 82 24 94 57 46 8 54 16 92 53 59 46 98 32 44 32 31 62 6 1 50 48 12 68 6 75 60 63
53 22 79 97 96 29 56 4 59 14 51 36 8 72 16 20 5 81 43 84 58 95 19 30 37 53 90 28 48 55 60 61 69 72 53 99 85 82 10 98 29 90 64 87 65 69 59 44 23 52
73 35 24 7 98 0 40 5 94 90 14 0 53 67 62 30 62 73 70 74 0 41 73 73 41 77 76 72 9 32 55 17 49 45 40 85 99 46 24 36 0 52 26 79 12 5 65 17 59 98
31 4 28 84 36 37 80 15 82 0 71 12 72 30 59 5 90 35 97 49 1 90 24 81 6 46 59 32 53 88 60 89 48 57 77 70 33 4 14 13 97 0 69 20 69 93 44 96 86 71
23 74 80 47 15 43 28 83 9 36 8 10 38 70 58 7 65 79 13 72 11 23 78 10 5 4 34 42 16 85 40 36 29 40 49 67 71 44 5 79 46 64 98 66 50 79 48 51 26 19
54 80 9 98 19 45 42 69 47 61 89 40 69 45 78 18 80 61 82 5 93 27 16 70 96 80 85 96 68 61 8 27 79 85 70 76 72 5 13 38 3 24 46 65 14 46 61 44 55 85
1 55 25 44 48 89 5 66 39 97 69 64 1 1 93 72 58 87 90 12 56 36 57 58 21 77 0 20 32 66 22 62 32 61 66 25 1 42 26 8 16 30 64 47 92 56 56 88 50 90
97 76 71 7 0 31 17 83 4 95 78 14 73 26 55 65 99 11 36 54 42 63 47 22 21 87 40 8 69 98 63 33 84 73 1 48 58 66 35 9 60 85 7 91 49 94 63 63 28 94
11 10 23 82 47 2 72 7 80 78 95 68 7 34 28 62 50 74 9 83 42 29 85 64 62 93 69 59 32 0 11 33 2 29 69 68 82 61 54 52 49 24 97 76 73 93 33 19 4 7
36 60 57 41 26 53 62 54 83 15 15 92 20 11 50 61 65 47 74 23 72 98 40 98 7 41 31 28 6 96 0 83 97 24 58 50 42 39 68 13 52 96 60 70 19 99 33 15 66 75
20 53 86 79 77 23 15 81 67 31 49 13 6 96 24 64 26 87 99 17 70 8 49 52 51 59 75 64 60 8 12 61 46 84 26 45 21 8 88 99 32 55 75 61 28 55 47 72 1 50
99 60 5 98 95 41 79 68 86 84 93 41 58 18 81 70 29 36 95 72 9 91 28 21 57 46 46 78 38 4 72 68 31 5 94 1 5 51 33 14 44 4 94 98 38 44 51 65 5 93
36 1 47 74 11 56 99 44 72 97 86 74 87 95 46 77 12 69 72 46 19 72 9 5 97 72 46 20 11 24 20 86 75 34 46 48 22 49 23 89 34 1 96 61 92 21 58 28 70 77
68 33 1 44 25 3 1 14 53 37 86 33 17 64 36 64 40 79 43 37 99 86 83 99 11 56 89 16 68 3 38 46 77 63 74 54 44 74 93 10 34 49 55 64 47 44 67 74 98 6
77 16 79 44 30 4 56 21 28 97 21 37 79 84 45 45 51 76 90 0 95 78 35 49 41 49 37 6 90 90 89 72 54 73 77 38 1 45 18 80 15 13 74 68 17 53 61 97 86 75
37 48 36 97 56 71 40 86 77 29 79 61 73 85 61 45 53 98 24 12 36 33 50 68 2 78 28 70 61 14 14 84 16 60 43 53 60 16 72 67 34 45 62 72 18 1 98 7 44 14
35 9 31 96 87 56 22 67 51 18 54 61 19 96 50 86 70 19 8 4 50 31 88 17 50 68 41 28 58 79 99 78 13 48 48 61 25 29 45 39 31 95 82 0 31 90 9 25 37 48
22 50 84 41 98 45 90 15 75 62 35 59 52 42 39 60 30 92 17 88 51 21 83 79 94 27 38 76 91 2 5 8 70 67 5 90 90 94 37 79 63 46 50 87 19 3 78 32 20 33
6 98 89 7 82 25 52 49 34 67 34 66 73 20 73 92 9 26 70 54 63 33 67 50 10 24 15 19 91 69 78 51 89 31 5 24 77 83 58 78 87 77 42 14 94 45 42 37 38 8
62 11 82 90 19 80 90 66 0 37 65 84 32 99 2 26 91 23 35 42 12 48 26 41 45 39 29 77 39 67 78 81 70 60 2 56 81 12 33 76 46 63 72 7 49 4 33 87 64 98
99 97 87 65 68 66 83 2 11 67 63 2 78 85 70 31 2 14 38 49 86 46 35 41 58 26 35 82 58 93 63 29 85 44 35 74 54 97 10 34 46 80 58 39 6 75 22 46 35 29
16 2 53 75 76 67 44 50 57 80 4 42 75 47 91 0 16 57 20 20 28 56 31 64 48 12 19 81 6 93 57 81 22 3 75 89 53 27 64 91 89 33 36 16 89 28 42 47 51 51
89 79 42 32 2 52 1 59 66 85 87 38 76 18 11 32 38 66 90 53 25 83 86 61 65 68 71 9 50 98 1 95 93 28 45 36 6 86 9 33 9 20 6 52 33 44 78 79 2 99
49 13 86 17 82 78 90 47 62 33 10 94 73 1 8 96 24 57 94 71 4 22 72 3 88 65 3 15 74 25 56 81 49 22 71 4 13 36 57 27 8 11 9 18 48 47 31 93 90 18
45 46 89 3 18 88 86 45 21 82 45 52 99 16 11 74 2 60 64 82 46 83 8 20 69 48 32 99 67 23 39 28 12 84 97 18 49 40 39 5 38 36 5 72 47 49 24 9 55 22
42 53 82 74 90 18 12 16 40 56 48 38 32 52 92 21 83 78 25 43 65 33 93 0 20 88 62 28 46 95 46 87 74 90 77 63 14 85 47 7 97 23 80 6 1 13 22 1 28 87
19 25 72 44 22 28 31 79 7 91 18 39 39 68 28 73 83 59 96 91 92 77 67 1 5 7 82 13 2 57 76 94 88 13 96 62 80 38 90 0 30 70 12 25 81 88 64 89 87 77
59 91 3 96 9 11 0 61 75 83 39 5 94 71 75 11 66 25 96 71 30 25 64 29 98 74 58 90 6 21 17 33 10 38 51 20 53 41 91 68 21 55 20 73 60 14 29 2 92 12
