50 50
12 96 18 17 80 3 10 20 73 79 90 86 21 45 84 36 33 22 85 95 67 92 71 54 30 73 33 53 43 34 21 51 2 66 5 86 71 70 79 33 42 35 11 54 89 14 64 96 88 28
10 70 13 73 96 90 56 23 89 80 52 90 28 62 48 14 4 7 12 34 94 12 77 3 82 86 70 3 81 69 1 36 31 42 95 58 85 81 63 49 8 77 34 11 14 89 65 29 31 80
15 28 40 97 31 91 54 78 12 28 24 87 34 37 24 77 92 87 52 35 3 47 96 68 28 67 69 13 16 11 78 10 48 50 93 94 60 4 24 96 62 29 43 4 8 73 7 68 79 93
19 69 43 78 28 52 9 6 17 54 38 2 53 11 14 73 62 16 55 32 83 38 51 31 0 83 40 77 95 57 15 23 74 53 14 67 3 77 91 31 74 74 95 44 46 37 58 80 57 39
2 66 87 28 5 39 41 16 9 45 77 77 61 85 48 92 75 26 34 43 49 2 43 5 55 61 24 45 95 21 86 91 61 30 57 25 85 50 2 64 47 28 25 27 28 20 31 15 17 9
55 30 68 64 23 6 91 62 43 72 69 4 74 62 81 49 98 66 47 98 28 26 53 52 17 62 38 0 94 7 79 83 58 45 22 5 46 39 12 73 94 49 32 94 7 42 30 33 54 26
28 16 32 33 33 59 95 18 23 48 55 52 98 30 52 6 67 27 47 81 14 97 64 27 48 58 2 78 53 90 72 12 61 29 66 62 64 82 42 57 38 86 56 8 75 70 50 37 68 55
45 45 54 92 32 43 28 18 3 63 60 67 7 74 7 68 20 78 87 30 88 31 10 7 70 6 78 13 76 98 50 63 61 41 57 78 87 96 78 37 97 47 30 7 38 45 21 13 56 5
19 16 36 88 1 73 37 73 56 36 6 37 69 26 55 54 43 68 61 57 90 30 64 72 46 41 24 6 38 55 47 15 93 95 21 84 2 34 17 83 92 76 21 64 14 2 89 48 77 26
7 4 36 97 41 35 55 99 69 72 81 91 66 47 26 35 81 32 55 79 74 24 69 64 99 55 32 30 16 98 47 47 80 78 9 81 21 70 52 48 24 12 4 37 75 49 3 8 70 71
89 5 83 6 68 70 19 78 71 63 92 41 67 64 62 65 70 56 69 63 86 54 8 81 49 70 59 44 0 14 80 62 94 14 62 77 91 78 3 45 64 18 17 58 6 77 96 8 37 35
71 87 96 70 58 90 36 93 73 23 16 21 1 11 14 37 31 72 4 87 71 86 20 56 96 82 39 13 59 34 81 3 98 62 68 48 99 93 71 26 20 64 45 34 93 8 60 78 88 92
9 38 26 57 54 85 29 21 23 6 49 17 66 79 7 41 22 78 42 0 88 22 50 72 60 92 96 5 59 91 26 98 44 61 70 59 32 88 24 17 1 3 4 57 97 96 55 23 16 49
10 18 5 5 87 48 30 81 57 4 16 70 55 35 98 51 33 94 49 75 32 27 30 93 44 92 5 18 47 87 83 40 82 14 17 42 78 78 64 85 83 85 14 78 66 80 62 69 36 42
23 63 17 25 33 68 32 28 52 66 5 54 89 25 68 5 2 27 74 55 67 50 21 44 25 88 9 20 97 67 76 61 28 79 39 31 76 1 75 96 60 85 61 73 16 19 6 72 61 0
23 19 40 77 63 71 61 59 5 44 34 38 38 14 35 88 70 70 70 55 31 39 67 22 79 32 71 37 83 98 80 89 3 22 89 46 70 37 33 31 73 72 91 90 26 22 90 44 30 48
99 11 57 16 9 41 98 92 21 81 86 34 16 72 71 26 64 55 36 21 52 48 88 99 21 46 27 36 13 72 54 59 73 26 73 36 25 53 3 53 49 53 74 87 8 69 35 13 28 91
54 54 41 6 68 73 84 73 94 47 22 69 77 11 5 16 52 18 85 79 17 34 40 94 74 33 15 62 59 35 45 24 33 87 82 20 73 90 42 26 59 5 83 34 48 88 14 59 41 70
49 31 25 90 90 44 4 61 78 29 89 74 95 24 16 88 85 28 46 20 81 27 66 74 83 18 70 23 50 29 96 1 48 26 13 42 35 33 22 30 6 15 1 39 13 9 43 64 75 7
62 53 58 66 30 9 31 4 63 4 51 53 57 51 84 14 43 43 18 90 99 64 88 17 79 83 56 7 22 3 16 24 17 75 67 23 25 54 81 12 51 7 14 87 30 50 68 46 45 61
64 83 17 64 31 9 16 43 91 57 39 48 54 6 29 64 44 19 95 76 81 25 76 48 4 29 12 0 69 51 36 92 95 82 87 45 18 71 39 10 11 24 86 89 79 37 76 18 80 92
84 9 49 42 37 64 79 48 26 87 1 47 66 95 61 43 4 6 1 66 59 16 75 42 10 87 25 81 48 98 73 97 4 34 72 57 53 18 39 38 92 6 21 80 87 53 99 25 15 12
7 22 49 60 73 87 0 14 85 27 32 4 95 31 13 82 27 64 50 25 10 3 15 27 68 77 49 59 15 26 18 15 78 52 43 43 13 67 84 31 53 64 19 76 90 83 29 58 36 82
78 14 41 59 6 73 10 38 16 28 98 44 85 86 32 96 65 38 43 41 62 77 95 77 36 12 97 8 65 93 36 9 45 2 32 70 18 29 32 35 16 31 47 66 9 87 51 82 75 81
81 66 60 91 40 64 1 22 92 28 87 24 79 3 84 98 92 2 17 77 37 59 5 59 33 82 78 53 90 20 49 91 91 62 6 61 97 92 10 99 63 58 4 91 58 81 39 40 7 5
70 51 78 68 66 6 85 20 73 11 15 19 79 9 64 8 36 89 2 62 36 17 4 56 74 66 56 50 79 41 53 17 65 21 14 81 27 82 94 9 87 17 68 22 95 68 36 63 25 89
82 8 72 55 38 96 39 5 17 62 38 76 14 0 51 0 89 78 5 49 50 69 77 21 48 81 23 83 29 4 36 9 51 20 78 46 61 69 89 24 50 85 74 80 40 91 2 81 39 44
76 80 98 19 37 55 29 37 55 71 17 99 4 74 25 90 69 53 15 10 44 0 50 16 63 85 23 87 13 90 24 21 70 47 25 22 91 49 91 44 52 90 11 1 36 55 69 83 21 61
82 46 65 1 51 1 10 70 1 52 13 69 79 98 91 33 66 39 20 69 85 6 71 9 80 66 45 71 61 37 2 6 10 73 90 31 94 92 85 41 81 45 9 89 0 16 61 66 40 23
11 79 22 43 13 99 85 96 98 1 88 80 29 23 52 52 95 14 33 26 89 37 96 77 50 77 43 5 89 78 5 28 23 37 80 83 2 50 48 8 99 35 63 84 52 17 44 39 76 91
55 25 44 61 81 96 20 77 64 43 67 98 46 48 92 0 42 76 84 14 43 30 92 43 67 30 61 64 97 34 63 49 32 28 2 31 74 89 55 35 64 40 89 55 81 80 50 70 60 37
52 73 6 18 89 69 21 9 15 34 18 52 52 70 94 41 86 65 46 16 83 99 77 48 95 19 96 12 74 56 43 9 0 30 80 98 27 55 73 43 2 37 61 30 67 11 27 17 53 81
52 64 93 63 73 96 42 63 3 32 58 63 62 56 96 25 75 39 43 82 22 32 21 1 93 45 48 4 1 60 83 28 7 31 22 15 89 47 99 43 22 71 11 5 95 77 85 82 63 46
80 42 56 24 90 66 90 69 54 81 14 50 91 43 92 31 76 25 83 86 61 14 94 61 79 48 82 47 12 71 89 74 17 36 24 17 72 12 65 43 6 30 72 99 67 30 77 25 71 54
17 27 4 68 11 26 96 68 18 85 77 3 15 79 21 91 26 76 42 5 5 76 41 67 86 29 38 61 79 78 95 82 61 48 45 87 76 92 52 47 60 42 7 47 79 81 28 5 36 82
62 68 50 71 4 40 93 74 57 12 35 41 7 70 24 51 41 37 87 25 93 82 65 17 58 72 91 62 45 24 38 3 88 86 82 74 49 55 11 10 16 13 3 56 45 41 10 46 9 75
45 96 47 26 54 0 43 15 45 81 81 27 99 94 8 23 53 51 85 30 10 6 85 30 96 87 75 91 97 60 69 87 87 65 65 54 96 34 80 72 57 23 98 54 61 14 92 76 27 87
28 68 11 3 74 68 30 77 53 16 45 74 14 47 47 98 0 49 21 11 69 16 36 62 94 51 60 78 80 43 54 10 89 59 13 19 25 3 0 32 19 76 25 79 6 4 37 0 99 17
58 81 95 39 67 58 4 37 64 25 85 27 62 43 85 12 39 76 20 37 87 23 10 73 75 61 92 94 60 80 32 27 94 99 48 20 31 77 30 1 50 17 27 55 81 78 74 98 13 51
22 73 80 18 6 65 78 14 55 75 36 38 35 77 63 86 82 16 41 31 95 22 88 61 91 31 92 78 14 36 58 57 42 28 35 44 94 90 74 70 77 87 70 78 86 77 58 23 84 83
12 52 22 18 66 56 6 4 92 98 50 85 20 47 21 53 46 59 59 33 84 61 36 40 29 47 98 71 67 65 78 11 46 80 38 10 29 63 55 73 95 39 23 79 18 39 47 97 51 65
2 4 67 4 29 24 51 94 49 71 33 83 51 98 48 87 4 22 47 5 8 4 50 22 5 74 18 72 92 82 60 40 81 46 5 7 11 47 84 60 21 21 45 27 2 41 69 17 66 0
12 88 74 83 89 87 62 28 34 83 77 6 5 89 76 70 3 9 69 92 40 91 82 89 47 22 20 51 67 59 37 59 51 44 89 89 1 20 33 97 49 8 59 77 18 30 84 10 22 33
13 6 78 75 76 80 75 76 84 95 1 36 1 50 73 11 20 91 20 99 50 68 66 17 46 67 35 97 33 8 34 76 99 11 17 2 50 74 18 28 88 67 40 27 39 58 34 23 98 72
55 77 62 8 85 59 32 89 23 74 21 24 5 16 73 39 66 58 1 93 8 11 95 78 10 11 86 22 33 33 75 79 31 73 6 37 97 45 65 6 31 52 89 63 95 45 37 94 84 31
47 87 29 40 8 72 53 33 10 81 29 65 4 92 63 4 83 39 11 52 31 54 68 6 8 38 96 34 50 36 64 51 29 48 54 33 75 71 22 1 13 43 81 80 50 31 49 30 76 78
6 48 70 7 7 6 95 51 80 10 40 96 42 53 27 53 8 48 13 41 91 5 64 80 22 75 21 71 93 33 78 57 1 46 13 45 11 45 56 1 86 70 58 7 28 67 15 26 55 48
59 83 99 56 49 51 48 6 23 94 54 16 59 92 56 85 48 70 84 98 55 18 21 16 36 69 68 24 28 24 8 97 47 51 13 62 53 46 35 34 44 64 12 26 47 12 96 28 6 27
53 1 99 18 94 11 94 34 27 1 65 56 66 68 7 98 17 15 64 54 86 99 60 23 66 8 39 91 61 98 72 65 65 60 62 89 68 69 50 15 96 78 7 21 79 92 93 38 30 16
1 64 96 11 69 16 59 76 37 93 82 22 30 11 19 79 21 99 43 57 69 26 28 28 66 70 30 15 32 39 42 13 65 80 47 81 46 39 17 16 8 54 74 16 21 80 14 20 24 25
