50 50
98 25 11 58 79 19 18 47 22 32 30 37 23 25 59 90 81 49 41 50 82 47 19 21 70 76 34 41 1 95 38 89 52 88 43 3 11 51 70 99 63 76 42 20 15 55 50 83 80 46
52 33 56 12 43 31 30 85 79 89 87 89 97 66 41 84 59 38 40 92 87 48 66 10 76 88 47 4 53 9 37 32 87 41 63 43 29 69 18 65 66 51 6 82 46 91 70 89 36 93
4 11 46 62 50 37 80 39 7 61 32 12 6 76 25 56 31 4 60 17 30 24 55 97 11 97 20 36 97 67 92 42 88 55 98 83 94 81 40 93 80 46 83 30 7 65 7 56 80 47
74 6 39 40 24 60 94 30 16 22 73 75 38 71 26 31 38 36 86 41 48 29 50 36 96 58 89 8 15 11 33 6 44 36 67 30 50 77 11 86 72 87 15 86 70 82 19 2 90 57
0 75 90 42 31 35 59 30 11 79 63 91 60 10 75 17 70 44 9 69 25 56 75 90 2 40 79 23 90 22 22 47 3 4 64 22 23 47 70 35 54 77 24 7 29 25 30 38 55 83
6 25 68 16 97 31 96 19 83 35 55 89 83 54 79 47 23 66 94 97 85 46 49 16 77 75 4 21 85 55 20 45 32 32 43 44 47 0 91 44 87 32 24 17 66 74 81 71 39 10
81 54 88 89 41 35 77 7 48 62 0 13 18 91 39 15 34 69 56 54 78 7 74 2 24 45 99 86 10 80 96 87 27 1 85 24 70 35 58 23 63 18 22 86 49 40 49 10 53 45
84 8 48 12 7 31 48 63 55 1 17 15 8 7 32 12 21 56 83 48 50 90 55 12 11 44 73 90 76 55 7 46 50 67 10 60 72 59 34 68 94 46 30 89 55 70 33 65 31 74
60 15 32 88 14 83 91 49 48 58 85 18 93 87 94 69 35 41 33 54 57 37 23 68 7 43 58 95 15 76 2 9 83 6 1 99 33 73 24 64 2 52 72 35 14 73 52 60 31 63
20 13 58 33 85 64 15 24 62 80 34 56 74 23 12 54 72 17 39 49 16 5 14 63 64 85 20 71 71 94 39 0 37 90 92 37 77 32 27 96 58 83 80 1 55 16 95 21 97 95
60 41 34 2 36 86 49 83 83 5 32 55 52 70 99 50 5 92 79 56 56 70 22 32 52 94 70 67 6 81 20 1 6 6 68 93 29 59 34 3 83 79 18 4 60 33 93 39 27 93
29 9 4 57 83 57 65 48 24 92 99 35 41 12 86 20 95 42 30 40 17 20 29 26 87 57 26 17 61 92 3 79 0 82 39 55 13 46 84 57 6 28 92 49 21 28 43 97 92 81
40 91 99 83 1 75 82 79 78 66 11 58 38 68 22 38 0 51 46 32 74 87 0 50 79 17 0 9 13 23 50 76 41 5 5 10 22 54 66 10 34 19 53 50 75 10 16 95 22 52
14 98 85 82 34 1 61 46 48 40 17 27 35 21 35 46 44 6 46 7 76 15 43 7 59 23 89 61 59 26 89 45 22 9 55 99 50 58 6 71 36 21 70 72 58 53 8 19 87 12
77 46 6 51 60 77 48 75 17 91 71 95 12 78 32 75 41 69 94 12 30 92 32 82 16 65 76 98 21 63 68 74 15 15 12 74 42 48 96 76 4 8 30 6 32 60 82 26 77 78
43 87 10 36 29 17 95 5 23 35 26 70 14 38 21 97 49 58 68 79 72 14 78 17 9 86 46 2 29 28 51 83 44 69 13 47 88 56 23 45 53 89 4 29 4 70 13 27 24 42
86 72 98 80 49 91 41 88 60 64 14 10 13 37 83 71 60 94 12 48 10 80 22 50 30 96 39 3 79 46 79 7 82 0 32 61 35 79 6 23 67 46 54 24 3 59 86 16 5 12
45 77 93 70 88 12 65 86 54 5 27 69 0 75 81 53 85 72 9 33 43 12 48 83 58 31 11 9 32 53 46 65 94 2 1 74 34 45 70 94 44 76 47 80 47 27 63 13 46 8
75 62 92 68 2 88 69 1 52 5 0 86 58 32 74 21 38 18 21 82 42 34 17 71 8 62 11 58 13 59 52 17 66 8 57 1 96 99 30 56 78 51 39 41 52 19 87 60 96 88
64 39 87 16 73 40 73 34 98 48 88 86 67 4 69 53 89 46 42 67 75 18 0 3 64 51 59 99 14 85 95 41 34 59 2 32 10 1 46 31 35 57 19 58 95 59 76 41 5 17
4 56 49 1 54 47 72 65 36 72 40 44 42 51 78 76 95 79 54 36 36 95 1 57 27 85 14 5 54 40 27 92 18 82 45 11 73 14 90 83 6 56 2 32 15 70 80 9 23 2
7 13 52 3 87 70 72 19 39 77 49 12 40 10 53 62 71 85 95 11 42 22 9 95 61 75 83 22 26 78 58 64 32 25 21 8 76 51 23 82 2 24 7 20 83 9 81 1 46 46
97 81 45 98 91 0 2 51 33 18 13 49 74 35 56 69 30 14 49 81 54 14 68 35 26 57 67 74 84 93 10 84 45 89 31 37 11 11 51 23 40 95 70 98 67 19 97 34 98 74
22 91 67 52 66 90 27 97 3 21 78 57 72 69 80 31 85 14 75 84 30 6 49 83 12 6 88 90 17 27 62 10 97 14 36 25 52 38 58 75 78 99 71 93 72 80 19 66 23 12
93 4 26 59 89 98 15 74 17 65 7 14 1 59 47 53 80 82 91 98 13 88 31 22 32 60 72 65 88 79 80 6 66 22 87 92 7 52 14 67 45 97 83 93 79 50 26 86 57 42
73 84 84 28 78 23 3 83 78 20 78 64 33 78 91 18 49 13 35 1 35 81 91 96 21 89 9 93 94 83 87 69 41 60 37 27 39 34 20 90 74 3 24 31 42 52 97 89 81 85
72 3 39 34 46 67 9 75 48 10 83 59 0 70 57 15 8 45 12 89 65 59 96 63 10 47 27 53 4 62 59 23 96 16 4 85 31 84 27 15 16 74 70 48 0 26 85 63 29 65
52 56 48 8 18 97 4 88 55 95 6 29 61 99 7 8 19 75 93 84 47 36 40 87 92 96 72 33 1 74 77 26 94 93 7 97 70 38 7 28 63 91 78 13 94 89 78 2 18 96
18 82 67 26 19 72 73 91 92 85 29 19 49 75 81 22 35 58 80 56 38 47 1 89 13 54 39 33 54 38 25 80 70 19 64 48 18 99 84 8 82 71 99 55 62 44 35 40 33 55
41 96 39 66 6 35 77 19 25 27 52 66 32 21 55 27 69 92 87 31 23 84 75 99 37 19 72 56 44 47 86 64 2 34 6 6 90 55 97 47 25 33 10 62 98 12 15 26 77 42
5 93 24 15 17 50 72 58 32 49 72 99 70 79 85 60 41 72 66 72 65 2 81 22 36 67 78 16 39 41 72 72 46 73 87 81 83 47 69 84 59 33 2 88 73 42 23 88 38 66
87 36 76 68 50 36 6 55 73 59 4 48 80 65 73 42 38 94 24 61 94 43 36 69 96 51 52 3 33 85 83 14 20 88 83 59 78 79 68 22 3 42 42 39 53 63 55 0 8 71
43 34 99 22 39 66 83 93 10 97 2 30 90 34 40 46 84 56 96 30 84 0 12 90 25 19 70 31 11 53 43 32 85 27 26 77 79 16 76 47 95 53 4 1 52 16 45 15 28 70
46 81 89 3 90 15 88 25 62 59 81 1 34 28 60 98 51 80 86 45 7 52 34 27 47 77 23 29 9 25 50 31 24 4 78 87 28 8 59 69 76 75 12 68 76 83 94 1 37 97
0 89 93 58 78 52 31 76 27 63 42 90 29 98 58 36 18 46 89 60 32 4 43 98 82 47 47 71 91 10 23 93 99 1 22 56 85 28 48 9 83 81 93 95 74 98 2 0 87 22
15 0 54 24 89 5 42 70 19 16 39 71 34 55 49 75 68 31 18 20 90 64 64 8 65 6 29 91 59 35 32 51 45 65 40 77 63 23 82 5 87 12 24 77 15 44 78 2 26 44
77 97 98 17 76 37 60 7 9 51 33 68 59 26 75 93 10 12 88 55 27 80 29 73 79 67 94 74 71 51 82 38 49 80 26 59 65 67 51 63 58 87 94 1 42 87 26 36 61 48
44 24 51 29 86 8 56 50 61 10 2 64 96 62 84 32 29 60 47 61 74 1 35 74 83 21 64 39 48 6 50 66 69 42 25 66 68 18 20 58 87 1 76 93 16 32 1 59 85 47
63 30 48 25 17 18 32 47 74 92 49 43 13 28 89 4 81 76 89 19 72 19 52 22 8 47 18 9 13 40 32 16 60 42 21 53 39 45 10 85 76 25 40 4 3 23 73 12 7 43
25 94 94 59 8 61 22 73 69 2 79 91 38 62 97 59 39 72 50 11 0 24 43 80 14 83 56 35 10 20 65 97 91 59 22 25 67 13 71 60 15 99 84 37 91 38 75 93 40 32
95 41 93 50 50 74 47 50 80 35 13 1 34 80 52 72 39 35 4 10 92 65 92 21 38 23 14 37 92 93 76 50 27 91 10 80 37 42 25 24 70 1 53 45 77 49 56 47 0 55
0 72 78 68 71 5 8 49 9 2 24 54 52 52 38 38 54 30 98 3 90 59 50 63 5 81 36 96 87 8 75 99 99 85 74 48 14 4 65 17 22 57 33 52 3 29 19 87 82 6
90 49 22 65 36 71 33 18 47 93 52 61 22 52 92 0 9 90 67 20 66 20 35 65 94 1 84 25 45 16 97 11 70 62 36 50 25 88 93 20 88 69 84 93 82 22 28 62 36 9
70 57 54 48 83 13 50 39 90 51 79 32 78 94 60 54 9 85 12 9 58 96 42 1 75 95 3 14 52 60 14 7 0 3 85 14 95 17 98 39 2 15 12 63 25 6 30 36 32 0
29 7 78 27 93 40 37 10 81 30 60 5 4 46 30 33 84 16 60 56 90 42 55 88 17 68 29 91 12 1 82 97 12 0 55 7 41 56 80 7 37 95 90 32 93 58 20 40 17 15
18 31 63 16 34 89 35 76 74 5 36 48 29 97 86 44 48 15 52 10 18 81 8 9 28 23 44 69 27 86 0 43 80 47 97 40 94 93 81 48 59 48 93 19 56 3 84 54 3 7
17 55 6 74 74 17 45 64 70 52 50 88 19 33 64 21 97 17 2 71 82 65 43 34 18 64 14 95 88 46 4 44 52 49 93 26 96 13 58 18 36 7 84 19 89 77 68 14 92 4
11 51 32 40 20 76 7 34 95 44 88 7 57 28 12 14 7 46 98 63 13 28 78 64 19 38 28 6 54 91 75 74 50 99 77 56 16 3 52 93 34 62 80 89 88 81 36 96 60 14
51 58 97 43 56 9 44 44 60 96 72 1 49 0 46 36 25 28 13 98 1 64 36 57 74 27 79 35 15 72 80 99 5 86 72 71 28 42 91 58 42 3 96 90 15 64 69 70 76 94
95 62 46 91 26 38 38 84 14 53 85 63 70 15 28 34 38 54 49 49 96 29 18 12 93 26 73 93 0 61 86 21 22 2 35 29 24 24 61 16 65 76 43 90 89 87 83 11 15 69
