50 50
68 82 91 57 71 16 31 26 29 80 77 44 84 26 27 23 67 63 5 53 92 87 5 86 99 49 69 56 68 97 87 85 86 49 81 30 55 10 95 94 51 66 97 19 73 87 76 59 48 52
99 35 12 48 62 34 64 73 0 80 27 97 30 21 72 67 25 54 39 12 33 58 83 99 80 79 18 24 35 40 49 49 24 70 14 28 59 51 21 85 95 18 44 86 26 70 75 3 52 70
63 33 64 58 42 42 50 24 72 89 92 41 11 13 50 71 39 32 25 51 95 77 23 48 44 93 43 94 88 85 21 98 67 74 31 49 24 56 97 38 83 6 76 18 42 45 22 78 27 87
75 79 19 46 24 60 53 78 3 28 0 27 25 90 98 38 27 91 61 79 92 95 12 35 82 48 82 34 94 26 36 54 36 11 97 98 36 76 22 0 10 33 70 82 37 11 30 59 26 53
6 36 35 4 58 61 16 93 86 18 71 35 75 77 1 67 4 64 62 3 67 22 16 68 29 22 66 42 25 56 57 46 33 76 23 61 24 5 71 89 38 77 92 31 73 49 7 64 96 49
42 1 45 34 5 98 0 38 53 13 4 20 95 84 69 31 42 40 95 65 24 58 87 50 25 84 70 8 42 83 61 7 65 85 48 4 2 15 47 75 77 52 50 15 72 62 54 98 92 5
50 71 58 52 11 71 98 79 27 53 71 63 84 33 3 49 26 51 8 94 57 76 1 73 41 12 25 70 14 53 30 42 95 82 9 12 99 40 46 6 72 91 93 24 36 89 63 14 30 47
64 67 28 67 28 73 95 45 58 19 72 79 36 22 21 91 40 60 69 10 89 78 61 3 16 12 0 48 72 99 86 43 31 25 3 60 95 66 53 92 36 6 79 31 11 89 88 67 39 14
99 4 33 75 69 40 65 66 6 67 87 23 93 16 3 45 13 75 82 38 78 82 1 91 64 20 97 68 36 17 41 25 94 59 94 7 4 41 9 21 5 85 19 26 37 49 42 42 57 3
54 24 85 24 12 8 22 18 19 2 14 70 75 40 68 84 51 10 51 78 16 19 59 45 1 20 46 24 40 46 93 73 23 14 90 68 14 97 13 99 57 14 42 95 40 96 59 59 20 64
30 21 29 61 62 38 59 60 54 53 1 3 73 67 35 87 94 82 27 63 96 91 40 91 94 36 99 29 65 44 57 31 91 37 74 76 77 79 27 45 1 27 51 0 83 37 86 56 76 59
65 56 86 68 64 99 7 73 3 18 7 27 81 25 30 6 88 16 13 2 78 39 55 90 79 21 22 67 59 60 29 50 75 84 30 55 41 14 14 13 39 44 11 80 29 6 25 64 72 74
8 80 77 22 54 37 90 19 1 47 86 58 8 21 5 39 15 63 61 85 4 99 3 83 28 61 28 93 0 74 68 35 57 77 66 60 81 46 94 21 65 76 39 65 9 32 95 64 1 49
97 24 3 51 99 18 61 19 97 9 22 20 68 40 47 15 74 8 60 19 17 52 45 92 42 5 69 43 96 25 72 0 13 8 85 27 57 81 38 42 73 50 10 22 39 86 29 74 43 31
74 65 34 89 33 24 9 92 98 47 6 28 20 44 20 26 6 9 86 14 87 22 65 73 74 87 80 45 13 13 89 53 15 94 31 36 76 71 8 32 27 28 40 48 49 82 35 32 61 19
46 58 58 40 23 17 86 70 98 10 80 16 83 30 52 49 89 28 6 5 50 56 87 39 25 87 4 50 86 32 68 54 42 70 52 89 45 41 64 71 12 62 30 65 61 48 31 47 95 53
88 97 2 71 13 8 8 57 33 1 21 0 79 49 50 62 90 10 1 98 89 58 87 71 49 39 50 50 91 62 76 11 93 76 23 44 69 75 5 90 58 18 64 8 9 66 66 61 92 61
83 20 48 3 81 14 1 30 31 80 15 22 61 81 96 1 32 6 3 39 64 66 89 43 73 91 1 5 73 3 97 5 81 41 92 57 29 16 47 98 18 59 99 35 66 32 4 67 91 77
20 51 57 77 50 43 44 33 3 43 46 45 92 26 85 35 34 42 44 28 89 37 68 84 48 35 5 45 4 33 24 27 91 8 97 5 35 89 26 72 82 93 70 4 80 71 10 86 57 68
50 18 34 72 7 50 98 65 20 64 35 76 51 54 75 94 79 34 91 68 66 47 56 99 89 21 63 16 48 80 60 81 31 91 93 86 95 99 62 69 48 74 91 68 53 84 73 33 48 78
21 17 80 49 49 40 78 52 56 54 43 21 16 25 13 38 95 61 4 94 1 23 5 4 42 78 62 10 6 68 87 44 14 84 46 11 82 74 43 78 23 15 89 74 70 46 68 1 30 55
23 17 19 82 92 51 85 5 69 38 18 71 38 12 5 10 24 20 76 97 41 52 39 3 62 33 46 0 41 74 19 96 95 94 88 54 33 35 18 26 70 71 3 71 40 42 50 39 4 52
87 32 30 52 75 62 68 12 94 4 8 19 7 2 71 41 89 6 39 70 42 76 23 13 54 15 98 11 36 54 70 32 66 42 41 82 12 70 15 64 49 3 49 14 79 35 92 38 87 81
84 72 78 52 40 0 47 44 70 66 8 35 97 22 41 65 74 76 80 52 21 19 25 62 57 24 5 65 0 32 26 54 26 83 25 43 0 53 39 4 91 11 27 44 72 30 27 82 24 44
13 20 35 59 28 89 67 92 8 73 64 52 51 6 34 21 28 76 83 59 94 72 8 12 50 34 39 49 58 98 26 34 42 40 88 2 99 73 6 66 54 69 42 67 51 22 52 59 81 5
43 74 43 19 49 32 35 86 65 14 50 60 30 20 5 24 72 25 71 58 75 37 77 42 60 53 34 18 84 27 50 3 84 55 50 85 14 87 73 62 38 90 76 90 96 16 82 45 37 5
70 35 54 18 13 28 22 92 24 91 4 35 20 0 83 14 26 91 94 30 42 99 85 87 87 53 19 20 61 73 21 83 21 61 27 30 75 12 40 1 75 93 89 30 76 29 26 97 47 66
7 59 86 10 18 86 33 38 76 70 19 51 97 60 92 1 40 31 44 46 92 73 27 31 85 68 93 8 69 89 15 4 69 51 27 22 0 12 32 79 0 41 38 73 50 15 59 0 79 54
86 98 4 55 69 95 85 18 69 43 27 46 27 49 87 16 87 37 47 11 46 82 76 53 42 13 82 43 93 74 70 84 96 24 57 47 41 4 45 89 69 55 90 47 83 95 68 85 50 14
39 66 95 98 62 15 57 52 29 26 81 32 16 49 66 62 18 24 50 83 16 79 1 33 59 74 13 25 69 13 40 78 70 30 88 4 42 87 97 57 22 24 58 17 44 41 78 59 1 83
21 66 6 56 15 14 10 18 27 60 58 18 26 56 17 89 82 17 96 67 80 62 55 91 78 76 86 65 24 14 44 20 65 14 65 56 27 84 83 9 94 45 9 31 56 39 33 48 68 34
94 10 59 87 91 21 1 53 85 2 43 51 19 26 79 73 94 9 71 10 93 69 45 55 15 85 8 59 68 41 75 91 28 63 89 82 84 11 10 9 22 13 96 17 66 12 60 42 82 97
68 87 72 95 98 23 32 23 72 6 12 67 8 53 48 32 10 85 33 55 48 67 69 55 57 2 44 56 58 81 63 21 32 23 30 59 15 1 45 25 58 61 67 52 5 26 46 68 63 21
56 64 87 76 71 23 29 90 21 79 46 27 6 11 88 38 44 41 74 38 60 74 24 49 41 35 22 95 46 85 21 13 92 2 15 11 49 30 87 25 73 40 14 51 24 49 26 92 69 86
74 87 18 32 32 34 66 78 38 86 28 96 58 23 26 60 49 88 26 92 51 12 23 63 90 31 4 21 71 41 84 77 64 38 40 51 29 20 42 3 92 53 82 78 28 20 40 44 82 8
86 56 74 39 96 84 89 52 75 93 86 14 44 47 94 71 91 8 53 88 13 52 43 92 70 63 84 68 89 94 39 27 50 39 59 23 98 23 83 29 88 14 97 15 78 5 91 42 74 56
63 59 51 75 49 77 35 49 8 43 3 25 75 52 78 6 9 80 26 85 95 62 28 44 37 52 98 89 63 85 42 17 94 71 87 39 80 25 14 42 81 75 11 97 85 53 4 59 88 27
3 84 24 7 50 0 26 92 39 51 27 47 44 79 39 97 46 63 49 81 92 19 62 11 93 4 45 14 85 59 18 0 27 88 87 76 38 39 67 36 20 59 60 39 90 39 52 73 24 85
72 33 75 16 3 7 55 92 77 99 81 74 95 0 61 96 95 65 89 57 72 25 34 24 77 25 43 53 82 61 76 41 52 47 81 45 87 46 32 5 40 44 60 47 33 69 37 35 45 2
28 15 9 66 63 61 35 22 33 23 27 31 44 78 85 30 71 29 89 73 10 47 45 81 26 90 33 85 87 84 43 23 38 92 80 88 13 62 57 33 1 4 13 73 91 94 99 22 92 72
61 68 83 75 91 75 75 9 74 83 3 23 49 71 23 61 18 16 81 7 88 5 66 38 2 29 81 93 6 3 52 41 46 31 21 23 36 98 70 45 34 3 17 3 52 22 92 90 9 78
38 89 69 8 15 8 21 56 65 76 92 31 14 88 14 99 77 33 84 23 50 47 28 62 7 50 60 36 71 71 48 34 50 71 43 45 18 26 19 6 9 48 21 9 25 81 25 90 12 34
97 38 55 67 83 51 33 86 27 29 36 67 5 24 9 67 81 79 74 39 46 37 31 59 72 70 56 76 13 64 42 25 41 94 82 77 24 56 90 76 96 77 76 96 32 51 1 42 32 91
74 61 59 52 73 60 94 87 84 0 1 17 19 98 46 75 64 22 97 7 95 4 70 37 76 26 82 82 94 50 6 63 93 29 53 50 1 91 94 16 79 67 35 95 29 76 98 86 72 83
12 47 87 70 10 2 26 2 60 79 48 78 69 82 6 93 18 18 15 94 43 53 38 21 49 35 18 86 54 79 48 74 6 33 67 14 56 72 62 4 99 46 57 36 78 73 34 15 15 37
2 44 10 26 22 94 47 33 43 45 83 90 54 67 42 54 50 66 71 54 19 17 56 16 11 56 29 53 1 8 86 16 1 17 21 7 39 0 22 31 49 82 26 15 54 31 25 79 47 16
15 91 21 35 40 46 84 22 33 16 38 94 85 54 0 70 42 45 32 44 85 34 69 77 92 97 20 7 44 31 76 16 38 9 91 88 57 49 50 28 25 37 88 80 28 22 53 54 91 35
10 69 33 54 49 30 71 49 56 1 39 84 90 3 6 92 83 93 88 50 16 55 85 2 55 77 79 73 28 52 66 3 90 12 30 70 0 54 71 97 55 7 0 79 39 44 42 84 47 31
89 59 90 75 91 69 66 22 55 79 73 38 8 15 73 98 26 23 75 91 89 49 77 48 78 80 45 15 0 11 9 51 9 75 70 85 2 44 67 43 54 85 15 62 83 22 41 53 88 32
67 53 92 86 56 52 31 39 16 95 61 36 86 90 48 19 52 57 54 90 34 39 11 0 74 64 92 15 79 43 64 29 38 93 43 86 24 41 92 97 74 93 54 29 19 32 24 81 73 21
