50 50
89 73 70 29 86 36 46 25 2 29 33 26 99 82 57 59 25 68 97 5 25 2 43 92 1 10 33 99 20 44 54 89 69 9 7 12 77 91 37 28 52 73 95 10 88 24 53 48 66 90
33 51 33 95 5 25 80 11 95 1 49 62 21 48 90 56 14 26 58 72 80 1 91 55 95 59 32 15 66 48 55 50 70 75 45 79 6 93 51 89 1 38 31 67 16 54 74 20 43 93
40 73 61 72 48 48 1 9 82 23 6 57 37 16 54 19 82 15 14 21 83 31 41 88 89 38 13 66 34 33 12 21 21 32 48 28 49 89 98 91 34 30 83 80 91 56 55 36 42 94
15 53 35 38 83 73 38 30 23 46 63 49 30 13 74 51 65 97 15 38 27 88 20 16 83 68 27 45 8 10 2 74 99 51 66 0 22 35 87 78 91 0 42 76 46 95 62 60 98 53
72 61 31 24 32 73 88 82 6 8 70 96 43 47 79 11 56 85 49 31 71 13 15 64 77 22 22 64 71 88 21 48 96 36 42 70 67 36 99 79 92 84 10 81 1 34 27 6 67 66
37 54 11 16 91 96 56 76 35 73 82 76 48 70 77 89 83 79 90 49 1 24 22 13 19 81 45 0 43 57 19 61 66 84 96 89 88 2 38 10 1 29 52 0 10 22 15 49 1 47
36 49 47 29 2 52 47 53 74 98 42 27 92 7 65 53 85 55 44 89 62 1 21 25 30 30 60 30 31 35 21 95 27 75 61 15 35 13 68 38 47 36 70 38 59 53 76 50 47 83
80 41 79 88 60 90 95 10 97 74 12 57 28 83 14 9 78 1 66 29 60 23 31 66 43 15 38 83 51 36 11 30 58 14 18 44 41 69 22 58 21 43 77 57 70 37 52 33 99 14
51 42 25 38 79 8 13 58 72 59 69 96 53 23 42 65 68 82 76 26 66 1 8 17 66 61 92 18 90 15 78 27 64 16 19 64 27 85 59 31 29 92 79 8 1 53 98 1 87 78
8 74 78 29 17 77 62 65 89 97 91 23 26 25 8 77 17 80 24 96 98 84 39 38 67 42 68 96 17 54 40 26 91 23 43 71 12 29 27 39 88 70 82 58 47 88 73 80 2 26
84 4 30 98 39 19 51 81 6 69 58 82 58 12 86 65 44 5 18 67 70 67 51 94 14 17 0 7 4 93 72 94 56 57 0 48 59 66 97 66 95 96 23 92 24 15 88 71 49 83
97 51 40 98 10 40 67 78 75 19 98 14 78 42 28 27 87 6 20 92 65 71 41 12 47 93 81 38 73 24 24 90 49 14 42 32 19 83 63 12 11 72 28 12 89 40 57 80 22 50
71 87 74 0 17 82 25 69 70 55 73 68 75 20 46 94 77 26 34 11 11 18 22 11 94 87 76 30 11 66 25 16 34 37 96 7 14 53 58 79 89 90 76 93 6 84 74 90 10 32
25 56 80 83 60 92 89 62 24 20 54 38 73 61 88 70 75 44 25 27 20 84 79 20 49 28 13 37 19 42 63 49 95 56 91 72 96 18 2 97 71 97 40 93 86 61 75 26 70 31
55 57 56 94 31 96 88 79 91 36 67 40 26 7 49 41 37 35 31 0 39 27 65 71 43 41 45 27 22 55 21 57 47 74 6 48 28 2 94 77 80 16 30 53 5 78 63 39 29 44
29 52 71 25 58 39 5 96 32 50 4 34 44 0 45 34 48 7 98 27 69 58 20 99 99 86 84 7 98 12 62 57 74 94 6 97 10 76 17 92 93 70 13 13 50 72 73 90 70 87
4 67 43 63 48 18 24 64 19 69 23 16 16 99 58 96 88 88 32 49 11 28 28 70 71 89 85 94 42 93 67 4 51 54 23 72 4 79 10 31 53 54 80 86 69 76 84 39 19 27
44 63 96 35 11 94 55 97 1 90 85 15 59 48 25 6 65 52 73 34 54 92 59 72 53 43 45 12 3 0 7 91 65 18 0 64 20 92 50 31 47 13 11 96 43 89 49 2 75 39
50 92 88 60 6 88 85 31 84 9 74 71 39 88 21 8 53 12 12 87 29 93 88 88 87 20 60 97 73 88 36 39 22 44 63 41 47 82 1 75 34 30 43 87 77 81 85 34 84 53
7 71 58 58 48 86 49 9 91 92 79 99 52 55 90 18 49 42 43 27 66 65 74 16 57 99 85 19 37 42 46 15 6 23 25 74 79 20 29 54 80 25 20 15 25 44 1 62 60 0
97 0 65 69 56 17 94 55 70 3 53 93 70 67 28 52 91 82 52 68 17 57 80 69 80 33 56 92 12 47 12 39 25 14 10 63 76 54 24 12 62 78 13 49 39 40 77 66 75 58
76 20 39 6 23 52 58 73 66 19 83 96 96 51 45 77 70 92 69 9 91 80 7 46 43 95 90 63 32 69 51 85 43 49 66 75 17 3 77 3 49 7 83 40 82 3 96 73 23 56
26 30 22 77 92 3 70 74 38 38 61 74 80 52 91 9 48 48 67 28 24 88 41 53 36 99 46 69 79 73 44 17 41 71 61 21 90 4 17 53 29 27 61 52 67 68 3 54 67 64
21 12 4 72 25 44 79 81 23 83 19 63 3 37 81 53 29 44 37 55 8 20 14 71 25 99 36 13 23 91 21 96 42 39 31 75 52 67 53 19 84 24 64 8 1 34 81 46 5 23
26 23 8 91 52 32 28 30 35 5 96 46 35 43 4 48 35 22 91 33 16 24 40 23 96 29 22 66 58 87 36 51 32 79 83 57 33 61 45 96 65 98 40 64 84 59 13 5 96 94
4 29 79 59 64 91 73 16 16 44 64 10 73 17 59 59 92 49 33 90 92 31 35 99 38 29 61 99 50 4 9 6 46 98 74 53 53 74 0 57 3 66 50 8 25 24 11 55 89 25
85 49 85 20 40 16 55 16 51 94 49 90 66 5 85 45 37 22 95 43 14 98 3 72 63 23 47 25 94 27 71 89 83 7 39 89 65 30 81 54 40 46 88 13 65 0 56 59 27 32
80 88 4 25 94 34 64 52 45 84 35 46 31 31 9 42 74 31 16 85 2 33 52 58 11 99 48 14 35 71 60 71 22 62 55 73 93 61 73 86 12 66 31 56 49 93 79 31 60 43
70 14 90 19 98 75 75 53 60 58 36 32 73 59 13 27 9 58 55 39 42 71 89 46 21 61 5 59 24 70 82 0 57 80 20 2 64 62 22 84 35 35 36 13 15 77 1 41 59 35
13 83 44 91 42 52 86 43 12 71 88 12 27 44 65 51 18 72 17 3 74 53 6 64 25 36 58 19 93 62 67 81 27 28 96 84 77 24 69 99 80 69 57 39 2 8 64 90 24 11
37 23 53 48 39 36 80 28 36 75 81 82 5 3 66 36 3 73 70 0 24 5 3 60 3 50 73 56 68 82 89 17 71 36 29 89 94 86 64 96 8 35 94 80 19 71 15 29 28 33
29 35 91 7 70 2 69 81 27 52 4 71 88 53 21 18 92 46 11 97 52 32 48 17 79 6 21 75 4 50 87 69 74 29 87 32 2 29 62 48 69 58 25 38 71 14 45 11 45 94
22 27 78 42 54 25 97 85 11 10 65 50 66 35 48 0 38 31 15 83 85 12 28 48 35 95 22 31 96 39 29 88 79 60 9 98 94 25 58 50 11 82 12 91 70 64 50 64 19 40
5 84 83 71 4 52 42 0 59 85 72 59 66 60 25 82 49 16 63 52 69 0 34 40 44 88 87 33 94 50 31 70 60 21 23 80 30 30 39 8 48 61 2 40 33 46 68 84 56 62
71 42 10 77 79 39 81 61 89 48 91 40 97 25 99 68 90 91 62 60 7 42 49 15 52 52 55 36 1 88 98 75 62 80 40 75 43 15 14 28 47 54 62 26 85 32 31 19 18 21
93 60 46 82 82 73 60 97 28 51 31 97 24 26 48 88 25 71 65 1 90 5 77 70 66 6 58 15 44 64 38 46 97 31 25 94 20 54 89 55 66 38 41 76 62 93 73 24 87 83
91 54 14 49 8 55 64 85 41 80 16 70 56 13 89 25 65 67 9 15 10 58 72 1 78 49 48 62 2 13 80 47 66 14 81 10 83 88 99 26 26 27 50 3 48 91 17 42 41 90
9 25 12 87 31 47 57 29 71 62 33 4 1 29 53 92 35 23 69 83 6 1 91 92 40 64 95 28 79 45 10 43 62 58 31 97 37 64 4 67 49 11 40 47 9 51 69 70 41 12
9 24 44 85 45 11 53 60 28 51 59 5 69 20 89 21 8 65 31 16 8 30 28 0 29 99 79 50 57 39 1 25 89 25 60 68 7 10 44 90 2 82 94 71 30 75 1 96 72 64
83 76 15 5 6 91 33 56 82 61 74 56 76 96 33 18 67 90 0 15 94 63 4 77 66 63 24 89 50 14 47 63 77 68 30 20 83 50 22 2 88 20 10 27 46 28 22 61 53 5
72 97 66 38 72 94 11 92 34 68 90 51 82 44 41 50 58 0 37 98 41 94 89 96 28 14 91 2 39 78 20 71 50 29 99 92 51 91 67 2 44 63 75 53 11 62 87 7 63 44
19 87 75 67 55 50 29 67 93 11 38 17 36 59 4 84 14 7 63 36 31 38 23 15 75 77 35 5 88 78 51 25 81 7 38 58 11 15 48 86 69 24 42 37 24 90 54 41 55 87
15 51 55 46 24 26 18 70 25 5 67 11 82 14 22 14 85 69 38 98 67 99 27 63 57 19 66 4 86 30 48 1 20 84 57 82 17 54 63 60 59 53 25 31 6 38 68 81 49 38
3 19 55 74 47 19 21 2 41 40 2 93 90 45 48 94 64 65 40 34 85 83 78 51 84 45 22 52 64 75 7 53 7 61 39 48 82 82 73 46 83 51 93 72 59 36 5 76 75 41
80 22 0 25 66 86 58 65 61 42 4 67 67 73 68 58 93 90 96 4 44 12 60 46 38 28 50 27 30 95 49 78 78 67 6 98 60 25 50 58 4 51 78 51 83 88 20 91 56 77
12 82 83 83 89 46 23 75 41 46 25 60 27 84 54 4 49 35 79 44 72 22 8 32 47 5 91 0 40 31 69 9 99 65 96 88 66 76 94 49 75 62 2 15 62 53 64 78 20 13
84 72 94 87 71 23 40 64 74 22 4 87 47 37 72 93 18 73 26 75 23 92 76 79 60 53 94 31 79 88 68 99 59 67 13 37 19 51 83 27 48 14 59 92 69 23 27 53 9 84
26 35 14 70 82 47 88 61 31 13 90 55 49 22 16 12 48 63 9 55 43 82 81 32 30 6 92 23 94 66 69 74 55 64 16 11 10 7 90 88 71 58 32 20 88 70 33 43 63 36
75 43 7 63 24 14 47 49 95 94 20 95 88 45 64 74 82 68 40 52 33 34 38 38 43 65 78 15 4 93 15 10 78 62 77 23 80 79 95 60 46 27 71 78 12 6 30 90 32 10
29 23 26 71 48 0 43 56 92 53 25 67 21 43 96 5 99 43 89 61 93 72 90 6 64 92 41 59 36 92 55 37 47 22 20 83 99 68 34 14 31 84 2 41 56 52 37 37 9 55
