50 50
11 21 58 11 93 29 10 33 78 93 14 19 84 3 31 21 88 45 3 72 72 5 32 8 28 70 1 64 41 43 45 24 71 46 17 13 6 20 47 84 44 82 35 46 55 26 89 58 86 61
36 21 62 62 68 76 10 28 36 33 25 82 9 41 78 97 26 14 3 31 26 59 22 99 93 19 73 0 93 1 85 89 66 48 2 54 46 44 80 78 17 61 37 87 78 85 62 63 96 82
33 4 16 8 75 75 0 90 77 62 82 45 30 56 91 57 92 84 82 65 2 42 15 65 16 51 77 84 76 28 98 30 87 35 21 90 66 9 4 4 93 13 80 95 81 45 95 24 55 1
56 87 33 4 21 56 60 64 95 43 95 49 23 28 56 19 41 6 55 1 57 56 83 35 64 53 33 89 28 17 94 70 87 2 45 48 22 12 94 33 74 39 38 58 79 26 7 43 66 56
34 16 11 82 37 27 69 33 46 79 3 36 89 72 41 16 64 37 17 78 71 38 20 57 22 94 93 15 84 84 92 23 80 64 39 65 73 65 4 0 8 12 25 79 6 15 57 42 40 7
37 85 87 1 35 34 30 53 58 2 36 42 65 81 38 10 76 74 78 94 4 34 24 52 41 40 40 80 0 21 39 89 15 6 33 93 79 40 18 65 95 17 71 99 43 27 26 13 93 27
65 40 2 20 29 24 14 18 82 95 47 70 63 57 58 22 63 52 55 77 30 2 37 42 32 98 92 38 64 81 89 70 52 43 24 59 19 27 28 66 4 22 80 51 89 97 61 27 91 38
21 8 57 2 46 67 1 51 99 59 31 55 9 97 78 25 16 13 19 77 10 56 76 79 26 63 42 10 32 45 10 5 22 7 4 24 53 69 24 69 14 2 46 22 93 79 31 75 89 63
65 71 82 70 8 82 3 68 86 28 59 84 43 6 53 37 93 27 16 15 63 18 19 88 71 47 43 28 9 61 92 3 21 78 37 20 14 19 3 34 42 62 83 8 10 10 41 49 86 70
13 97 79 1 19 0 44 33 18 82 3 70 11 52 10 57 41 89 98 38 96 5 28 80 8 33 26 59 62 13 35 45 55 79 28 67 54 66 36 6 52 18 8 69 90 90 80 94 58 96
74 66 56 96 34 93 37 55 22 43 66 66 56 24 20 85 91 37 47 69 26 24 2 87 52 92 80 29 91 70 99 91 6 59 19 13 9 88 23 94 91 95 47 90 27 44 24 97 27 64
65 76 13 11 15 73 59 53 13 98 22 51 3 74 68 64 59 3 81 68 56 70 59 21 23 12 15 6 0 90 52 13 16 2 41 18 24 82 33 87 95 57 13 6 30 32 39 17 92 18
2 26 67 3 80 45 47 35 25 5 21 83 34 70 58 88 59 5 68 52 61 5 35 36 25 43 96 11 14 58 8 15 13 43 61 33 61 92 44 85 70 80 30 20 32 69 50 11 99 53
33 87 53 90 88 2 28 80 17 6 48 80 23 72 38 8 75 70 5 79 68 91 76 98 10 76 38 51 9 15 83 97 27 23 98 5 30 44 8 30 86 78 18 93 57 40 2 67 61 69
83 48 90 82 3 52 68 86 60 45 8 71 51 87 70 8 47 29 55 93 11 23 78 99 14 22 39 7 78 94 89 27 28 9 9 21 96 90 50 98 23 76 92 59 22 70 18 17 25 26
99 53 99 43 70 15 52 23 36 97 47 88 84 6 62 23 83 49 58 73 79 56 96 91 14 77 66 0 3 87 58 24 84 73 41 92 98 42 17 26 9 88 99 93 80 82 36 94 95 68
49 46 20 3 48 22 9 72 19 76 6 80 41 37 97 31 21 87 26 83 28 8 87 62 45 49 2 22 5 99 32 36 12 47 65 10 17 63 79 99 8 97 51 63 13 94 82 51 77 68
54 67 25 83 77 68 66 62 77 75 21 37 2 3 22 32 50 32 24 77 16 3 5 49 22 27 71 7 65 42 64 46 39 20 85 22 88 24 74 0 61 4 58 6 62 52 58 30 92 88
88 31 37 31 13 12 12 16 2 57 3 58 36 62 46 55 62 97 88 35 13 16 98 28 57 98 84 82 6 19 50 66 91 45 55 56 69 99 90 93 41 6 54 94 66 82 28 90 55 52
82 39 70 95 6 0 94 28 40 12 81 33 17 51 44 81 68 46 74 10 96 24 56 36 78 96 73 14 22 92 93 91 16 75 22 25 77 1 81 86 7 99 75 86 33 81 98 45 76 39
46 22 59 89 58 10 57 99 92 43 77 40 53 4 6 81 3 96 15 68 83 6 7 97 35 28 21 26 67 19 25 52 8 92 46 19 28 60 42 95 57 3 7 23 99 5 92 14 98 20
90 41 66 71 67 33 60 22 51 95 80 18 70 18 87 98 26 55 87 2 31 19 11 62 62 51 48 6 18 96 59 78 21 35 71 37 3 5 24 49 30 64 64 71 68 39 46 95 70 35
67 69 61 64 50 44 33 3 56 5 34 82 50 95 84 40 5 82 30 11 31 32 14 29 37 28 96 73 42 98 68 8 29 78 33 22 74 63 77 91 41 9 26 57 13 32 44 45 65 83
97 1 80 95 48 91 45 89 88 38 2 97 72 65 95 14 61 45 85 94 66 53 13 79 71 57 66 13 9 84 84 14 49 53 73 36 27 55 10 65 7 48 35 86 69 3 3 47 43 36
91 61 65 70 47 93 15 14 13 67 17 15 3 72 12 74 36 34 86 64 4 54 33 71 56 23 73 11 93 64 58 65 47 54 32 8 69 47 76 24 95 4 40 10 64 26 2 29 67 75
11 50 61 50 81 7 45 19 47 80 17 37 92 3 13 69 45 89 72 67 77 47 53 11 17 87 36 96 59 88 11 6 84 19 93 77 42 3 29 43 45 40 70 7 83 91 44 74 49 77
54 60 93 24 23 73 10 54 56 49 12 10 62 13 36 51 51 38 49 81 83 56 84 20 51 97 93 27 3 98 39 0 87 75 37 23 55 20 88 84 6 25 58 37 84 25 46 31 0 4
69 99 65 76 37 35 46 53 11 81 94 52 53 89 4 5 60 11 52 1 34 11 2 87 79 24 61 42 46 5 19 16 20 31 69 55 53 97 36 0 68 33 24 63 3 51 14 98 82 47
43 76 75 57 22 98 72 94 73 86 65 60 32 19 12 76 6 97 3 50 30 37 92 39 95 43 25 53 41 6 45 3 74 46 41 79 50 20 10 8 93 83 88 25 58 15 13 91 10 82
47 32 27 44 74 17 9 82 52 45 94 55 91 12 26 93 47 44 44 36 31 71 14 62 50 8 88 47 41 51 70 36 31 61 97 24 74 67 9 58 20 4 51 32 69 35 57 53 0 23
35 7 43 57 94 88 42 43 93 5 81 29 82 8 5 45 89 61 34 1 41 83 90 93 76 10 60 58 73 16 30 21 51 39 63 64 37 11 57 74 41 56 27 3 32 84 69 21 66 10
36 18 38 66 99 63 60 92 35 13 17 47 49 20 57 90 77 85 85 47 47 60 61 3 45 94 2 18 42 11 65 12 64 84 34 5 38 63 86 74 31 21 90 30 31 55 30 91 21 14
48 80 16 3 13 62 69 18 0 94 57 12 79 26 13 50 1 2 50 86 16 45 57 66 96 45 21 13 56 97 99 71 49 89 29 3 91 74 15 74 12 10 78 7 64 98 1 94 8 3
60 36 10 4 21 87 3 60 68 55 47 64 11 54 2 5 56 39 54 32 23 48 91 86 50 99 78 42 25 80 13 66 22 18 64 3 87 0 45 56 77 68 93 46 17 16 9 84 30 75
75 36 24 47 53 0 63 73 33 58 30 48 69 49 96 59 72 14 51 45 31 73 98 32 28 21 20 66 85 16 38 84 21 82 31 60 15 47 51 82 85 67 7 33 65 28 49 47 24 28
46 52 97 82 28 24 28 43 80 95 7 47 36 10 54 60 53 34 45 24 9 58 37 74 15 97 85 36 83 98 11 69 71 42 66 82 45 42 34 16 45 31 91 40 82 44 57 90 44 90
47 38 37 49 77 56 33 99 98 30 82 54 72 42 46 42 47 24 66 49 97 93 13 10 85 44 6 28 90 77 60 51 65 42 14 78 36 74 25 82 68 81 91 91 57 97 91 33 51 52
28 49 46 3 18 85 0 4 93 86 66 90 58 0 11 94 86 32 69 11 48 86 87 91 14 70 16 27 27 23 33 84 95 87 90 98 41 44 56 89 98 81 50 76 9 65 24 42 93 68
67 34 63 90 46 30 44 0 14 85 8 37 61 99 90 70 34 33 41 70 57 39 88 90 93 80 38 26 50 31 7 56 87 84 94 73 13 7 10 30 73 28 75 42 9 68 54 19 30 61
20 12 89 53 0 15 79 13 94 46 47 41 6 33 16 84 92 4 48 56 54 67 35 85 34 88 76 95 25 36 43 62 6 89 46 81 31 5 4 23 42 32 14 44 67 95 49 82 39 58
43 57 33 20 51 55 59 85 27 91 48 10 52 90 64 17 82 63 53 17 80 10 75 17 50 89 86 3 1 8 67 55 78 70 44 63 99 20 25 90 62 71 5 37 67 50 29 58 76 75
52 95 60 51 59 66 31 13 20 24 41 68 7 21 12 6 75 35 22 92 55 35 11 76 74 67 79 99 71 1 44 10 87 71 92 60 99 13 18 73 64 87 49 49 60 79 94 15 81 46
93 81 7 68 49 20 11 81 28 68 76 59 52 80 83 0 98 69 28 13 87 8 35 72 99 64 99 67 97 5 84 31 5 90 73 24 41 61 55 87 1 14 56 99 72 46 42 11 71 31
29 29 83 20 1 23 72 10 88 68 84 78 0 10 86 34 8 22 10 0 61 45 53 97 88 93 55 69 81 86 9 56 71 42 4 87 22 77 84 57 31 86 94 99 90 81 40 81 87 84
27 1 59 15 53 76 73 92 29 91 98 71 62 64 77 77 3 96 17 34 48 60 45 23 51 86 35 39 11 25 82 82 36 38 34 29 55 36 17 33 23 35 58 97 15 69 18 67 20 4
63 36 59 98 56 3 1 26 37 20 71 74 64 5 88 69 35 92 94 40 48 61 19 35 7 42 83 83 27 35 39 18 14 81 98 36 25 6 81 14 45 63 38 77 38 58 17 32 3 6
9 2 46 81 24 91 10 8 47 49 40 97 66 10 41 59 71 10 92 33 93 21 7 7 17 59 91 81 30 65 36 15 85 84 6 37 71 43 16 24 0 95 65 3 36 48 8 14 63 44
52 97 30 84 44 6 60 99 72 96 21 54 62 81 30 31 22 12 41 77 43 81 26 18 71 87 42 56 62 26 26 85 52 32 0 21 52 73 59 14 1 72 23 10 51 82 65 8 98 57
13 54 97 79 5 90 7 56 95 0 57 27 84 66 12 41 97 73 27 45 62 86 90 28 68 56 49 38 51 86 82 39 42 61 4 15 36 88 41 95 98 97 91 34 69 94 73 52 85 67
18 78 10 3 5 48 84 58 31 53 31 37 29 19 51 89 77 82 96 51 28 97 58 46 87 11 79 60 74 9 6 11 1 59 6 25 38 28 12 67 84 96 4 59 82 56 64 40 4 2
