50 50
11 45 32 32 18 82 11 31 5 50 80 88 75 68 13 24 16 98 37 79 46 20 78 29 82 99 54 88 58 87 44 4 39 58 78 82 45 65 47 97 56 49 19 0 98 10 65 16 42 24
16 35 8 62 73 57 70 50 46 78 75 79 64 74 29 89 19 52 9 92 93 41 25 51 46 89 40 51 40 57 69 91 79 2 9 19 6 62 42 36 43 61 20 28 81 0 10 45 36 86
64 17 60 28 41 63 54 99 46 5 79 56 39 3 49 8 88 62 10 73 95 70 62 16 66 3 37 93 34 15 65 78 28 6 86 28 93 85 4 36 88 14 8 63 62 6 43 21 91 5
16 5 82 1 35 3 6 16 28 9 71 54 77 10 79 50 78 31 25 55 22 66 60 25 83 39 24 91 64 4 82 30 97 86 24 70 7 71 70 99 64 37 29 94 85 16 77 10 70 92
68 10 6 29 11 83 60 50 16 14 23 83 81 39 45 11 48 87 67 89 65 15 43 3 0 80 85 67 14 74 14 91 87 84 71 87 2 55 84 93 96 48 85 52 18 31 73 20 50 36
97 4 47 91 63 11 26 30 7 85 82 52 88 28 59 22 14 93 79 68 11 42 67 56 42 98 24 4 33 1 87 10 53 21 6 77 48 96 98 24 2 83 78 86 33 38 70 24 1 80
79 86 49 16 85 87 7 48 40 79 72 20 85 58 67 9 85 25 6 14 70 14 52 23 21 92 18 28 48 11 83 86 64 5 24 84 93 1 38 48 51 57 3 70 82 72 71 34 23 1
7 49 12 56 99 7 0 23 24 49 6 20 38 94 68 68 79 79 74 20 80 58 46 91 3 54 88 86 53 13 21 16 95 46 71 77 11 89 51 56 57 82 23 17 35 0 77 18 87 49
40 96 40 83 4 88 40 85 76 10 33 96 31 84 8 73 70 58 58 10 51 11 84 54 44 43 20 11 40 61 95 28 32 16 81 19 5 37 20 17 93 81 66 76 74 4 43 6 27 45
26 64 41 87 96 82 5 77 38 62 89 68 94 33 56 20 44 30 65 63 66 94 1 46 70 14 85 72 33 35 1 85 49 86 76 25 93 35 82 36 66 56 98 90 9 88 40 52 96 46
95 99 10 33 37 67 75 1 71 7 52 1 59 88 66 59 94 0 98 26 72 82 85 39 60 6 20 67 13 35 95 93 87 89 24 24 6 48 5 35 13 17 45 55 72 13 7 60 19 35
92 30 89 75 62 91 94 95 4 69 18 66 95 35 24 17 63 60 89 91 78 31 75 74 88 44 34 78 3 14 79 36 78 20 93 30 71 44 70 29 2 14 38 42 61 58 17 57 48 88
86 76 34 50 46 27 62 16 8 97 15 88 55 63 63 39 39 18 32 26 66 91 14 64 56 9 15 63 63 49 56 90 77 66 87 55 12 36 63 60 94 39 96 1 56 14 78 84 54 77
74 33 45 28 16 74 39 34 13 94 31 2 49 85 10 37 4 96 41 23 32 61 25 18 75 61 15 39 7 25 37 59 25 17 61 13 1 56 41 4 33 91 72 18 25 56 18 32 3 11
3 62 10 89 85 0 64 30 10 82 51 48 85 93 28 12 86 47 52 87 39 48 4 59 54 50 89 5 50 41 88 62 12 85 18 2 56 42 92 9 16 45 17 17 45 81 82 72 65 75
31 19 85 89 47 72 25 70 52 31 42 6 95 89 89 13 64 88 85 51 64 51 72 75 30 66 88 12 6 41 95 33 99 37 94 17 47 98 95 78 58 33 4 51 70 90 57 15 72 18
81 70 47 0 86 79 66 13 12 9 25 51 31 19 57 22 50 81 52 49 46 24 32 36 28 36 75 32 58 91 37 34 33 91 74 55 51 64 16 7 67 90 94 35 8 88 16 55 33 24
91 53 71 62 56 48 31 37 13 78 90 80 11 59 54 91 82 51 97 0 75 85 4 64 28 75 6 72 91 32 82 21 21 60 29 26 62 38 21 51 82 43 78 94 0 30 54 88 66 80
62 9 50 69 55 50 74 67 18 25 16 20 76 59 0 62 36 32 67 33 77 28 48 82 63 74 1 55 31 36 70 22 90 83 99 79 29 16 98 21 61 95 88 18 37 31 81 43 71 3
12 56 70 21 54 86 20 72 55 2 91 27 87 13 54 18 91 75 42 46 98 73 4 19 38 64 67 65 34 60 12 25 42 71 99 69 43 23 99 63 30 9 97 32 0 27 2 78 98 21
65 35 50 33 19 41 20 52 4 67 92 36 98 16 4 65 52 2 12 87 89 74 22 11 31 62 36 93 36 90 99 78 3 5 67 52 63 61 32 77 3 97 23 89 13 37 71 51 99 69
88 86 16 45 89 9 96 53 51 32 99 53 22 19 92 46 92 19 80 3 57 13 42 69 24 81 95 11 93 96 0 95 32 43 51 8 7 47 32 76 42 15 8 78 6 67 28 87 11 74
32 12 32 5 59 72 47 93 75 79 67 73 49 59 68 27 59 0 49 27 60 75 73 58 97 55 84 65 15 84 95 58 53 72 42 93 2 19 38 28 32 75 43 42 31 98 29 17 61 90
90 39 54 27 42 30 89 37 1 64 46 38 64 77 24 53 36 58 17 23 15 29 83 27 41 50 18 40 44 73 27 42 39 23 34 28 61 90 96 60 42 40 97 42 77 1 82 84 71 95
55 91 59 38 92 86 6 60 76 56 30 49 93 96 95 53 87 4 62 53 42 78 3 34 59 41 46 77 48 43 83 9 98 52 41 63 4 77 79 7 5 40 30 24 0 75 25 47 7 49
37 73 8 28 73 18 83 29 77 77 76 81 73 40 23 4 61 85 3 71 99 74 4 17 57 55 65 20 73 99 74 82 90 62 6 21 45 84 64 67 37 64 41 67 33 3 82 86 24 79
6 96 25 92 60 68 74 62 68 44 87 44 38 36 27 20 79 53 55 64 31 21 38 91 34 58 84 68 8 77 37 62 62 54 84 77 57 86 0 30 70 21 77 34 46 70 60 3 22 47
43 66 85 34 58 11 97 93 45 52 46 23 26 76 95 79 51 73 20 61 31 47 57 89 97 56 85 2 40 11 26 18 41 44 39 14 78 32 75 17 27 44 15 80 85 80 62 12 44 37
72 76 98 53 3 84 45 60 48 70 22 95 59 56 84 83 1 56 49 74 94 23 52 47 84 92 47 80 39 99 46 42 29 44 44 27 62 97 0 25 33 24 43 0 57 49 44 22 71 78
77 74 68 23 92 57 84 88 81 74 27 25 61 99 10 61 20 88 88 63 72 35 62 27 31 27 49 14 97 89 71 96 45 96 22 46 43 53 38 5 10 36 95 60 83 20 74 81 22 34
71 58 87 97 24 1 41 17 5 66 7 68 91 9 47 80 55 54 12 26 18 36 60 5 33 36 98 86 87 29 37 89 9 43 91 70 44 82 15 68 7 8 36 92 68 21 57 8 11 93
40 18 29 6 30 20 41 51 6 59 7 25 21 93 94 14 80 25 81 6 59 70 51 40 85 58 85 83 15 3 86 57 41 2 11 69 90 64 38 94 73 4 1 39 3 3 34 89 54 33
44 24 59 68 65 3 53 63 0 55 47 39 58 89 74 73 79 29 0 40 99 0 2 47 77 75 14 24 91 15 1 71 40 36 11 49 59 40 24 77 92 8 0 92 41 98 33 73 74 95
57 74 14 19 37 47 57 70 35 70 48 1 3 56 40 49 81 56 97 88 81 30 43 31 10 9 60 6 66 37 46 49 65 36 70 25 83 6 56 28 79 41 1 73 61 9 77 68 88 27
96 91 39 27 32 80 90 95 61 17 19 64 65 44 35 93 68 42 57 94 0 73 89 31 76 63 56 34 62 4 12 53 48 38 11 89 67 43 47 39 35 15 3 17 47 32 2 85 54 92
62 2 66 30 69 59 69 11 27 31 34 12 30 69 67 27 90 21 33 33 21 57 75 82 88 42 17 11 72 20 79 72 87 20 41 29 36 27 16 1 79 29 23 49 71 65 63 57 66 1
67 3 48 55 55 43 18 16 88 97 96 6 86 59 31 42 13 34 96 99 77 19 10 46 50 64 5 27 39 40 60 96 60 92 55 31 32 39 61 20 68 21 62 95 18 35 52 94 83 99
47 6 63 35 69 74 45 5 46 94 13 40 86 2 86 90 69 86 74 21 67 33 92 58 19 61 56 39 42 83 7 47 5 84 68 10 36 87 89 57 89 51 70 38 37 10 45 31 60 75
21 69 72 57 83 71 25 1 79 40 24 82 53 77 62 23 41 30 28 77 88 6 70 36 27 21 0 98 48 7 6 70 54 40 7 64 27 86 12 58 46 46 81 28 96 89 56 51 75 66
28 12 65 18 44 85 39 96 89 45 11 17 83 59 8 37 46 65 89 91 87 73 10 24 0 54 27 44 77 42 27 51 43 22 80 57 1 87 15 28 8 75 84 29 79 58 94 5 73 11
36 57 55 56 51 54 49 37 92 41 96 46 53 96 82 6 75 18 94 76 71 7 40 16 3 74 35 64 58 50 75 10 0 92 58 94 38 7 78 82 59 22 15 44 82 16 64 72 42 85
99 43 99 36 57 98 61 62 8 14 58 86 60 80 60 9 53 66 11 44 40 23 0 2 45 33 2 90 47 88 22 25 3 74 68 42 55 66 14 28 63 89 67 6 0 15 45 25 5 3
96 45 42 48 11 24 9 27 79 47 84 74 18 90 5 9 43 19 20 17 7 93 88 23 4 73 98 86 72 89 9 55 36 61 17 60 44 39 69 93 98 69 2 9 46 60 56 35 36 92
11 74 19 62 32 54 87 47 83 62 97 26 37 96 55 87 30 45 78 10 78 7 30 26 12 63 1 0 17 95 77 5 74 68 44 41 72 89 12 26 29 56 2 14 7 49 39 67 93 84
99 43 58 32 22 38 33 60 52 47 37 26 12 33 79 59 92 73 1 99 57 17 93 99 99 78 80 31 49 21 22 77 19 41 3 27 14 49 56 61 64 24 70 24 27 27 79 76 13 14
45 40 10 32 89 34 66 18 83 36 57 93 7 97 14 82 6 78 83 43 15 72 39 69 3 27 94 71 1 80 48 20 3 93 27 9 78 40 97 56 53 29 5 32 12 68 83 27 11 55
6 73 1 83 88 5 16 33 45 78 55 59 3 63 8 34 5 57 84 80 93 8 10 71 88 92 1 69 44 49 90 90 54 20 85 21 25 18 66 33 68 98 70 41 57 79 21 31 91 23
43 69 62 86 51 76 69 57 87 62 39 87 48 88 6 76 83 41 86 74 96 77 33 63 58 33 79 29 46 58 9 95 66 76 55 17 73 77 11 94 3 43 78 24 45 56 93 51 25 29
77 51 69 60 36 46 3 93 85 97 68 42 14 16 34 42 23 95 18 31 38 31 7 25 1 96 57 58 64 6 71 43 38 2 26 32 75 54 65 12 10 3 18 31 70 30 15 29 95 55
47 46 19 56 1 36 66 18 45 99 75 14 35 69 41 41 68 44 45 39 25 37 12 46 65 90 56 55 10 92 91 67 31 26 82 46 83 51 60 42 62 31 11 38 44 3 11 53 68 99
