15 97 21 18 83 4 13 21 76 80 93 87 24 46 87 37 36 23 88 96 70 93 74 55 33 74 36 54 46 35 24 52 5 67 8 87 74 71 82 34 45 36 14 55 92 15 67 97 91 29
12 67 15 70 98 87 58 20 91 77 54 87 30 59 50 11 6 4 14 31 96 9 79 0 84 83 72 0 83 66 3 33 33 39 97 55 87 78 65 46 10 74 36 8 16 86 67 26 33 77
18 29 43 98 34 92 57 79 15 29 27 88 37 38 27 78 95 88 55 36 6 48 99 69 31 68 72 14 19 12 81 11 51 51 96 95 63 5 27 97 65 30 46 5 11 74 10 69 82 94
21 66 45 75 30 49 11 3 19 51 40 -1 55 8 16 70 64 13 57 29 85 35 53 28 2 80 42 74 97 54 17 20 76 50 16 64 5 74 93 28 76 71 97 41 48 34 60 77 59 36
5 67 90 29 8 40 44 17 12 46 80 78 64 86 51 93 78 27 37 44 52 3 46 6 58 62 27 46 98 22 89 92 64 31 60 26 88 51 5 65 50 29 28 28 31 21 34 16 20 10
57 27 70 61 25 3 93 59 45 69 71 1 76 59 83 46 100 63 49 95 30 23 55 49 19 59 40 -3 96 4 81 80 60 42 24 2 48 36 14 70 96 46 34 91 9 39 32 30 56 23
31 17 35 34 36 60 98 19 26 49 58 53 101 31 55 7 70 28 50 82 17 98 67 28 51 59 5 79 56 91 75 13 64 30 69 63 67 83 45 58 41 87 59 9 78 71 53 38 71 56
47 42 56 89 34 40 30 15 5 60 62 64 9 71 9 65 22 75 89 27 90 28 12 4 72 3 80 10 78 95 52 60 63 38 59 75 89 93 80 34 99 44 32 4 40 42 23 10 58 2
22 17 39 89 4 74 40 74 59 37 9 38 72 27 58 55 46 69 64 58 93 31 67 73 49 42 27 7 41 56 50 16 96 96 24 85 5 35 20 84 95 77 24 65 17 3 92 49 80 27
9 1 38 94 43 32 57 96 71 69 83 88 68 44 28 32 83 29 57 76 76 21 71 61 101 52 34 27 18 95 49 44 82 75 11 78 23 67 54 45 26 9 6 34 77 46 5 5 72 68
92 6 86 7 71 71 22 79 74 64 95 42 70 65 65 66 73 57 72 64 89 55 11 82 52 71 62 45 3 15 83 63 97 15 65 78 94 79 6 46 67 19 20 59 9 78 99 9 40 36
73 84 98 67 60 87 38 90 75 20 18 18 3 8 16 34 33 69 6 84 73 83 22 53 98 79 41 10 61 31 83 0 100 59 70 45 101 90 73 23 22 61 47 31 95 5 62 75 90 89
12 39 29 58 57 86 32 22 26 7 52 18 69 80 10 42 25 79 45 1 91 23 53 73 63 93 99 6 62 92 29 99 47 62 73 60 35 89 27 18 4 4 7 58 100 97 58 24 19 50
12 15 7 2 89 45 32 78 59 1 18 67 57 32 100 48 35 91 51 72 34 24 32 90 46 89 7 15 49 84 85 37 84 11 19 39 80 75 66 82 85 82 16 75 68 77 64 66 38 39
26 64 20 26 36 69 35 29 55 67 8 55 92 26 71 6 5 28 77 56 70 51 24 45 28 89 12 21 100 68 79 62 31 80 42 32 79 2 78 97 63 86 64 74 19 20 9 73 64 1
25 16 42 74 65 68 63 56 7 41 36 35 40 11 37 85 72 67 72 52 33 36 69 19 81 29 73 34 85 95 82 86 5 19 91 43 72 34 35 28 75 69 93 87 28 19 92 41 32 45
102 12 60 17 12 42 101 93 24 82 89 35 19 73 74 27 67 56 39 22 55 49 91 100 24 47 30 37 16 73 57 60 76 27 76 37 28 54 6 54 52 54 77 88 11 70 38 14 31 92
56 51 43 3 70 70 86 70 96 44 24 66 79 8 7 13 54 15 87 76 19 31 42 91 76 30 17 59 61 32 47 21 35 84 84 17 75 87 44 23 61 2 85 31 50 85 16 56 43 67
52 32 28 91 93 45 7 62 81 30 92 75 98 25 19 89 88 29 49 21 84 28 69 75 86 19 73 24 53 30 99 2 51 27 16 43 38 34 25 31 9 16 4 40 16 10 46 65 78 8
64 50 60 63 32 6 33 1 65 1 53 50 59 48 86 11 45 40 20 87 101 61 90 14 81 80 58 4 24 0 18 21 19 72 69 20 27 51 83 9 53 4 16 84 32 47 70 43 47 58
67 84 20 65 34 10 19 44 94 58 42 49 57 7 32 65 47 20 98 77 84 26 79 49 7 30 15 1 72 52 39 93 98 83 90 46 21 72 42 11 14 25 89 90 82 38 79 19 83 93
86 6 51 39 39 61 81 45 28 84 3 44 68 92 63 40 6 3 3 63 61 13 77 39 12 84 27 78 50 95 75 94 6 31 74 54 55 15 41 35 94 3 23 77 89 50 101 22 17 9
10 23 52 61 76 88 3 15 88 28 35 5 98 32 16 83 30 65 53 26 13 4 18 28 71 78 52 60 18 27 21 16 81 53 46 44 16 68 87 32 56 65 22 77 93 84 32 59 39 83
80 11 43 56 8 70 12 35 18 25 100 41 87 83 34 93 67 35 45 38 64 74 97 74 38 9 99 5 67 90 38 6 47 -1 34 67 20 26 34 32 18 28 49 63 11 84 53 79 77 78
84 67 63 92 43 65 4 23 95 29 90 25 82 4 87 99 95 3 20 78 40 60 8 60 36 83 81 54 93 21 52 92 94 63 9 62 100 93 13 100 66 59 7 92 61 82 42 41 10 6
72 48 80 65 68 3 87 17 75 8 17 16 81 6 66 5 38 86 4 59 38 14 6 53 76 63 58 47 81 38 55 14 67 18 16 78 29 79 96 6 89 14 70 19 97 65 38 60 27 86
85 9 75 56 41 97 42 6 20 63 41 77 17 1 54 1 92 79 8 50 53 70 80 22 51 82 26 84 32 5 39 10 54 21 81 47 64 70 92 25 53 86 77 81 43 92 5 82 42 45
78 77 100 16 39 52 31 34 57 68 19 96 6 71 27 87 71 50 17 7 46 -3 52 13 65 82 25 84 15 87 26 18 72 44 27 19 93 46 93 41 54 87 13 -2 38 52 71 80 23 58
85 47 68 2 54 2 13 71 4 53 16 70 82 99 94 34 69 40 23 70 88 7 74 10 83 67 48 72 64 38 5 7 13 74 93 32 97 93 88 42 84 46 12 90 3 17 64 67 43 24
13 76 24 40 15 96 87 93 100 -2 90 77 31 20 54 49 97 11 35 23 91 34 98 74 52 74 45 2 91 75 7 25 25 34 82 80 4 47 50 5 101 32 65 81 54 14 46 36 78 88
58 26 47 62 84 97 23 78 67 44 70 99 49 49 95 1 45 77 87 15 46 31 95 44 70 31 64 65 100 35 66 50 35 29 5 32 77 90 58 36 67 41 92 56 84 81 53 71 63 38
54 70 8 15 91 66 23 6 17 31 20 49 54 67 96 38 88 62 48 13 85 96 79 45 97 16 98 9 76 53 45 6 2 27 82 95 29 52 75 40 4 34 63 27 69 8 29 14 55 78
55 65 96 64 76 97 45 64 6 33 61 64 65 57 99 26 78 40 46 83 25 33 24 2 96 46 51 5 4 61 86 29 10 32 25 16 92 48 102 44 25 72 14 6 98 78 88 83 66 47
82 39 58 21 92 63 92 66 56 78 16 47 93 40 94 28 78 22 85 83 63 11 96 58 81 45 84 44 14 68 91 71 19 33 26 14 74 9 67 40 8 27 74 96 69 27 79 22 73 51
20 28 7 69 14 27 99 69 21 86 80 4 18 80 24 92 29 77 45 6 8 77 44 68 89 30 41 62 82 79 98 83 64 49 48 88 79 93 55 48 63 43 10 48 82 82 31 6 39 83
64 65 52 68 6 37 95 71 59 9 37 38 9 67 26 48 43 34 89 22 95 79 67 14 60 69 93 59 47 21 40 0 90 83 84 71 51 52 13 7 18 10 5 53 47 38 12 43 11 72
48 97 50 27 57 1 46 16 48 82 84 28 102 95 11 24 56 52 88 31 13 7 88 31 99 88 78 92 100 61 72 88 90 66 68 55 99 35 83 73 60 24 101 55 64 15 95 77 30 88
30 65 13 0 76 65 32 74 55 13 47 71 16 44 49 95 2 46 23 8 71 13 38 59 96 48 62 75 82 40 56 7 91 56 15 16 27 0 2 29 21 73 27 76 8 1 39 -3 101 14
61 82 98 40 70 59 7 38 67 26 88 28 65 44 88 13 42 77 23 38 90 24 13 74 78 62 95 95 63 81 35 28 97 100 51 21 34 78 33 2 53 18 30 56 84 79 77 99 16 52
24 70 82 15 8 62 80 11 57 72 38 35 37 74 65 83 84 13 43 28 97 19 90 58 93 28 94 75 16 33 60 54 44 25 37 41 96 87 76 67 79 84 72 75 88 74 60 20 86 80
15 53 25 19 69 57 9 5 95 99 53 86 23 48 24 54 49 60 62 34 87 62 39 41 32 48 101 72 70 66 81 12 49 81 41 11 32 64 58 74 98 40 26 80 21 40 50 98 54 66
4 1 69 1 31 21 53 91 51 68 35 80 53 95 50 84 6 19 49 2 10 1 52 19 7 71 20 69 94 79 62 37 83 43 7 4 13 44 86 57 23 18 47 24 4 38 71 14 68 -3
15 89 77 84 92 88 65 29 37 84 80 7 8 90 79 71 6 10 72 93 43 92 85 90 50 23 23 52 70 60 40 60 54 45 92 90 4 21 36 98 52 9 62 78 21 31 87 11 25 34
15 3 80 72 78 77 77 73 86 92 3 33 3 47 75 8 22 88 22 96 52 65 68 14 48 64 37 94 35 5 36 73 101 8 19 -1 52 71 20 25 90 64 42 24 41 55 36 20 100 69
58 78 65 9 88 60 35 90 26 75 24 25 8 17 76 40 69 59 4 94 11 12 98 79 13 12 89 23 36 34 78 80 34 74 9 38 100 46 68 7 34 53 92 64 98 46 40 95 87 32
49 84 31 37 10 69 55 30 12 78 31 62 6 89 65 1 85 36 13 49 33 51 70 3 10 35 98 31 52 33 66 48 31 45 56 30 77 68 24 -2 15 40 83 77 52 28 51 27 78 75
9 49 73 8 10 7 98 52 83 11 43 97 45 54 30 54 11 49 16 42 94 6 67 81 25 76 24 72 96 34 81 58 4 47 16 46 14 46 59 2 89 71 61 8 31 68 18 27 58 49
61 80 101 53 51 48 50 3 25 91 56 13 61 89 58 82 50 67 86 95 57 15 23 13 38 66 70 21 30 21 10 94 49 48 15 59 55 43 37 31 46 61 14 23 49 9 98 25 8 24
56 2 102 19 97 12 97 35 30 2 68 57 69 69 10 99 20 16 67 55 89 100 63 24 69 9 42 92 64 99 75 66 68 61 65 90 71 70 53 16 99 79 10 22 82 93 96 39 33 17
3 61 98 8 71 13 61 73 39 90 84 19 32 8 21 76 23 96 45 54 71 23 30 25 68 67 32 12 34 36 44 10 67 77 49 78 48 36 19 13 10 51 76 13 23 77 16 17 26 22
El programa tardó 0.0 milisegundos en ejecutarse.
