24 4 59 76 94 27 85 66 67 70 52 43 101 45 92 25 23 30 7 75 53 34 7 31 83 29 43 11 17 66 30 53 9 5 48 88 97 81 6 69 9 28 3 70 46 10 55 52 31 94
90 0 84 48 82 74 26 40 83 20 44 14 64 57 26 31 99 20 16 67 21 42 2 6 87 42 88 6 39 30 33 29 77 50 87 1 7 12 90 75 97 10 72 49 62 39 101 3 56 78
43 22 69 49 71 52 36 63 43 16 83 18 59 13 42 16 99 51 72 51 53 21 9 5 14 52 76 76 76 18 64 13 83 95 55 12 15 80 81 82 39 55 45 77 79 62 91 51 26 48
15 95 4 47 30 78 50 48 16 68 67 54 39 8 75 65 29 63 81 72 38 75 47 59 87 80 80 87 52 89 69 51 25 15 21 22 58 47 70 -1 53 63 57 44 73 28 23 64 89 84
54 73 15 11 15 51 90 12 62 47 87 72 77 66 39 66 71 84 89 21 25 55 27 27 93 2 53 23 59 92 3 55 63 74 31 16 36 10 69 56 54 85 15 72 12 57 89 69 34 79
56 8 100 63 99 82 22 14 100 90 27 84 55 45 30 91 76 26 46 20 45 78 66 66 86 -1 54 65 63 36 63 28 3 86 34 35 21 6 61 81 62 2 3 37 36 67 34 30 94 31
42 25 26 100 60 4 62 4 31 7 98 2 59 16 73 20 40 74 27 80 64 27 92 84 23 86 29 78 95 67 80 28 15 58 101 63 39 70 21 68 54 73 85 41 67 64 18 55 62 61
51 -1 40 54 77 50 46 49 42 52 93 59 9 13 31 80 87 89 77 9 100 95 4 11 11 87 12 90 52 33 56 81 82 45 89 74 95 8 49 23 62 8 11 27 97 37 19 93 83 21
63 39 54 82 29 6 29 34 50 71 13 38 4 64 20 13 55 80 74 10 30 47 25 86 94 87 75 16 88 74 44 82 66 37 37 87 61 51 35 31 38 88 48 11 28 3 79 98 11 87
95 65 43 10 17 96 41 47 88 -1 68 43 95 72 39 29 15 95 71 6 87 77 46 65 37 73 58 78 4 24 66 17 21 20 73 32 6 18 22 56 37 5 85 95 66 26 38 58 4 61
50 54 50 93 81 2 38 29 13 68 21 86 10 82 35 79 11 91 88 57 18 18 24 1 48 84 41 24 67 70 27 73 91 43 44 99 35 97 39 71 98 42 94 71 53 67 17 6 64 23
59 64 79 57 26 50 66 76 42 69 44 36 95 49 29 24 44 73 68 62 63 66 40 62 34 83 25 1 43 47 4 45 28 10 25 48 15 19 101 49 45 18 12 34 28 1 85 79 95 6
11 27 84 41 47 64 11 52 81 21 9 79 21 9 31 21 54 100 73 38 26 60 101 72 45 92 84 47 41 53 41 64 87 42 56 56 80 31 96 36 29 21 70 33 9 24 87 72 80 4
49 17 15 65 97 23 99 87 13 94 32 31 92 90 69 60 93 72 63 65 38 16 92 3 24 25 82 88 71 21 3 17 43 31 78 2 41 65 89 5 56 69 84 77 18 68 59 22 57 4
21 45 58 85 99 14 5 65 12 3 25 55 100 61 6 53 87 27 66 53 79 58 47 12 53 26 57 44 86 46 70 91 17 79 57 20 77 73 102 64 83 76 66 23 32 5 67 54 49 14
60 30 100 55 43 32 101 38 50 2 29 50 58 95 52 43 75 54 2 93 13 29 85 24 53 61 92 45 91 40 5 95 32 13 9 42 99 11 99 11 15 12 85 50 21 75 60 18 57 36
51 94 16 59 26 66 57 13 69 73 61 99 43 9 83 26 45 87 40 77 50 48 25 13 30 100 20 5 42 29 43 99 78 7 61 20 64 98 58 34 30 34 71 36 37 40 20 3 35 39
76 30 31 89 24 81 29 4 93 60 16 29 86 67 35 71 2 16 69 74 77 95 44 84 63 9 24 48 86 34 12 14 39 24 81 93 73 31 67 79 4 56 8 41 9 28 100 14 41 56
19 71 25 76 22 28 86 42 94 91 20 7 65 4 43 14 91 87 4 97 92 77 98 51 51 59 63 56 37 54 97 25 98 40 77 43 73 60 59 40 101 39 32 56 101 62 63 58 25 71
6 56 98 65 100 2 10 6 20 2 74 31 6 91 43 64 72 35 101 87 91 93 16 77 18 88 49 90 53 62 81 61 55 20 32 71 34 82 50 57 6 37 22 4 49 83 4 90 47 17
23 50 5 72 92 7 91 10 84 16 80 34 58 46 33 79 11 74 58 53 11 7 35 55 101 3 93 20 26 79 78 64 98 33 83 14 53 31 31 42 60 53 80 23 52 34 102 12 80 70
28 -2 6 13 75 32 99 45 63 -2 66 96 57 70 2 66 60 3 14 34 74 24 96 64 44 63 87 85 90 31 93 64 4 19 66 84 56 46 60 4 49 41 28 57 3 29 16 15 19 33
32 57 21 16 66 13 38 92 65 47 7 41 10 84 52 77 85 28 82 58 92 37 18 3 25 38 75 62 37 86 21 95 60 57 60 87 14 99 20 72 32 66 78 80 25 76 89 11 101 74
68 44 92 75 67 36 64 40 28 16 18 65 57 87 48 68 34 96 11 -1 17 1 83 4 8 67 19 94 52 81 8 13 27 90 20 70 97 10 63 11 95 13 40 22 34 96 66 38 19 65
23 87 5 15 92 41 77 25 44 83 94 34 84 65 51 48 69 94 9 96 81 33 76 53 96 67 74 37 36 91 30 59 99 51 13 78 45 69 43 3 11 52 86 49 39 32 33 46 81 12
21 -1 83 58 72 91 2 73 40 43 6 17 49 8 4 5 65 68 33 78 86 91 30 35 74 80 6 35 16 42 76 77 29 67 30 11 36 54 50 53 99 25 45 30 96 88 59 82 42 53
39 38 76 25 61 52 39 93 45 55 61 89 20 55 69 34 86 43 47 32 60 93 92 77 58 79 98 63 14 46 62 75 66 64 48 80 85 55 84 84 66 54 36 85 93 22 16 47 55 55
5 13 74 47 42 54 25 23 96 79 39 36 88 73 86 78 27 64 10 68 59 -3 91 95 45 19 14 61 10 16 46 51 69 90 77 92 84 96 82 57 89 29 54 79 73 69 18 65 68 88
4 16 99 37 37 53 67 9 65 54 6 84 59 7 101 18 27 32 19 16 101 7 80 58 69 53 14 12 21 28 8 61 34 53 87 62 11 13 25 25 52 57 36 80 95 29 37 32 26 77
87 44 10 68 60 45 56 13 34 76 18 91 59 10 57 72 50 80 52 64 81 12 87 72 17 67 92 5 98 9 8 49 81 35 45 21 20 30 49 74 99 24 57 62 31 76 18 10 76 25
83 86 62 2 4 12 76 85 93 40 12 35 59 5 68 28 10 84 81 8 60 55 52 27 71 52 58 54 74 64 52 52 84 22 94 13 81 50 84 78 25 94 60 65 47 45 45 68 69 48
43 70 26 75 66 34 82 51 61 1 46 43 29 65 10 47 78 44 7 70 40 15 13 0 56 77 94 18 20 72 69 32 82 23 85 16 42 17 33 67 51 -2 6 85 23 8 15 26 89 61
69 3 71 12 25 87 54 8 68 17 17 98 85 64 48 40 68 38 8 54 25 22 26 71 70 27 22 17 6 83 84 91 46 54 42 26 19 82 60 93 89 56 98 9 77 39 95 100 18 55
56 88 98 1 16 72 25 36 27 24 23 3 53 51 56 27 14 65 40 9 93 89 78 57 24 27 96 79 43 42 42 54 10 36 33 66 50 18 89 5 29 28 56 5 93 47 16 31 18 63
34 85 62 92 18 14 35 80 97 78 62 50 82 22 6 52 70 29 38 84 83 92 90 13 59 66 98 27 13 4 46 87 73 96 59 46 42 54 44 32 76 41 71 11 3 63 96 64 60 77
85 60 32 32 61 39 13 2 72 87 21 70 72 66 30 74 88 43 51 88 77 23 46 13 77 77 21 5 93 36 38 45 38 64 99 1 30 76 14 20 88 47 39 63 13 95 59 60 23 15
57 61 26 79 32 4 34 12 54 5 32 54 31 100 38 16 32 40 83 10 67 9 49 71 40 5 90 86 6 78 75 31 37 77 16 31 77 100 14 31 78 33 43 85 66 3 11 65 40 34
92 94 18 3 77 61 58 39 24 83 46 48 91 40 35 35 25 14 98 67 26 34 38 62 73 46 32 77 89 64 2 40 44 69 19 3 49 96 2 36 70 36 52 60 92 69 72 42 3 63
50 54 46 28 65 40 22 52 54 59 43 53 90 23 69 40 98 47 27 38 84 38 58 33 74 6 13 86 84 40 32 15 12 74 64 42 16 59 89 56 85 45 40 28 22 69 14 6 70 53
29 87 76 74 60 83 47 71 81 9 87 71 95 52 14 91 80 35 52 8 73 92 33 23 43 6 36 12 31 39 65 88 36 9 3 37 2 70 44 81 22 92 73 9 93 6 79 83 4 92
34 33 79 94 18 8 20 81 5 32 99 68 90 64 96 10 42 3 75 59 22 14 78 51 20 39 67 20 89 28 88 27 39 67 46 17 34 55 78 65 47 57 58 55 97 4 77 71 57 30
83 53 13 59 62 60 28 4 47 66 72 18 82 36 11 72 16 51 55 75 29 34 87 50 79 57 100 20 36 31 64 83 26 23 42 49 37 1 95 10 47 30 33 47 23 -3 33 59 17 12
65 36 86 50 39 93 62 92 5 65 14 74 10 76 89 85 56 35 12 72 97 80 50 43 90 40 37 41 18 20 70 57 91 59 61 90 98 58 36 79 54 88 51 5 81 97 61 46 89 35
68 56 4 79 48 77 35 56 64 67 32 -1 25 35 93 5 18 51 71 73 17 86 19 74 36 21 36 37 94 76 50 14 15 45 28 87 97 3 44 42 33 36 46 34 27 91 59 47 29 59
39 78 71 62 4 84 76 74 73 95 73 12 34 77 60 25 81 37 90 1 80 48 29 100 99 36 95 40 25 63 64 79 15 72 95 57 69 74 87 19 97 87 102 28 57 54 11 20 62 12
63 26 41 95 2 7 95 50 31 88 26 54 100 66 64 53 46 44 93 15 14 62 45 38 43 13 18 71 4 77 78 76 28 44 33 10 8 55 35 57 66 23 76 36 71 81 26 48 77 23
55 9 85 96 13 75 56 36 93 17 57 62 88 28 22 16 54 11 59 9 49 43 6 56 60 86 19 62 63 53 6 32 30 78 65 25 9 1 67 97 33 1 35 40 54 30 86 43 19 60
100 73 71 25 24 17 58 36 85 49 37 7 100 9 29 69 62 89 47 67 76 80 13 4 60 55 43 39 74 59 99 48 30 23 45 31 76 27 5 47 31 80 23 37 4 6 54 26 45 66
51 39 76 89 91 16 41 95 39 23 78 25 96 98 26 97 35 47 27 5 52 19 69 32 24 56 72 62 76 90 86 98 85 46 92 79 89 67 10 51 78 76 82 15 23 51 95 47 71 15
11 48 72 75 25 24 26 14 36 36 36 26 28 44 17 30 69 79 12 59 10 68 19 13 41 0 35 48 67 25 27 79 27 72 85 95 34 89 86 18 3 1 86 19 86 2 3 79 58 3
El programa tardó 0.0 milisegundos en ejecutarse.
