68 98 45 89 23 43 14 76 93 36 26 72 100 66 13 99 81 74 60 19 8 7 59 54 91 95 69 20 48 33 60 92 34 42 50 85 67 23 56 66 40 25 70 47 15 99 59 53 7 30
8 14 28 70 80 72 25 57 43 27 61 90 30 50 24 60 35 18 8 12 83 57 92 -3 61 32 91 8 50 78 56 90 13 58 19 14 4 83 45 33 41 28 24 54 36 58 44 48 26 29
35 18 50 79 24 45 3 22 54 45 16 85 19 76 64 49 39 85 56 32 66 61 32 13 10 13 12 7 40 56 62 19 25 97 20 6 41 8 15 3 4 97 16 67 26 55 33 47 89 14
17 67 84 20 76 5 77 6 74 58 8 48 33 10 58 82 75 37 91 28 89 7 37 81 56 45 73 51 25 78 33 39 45 38 11 4 90 37 94 22 45 0 30 36 59 81 48 11 29 75
6 4 64 74 83 20 9 99 64 57 67 42 47 49 99 42 10 52 31 83 90 58 86 52 18 64 71 53 94 50 75 2 49 34 14 87 63 15 64 84 65 29 102 18 79 10 97 48 69 36
2 51 27 36 62 40 96 53 34 38 67 70 53 10 12 52 88 15 82 6 11 51 8 83 28 55 48 83 5 46 8 -1 6 29 8 82 37 18 7 9 94 42 20 77 58 77 20 48 50 37
46 34 41 54 6 76 55 56 73 39 46 12 95 90 90 95 97 56 84 57 41 80 41 33 15 2 48 14 69 8 55 78 90 78 68 41 86 78 76 56 98 56 26 65 89 98 38 83 69 50
23 88 83 79 100 57 77 49 93 62 80 83 47 85 49 0 87 53 64 43 80 88 78 17 100 10 24 75 86 94 92 19 96 3 101 64 57 24 90 2 55 50 96 29 88 65 48 67 56 95
37 63 85 44 72 98 57 80 102 50 61 10 25 29 46 19 47 71 98 43 88 93 73 17 80 96 3 75 11 94 85 30 89 18 83 23 51 41 20 59 8 32 29 5 39 88 36 95 79 16
71 18 95 21 89 79 57 81 53 81 97 18 74 4 45 20 31 80 56 25 85 9 68 13 96 41 75 74 90 95 25 31 91 10 85 36 98 70 73 40 42 66 71 37 64 42 33 38 53 50
63 31 87 80 24 51 19 61 20 52 62 61 62 12 49 42 57 81 12 27 82 54 34 2 88 8 12 88 72 46 70 97 72 86 66 12 16 56 30 72 98 82 11 68 6 54 56 81 46 91
58 48 49 54 100 74 4 96 93 16 89 -2 52 91 35 17 92 35 21 57 13 17 7 20 34 84 58 82 16 46 54 33 5 91 97 12 4 75 20 95 31 -3 71 71 7 58 97 78 93 51
96 74 83 41 68 10 98 8 52 74 16 36 12 59 4 51 58 80 93 41 42 95 49 16 16 66 81 70 65 96 12 32 42 66 98 50 92 70 100 7 26 67 42 42 52 44 60 79 58 92
19 61 67 10 45 56 31 61 86 16 101 55 89 52 16 81 96 57 92 62 64 43 38 64 25 54 23 20 29 54 34 14 98 35 3 72 98 39 57 33 63 12 50 42 78 88 46 95 62 24
6 69 57 96 92 32 9 58 23 99 44 58 68 94 80 97 3 72 95 24 98 32 60 80 74 44 73 67 76 57 8 9 41 43 21 67 83 83 42 20 48 87 49 45 38 4 41 92 26 70
76 59 87 8 28 83 24 15 68 85 44 76 86 51 56 64 44 84 88 59 95 74 81 92 84 -2 13 79 18 2 30 41 26 4 94 8 69 15 45 93 43 76 81 69 29 26 64 73 53 96
66 98 9 88 101 24 75 80 66 41 56 69 88 34 65 94 23 26 78 58 81 78 74 39 27 66 10 49 52 29 19 70 81 98 54 30 7 80 50 75 93 20 77 21 14 15 75 82 65 10
26 83 25 64 58 28 82 73 25 41 33 94 2 35 63 70 30 23 82 32 95 20 92 58 81 81 40 6 63 6 59 11 72 25 96 43 84 -1 85 -2 13 52 27 86 23 85 88 81 85 89
75 98 21 35 39 20 80 71 101 21 34 77 90 51 87 7 24 49 8 9 100 30 90 46 59 86 43 35 76 8 54 3 102 5 55 35 96 78 30 6 39 76 83 47 97 62 9 26 71 73
63 85 47 76 101 40 78 6 79 47 22 30 25 91 83 50 70 40 50 2 19 82 53 13 38 81 20 36 29 80 78 21 96 41 49 61 25 4 23 17 55 0 54 84 41 82 2 43 29 71
79 35 64 55 61 99 6 6 69 53 96 5 41 71 25 59 3 85 72 17 85 30 54 30 7 72 12 24 84 65 49 63 22 59 29 5 78 23 45 64 6 8 39 2 90 31 20 29 75 38
23 82 11 37 13 22 27 37 54 50 97 60 5 5 5 60 80 7 43 86 76 50 70 26 33 52 22 79 15 27 29 53 99 4 37 16 42 64 8 90 69 19 2 1 50 57 67 71 60 71
50 79 6 43 19 71 76 30 42 4 44 7 73 79 40 20 32 87 57 54 36 94 28 95 92 97 60 10 25 37 86 14 9 56 76 29 88 43 91 2 29 27 91 79 26 33 16 91 72 34
46 72 68 13 88 96 78 66 101 12 52 11 67 51 41 94 47 16 87 74 60 22 33 28 80 80 21 47 70 36 49 61 67 7 48 15 48 6 8 75 34 57 99 15 70 65 90 50 98 38
21 6 84 11 101 53 89 40 33 10 80 76 93 65 52 41 25 34 102 28 85 22 32 19 21 60 79 20 57 18 53 70 20 68 51 38 8 15 69 29 12 96 37 64 16 93 53 97 6 92
36 13 26 87 19 55 36 17 96 43 63 37 30 79 17 41 54 85 38 91 16 11 68 90 64 13 100 93 5 24 43 63 57 42 56 42 56 69 21 59 75 60 48 52 31 42 34 17 17 4
78 10 51 77 69 96 57 8 92 58 20 93 35 43 21 56 100 11 26 20 11 51 64 90 73 33 31 18 101 58 50 89 27 24 23 73 53 51 32 15 25 56 95 81 49 17 8 66 23 2
54 0 37 0 76 -2 58 57 8 78 89 8 26 73 54 85 50 27 86 15 26 80 77 61 55 54 83 6 15 83 86 66 65 72 94 68 98 9 57 48 3 96 92 57 96 9 62 -3 76 51
35 66 6 20 47 67 25 30 46 22 77 75 33 79 43 56 17 40 9 76 35 69 92 97 6 64 11 84 80 91 53 68 55 76 98 5 45 95 5 40 51 93 101 98 84 3 33 86 91 51
25 5 84 78 84 61 47 42 80 11 83 27 47 69 23 86 58 30 30 -2 98 85 53 3 44 33 81 44 58 -3 94 56 87 49 67 47 58 93 100 -3 55 69 45 70 79 36 83 67 55 83
59 53 47 74 7 5 102 6 46 4 77 33 55 12 47 47 75 24 11 40 78 32 30 4 98 14 80 19 15 95 85 14 52 40 93 64 32 38 25 98 46 14 37 36 29 40 98 33 14 73
28 76 12 -2 71 89 31 67 69 74 34 57 98 51 8 23 73 82 29 24 63 55 19 74 84 28 22 90 22 79 26 40 2 40 79 16 83 43 11 -1 75 60 18 28 78 72 23 10 35 49
7 74 39 85 101 71 84 90 21 93 69 51 25 43 44 37 32 50 76 4 27 40 57 93 49 100 14 41 40 34 72 98 29 63 32 42 73 96 57 27 46 98 46 56 53 32 44 91 69 43
77 68 54 45 69 58 86 71 14 94 25 63 88 48 2 19 100 11 56 50 62 23 47 17 52 75 76 64 46 51 26 89 66 76 59 14 46 81 72 94 54 90 74 77 95 25 74 82 28 75
16 45 86 100 11 44 24 96 100 50 56 94 98 23 21 72 12 64 8 55 46 82 25 21 32 4 20 54 67 91 88 95 86 90 65 48 91 74 5 28 98 5 58 23 70 90 6 9 29 74
94 33 90 70 24 73 44 7 47 95 25 95 34 30 36 79 33 68 73 18 52 19 82 85 77 62 93 16 71 3 49 61 26 69 16 41 73 53 39 42 85 53 2 36 25 19 48 53 93 89
63 99 59 55 95 17 56 33 72 66 93 97 27 66 88 26 49 6 49 73 22 60 56 32 58 84 63 17 25 92 11 5 86 47 100 54 10 19 46 29 81 89 17 9 45 33 31 39 53 43
42 83 98 79 6 58 89 32 59 92 20 26 37 43 34 86 7 58 82 16 50 79 4 63 46 73 69 82 16 20 82 82 54 82 37 7 53 56 90 53 37 82 101 27 56 2 20 7 75 0
10 45 68 8 11 30 50 81 12 65 69 73 58 95 102 66 35 28 48 81 21 7 40 8 25 40 53 41 65 50 79 1 15 46 69 80 33 13 82 1 27 21 60 98 52 75 53 49 21 43
57 19 17 14 76 46 46 86 10 28 3 31 21 86 64 55 3 39 91 39 49 1 30 21 15 89 23 11 92 23 83 62 93 33 22 86 92 56 56 19 36 52 28 30 14 76 5 80 25 40
37 47 86 55 48 2 57 18 60 52 10 23 21 89 42 78 35 9 63 72 30 41 100 88 41 27 77 32 32 90 45 86 12 81 59 44 78 98 48 18 51 62 5 84 16 13 31 68 90 93
3 49 12 72 9 21 43 7 50 55 64 40 5 7 46 90 98 50 90 55 89 52 86 67 29 94 35 81 21 91 65 59 26 69 30 89 7 33 45 23 63 54 75 61 89 3 73 -1 58 38
49 46 22 75 81 96 51 32 63 66 22 29 9 39 95 3 20 8 93 40 101 11 92 60 20 5 42 36 68 9 91 48 49 71 60 91 18 10 32 2 41 25 28 66 91 59 25 34 79 44
60 93 65 64 65 6 97 49 23 92 16 21 52 26 92 53 52 94 23 25 50 53 52 51 85 94 85 21 99 28 60 92 83 43 89 76 90 63 48 62 90 93 8 30 39 20 81 20 66 8
69 29 30 1 19 15 86 5 78 74 15 100 72 36 100 49 17 25 102 39 59 23 96 68 52 76 40 28 37 100 93 31 85 81 4 30 28 99 74 76 82 72 45 82 6 33 38 60 29 35
28 26 5 1 13 90 10 46 11 7 41 55 83 18 16 15 5 -3 82 21 93 48 6 33 36 78 5 1 61 31 101 64 6 14 13 94 97 60 80 47 94 45 14 75 8 30 93 25 72 15
82 56 52 94 30 80 28 11 39 87 43 53 93 14 92 65 50 27 53 58 72 28 36 83 101 30 40 39 27 59 93 55 13 41 4 77 101 82 89 61 9 37 57 66 48 18 12 38 33 6
40 49 31 59 45 0 93 80 59 83 32 59 56 82 83 77 74 6 72 78 92 95 85 47 100 69 39 28 45 60 72 16 8 47 81 80 83 56 80 49 94 -3 79 60 51 56 73 17 93 76
53 2 7 92 63 19 46 23 29 95 17 12 36 32 39 40 86 94 55 97 8 47 76 86 64 41 71 91 6 71 64 19 85 93 12 51 41 95 3 36 44 31 21 91 29 7 24 70 43 33
48 8 79 58 19 63 101 40 48 64 51 41 49 94 51 -3 41 2 32 91 21 54 95 74 72 78 16 70 76 60 101 51 89 36 77 87 37 50 58 31 24 95 54 24 90 46 4 63 58 95
El programa tardó 0.0 milisegundos en ejecutarse.
