41 31 99 25 61 89 32 49 27 75 15 65 71 84 27 84 97 42 63 62 101 49 11 31 71 18 80 74 89 19 16 79 46 61 8 18 20 91 69 58 54 54 19 20 35 50 29 33 74 48
70 93 11 87 25 77 60 46 37 24 22 88 50 22 11 18 79 82 81 5 67 95 81 73 22 31 24 8 42 45 13 8 69 10 83 84 25 36 56 92 75 60 48 65 3 93 77 1 43 60
34 60 34 86 94 77 29 85 89 90 24 47 75 32 55 83 23 96 98 12 9 71 92 86 26 18 90 75 17 48 33 38 9 68 38 94 51 2 81 23 8 94 77 54 40 51 26 67 5 62
49 6 41 24 79 87 71 9 86 83 25 86 94 76 41 85 29 12 97 13 81 61 53 7 82 22 29 14 13 52 38 59 30 20 73 78 62 60 31 25 63 23 55 34 28 87 36 61 74 36
87 43 38 92 68 10 38 84 35 80 26 34 51 75 89 16 56 47 45 94 71 64 38 6 52 78 46 83 72 1 16 55 30 7 20 89 66 79 27 71 73 87 21 66 100 61 38 35 31 9
90 20 88 83 56 19 23 86 52 76 20 67 67 77 78 24 61 95 71 81 13 39 71 36 7 13 11 82 65 55 34 16 26 15 69 6 8 62 47 1 62 40 100 39 23 17 26 17 67 5
71 59 66 76 82 44 63 83 43 60 60 64 100 15 76 63 47 82 51 35 81 77 31 27 53 35 99 46 35 25 64 55 90 2 97 4 8 100 85 64 65 4 53 15 3 56 6 79 92 16
68 85 12 79 13 41 34 89 89 91 84 64 56 53 3 19 31 76 65 15 59 42 76 33 2 80 24 -1 9 68 39 28 55 16 34 47 55 80 46 86 65 4 54 35 27 70 65 93 11 58
70 55 68 22 46 97 93 91 45 3 14 4 27 32 23 55 34 4 100 26 84 61 81 78 28 1 54 92 63 51 3 24 37 74 98 23 62 76 58 74 54 17 101 84 62 93 33 74 18 44
19 92 7 47 11 30 11 17 38 23 98 65 46 86 26 31 100 85 32 89 32 73 90 50 68 89 16 89 48 58 59 38 83 41 45 90 23 38 96 17 90 57 93 29 30 96 92 2 56 51
88 75 33 72 14 49 6 28 47 55 28 83 67 73 39 46 17 20 56 39 29 68 8 96 23 78 79 90 73 1 80 67 21 82 51 97 87 51 98 72 32 21 19 74 82 57 18 25 79 78
34 79 16 70 93 40 63 72 73 4 90 41 35 14 48 39 83 25 92 38 55 83 44 45 98 72 98 37 80 7 5 88 15 34 56 25 3 23 82 45 2 42 99 52 89 12 100 19 83 64
79 84 68 40 46 33 30 75 14 96 70 13 83 39 43 74 85 58 8 15 38 1 23 4 30 63 84 71 28 11 35 61 15 88 82 44 101 51 40 82 91 43 98 19 36 53 40 100 54 4
82 77 11 74 58 73 79 37 27 4 39 37 53 40 88 -2 9 25 19 34 30 21 63 -2 54 23 75 46 22 14 39 25 27 84 63 48 23 56 23 70 28 6 67 25 13 1 18 32 50 35
33 81 13 78 55 67 48 94 77 87 38 2 63 50 9 91 14 32 62 91 44 43 33 77 55 37 100 79 94 6 52 52 76 44 56 9 19 8 59 15 73 34 23 3 47 97 24 75 44 97
16 6 86 34 101 17 57 66 78 62 36 92 83 19 10 6 75 44 20 92 29 15 84 76 99 76 89 82 91 6 34 51 28 36 53 92 10 72 94 82 3 69 99 56 44 55 73 55 42 88
22 50 73 2 66 61 87 53 72 35 74 36 15 30 54 7 3 64 70 36 101 37 41 78 74 36 91 9 34 61 10 28 12 16 7 78 79 17 35 85 80 90 9 70 47 68 7 68 88 85
69 21 16 37 17 24 28 88 89 85 94 94 71 71 45 59 14 47 96 57 91 79 60 77 85 33 26 71 33 73 11 9 58 77 101 58 101 47 81 88 98 22 7 9 46 63 21 9 33 16
23 92 93 33 99 8 33 31 23 73 102 69 15 47 39 72 67 38 96 2 86 94 70 25 17 81 85 43 75 86 61 7 42 17 70 49 19 40 33 95 23 89 25 71 81 100 88 34 41 11
71 23 42 62 76 67 25 1 97 73 97 75 90 1 96 4 93 55 9 50 64 30 18 55 4 33 72 75 5 33 52 95 15 55 45 27 71 40 91 35 17 17 84 62 73 54 85 72 35 1
85 85 73 40 13 66 101 14 88 1 91 73 50 85 7 32 43 34 64 65 43 36 82 84 10 18 5 60 84 80 56 74 51 14 57 57 45 100 24 21 47 34 35 71 28 33 15 25 27 38
19 67 22 14 31 22 14 57 30 79 99 45 17 49 14 62 85 57 53 36 58 62 96 48 48 32 95 24 29 25 52 39 99 -1 56 68 53 81 37 40 84 25 41 35 25 7 12 46 44 64
51 64 7 78 49 31 7 10 64 41 11 40 72 28 3 34 47 77 33 22 52 43 50 7 23 11 88 99 57 8 95 64 31 85 56 70 35 54 20 67 54 23 62 74 5 20 53 8 87 47
32 94 44 82 42 29 81 30 3 80 17 -2 71 68 99 7 74 21 92 50 34 18 35 14 34 8 23 86 98 12 7 96 7 67 5 96 20 52 35 7 82 -2 26 12 97 19 30 20 33 1
74 74 59 74 89 3 53 64 73 71 47 86 47 65 31 19 56 92 25 13 50 36 74 38 100 91 23 73 47 98 48 92 78 56 3 67 92 56 60 67 5 100 9 8 38 91 50 89 87 42
31 1 42 65 38 28 92 74 92 27 23 22 46 38 7 48 56 77 31 43 2 91 47 84 88 72 30 2 75 65 37 30 42 91 2 38 30 1 78 18 43 17 19 80 71 73 58 59 86 41
40 50 25 7 94 14 80 62 34 80 85 93 87 1 95 37 47 83 17 19 48 68 12 59 36 13 92 93 26 1 59 79 57 88 96 12 16 47 99 6 84 27 50 54 75 5 96 31 87 75
7 50 39 85 78 64 92 27 48 93 32 73 86 49 17 93 64 57 5 77 35 40 36 22 101 58 51 29 80 89 31 26 30 6 90 45 40 0 36 59 31 64 96 8 100 77 63 11 27 60
41 15 36 44 87 67 7 12 49 27 3 62 14 93 8 45 15 76 93 19 70 6 65 44 11 77 52 34 78 1 40 34 70 39 4 87 10 23 79 85 69 28 41 25 35 70 76 19 4 77
53 38 7 6 29 24 46 51 28 72 50 69 30 50 35 50 28 49 28 44 7 67 14 52 31 62 42 79 25 79 55 58 100 83 58 84 14 29 97 22 11 30 61 72 62 64 5 16 44 43
13 98 16 16 34 6 37 49 29 47 59 79 29 4 41 86 28 51 76 35 32 84 37 80 96 72 4 98 47 21 4 42 89 79 44 99 84 78 22 12 56 74 84 72 16 20 98 46 50 67
36 58 74 66 2 49 77 48 27 84 4 53 80 47 86 14 55 22 37 18 70 96 99 94 21 -3 47 74 31 30 43 43 8 3 21 35 86 87 34 79 41 68 27 66 7 17 10 55 69 54
97 18 19 13 36 33 53 65 25 27 82 82 96 51 34 60 69 44 96 100 82 71 36 61 3 81 21 53 28 90 19 56 41 72 12 84 24 49 74 22 62 52 30 24 59 26 55 71 75 51
39 37 37 45 60 64 20 57 43 48 87 77 27 54 101 38 96 77 45 69 86 16 71 56 90 45 88 60 7 35 39 71 25 39 54 93 27 40 65 23 90 86 65 63 25 70 52 88 24 27
46 21 17 57 65 82 35 89 99 88 46 18 18 42 86 47 89 80 31 48 32 59 95 6 32 34 76 10 37 59 92 76 9 51 45 53 79 5 22 21 39 56 81 54 52 81 19 65 78 16
5 36 60 36 62 23 41 47 31 17 8 59 95 43 57 32 75 55 27 27 73 2 100 0 54 47 24 27 68 67 62 60 97 91 9 31 53 8 57 3 19 74 5 21 24 61 80 71 23 83
81 56 64 43 52 99 31 49 55 82 20 15 15 42 68 50 39 73 82 20 89 93 49 71 47 17 65 70 78 16 27 64 69 76 31 53 86 26 19 44 93 36 19 64 5 64 17 67 28 75
47 8 60 87 36 28 52 39 35 66 33 4 83 7 4 17 25 83 6 92 13 11 62 91 22 59 86 9 33 23 11 89 91 58 7 -3 75 76 91 30 51 16 24 82 21 46 41 2 71 56
36 83 70 92 19 75 75 27 9 24 76 50 55 79 73 13 93 83 6 1 49 74 6 23 32 67 79 31 46 21 62 6 37 80 94 39 30 42 97 53 53 4 70 31 29 83 70 38 47 37
28 37 25 47 81 51 100 78 20 84 2 24 72 59 75 83 63 61 84 71 16 56 92 67 30 8 38 61 15 39 40 86 35 27 59 27 87 16 8 25 80 16 44 95 5 78 100 15 73 56
31 52 14 53 85 22 22 75 57 46 47 80 77 26 66 36 72 60 18 22 68 49 20 94 100 69 53 57 49 39 6 59 28 68 93 15 79 20 25 56 86 72 86 100 6 29 92 29 34 87
35 68 47 29 13 72 71 15 89 81 71 15 19 18 35 60 79 10 51 9 41 84 55 5 41 13 72 53 18 86 68 11 86 6 23 42 73 80 41 76 93 44 96 22 78 49 22 95 46 46
72 74 23 70 32 64 42 9 83 35 26 25 72 78 32 60 57 84 76 72 96 69 81 22 5 28 90 27 95 29 59 16 89 65 15 59 60 24 86 32 92 82 17 23 52 36 8 5 85 50
30 23 78 35 76 5 35 26 74 54 58 23 46 81 37 26 38 82 27 27 20 68 32 54 4 16 9 1 13 85 51 53 69 5 70 62 5 89 20 32 64 81 6 11 4 24 84 6 87 93
56 71 52 11 49 28 19 5 30 5 20 43 58 58 59 97 87 53 6 29 36 28 19 76 19 30 14 50 80 82 59 27 14 95 65 24 69 71 36 39 99 37 4 37 30 97 35 72 9 60
76 38 84 78 72 68 4 5 87 52 52 23 96 77 57 60 83 95 95 88 37 3 60 76 10 55 23 85 71 21 34 59 37 65 99 92 100 40 56 1 48 36 17 17 76 60 97 9 49 80
28 74 96 88 78 16 38 13 48 23 67 80 59 34 25 11 80 54 20 80 34 21 22 98 14 48 98 13 86 51 23 52 100 47 74 56 35 86 45 47 13 90 57 56 72 46 7 16 39 10
100 92 73 70 60 65 65 38 16 65 33 71 14 3 51 86 62 -1 54 54 90 2 3 32 53 37 88 3 23 88 89 91 17 68 22 81 93 95 70 51 92 66 49 15 37 87 22 43 36 83
48 30 92 7 84 39 9 99 102 16 58 33 52 54 17 12 100 87 97 25 11 45 65 66 3 16 88 41 66 76 38 6 84 56 7 42 13 14 101 3 58 42 20 83 77 4 11 32 72 67
91 95 89 87 55 57 17 93 48 48 96 22 78 92 83 91 50 -2 101 39 50 78 60 29 70 10 5 15 97 67 70 19 68 14 92 33 93 81 85 5 16 73 54 19 77 52 45 82 27 29
El programa tardó 0.0 milisegundos en ejecutarse.
