25 54 60 94 6 68 17 89 29 84 74 58 22 40 8 69 75 46 12 5 35 85 25 9 37 23 81 20 79 46 38 39 30 74 35 71 73 54 66 93 83 69 87 98 83 45 18 76 54 74
43 6 18 49 16 62 70 55 8 90 40 50 55 52 90 69 84 39 3 6 48 50 2 81 74 45 52 35 76 14 19 83 66 40 53 11 26 84 30 23 44 50 22 62 85 33 15 90 78 22
72 28 35 62 33 92 53 26 11 78 59 76 49 56 70 20 61 36 58 87 51 17 24 1 59 41 31 62 78 10 24 95 72 4 77 10 52 76 23 93 51 18 12 48 91 9 83 65 89 76
25 18 56 47 71 64 55 5 98 91 36 29 76 41 39 68 68 30 90 8 93 81 3 13 20 40 100 47 97 85 47 33 28 44 100 52 35 49 34 79 76 -3 80 48 76 73 101 71 38 77
91 58 15 53 94 50 4 13 95 20 14 89 74 46 52 99 31 76 38 77 95 90 42 72 98 92 3 15 49 48 60 97 77 74 48 31 21 60 29 86 31 51 11 72 11 54 87 89 72 96
49 56 7 24 88 89 70 -2 57 35 30 34 82 40 54 54 52 27 58 19 56 43 19 79 43 2 20 57 85 34 44 93 97 31 34 47 88 22 94 60 77 45 82 35 99 37 43 19 3 55
87 45 12 34 55 77 63 98 22 70 31 29 4 41 89 71 63 74 65 16 26 33 67 54 69 55 35 29 22 78 27 65 46 85 72 59 69 69 62 87 46 63 37 84 96 70 63 35 79 9
2 22 43 87 50 79 58 93 50 58 4 52 69 -1 14 94 83 50 15 34 49 72 23 -1 74 65 54 36 69 68 54 18 77 95 54 37 68 21 23 82 87 18 46 46 87 31 12 1 16 40
82 10 46 79 98 59 20 19 11 71 75 11 68 14 13 43 7 13 76 87 60 1 27 62 64 79 61 40 35 90 17 44 13 79 99 95 55 58 29 94 30 34 82 96 40 32 56 36 33 100
76 83 34 36 71 66 86 84 30 62 98 16 12 76 71 50 35 8 85 62 35 52 75 44 87 40 4 95 90 59 22 18 89 58 62 4 68 55 36 51 70 90 27 86 22 34 24 32 33 24
77 82 78 75 4 14 63 24 3 74 62 79 19 11 24 10 99 33 36 84 28 43 70 32 53 93 8 34 44 15 15 4 10 72 46 51 67 71 46 63 89 33 32 87 33 19 93 47 65 5
27 78 89 56 51 32 43 13 30 8 42 87 64 32 6 12 56 71 56 67 79 79 84 76 66 46 92 55 44 -3 95 35 23 35 17 51 14 51 62 59 55 61 31 23 85 55 84 82 52 -3
72 89 60 49 38 77 33 29 12 62 23 20 13 65 38 79 56 35 95 94 40 92 63 85 99 20 59 70 43 49 30 52 98 50 9 57 14 1 35 38 81 64 51 10 20 41 55 82 90 7
55 10 83 93 93 25 19 -3 49 72 72 86 79 43 26 78 85 32 15 29 66 25 92 15 37 -3 29 92 96 17 74 39 4 43 2 91 17 18 87 50 20 69 92 65 71 53 93 -3 6 80
27 57 96 5 83 34 14 30 8 87 3 31 91 76 33 42 66 48 24 76 74 72 84 45 8 94 45 80 38 12 4 19 70 1 66 48 100 28 90 57 47 97 46 99 12 15 80 35 77 12
41 34 3 20 69 83 98 17 40 40 96 34 95 60 4 85 26 83 99 17 37 -3 64 38 67 76 12 83 21 33 80 0 84 56 69 52 21 54 27 82 42 37 11 74 96 48 45 26 94 70
69 43 6 3 26 13 43 36 90 8 90 60 94 96 14 100 61 18 21 53 74 54 60 70 74 86 39 58 98 17 28 100 63 70 43 15 92 41 62 4 18 70 7 56 55 41 37 39 20 4
28 2 96 88 19 23 81 67 26 50 26 67 33 21 82 84 64 4 91 79 46 79 18 56 54 84 3 9 18 27 26 31 59 10 19 73 95 93 34 32 15 88 50 85 100 37 63 71 35 12
20 41 83 56 69 5 62 24 90 79 34 77 3 51 79 86 40 20 56 92 42 23 14 10 56 32 52 54 98 14 77 94 59 97 89 24 21 37 21 55 96 98 27 15 47 38 21 20 64 15
34 93 60 96 6 59 37 30 27 89 77 26 98 3 29 75 93 73 55 80 26 33 96 30 7 45 88 69 38 -3 66 16 37 48 64 58 14 74 66 25 88 43 68 45 60 38 60 44 56 77
59 90 42 65 34 9 72 94 75 3 70 30 80 56 61 54 29 62 65 39 82 18 50 24 98 86 56 48 87 17 99 96 23 57 87 62 22 69 41 46 72 38 39 67 101 35 42 85 42 66
99 84 7 37 30 28 79 49 19 91 74 81 69 11 67 6 53 96 78 77 31 75 101 73 74 10 24 6 34 63 45 28 97 58 91 90 43 91 57 94 60 60 65 0 26 28 98 87 48 38
77 50 48 71 96 59 58 11 9 53 9 38 101 16 33 46 76 59 91 79 73 67 24 60 55 66 57 31 78 75 55 16 22 73 102 47 80 30 91 60 57 57 73 56 72 99 45 54 85 60
101 57 61 81 69 43 80 17 3 -3 25 12 22 -2 60 94 51 48 80 45 95 74 26 57 24 24 41 43 47 35 41 42 83 0 73 68 85 8 55 7 36 74 47 6 84 49 7 25 75 43
56 6 35 72 71 4 25 62 50 85 54 19 14 4 8 74 15 77 20 55 9 40 33 13 85 88 97 44 98 41 62 36 54 74 55 35 90 100 97 44 58 5 27 37 76 85 9 70 22 38
38 94 62 53 92 53 88 31 99 29 66 24 26 0 94 75 61 72 23 34 49 44 34 91 60 38 100 62 17 82 48 68 9 19 26 71 73 77 24 27 15 56 56 66 55 94 76 -2 15 65
59 13 32 54 72 95 80 96 81 32 21 94 97 80 15 36 22 8 55 18 95 20 55 64 41 33 78 18 10 2 50 25 64 75 98 9 20 74 69 100 62 84 35 53 50 89 77 57 29 35
19 19 90 96 60 24 83 83 50 39 72 59 18 92 50 2 15 -2 55 34 22 56 15 68 16 42 48 4 23 21 61 87 73 65 69 37 75 43 12 48 86 69 92 63 69 94 57 15 85 65
67 58 25 58 32 52 92 38 87 18 72 44 64 78 76 61 53 27 27 19 29 66 89 6 56 95 39 60 64 92 91 19 67 24 51 67 29 71 9 57 26 81 32 41 31 6 3 76 56 25
44 68 31 80 23 29 37 45 69 0 18 6 73 84 31 23 95 72 99 68 22 7 43 73 42 49 57 56 35 26 34 73 100 93 74 93 10 56 58 -2 64 34 7 47 32 14 68 59 24 46
80 29 101 17 101 63 36 44 16 84 73 67 64 14 73 28 46 78 44 53 72 69 51 88 35 80 49 61 97 61 51 10 32 4 49 60 39 62 10 38 44 97 64 76 38 3 38 25 66 48
33 11 60 3 78 38 31 77 30 0 64 36 41 36 71 27 71 76 98 68 46 79 77 30 73 29 95 5 80 -1 25 76 72 72 82 35 43 27 96 2 96 22 91 83 38 13 100 19 50 79
64 3 43 40 92 8 69 63 75 95 42 67 33 11 33 23 17 2 31 25 53 51 66 73 24 66 18 70 79 4 51 70 30 36 66 93 76 100 29 34 81 29 75 87 97 92 79 39 49 19
88 53 29 57 85 60 28 37 61 54 13 66 49 -2 101 9 40 86 31 71 83 69 94 32 42 86 25 53 15 78 81 -2 21 74 80 49 84 12 7 31 63 74 74 64 94 76 11 41 58 0
96 16 76 2 95 59 29 77 63 21 54 75 64 70 16 30 14 70 40 1 30 10 58 98 41 7 83 58 63 48 10 18 88 93 45 11 11 55 77 69 37 94 3 36 46 2 79 42 52 57
83 19 101 68 66 6 59 85 66 72 100 0 40 37 81 49 42 38 95 4 56 72 39 30 91 13 65 2 16 58 19 58 20 13 49 93 80 10 44 64 84 15 7 47 41 41 3 22 67 6
31 78 58 90 34 13 7 82 55 24 31 2 52 63 84 84 40 90 62 24 89 32 17 3 20 87 50 28 57 76 29 37 48 61 98 2 78 12 66 1 68 49 32 16 32 21 3 40 9 64
69 91 5 8 64 77 76 9 89 95 67 52 28 24 82 81 65 46 84 40 5 67 43 72 91 93 46 50 7 92 34 39 15 85 98 11 56 80 85 86 25 88 59 96 80 46 50 24 86 81
95 99 5 67 85 78 17 6 80 43 53 59 20 93 38 46 51 80 82 72 21 23 51 7 48 39 40 58 45 58 14 66 86 13 26 10 63 100 38 19 12 52 63 62 8 76 5 95 41 62
38 23 38 77 89 61 66 33 69 23 66 -2 38 72 98 58 77 62 57 83 33 -1 63 82 9 14 16 28 43 84 84 38 25 51 25 17 38 0 14 53 26 22 71 35 35 67 92 83 16 64
6 29 81 17 56 64 12 97 11 81 90 51 3 56 36 25 68 58 20 85 25 52 73 2 51 12 24 45 23 36 62 61 89 37 19 37 87 24 59 27 82 54 70 69 13 56 96 28 44 49
66 31 68 69 10 95 25 75 58 20 44 31 33 72 37 35 51 0 51 42 58 25 62 46 96 86 41 87 16 56 42 -3 32 1 73 12 47 94 77 68 46 83 46 80 29 24 65 2 64 -3
76 3 14 61 72 9 4 58 74 17 78 34 16 10 24 60 73 81 82 83 100 95 83 9 98 76 11 34 24 99 76 53 69 44 21 3 70 25 93 70 11 28 28 9 39 21 59 91 79 62
12 27 69 35 21 22 29 42 22 60 86 41 100 48 16 84 91 56 51 68 13 51 67 9 19 54 9 11 50 48 78 57 81 25 51 17 59 33 44 32 40 7 56 27 52 2 90 52 8 83
60 58 67 81 86 42 66 43 67 19 21 26 59 31 27 13 25 60 56 14 38 94 33 86 96 32 65 16 80 22 94 42 19 4 29 89 78 74 16 32 37 41 24 6 52 34 77 36 29 61
68 50 52 92 54 43 85 52 33 70 52 80 8 64 4 50 7 41 93 81 62 26 99 30 13 10 11 30 60 51 44 30 23 35 66 82 73 32 5 17 89 87 45 71 81 90 29 95 15 21
9 32 78 39 89 80 25 37 6 10 43 53 95 40 99 40 87 51 100 61 44 51 98 43 68 81 54 63 55 35 78 20 44 30 59 43 4 100 81 86 44 96 85 71 65 56 46 25 80 14
66 80 25 96 72 45 39 96 55 82 31 37 55 63 5 63 17 12 61 90 27 83 22 42 35 80 60 61 22 9 33 54 14 46 75 -3 32 69 51 8 5 14 62 80 97 0 52 24 81 54
62 97 93 95 100 18 39 80 80 77 67 35 28 66 15 29 95 39 62 42 52 86 35 65 90 52 24 56 88 63 25 55 85 69 70 27 90 97 74 88 14 68 78 34 40 94 11 93 70 52
12 0 52 -2 33 6 9 1 20 32 72 57 25 57 6 1 26 24 87 20 14 6 73 47 35 73 78 65 82 2 4 46 25 96 69 3 31 62 12 50 70 76 72 60 43 5 49 64 35 55
El programa tardó 0.0 milisegundos en ejecutarse.
