8 4 100 27 19 74 79 42 92 26 74 35 102 51 60 25 20 12 94 84 5 50 40 62 33 27 3 79 14 4 79 35 78 73 52 18 89 19 66 45 65 97 17 52 91 99 17 63 16 89
73 77 64 60 10 49 67 45 68 90 94 66 89 55 38 40 45 73 6 51 96 8 72 76 83 11 86 62 28 79 4 67 84 74 49 24 44 85 34 67 98 67 58 72 47 42 93 -3 79 71
92 59 15 7 23 95 21 15 4 73 68 32 31 42 88 32 36 95 102 82 78 89 73 52 59 30 8 42 101 49 27 66 55 72 57 97 96 27 47 71 87 61 36 26 4 30 19 35 99 82
59 88 73 61 50 84 38 25 87 30 4 20 39 48 19 39 13 94 76 84 66 49 42 81 34 47 33 30 8 92 47 8 92 76 76 10 95 72 80 63 42 55 73 22 87 65 73 89 14 30
5 16 17 21 92 35 55 77 92 72 29 33 89 98 65 85 79 99 31 9 65 66 78 35 71 81 16 1 36 1 42 36 46 87 24 96 50 80 96 13 84 54 65 6 6 40 60 28 98 69
10 55 65 29 75 22 52 28 23 15 57 15 66 45 98 55 97 51 27 34 9 69 65 74 11 55 74 49 25 39 91 6 27 82 65 44 48 19 80 38 78 35 45 10 9 76 16 37 44 42
66 75 68 75 73 59 95 4 94 22 55 25 99 25 40 66 99 67 25 53 76 36 51 14 10 31 32 59 61 82 12 38 83 21 55 66 74 71 13 13 50 71 77 11 97 39 20 49 17 56
51 11 78 55 65 41 32 74 38 29 74 87 45 80 58 13 87 59 58 23 16 46 98 71 86 82 95 25 37 37 77 45 24 37 52 60 93 13 71 44 26 74 85 73 85 13 37 85 55 26
40 73 98 15 80 75 93 4 47 81 59 8 67 34 45 76 96 22 55 66 81 48 38 42 31 20 81 71 55 35 93 73 91 14 15 22 46 41 94 49 85 65 72 9 35 55 100 90 91 58
55 58 53 71 48 9 7 54 23 16 92 52 64 58 95 56 35 96 28 35 73 4 88 38 42 50 65 47 67 12 73 8 45 19 2 91 81 1 50 5 22 47 61 87 93 73 38 -1 12 14
21 41 30 78 74 97 93 81 69 9 48 1 26 26 3 53 56 63 46 76 32 11 88 58 98 97 98 83 6 12 75 32 87 44 19 89 100 88 98 66 95 50 18 99 98 54 38 6 75 59
92 66 83 85 43 53 99 32 58 20 20 55 51 60 99 23 33 59 12 27 19 50 75 31 12 72 48 93 35 67 5 50 4 77 55 45 74 29 76 -2 15 42 98 63 19 94 99 23 3 85
7 1 56 12 94 100 33 45 21 67 7 86 55 1 12 43 86 94 87 10 32 61 86 44 31 82 72 10 79 38 14 27 15 63 17 16 71 12 70 26 33 70 75 75 80 42 22 49 4 65
95 35 59 23 101 30 90 70 12 10 93 36 61 32 18 25 29 48 86 48 65 27 95 17 83 8 18 53 84 83 54 10 48 20 85 48 84 46 67 55 85 35 99 45 23 22 90 30 66 47
21 25 94 70 63 75 33 7 33 20 81 11 53 86 55 62 8 50 37 67 20 48 10 30 10 97 62 41 55 43 95 41 15 91 63 93 98 91 34 18 83 93 33 27 54 48 58 11 88 40
54 40 61 16 60 65 79 24 40 51 75 77 55 32 69 18 47 38 65 14 95 88 25 33 38 8 59 19 22 84 43 17 80 -1 68 17 57 27 23 27 83 3 71 84 66 30 58 84 44 33
58 4 34 24 38 53 38 53 41 60 51 82 89 60 61 18 7 88 95 54 40 86 42 49 55 96 48 52 70 62 53 88 33 37 102 45 59 47 95 13 90 27 21 3 78 19 49 42 95 95
75 38 80 41 98 23 92 32 76 81 72 50 80 26 88 95 50 34 69 14 14 19 95 24 51 45 91 93 13 50 82 28 94 85 31 28 86 80 94 66 62 78 8 67 72 74 53 54 15 67
91 69 75 95 46 42 95 98 38 1 92 29 60 97 28 29 23 68 47 89 33 40 53 55 9 95 69 15 12 76 19 63 97 53 92 65 51 97 49 30 81 43 47 35 88 24 56 12 66 25
91 84 68 50 55 10 34 92 85 -3 40 41 8 66 73 29 4 55 96 51 95 66 95 55 70 52 54 25 8 -1 12 0 14 78 30 83 96 10 44 58 16 3 87 45 16 93 86 64 89 79
18 36 74 54 49 52 96 40 64 87 39 7 41 30 8 35 88 9 94 47 88 56 68 73 60 52 41 38 81 36 94 36 102 55 58 27 99 68 39 68 33 27 16 22 65 88 15 94 75 48
61 37 15 0 11 91 43 0 50 33 96 59 98 53 13 86 81 55 26 83 73 50 28 50 46 6 70 63 2 49 24 55 36 90 27 93 68 32 54 77 30 70 29 92 6 79 44 75 73 86
93 46 17 63 30 5 27 99 76 40 63 19 34 38 31 29 38 27 10 53 101 45 27 81 92 86 56 47 92 30 24 99 10 81 53 64 100 15 6 8 15 66 34 26 48 45 11 80 62 43
89 62 80 25 40 73 16 1 48 85 56 67 74 93 53 -3 70 92 100 15 84 93 48 10 54 53 78 58 95 86 39 33 2 31 101 48 31 29 78 80 24 95 70 6 32 43 86 78 39 65
24 74 41 44 102 20 32 99 43 75 91 52 73 50 63 74 27 47 54 57 41 80 38 80 47 32 11 6 16 88 95 84 44 10 69 40 21 56 47 21 20 73 35 56 91 4 7 83 41 33
11 3 30 55 73 38 56 12 93 92 68 10 57 75 5 -3 55 17 60 36 73 74 46 79 77 74 44 57 27 3 47 85 47 27 33 14 84 13 30 71 25 92 97 55 82 1 27 60 75 7
96 54 33 37 27 22 89 81 25 7 31 25 90 76 48 27 19 17 52 98 80 25 28 64 14 23 19 19 36 85 11 3 52 4 64 34 72 77 76 51 97 57 12 54 92 66 78 30 85 49
71 2 55 73 34 71 32 16 9 3 21 58 98 53 68 87 22 45 61 8 42 45 73 86 61 83 30 2 37 26 35 21 69 76 15 48 65 92 60 30 6 29 19 83 99 18 86 10 10 5
35 95 68 93 5 9 4 48 28 1 52 2 76 90 32 95 34 30 7 77 95 81 12 6 22 34 102 92 55 100 19 19 4 54 3 69 93 18 41 85 76 30 72 74 31 61 75 99 17 8
31 65 53 2 51 81 2 90 29 72 66 45 6 10 87 53 100 53 34 31 39 66 72 75 11 8 100 89 24 77 63 95 38 66 28 4 61 87 80 8 101 -3 18 12 97 31 81 12 71 84
89 23 39 38 3 1 9 36 30 68 33 62 39 47 17 92 69 80 12 64 101 72 96 36 101 12 6 37 41 17 56 29 67 50 74 48 22 3 7 50 102 7 14 11 67 71 34 56 78 81
45 24 37 80 46 37 99 26 83 7 97 72 29 82 48 62 37 61 81 56 60 12 67 6 2 78 69 24 56 8 47 31 49 85 29 13 65 42 41 90 99 39 96 14 31 32 25 15 58 65
75 46 77 30 91 22 49 86 8 11 83 78 10 44 45 61 40 44 90 46 45 40 32 89 59 81 15 84 68 83 7 91 101 99 64 44 19 20 18 75 60 60 14 15 18 42 9 8 32 13
50 26 9 12 97 75 71 41 21 39 10 10 24 68 63 0 25 91 82 25 38 60 24 8 37 13 47 53 12 14 78 45 71 25 28 4 100 41 100 87 93 39 78 36 82 43 93 3 60 73
20 58 60 66 45 59 52 31 30 15 96 1 100 78 89 92 22 91 5 76 31 77 90 59 19 61 58 57 86 49 4 20 20 69 37 63 60 51 95 1 99 52 52 10 12 71 96 85 94 7
34 88 22 39 46 68 75 85 44 75 74 23 77 4 100 57 42 88 79 -3 17 33 76 62 52 84 14 20 19 16 21 65 99 48 10 37 50 39 76 95 77 84 24 77 83 11 2 85 8 60
88 40 69 6 77 83 90 40 95 49 10 97 66 82 43 79 9 93 45 26 50 18 96 43 56 7 3 65 14 98 84 4 63 75 14 57 29 56 42 29 64 5 65 89 3 99 14 16 52 65
48 95 66 25 14 90 82 82 36 23 15 87 20 12 37 79 70 54 37 79 65 96 7 38 78 30 89 92 70 96 59 73 22 11 8 1 37 12 85 51 61 13 58 15 88 69 65 29 80 66
58 52 19 26 76 75 7 66 44 74 5 71 23 30 34 89 58 68 88 73 8 83 16 45 58 91 11 35 30 22 92 37 102 13 99 79 83 84 67 60 58 87 86 94 19 62 65 2 12 71
53 91 70 86 101 69 14 13 25 85 61 44 75 4 66 70 12 24 45 32 61 6 30 86 41 12 49 22 39 26 28 1 84 91 22 76 28 -1 67 64 71 8 96 94 72 76 87 14 70 57
35 36 18 30 32 19 52 46 5 96 77 6 93 34 82 99 6 99 64 91 64 70 3 67 51 66 49 64 18 53 3 33 63 95 64 77 86 94 78 52 48 100 65 97 4 50 40 6 52 26
18 77 55 11 24 8 16 93 90 81 33 75 4 30 86 33 24 -3 78 36 7 91 32 63 66 7 93 57 94 72 100 79 61 71 24 -2 51 44 92 51 18 89 60 81 100 88 40 11 40 18
100 44 33 80 43 16 47 30 72 91 10 32 49 68 44 12 29 100 100 79 36 10 31 14 30 67 42 90 98 63 18 29 94 28 46 34 50 52 23 63 87 21 78 2 13 18 65 84 76 35
96 2 31 59 57 9 57 74 21 10 44 66 92 1 54 50 65 5 5 -2 42 28 21 39 53 72 28 93 51 74 18 6 15 36 101 78 66 90 47 90 19 22 95 70 35 73 28 44 87 9
56 68 91 75 8 41 10 89 70 4 71 31 85 39 42 46 25 71 64 12 19 12 70 63 19 94 68 90 56 53 58 58 77 6 9 78 67 4 13 31 91 10 60 23 14 12 55 7 91 63
40 18 63 64 51 49 97 65 6 8 23 1 67 39 37 28 53 27 79 51 35 79 98 14 86 83 39 83 42 8 72 36 38 43 21 83 11 64 13 36 42 47 58 32 87 53 93 46 73 8
75 9 84 74 48 53 33 48 82 1 42 79 32 69 38 70 91 48 3 92 48 41 27 14 31 99 7 1 95 9 9 90 47 58 51 69 58 68 5 84 73 9 91 86 43 73 72 53 47 81
55 17 17 25 100 70 95 14 12 47 24 77 20 52 94 74 100 71 58 80 61 13 101 49 23 43 40 20 67 79 4 86 69 80 34 25 36 73 45 68 89 25 66 62 43 81 93 58 73 73
61 48 83 20 91 44 83 93 3 60 13 38 98 97 31 86 83 6 12 61 6 86 43 7 90 24 65 9 84 77 14 97 50 20 42 61 90 83 48 97 44 25 41 86 77 10 56 87 28 68
100 7 34 64 46 35 61 22 20 27 83 43 27 76 6 81 22 56 2 89 6 2 44 34 49 91 39 18 62 90 50 84 2 27 63 48 21 7 90 33 30 46 38 59 63 -2 49 86 48 77
El programa tardó 15.624284744262695 milisegundos en ejecutarse.
