96 58 80 66 76 75 37 77 101 31 56 27 13 87 24 43 44 31 15 51 80 66 30 25 96 51 14 87 58 36 41 41 81 42 60 25 100 100 27 25 70 95 49 2 15 29 24 45 81 45
81 84 101 27 40 88 67 66 92 5 22 65 75 31 12 51 66 86 49 20 11 9 63 34 45 40 36 26 6 13 85 53 31 30 98 1 11 2 16 64 61 66 94 64 77 6 43 5 92 38
56 28 31 63 32 15 25 86 89 60 40 41 90 15 60 29 69 15 91 4 46 79 66 76 84 43 44 80 58 81 96 30 94 100 50 11 5 93 82 42 38 90 41 82 8 43 3 51 79 49
27 74 87 85 93 62 77 76 55 57 75 86 63 64 36 88 23 35 100 87 99 63 64 0 52 77 44 33 17 32 29 16 56 9 27 84 69 80 20 66 67 69 72 4 98 65 35 -3 93 23
56 35 41 48 48 39 41 69 36 71 86 15 43 61 4 58 43 36 51 84 5 59 12 67 34 78 38 1 14 77 100 44 78 46 69 7 76 42 16 6 9 49 32 84 81 44 8 26 69 65
66 41 94 17 38 75 25 72 83 60 5 47 20 48 30 43 90 43 73 59 80 42 67 59 77 95 81 21 81 7 97 94 72 25 70 55 72 96 93 79 72 91 97 90 46 32 36 92 31 -1
70 66 6 21 8 84 22 88 31 12 88 32 91 96 32 45 3 31 4 85 91 94 63 100 16 100 66 69 10 52 22 36 75 65 23 64 50 84 34 97 43 58 44 7 27 33 25 55 44 99
88 73 22 34 45 4 20 83 79 84 8 49 22 35 90 84 52 35 3 64 85 52 80 77 49 44 63 85 81 89 52 0 95 52 24 37 83 44 38 28 50 3 18 22 70 71 44 62 47 10
55 49 100 71 97 7 43 77 41 74 34 17 41 68 57 20 60 96 79 57 13 29 63 46 55 25 43 38 50 42 68 41 76 28 26 43 97 39 79 78 87 76 3 80 43 15 58 84 45 72
53 5 82 61 16 88 98 85 53 35 84 6 77 75 62 18 41 4 27 50 30 57 67 25 5 24 11 24 48 3 95 34 70 66 82 27 42 76 46 21 78 14 8 77 68 22 98 89 76 2
95 15 23 62 59 16 83 26 42 15 76 43 8 20 69 76 74 53 46 2 94 19 92 76 87 67 10 87 38 22 69 71 101 22 83 62 29 85 61 5 13 18 44 22 49 76 24 41 93 45
71 34 41 66 39 39 57 88 13 60 18 93 32 48 11 71 20 29 64 96 31 32 63 28 2 40 86 96 42 79 31 89 94 13 24 46 37 51 7 30 40 61 2 22 67 48 45 68 31 1
15 12 60 30 86 57 54 12 42 53 72 82 39 61 40 99 67 86 84 76 90 86 21 50 34 82 77 96 90 28 28 66 51 53 16 56 47 75 90 82 53 10 36 58 48 24 19 78 65 73
8 19 48 38 97 86 23 63 24 22 35 9 90 76 67 60 32 93 36 42 50 34 84 43 5 71 27 15 101 20 90 4 41 30 84 7 4 55 69 -1 8 10 50 26 47 30 97 32 85 16
35 37 12 97 49 36 81 75 64 33 3 33 24 45 10 54 34 55 63 46 84 46 60 7 62 1 83 5 57 86 4 71 14 70 95 31 50 78 8 28 56 5 4 14 6 87 50 40 81 50
100 91 60 26 71 88 75 84 58 55 7 48 99 1 51 95 98 18 67 51 13 9 49 53 88 91 21 84 62 2 87 72 4 66 61 24 49 89 13 36 73 68 58 10 25 29 84 2 64 36
49 7 74 24 88 56 14 57 4 92 75 75 58 27 91 46 27 49 85 83 82 59 40 70 76 44 58 90 78 32 59 38 35 36 98 100 84 87 101 93 67 92 38 72 14 50 5 16 12 48
58 25 57 88 90 1 31 73 100 38 17 17 83 85 12 34 43 75 31 63 48 83 56 8 44 28 12 3 38 35 48 65 64 54 3 52 2 44 69 1 23 -3 35 96 12 22 83 44 55 71
27 70 80 26 37 20 78 35 74 64 86 97 38 12 66 52 13 74 59 10 99 4 14 81 55 76 51 30 69 25 30 90 22 88 3 32 92 59 75 70 40 2 9 90 52 22 60 61 67 52
17 82 9 72 58 63 59 60 17 18 30 52 97 32 2 7 4 13 55 6 27 14 61 51 40 41 77 1 92 45 31 60 26 25 21 21 57 12 93 30 62 91 21 72 45 91 92 27 71 67
71 74 97 66 5 73 4 60 79 68 75 59 70 81 43 40 46 51 49 77 80 87 95 66 60 31 47 94 78 79 25 64 68 80 63 41 87 9 60 62 78 88 35 8 78 4 93 94 81 74
65 40 66 51 47 45 26 46 31 13 60 69 89 80 70 21 87 66 29 28 83 1 71 93 97 -3 57 38 48 77 32 75 26 23 97 26 61 57 94 46 68 22 35 5 86 89 24 24 16 65
49 65 59 74 68 5 84 74 102 100 35 79 54 91 33 50 13 6 94 45 73 65 85 25 97 58 49 9 57 17 95 54 62 47 101 33 47 33 34 63 9 2 53 49 15 69 9 76 63 64
55 19 81 94 98 26 58 1 61 11 53 33 10 69 18 17 7 78 45 81 60 92 21 27 39 50 92 25 50 52 62 58 71 69 55 96 87 79 12 95 31 87 66 84 67 66 61 41 25 49
76 36 27 8 101 1 43 6 97 91 17 1 56 68 65 31 65 74 73 75 3 42 76 74 44 78 79 73 12 33 58 18 52 46 43 86 102 47 27 37 3 53 29 80 15 6 68 18 62 99
33 1 30 81 38 34 82 12 84 -3 73 9 74 27 61 2 92 32 99 46 3 87 26 78 8 43 61 29 55 85 62 86 50 54 79 67 35 1 16 10 99 -3 71 17 71 90 46 93 88 68
26 75 83 48 18 44 31 84 12 37 11 11 41 71 61 8 68 80 16 73 14 24 81 11 8 5 37 43 19 86 43 37 32 41 52 68 74 45 8 80 49 65 101 67 53 80 51 52 29 20
56 77 11 95 21 42 44 66 49 58 91 37 71 42 80 15 82 58 84 2 95 24 18 67 98 77 87 93 70 58 10 24 81 82 72 73 74 2 15 35 5 21 48 62 16 43 63 41 57 82
4 56 28 45 51 90 8 67 42 98 72 65 4 2 96 73 61 88 93 13 59 37 60 59 24 78 3 21 35 67 25 63 35 62 69 26 4 43 29 9 19 31 67 48 95 57 59 89 53 91
99 73 73 4 2 28 19 80 6 92 80 11 75 23 57 62 101 8 38 51 44 60 49 19 23 84 42 5 71 95 65 30 86 70 3 45 60 63 37 6 62 82 9 88 51 91 65 60 30 91
14 11 26 83 50 3 75 8 83 79 98 69 10 35 31 63 53 75 12 84 45 30 88 65 65 94 72 60 35 1 14 34 5 30 72 69 85 62 57 53 52 25 100 77 76 94 36 20 7 8
38 57 59 38 28 50 64 51 85 12 17 89 22 8 52 58 67 44 76 20 74 95 42 95 9 38 33 25 8 93 2 80 99 21 60 47 44 36 70 10 54 93 62 67 21 96 35 12 68 72
23 54 89 80 80 24 18 82 70 32 52 14 9 97 27 65 29 88 102 18 73 9 52 53 54 60 78 65 63 9 15 62 49 85 29 46 24 9 91 100 35 56 78 62 31 56 50 73 4 51
101 57 7 95 97 38 81 65 88 81 95 38 60 15 83 67 31 33 97 69 11 88 30 18 59 43 48 75 40 1 74 65 33 2 96 -2 7 48 35 11 46 1 96 95 40 41 53 62 7 90
39 2 50 75 14 57 102 45 75 98 89 75 90 96 49 78 15 70 75 47 22 73 12 6 100 73 49 21 14 25 23 87 78 35 49 49 25 50 26 90 37 2 99 62 95 22 61 29 73 78
70 30 3 41 27 0 3 11 55 34 88 30 19 61 38 61 42 76 45 34 101 83 85 96 13 53 91 13 70 0 40 43 79 60 76 51 46 71 95 7 36 46 57 61 49 41 69 71 100 3
80 17 82 45 33 5 59 22 31 98 24 38 82 85 48 46 54 77 93 1 98 79 38 50 44 50 40 7 93 91 92 73 57 74 80 39 4 46 21 81 18 14 77 69 20 54 64 98 89 76
39 45 38 94 58 68 42 83 79 26 81 58 75 82 63 42 55 95 26 9 38 30 52 65 4 75 30 67 63 11 16 81 18 57 45 50 62 13 74 64 36 42 64 69 20 -2 100 4 46 11
38 10 34 97 90 57 25 68 54 19 57 62 22 97 53 87 73 20 11 5 53 32 91 18 53 69 44 29 61 80 102 79 16 49 51 62 28 30 48 40 34 96 85 1 34 91 12 26 40 49
24 47 86 38 100 42 92 12 77 59 37 56 54 39 41 57 32 89 19 85 53 18 85 76 96 24 40 73 93 -1 7 5 72 64 7 87 92 91 39 76 65 43 52 84 21 0 80 29 22 30
9 99 92 8 85 26 55 50 37 68 37 67 76 21 76 93 12 27 73 55 66 34 70 51 13 25 18 20 94 70 81 52 92 32 8 25 80 84 61 79 90 78 45 15 97 46 45 38 41 9
64 8 84 87 21 77 92 63 2 34 67 81 34 96 4 23 93 20 37 39 14 45 28 38 47 36 31 74 41 64 80 78 72 57 4 53 83 9 35 73 48 60 74 4 51 1 35 84 66 95
102 98 90 66 71 67 86 3 14 68 66 3 81 86 73 32 5 15 41 50 89 47 38 42 61 27 38 83 61 94 66 30 88 45 38 75 57 98 13 35 49 81 61 40 9 76 25 47 38 30
18 -1 55 72 78 64 46 47 59 77 6 39 77 44 93 -3 18 54 22 17 30 53 33 61 50 9 21 78 8 90 59 78 24 0 77 86 55 24 66 88 91 30 38 13 91 25 44 44 53 48
92 80 45 33 5 53 4 60 69 86 90 39 79 19 14 33 41 67 93 54 28 84 89 62 68 69 74 10 53 99 4 96 96 29 48 37 9 87 12 34 12 21 9 53 36 45 81 80 5 100
51 10 88 14 84 75 92 44 64 30 12 91 75 -2 10 93 26 54 96 68 6 19 74 0 90 62 5 12 76 22 58 78 51 19 73 1 15 33 59 24 10 8 11 15 50 44 33 90 92 15
48 47 92 4 21 89 89 46 24 83 48 53 102 17 14 75 5 61 67 83 49 84 11 21 72 49 35 100 70 24 42 29 15 85 100 19 52 41 42 6 41 37 8 73 50 50 27 10 58 23
44 50 84 71 92 15 14 13 42 53 50 35 34 49 94 18 85 75 27 40 67 30 95 -3 22 85 64 25 48 92 48 84 76 87 79 60 16 82 49 4 99 20 82 3 3 10 24 -2 30 84
22 26 75 45 25 29 34 80 10 92 21 40 42 69 31 74 86 60 99 92 95 78 70 2 8 8 85 14 5 58 79 95 91 14 99 63 83 39 93 1 33 71 15 26 84 89 67 90 90 78
61 88 5 93 11 8 2 58 77 80 41 2 96 68 77 8 68 22 98 68 32 22 66 26 100 71 60 87 8 18 19 30 12 35 53 17 55 38 93 65 23 52 22 70 62 11 31 -1 94 9
El programa tardó 0.0 milisegundos en ejecutarse.
