92 74 73 30 89 37 49 26 5 30 36 27 102 83 60 60 28 69 100 6 28 3 46 93 4 11 36 100 23 45 57 90 72 10 10 13 80 92 40 29 55 74 98 11 91 25 56 49 69 91
35 48 35 92 7 22 82 8 97 -2 51 59 23 45 92 53 16 23 60 69 82 -2 93 52 97 56 34 12 68 45 57 47 72 72 47 76 8 90 53 86 3 35 33 64 18 51 76 17 45 90
43 74 64 73 51 49 4 10 85 24 9 58 40 17 57 20 85 16 17 22 86 32 44 89 92 39 16 67 37 34 15 22 24 33 51 29 52 90 101 92 37 31 86 81 94 57 58 37 45 95
17 50 37 35 85 70 40 27 25 43 65 46 32 10 76 48 67 94 17 35 29 85 22 13 85 65 29 42 10 7 4 71 101 48 68 -3 24 32 89 75 93 -3 44 73 48 92 64 57 100 50
75 62 34 25 35 74 91 83 9 9 73 97 46 48 82 12 59 86 52 32 74 14 18 65 80 23 25 65 74 89 24 49 99 37 45 71 70 37 102 80 95 85 13 82 4 35 30 7 70 67
39 51 13 13 93 93 58 73 37 70 84 73 50 67 79 86 85 76 92 46 3 21 24 10 21 78 47 -3 45 54 21 58 68 81 98 86 90 -1 40 7 3 26 54 -3 12 19 17 46 3 44
39 50 50 30 5 53 50 54 77 99 45 28 95 8 68 54 88 56 47 90 65 2 24 26 33 31 63 31 34 36 24 96 30 76 64 16 38 14 71 39 50 37 73 39 62 54 79 51 50 84
82 38 81 85 62 87 97 7 99 71 14 54 30 80 16 6 80 -2 68 26 62 20 33 63 45 12 40 80 53 33 13 27 60 11 20 41 43 66 24 55 23 40 79 54 72 34 54 30 101 11
54 43 28 39 82 9 16 59 75 60 72 97 56 24 45 66 71 83 79 27 69 2 11 18 69 62 95 19 93 16 81 28 67 17 22 65 30 86 62 32 32 93 82 9 4 54 101 2 90 79
10 71 80 26 19 74 64 62 91 94 93 20 28 22 10 74 19 77 26 93 100 81 41 35 69 39 70 93 19 51 42 23 93 20 45 68 14 26 29 36 90 67 84 55 49 85 75 77 4 23
87 5 33 99 42 20 54 82 9 70 61 83 61 13 89 66 47 6 21 68 73 68 54 95 17 18 3 8 7 94 75 95 59 58 3 49 62 67 100 67 98 97 26 93 27 16 91 72 52 84
99 48 42 95 12 37 69 75 77 16 100 11 80 39 30 24 89 3 22 89 67 68 43 9 49 90 83 35 75 21 26 87 51 11 44 29 21 80 65 9 13 69 30 9 91 37 59 77 24 47
74 88 77 1 20 83 28 70 73 56 76 69 78 21 49 95 80 27 37 12 14 19 25 12 97 88 79 31 14 67 28 17 37 38 99 8 17 54 61 80 92 91 79 94 9 85 77 91 13 33
27 53 82 80 62 89 91 59 26 17 56 35 75 58 90 67 77 41 27 24 22 81 81 17 51 25 15 34 21 39 65 46 97 53 93 69 98 15 4 94 73 94 42 90 88 58 77 23 72 28
58 58 59 95 34 97 91 80 94 37 70 41 29 8 52 42 40 36 34 1 42 28 68 72 46 42 48 28 25 56 24 58 50 75 9 49 31 3 97 78 83 17 33 54 8 79 66 40 32 45
31 49 73 22 60 36 7 93 34 47 6 31 46 -3 47 31 50 4 100 24 71 55 22 96 101 83 86 4 100 9 64 54 76 91 8 94 12 73 19 89 95 67 15 10 52 69 75 87 72 84
7 68 46 64 51 19 27 65 22 70 26 17 19 100 61 97 91 89 35 50 14 29 31 71 74 90 88 95 45 94 70 5 54 55 26 73 7 80 13 32 56 55 83 87 72 77 87 40 22 28
46 60 98 32 13 91 57 94 3 87 87 12 61 45 27 3 67 49 75 31 56 89 61 69 55 40 47 9 5 -3 9 88 67 15 2 61 22 89 52 28 49 10 13 93 45 86 51 -1 77 36
53 93 91 61 9 89 88 32 87 10 77 72 42 89 24 9 56 13 15 88 32 94 91 89 90 21 63 98 76 89 39 40 25 45 66 42 50 83 4 76 37 31 46 88 80 82 88 35 87 54
9 68 60 55 50 83 51 6 93 89 81 96 54 52 92 15 51 39 45 24 68 62 76 13 59 96 87 16 39 39 48 12 8 20 27 71 81 17 31 51 82 22 22 12 27 41 3 59 62 -3
100 1 68 70 59 18 97 56 73 4 56 94 73 68 31 53 94 83 55 69 20 58 83 70 83 34 59 93 15 48 15 40 28 15 13 64 79 55 27 13 65 79 16 50 42 41 80 67 78 59
78 17 41 3 25 49 60 70 68 16 85 93 98 48 47 74 72 89 71 6 93 77 9 43 45 92 92 60 34 66 53 82 45 46 68 72 19 0 79 0 51 4 85 37 84 0 98 70 25 53
29 31 25 78 95 4 73 75 41 39 64 75 83 53 94 10 51 49 70 29 27 89 44 54 39 100 49 70 82 74 47 18 44 72 64 22 93 5 20 54 32 28 64 53 70 69 6 55 70 65
23 9 6 69 27 41 81 78 25 80 21 60 5 34 83 50 31 41 39 52 10 17 16 68 27 96 38 10 25 88 23 93 44 36 33 72 54 64 55 16 86 21 66 5 3 31 83 43 7 20
29 24 11 92 55 33 31 31 38 6 99 47 38 44 7 49 38 23 94 34 19 25 43 24 99 30 25 67 61 88 39 52 35 80 86 58 36 62 48 97 68 99 43 65 87 60 16 6 99 95
6 26 81 56 66 88 75 13 18 41 66 7 75 14 61 56 94 46 35 87 94 28 37 96 40 26 63 96 52 1 11 3 48 95 76 50 55 71 2 54 5 63 52 5 27 21 13 52 91 22
88 50 88 21 43 17 58 17 54 95 52 91 69 6 88 46 40 23 98 44 17 99 6 73 66 24 50 26 97 28 74 90 86 8 42 90 68 31 84 55 43 47 91 14 68 1 59 60 30 33
82 85 6 22 96 31 66 49 47 81 37 43 33 28 11 39 76 28 18 82 4 30 54 55 13 96 50 11 37 68 62 68 24 59 57 70 95 58 75 83 14 63 33 53 51 90 81 28 62 40
73 15 93 20 101 76 78 54 63 59 39 33 76 60 16 28 12 59 58 40 45 72 92 47 24 62 8 60 27 71 85 1 60 81 23 3 67 63 25 85 38 36 39 14 18 78 4 42 62 36
15 80 46 88 44 49 88 40 14 68 90 9 29 41 67 48 20 69 19 0 76 50 8 61 27 33 60 16 95 59 69 78 29 25 98 81 79 21 71 96 82 66 59 36 4 5 66 87 26 8
40 24 56 49 42 37 83 29 39 76 84 83 8 4 69 37 6 74 73 1 27 6 6 61 6 51 76 57 71 83 92 18 74 37 32 90 97 87 67 97 11 36 97 81 22 72 18 30 31 34
31 32 93 4 72 -1 71 78 29 49 6 68 90 50 23 15 94 43 13 94 54 29 50 14 81 3 23 72 6 47 89 66 76 26 89 29 4 26 64 45 71 55 27 35 73 11 47 8 47 91
25 28 81 43 57 26 100 86 14 11 68 51 69 36 51 1 41 32 18 84 88 13 31 49 38 96 25 32 99 40 32 89 82 61 12 99 97 26 61 51 14 83 15 92 73 65 53 65 22 41
7 81 85 68 6 49 44 -3 61 82 74 56 68 57 27 79 51 13 65 49 71 -3 36 37 46 85 89 30 96 47 33 67 62 18 25 77 32 27 41 5 50 58 4 37 35 43 70 81 58 59
74 43 13 78 82 40 84 62 92 49 94 41 100 26 102 69 93 92 65 61 10 43 52 16 55 53 58 37 4 89 101 76 65 81 43 76 46 16 17 29 50 55 65 27 88 33 34 20 21 22
95 57 48 79 84 70 62 94 30 48 33 94 26 23 50 85 27 68 67 -2 92 2 79 67 68 3 60 12 46 61 40 43 99 28 27 91 22 51 91 52 68 35 43 73 64 90 75 21 89 80
94 55 17 50 11 56 67 86 44 81 19 71 59 14 92 26 68 68 12 16 13 59 75 2 81 50 51 63 5 14 83 48 69 15 84 11 86 89 102 27 29 28 53 4 51 92 20 43 44 91
11 22 14 84 33 44 59 26 73 59 35 1 3 26 55 89 37 20 71 80 8 -2 93 89 42 61 97 25 81 42 12 40 64 55 33 94 39 61 6 64 51 8 42 44 11 48 71 67 43 9
12 25 47 86 48 12 56 61 31 52 62 6 72 21 92 22 11 66 34 17 11 31 31 1 32 100 82 51 60 40 4 26 92 26 63 69 10 11 47 91 5 83 97 72 33 76 4 97 75 65
85 73 17 2 8 88 35 53 84 58 76 53 78 93 35 15 69 87 2 12 96 60 6 74 68 60 26 86 52 11 49 60 79 65 32 17 85 47 24 -1 90 17 12 24 48 25 24 58 55 2
75 98 69 39 75 95 14 93 37 69 93 52 85 45 44 51 61 1 40 99 44 95 92 97 31 15 94 3 42 79 23 72 53 30 102 93 54 92 70 3 47 64 78 54 14 63 90 8 66 45
21 84 77 64 57 47 31 64 95 8 40 14 38 56 6 81 16 4 65 33 33 35 25 12 77 74 37 2 90 75 53 22 83 4 40 55 13 12 50 83 71 21 44 34 26 87 56 38 57 84
18 52 58 47 27 27 21 71 28 6 70 12 85 15 25 15 88 70 41 99 70 100 30 64 60 20 69 5 89 31 51 2 23 85 60 83 20 55 66 61 62 54 28 32 9 39 71 82 52 39
5 16 57 71 49 16 23 -1 43 37 4 90 92 42 50 91 66 62 42 31 87 80 80 48 86 42 24 49 66 72 9 50 9 58 41 45 84 79 75 43 85 48 95 69 61 33 7 73 77 38
83 23 3 26 69 87 61 66 64 43 7 68 70 74 71 59 96 91 99 5 47 13 63 47 41 29 53 28 33 96 52 79 81 68 9 99 63 26 53 59 7 52 81 52 86 89 23 92 59 78
14 79 85 80 91 43 25 72 43 43 27 57 29 81 56 1 51 32 81 41 74 19 10 29 49 2 93 -3 42 28 71 6 101 62 98 85 68 73 96 46 77 59 4 12 64 50 66 75 22 10
87 73 97 88 74 24 43 65 77 23 7 88 50 38 75 94 21 74 29 76 26 93 79 80 63 54 97 32 82 89 71 100 62 68 16 38 22 52 86 28 51 15 62 93 72 24 30 54 12 85
28 32 16 67 84 44 90 58 33 10 92 52 51 19 18 9 50 60 11 52 45 79 83 29 32 3 94 20 96 63 71 71 57 61 18 8 12 4 92 85 73 55 34 17 90 67 35 40 65 33
78 44 10 64 27 15 50 50 98 95 23 96 91 46 67 75 85 69 43 53 36 35 41 39 46 66 81 16 7 94 18 11 81 63 80 24 83 80 98 61 49 28 74 79 15 7 33 91 35 11
31 20 28 68 50 -3 45 53 94 50 27 64 23 40 98 2 101 40 91 58 95 69 92 3 66 89 43 56 38 89 57 34 49 19 22 80 101 65 36 11 33 81 4 38 58 49 39 34 11 52
El programa tardó 0.0 milisegundos en ejecutarse.
