27 48 60 6 79 75 79 39 34 85 80 85 85 82 65 5 57 31 46 91 24 83 93 1 15 19 37 86 59 9 22 75 86 47 75 88 43 59 33 74 92 17 32 13 71 36 59 54 68 2
95 81 19 93 50 -1 64 72 39 53 6 80 11 24 23 79 43 14 44 0 84 6 15 26 67 88 66 61 76 19 27 29 66 44 66 15 58 71 59 52 3 67 49 31 76 4 40 2 3 77
18 22 45 78 85 94 42 86 21 77 34 88 54 64 75 96 45 7 49 55 97 42 44 63 23 72 81 31 68 76 24 6 100 46 65 8 60 57 80 21 67 82 72 79 91 42 70 26 57 24
45 26 48 20 99 48 71 23 27 91 67 14 14 86 74 52 48 82 83 47 91 74 78 75 84 89 22 81 58 49 89 74 93 1 85 9 64 24 18 41 85 1 50 90 66 51 53 26 95 29
11 26 17 90 52 67 60 30 3 72 53 73 102 90 12 94 9 84 38 80 59 10 53 21 28 2 6 22 70 25 61 10 56 5 87 86 11 76 47 53 15 53 39 54 32 80 63 36 17 51
7 33 77 87 29 26 77 -2 80 5 101 76 42 43 76 57 19 36 33 26 53 71 53 84 80 47 40 81 59 36 99 49 50 37 89 8 36 45 41 65 72 61 30 40 98 94 69 29 36 55
18 29 67 69 41 9 39 42 67 4 89 52 47 81 66 40 14 51 39 44 49 64 34 15 4 27 83 22 5 47 99 88 49 61 96 7 50 5 19 94 20 56 62 46 93 14 23 11 59 63
4 75 58 31 43 38 41 79 7 83 72 74 82 42 15 27 39 12 67 38 44 50 86 73 92 35 79 90 47 -1 46 19 90 89 35 42 93 78 59 4 36 95 63 29 61 76 34 25 86 65
84 92 56 58 73 31 94 40 48 15 20 8 56 2 46 94 42 21 102 60 18 70 92 58 72 50 31 53 11 7 31 93 91 100 31 78 61 56 7 12 50 47 7 58 85 61 44 87 61 23
44 28 92 62 95 33 17 35 40 41 10 87 15 1 22 68 34 73 98 20 52 59 90 71 12 41 49 72 41 15 40 50 19 64 81 90 35 85 7 25 72 90 76 13 6 71 13 83 91 2
12 36 7 70 95 70 65 63 98 84 61 53 72 77 26 51 24 60 50 71 6 56 23 47 53 89 84 12 79 32 83 14 40 36 98 14 92 84 9 84 57 50 96 69 75 70 81 6 47 7
39 1 38 63 21 43 37 59 62 67 26 64 67 82 95 48 36 48 36 63 45 46 97 69 43 82 26 -3 50 44 48 60 13 53 22 47 75 34 72 54 37 91 89 14 33 9 57 58 67 3
46 11 80 91 30 1 64 8 6 23 13 62 90 28 45 37 14 96 34 2 42 88 52 71 86 76 71 74 77 83 41 86 62 19 101 77 17 81 58 3 64 5 40 3 21 68 62 33 92 69
77 8 100 21 91 16 98 43 63 52 15 84 14 19 46 96 87 79 24 26 77 93 20 77 12 17 31 45 59 63 53 22 39 15 39 77 9 1 88 4 18 85 9 46 84 40 93 83 35 83
86 30 58 98 87 19 51 19 25 88 45 69 48 37 44 58 56 16 63 68 29 100 11 13 54 1 30 63 69 81 15 89 91 57 74 48 8 32 77 22 15 32 91 89 25 49 73 80 66 78
86 87 55 30 56 61 13 24 92 91 75 14 42 52 10 14 20 88 38 89 99 79 55 57 30 16 13 60 56 9 29 53 91 79 63 30 11 92 65 82 74 -2 43 63 92 92 38 27 25 75
35 89 27 8 84 17 70 58 25 45 95 41 12 71 76 91 5 97 92 6 55 41 69 58 47 44 23 48 54 19 73 88 80 100 97 9 99 55 24 78 78 49 92 15 61 77 77 34 27 81
22 8 82 30 4 38 38 56 28 2 22 26 67 65 25 87 39 76 59 19 81 39 53 78 26 80 11 -1 35 61 30 13 13 32 20 67 28 52 21 83 20 62 8 85 13 20 69 40 67 94
8 67 96 28 72 82 46 55 18 11 98 58 56 50 54 17 45 41 102 65 34 53 33 91 20 63 24 3 44 4 77 52 20 55 93 81 94 22 77 74 11 77 27 20 86 96 32 55 99 56
26 62 66 58 46 6 77 63 49 23 40 54 88 87 79 27 14 95 49 41 69 29 72 1 49 18 83 29 90 64 81 11 97 79 101 32 49 36 7 72 38 32 61 26 7 -1 77 94 79 29
92 19 67 8 51 58 31 68 54 16 94 90 57 97 81 78 79 83 10 27 57 81 19 64 81 10 8 17 36 16 72 18 68 19 90 9 81 18 62 72 18 8 29 77 93 75 9 97 84 94
83 14 39 49 2 32 47 0 41 25 57 27 54 26 29 26 60 67 46 69 85 72 30 45 22 47 20 55 8 36 64 55 41 57 3 43 20 91 6 2 77 47 99 28 8 58 57 80 39 52
60 24 37 83 12 39 97 63 24 59 56 47 71 14 27 16 26 19 80 45 40 1 57 95 75 24 98 33 12 11 94 88 64 19 12 20 3 55 37 81 49 77 46 21 18 5 28 12 25 76
43 26 44 86 82 62 73 30 50 10 10 19 86 9 65 12 67 17 52 79 87 1 43 19 98 61 77 83 89 2 9 41 38 24 22 35 25 90 14 36 82 80 33 18 98 73 92 59 37 35
25 86 84 9 16 55 83 54 96 40 35 86 47 73 92 78 9 52 65 85 19 23 27 11 50 27 64 40 73 10 77 86 32 89 87 98 24 46 64 26 27 12 26 90 50 49 79 26 10 78
43 90 8 40 4 52 66 30 38 -1 35 40 31 83 94 87 67 2 85 68 85 93 100 87 37 45 100 43 14 -3 80 24 55 29 31 45 5 -2 11 91 93 66 50 43 34 68 25 1 96 -1
18 32 69 6 18 97 65 60 92 2 57 12 18 30 58 93 12 98 9 11 34 27 29 29 77 81 26 84 38 18 74 38 94 84 32 82 57 100 49 79 95 5 37 70 82 2 101 96 23 17
17 -3 26 36 16 57 44 93 94 14 75 76 69 -3 34 10 51 29 15 61 33 41 50 22 19 35 44 51 95 69 86 70 20 47 87 91 67 68 63 67 49 72 79 13 101 11 20 23 29 64
84 21 45 21 95 62 83 11 59 14 91 66 97 87 86 34 91 88 22 51 50 60 17 61 64 66 32 47 25 59 102 38 23 53 91 67 90 5 28 1 53 70 92 53 72 47 70 70 90 51
65 50 84 89 52 77 26 38 88 44 76 17 54 94 84 22 96 33 2 38 6 66 54 52 87 -3 25 74 55 -2 47 83 73 7 92 69 97 85 88 17 14 16 49 62 85 6 54 17 53 90
95 78 86 77 40 47 18 41 70 7 21 8 87 26 74 57 49 16 37 43 45 57 41 2 72 74 72 48 14 10 98 63 36 81 20 52 95 84 53 73 34 73 21 24 68 6 40 94 8 9
99 90 51 11 81 79 64 70 75 46 27 45 20 89 54 49 68 88 22 18 7 85 17 49 2 1 90 74 8 68 60 90 80 87 35 33 60 42 101 77 66 76 62 89 89 55 100 25 20 82
58 12 76 25 68 18 49 98 24 39 21 96 16 82 79 26 26 28 56 27 99 64 77 23 26 44 9 80 40 100 55 64 14 92 89 42 71 7 33 53 56 88 85 60 3 78 71 86 15 71
74 5 20 29 72 96 30 15 92 60 74 53 19 67 56 17 3 18 82 28 14 45 70 3 73 -2 2 47 7 41 38 56 48 28 26 56 56 7 86 39 73 76 81 59 45 59 98 18 9 94
76 6 50 50 56 69 38 94 8 12 31 75 92 66 61 35 22 14 98 5 13 67 31 50 84 54 72 33 19 62 67 5 14 100 28 85 23 66 47 43 97 23 15 77 52 26 89 16 53 34
73 62 77 9 42 69 44 52 3 54 11 44 64 52 52 11 36 48 64 63 57 21 43 34 42 43 46 47 79 25 13 6 55 35 66 42 65 66 81 32 98 71 58 51 7 39 60 84 54 45
32 2 4 46 48 54 98 61 34 67 49 89 87 9 4 64 72 59 40 52 12 71 71 75 21 76 27 67 72 21 55 28 34 64 13 22 87 2 84 84 10 77 99 17 102 8 93 49 102 3
16 14 22 42 22 29 62 92 11 83 58 31 53 69 66 38 50 87 101 49 66 5 43 44 72 0 21 58 67 54 27 18 14 69 59 73 4 44 98 89 73 92 30 41 66 5 66 76 81 34
100 54 50 15 37 24 22 98 61 99 15 31 47 27 98 77 47 58 94 26 63 60 30 23 62 65 102 29 88 53 68 61 85 87 62 55 7 63 8 17 13 28 64 28 69 86 75 11 33 29
2 68 5 57 14 60 35 33 67 44 2 74 77 46 13 49 81 63 91 -3 19 89 19 81 14 87 36 43 37 71 54 75 12 10 15 -3 12 23 20 80 17 82 30 40 34 93 77 77 82 5
91 37 28 32 56 99 90 41 60 79 7 10 31 64 29 55 66 27 21 12 74 86 10 67 91 68 78 25 4 67 99 22 18 50 53 3 36 79 5 93 86 41 14 38 83 54 65 45 82 57
33 9 57 82 96 53 79 70 59 47 92 22 22 8 87 27 65 53 60 29 75 94 84 73 7 34 76 5 46 73 43 21 51 41 96 13 37 7 70 2 54 60 66 78 23 62 22 47 6 56
73 8 41 12 68 35 79 39 89 69 47 13 102 57 21 92 48 56 36 59 47 51 8 37 56 75 92 84 90 44 38 61 41 54 12 88 26 8 16 40 102 83 43 34 26 74 86 90 98 100
6 2 48 -3 97 53 99 94 9 41 54 18 12 75 77 13 50 88 93 3 84 53 21 48 93 5 74 11 82 18 94 68 60 59 52 30 29 82 80 49 44 81 69 10 74 16 75 50 70 41
42 51 34 92 20 100 57 98 96 88 45 49 89 48 20 4 77 18 49 40 79 38 70 17 78 26 82 13 66 73 64 92 89 91 18 29 5 77 8 73 41 43 38 60 12 10 56 44 102 43
86 95 50 51 9 56 52 23 49 73 4 95 45 91 43 43 59 48 9 68 9 64 15 71 23 45 75 21 50 40 30 74 24 38 36 44 6 1 52 64 28 3 89 62 39 42 71 77 21 93
14 68 86 51 52 47 42 19 97 46 91 41 60 53 85 1 93 55 20 98 5 14 102 90 93 31 70 14 79 92 16 14 87 11 32 24 101 41 21 1 44 43 73 2 88 64 48 46 42 100
38 48 14 3 3 42 22 11 92 7 32 27 27 65 52 -1 46 40 54 29 15 13 12 52 49 0 35 0 94 88 58 96 35 78 100 52 70 84 14 66 46 78 100 45 74 57 86 29 90 73
98 94 65 46 28 72 89 41 6 22 73 33 74 99 28 70 51 49 17 15 38 67 26 25 13 62 83 69 33 15 64 64 69 12 75 34 65 27 61 50 56 2 88 100 4 24 78 44 8 90
22 20 33 13 81 27 53 43 88 16 43 61 18 22 66 41 37 9 97 33 56 65 101 64 17 39 5 75 8 93 78 56 68 45 79 1 52 49 78 57 75 84 52 91 87 80 62 94 56 57
El programa tardó 0.0 milisegundos en ejecutarse.
