74 20 56 77 78 28 91 26 24 17 74 44 58 82 75 32 53 79 7 92 27 1 62 36 63 23 33 82 56 82 70 86 59 27 77 89 14 46 54 78 40 53 3 41 22 8 49 82 78 98
27 72 45 19 62 19 70 3 9 65 31 22 85 82 24 88 5 70 39 46 30 95 8 38 21 68 49 93 18 89 80 5 83 21 27 76 81 51 85 9 4 61 91 68 46 21 62 0 39 85
102 23 7 97 24 58 37 19 69 42 15 32 80 14 29 62 61 45 48 78 41 72 41 67 43 10 17 74 8 5 86 75 91 12 37 74 22 48 83 9 53 8 75 10 62 96 23 26 53 5
30 -3 90 90 69 70 64 27 43 49 89 0 57 77 100 80 97 21 42 6 28 83 82 32 93 41 49 52 36 6 3 20 3 6 82 56 83 77 87 34 16 91 19 27 90 1 9 92 53 57
16 88 3 26 38 76 5 37 91 66 83 15 100 27 24 7 53 37 55 95 94 88 62 45 87 97 88 72 92 95 56 66 66 6 35 50 9 39 81 78 74 55 71 38 33 12 41 71 51 16
93 68 40 60 54 73 90 95 86 26 42 35 61 61 52 9 38 88 32 70 58 80 72 10 87 76 43 82 31 46 86 73 39 83 13 59 58 30 95 30 51 64 40 44 83 21 29 63 5 63
64 81 96 48 12 34 7 84 93 26 62 65 5 77 70 23 3 15 94 5 8 48 94 69 29 78 59 85 32 29 34 78 52 32 46 23 56 57 12 88 58 64 63 56 79 66 35 86 102 26
22 7 81 -1 9 72 21 13 42 -3 77 92 69 40 64 28 60 26 29 63 57 12 46 -3 45 36 37 21 26 43 34 39 68 25 46 74 57 89 34 5 35 18 17 44 92 50 22 91 18 83
57 90 49 82 49 39 36 1 11 29 60 5 8 49 53 32 62 82 42 6 46 6 24 95 81 29 6 43 60 50 76 66 27 32 47 30 100 45 25 99 4 38 83 84 82 78 63 62 96 7
35 25 73 34 53 76 69 40 64 95 16 68 46 71 88 31 96 83 79 32 61 9 91 6 18 37 77 54 36 16 31 87 23 72 88 6 28 8 66 85 25 82 49 32 101 60 64 56 89 52
31 89 59 100 47 42 27 12 101 80 86 86 91 20 69 61 42 31 27 68 69 1 20 1 74 96 99 55 93 97 35 14 102 80 23 80 84 32 84 75 90 88 29 66 94 44 6 15 22 59
49 64 49 34 51 48 21 85 33 -3 92 89 71 56 18 39 18 53 30 65 3 38 92 92 56 51 34 22 60 34 40 69 94 -1 44 69 24 55 35 64 17 63 59 13 97 57 79 50 46 44
31 47 69 75 74 33 28 35 88 7 93 66 37 78 46 84 60 30 92 86 77 54 82 32 79 35 25 48 73 46 60 50 63 4 93 27 29 8 77 94 34 7 61 72 10 18 4 17 8 30
24 86 67 14 100 22 65 21 58 12 21 40 88 21 88 85 8 -1 44 -1 56 64 15 40 18 83 75 33 21 -3 67 64 19 -2 53 78 48 80 35 0 6 63 56 20 4 14 26 41 79 56
74 90 7 10 19 76 33 45 51 41 85 55 73 17 18 28 91 53 76 26 95 90 6 63 7 1 5 87 50 29 37 14 31 74 38 85 72 77 27 57 57 5 3 71 15 52 54 81 63 77
7 62 51 82 78 9 20 34 16 69 7 45 40 81 22 56 50 84 78 22 44 4 56 89 31 79 87 -1 35 25 11 11 79 38 67 76 16 77 11 82 35 75 73 23 66 57 98 40 74 84
70 34 49 78 8 5 19 71 41 33 36 79 10 52 81 71 15 89 84 26 28 40 81 93 21 90 18 90 25 33 31 97 85 85 35 90 44 53 78 86 66 37 22 74 44 27 39 32 74 7
44 49 42 25 80 14 13 79 63 92 83 79 25 59 72 2 79 75 86 57 78 95 10 65 4 24 28 79 16 71 45 91 24 -2 80 21 81 31 39 6 98 15 7 68 63 89 23 63 101 90
74 84 76 75 10 98 10 73 44 53 45 45 96 86 88 60 59 80 80 96 48 95 31 78 19 88 88 88 20 97 61 16 17 59 48 78 47 77 80 41 3 60 70 46 20 16 42 90 55 85
80 26 26 70 92 65 12 42 42 18 17 27 71 3 85 76 74 86 40 48 96 62 32 45 32 14 36 81 72 91 4 56 84 80 101 3 79 67 57 31 67 24 50 75 51 76 10 91 28 60
53 85 35 12 99 41 76 44 3 41 94 98 20 61 95 88 57 19 11 97 19 80 12 23 60 25 85 97 22 27 99 99 27 4 30 27 30 14 62 82 54 81 32 57 35 19 47 36 82 65
14 46 9 31 67 42 43 40 14 91 99 24 36 37 43 80 80 17 92 1 32 18 71 90 29 91 72 94 73 2 48 10 41 17 70 1 46 28 40 44 67 19 59 45 25 3 11 42 75 65
75 44 88 67 79 11 80 60 45 85 86 90 3 70 5 1 66 83 58 2 33 58 89 25 61 38 80 34 73 85 39 39 99 6 80 36 49 89 76 14 64 96 80 64 92 6 34 24 10 19
31 80 73 94 14 26 35 61 63 51 40 15 5 42 61 86 48 -3 51 19 93 30 95 13 74 68 11 27 67 26 21 9 55 53 42 10 67 72 47 68 36 -2 60 65 21 24 97 21 71 35
24 75 4 55 25 64 66 35 77 77 67 58 98 33 40 16 26 25 67 58 76 43 29 25 93 59 69 53 64 1 38 16 50 35 91 26 49 64 14 98 21 17 46 60 14 53 7 74 15 86
80 95 16 0 33 45 24 38 11 40 60 19 57 88 87 95 16 87 97 69 49 78 18 94 37 39 49 23 6 67 43 84 86 41 21 45 28 38 4 49 73 29 62 85 82 48 8 78 2 2
84 8 11 81 33 11 82 36 42 75 59 26 35 78 69 91 52 84 24 22 5 85 37 42 86 96 63 63 59 50 26 67 63 10 98 65 90 77 34 77 59 5 13 1 85 3 37 26 62 4
31 73 100 88 63 77 74 67 22 52 57 71 59 68 36 24 59 25 71 59 101 28 99 47 42 92 62 78 63 -1 101 87 64 14 90 9 50 76 17 21 63 27 8 17 23 1 66 27 100 39
46 19 10 33 24 43 59 69 43 1 61 39 57 36 54 53 22 25 98 42 82 31 91 89 45 49 67 47 23 45 16 51 7 44 87 47 100 1 50 79 58 31 66 38 99 88 97 85 55 20
9 16 80 28 65 85 93 50 68 3 49 8 48 73 52 71 71 61 81 44 45 50 76 74 60 27 69 27 29 39 49 5 24 16 57 64 85 24 66 14 77 83 64 74 76 58 83 94 57 11
9 55 11 87 10 49 21 57 91 76 22 25 76 41 54 30 5 32 84 48 80 97 59 60 75 3 16 32 20 94 50 9 32 7 53 52 39 49 73 54 92 90 97 78 43 64 66 75 98 51
56 63 91 24 79 79 22 94 58 76 53 91 50 -1 65 92 70 48 66 -1 99 79 70 38 78 92 67 93 79 88 56 82 18 34 73 56 11 29 56 81 31 79 20 76 76 87 64 36 13 78
102 100 48 74 73 79 67 47 55 30 91 34 44 70 77 25 96 13 66 63 22 82 78 36 99 84 92 18 20 21 74 29 60 63 77 100 102 19 26 20 10 54 23 99 64 55 35 15 50 61
42 85 85 13 64 13 27 38 69 20 89 53 97 81 90 41 26 68 48 79 11 -1 71 8 95 80 15 91 20 41 84 38 17 94 78 58 22 69 59 44 81 3 49 86 31 94 36 45 7 58
49 34 16 81 74 73 34 63 45 50 40 60 78 86 43 82 64 94 97 33 35 49 6 16 67 7 84 33 7 74 22 47 67 60 36 62 32 39 81 86 39 20 49 96 23 78 80 100 33 81
36 45 68 52 67 59 100 77 11 66 84 81 5 84 2 60 72 25 50 61 57 11 37 87 60 80 50 34 54 56 23 91 2 47 89 78 98 64 29 31 41 20 55 4 94 16 20 89 54 7
62 16 31 70 72 24 76 82 65 29 40 30 70 47 98 42 73 13 27 23 5 41 8 86 62 53 23 76 11 86 76 86 81 42 12 11 27 53 27 31 15 91 56 71 63 44 30 9 22 88
81 79 17 26 12 89 78 52 32 31 69 41 76 2 96 74 87 37 31 16 59 35 79 94 6 96 54 79 90 51 61 15 39 76 11 37 21 19 23 45 24 91 5 31 31 42 78 69 63 29
72 26 39 82 95 43 32 67 70 55 72 70 67 30 80 66 100 83 79 11 80 61 25 66 75 8 78 80 15 39 39 83 28 12 70 42 82 43 88 74 57 84 90 12 102 19 73 77 20 30
42 93 53 27 72 93 31 47 54 76 67 29 7 87 36 59 56 53 24 69 55 -3 52 85 51 21 98 43 91 22 8 34 51 86 52 55 45 13 20 56 79 39 63 46 82 57 84 37 73 2
57 24 68 73 81 67 36 69 56 55 52 16 102 86 20 66 88 74 98 13 73 38 45 38 101 60 46 30 17 36 72 16 76 86 68 38 68 7 98 93 57 100 68 82 63 44 43 83 8 29
28 20 47 15 31 82 84 47 17 19 74 43 6 86 90 53 86 75 89 21 11 9 18 18 44 54 30 64 46 26 45 20 80 59 82 10 66 49 91 4 63 26 64 83 87 63 81 70 52 46
44 24 22 30 71 29 87 64 99 11 46 91 4 48 49 63 80 90 85 83 49 19 13 7 42 14 58 100 98 71 18 35 39 81 28 66 43 17 36 26 12 73 36 41 55 53 32 53 11 64
27 39 46 93 10 5 24 79 95 62 69 61 15 25 17 55 95 21 93 0 33 12 97 58 10 60 73 40 94 45 50 22 68 94 74 27 90 35 32 25 42 90 50 54 43 47 99 36 90 82
61 97 8 13 10 88 99 98 86 6 66 81 32 93 54 15 85 68 76 29 53 68 57 21 88 77 66 79 55 90 34 9 28 80 81 1 13 82 28 3 53 45 52 39 32 76 76 83 68 8
101 37 22 28 85 75 5 21 40 2 90 39 86 71 24 25 14 75 74 35 20 52 71 56 82 38 73 78 69 64 72 33 66 92 51 14 74 91 31 67 86 24 81 6 64 49 51 46 62 0
99 80 102 67 8 39 79 39 64 38 35 84 39 73 6 30 49 72 93 23 32 51 50 51 5 19 62 79 25 45 65 56 72 50 43 27 45 76 43 27 46 37 79 97 52 46 90 65 95 91
80 2 77 2 21 23 13 70 16 72 49 93 54 28 39 28 27 69 64 18 82 -2 81 11 89 41 36 -3 49 19 27 52 34 47 38 32 58 9 33 36 92 85 20 87 97 50 9 89 39 79
56 50 49 28 64 46 36 94 63 20 26 43 57 83 5 38 102 87 48 54 81 57 90 46 41 47 53 20 77 44 76 98 36 53 5 36 43 68 79 8 79 76 42 42 98 5 23 52 7 57
78 92 3 68 72 45 70 83 59 56 70 37 92 56 9 62 20 39 84 25 28 49 75 9 5 86 39 73 56 32 17 22 55 12 57 1 36 79 3 19 50 30 35 92 64 83 47 3 90 -1
El programa tardó 0.0 milisegundos en ejecutarse.
