21 55 86 92 88 43 60 24 89 64 20 4 55 40 78 16 81 50 89 62 57 73 34 20 22 70 101 44 99 38 12 16 93 5 96 4 13 69 50 93 31 70 29 25 53 44 20 78 67 20
3 3 68 51 72 75 90 41 95 94 71 65 13 67 72 95 55 13 19 11 2 71 79 26 85 38 90 95 97 16 74 86 30 39 19 16 74 83 72 43 21 93 14 29 92 71 97 25 63 17
90 94 5 41 78 70 65 83 61 72 14 89 49 44 37 6 11 33 26 35 70 87 18 62 9 98 68 49 68 75 101 20 44 62 53 64 64 83 69 95 8 8 13 8 45 46 65 20 35 57
44 71 86 11 48 27 88 38 25 70 49 48 21 29 48 84 99 93 86 21 25 93 37 50 38 -2 43 -3 35 -2 89 36 36 3 46 24 10 16 66 88 82 32 98 68 70 3 45 46 20 61
32 44 9 50 53 11 101 57 91 29 77 91 22 20 72 86 38 10 69 14 77 94 70 88 13 42 19 64 102 53 10 87 81 26 87 64 18 14 82 93 56 75 71 9 91 58 95 60 82 91
9 70 55 92 46 39 8 73 33 65 92 74 94 22 94 63 87 12 35 24 52 67 25 32 37 34 64 91 52 19 28 29 29 79 29 60 37 87 19 40 62 19 6 46 80 56 17 68 2 0
65 80 31 17 14 15 37 27 32 40 51 9 77 43 43 100 48 23 95 36 25 27 55 85 68 35 18 75 12 83 4 24 54 10 47 81 102 3 88 28 44 69 34 92 17 5 16 53 21 20
79 60 97 20 95 5 98 52 97 90 14 16 88 60 97 38 49 4 99 78 33 41 84 64 91 22 100 43 20 47 100 7 82 30 83 56 73 18 91 43 64 15 19 57 53 31 26 90 29 45
38 57 9 21 60 83 90 4 41 21 28 18 74 79 54 92 101 32 73 10 19 15 69 2 83 36 91 19 16 99 63 82 77 7 46 43 12 5 23 41 23 17 6 61 87 69 68 15 63 73
81 37 54 34 21 45 56 52 7 38 19 53 92 67 47 64 4 68 64 79 98 79 53 96 61 48 91 54 9 68 33 45 40 5 36 85 101 27 48 50 73 73 31 11 24 38 17 35 18 96
89 48 41 44 35 69 97 46 23 37 87 20 3 72 101 100 42 77 63 43 99 66 91 69 72 64 52 83 72 7 81 31 90 79 22 63 49 44 87 16 87 31 66 14 83 44 18 89 88 19
82 63 88 20 91 80 95 68 4 75 32 1 36 85 31 75 16 87 84 72 100 8 93 30 33 49 40 20 62 52 64 30 29 68 76 78 57 77 27 23 24 54 97 89 20 44 70 87 83 92
83 85 22 56 101 77 86 43 44 22 68 32 91 67 54 36 52 66 70 21 26 23 63 77 101 58 102 88 30 23 72 4 102 18 17 50 87 14 38 88 38 13 87 68 88 31 9 95 15 43
73 77 61 50 5 12 97 45 64 74 80 6 46 48 13 36 13 9 45 35 58 1 47 78 83 21 85 76 89 8 89 20 81 9 34 42 26 10 89 26 10 75 69 92 54 73 24 34 11 43
15 20 40 68 4 91 55 100 54 99 9 73 52 87 90 15 7 4 53 20 49 58 86 81 54 42 93 23 19 66 17 20 20 70 75 69 91 69 61 61 54 34 80 14 87 22 27 31 60 95
71 65 92 86 34 48 66 56 22 73 29 92 98 80 46 29 74 7 28 28 95 22 17 23 41 58 72 3 23 73 84 37 53 84 65 7 73 23 14 66 96 23 30 8 72 3 42 90 4 22
66 25 76 46 52 94 101 14 86 9 10 92 89 54 100 21 54 90 98 8 90 80 17 48 61 18 13 41 35 28 46 13 10 87 56 31 69 16 98 25 36 2 37 11 33 83 16 86 26 61
4 95 9 95 10 7 61 68 82 2 81 49 79 -2 80 41 67 91 37 58 100 33 16 17 18 62 90 88 13 47 92 21 51 57 90 65 40 11 54 48 94 -2 43 24 3 45 80 28 84 13
65 34 24 26 99 32 11 13 33 61 34 39 100 81 28 95 32 18 36 51 32 37 92 51 81 61 67 50 99 28 13 43 97 35 72 68 26 30 101 78 40 13 98 53 38 81 59 45 35 48
40 80 72 18 61 51 76 51 26 75 35 23 6 -3 52 65 4 38 52 64 30 31 34 63 77 28 80 6 35 29 45 39 4 57 96 47 64 81 85 58 45 55 56 26 5 41 73 51 33 45
101 97 44 7 48 12 99 28 51 91 66 12 24 98 82 49 25 79 94 96 6 84 95 49 65 64 3 24 5 78 37 60 42 48 56 89 94 12 63 10 7 13 50 52 25 80 60 91 79 59
60 56 76 73 93 55 100 17 33 73 97 55 5 84 2 21 50 93 91 23 97 88 56 83 85 35 28 6 23 89 99 50 2 28 99 92 71 90 72 22 88 45 40 43 8 79 99 26 2 44
91 72 31 85 96 27 93 16 72 71 28 33 93 68 18 39 91 59 55 18 6 31 58 40 12 42 90 59 93 13 22 54 38 90 92 78 71 54 71 29 17 40 6 93 95 14 20 87 50 33
79 39 16 28 91 65 57 34 80 29 71 39 23 48 60 47 30 34 68 19 69 14 47 45 100 17 72 89 26 0 57 46 26 46 13 6 91 64 100 94 48 1 59 5 29 46 75 79 73 37
29 81 98 16 79 64 19 18 41 11 67 100 101 47 83 22 27 100 28 5 62 45 60 50 47 42 83 7 27 23 94 22 81 48 45 83 4 95 13 39 4 12 11 55 20 28 30 17 54 79
76 19 19 80 78 39 46 61 98 25 41 88 7 53 10 14 38 60 56 25 84 35 30 35 35 29 78 51 57 50 38 86 83 9 89 43 79 -1 81 58 33 90 22 92 8 59 46 86 20 65
7 85 20 20 47 22 3 15 66 63 95 30 74 79 61 5 23 65 94 67 84 84 82 7 50 56 8 30 75 25 46 77 73 3 38 27 52 85 69 70 16 96 78 64 21 65 92 88 41 60
77 82 33 63 98 63 22 52 8 64 72 18 14 68 66 43 75 46 67 84 22 28 57 69 31 53 67 27 78 48 86 66 101 45 11 77 41 71 16 18 14 88 79 23 22 92 57 34 96 57
8 82 37 23 84 78 89 86 100 42 7 60 6 91 75 25 86 6 48 56 70 25 42 22 81 59 40 30 67 13 13 73 68 100 58 83 56 72 17 20 5 85 30 41 47 49 81 43 12 30
24 3 93 -2 77 7 18 64 9 0 78 6 49 20 50 59 12 32 17 30 87 55 92 36 88 3 93 89 51 75 73 66 75 72 5 11 49 93 38 7 80 20 89 68 17 86 7 18 41 72
51 25 62 2 55 72 52 98 19 19 59 89 35 22 43 57 92 20 30 87 43 62 56 31 68 84 27 14 9 14 56 83 45 76 100 36 33 43 78 51 60 12 29 46 20 36 81 22 94 76
50 48 87 32 70 78 47 21 9 65 38 46 26 51 91 -1 99 46 21 57 5 89 27 17 91 13 25 9 49 61 13 64 65 57 90 44 98 51 47 54 82 37 14 22 85 73 14 42 57 78
97 44 72 63 33 49 43 60 53 28 40 80 54 57 14 34 72 91 75 82 9 34 22 40 31 60 69 2 11 34 58 77 65 11 48 50 40 76 42 46 58 80 18 61 76 59 24 17 17 42
47 0 63 20 70 29 29 47 62 65 26 69 80 78 36 -2 6 64 46 1 25 0 42 62 93 21 84 45 36 84 63 86 61 51 26 76 71 0 97 61 100 35 54 54 40 60 32 15 12 41
87 31 56 93 55 77 20 64 41 81 57 83 20 92 54 64 10 14 23 39 79 50 64 55 57 18 49 43 4 95 34 45 63 38 82 2 26 22 15 23 96 47 25 52 95 52 86 90 67 12
51 31 27 63 15 29 10 72 100 63 86 78 86 6 95 14 40 66 22 77 4 89 47 45 18 31 70 22 93 72 56 55 28 29 72 49 61 70 85 35 85 90 77 70 97 28 5 14 68 28
35 71 97 40 33 100 73 67 83 55 65 33 37 3 94 80 14 8 37 100 36 10 25 16 34 44 92 42 16 6 48 92 76 51 75 59 33 57 35 2 41 14 44 44 80 36 13 13 40 6
5 12 27 28 33 88 96 10 12 27 82 70 71 18 22 39 22 38 9 59 35 70 59 90 55 92 13 -2 56 63 75 24 4 -1 84 44 6 17 49 44 57 93 48 47 41 74 66 76 65 76
66 33 88 66 29 11 63 36 88 28 12 10 52 27 95 23 61 93 33 25 86 69 45 7 20 54 83 56 98 80 49 94 31 51 13 22 98 28 38 54 69 86 102 3 95 11 49 62 39 5
27 69 12 93 2 94 73 49 86 51 12 42 24 72 70 90 87 65 90 14 66 82 50 68 53 82 52 54 59 86 51 62 99 10 79 18 85 89 84 69 81 74 44 83 82 67 23 87 22 67
44 36 83 51 3 16 70 83 36 47 70 51 32 69 35 49 26 96 14 41 80 8 23 58 24 67 88 74 61 93 58 10 68 31 9 100 29 14 37 40 88 21 38 74 84 1 6 17 57 45
35 89 16 66 11 91 56 78 57 51 67 75 84 85 38 65 41 0 66 83 57 82 79 71 14 4 80 57 14 10 48 12 20 87 89 55 39 34 33 50 56 8 60 74 4 53 11 91 53 53
100 62 6 12 31 67 57 90 89 100 51 31 67 42 75 88 56 58 57 76 64 56 15 42 18 27 93 64 55 5 18 6 97 83 3 86 51 48 57 29 13 82 79 24 25 38 78 91 91 53
60 58 25 59 78 39 39 39 3 38 16 55 60 8 84 36 30 78 12 27 4 16 70 73 49 94 54 9 48 29 68 74 20 56 57 17 78 37 36 20 94 -3 14 -3 44 23 34 26 54 43
45 73 72 79 92 71 37 29 11 14 40 63 62 89 17 17 59 50 27 36 36 79 74 67 46 25 61 2 82 39 86 77 50 86 16 12 37 8 102 2 93 97 43 66 77 53 8 59 25 63
36 77 19 76 74 22 27 41 66 14 62 45 54 30 52 71 18 90 49 49 75 74 100 10 39 5 100 72 25 9 100 17 72 76 84 29 55 4 59 3 31 40 88 68 25 69 68 91 43 83
26 83 76 82 7 33 59 8 88 42 95 57 69 99 17 13 27 86 25 90 13 12 18 15 30 8 18 9 97 44 18 77 13 98 39 20 59 81 69 20 56 86 73 86 52 90 69 87 51 53
88 16 41 73 78 39 35 23 67 93 41 61 42 33 32 59 83 19 4 6 94 62 20 85 17 13 43 21 65 7 7 62 27 70 26 8 93 39 76 72 5 36 53 87 25 9 28 66 100 4
45 87 55 73 49 1 85 2 74 26 26 96 53 49 93 34 32 25 13 93 9 17 65 31 6 99 42 35 41 29 60 71 6 18 27 39 35 81 41 83 80 75 25 80 31 26 33 89 97 50
37 12 67 74 7 -2 81 95 14 56 98 76 50 -2 43 79 37 32 6 69 10 54 21 9 88 72 89 36 42 61 49 3 25 77 81 35 85 12 99 44 26 27 48 33 40 22 66 2 79 14
El programa tardó 0.0 milisegundos en ejecutarse.
