32 42 13 50 77 19 73 47 56 41 12 49 23 28 52 59 86 3 21 24 67 100 76 48 54 82 73 78 87 64 29 61 40 82 10 54 50 4 21 54 36 78 25 66 100 23 90 35 36 97
89 36 86 91 15 19 94 51 8 42 15 80 63 23 74 36 12 25 17 45 9 56 43 66 81 56 61 63 25 22 5 75 78 77 48 43 37 55 88 91 7 12 73 6 73 1 95 30 40 43
40 56 62 66 13 2 80 8 51 60 50 41 30 85 43 30 36 42 65 54 9 91 93 36 72 25 20 40 102 35 45 82 95 67 44 24 26 17 29 82 42 29 91 33 23 11 84 70 51 22
54 -2 70 64 13 79 99 31 95 83 25 21 33 68 82 44 53 75 12 29 82 63 44 68 6 83 88 68 87 56 18 78 95 35 48 17 99 80 39 17 26 16 49 77 37 94 38 -3 25 26
74 80 8 99 26 21 100 44 49 7 94 32 22 90 28 22 7 58 26 76 7 18 102 59 48 81 82 99 82 1 68 14 26 64 68 32 61 39 56 46 93 94 90 15 56 42 91 25 58 80
18 76 9 14 20 25 47 36 93 -3 80 51 15 22 76 56 30 27 13 30 8 94 63 92 27 72 14 26 88 65 54 82 75 0 38 2 75 39 30 60 35 80 53 88 22 47 23 15 13 79
33 2 35 68 58 36 68 98 94 43 97 69 93 94 21 76 82 8 51 4 40 36 58 56 83 68 61 25 72 15 39 40 79 97 60 4 53 84 47 72 23 91 74 9 51 96 73 92 63 75
52 36 26 19 81 70 59 3 60 27 87 -1 20 83 77 14 5 73 63 81 70 21 24 48 9 39 50 31 47 91 101 82 60 53 16 5 3 65 59 55 69 -3 68 8 82 25 91 27 52 47
23 1 33 60 98 46 3 20 39 4 81 81 4 78 3 25 99 52 24 12 31 89 32 64 40 58 89 9 25 9 32 76 82 83 57 34 22 33 47 35 101 74 81 26 79 3 62 80 43 67
6 89 14 81 98 94 79 77 5 44 47 95 33 4 40 60 65 47 87 37 58 -3 94 45 96 33 68 -1 101 53 44 32 55 32 95 94 64 24 65 9 92 6 44 13 55 47 3 76 73 82
62 5 25 53 10 36 25 35 23 19 18 48 86 38 25 28 64 96 22 30 48 66 13 95 97 62 63 28 56 20 3 31 60 52 67 72 57 51 28 50 76 20 16 80 31 10 44 85 13 58
47 70 45 38 66 48 74 56 76 68 68 84 30 63 58 86 42 27 71 43 86 57 67 52 15 20 40 22 76 24 61 78 12 81 73 76 56 18 70 26 96 46 29 2 53 58 27 33 66 72
57 62 72 38 82 39 77 24 16 10 102 2 96 17 12 28 86 13 75 1 48 80 31 100 94 31 83 93 86 68 57 24 36 97 48 26 102 49 50 57 63 63 17 1 36 30 24 27 48 60
12 31 13 14 67 1 63 -3 60 87 82 83 100 83 42 14 92 45 10 57 58 6 83 22 70 32 38 87 97 91 38 37 96 27 23 96 64 80 96 -1 5 9 8 27 58 18 30 79 49 30
94 2 98 90 94 59 18 14 9 80 61 3 72 14 55 100 6 95 62 15 30 75 79 43 22 84 81 8 10 93 101 67 84 31 61 54 65 54 98 47 50 26 47 62 40 43 99 24 12 76
20 67 32 13 75 6 10 31 53 41 100 65 66 69 21 38 95 59 88 58 44 88 28 66 63 37 91 77 37 39 94 37 93 95 92 43 49 32 71 44 73 73 28 50 28 9 44 90 79 64
71 53 14 6 76 47 70 100 28 91 17 76 6 50 9 4 13 61 48 7 22 56 41 47 27 37 84 21 101 67 23 12 46 2 38 30 100 98 86 56 25 80 75 57 24 98 88 75 45 36
82 69 23 90 78 64 73 6 12 44 87 39 92 61 19 89 9 -3 32 5 27 64 79 62 33 -3 4 -1 85 23 39 43 28 64 47 34 86 20 55 35 80 45 14 1 72 72 34 50 84 81
5 69 67 53 88 65 11 99 57 25 56 65 30 14 34 55 54 85 4 96 50 69 66 78 91 76 33 60 63 13 16 38 32 55 12 19 35 7 55 30 46 8 37 88 31 71 65 2 96 50
8 8 33 47 2 19 38 60 36 95 21 78 3 85 38 45 17 26 24 71 6 -2 12 43 72 92 72 57 78 71 56 82 41 16 20 86 60 50 35 44 66 72 15 64 81 44 5 63 20 91
23 69 89 19 32 82 51 43 51 59 11 65 6 37 50 93 25 27 43 6 72 83 78 31 3 100 19 45 35 23 94 80 34 93 15 70 85 14 61 1 8 15 97 30 75 11 55 47 40 35
7 74 41 22 74 40 84 87 50 80 43 12 35 37 94 69 25 43 58 40 96 53 35 20 12 63 74 72 56 93 50 46 20 61 59 89 13 32 26 15 38 30 90 36 73 91 99 89 55 80
76 48 61 29 6 26 46 15 20 85 47 29 73 22 29 6 94 38 30 8 96 37 43 30 13 21 3 100 47 60 14 24 43 62 8 11 23 19 86 70 90 26 60 4 8 89 58 69 32 60
89 87 27 0 35 12 98 71 40 66 14 92 98 4 24 -2 11 38 3 8 42 31 7 88 42 73 31 77 38 44 67 25 69 26 20 38 27 96 86 93 10 13 53 42 36 88 49 4 52 96
80 88 92 93 51 82 51 51 3 46 57 97 20 45 59 90 49 23 24 37 77 73 55 5 15 24 39 87 33 9 34 20 30 8 39 2 81 26 70 53 100 3 24 76 61 15 84 87 8 74
5 39 79 8 64 42 92 68 94 23 24 11 18 35 30 19 15 13 2 26 59 27 77 13 80 32 90 52 62 43 74 4 35 22 88 7 38 4 2 48 75 51 92 33 99 60 36 20 98 35
43 52 30 81 60 98 18 21 18 32 85 82 8 85 87 46 69 38 70 52 74 58 81 44 17 25 87 66 85 12 48 85 61 98 33 98 40 36 30 92 76 99 7 1 57 97 101 2 81 44
49 94 75 55 90 30 17 36 18 96 24 89 79 83 79 45 84 43 23 40 81 79 60 90 87 35 5 65 65 34 22 -2 5 6 64 54 58 95 8 39 10 43 66 92 56 5 42 4 12 64
86 37 19 82 96 32 37 16 41 98 24 79 4 63 59 9 57 86 24 38 69 14 11 83 72 25 8 2 95 72 28 100 59 39 82 29 18 43 92 15 43 8 102 91 33 45 7 12 25 12
42 88 45 89 95 70 41 18 71 65 91 29 15 24 35 -2 59 44 91 17 20 85 99 30 64 60 43 41 31 90 21 81 55 76 81 45 85 91 61 61 60 61 30 96 65 57 16 57 64 95
48 5 53 94 51 30 99 24 38 71 38 72 28 97 73 72 64 70 78 73 46 92 59 19 8 49 9 32 57 13 32 54 49 87 26 45 55 1 15 64 52 7 5 24 25 72 83 71 99 81
21 51 15 37 37 76 100 88 95 16 61 10 41 1 72 34 67 93 76 58 79 2 54 94 74 19 92 79 95 33 15 86 97 0 9 19 99 84 75 79 87 3 91 6 68 85 30 61 95 46
9 19 74 87 68 61 62 98 32 86 97 23 91 48 44 17 11 18 46 76 18 36 84 44 100 85 61 41 4 91 47 82 11 80 67 62 7 18 83 25 12 87 41 41 101 47 84 67 96 94
68 82 90 70 58 54 89 36 30 70 3 52 28 2 73 82 29 43 52 59 15 34 42 28 59 51 93 34 101 72 19 49 72 13 17 2 41 71 3 91 87 76 66 48 95 44 16 63 59 67
49 44 90 67 76 21 101 94 95 66 26 3 18 1 14 3 91 22 11 69 32 13 83 61 63 76 55 58 98 29 39 66 15 72 86 99 23 45 88 93 28 47 47 69 32 46 70 100 97 16
8 34 44 51 83 75 36 3 91 34 57 56 12 69 96 60 72 65 6 47 7 60 71 49 56 93 69 9 30 12 80 36 97 2 59 49 76 34 66 11 18 95 90 58 99 73 34 93 70 64
32 34 24 77 33 32 13 81 82 94 22 56 27 69 25 43 20 15 86 84 60 87 62 42 28 9 15 69 59 98 28 86 84 47 11 86 42 51 30 82 61 19 43 92 64 8 18 20 6 50
25 30 59 81 52 62 58 29 32 24 2 50 34 65 48 38 17 56 89 56 91 41 79 43 35 57 96 7 10 80 74 16 77 26 85 21 62 95 73 22 63 25 57 44 53 8 68 31 55 54
70 91 95 43 36 90 80 87 66 30 87 54 18 17 85 18 101 78 55 52 27 81 62 83 36 18 81 66 4 95 8 13 57 65 11 47 39 55 11 29 30 89 49 49 43 64 78 47 93 6
57 -1 30 37 49 86 65 45 26 77 38 51 64 46 8 43 77 14 6 17 57 49 67 78 18 35 88 38 25 1 93 9 70 -2 69 85 84 25 13 73 28 61 101 52 90 24 89 96 14 24
3 26 19 26 19 97 56 18 62 41 10 62 17 25 93 3 44 52 29 62 26 28 81 72 12 8 9 4 27 88 61 2 82 95 51 41 31 65 6 4 88 37 20 58 18 96 71 20 37 36
60 70 101 77 94 13 54 75 9 19 75 85 40 85 74 74 85 59 49 30 67 62 7 93 83 95 82 32 79 5 101 78 3 25 85 48 84 7 76 8 92 32 34 30 54 48 89 24 77 -2
24 64 94 73 83 98 12 92 46 67 25 72 85 50 82 55 86 4 71 24 9 62 25 41 59 81 97 91 45 90 66 7 35 55 11 70 26 87 75 90 26 5 68 92 61 27 101 55 21 84
19 71 17 55 28 40 15 -2 85 82 13 22 71 87 55 90 61 72 70 47 100 73 84 55 82 83 3 57 51 35 90 81 98 36 71 95 93 52 64 0 40 58 16 55 17 73 34 23 83 6
51 25 100 68 26 67 29 91 75 16 47 85 68 33 60 94 46 59 14 4 53 67 65 90 14 40 66 71 99 59 100 43 11 12 15 40 96 46 55 61 44 57 69 25 18 94 52 72 39 34
50 72 38 13 59 93 40 45 89 51 89 74 37 67 40 35 94 76 32 71 28 6 23 54 52 46 46 9 48 52 25 -1 14 77 52 8 69 15 58 9 65 11 19 -3 84 10 42 29 94 65
24 97 86 62 45 33 97 49 68 74 12 88 27 15 84 46 64 64 44 63 36 49 92 84 51 51 50 46 6 22 98 82 96 54 11 30 40 97 85 66 96 88 75 7 6 8 37 27 84 79
24 -1 51 34 31 8 6 50 63 36 23 57 66 13 28 29 35 25 64 42 48 82 68 -3 47 11 95 40 13 46 92 21 68 96 21 16 77 65 100 58 2 40 29 83 18 44 90 52 70 -1
38 67 45 43 93 33 55 58 43 76 8 83 93 25 78 45 60 11 53 63 97 100 28 83 53 90 24 3 8 76 56 82 8 69 63 55 9 36 92 46 81 34 72 16 79 72 72 27 47 53
19 84 88 40 63 80 6 16 26 65 46 9 36 58 42 38 52 79 88 78 8 81 30 40 56 83 41 71 74 24 42 77 28 90 7 13 90 21 97 7 101 13 30 0 68 12 49 38 82 14
El programa tardó 0.0 milisegundos en ejecutarse.
