101 26 14 59 82 20 21 48 25 33 33 38 26 26 62 91 84 50 44 51 85 48 22 22 73 77 37 42 4 96 41 90 55 89 46 4 14 52 73 100 66 77 45 21 18 56 53 84 83 47
54 30 58 9 45 28 32 82 81 86 89 86 99 63 43 81 61 35 42 89 89 45 68 7 78 85 49 1 55 6 39 29 89 38 65 40 31 66 20 62 68 48 8 79 48 88 72 86 38 90
7 12 49 63 53 38 83 40 10 62 35 13 9 77 28 57 34 5 63 18 33 25 58 98 14 98 23 37 100 68 95 43 91 56 101 84 97 82 43 94 83 47 86 31 10 66 10 57 83 48
76 3 41 37 26 57 96 27 18 19 75 72 40 68 28 28 40 33 88 38 50 26 52 33 98 55 91 5 17 8 35 3 46 33 69 27 52 74 13 83 74 84 17 83 72 79 21 -1 92 54
3 76 93 43 34 36 62 31 14 80 66 92 63 11 78 18 73 45 12 70 28 57 78 91 5 41 82 24 93 23 25 48 6 5 67 23 26 48 73 36 57 78 27 8 32 26 33 39 58 84
8 22 70 13 99 28 98 16 85 32 57 86 85 51 81 44 25 63 96 94 87 43 51 13 79 72 6 18 87 52 22 42 34 29 45 41 49 -3 93 41 89 29 26 14 68 71 83 68 41 7
84 55 91 90 44 36 80 8 51 63 3 14 21 92 42 16 37 70 59 55 81 8 77 3 27 46 102 87 13 81 99 88 30 2 88 25 73 36 61 24 66 19 25 87 52 41 52 11 56 46
86 5 50 9 9 28 50 60 57 -2 19 12 10 4 34 9 23 53 85 45 52 87 57 9 13 41 75 87 78 52 9 43 52 64 12 57 74 56 36 65 96 43 32 86 57 67 35 62 33 71
63 16 35 89 17 84 94 50 51 59 88 19 96 88 97 70 38 42 36 55 60 38 26 69 10 44 61 96 18 77 5 10 86 7 4 100 36 74 27 65 5 53 75 36 17 74 55 61 34 64
22 10 60 30 87 61 17 21 64 77 36 53 76 20 14 51 74 14 41 46 18 2 16 60 66 82 22 68 73 91 41 -3 39 87 94 34 79 29 29 93 60 80 82 -2 57 13 97 18 99 92
63 42 37 3 39 87 52 84 86 6 35 56 55 71 102 51 8 93 82 57 59 71 25 33 55 95 73 68 9 82 23 2 9 7 71 94 32 60 37 4 86 80 21 5 63 34 96 40 30 94
31 6 6 54 85 54 67 45 26 89 101 32 43 9 88 17 97 39 32 37 19 17 31 23 89 54 28 14 63 89 5 76 2 79 41 52 15 43 86 54 8 25 94 46 23 25 45 94 94 78
43 92 102 84 4 76 85 80 81 67 14 59 41 69 25 39 3 52 49 33 77 88 3 51 82 18 3 10 16 24 53 77 44 6 8 11 25 55 69 11 37 20 56 51 78 11 19 96 25 53
16 95 87 79 36 -2 63 43 50 37 19 24 37 18 37 43 46 3 48 4 78 12 45 4 61 20 91 58 61 23 91 42 24 6 57 96 52 55 8 68 38 18 72 69 60 50 10 16 89 9
80 47 9 52 63 78 51 76 20 92 74 96 15 79 35 76 44 70 97 13 33 93 35 83 19 66 79 99 24 64 71 75 18 16 15 75 45 49 99 77 7 9 33 7 35 61 85 27 80 79
45 84 12 33 31 14 97 2 25 32 28 67 16 35 23 94 51 55 70 76 74 11 80 14 11 83 48 -1 31 25 53 80 46 66 15 44 90 53 25 42 55 86 6 26 6 67 15 24 26 39
89 73 101 81 52 92 44 89 63 65 17 11 16 38 86 72 63 95 15 49 13 81 25 51 33 97 42 4 82 47 82 8 85 1 35 62 38 80 9 24 70 47 57 25 6 60 89 17 8 13
47 74 95 67 90 9 67 83 56 2 29 66 2 72 83 50 87 69 11 30 45 9 50 80 60 28 13 6 34 50 48 62 96 -1 3 71 36 42 72 91 46 73 49 77 49 24 65 10 48 5
78 63 95 69 5 89 72 2 55 6 3 87 61 33 77 22 41 19 24 83 45 35 20 72 11 63 14 59 16 60 55 18 69 9 60 2 99 100 33 57 81 52 42 42 55 20 90 61 99 89
66 36 89 13 75 37 75 31 100 45 90 83 69 1 71 50 91 43 44 64 77 15 2 0 66 48 61 96 16 82 97 38 36 56 4 29 12 -2 48 28 37 54 21 55 97 56 78 38 7 14
7 57 52 2 57 48 75 66 39 73 43 45 45 52 81 77 98 80 57 37 39 96 4 58 30 86 17 6 57 41 30 93 21 83 48 12 76 15 93 84 9 57 5 33 18 71 83 10 26 3
9 10 54 0 89 67 74 16 41 74 51 9 42 7 55 59 73 82 97 8 44 19 11 92 63 72 85 19 28 75 60 61 34 22 23 5 78 48 25 79 4 21 9 17 85 6 83 -2 48 43
100 82 48 99 94 1 5 52 36 19 16 50 77 36 59 70 33 15 52 82 57 15 71 36 29 58 70 75 87 94 13 85 48 90 34 38 14 12 54 24 43 96 73 99 70 20 100 35 101 75
24 88 69 49 68 87 29 94 5 18 80 54 74 66 82 28 87 11 77 81 32 3 51 80 14 3 90 87 19 24 64 7 99 11 38 22 54 35 60 72 80 96 73 90 74 77 21 63 25 9
96 5 29 60 92 99 18 75 20 66 10 15 4 60 50 54 83 83 94 99 16 89 34 23 35 61 75 66 91 80 83 7 69 23 90 93 10 53 17 68 48 98 86 94 82 51 29 87 60 43
75 81 86 25 80 20 5 80 80 17 80 61 35 75 93 15 51 10 37 -2 37 78 93 93 23 86 11 90 96 80 89 66 43 57 39 24 41 31 22 87 76 0 26 28 44 49 99 86 83 82
75 4 42 35 49 68 12 76 51 11 86 60 3 71 60 16 11 46 15 90 68 60 99 64 13 48 30 54 7 63 62 24 99 17 7 86 34 85 30 16 19 75 73 49 3 27 88 64 32 66
54 53 50 5 20 94 6 85 57 92 8 26 63 96 9 5 21 72 95 81 49 33 42 84 94 93 74 30 3 71 79 23 96 90 9 94 72 35 9 25 65 88 80 10 96 86 80 -1 20 93
21 83 70 27 22 73 76 92 95 86 32 20 52 76 84 23 38 59 83 57 41 48 4 90 16 55 42 34 57 39 28 81 73 20 67 49 21 100 87 9 85 72 102 56 65 45 38 41 36 56
43 93 41 63 8 32 79 16 27 24 54 63 34 18 57 24 71 89 89 28 25 81 77 96 39 16 74 53 46 44 88 61 4 31 8 3 92 52 99 44 27 30 12 59 100 9 17 23 79 39
8 94 27 16 20 51 75 59 35 50 75 100 73 80 88 61 44 73 69 73 68 3 84 23 39 68 81 17 42 42 75 73 49 74 90 82 86 48 72 85 62 34 5 89 76 43 26 89 41 67
89 33 78 65 52 33 8 52 75 56 6 45 82 62 75 39 40 91 26 58 96 40 38 66 98 48 54 0 35 82 85 11 22 85 85 56 80 76 70 19 5 39 44 36 55 60 57 -3 10 68
46 35 102 23 42 67 86 94 13 98 5 31 93 35 43 47 87 57 99 31 87 1 15 91 28 20 73 32 14 54 46 33 88 28 29 78 82 17 79 48 98 54 7 2 55 17 48 16 31 71
48 78 91 0 92 12 90 22 64 56 83 -2 36 25 62 95 53 77 88 42 9 49 36 24 49 74 25 26 11 22 52 28 26 1 80 84 30 5 61 66 78 72 14 65 78 80 96 -2 39 94
3 90 96 59 81 53 34 77 30 64 45 91 32 99 61 37 21 47 92 61 35 5 46 99 85 48 50 72 94 11 26 94 102 2 25 57 88 29 51 10 86 82 96 96 77 99 5 1 90 23
17 -3 56 21 91 2 44 67 21 13 41 68 36 52 51 72 70 28 20 17 92 61 66 5 67 3 31 88 61 32 34 48 47 62 42 74 65 20 84 2 89 9 26 74 17 41 80 -1 28 41
80 98 101 18 79 38 63 8 12 52 36 69 62 27 78 94 13 13 91 56 30 81 32 74 82 68 97 75 74 52 85 39 52 81 29 60 68 68 54 64 61 88 97 2 45 88 29 37 64 49
46 21 53 26 88 5 58 47 63 7 4 61 98 59 86 29 31 57 49 58 76 -2 37 71 85 18 66 36 50 3 52 63 71 39 27 63 70 15 22 55 89 -2 78 90 18 29 3 56 87 44
66 31 51 26 20 19 35 48 77 93 52 44 16 29 92 5 84 77 92 20 75 20 55 23 11 48 21 10 16 41 35 17 63 43 24 54 42 46 13 86 79 26 43 5 6 24 76 13 10 44
27 91 96 56 10 58 24 70 71 -1 81 88 40 59 99 56 41 69 52 8 2 21 45 77 16 80 58 32 12 17 67 94 93 56 24 22 69 10 73 57 17 96 86 34 93 35 77 90 42 29
98 42 96 51 53 75 50 51 83 36 16 2 37 81 55 73 42 36 7 11 95 66 95 22 41 24 17 38 95 94 79 51 30 92 13 81 40 43 28 25 73 2 56 46 80 50 59 48 3 56
2 69 80 65 73 2 10 46 11 -1 26 51 54 49 40 35 56 27 100 0 92 56 52 60 7 78 38 93 89 5 77 96 101 82 76 45 16 1 67 14 24 54 35 49 5 26 21 84 84 3
93 50 25 66 39 72 36 19 50 94 55 62 25 53 95 1 12 91 70 21 69 21 38 66 97 2 87 26 48 17 100 12 73 63 39 51 28 89 96 21 91 70 87 94 85 23 31 63 39 10
72 54 56 45 85 10 52 36 92 48 81 29 80 91 62 51 11 82 14 6 60 93 44 -2 77 92 5 11 54 57 16 4 2 0 87 11 97 14 100 36 4 12 14 60 27 3 32 33 34 -3
32 8 81 28 96 41 40 11 84 31 63 6 7 47 33 34 87 17 63 57 93 43 58 89 20 69 32 92 15 2 85 98 15 1 58 8 44 57 83 8 40 96 93 33 96 59 23 41 20 16
20 28 65 13 36 86 37 73 76 2 38 45 31 94 88 41 50 12 54 7 20 78 10 6 30 20 46 66 29 83 2 40 82 44 99 37 96 90 83 45 61 45 95 16 58 0 86 51 5 4
20 56 9 75 77 18 48 65 73 53 53 89 22 34 67 22 100 18 5 72 85 66 46 35 21 65 17 96 91 47 7 45 55 50 96 27 99 14 61 19 39 8 87 20 92 78 71 15 95 5
13 48 34 37 22 73 9 31 97 41 90 4 59 25 14 11 9 43 100 60 15 25 80 61 21 35 30 3 56 88 77 71 52 96 79 53 18 0 54 90 36 59 82 86 90 78 38 93 62 11
54 59 100 44 59 10 47 45 63 97 75 2 52 1 49 37 28 29 16 99 4 65 39 58 77 28 82 36 18 73 83 100 8 87 75 72 31 43 94 59 45 4 99 91 18 65 72 71 79 95
97 59 48 88 28 35 40 81 16 50 87 60 72 12 30 31 40 51 51 46 98 26 20 9 95 23 75 90 2 58 88 18 24 -1 37 26 26 21 63 13 67 73 45 87 91 84 85 8 17 66
El programa tardó 0.0 milisegundos en ejecutarse.
