7 82 23 83 10 42 71 64 27 10 85 91 74 20 94 52 97 57 83 31 17 94 7 51 26 19 90 72 80 94 57 58 15 100 41 9 100 44 80 63 61 64 47 58 73 76 24 36 77 53
84 95 3 74 80 96 94 38 51 91 11 18 42 54 79 -1 9 -2 43 81 12 64 70 65 46 35 100 43 19 84 32 35 34 82 9 24 6 22 69 55 64 39 66 10 22 74 50 60 81 31
44 66 9 40 42 78 58 81 43 15 74 4 46 97 68 47 31 97 97 9 84 11 65 42 88 76 97 84 88 28 60 44 63 51 71 2 82 14 64 57 4 58 68 50 60 66 41 32 22 100
71 61 99 70 70 3 96 80 6 1 75 33 42 54 31 20 70 40 39 48 12 46 29 53 81 15 4 74 89 30 26 81 86 63 38 42 53 35 24 6 53 16 51 75 3 46 93 63 76 51
45 23 96 59 53 39 28 22 43 23 23 51 29 20 61 84 31 77 29 47 72 71 50 49 72 69 86 15 65 66 5 78 78 54 57 38 59 27 7 97 46 39 25 79 23 14 49 54 101 6
72 89 84 96 80 81 94 43 26 72 21 35 95 89 54 12 15 47 85 33 94 47 86 23 100 19 18 57 30 71 66 34 67 61 71 41 13 35 91 4 12 6 14 90 18 20 53 14 34 57
40 83 49 21 66 88 34 45 71 1 23 28 71 34 72 78 25 94 7 18 80 51 47 3 9 6 100 67 45 7 90 36 43 15 43 58 61 87 73 24 21 19 22 14 34 35 6 87 84 24
63 19 85 52 51 20 46 17 70 44 67 -2 78 82 97 73 27 40 91 42 44 44 80 54 65 27 31 1 78 41 17 67 100 73 28 83 92 31 34 87 51 3 14 52 53 15 88 94 9 26
30 53 91 31 31 63 29 61 4 5 25 65 30 33 44 73 32 18 28 12 56 21 47 100 51 36 75 30 97 1 64 95 9 5 31 53 44 48 31 93 78 84 75 23 90 90 52 48 56 84
81 1 13 52 78 30 56 25 92 3 45 33 67 32 81 66 43 21 39 85 82 62 26 -2 48 74 91 51 57 83 60 55 45 6 87 78 35 18 90 74 51 62 72 43 55 75 88 72 87 77
61 38 48 35 45 76 74 20 38 46 45 43 93 56 101 76 29 55 52 61 86 41 21 14 19 50 8 19 55 30 30 93 67 71 30 69 56 46 27 40 44 85 41 92 89 55 67 35 69 60
9 41 62 64 50 22 54 49 55 76 17 44 11 8 70 46 94 64 37 74 101 26 68 17 39 1 18 51 79 44 58 82 65 88 69 12 54 60 22 82 15 2 66 25 36 30 80 14 5 2
78 78 5 100 77 81 47 48 40 48 87 92 36 34 4 99 56 78 11 2 3 64 50 68 26 35 79 88 82 16 87 1 55 39 71 32 18 40 51 10 88 24 74 55 8 45 14 29 53 41
95 90 13 67 46 4 41 11 22 54 31 20 15 5 39 8 7 42 31 16 18 47 79 91 12 69 65 51 91 6 100 65 39 46 27 72 35 93 12 31 21 12 93 26 40 38 22 -2 62 94
84 19 21 75 58 49 38 75 28 77 69 74 85 13 7 56 16 64 12 25 38 47 90 94 79 21 16 13 76 89 17 5 21 50 71 35 41 26 44 65 97 3 64 7 102 41 99 96 21 99
101 8 80 73 8 66 30 -1 66 -1 19 65 2 85 52 20 3 49 16 14 8 22 53 30 59 30 51 94 89 18 48 6 44 44 78 36 66 83 17 33 84 53 37 27 46 48 60 37 66 72
50 96 48 47 66 37 7 23 59 87 77 33 87 2 3 51 56 80 21 94 68 13 37 100 102 46 39 67 29 20 42 44 14 64 81 76 28 23 50 20 4 79 65 86 55 92 91 61 78 28
81 5 9 36 8 81 23 88 23 5 99 38 93 93 56 31 37 95 26 48 79 96 100 42 68 27 66 65 40 42 20 -2 29 6 58 58 66 54 38 94 20 88 60 23 39 89 82 24 81 38
29 62 15 53 80 15 47 68 30 84 79 46 71 9 47 54 9 2 53 54 4 13 66 49 45 30 46 66 65 3 55 100 89 27 97 90 11 58 54 35 66 55 42 31 43 95 80 14 65 26
93 10 33 -1 78 20 68 66 48 91 76 2 56 89 97 29 23 65 38 86 24 11 50 4 101 84 35 -2 29 42 90 37 44 27 48 69 58 94 88 65 99 1 55 43 41 33 36 79 99 55
56 14 78 71 89 35 33 38 100 59 60 82 84 8 55 19 58 7 100 33 79 35 41 97 89 5 43 55 71 32 13 17 87 67 43 7 102 82 91 72 33 98 37 42 80 85 52 4 60 44
34 39 42 51 93 86 18 44 22 -3 60 29 37 89 12 8 22 45 56 54 22 5 8 88 86 73 74 91 63 41 73 68 5 91 41 16 86 -1 85 89 45 11 101 23 64 62 5 36 69 53
3 74 100 91 21 17 89 33 78 17 55 77 94 46 52 28 58 75 102 53 81 75 81 97 88 37 48 95 101 8 93 62 46 2 79 90 57 46 81 45 89 5 92 82 66 34 33 100 70 91
38 73 35 52 20 15 96 4 87 2 80 87 87 15 39 55 79 45 93 53 99 45 94 27 32 75 94 89 68 58 61 57 17 84 31 40 37 38 7 49 30 90 2 66 89 92 9 21 3 38
25 78 44 24 99 47 43 46 70 54 10 52 58 30 100 44 33 51 50 81 36 40 97 55 29 38 62 84 92 69 57 62 5 48 56 60 71 85 35 63 20 54 27 19 77 38 31 52 52 64
29 68 98 88 30 40 100 28 90 24 7 15 15 34 20 2 37 41 23 65 32 76 95 67 33 68 15 91 12 89 28 49 20 79 3 15 82 52 26 88 23 86 56 41 9 59 94 3 89 78
11 57 63 13 69 3 27 47 56 80 3 71 45 93 89 41 61 72 10 30 99 45 24 30 36 65 27 69 3 59 65 33 58 12 68 59 64 56 53 7 96 66 30 86 58 18 101 80 20 22
101 80 37 5 47 16 83 88 50 0 22 86 63 74 8 87 47 40 9 67 4 59 8 61 45 34 60 90 17 23 37 62 32 66 53 28 51 71 51 79 17 45 9 29 41 10 101 61 22 86
24 64 39 23 22 5 93 51 69 26 23 100 64 59 44 51 43 43 27 11 98 33 102 58 91 44 47 63 75 58 27 7 11 100 15 62 27 25 4 22 28 81 69 37 53 63 38 17 102 40
47 31 5 81 20 11 88 35 80 12 86 14 18 13 91 83 68 14 11 -2 15 92 50 38 54 46 4 28 15 1 67 93 55 45 29 58 72 21 72 57 88 -2 68 1 24 87 63 93 101 13
16 98 26 66 77 81 24 4 29 14 20 64 88 95 69 89 66 31 94 29 26 65 67 73 5 12 102 24 71 10 101 18 14 35 56 2 60 65 85 19 30 82 20 33 8 81 6 80 44 92
40 30 45 30 2 18 23 2 27 22 16 83 82 81 21 84 50 91 73 75 68 93 22 85 6 43 91 47 43 19 47 78 100 81 68 15 35 21 35 92 17 37 84 57 57 81 29 13 97 32
52 82 96 79 71 46 29 69 61 60 101 7 65 17 26 45 15 4 42 6 75 22 65 89 99 64 27 7 59 10 77 14 45 77 78 18 49 30 37 46 61 49 40 37 46 49 89 12 61 91
50 23 77 73 98 35 100 61 96 12 42 52 27 40 5 17 43 85 31 4 66 88 53 7 100 95 8 52 71 50 40 14 77 0 86 43 83 -3 51 42 27 11 36 43 47 11 2 40 84 7
10 1 39 91 33 65 52 41 54 51 68 72 65 98 86 47 72 76 30 43 65 96 95 50 48 100 13 64 53 5 35 2 22 53 87 32 67 73 76 87 9 15 22 92 71 82 77 28 85 65
31 33 54 26 86 25 92 1 25 75 81 64 64 55 24 41 8 59 65 62 70 63 98 60 85 66 93 42 97 67 32 76 36 24 21 31 21 65 78 94 81 17 8 0 8 56 77 15 45 69
70 4 86 76 43 31 100 35 66 10 81 64 81 2 32 26 53 40 91 67 14 61 72 78 58 16 13 92 58 36 87 97 68 61 70 63 70 79 9 50 38 74 6 6 77 92 60 26 50 15
22 96 35 41 97 32 93 86 9 1 94 50 89 48 40 26 58 34 64 30 85 -3 26 78 83 63 101 77 59 48 86 81 84 40 69 16 22 77 82 73 18 85 41 27 38 84 23 52 76 2
41 50 100 6 92 13 72 83 48 90 32 26 86 81 93 22 14 45 41 24 72 87 69 78 55 62 23 71 102 99 69 25 30 93 94 56 26 95 10 70 18 71 26 61 22 9 59 76 41 69
72 48 7 19 48 75 12 20 31 86 23 4 54 91 4 46 96 74 84 36 78 59 48 72 57 77 52 38 55 61 32 51 85 -2 66 23 81 20 52 59 91 85 42 33 12 60 22 68 52 14
31 14 93 84 69 45 50 63 72 46 17 84 41 26 45 60 16 59 24 47 34 97 13 23 89 74 80 63 97 25 87 58 8 24 6 32 67 29 92 7 89 20 46 14 64 42 77 88 99 1
87 88 26 40 64 32 52 94 89 62 87 80 81 51 37 27 52 -3 96 24 37 28 31 68 63 90 53 92 74 71 46 73 94 32 25 75 85 68 5 64 19 70 26 38 89 92 41 85 7 11
102 61 16 90 77 8 79 15 55 37 11 8 11 14 45 43 87 10 5 6 43 20 80 25 56 45 69 95 94 11 75 100 69 55 67 15 3 59 76 46 53 23 88 78 26 8 20 47 92 90
93 92 45 8 10 24 101 47 34 94 85 54 94 67 97 63 15 82 69 17 36 72 63 84 9 93 93 33 8 44 37 36 48 65 79 70 20 19 70 17 50 22 29 46 86 44 8 18 55 24
23 28 84 90 36 45 76 57 94 76 50 48 49 5 91 24 3 93 37 66 62 27 35 32 83 11 7 99 65 82 65 25 22 48 45 67 85 9 5 100 19 60 13 96 16 36 91 67 12 21
87 31 20 85 90 92 87 23 37 -2 24 34 47 63 92 -3 49 93 49 41 75 13 32 48 95 69 56 92 25 60 10 5 6 65 100 31 69 27 52 36 96 36 14 24 95 13 12 3 45 27
75 40 8 79 60 47 48 92 9 84 54 23 98 63 68 27 64 86 53 23 45 57 77 14 36 80 86 5 7 54 43 54 18 4 48 79 94 3 18 27 40 95 17 3 84 29 35 68 98 72
61 90 16 91 4 80 83 71 82 44 80 94 80 75 81 89 96 10 29 82 32 62 88 93 70 36 32 94 44 61 58 58 86 87 48 37 29 30 101 40 92 91 75 71 21 68 70 53 52 79
29 52 93 88 24 39 33 11 32 41 15 38 46 29 54 95 27 44 36 67 60 85 17 93 45 55 69 98 76 12 87 9 101 44 100 69 39 76 63 6 79 69 71 14 91 34 100 59 38 27
77 10 50 -1 49 77 60 4 8 86 74 39 33 89 15 20 2 5 57 25 66 40 99 7 101 5 79 34 87 72 92 21 42 75 17 72 86 6 39 96 80 48 73 17 15 85 37 17 71 81
El programa tardó 0.0 milisegundos en ejecutarse.
