59 11 13 38 33 52 19 19 27 13 11 85 80 48 15 59 43 79 61 42 53 25 9 20 9 18 49 64 21 31 52 61 12 96 71 34 22 6 25 67 18 49 23 8 43 61 24 77 46 16
51 44 36 40 57 69 49 82 90 28 61 82 6 7 32 42 21 35 27 37 79 16 64 63 20 47 83 42 51 13 71 67 96 15 88 85 94 94 29 46 14 78 30 40 17 3 64 51 68 31
9 2 81 96 64 61 52 95 82 39 46 24 30 66 25 7 43 70 91 69 43 4 96 71 89 91 93 30 8 67 52 11 79 10 48 60 8 58 11 6 8 18 101 61 89 36 79 33 45 47
90 4 34 17 41 25 98 11 38 1 30 52 8 44 19 69 28 86 5 58 7 62 49 71 68 24 4 21 85 82 78 52 30 62 40 -1 60 8 64 79 89 36 18 36 52 18 34 15 33 54
33 17 53 50 69 5 5 4 80 4 45 43 29 60 86 20 43 58 68 81 94 49 61 78 34 5 76 48 11 61 97 50 101 97 67 6 69 25 25 16 37 17 53 19 62 20 41 96 58 2
99 1 88 73 21 77 10 68 85 27 16 78 53 93 55 12 20 74 100 11 4 31 25 52 38 29 28 89 86 19 43 80 74 83 55 2 2 30 70 71 56 53 22 42 56 40 4 70 93 41
86 86 88 94 51 48 41 11 3 57 45 6 40 43 58 21 46 19 21 75 66 67 9 97 44 31 4 32 59 13 65 85 72 73 26 29 26 83 93 5 35 59 7 26 24 77 66 67 19 55
30 54 41 56 19 41 10 93 100 8 7 11 18 61 3 49 46 48 52 52 42 38 33 85 10 62 97 47 90 52 29 34 6 23 32 71 47 72 62 60 41 83 17 5 89 58 23 78 44 39
28 38 3 92 75 78 35 61 99 19 47 18 44 28 40 27 76 30 95 33 70 29 21 67 56 14 17 97 5 71 91 69 64 70 6 69 33 21 22 71 32 79 45 35 75 5 67 31 55 47
78 28 75 95 62 60 33 96 35 3 91 66 77 21 53 82 9 48 36 23 20 82 35 46 96 14 46 66 25 -2 61 79 46 96 66 47 84 95 83 78 87 26 84 86 81 6 42 54 8 26
56 92 61 45 62 68 34 12 83 79 31 70 95 89 3 33 67 25 78 43 56 30 55 25 36 43 53 14 35 62 78 78 101 96 47 89 88 22 57 25 22 95 73 40 72 95 62 80 62 24
16 75 39 5 28 7 76 9 32 34 18 78 41 44 62 25 82 35 51 92 13 75 50 63 50 19 70 10 29 51 34 55 93 83 13 41 88 27 68 39 91 38 28 16 66 93 64 34 12 86
16 52 98 87 74 37 23 93 97 78 14 69 44 8 76 61 16 11 19 47 80 55 92 9 16 51 82 31 47 1 98 42 46 30 70 62 98 71 81 65 75 95 50 91 14 99 89 42 43 45
44 48 83 91 82 37 57 83 17 73 72 21 8 42 23 71 6 34 46 3 56 4 66 27 54 25 54 19 29 80 72 81 92 8 87 89 10 75 83 72 76 75 60 66 46 76 85 82 82 24
98 44 51 71 9 19 15 46 10 72 93 42 15 38 80 32 83 65 64 43 31 19 26 24 44 98 95 50 79 97 60 3 49 41 77 39 83 92 84 88 19 97 38 80 76 63 22 47 19 20
32 2 23 16 15 81 46 42 79 12 47 70 16 87 2 42 48 15 6 35 17 43 21 90 63 10 63 88 73 31 4 6 100 79 75 46 20 89 99 20 78 36 45 42 100 3 83 51 76 37
48 93 30 45 70 18 27 70 11 64 90 63 40 95 63 54 20 51 13 37 65 40 33 62 68 55 94 7 73 90 98 94 67 30 69 42 75 16 67 78 17 91 10 48 56 34 61 5 63 48
45 80 94 41 97 94 11 27 21 64 74 -3 25 75 86 7 28 69 77 87 69 70 24 44 71 44 98 -1 50 94 63 96 81 21 18 10 10 67 66 92 71 82 3 -3 32 87 79 32 73 0
44 85 51 51 19 84 49 81 31 38 95 63 37 68 32 49 42 35 91 54 18 88 42 9 99 17 46 28 85 26 100 21 82 90 64 10 46 67 12 64 50 1 69 20 84 9 20 39 86 40
57 45 83 14 19 85 57 65 79 13 52 27 10 31 87 85 30 49 62 37 13 72 48 71 12 19 43 -3 80 91 39 45 79 84 79 35 79 54 6 75 86 73 6 62 26 16 14 6 7 91
13 21 5 55 84 77 87 23 76 84 77 77 46 48 43 55 100 53 4 33 86 97 34 95 41 66 13 69 69 17 61 4 19 4 64 6 79 3 67 69 59 34 39 85 4 81 49 38 27 39
37 43 59 54 7 30 30 64 34 78 29 16 80 53 6 7 66 45 51 93 53 19 25 50 39 42 6 77 34 -1 69 94 57 92 62 57 37 61 76 19 40 70 90 4 14 30 58 41 70 75
66 39 21 4 14 99 80 44 94 12 21 95 21 37 77 23 53 71 54 25 73 26 66 7 34 17 23 27 76 88 23 61 101 64 73 59 44 17 12 62 35 48 80 65 46 64 64 17 10 57
59 89 93 69 64 51 18 2 64 77 86 7 101 37 60 3 37 50 26 21 77 55 38 64 34 11 87 18 95 41 41 31 35 -2 17 43 62 79 9 75 6 47 63 8 76 89 94 63 81 92
89 98 85 60 83 79 80 78 10 32 32 1 27 58 70 67 59 24 42 60 12 12 57 97 70 84 96 80 50 1 51 72 29 94 90 86 70 69 25 15 48 79 10 89 76 16 5 43 45 4
41 88 48 15 22 84 37 -3 93 40 45 34 31 19 96 94 22 88 14 70 70 39 100 2 75 18 17 62 20 1 97 69 93 77 50 33 93 45 60 28 37 22 78 23 45 33 94 89 28 44
46 84 100 81 40 45 27 52 20 89 34 55 59 85 73 11 77 36 54 16 19 85 78 5 43 99 62 64 10 53 37 30 40 59 3 29 42 65 93 25 19 66 25 54 24 66 83 55 63 56
8 21 28 58 42 57 84 60 36 60 66 62 48 40 79 81 19 62 50 51 27 51 89 83 93 74 14 48 57 10 83 65 51 27 9 56 47 66 77 18 79 70 5 76 64 68 34 36 14 73
66 17 41 31 29 77 34 98 68 44 95 71 55 63 44 35 88 73 31 15 23 14 46 1 87 71 17 46 71 99 73 100 46 2 42 44 73 53 34 89 50 92 8 80 49 52 21 56 18 40
18 28 75 75 42 40 21 33 47 40 76 49 15 -1 49 49 17 34 33 1 11 54 2 -3 11 68 38 14 29 9 26 2 6 67 95 51 79 31 22 21 94 5 28 56 55 82 93 83 28 91
63 98 58 4 8 67 24 91 71 65 89 40 91 12 78 91 23 93 28 7 87 71 12 1 68 18 61 1 38 96 38 27 40 1 19 96 76 32 96 56 58 8 67 23 32 6 35 72 78 97
9 89 95 65 13 63 6 61 51 4 95 68 53 13 83 43 100 77 67 67 70 35 97 82 92 59 38 83 63 52 90 91 16 35 47 69 41 31 64 93 27 42 70 56 10 58 95 4 88 12
33 94 62 81 20 94 94 61 20 65 21 17 49 30 49 51 10 10 58 41 24 24 8 34 15 35 66 56 18 100 11 23 77 83 60 24 53 48 51 36 68 54 44 47 72 76 75 62 99 31
60 68 7 35 2 93 14 96 21 89 25 13 3 67 50 46 59 65 19 63 78 54 64 78 88 69 15 77 27 23 81 75 35 36 95 12 11 11 2 16 77 91 37 75 24 79 70 14 21 60
61 88 42 10 102 33 92 99 99 37 21 45 8 85 12 79 47 38 47 100 90 65 4 64 56 20 74 65 60 30 49 8 72 100 85 80 26 11 58 70 49 67 79 96 63 86 64 66 64 40
73 88 28 89 40 57 28 80 47 61 8 77 91 88 80 0 87 68 14 24 67 60 81 43 13 10 46 72 27 64 71 83 85 87 95 46 23 6 40 59 16 48 76 73 79 50 35 -3 55 36
75 20 22 8 3 46 8 81 76 70 44 14 24 69 101 99 6 94 29 25 23 46 30 27 98 19 80 64 31 4 25 54 61 82 96 17 29 93 29 46 16 3 21 95 37 28 80 1 44 52
53 60 94 96 35 42 31 4 70 31 44 66 94 85 25 34 28 56 45 68 73 63 32 47 36 76 48 -1 75 59 23 87 9 3 23 74 43 82 21 74 54 53 15 60 88 30 94 22 38 51
77 35 32 81 76 75 50 67 96 7 4 56 80 23 53 58 17 45 96 18 95 59 85 55 34 45 37 31 61 14 54 76 91 48 72 97 76 89 46 57 25 23 38 10 71 30 28 77 33 33
66 16 69 48 19 73 59 72 85 34 8 33 80 -1 22 52 61 13 75 58 4 41 22 23 29 79 18 15 44 25 20 19 100 -2 5 40 8 94 70 57 30 12 62 61 84 79 24 73 4 74
91 31 93 46 73 41 58 68 66 94 79 64 84 49 55 70 65 37 92 59 30 5 77 43 57 87 5 19 45 18 6 21 79 51 83 42 42 100 98 12 66 59 94 18 64 28 78 100 3 6
32 22 78 -3 18 46 35 27 92 86 28 15 63 80 49 62 94 49 80 53 17 65 85 44 91 45 62 9 19 43 88 81 76 69 62 35 52 80 78 94 68 86 39 12 80 19 90 95 66 29
61 2 101 77 50 73 87 78 72 73 49 79 47 71 28 90 70 47 10 96 42 30 16 92 15 39 8 56 27 79 45 95 29 12 90 53 94 1 6 77 43 3 13 30 17 59 53 21 101 46
12 49 36 93 83 38 40 22 6 26 90 78 3 51 91 20 57 19 50 54 8 66 70 40 10 78 53 95 19 20 68 35 61 72 23 6 33 69 50 62 40 9 33 1 88 0 19 32 9 66
66 53 44 58 10 48 99 72 39 81 44 50 12 23 42 3 37 63 95 43 55 66 90 18 55 55 83 9 84 27 96 8 26 31 19 75 12 51 15 24 23 39 74 58 44 23 58 76 33 98
50 2 86 38 88 41 47 75 101 24 5 3 62 80 21 45 99 63 88 77 33 0 90 85 97 42 20 49 91 49 60 86 54 96 83 36 95 41 88 95 11 60 48 89 23 -2 35 76 34 88
3 86 43 1 59 82 70 12 35 3 86 46 62 62 65 61 85 75 80 23 35 92 71 33 17 3 55 76 50 35 7 50 77 89 46 35 84 90 69 40 38 53 55 87 91 28 7 68 58 99
33 43 54 73 97 58 92 78 14 94 80 16 4 35 33 66 87 84 8 9 77 3 79 -2 14 4 65 50 57 0 48 90 19 96 82 39 66 7 89 47 92 43 39 4 22 23 63 64 10 54
30 12 92 15 87 34 46 63 41 48 61 51 60 89 29 44 97 87 24 19 40 80 81 7 19 44 88 61 7 11 29 46 84 66 43 60 46 4 74 55 99 72 61 2 49 3 74 16 26 92
29 74 94 82 66 17 3 66 5 89 67 70 32 49 69 53 60 0 31 44 77 6 82 82 68 1 55 5 2 40 73 11 27 24 62 53 55 62 2 74 34 28 59 52 12 19 88 71 52 91
El programa tardó 15.626668930053711 milisegundos en ejecutarse.
