100 100
8 12 14 53 79 67 80 22 11 96 51 20 95 0 91 83 42 7 83 86 69 37 81 18 18 29 88 93 23 71 31 60 33 28 83 75 45 68 51 46 71 11 0 97 40 68 86 56 84 46 94 87 85 68 11 76 42 45 87 94 38 29 86 43 99 81 17 39 23 63 75 42 26 98 8 27 84 98 68 36 1 29 25 34 88 25 39 67 66 35 41 96 18 65 43 54 83 18 51 68
81 33 31 73 47 96 11 20 27 62 33 0 46 21 65 79 53 25 49 43 82 77 26 66 36 76 29 7 63 10 86 57 23 80 54 63 69 53 85 76 66 18 32 1 26 66 84 3 91 83 71 14 45 96 86 49 17 98 15 24 25 22 23 45 95 30 26 48 1 50 6 23 11 70 63 80 12 72 86 2 67 15 95 12 2 94 92 14 64 72 36 46 90 6 39 12 22 51 0 55
63 55 14 60 20 42 8 94 87 18 91 97 51 79 1 82 34 20 32 15 7 34 32 85 67 27 76 3 56 7 47 96 42 95 21 44 65 91 79 75 10 86 41 67 79 36 17 87 33 59 18 83 83 38 8 87 37 0 59 70 70 26 23 99 81 65 27 86 19 27 99 6 7 22 32 8 56 34 4 54 96 43 31 43 31 94 27 28 52 69 40 51 54 3 72 54 89 46 77 84
73 76 0 36 88 15 65 22 71 21 65 32 50 94 71 54 23 37 26 33 65 97 67 62 55 23 40 89 74 64 31 75 68 55 57 2 89 5 32 19 39 77 78 79 0 84 57 75 13 17 54 18 86 86 75 19 29 5 27 72 5 62 64 12 62 78 35 92 38 22 17 59 79 83 55 76 2 28 27 55 13 20 38 63 60 29 7 87 26 83 52 33 98 5 90 68 22 86 69 24
47 35 30 5 1 97 26 67 58 96 84 48 93 7 70 0 69 71 53 52 98 97 57 17 24 4 13 65 28 2 65 52 28 41 60 15 29 74 47 16 42 54 51 57 7 83 28 38 64 12 21 17 27 22 22 57 46 68 99 26 22 13 30 98 33 73 56 42 43 97 34 1 46 25 62 95 47 88 9 0 19 23 30 23 86 15 14 77 77 82 78 56 63 68 20 7 25 27 37 76
54 38 22 21 53 81 73 81 14 17 0 1 5 95 26 98 19 87 55 11 71 9 66 38 20 14 23 32 65 29 13 2 93 47 47 36 34 55 97 51 22 59 64 31 2 4 28 27 50 2 24 61 23 14 14 72 84 51 56 36 29 9 53 81 34 60 58 31 75 83 70 2 24 66 56 84 22 15 94 52 14 3 72 66 17 18 86 19 6 6 97 24 53 16 52 63 36 36 47 1
17 67 30 55 61 46 63 93 63 92 15 91 12 58 74 7 75 74 53 83 62 45 35 4 97 44 50 22 14 21 11 65 36 61 40 48 38 76 70 7 92 51 31 85 98 33 94 25 49 69 23 14 39 98 47 62 34 97 51 10 36 29 34 4 38 90 13 51 29 52 47 78 47 28 77 72 82 93 86 80 28 50 84 38 50 12 1 71 71 68 87 50 39 55 95 23 80 87 82 7
97 48 68 84 64 74 50 83 64 24 13 20 76 76 86 5 72 40 86 26 90 47 93 38 74 12 3 37 21 55 86 96 47 15 49 73 35 77 2 64 90 83 96 81 90 93 31 74 9 34 60 92 10 54 16 79 78 94 55 87 92 61 76 29 6 93 11 27 82 5 56 23 36 69 79 16 84 41 6 11 81 84 31 95 85 98 44 51 67 57 19 75 96 46 60 59 15 59 72 62
66 77 55 0 12 23 32 42 5 74 28 18 38 67 57 20 14 59 62 85 56 31 46 26 29 66 57 26 65 87 64 43 13 62 21 69 98 52 69 17 62 14 19 90 97 30 76 49 88 97 33 74 2 62 0 80 28 57 91 23 41 46 68 31 70 93 57 55 98 77 93 39 88 31 3 87 4 94 55 10 54 82 1 12 76 65 18 99 46 19 96 82 0 18 82 47 80 18 59 81
24 5 71 68 27 40 37 44 28 84 72 68 5 57 27 48 59 16 92 8 47 40 58 95 71 33 12 69 92 68 63 45 3 32 26 84 45 30 52 94 66 81 12 22 99 15 37 75 55 58 83 57 28 24 76 49 84 44 85 54 85 53 11 13 6 60 60 56 61 16 32 24 90 8 3 42 2 11 11 38 44 42 48 7 72 63 46 0 16 17 87 74 23 81 42 40 11 53 2 41
10 13 16 51 5 26 60 24 48 94 81 64 46 86 4 46 14 24 75 55 72 47 34 92 37 6 15 21 80 4 77 14 29 41 13 28 38 73 68 69 37 65 66 32 17 59 6 23 43 61 17 93 80 0 56 52 26 95 50 57 67 37 1 15 66 50 63 70 52 13 83 93 51 58 28 45 68 96 64 13 25 57 36 4 24 82 14 0 87 28 94 60 54 30 6 27 14 73 1 9
87 16 57 58 89 51 48 48 14 29 68 3 48 88 92 55 88 30 42 24 67 14 15 69 2 62 83 69 75 99 64 70 18 67 94 25 43 96 37 62 36 53 51 7 96 9 54 81 36 32 9 30 46 37 22 96 39 89 54 31 41 79 10 76 48 89 26 37 82 80 63 37 82 11 74 98 49 72 32 0 14 64 10 27 39 32 8 4 63 42 69 15 8 50 71 75 20 6 15 28
72 4 8 45 85 1 33 80 1 63 47 55 70 63 80 53 23 71 14 99 77 49 26 19 8 89 25 96 52 14 82 50 16 96 49 83 6 18 89 65 13 67 10 77 11 14 36 17 94 91 27 54 41 83 18 27 72 86 96 23 7 93 56 34 23 37 61 10 3 9 35 94 82 58 39 80 76 73 43 64 44 36 96 55 63 39 6 42 13 50 79 1 76 34 55 66 95 27 50 7
31 64 71 71 41 8 92 73 37 4 97 74 68 30 74 73 97 30 10 35 38 31 88 63 94 93 87 97 50 61 10 60 56 26 20 23 78 36 34 3 26 50 49 78 89 69 87 62 82 12 35 16 83 77 32 86 77 71 79 75 55 41 0 72 0 24 55 95 90 61 17 17 84 22 39 4 14 42 29 81 94 28 16 38 70 6 12 64 85 20 25 99 1 8 49 94 15 38 65 55
50 0 98 59 39 21 62 41 13 80 75 38 32 89 88 20 98 9 48 16 14 73 69 0 89 98 93 87 73 82 31 36 9 78 73 82 5 74 59 41 23 22 32 68 21 67 82 98 50 80 27 12 4 96 5 50 50 27 23 4 89 16 41 95 14 66 36 85 9 8 33 28 77 14 98 23 51 21 50 1 26 61 76 27 82 71 1 92 82 0 70 4 62 84 20 7 61 50 73 87
43 36 86 51 58 26 62 99 25 42 6 49 10 25 63 19 22 0 60 95 22 40 10 82 48 72 89 70 64 15 67 12 37 79 86 47 77 99 18 80 49 33 0 79 47 74 23 32 35 33 88 38 33 49 91 29 53 96 52 47 55 61 38 6 61 6 55 38 79 18 11 12 35 2 15 97 59 68 2 23 83 24 3 13 22 91 95 21 54 12 0 29 5 45 6 77 53 2 86 45
70 2 2 0 34 86 84 49 78 74 37 19 17 12 59 62 84 99 14 21 40 52 47 20 72 39 73 63 66 60 84 40 73 29 66 27 94 3 43 25 9 45 52 91 38 24 0 25 64 5 56 20 87 86 90 52 76 27 41 20 49 99 27 7 5 80 2 6 40 22 95 82 10 20 83 60 89 6 37 29 51 5 76 93 49 9 90 19 94 12 44 40 42 5 58 41 81 7 84 46
84 64 11 96 7 53 29 23 66 75 50 90 96 35 32 85 77 47 83 44 84 58 11 90 6 99 2 63 47 33 26 54 56 23 50 34 27 60 22 10 58 5 16 48 50 83 67 20 68 1 12 66 32 56 56 79 72 28 3 67 27 70 75 54 58 18 4 55 60 3 33 56 8 23 63 18 33 20 10 36 29 0 86 48 26 11 84 49 20 87 89 87 9 61 26 37 52 62 71 39
40 84 88 11 5 47 43 75 25 57 12 41 75 92 65 21 54 56 33 87 74 55 63 92 45 58 72 28 63 65 49 33 63 77 26 64 92 37 40 62 82 32 97 3 49 53 66 42 23 92 33 72 33 65 20 4 80 12 67 89 12 56 59 24 13 75 67 97 11 73 91 17 78 15 47 57 64 26 1 82 12 51 95 35 21 98 82 42 7 92 19 35 72 28 91 48 29 73 12 64
61 65 47 32 70 39 2 38 77 78 32 41 42 89 20 54 60 97 68 91 48 37 10 86 55 19 75 4 89 64 73 94 89 76 41 33 93 62 97 42 78 86 55 86 73 93 38 65 75 13 80 97 53 19 40 36 12 2 77 13 17 67 14 19 2 84 98 88 73 47 12 11 14 54 9 7 30 29 68 9 17 68 19 82 34 44 90 52 70 15 19 87 23 82 30 27 8 56 58 38
70 72 55 41 31 41 13 15 45 97 7 91 13 52 29 92 17 71 23 92 88 8 28 34 60 61 49 40 76 55 30 52 45 61 70 16 46 29 19 45 38 28 41 76 46 35 54 66 20 53 93 59 40 14 4 79 8 15 48 18 26 73 69 9 49 43 61 72 41 4 1 0 6 95 80 2 53 14 35 26 57 15 97 64 18 49 20 16 89 37 12 88 43 78 81 4 43 34 55 75
79 68 59 10 51 49 24 22 51 78 22 98 71 44 34 33 70 39 39 84 99 56 0 96 13 2 45 82 38 48 77 35 55 79 55 22 29 89 44 68 88 1 15 58 82 10 8 18 54 61 63 64 69 11 51 82 89 40 70 90 60 24 59 39 61 8 75 9 17 47 0 43 19 58 26 97 70 13 36 54 19 26 3 10 48 56 3 92 81 84 71 62 44 90 68 11 81 24 5 13
16 5 71 38 7 68 74 16 79 53 0 26 15 67 76 90 20 85 44 96 61 73 73 23 48 42 65 93 12 9 47 4 72 31 26 70 50 64 94 47 43 26 7 64 24 72 26 71 29 82 91 49 13 77 34 22 97 54 80 62 9 93 48 66 22 45 0 49 29 80 82 96 43 41 90 71 15 26 69 12 49 1 81 65 87 2 4 87 49 10 24 58 54 12 62 15 70 10 15 70
86 73 59 8 86 70 19 65 29 91 65 91 63 65 0 22 93 16 94 6 84 61 15 43 48 98 30 31 82 41 12 25 26 62 58 67 7 17 49 52 86 95 16 58 77 94 35 90 10 7 89 37 23 10 36 93 36 86 93 25 12 51 12 49 40 97 40 11 98 10 86 24 15 66 84 5 52 56 43 82 28 59 65 35 70 18 13 97 48 55 22 22 45 8 8 81 57 51 39 76
64 26 80 80 13 72 40 71 67 44 50 36 11 64 49 8 76 40 25 1 67 85 78 79 74 29 71 58 21 39 18 66 1 35 42 76 26 2 32 63 4 79 84 16 83 43 92 5 32 78 30 62 29 44 99 19 95 94 90 27 91 56 66 46 0 70 92 91 57 57 84 10 54 32 11 41 43 9 74 14 87 67 21 32 38 1 0 93 32 83 34 91 66 47 12 62 77 20 20 30
99 80 18 35 59 83 23 37 4 39 30 98 85 84 11 72 12 58 18 71 83 40 38 71 37 1 60 84 23 56 85 41 88 1 95 55 68 90 25 17 55 85 3 50 37 79 34 82 54 15 61 51 94 65 12 95 63 65 60 74 89 71 28 66 90 10 93 11 22 96 70 80 49 0 22 76 9 31 75 63 44 54 96 0 56 26 85 20 72 88 96 82 86 55 20 11 6 59 99 10
68 55 0 48 20 96 3 0 39 36 32 1 61 51 61 13 27 98 59 66 86 88 99 63 15 85 28 44 3 82 28 7 89 79 25 10 15 20 77 93 78 12 89 74 27 12 89 3 83 28 1 86 71 43 88 21 21 50 7 15 76 45 77 2 67 22 21 3 65 63 43 34 61 30 25 92 76 33 79 14 85 25 51 57 16 12 36 79 71 96 17 5 21 22 89 66 72 76 54 20
67 85 46 89 90 76 46 50 47 85 69 56 82 72 64 90 31 73 61 72 61 93 72 97 52 86 51 91 62 0 30 31 0 73 79 17 59 31 38 18 10 30 50 71 33 66 67 79 75 92 36 67 42 35 0 73 28 43 17 64 31 70 70 41 65 22 7 3 91 79 46 46 2 50 0 18 53 82 46 59 4 17 33 3 75 56 44 37 10 72 52 68 60 60 5 67 43 36 25 9
4 42 87 2 3 16 41 85 85 66 62 5 50 91 89 65 10 80 73 60 43 2 6 9 3 36 8 40 91 59 32 66 7 37 71 30 28 66 22 30 1 41 84 37 21 0 92 77 90 85 29 53 67 10 6 61 5 92 34 35 50 34 36 68 10 56 64 33 47 22 31 41 22 53 52 73 25 34 98 15 80 7 96 65 45 46 82 46 27 93 5 24 83 75 78 13 70 78 64 86
31 23 24 24 66 34 63 83 22 86 72 60 23 53 89 5 20 79 9 33 12 57 98 52 42 78 85 54 59 2 10 67 17 87 89 15 24 90 85 88 3 64 52 58 13 49 76 86 1 72 80 62 71 56 79 44 54 50 52 81 49 1 10 17 10 97 25 21 53 13 92 73 85 33 37 21 7 11 20 99 66 81 4 94 89 41 45 30 36 60 39 30 34 7 96 28 97 11 52 77
1 25 24 28 41 89 5 41 47 41 45 12 97 77 23 87 65 93 4 99 29 23 1 12 72 20 9 48 91 1 49 37 57 39 80 10 51 43 51 37 20 46 30 88 34 96 61 96 68 4 71 79 69 4 40 71 45 40 98 18 8 11 4 89 17 49 23 42 74 43 53 22 32 82 32 34 62 11 97 97 25 75 92 36 67 44 82 61 60 25 57 30 51 44 6 87 92 43 21 21
56 15 62 96 14 29 19 75 13 33 56 40 32 41 96 10 29 22 81 59 57 73 77 14 40 72 49 17 20 45 6 60 46 32 16 67 52 81 48 47 0 32 34 19 85 29 67 57 91 26 44 92 55 30 26 42 47 75 69 84 21 75 64 59 56 3 80 96 41 71 52 21 76 86 45 78 45 27 45 39 84 65 86 93 17 27 58 71 75 99 99 25 69 42 44 90 33 93 11 61
61 14 61 49 15 56 88 31 21 92 48 19 18 96 5 86 43 31 39 95 44 45 54 46 84 57 96 14 59 63 51 56 83 76 44 39 16 83 47 16 78 74 24 92 5 78 86 88 85 32 7 32 18 75 42 84 62 72 34 23 78 41 35 5 1 74 76 49 41 12 11 69 79 66 23 39 85 53 28 43 87 52 49 33 45 54 94 97 21 41 20 7 47 10 39 12 80 93 34 8
67 43 20 20 38 84 97 3 0 51 98 79 58 76 8 21 27 7 27 74 68 16 79 39 12 28 38 22 39 30 10 67 71 98 35 27 9 67 27 95 76 19 5 87 54 7 16 41 16 7 21 73 7 55 31 99 10 69 2 22 55 69 61 67 35 27 38 15 96 4 67 20 39 75 6 27 4 57 44 54 34 86 37 85 50 64 61 7 90 92 7 58 91 73 72 38 80 27 48 61
87 83 24 32 53 91 29 63 42 46 89 42 17 68 43 20 76 61 96 93 70 31 74 74 49 5 49 22 25 93 70 88 15 73 52 11 84 92 33 16 84 40 73 41 82 35 74 22 96 65 24 87 11 13 38 88 50 74 41 17 62 88 69 93 44 21 81 65 84 94 76 48 9 10 80 4 28 8 20 3 52 8 29 35 14 3 35 80 40 4 79 51 72 46 61 96 78 81 64 61
13 50 24 64 83 9 6 85 48 64 29 9 44 78 51 39 51 65 19 17 15 34 46 78 49 93 35 14 97 66 51 77 69 36 79 49 99 86 43 44 79 66 45 4 73 82 74 20 15 61 98 89 79 30 69 3 65 95 3 64 18 22 88 80 55 55 25 19 41 16 85 88 70 26 64 89 16 31 40 17 93 66 5 84 19 39 40 22 45 33 69 86 77 32 44 29 68 62 11 7
76 60 56 26 76 94 21 30 24 61 80 93 68 8 83 80 14 55 54 4 78 2 22 93 43 43 57 5 11 25 54 66 73 42 65 56 79 65 94 29 41 68 84 82 48 38 0 65 58 15 81 77 50 33 64 46 52 15 11 60 32 2 62 1 44 66 91 71 32 17 41 10 59 71 80 52 12 21 94 76 20 19 59 59 99 40 49 56 67 0 34 1 87 44 89 29 8 42 86 98
26 72 57 26 85 5 50 97 90 54 30 75 17 76 11 0 95 99 60 7 62 43 22 89 29 29 13 52 83 45 2 55 91 81 61 5 38 32 67 53 60 7 99 37 25 76 85 55 52 41 2 9 36 10 88 68 20 13 38 74 5 2 55 33 8 37 99 4 77 84 54 37 80 93 24 73 1 82 30 83 60 77 23 67 42 36 39 19 72 11 20 23 70 94 95 12 60 9 83 5
45 20 75 13 30 56 8 71 41 53 80 66 35 51 62 89 56 6 72 39 6 4 21 14 94 94 23 89 99 5 48 22 42 24 43 85 97 94 93 65 59 88 79 57 11 6 20 5 53 53 0 43 47 64 87 25 12 21 11 41 37 54 33 39 23 12 58 10 68 95 52 31 90 99 20 53 40 87 54 19 24 88 2 90 30 14 48 9 92 26 65 10 74 24 94 74 23 75 69 41
64 9 5 4 17 2 15 90 25 64 0 87 8 49 94 41 44 4 48 20 74 97 1 8 35 51 35 69 2 43 63 91 81 39 57 23 31 41 88 69 82 83 20 12 53 77 34 34 91 17 95 72 40 94 54 57 43 4 68 96 16 73 72 23 76 56 66 99 2 33 91 97 15 33 72 72 2 24 40 89 80 0 42 21 4 9 6 45 15 70 94 1 22 62 13 70 61 45 28 7
92 36 50 63 31 49 4 71 1 69 44 34 34 18 86 69 27 42 43 12 75 65 17 64 91 89 52 69 32 70 98 11 74 47 31 35 65 39 81 11 39 81 65 61 33 31 96 99 63 15 35 58 10 70 71 86 66 78 84 34 17 67 23 99 95 22 35 80 40 23 24 94 2 86 5 99 75 4 66 26 19 4 42 80 27 93 84 2 25 86 53 42 56 60 15 61 49 21 13 14
50 15 89 50 62 76 80 27 66 33 95 84 53 96 44 29 57 53 61 20 87 19 81 49 99 5 32 76 85 77 12 69 67 20 54 80 88 31 64 91 30 1 84 29 87 70 96 95 70 92 89 82 29 70 38 32 32 58 3 33 32 93 42 95 71 52 50 38 78 72 64 64 54 57 69 70 47 8 10 17 23 13 75 51 35 84 19 55 30 63 57 78 59 64 68 80 10 90 0 27
22 40 21 23 44 23 68 28 34 27 61 18 23 39 1 28 73 44 67 59 29 76 97 76 45 18 31 97 79 47 92 25 87 92 35 53 18 21 65 15 13 36 15 63 32 97 12 82 86 92 99 77 31 99 85 12 92 92 88 73 32 70 78 36 27 35 9 71 18 29 4 42 27 21 87 45 76 34 21 19 21 61 77 77 28 56 60 5 49 20 80 94 6 63 91 66 14 72 32 85
47 62 27 47 44 50 20 94 97 48 44 69 70 42 88 25 53 79 75 54 67 63 30 18 89 36 94 20 8 80 70 68 37 73 15 57 20 7 91 9 19 55 58 95 51 76 59 77 54 26 62 7 79 45 53 26 91 78 51 29 31 13 95 63 30 88 75 65 90 51 42 22 43 67 87 32 99 62 94 96 99 28 26 55 3 29 6 96 59 56 22 99 87 29 32 13 0 57 38 37
86 99 38 80 70 11 8 53 90 1 35 89 99 50 55 46 71 12 53 96 7 38 85 89 90 38 37 8 83 36 84 44 79 33 40 53 40 61 85 52 94 60 49 79 60 88 63 38 83 44 58 9 70 44 80 8 28 84 91 70 46 88 1 19 44 30 19 72 7 97 30 58 39 58 39 87 56 84 53 60 86 73 5 77 93 14 85 41 48 41 29 55 74 19 57 37 51 27 82 86
28 97 85 75 16 82 82 57 35 67 10 10 80 17 39 76 29 14 9 99 64 45 85 77 83 27 6 22 84 99 28 46 89 43 29 42 99 29 91 90 41 25 11 70 43 57 33 11 79 51 11 96 96 42 72 65 58 84 10 79 82 64 31 17 45 58 16 20 92 64 0 13 66 93 72 55 88 63 86 39 46 30 52 44 27 65 75 41 16 43 0 48 2 25 42 9 91 68 29 7
3 14 79 67 26 71 3 79 43 31 36 16 16 22 61 86 90 38 81 23 98 63 44 88 16 19 21 41 57 90 68 74 43 81 67 26 61 68 10 46 50 61 6 68 68 63 33 39 77 2 23 49 77 69 59 83 21 5 95 22 28 39 54 29 44 80 36 38 64 68 98 77 0 47 68 89 2 82 50 71 74 62 58 40 99 26 29 71 89 69 35 60 87 64 67 3 13 5 78 85
26 21 21 44 84 2 44 61 3 42 30 4 25 71 66 66 47 51 64 4 24 60 63 0 85 15 3 63 99 17 17 80 19 63 40 46 70 0 15 5 13 21 93 36 12 28 73 61 31 35 76 26 62 46 83 80 38 20 58 50 96 57 44 80 91 59 16 0 12 47 70 48 50 6 61 92 69 2 1 40 94 3 79 81 80 96 35 16 44 6 34 42 62 88 79 27 95 65 26 60
75 78 73 24 28 18 78 98 15 89 41 63 60 94 19 44 44 88 79 16 27 26 78 40 67 57 61 15 37 24 98 60 90 75 54 95 26 60 56 85 15 86 57 5 91 62 28 77 71 47 96 6 11 27 36 83 69 85 56 77 59 86 82 87 34 15 29 95 59 91 47 8 68 92 3 63 77 8 95 13 24 95 21 98 10 29 38 83 6 82 96 6 28 43 37 70 33 40 42 7
95 25 37 2 11 34 77 84 51 37 75 56 24 40 1 68 50 45 9 90 26 83 40 91 75 4 46 99 91 49 34 55 79 54 71 54 60 24 97 17 24 32 15 21 96 79 70 71 12 9 0 78 29 16 62 85 36 82 55 73 44 22 37 30 97 95 96 3 68 28 95 92 52 65 3 83 34 38 59 70 2 40 46 56 41 88 59 97 31 14 41 66 42 67 88 35 51 67 34 65
11 73 45 24 22 24 50 61 91 20 24 99 50 30 53 12 15 2 95 5 68 0 97 21 47 83 76 56 72 86 75 86 97 73 11 39 67 65 89 26 97 98 4 48 22 52 5 68 48 95 55 97 64 76 55 67 66 65 9 62 51 92 3 13 1 77 24 31 2 99 5 31 1 16 0 68 70 97 96 71 34 0 36 39 99 0 15 68 5 16 8 24 94 92 40 98 28 51 77 34
90 89 84 64 36 25 80 13 0 36 91 7 35 39 59 64 90 75 19 87 48 98 21 63 6 42 15 18 96 76 50 34 28 84 95 38 10 40 11 91 66 4 9 35 77 35 4 88 95 85 39 82 59 99 72 24 95 37 64 30 47 76 64 88 65 74 91 86 27 22 14 54 93 16 32 54 75 50 74 51 34 69 88 24 12 33 24 69 11 40 47 46 80 68 51 84 32 68 31 2
22 89 43 7 16 94 38 86 81 52 78 81 45 9 64 43 48 54 76 1 95 28 0 29 15 44 52 16 15 99 42 93 31 45 95 39 54 38 61 92 54 3 49 89 55 47 14 93 48 5 78 13 66 67 0 21 78 63 47 87 36 56 89 60 85 41 36 88 3 4 71 8 60 71 73 80 86 30 22 48 42 90 76 57 27 8 66 93 5 88 99 39 69 35 79 7 20 56 57 20
57 22 88 9 95 73 60 95 76 75 27 23 37 66 78 42 97 16 75 20 88 30 31 7 82 23 93 67 26 5 57 41 49 25 13 94 31 37 20 80 33 64 60 13 68 66 49 55 70 11 14 79 24 31 23 93 93 0 30 67 6 75 48 33 26 16 84 2 91 90 86 71 11 58 12 68 82 41 30 10 92 47 48 78 9 58 41 73 63 68 93 0 73 77 84 10 40 50 67 46
44 74 43 16 7 40 22 79 39 36 79 20 75 11 17 4 43 38 80 23 11 10 85 39 66 34 18 5 66 49 56 79 31 86 91 10 94 85 91 4 38 80 37 91 22 41 55 96 67 4 44 77 47 64 42 61 88 88 81 80 53 33 14 79 9 40 35 64 63 49 25 9 80 9 27 46 90 81 41 49 25 72 41 97 41 34 80 12 76 32 90 56 87 84 26 62 27 57 94 95
7 89 95 36 36 11 68 73 71 49 65 37 45 46 11 82 8 14 75 81 91 66 76 80 88 34 86 23 22 79 41 43 17 0 35 98 59 97 17 95 95 40 26 62 54 42 73 97 20 47 68 9 35 83 41 2 33 72 6 92 44 9 59 9 9 92 47 99 11 95 41 69 67 47 57 34 10 40 98 22 51 3 87 21 91 78 39 88 95 81 49 29 0 73 33 23 76 73 49 73
15 70 7 4 22 11 65 63 63 62 12 33 32 83 4 82 92 76 80 56 15 2 84 30 29 13 60 33 61 69 35 61 36 74 1 14 7 92 5 92 41 70 18 5 45 50 9 78 11 94 62 31 97 16 77 70 0 96 87 22 64 69 70 96 84 11 72 84 89 71 78 41 59 99 45 40 34 86 17 22 78 22 26 34 30 58 93 62 34 59 70 48 58 90 99 28 43 33 98 72
87 70 48 89 58 2 26 18 46 65 90 86 20 31 36 88 27 52 34 45 54 68 64 11 52 68 89 66 27 65 81 26 28 6 93 66 58 31 90 82 89 66 93 57 31 9 86 57 99 72 96 99 52 10 33 43 55 80 97 46 56 44 63 37 30 55 73 83 50 36 94 30 28 97 71 19 60 14 28 98 48 26 51 80 94 7 88 21 86 80 58 26 61 96 73 5 9 62 27 83
4 95 67 56 90 51 51 59 28 58 32 53 88 72 59 84 37 52 45 14 94 71 96 4 15 25 88 38 11 56 93 13 3 61 89 93 11 89 67 98 71 21 61 56 86 50 0 34 82 81 19 42 13 96 71 62 85 38 36 78 70 2 57 23 5 44 84 97 91 41 19 45 7 73 82 64 38 42 33 93 40 51 30 71 35 55 39 36 10 89 5 41 90 75 22 99 28 8 51 47
88 36 43 86 24 43 92 22 57 64 79 1 36 64 40 26 13 45 43 8 8 49 90 95 49 55 4 2 58 99 9 76 31 59 18 81 0 95 76 44 97 71 30 38 28 2 19 35 84 33 29 26 2 1 61 51 36 56 56 52 88 0 73 22 55 29 92 1 44 36 87 23 94 95 85 13 59 89 27 92 22 43 86 49 78 62 56 93 6 70 10 23 76 2 53 7 68 5 34 83
60 53 53 65 40 6 3 72 23 85 29 49 16 76 9 13 58 29 99 18 59 43 51 72 29 10 77 42 37 15 13 11 43 69 4 52 76 0 94 42 68 97 30 30 66 50 89 26 11 44 43 9 54 72 13 83 17 68 44 51 2 11 99 23 89 23 32 20 7 7 21 89 19 18 39 74 12 70 32 87 74 97 36 35 34 29 0 51 5 11 94 29 15 48 90 42 45 83 67 76
56 29 40 7 22 94 54 0 83 20 94 33 15 41 19 73 89 10 30 73 14 41 8 16 5 91 68 32 66 75 88 26 23 0 51 30 19 9 73 96 77 77 49 1 5 40 39 50 33 10 11 81 8 29 38 3 61 43 71 79 14 42 48 39 89 72 90 71 47 4 32 39 56 57 77 28 25 38 94 20 14 17 31 83 1 43 46 60 50 99 0 0 73 28 32 27 29 28 32 83
58 10 70 30 77 80 80 67 93 54 4 59 48 40 85 50 96 98 90 88 56 27 44 70 86 84 40 60 61 15 26 50 69 19 8 64 39 65 22 32 23 6 98 87 71 56 19 4 42 32 13 99 39 74 33 83 28 5 87 96 13 6 56 92 34 69 69 19 62 44 94 64 97 52 36 16 26 82 98 51 21 10 73 16 27 94 15 29 92 80 40 42 17 90 21 12 40 58 11 73
86 5 4 30 74 63 54 19 67 78 8 30 57 50 92 4 28 3 61 4 9 84 68 40 32 75 46 53 33 84 87 41 96 61 90 37 17 16 26 33 92 63 73 84 55 73 29 25 69 58 89 38 88 79 25 73 86 32 17 84 64 12 35 48 76 43 63 79 47 18 62 73 1 72 1 65 54 81 80 9 60 65 18 55 84 52 58 2 46 52 35 20 61 57 91 11 82 12 71 5
25 49 26 85 78 25 60 56 21 59 1 67 79 5 45 51 86 68 31 26 14 31 3 51 29 4 19 61 46 7 86 9 51 32 75 16 96 23 69 22 55 1 59 10 90 91 49 4 38 58 87 65 44 85 38 11 69 45 82 81 98 11 23 58 95 30 33 12 53 78 19 86 22 61 5 10 78 47 17 99 77 23 27 68 89 82 96 62 31 41 21 74 18 41 79 25 53 66 77 36
24 58 25 28 22 31 77 72 13 13 94 93 1 67 13 53 69 7 39 8 82 14 72 50 14 67 97 66 25 67 62 21 49 58 92 11 66 42 16 40 41 75 68 89 62 59 1 59 69 43 14 31 7 62 99 45 22 54 54 11 17 36 59 38 34 4 10 29 90 92 26 28 94 19 63 46 80 10 96 38 53 88 63 58 28 94 60 60 30 30 81 80 72 48 27 93 90 73 82 85
93 94 39 66 30 12 73 10 83 88 31 57 13 85 58 43 57 98 90 28 32 77 98 33 24 68 2 51 82 42 63 88 91 57 20 87 95 6 12 69 79 42 77 38 37 88 57 83 65 28 13 3 99 48 83 33 76 98 18 81 20 61 36 82 8 85 90 21 14 68 93 36 44 68 67 18 5 45 90 54 79 21 83 79 87 12 59 43 4 47 50 29 59 54 4 93 84 5 74 32
2 33 29 54 37 90 58 26 6 10 66 75 9 31 42 25 56 19 8 45 88 28 80 17 33 41 17 4 8 16 76 66 4 88 58 29 45 62 7 3 86 80 9 96 92 98 5 57 25 91 17 82 62 74 92 59 16 86 11 58 82 72 80 28 56 72 2 83 48 9 79 28 14 55 13 7 65 36 79 24 46 43 34 27 0 88 89 13 97 69 85 79 6 75 71 92 77 10 38 41
10 82 77 81 80 22 31 80 66 45 92 28 6 22 67 80 10 14 38 55 96 89 96 26 83 7 86 22 78 65 5 31 94 38 96 28 12 72 77 29 51 53 59 60 53 78 92 83 73 27 34 67 86 85 77 66 62 83 92 28 5 19 28 18 9 51 7 29 22 28 65 98 49 79 70 70 44 50 97 65 89 58 98 70 60 84 87 73 92 23 77 46 99 75 72 65 71 45 59 73
75 13 68 75 28 20 97 53 27 90 44 12 63 37 91 61 6 74 80 58 12 58 82 38 86 93 21 4 95 50 12 37 86 33 96 28 97 71 34 71 34 2 63 60 4 66 60 95 17 6 3 12 57 52 47 21 89 38 78 54 16 87 90 72 35 88 10 67 28 56 61 87 14 10 61 14 54 11 3 70 24 13 14 86 96 58 85 25 68 65 92 42 25 76 66 10 16 7 56 35
2 0 26 37 79 48 69 91 45 27 67 62 49 63 33 92 91 94 84 62 82 19 14 67 39 64 62 3 4 13 17 16 83 14 59 16 82 81 1 91 77 97 59 61 95 27 9 22 84 42 26 39 79 69 69 78 92 90 85 76 50 4 7 77 17 8 10 95 18 46 47 87 22 10 97 49 43 85 17 5 4 76 42 78 7 61 66 80 48 64 77 15 3 68 69 25 52 33 10 63
50 18 87 50 50 48 70 96 92 42 80 79 5 16 84 75 55 98 17 66 50 75 1 80 51 16 18 3 89 46 55 92 58 3 32 85 88 16 39 81 13 80 17 90 27 2 25 75 14 44 95 74 79 24 43 31 94 47 94 93 50 95 23 27 16 56 86 7 96 77 49 40 33 35 10 19 77 94 79 77 69 55 11 68 47 85 44 95 34 30 45 62 83 37 8 3 95 22 40 30
71 32 75 35 38 87 4 32 44 4 59 63 5 33 14 43 20 82 54 49 1 15 41 19 75 74 80 83 86 6 84 90 76 10 89 57 9 93 25 53 31 43 42 46 56 6 20 59 49 2 15 24 93 74 4 4 11 21 76 29 50 60 49 84 97 87 53 42 80 27 28 68 19 99 76 55 59 32 66 95 45 26 65 48 46 56 65 2 36 92 9 87 99 7 70 42 18 38 39 20
14 61 70 45 46 41 98 35 47 32 82 31 67 87 68 99 32 77 53 80 62 14 4 6 92 77 76 22 25 0 68 89 17 57 2 90 23 42 87 73 62 40 0 54 39 51 73 91 73 30 0 49 84 69 64 79 62 79 8 25 40 72 84 9 67 97 94 15 68 32 40 57 91 87 79 93 91 30 90 87 91 18 73 51 30 55 50 4 67 90 54 42 68 35 40 26 72 25 79 46
65 76 65 49 33 1 54 67 25 10 96 27 75 23 37 73 35 78 2 83 69 76 19 21 84 95 23 17 50 26 23 41 48 73 12 90 85 44 21 77 11 11 71 94 75 81 37 85 38 65 66 31 28 30 10 62 28 56 92 64 39 21 25 46 14 85 18 29 56 58 30 2 96 69 47 94 24 4 5 0 4 2 64 17 36 42 57 36 41 15 49 51 28 92 37 66 60 90 83 76
5 54 20 40 52 45 93 67 81 7 97 65 72 98 75 35 60 90 46 28 17 80 28 84 12 30 6 65 36 54 71 77 5 8 70 56 39 58 16 22 1 75 48 70 28 78 51 89 26 59 89 5 81 18 21 38 79 10 52 95 38 35 29 24 31 96 72 68 97 41 98 96 28 47 59 88 4 92 50 12 12 81 12 13 92 25 11 33 13 86 58 42 13 12 43 77 73 50 39 53
64 26 45 38 18 26 3 40 98 58 1 5 79 3 71 92 77 22 49 25 26 21 96 4 99 33 7 18 75 33 30 78 16 52 73 19 82 17 60 74 25 25 89 3 21 82 90 24 78 72 41 34 18 27 70 88 79 94 25 34 99 47 1 53 35 94 10 67 55 87 77 89 85 60 69 67 39 98 29 97 38 30 69 84 59 46 88 39 73 38 35 15 12 61 85 20 98 27 27 24
89 49 47 63 67 66 99 99 44 0 70 3 99 10 33 84 91 44 60 87 42 87 58 84 99 69 95 51 95 5 94 35 79 80 26 20 68 19 5 82 81 69 34 55 35 83 20 16 68 37 16 23 29 86 71 51 4 65 46 84 72 70 64 53 98 46 56 19 39 32 68 48 83 14 23 30 4 93 97 62 5 37 55 99 16 89 10 89 91 53 15 79 95 83 72 75 78 74 34 62
63 43 33 63 42 91 82 41 29 10 26 50 68 29 13 54 8 49 90 42 33 71 14 99 43 86 69 3 93 32 89 37 47 34 48 51 14 37 88 27 98 92 12 26 76 67 65 63 47 58 57 46 25 53 91 16 24 80 80 27 88 41 91 76 51 65 26 29 45 47 70 74 99 88 69 52 32 97 39 13 45 86 62 89 24 2 63 40 15 38 81 34 18 10 90 45 28 39 29 74
18 61 44 59 68 50 10 23 85 9 67 3 43 68 60 85 10 97 61 81 32 33 4 42 20 0 69 55 6 94 85 13 33 82 80 19 71 88 70 22 11 7 56 66 0 98 32 80 77 25 16 26 20 99 70 64 7 9 31 2 76 14 21 41 5 17 90 42 9 32 47 86 14 8 79 24 0 61 39 79 43 33 55 46 66 15 46 87 88 81 3 28 23 72 22 61 91 48 48 89
45 34 70 3 69 68 6 63 89 80 94 96 93 10 28 29 47 8 21 82 13 45 79 8 68 88 27 46 42 23 23 39 59 82 89 40 68 28 39 26 33 97 60 39 38 90 67 33 90 91 15 44 40 71 67 64 46 25 32 37 78 69 50 53 26 50 1 81 9 88 92 46 6 74 75 9 5 82 56 72 70 17 7 44 34 64 83 3 97 98 29 52 87 40 16 71 20 70 83 6
3 6 83 95 99 15 4 26 51 25 40 19 19 67 93 18 82 69 52 77 97 16 71 29 53 82 77 31 45 21 70 85 1 23 55 53 56 23 8 88 2 70 46 37 76 51 67 76 41 6 48 72 97 45 57 93 9 25 96 13 89 54 40 2 58 8 24 15 32 76 49 44 12 81 39 38 44 47 23 36 8 38 47 23 3 98 41 45 7 0 11 6 98 36 37 99 10 35 49 14
81 25 11 3 58 66 2 62 92 55 89 83 10 50 15 47 70 48 74 80 23 82 22 2 86 24 10 49 82 79 29 69 65 25 51 54 49 35 32 86 62 84 80 54 29 63 14 10 25 69 61 24 84 59 8 19 63 53 88 55 23 41 24 63 90 83 70 26 64 74 74 52 16 53 82 46 44 71 37 11 16 96 51 2 15 19 65 39 85 62 63 70 60 97 0 40 63 39 16 66
20 56 66 24 2 33 54 55 1 98 67 97 85 22 48 31 17 74 72 80 36 40 18 43 81 69 1 34 83 62 8 38 53 65 26 73 42 96 60 30 8 90 60 99 62 2 47 32 68 97 83 90 35 92 64 95 43 27 46 15 46 82 83 53 39 56 47 79 54 5 24 59 52 22 51 98 95 1 96 70 50 92 37 64 57 38 9 12 2 10 50 68 84 38 73 25 27 29 25 64
89 18 14 81 49 33 96 6 89 54 83 25 95 84 1 91 95 32 53 68 74 74 68 90 23 57 1 45 4 41 15 50 0 21 41 19 9 91 20 85 86 54 51 77 69 42 38 18 34 8 5 73 12 69 70 16 67 54 10 88 87 30 7 35 31 88 95 37 32 76 8 83 58 70 27 27 65 12 90 51 59 50 25 43 19 35 34 70 14 61 6 39 28 70 27 6 37 62 0 29
30 93 12 94 33 82 93 31 32 92 99 65 79 88 92 1 75 24 67 40 84 74 39 45 61 55 66 69 22 65 92 24 65 7 83 47 42 50 65 74 28 23 43 56 85 16 2 93 95 52 55 76 84 36 98 96 61 1 32 98 9 26 25 25 28 1 33 22 88 99 11 52 93 3 3 3 28 42 78 40 16 71 29 18 92 32 37 29 33 74 27 29 27 47 5 64 25 70 14 81
51 33 84 96 49 30 53 69 22 55 19 9 96 67 67 44 66 23 24 51 25 49 49 53 33 78 41 89 2 24 30 36 4 77 85 7 31 75 74 12 75 19 66 7 53 84 8 46 83 90 14 97 68 86 22 59 48 30 29 74 88 27 72 35 63 42 48 23 31 65 94 37 41 98 96 7 20 73 7 30 94 16 50 9 38 37 45 82 29 4 55 52 65 60 72 73 63 8 57 11
81 9 54 57 98 99 38 91 25 65 97 42 12 86 88 33 45 76 73 89 54 55 29 74 59 4 91 33 50 46 76 83 47 33 97 91 57 41 19 27 1 70 92 16 25 14 45 53 44 51 15 83 46 66 37 95 68 53 26 45 8 50 17 34 59 54 82 86 86 52 29 60 18 99 6 50 25 93 71 44 78 67 67 35 7 65 21 85 98 48 43 75 5 7 21 9 63 66 28 52
66 90 17 40 37 14 97 7 75 74 54 46 38 90 59 41 92 53 90 58 36 41 37 39 67 83 77 97 93 63 72 41 69 87 7 64 96 3 43 39 87 67 38 72 52 75 37 3 93 59 44 37 46 79 15 39 74 37 50 41 73 76 66 31 64 21 41 49 14 74 32 38 39 66 78 33 0 23 60 36 61 33 36 35 87 15 6 26 85 63 50 84 47 45 88 55 45 9 50 34
25 84 90 11 6 2 11 93 47 59 35 96 46 41 47 67 58 43 91 86 82 48 15 30 22 7 83 35 83 31 42 93 36 83 22 79 25 22 56 46 16 39 62 41 62 10 93 83 67 64 66 56 47 71 27 38 53 18 28 58 9 70 26 90 6 90 84 3 71 85 37 20 66 77 16 10 80 76 57 28 28 66 24 59 58 7 42 38 36 90 21 67 13 89 48 47 56 91 82 33
79 95 35 4 12 1 48 30 46 74 47 25 76 38 62 67 11 74 57 69 39 63 97 79 79 21 68 42 0 63 90 86 70 46 62 5 62 36 13 45 17 42 68 86 17 6 20 91 69 89 98 46 49 95 68 32 34 92 44 31 1 20 99 44 16 6 56 21 79 1 19 76 34 56 37 48 95 93 31 89 34 68 26 51 53 78 87 51 29 66 57 94 56 91 85 76 24 12 13 46
71 48 13 1 10 85 9 29 84 6 13 8 45 29 78 51 33 83 40 40 43 16 49 8 0 15 9 95 45 2 28 3 3 10 72 60 47 79 31 13 14 47 74 42 0 40 29 34 97 27 57 9 11 18 94 45 40 65 33 28 12 63 76 88 36 83 41 87 78 71 29 63 9 48 45 26 6 77 77 77 25 63 56 7 80 71 92 91 14 98 72 17 97 8 6 56 91 33 77 69
33 13 4 53 62 34 41 42 49 17 56 39 49 99 6 0 86 46 83 94 66 27 62 46 1 79 70 23 35 21 33 21 31 36 72 25 26 8 42 62 94 49 73 71 53 39 18 60 60 53 95 40 62 21 55 88 58 76 71 90 99 62 56 0 95 28 14 78 36 59 5 6 5 17 67 64 97 55 58 83 54 36 8 44 18 27 44 84 75 1 33 99 11 3 16 32 96 46 57 75
50 3 93 32 96 82 0 9 70 70 88 38 99 97 48 74 53 20 7 38 91 44 7 14 64 28 60 67 18 45 82 78 24 43 41 50 1 9 66 90 63 86 33 30 80 36 8 1 81 75 75 47 61 78 91 19 0 88 87 66 50 42 54 8 3 52 30 56 76 85 31 99 75 17 68 98 42 29 87 67 9 67 36 50 67 88 80 50 28 56 51 0 0 93 73 28 40 87 5 98
14 58 88 79 33 64 33 31 19 16 60 83 73 94 49 99 56 22 41 46 58 7 90 88 42 2 63 54 43 23 3 61 2 96 52 86 47 1 74 16 90 25 73 53 96 24 93 66 95 69 14 29 68 19 75 48 77 57 68 87 45 16 12 81 86 83 67 82 84 96 10 0 53 16 55 19 67 72 38 60 60 61 31 5 89 9 93 84 28 85 93 77 95 88 58 83 73 30 44 50
69 52 20 91 33 54 68 32 51 94 42 87 45 96 72 95 23 84 42 87 54 36 48 4 81 39 12 42 55 11 23 37 13 76 56 73 9 2 73 52 22 16 70 15 99 93 33 86 75 22 68 68 94 91 39 87 74 79 21 72 51 35 59 15 59 66 90 49 71 42 19 67 14 78 44 80 82 69 32 10 24 76 7 16 31 94 67 21 97 96 71 39 85 27 34 77 64 37 71 14
94 19 67 44 10 8 9 11 56 39 26 48 2 3 69 78 85 11 62 34 18 36 68 95 83 46 96 48 96 56 20 44 47 15 28 95 48 24 34 78 90 42 66 57 19 22 41 67 31 13 35 75 75 16 47 46 92 26 17 31 60 10 45 18 20 42 36 80 49 53 29 68 99 95 70 23 90 90 11 88 36 81 63 18 14 63 8 35 33 37 84 65 49 3 78 61 76 62 37 24
77 83 97 84 1 68 19 41 5 10 20 2 30 45 91 3 63 69 71 59 71 73 7 26 24 68 40 13 33 32 8 67 22 35 97 73 7 86 87 17 17 57 43 2 96 35 65 88 24 82 61 1 12 72 57 32 7 14 35 22 68 79 2 36 5 61 48 73 25 56 85 95 54 37 91 22 85 69 87 42 97 16 20 99 27 48 31 92 14 88 60 65 43 88 13 42 13 70 46 91
1 18 38 14 56 64 34 65 59 58 92 47 18 85 35 27 1 62 32 68 2 72 49 88 61 29 73 97 52 72 11 99 76 23 85 81 40 67 60 64 58 39 60 36 35 67 1 12 2 5 90 65 48 98 36 78 47 98 65 71 32 58 59 64 71 34 1 79 91 17 45 61 92 37 42 54 98 87 3 72 83 16 89 49 44 90 44 59 47 91 70 52 75 92 95 93 99 50 49 92
71 82 63 12 52 42 16 37 81 30 24 76 1 21 36 88 31 33 2 3 62 96 36 54 44 38 40 14 2 62 51 62 57 11 9 19 60 20 69 27 27 77 83 33 69 95 46 14 43 64 83 82 0 15 66 32 2 10 72 71 4 29 90 61 10 34 50 90 30 47 3 6 15 66 86 2 24 53 51 18 87 88 70 33 52 12 40 31 95 41 99 49 5 75 34 0 59 94 9 15
