100 100
20 25 13 72 62 46 30 63 93 42 49 61 27 51 8 95 28 90 76 91 68 50 12 81 25 67 59 64 41 76 71 84 67 94 70 64 88 13 29 46 58 47 88 84 44 57 93 49 46 7 22 93 83 65 64 72 73 93 88 96 99 58 82 21 59 96 57 19 12 8 30 65 2 22 60 35 6 34 84 19 60 7 32 92 81 72 7 39 40 70 17 27 45 18 18 30 16 16 61 70
90 39 85 80 55 0 77 68 38 9 32 67 97 12 67 94 23 13 47 7 61 61 5 9 79 27 37 37 38 44 40 98 28 68 66 59 98 44 73 98 85 70 68 73 44 92 10 90 47 34 37 89 61 79 86 19 10 43 13 90 66 12 30 67 39 68 25 89 43 40 13 91 89 81 75 0 20 4 81 5 45 58 50 10 35 86 90 66 40 46 8 43 77 49 75 83 49 14 79 21
24 9 30 82 92 24 72 90 90 70 86 74 79 88 72 60 62 21 96 19 79 89 76 58 1 67 81 80 9 90 16 25 24 47 91 11 58 69 32 85 85 69 79 32 3 26 24 62 40 54 4 59 86 79 93 38 62 67 0 27 45 29 27 82 20 89 78 97 27 61 19 67 60 57 58 40 27 23 12 81 46 58 33 61 25 82 7 88 42 71 31 65 22 69 72 93 59 99 6 18
91 45 57 28 75 13 82 34 99 53 93 42 19 13 50 90 63 54 13 88 77 83 55 65 43 45 56 23 53 82 53 36 91 0 19 66 96 10 17 90 8 11 73 85 74 36 13 36 77 93 62 5 69 69 87 11 69 93 41 54 1 24 29 32 48 14 37 0 21 9 0 31 19 37 30 38 35 25 52 66 91 21 83 24 32 65 60 15 58 94 82 83 42 58 55 76 10 70 50 19
44 81 33 38 29 65 57 15 95 42 61 98 47 88 37 3 53 13 26 45 43 27 79 26 20 51 83 14 30 66 61 45 23 52 4 5 53 94 35 46 1 15 31 10 85 1 95 54 89 16 93 86 19 62 69 62 89 20 28 85 67 58 34 32 90 72 26 8 23 91 32 23 68 58 91 64 62 82 39 50 80 21 72 29 67 67 28 90 32 68 27 62 9 27 3 81 79 12 8 3
28 9 17 75 10 30 87 60 88 42 93 56 93 27 68 75 97 45 8 21 7 52 35 19 28 69 17 86 80 85 46 46 68 40 14 73 99 8 81 16 89 93 70 89 85 22 75 72 19 95 95 90 27 69 27 18 54 14 0 2 17 89 45 41 36 87 67 49 57 89 73 70 98 71 54 91 99 32 15 75 36 97 93 90 47 74 41 30 73 71 46 40 54 80 56 13 25 63 40 49
61 17 54 9 64 94 1 45 75 15 88 27 63 27 30 39 98 14 37 70 59 90 28 85 21 64 49 5 60 12 38 10 77 36 76 20 95 44 64 99 98 59 56 74 76 87 98 65 25 96 87 67 19 56 45 38 72 21 3 97 57 61 51 55 25 63 55 71 19 68 51 26 60 20 46 95 76 71 4 20 68 75 81 54 74 11 81 89 59 50 26 56 3 93 26 22 63 94 93 12
72 8 97 4 50 82 83 63 87 50 59 16 53 68 70 81 54 88 99 7 40 37 99 8 64 43 65 15 92 29 28 5 13 58 69 24 77 33 44 30 75 79 86 91 20 94 24 60 30 86 51 62 8 52 41 33 16 24 44 74 0 20 11 77 61 43 93 19 6 80 38 35 92 41 51 90 65 38 20 26 60 57 25 64 42 70 3 89 6 73 60 82 15 54 98 96 58 23 6 22
26 76 14 41 48 99 24 85 21 36 55 32 69 26 3 38 89 13 87 57 28 30 1 84 93 51 83 77 59 23 35 47 42 83 90 90 0 90 63 10 46 99 81 63 45 33 55 15 67 27 91 14 35 30 47 39 29 92 43 9 46 89 97 95 90 51 6 94 79 29 20 19 55 40 65 75 70 99 54 49 91 71 72 30 69 28 83 97 92 68 10 9 62 66 30 86 82 29 12 37
29 50 79 82 60 47 83 63 69 20 14 64 33 40 42 92 20 53 54 99 84 60 77 98 80 5 39 13 68 96 64 17 80 68 11 90 49 71 23 52 82 82 55 20 97 10 89 44 6 74 28 98 24 39 14 6 86 89 83 29 30 18 62 99 39 57 58 97 78 34 28 10 72 7 95 10 23 10 13 70 80 3 99 13 64 93 26 2 99 92 68 46 0 34 2 4 13 72 44 82
0 78 55 93 45 15 63 77 17 16 0 80 64 17 4 4 17 79 20 44 2 57 80 71 97 61 58 15 55 77 7 34 6 18 63 6 4 22 39 55 5 70 13 39 5 9 71 69 23 97 9 57 11 1 36 62 98 29 87 14 26 8 58 69 4 42 23 96 23 53 22 46 12 27 12 12 57 56 90 75 32 98 32 39 59 42 62 9 27 38 58 41 99 61 63 64 13 18 58 70
51 86 15 4 66 28 91 34 90 25 8 0 11 2 10 90 14 60 93 39 72 39 13 77 73 2 56 20 86 34 1 30 33 19 43 61 25 89 54 10 18 89 51 14 87 59 13 59 14 71 4 48 28 46 39 57 19 2 68 50 60 66 86 45 65 64 93 69 36 28 3 37 60 82 73 80 0 16 64 28 32 34 61 59 61 67 82 0 50 98 90 95 25 63 56 37 68 61 79 66
9 5 57 46 21 68 20 72 92 27 61 16 62 82 96 2 0 59 72 69 13 81 53 55 27 63 2 0 90 22 29 73 21 99 97 81 0 41 35 33 14 76 28 1 35 74 15 18 56 15 81 61 15 5 37 57 85 33 24 39 30 98 4 13 51 94 32 91 19 50 71 47 67 26 88 80 59 76 18 95 61 72 2 10 60 26 8 41 42 29 18 33 92 74 36 52 26 10 92 55
83 46 45 36 57 2 64 42 76 69 58 22 34 40 58 25 24 58 73 70 40 93 89 34 56 81 93 71 6 39 47 26 61 55 1 92 81 88 0 75 57 72 17 71 75 64 28 46 47 64 67 74 10 58 84 73 86 43 68 58 85 22 50 5 95 78 14 19 39 54 14 91 11 3 5 0 81 3 4 34 54 64 58 3 4 95 60 8 48 40 97 28 22 41 5 37 29 13 6 15
70 9 70 84 26 56 90 90 84 43 76 75 98 72 83 26 37 70 64 85 66 6 95 65 91 41 60 35 68 6 94 68 9 78 80 2 31 6 52 97 23 24 29 20 32 57 6 34 61 40 51 31 96 40 24 92 66 75 24 24 61 22 62 83 74 1 25 54 85 38 58 35 32 3 83 37 1 30 5 81 64 63 15 70 29 54 81 66 21 74 12 16 5 44 54 32 78 63 4 38
91 6 65 83 56 34 41 3 64 53 73 50 90 39 58 64 13 34 15 96 59 42 13 4 81 98 98 27 60 45 13 96 31 5 46 14 95 78 72 9 37 78 59 35 90 71 67 75 8 39 65 84 67 77 79 84 8 0 55 23 49 98 39 85 36 85 47 55 69 32 20 96 64 4 25 56 93 59 37 60 59 14 25 0 95 18 50 7 27 30 81 41 49 46 90 90 66 71 60 64
9 92 30 14 10 65 26 98 4 11 97 86 98 33 35 69 61 12 92 46 7 31 34 20 47 16 36 45 30 29 26 39 76 32 4 7 80 45 24 73 26 82 82 69 69 68 96 94 78 14 65 91 79 32 88 90 50 84 94 90 22 34 65 52 98 15 86 22 69 6 17 4 9 40 11 41 82 78 9 2 8 0 18 79 90 96 80 72 44 55 16 45 84 83 26 97 41 22 61 44
23 55 1 43 24 54 5 40 83 30 40 5 43 23 9 34 88 97 86 8 81 66 24 21 95 24 66 80 0 14 91 54 43 29 53 5 56 8 20 27 62 38 12 1 8 72 42 40 27 11 11 2 89 9 51 39 85 6 50 22 12 12 68 16 96 4 38 32 32 40 11 24 74 33 16 92 89 77 42 42 1 49 13 5 4 84 19 89 71 63 82 89 1 7 95 84 65 34 45 80
65 7 18 84 89 54 55 23 88 24 41 64 0 98 51 8 36 77 40 9 22 18 54 50 42 92 91 38 19 10 43 33 31 75 79 77 73 66 6 57 4 0 4 55 94 98 53 70 48 61 35 82 50 13 26 59 55 18 24 42 4 46 68 38 60 31 63 10 84 99 12 65 31 68 63 66 35 40 12 68 71 23 89 71 17 61 27 59 20 80 63 30 64 91 29 69 67 23 37 65
2 21 96 46 95 58 95 43 95 91 12 72 37 13 21 68 80 30 84 15 20 25 60 17 87 63 43 17 92 24 50 64 74 25 0 70 0 89 7 50 21 38 69 43 42 25 88 76 50 45 72 71 3 81 58 29 73 15 93 98 79 22 44 63 97 51 52 48 15 14 58 16 17 66 4 62 24 94 4 8 82 18 94 28 80 19 18 64 32 15 14 94 70 33 94 66 15 24 55 27
70 93 99 7 49 56 40 79 85 27 92 17 89 5 79 57 37 34 76 80 97 59 95 13 28 42 66 64 42 22 0 4 92 84 47 22 82 6 21 83 13 52 59 49 80 83 18 21 77 53 25 1 75 11 23 80 86 65 6 4 21 73 9 77 55 65 71 19 32 82 61 11 54 96 94 24 20 55 6 40 90 70 17 51 15 59 33 46 21 39 52 78 92 66 0 8 58 84 16 55
52 91 14 64 89 85 93 34 25 83 28 68 38 99 96 16 99 1 95 29 49 37 71 36 96 96 74 17 33 20 40 64 36 78 69 66 48 73 7 76 69 38 56 99 78 63 56 26 67 60 23 73 47 6 18 33 2 32 31 6 73 88 89 52 55 51 73 30 46 90 19 3 28 85 80 0 1 97 16 69 59 18 8 40 6 30 27 90 56 8 13 97 82 54 84 18 9 30 77 67
40 24 40 1 38 82 57 68 97 83 29 18 83 75 78 16 97 23 19 86 58 41 63 6 58 81 43 3 15 19 3 2 17 18 37 95 87 15 92 9 48 8 14 96 13 40 78 57 75 41 41 73 62 74 22 32 98 0 21 58 8 7 50 33 3 99 78 75 27 49 38 46 45 49 6 61 6 36 84 45 97 18 29 18 2 42 38 77 21 8 83 47 79 87 3 0 99 27 12 51
12 12 24 49 27 74 43 12 49 40 32 77 73 38 91 69 44 63 9 95 31 82 90 65 26 10 88 87 42 77 60 31 64 94 8 93 53 83 67 24 27 44 79 81 35 14 23 42 62 59 47 54 85 32 23 83 44 54 42 48 85 35 49 22 58 83 54 38 86 61 59 11 15 38 89 50 39 12 41 43 35 95 69 32 9 65 23 27 24 27 3 55 17 27 55 60 36 14 35 38
15 63 88 6 5 26 34 4 87 84 48 3 79 48 10 37 16 84 62 66 89 85 40 75 89 73 77 65 47 53 58 66 96 20 98 75 44 56 38 82 70 32 18 48 92 99 64 53 69 8 31 43 54 85 94 70 77 57 41 14 11 1 22 79 15 76 9 45 4 87 26 50 49 3 7 85 36 51 51 1 52 17 62 14 0 58 47 21 72 38 20 49 3 21 88 92 83 38 53 71
82 71 15 40 43 95 94 22 31 67 2 43 82 22 73 26 90 5 26 77 83 68 85 6 72 97 87 89 52 70 22 15 14 64 18 15 62 3 36 9 86 45 79 93 30 61 29 10 96 22 17 35 78 47 81 62 75 11 46 52 55 89 56 59 22 64 82 53 46 80 62 98 48 4 12 65 83 18 43 6 58 51 13 35 39 4 20 20 43 48 41 18 74 9 42 36 83 74 41 62
42 26 80 41 79 1 64 38 16 72 87 6 64 48 87 85 54 90 15 8 68 26 70 60 29 89 51 92 25 82 5 17 3 4 16 0 54 80 25 57 99 62 41 30 60 88 88 17 19 13 22 9 16 53 64 94 99 25 88 71 44 76 66 21 7 76 73 92 91 31 19 43 29 88 59 23 80 83 60 55 82 82 14 14 68 2 6 11 59 49 75 22 51 81 32 96 8 70 23 52
99 88 51 42 78 28 58 73 4 33 89 20 96 91 88 99 81 21 87 30 49 71 60 34 41 17 86 93 6 70 14 23 54 44 71 95 77 83 43 61 41 0 76 52 7 16 79 30 75 59 85 84 66 28 39 97 88 87 69 29 46 26 9 77 1 94 59 28 15 51 46 32 34 7 32 62 68 42 17 92 51 23 65 24 78 74 19 88 62 87 92 52 44 97 48 48 80 1 46 73
74 18 94 93 93 57 97 7 65 17 98 37 26 56 8 48 67 85 98 74 79 43 64 28 28 13 33 3 75 91 51 11 80 81 3 34 53 90 90 88 89 27 85 70 95 44 62 62 95 91 65 54 64 73 55 51 17 66 43 33 92 65 45 42 80 94 97 76 57 46 79 79 10 97 29 45 26 43 19 60 97 36 37 13 51 69 78 84 14 22 67 65 59 49 43 79 49 36 49 41
59 73 74 72 96 19 24 99 63 37 20 26 96 58 11 10 0 12 99 21 32 62 68 6 51 55 20 63 18 7 49 50 60 45 54 58 43 4 76 0 75 16 82 72 46 0 47 85 42 7 68 72 42 45 70 8 44 76 45 12 30 52 1 46 64 13 8 21 37 56 3 30 13 78 47 89 94 43 68 95 49 44 82 78 42 97 69 56 87 0 54 89 13 1 36 41 60 76 7 69
40 78 64 84 99 65 64 33 78 60 99 73 29 82 64 49 58 26 71 89 4 60 34 93 91 42 58 85 29 82 6 78 98 94 2 2 42 14 88 27 41 4 16 13 44 64 74 24 68 63 52 36 21 92 41 78 10 17 10 67 77 52 55 72 80 3 21 20 73 37 9 93 68 12 29 78 58 49 44 62 45 21 45 83 18 33 37 1 91 43 71 33 91 25 55 23 33 58 89 48
12 23 5 13 61 38 87 35 1 77 34 50 33 89 56 67 0 37 59 86 9 54 68 37 20 35 23 71 73 62 56 75 53 76 18 4 24 16 10 16 69 50 18 47 46 43 92 85 5 16 5 22 2 74 26 11 86 10 90 80 91 0 6 95 79 61 57 29 79 35 42 2 43 49 91 41 87 89 34 41 21 11 53 77 91 13 31 60 14 89 23 10 91 88 33 62 2 89 26 25
15 55 35 30 30 65 2 38 97 22 13 10 47 78 96 48 43 86 24 88 86 81 71 17 46 48 38 68 23 19 76 63 44 32 49 31 35 62 16 77 33 20 31 25 60 12 10 23 45 58 21 42 29 29 34 81 89 15 54 46 22 89 82 25 3 83 90 86 56 65 96 63 55 53 91 0 20 85 47 81 8 16 53 84 18 15 63 52 19 59 97 96 72 73 46 14 62 64 59 14
4 68 9 36 60 29 62 64 98 13 41 8 97 63 38 91 10 78 79 27 41 38 36 43 77 55 24 84 70 81 36 78 46 69 64 52 21 51 66 28 23 53 58 38 87 41 71 73 99 69 16 51 17 75 97 10 34 41 81 96 20 20 87 23 75 37 68 1 68 13 88 80 57 15 53 30 39 71 43 22 1 18 0 42 63 60 86 26 23 82 62 99 42 9 89 33 6 91 11 39
76 6 16 95 0 7 66 51 5 30 82 86 60 38 38 38 50 75 35 50 20 33 3 39 19 95 90 15 94 16 74 57 97 67 98 82 16 1 33 6 57 41 28 60 78 45 42 76 45 47 82 27 37 33 51 87 25 58 90 11 79 97 63 63 2 33 34 41 78 26 27 73 41 97 16 16 76 7 76 91 67 26 67 66 80 6 21 96 98 41 43 31 57 80 66 99 55 40 83 64
50 86 23 75 57 6 2 41 72 20 27 40 75 82 53 42 45 95 71 84 25 7 92 11 72 58 40 75 13 28 5 41 85 2 89 78 61 57 3 17 93 3 97 53 78 39 84 23 25 14 7 40 63 24 20 2 39 84 19 34 46 86 19 10 52 76 0 0 95 23 66 15 3 24 32 6 69 17 52 29 51 30 7 55 80 71 34 74 86 3 42 38 85 17 88 14 85 89 76 67
42 74 58 14 60 48 60 27 87 20 98 3 55 66 77 75 18 74 68 54 23 17 22 83 98 21 38 98 63 15 50 71 5 28 88 52 1 11 69 12 1 27 37 19 61 31 24 89 89 58 17 83 40 70 20 32 82 14 88 22 5 62 59 70 8 18 51 97 48 15 99 84 20 26 9 8 92 76 66 31 89 38 90 5 25 57 60 83 91 69 14 1 1 42 53 7 27 90 89 43
41 57 64 62 28 61 50 13 16 72 49 10 39 21 89 70 6 62 58 54 82 72 38 74 60 63 42 50 47 18 92 33 90 75 99 66 48 13 93 64 3 15 8 72 53 38 19 74 26 19 85 95 87 22 37 91 86 44 55 64 35 59 11 4 66 21 31 36 20 99 93 85 18 60 43 76 31 9 15 15 31 98 49 27 11 36 79 32 83 59 34 4 50 13 5 62 0 60 75 88
20 97 74 21 31 68 16 1 70 17 99 80 97 14 2 2 56 92 90 43 73 4 48 34 65 27 5 77 20 92 55 85 88 1 8 90 57 93 86 80 12 24 61 54 68 67 76 96 65 94 33 9 55 92 32 69 30 7 9 6 5 4 50 40 91 97 7 62 21 83 56 55 6 97 62 51 29 99 40 15 3 60 29 37 75 64 51 47 43 73 1 37 71 42 65 40 10 64 54 63
43 10 52 58 1 72 68 78 1 82 86 37 43 35 86 78 30 36 93 21 58 21 93 67 72 8 31 94 48 98 49 2 53 27 27 18 64 31 5 18 60 29 35 74 99 32 63 62 94 67 82 78 14 23 92 92 41 84 18 12 64 70 85 24 29 44 86 90 17 15 36 39 79 31 72 57 70 98 61 70 66 48 18 82 86 46 95 34 38 83 91 2 37 98 46 90 62 38 40 16
11 55 70 28 3 15 6 53 10 95 29 18 50 19 43 47 68 98 8 86 38 20 72 97 49 47 30 79 42 76 83 2 8 27 94 51 39 33 50 99 30 26 3 80 51 17 29 24 75 98 84 84 35 10 44 3 96 61 3 16 74 78 95 27 7 42 22 38 77 72 34 64 20 65 69 20 6 37 94 25 72 71 97 5 77 96 66 76 21 13 67 25 13 89 67 72 79 45 84 93
36 88 35 41 93 23 49 68 30 27 42 66 27 69 31 86 20 91 24 24 79 76 67 10 29 87 59 78 34 55 26 26 31 73 40 56 63 40 13 2 98 4 30 35 93 16 2 77 14 57 0 25 15 35 7 55 99 17 70 28 17 21 40 16 70 33 23 6 40 99 14 67 38 99 54 85 9 81 95 5 4 1 66 85 84 3 6 51 13 36 46 52 20 3 24 90 73 5 62 22
52 60 53 17 65 21 65 54 31 67 39 77 71 98 10 8 77 81 67 55 18 3 6 58 26 80 59 39 16 91 65 58 95 31 63 79 24 52 11 11 85 40 95 1 79 41 78 0 85 30 81 63 81 78 94 90 72 86 17 50 2 19 34 1 4 53 23 44 72 62 2 20 45 65 75 30 66 16 47 90 87 74 49 15 74 51 54 7 47 66 89 62 52 30 47 11 51 13 93 83
78 54 96 37 39 86 89 38 45 95 23 82 56 26 31 23 90 3 39 92 2 59 41 55 31 87 66 82 70 89 76 88 44 27 19 30 79 14 7 13 40 66 59 33 95 41 22 24 83 77 33 83 95 3 97 57 85 11 71 29 99 8 8 37 64 72 1 20 10 51 57 83 40 78 0 46 0 91 48 61 27 92 3 27 55 75 43 82 17 48 18 3 62 38 65 86 90 91 42 51
94 34 39 60 85 14 61 3 43 70 95 81 7 65 80 62 77 42 56 84 80 45 26 27 56 3 2 81 44 32 4 82 13 7 73 11 68 91 15 10 80 16 54 68 32 69 60 26 36 47 63 44 92 69 81 60 83 18 15 6 33 63 23 12 95 15 61 61 72 85 21 72 93 64 98 92 75 15 31 86 29 16 17 82 89 41 74 81 91 60 30 41 9 63 53 15 72 24 86 7
25 77 65 99 44 27 81 92 33 53 25 94 41 92 8 87 87 95 55 6 53 51 9 56 37 36 23 17 56 68 26 71 81 25 35 22 61 90 61 75 17 4 97 70 39 94 89 81 80 66 23 24 58 74 93 29 3 57 39 84 46 19 99 69 30 69 14 51 52 46 50 48 67 14 25 8 84 94 35 99 60 1 27 57 39 13 59 81 36 39 85 44 54 80 30 9 28 46 3 45
37 37 88 66 88 33 41 5 77 33 20 2 62 93 6 52 19 18 12 49 57 23 77 30 59 10 45 13 52 47 69 16 9 39 45 16 15 22 80 22 23 49 25 9 30 44 47 92 82 92 90 71 61 95 15 48 89 66 88 63 90 84 13 51 20 62 40 18 99 81 60 60 23 34 69 59 15 53 63 30 75 5 7 2 12 32 82 73 24 73 66 75 38 90 65 63 90 73 96 50
25 5 81 70 91 21 63 93 96 23 9 58 25 36 12 60 72 67 56 65 22 22 14 92 39 48 11 66 42 53 10 6 44 61 57 84 95 89 91 64 20 96 12 89 93 35 76 84 50 80 50 15 77 89 91 12 39 29 34 78 66 67 55 72 44 98 66 70 23 97 16 74 74 22 29 73 42 11 5 32 79 17 75 14 96 79 98 29 66 77 86 40 99 72 3 29 29 70 27 13
76 41 10 29 82 35 33 34 36 49 73 92 19 33 32 44 1 1 17 10 42 0 89 72 38 42 73 84 42 98 3 24 83 38 10 29 21 71 20 30 64 49 91 25 78 57 29 1 63 57 84 86 10 94 47 45 76 17 11 18 96 43 28 68 44 33 98 70 65 3 45 45 87 86 86 28 66 85 17 35 54 68 80 81 96 96 1 83 59 82 80 67 43 17 62 24 95 32 9 87
60 98 75 98 11 5 17 29 72 1 55 22 21 15 49 55 87 53 97 84 77 68 94 29 58 8 64 62 99 61 57 8 13 8 80 82 83 31 12 0 61 11 4 56 99 14 41 73 41 24 78 77 67 80 62 86 55 36 97 55 67 47 95 40 14 78 39 27 16 9 29 96 5 21 39 68 32 7 81 10 17 99 14 89 54 45 61 59 22 36 58 3 92 30 92 76 83 83 70 85
37 70 42 26 28 18 88 70 32 85 59 67 35 53 41 53 8 94 39 89 91 57 25 97 24 88 42 36 33 90 93 48 56 18 53 38 86 97 0 23 56 33 55 17 53 15 32 27 32 58 38 37 19 96 37 95 52 4 91 18 71 42 13 80 70 46 31 39 68 97 31 35 10 1 73 83 82 71 1 47 70 0 44 15 5 54 0 29 31 44 97 90 17 69 29 82 80 73 72 32
20 72 64 73 78 96 16 28 9 81 13 2 42 62 59 35 30 10 6 40 15 63 5 95 43 28 64 80 40 8 84 85 96 81 44 13 77 7 75 82 61 36 42 32 7 45 2 94 16 31 94 31 26 44 58 85 51 58 28 37 34 44 4 22 35 6 45 5 35 49 50 89 86 23 31 57 44 9 34 70 19 0 23 48 50 50 24 86 59 72 1 91 66 66 28 34 60 94 63 69
95 31 92 73 56 31 96 23 67 1 6 54 37 71 75 88 46 12 52 75 28 64 40 15 92 94 80 24 7 26 23 13 45 54 71 44 5 68 44 81 58 3 32 3 55 48 84 31 92 31 55 94 3 45 14 11 59 44 93 74 74 6 29 75 70 30 66 10 80 15 20 82 25 15 94 18 3 92 86 94 51 17 12 85 81 8 61 14 85 22 24 30 95 81 20 98 34 30 89 34
29 96 78 8 91 51 58 46 46 46 97 14 64 43 1 46 10 8 74 37 50 34 90 22 46 83 66 14 82 51 25 99 5 78 77 18 4 67 32 11 99 97 19 53 62 29 55 19 7 79 9 30 26 24 28 5 64 96 80 73 69 13 98 7 97 93 3 23 68 15 31 65 62 49 62 31 11 50 40 98 99 66 18 67 17 45 87 22 5 47 57 81 13 78 68 0 91 91 13 90
8 18 87 66 88 31 99 82 78 69 63 61 99 88 8 61 40 41 33 98 13 24 45 69 77 0 46 11 47 8 9 63 54 71 63 82 67 27 45 35 22 95 1 36 94 24 24 1 15 64 91 52 28 20 26 89 71 89 40 31 13 65 33 14 49 68 10 20 41 30 57 19 12 64 58 79 71 23 59 12 92 13 5 41 6 99 37 31 81 10 20 9 50 98 87 20 88 54 36 77
43 21 62 97 65 52 44 85 57 38 87 47 0 0 24 23 72 86 10 70 25 5 12 71 91 98 82 61 75 4 9 22 61 77 10 19 16 1 81 24 90 95 22 95 16 36 15 51 97 89 33 28 27 34 18 70 29 91 6 47 10 18 79 94 24 96 53 8 8 82 35 2 14 68 2 22 65 45 99 85 98 37 43 78 28 49 56 60 16 32 23 65 98 57 30 36 17 55 42 62
10 77 70 40 99 0 97 32 41 9 14 36 62 50 42 53 8 87 30 84 99 31 91 58 87 86 51 42 18 90 62 88 54 85 30 90 85 31 40 57 58 22 1 29 1 31 34 95 46 93 24 7 77 2 13 22 22 56 36 42 65 98 77 55 9 56 41 62 50 66 93 64 19 91 15 97 23 80 89 25 95 63 18 56 84 35 2 34 40 2 12 98 40 72 14 81 64 50 46 93
9 55 24 98 18 39 65 93 38 42 38 31 88 16 32 92 93 95 83 97 72 75 83 40 84 48 60 34 51 19 60 21 28 9 17 45 58 54 71 31 79 68 85 94 66 88 92 12 53 46 9 22 79 88 8 12 36 92 94 66 85 14 46 3 75 33 9 13 1 45 54 58 57 15 45 27 33 54 27 65 39 99 14 23 19 94 99 55 96 1 36 68 29 19 28 46 83 86 45 52
42 37 47 35 33 53 11 46 33 72 85 4 43 86 76 44 24 92 45 8 15 36 26 54 84 9 12 64 50 71 63 88 5 80 34 59 22 18 47 62 57 54 75 54 73 57 19 7 14 47 62 38 2 70 26 64 12 33 53 68 55 45 2 86 67 93 8 5 19 72 96 2 70 63 38 11 91 7 33 93 34 46 67 89 73 78 47 96 70 20 25 71 5 51 37 38 4 28 58 86
46 97 25 50 64 28 36 65 66 20 18 33 10 75 78 68 5 30 5 65 81 16 34 24 3 83 39 76 64 53 86 47 33 15 90 22 39 99 74 45 60 47 58 42 40 17 38 39 27 33 91 82 24 36 43 77 45 72 54 7 69 73 39 82 14 26 23 50 9 6 39 89 30 1 15 63 96 82 61 58 37 75 82 59 51 53 33 60 35 95 16 79 30 67 70 72 58 80 49 11
24 63 74 48 66 83 53 45 67 58 13 25 36 11 62 45 28 2 80 94 36 12 77 67 3 50 29 53 15 63 25 64 33 86 65 0 44 27 80 43 17 87 7 59 93 68 78 78 2 15 60 29 34 29 72 87 55 66 72 4 95 22 7 20 54 36 62 2 9 80 24 41 68 67 26 3 33 71 16 68 93 75 82 98 35 80 95 29 65 98 0 67 68 1 37 40 85 92 21 60
85 93 24 4 12 77 76 56 53 0 3 4 7 7 43 4 85 41 12 27 47 12 16 83 90 12 59 49 30 47 75 28 1 50 57 53 46 32 58 20 56 70 36 82 84 75 7 30 15 65 94 40 98 15 19 60 52 24 61 81 55 25 21 26 55 14 79 65 34 58 69 81 16 36 34 68 59 25 13 73 8 44 77 68 68 50 9 64 59 83 37 50 61 30 46 90 90 1 0 98
88 92 23 14 69 21 13 72 55 37 3 1 96 93 43 89 60 8 28 35 31 55 77 41 97 15 64 46 7 80 76 39 83 12 4 9 22 74 93 60 1 10 80 42 80 63 29 20 54 65 21 26 23 90 86 31 82 75 84 1 93 93 35 84 89 85 40 23 96 44 21 80 70 69 86 92 73 76 64 8 51 49 22 70 85 16 18 32 62 74 8 70 78 7 19 33 32 47 0 63
85 94 27 23 51 97 10 46 68 88 24 39 48 29 65 71 29 57 46 60 90 82 46 21 21 87 61 18 81 2 18 84 47 19 99 5 35 98 17 61 39 72 17 78 37 27 25 18 37 75 49 27 25 52 56 46 12 92 72 52 55 52 46 19 17 13 85 66 34 73 3 42 55 30 92 31 26 59 73 27 83 36 29 64 67 13 18 62 8 2 71 4 62 44 26 35 45 39 24 11
24 31 80 46 23 31 73 30 85 1 70 9 83 3 47 61 9 89 25 28 90 64 26 1 57 51 88 7 60 39 95 59 8 24 74 21 66 69 16 51 25 71 74 55 74 54 94 37 12 46 97 94 42 68 29 51 25 69 78 24 58 63 95 28 10 2 63 64 9 53 96 48 88 53 78 58 15 24 76 36 18 64 31 75 61 41 88 93 99 50 2 14 14 22 42 40 91 95 28 5
3 11 10 14 74 27 73 48 8 72 31 42 67 29 63 45 88 76 50 73 84 49 7 4 22 71 5 53 90 26 34 18 67 36 18 73 89 42 33 63 55 72 68 26 64 55 65 61 66 77 49 45 29 0 73 89 59 9 51 18 91 39 38 52 63 39 96 89 18 95 30 35 30 34 33 12 45 31 60 6 19 34 76 94 2 22 45 44 73 14 26 57 15 57 18 97 84 37 21 7
18 56 65 11 81 41 98 74 93 87 69 68 66 21 73 87 9 42 75 45 93 95 58 75 35 69 27 62 78 67 82 10 48 98 37 87 56 22 77 53 59 96 75 32 44 19 56 50 22 47 1 27 72 71 81 85 19 35 77 85 89 18 10 13 12 66 23 80 53 39 66 1 17 88 18 0 74 67 63 62 44 63 46 61 50 78 92 70 94 17 41 73 31 93 40 73 32 67 95 15
99 9 5 51 48 98 14 46 36 31 22 90 91 54 39 55 38 98 25 61 42 41 87 56 80 99 94 24 47 79 55 43 45 42 72 8 38 38 95 78 81 8 50 30 7 50 69 87 37 12 55 43 13 79 32 74 93 53 88 43 37 97 96 79 98 11 95 71 10 91 80 43 59 45 70 86 93 98 55 52 71 84 23 89 67 54 19 84 56 20 67 37 66 91 88 71 68 44 95 76
78 30 69 45 82 89 63 71 72 40 48 46 55 60 94 14 40 75 31 98 48 73 62 55 61 99 95 87 47 42 47 64 25 65 56 93 0 63 35 28 73 14 56 66 81 2 27 59 39 97 12 41 43 81 79 25 6 39 4 34 5 16 72 73 8 14 78 73 10 61 15 87 39 80 90 39 32 44 85 93 52 99 31 33 21 21 99 19 63 50 94 98 21 64 54 63 86 96 77 44
90 72 73 33 66 70 40 75 20 66 56 48 98 97 56 4 22 8 20 37 26 56 18 8 31 54 76 55 74 55 99 62 56 31 71 9 61 70 76 45 49 5 10 75 86 72 63 22 6 63 11 22 87 53 17 28 7 45 87 97 24 2 9 24 40 91 33 44 28 16 70 86 5 80 73 24 8 33 66 57 57 95 97 97 37 24 58 74 50 32 92 68 27 87 34 43 4 20 38 96
76 25 46 26 68 49 31 51 62 96 73 63 94 15 68 30 91 80 90 52 28 8 66 85 42 95 31 45 64 27 43 36 59 42 55 42 50 90 61 49 82 93 64 91 24 67 12 15 29 24 40 25 16 60 97 55 51 64 83 86 56 11 31 39 31 23 74 31 61 4 76 6 17 7 1 20 3 94 72 93 77 37 16 5 77 84 45 41 36 34 11 5 9 31 81 18 36 30 29 22
93 45 7 82 12 25 54 15 39 23 36 84 99 95 51 66 63 31 39 55 88 13 24 95 60 7 62 66 14 62 46 97 37 73 6 22 31 28 61 17 4 75 37 49 19 7 57 87 39 70 86 81 30 77 82 96 81 44 57 36 39 5 25 48 21 40 73 82 95 91 3 48 85 0 94 84 76 80 21 18 35 80 13 11 73 88 92 19 40 80 10 42 78 8 40 53 72 86 6 86
53 21 16 48 49 41 67 24 89 9 9 68 23 74 35 22 98 38 24 98 78 58 92 78 78 89 59 82 5 76 80 10 66 17 16 32 41 17 40 88 58 86 7 23 13 33 41 65 54 23 55 52 22 27 4 75 74 54 1 24 35 52 51 87 31 44 59 77 1 36 32 36 87 48 82 86 87 77 8 87 95 36 38 92 13 64 92 73 24 57 3 37 20 12 82 36 19 51 17 30
10 32 32 62 30 33 67 44 43 59 47 71 26 86 93 34 64 22 99 20 73 69 23 33 18 16 94 23 42 98 88 42 61 22 52 1 66 72 77 56 73 80 62 8 87 49 28 55 44 5 30 98 35 85 65 73 80 16 47 38 43 15 24 31 49 96 16 71 97 5 40 72 64 30 41 90 56 30 78 58 82 68 54 76 2 50 24 4 62 9 38 3 16 86 87 59 95 27 67 33
68 20 65 69 24 59 73 29 76 68 77 70 3 34 22 80 83 8 67 4 63 19 33 6 43 55 30 51 91 5 0 79 14 12 24 23 35 67 89 99 12 48 48 69 80 52 13 97 64 82 25 66 87 1 16 52 66 62 3 21 66 2 22 46 40 78 66 96 23 20 22 8 28 51 25 24 22 61 6 99 87 71 24 0 37 69 67 48 73 97 82 39 83 53 33 54 10 31 53 50
66 95 0 90 92 24 91 72 78 97 77 91 70 82 29 58 20 55 68 9 19 86 24 8 58 72 40 64 75 35 23 92 15 47 62 22 4 74 49 13 66 10 20 89 35 80 22 91 92 85 25 89 62 98 53 78 4 84 84 71 19 71 76 37 46 98 96 74 52 90 15 31 38 17 90 20 70 61 98 26 21 83 23 36 38 78 57 82 3 89 5 14 30 29 85 99 36 60 5 70
87 86 37 45 54 72 79 46 16 59 94 69 69 5 6 76 42 3 28 90 99 47 19 15 4 17 36 7 65 72 97 87 32 75 35 74 95 67 10 12 75 69 32 32 14 92 73 17 55 68 7 98 17 88 35 39 60 5 84 48 42 69 97 73 7 60 73 43 91 55 56 26 47 2 0 91 81 47 13 82 78 93 76 36 7 50 81 84 93 87 46 27 52 75 93 89 87 60 46 96
83 98 92 55 89 55 47 56 13 44 52 64 0 54 54 3 18 37 67 94 43 70 10 64 37 21 94 81 75 48 6 50 98 40 58 51 2 23 7 83 51 55 32 8 92 42 32 23 87 9 65 92 98 87 70 5 94 84 27 70 13 31 0 61 65 10 63 5 38 16 51 97 52 7 14 18 23 49 30 37 62 90 25 51 10 40 92 67 2 59 44 75 5 35 39 27 37 36 2 14
38 15 61 45 30 57 6 87 97 69 74 4 46 6 0 73 49 60 98 99 71 46 70 52 76 32 89 7 59 5 3 88 93 49 27 77 12 5 14 54 28 38 3 42 67 43 9 7 73 98 77 77 20 71 63 69 47 87 95 65 40 28 99 75 26 96 72 48 34 15 19 85 21 89 99 83 70 38 22 83 23 40 26 17 78 29 3 93 41 20 19 47 67 41 22 5 5 10 5 45
48 77 81 81 99 34 46 61 42 85 66 78 51 45 6 17 8 48 12 14 12 10 7 76 36 32 26 72 77 70 89 44 66 80 68 8 35 71 5 17 49 74 59 2 65 9 33 21 60 82 89 87 98 13 89 75 6 83 34 30 28 60 46 82 19 24 3 50 28 22 23 40 15 50 69 10 1 55 91 12 43 31 78 1 2 3 88 9 83 51 8 20 70 72 77 65 48 44 46 99
84 85 65 20 8 3 2 41 24 46 62 28 33 81 56 73 92 49 70 65 29 59 44 19 49 26 15 97 16 67 96 53 43 22 64 36 63 74 0 78 45 26 96 0 90 70 50 66 36 5 10 43 91 25 94 16 82 28 97 29 47 94 17 50 12 61 9 65 30 95 88 41 77 81 93 19 17 85 74 32 50 35 83 79 60 9 16 10 17 44 63 39 88 98 92 26 37 36 42 16
38 45 21 92 98 33 16 28 31 73 97 87 81 54 86 95 54 85 38 39 15 4 83 38 2 64 97 95 92 38 99 89 92 44 77 80 58 49 26 35 64 89 32 95 9 3 78 67 22 42 60 26 67 24 3 95 75 33 9 55 96 4 54 61 94 56 58 97 95 84 49 58 92 60 50 95 78 39 47 23 77 6 73 57 23 61 22 89 57 89 28 22 55 19 9 94 86 30 29 72
86 42 57 85 83 78 19 41 47 61 7 68 58 89 5 79 55 91 89 92 28 63 34 80 26 55 95 71 20 59 75 78 21 69 83 71 73 18 73 72 71 51 15 28 3 61 92 28 42 7 30 69 82 60 60 69 13 23 3 52 51 68 83 74 95 64 56 47 70 78 98 6 6 47 12 20 67 53 77 74 80 48 94 6 46 14 99 90 81 61 40 65 61 21 54 63 38 19 66 68
75 52 48 57 35 38 90 56 43 74 26 3 18 51 31 64 9 72 28 34 96 39 12 7 0 61 34 84 57 83 46 71 36 13 86 81 24 83 91 57 28 64 80 10 16 24 88 57 98 92 61 39 94 92 23 86 54 70 74 24 14 52 88 74 26 39 48 45 3 58 19 5 1 69 21 30 33 55 34 58 54 81 29 72 71 79 12 76 47 54 14 52 17 82 79 84 37 51 34 19
63 25 87 13 30 35 73 85 36 29 14 21 54 42 78 36 1 66 8 5 51 55 89 85 50 30 60 43 14 82 20 96 95 30 82 24 7 32 17 58 35 89 15 41 46 59 1 1 75 32 6 59 37 87 66 76 15 16 17 91 98 66 2 36 36 21 60 29 0 8 45 97 45 5 72 26 12 98 87 58 72 5 77 22 46 97 2 21 9 13 90 58 10 61 59 34 49 93 63 18
40 55 25 36 68 82 89 6 59 41 1 5 45 15 96 34 75 49 27 6 19 63 9 79 45 85 40 14 32 60 65 51 27 14 99 49 6 82 90 58 27 36 84 48 40 84 99 72 8 40 50 61 45 11 61 35 1 87 86 49 43 50 35 52 61 94 6 22 95 78 93 58 35 83 84 37 39 28 65 64 51 29 0 52 49 77 69 20 30 41 64 4 53 26 34 36 98 23 25 54
67 29 8 63 38 31 3 19 25 90 16 23 6 6 77 94 27 36 11 29 13 58 32 5 28 29 31 52 36 22 50 81 31 84 63 13 18 14 79 22 72 4 54 2 68 72 39 83 8 42 52 75 62 31 33 32 32 52 50 56 18 99 82 31 89 8 52 55 97 3 88 59 65 71 13 85 38 50 12 68 74 57 10 32 44 6 8 39 55 33 31 10 68 79 53 92 67 30 10 2
76 88 70 61 39 69 42 91 75 27 21 31 10 24 38 96 33 66 33 97 68 75 29 99 44 48 71 17 77 26 14 10 97 79 80 32 46 89 5 10 59 9 51 0 76 51 39 81 88 56 89 66 2 93 30 84 24 29 94 47 2 16 2 77 33 39 71 32 46 87 20 66 90 8 28 92 5 26 2 30 49 21 47 81 51 84 95 71 11 79 20 64 6 92 30 77 99 38 89 81
24 74 8 96 7 56 32 70 26 58 65 58 66 76 89 81 3 21 24 7 64 12 16 60 69 69 39 10 94 33 6 94 34 18 75 62 31 40 25 34 11 38 0 19 52 95 40 45 91 77 58 4 58 51 57 44 48 63 58 79 62 70 72 33 61 80 20 88 35 59 14 32 49 33 25 95 53 31 41 64 75 65 85 84 65 96 2 63 63 93 30 97 79 20 89 92 14 71 62 13
41 15 34 97 41 95 42 10 55 59 33 35 46 14 95 54 61 27 88 53 5 5 57 14 69 26 15 1 46 33 99 84 37 23 56 12 27 2 98 74 6 37 75 80 51 59 39 99 56 28 53 14 71 26 77 66 43 89 96 58 89 53 86 58 22 46 19 95 30 24 71 50 68 9 82 88 50 68 26 8 55 32 79 13 29 41 62 60 59 70 9 87 27 88 42 39 76 55 93 15
30 10 86 37 93 12 94 86 98 80 43 16 39 95 67 1 97 91 46 72 13 21 49 15 84 28 79 40 56 19 58 23 63 2 44 95 23 24 59 32 43 81 93 83 69 98 30 75 58 4 67 78 50 38 27 85 40 78 61 63 13 10 15 24 42 77 92 80 19 30 55 32 57 97 68 84 23 68 18 41 93 46 50 6 6 42 94 80 75 66 79 13 38 45 23 56 5 7 5 11
7 14 25 87 94 14 37 34 49 25 58 23 41 95 99 14 70 83 3 84 34 75 61 29 34 43 49 8 90 53 0 62 57 76 44 61 63 26 71 37 48 60 31 84 85 45 25 97 68 73 75 65 17 99 4 45 3 15 60 55 28 72 70 77 85 75 11 74 36 3 77 54 86 28 67 77 64 31 97 6 84 36 12 75 99 32 23 74 78 70 28 21 72 66 48 9 75 96 59 20
76 86 76 1 17 78 65 20 4 82 10 13 94 89 15 86 70 70 38 18 53 54 65 67 38 38 96 88 33 43 99 13 89 10 88 76 48 95 37 96 82 99 92 81 26 51 44 46 0 46 76 3 67 11 79 5 85 83 12 12 62 53 82 54 8 47 55 96 18 78 86 78 10 52 22 69 58 68 93 59 31 90 2 35 86 70 63 33 6 4 69 59 63 44 93 29 90 77 80 79
6 36 93 79 45 11 83 61 21 68 88 92 96 7 77 90 33 52 97 98 56 53 79 34 60 77 61 19 53 85 99 36 60 14 47 29 24 98 36 22 44 43 23 8 57 90 35 20 25 11 86 86 94 87 76 27 52 52 4 53 21 79 73 92 61 39 86 73 25 58 17 70 16 55 5 17 76 50 92 86 46 93 19 32 63 68 30 12 89 23 88 74 13 38 3 36 95 96 69 95
54 68 64 84 72 61 33 66 0 74 72 22 43 18 51 59 81 69 83 56 71 39 24 29 37 78 79 92 73 23 74 70 49 58 65 29 10 72 6 35 84 10 69 15 42 0 11 38 70 15 13 63 76 17 76 94 28 54 41 14 49 38 15 42 23 67 32 15 25 29 41 78 28 71 22 19 95 75 38 82 98 51 17 38 10 27 6 12 94 74 79 11 90 87 95 17 19 16 2 68
78 14 35 73 46 74 22 84 51 65 38 50 55 26 26 80 84 16 37 66 2 50 44 93 48 17 70 94 98 10 59 36 80 73 34 7 57 91 45 21 45 65 68 91 48 9 40 96 13 44 42 73 78 61 99 40 75 71 50 13 48 69 84 20 5 73 42 78 0 36 5 83 25 51 46 5 31 32 91 42 41 58 61 99 35 59 79 5 50 19 18 28 20 75 31 24 32 86 45 32
78 73 34 73 92 21 83 30 41 46 30 89 96 77 40 5 31 77 91 30 37 1 78 14 85 48 26 34 6 86 64 15 23 48 90 86 69 51 41 52 82 19 37 14 62 15 95 19 46 87 26 95 68 1 24 82 26 55 88 21 27 85 34 56 87 45 86 57 0 84 20 49 16 43 58 16 84 21 3 23 83 60 9 93 52 47 36 38 42 26 82 69 63 87 4 74 60 74 47 58
64 38 64 48 88 77 70 53 87 46 17 79 3 68 59 23 2 34 5 54 85 14 92 31 88 64 65 7 10 72 88 96 26 47 94 15 74 13 66 14 35 37 6 67 75 99 88 12 99 74 75 67 23 70 20 4 46 66 4 71 52 43 23 56 99 19 71 66 53 59 62 5 1 52 20 58 55 9 18 65 67 65 15 9 20 40 12 31 40 45 81 40 35 11 91 57 48 19 73 8
5 58 44 67 70 4 77 6 91 88 23 36 85 96 19 50 53 97 3 35 45 15 30 52 63 3 17 35 99 88 11 98 33 26 20 15 65 27 85 68 54 54 96 23 17 65 21 81 40 92 99 67 45 31 87 43 35 62 88 55 93 70 57 31 12 15 13 6 98 69 73 44 86 79 45 90 71 31 46 5 5 27 67 85 97 89 44 98 10 73 60 45 50 79 6 54 64 6 68 26
45 11 63 51 86 29 9 18 79 85 78 73 63 62 66 60 22 61 25 38 1 25 91 54 65 85 56 5 48 17 95 12 48 5 56 16 11 36 2 73 5 50 61 24 29 35 94 1 14 49 87 22 89 95 93 40 30 22 23 71 91 47 25 85 39 46 50 90 2 96 79 4 78 4 12 67 53 22 64 10 83 64 52 83 67 52 15 74 74 24 68 80 33 38 0 21 93 61 76 98
