100 100
46 2 22 54 81 67 62 97 7 62 77 20 57 74 64 47 17 27 71 52 25 6 0 7 20 94 80 34 58 77 97 65 53 90 97 1 21 25 95 86 63 89 20 93 17 20 66 74 45 50 96 10 31 40 57 41 81 94 51 67 95 5 15 42 12 51 2 16 7 53 86 18 86 44 52 86 49 7 5 36 50 97 91 42 9 50 23 20 2 80 54 80 4 26 26 27 94 33 29 11
40 20 44 99 65 14 1 90 77 88 74 91 56 93 76 89 70 47 34 79 9 66 24 41 9 38 42 66 79 54 29 84 89 24 98 62 97 43 55 91 57 87 72 9 59 45 34 64 46 39 70 53 47 4 56 26 84 52 17 11 87 75 25 43 16 84 53 70 7 52 82 49 15 46 74 15 62 14 37 79 44 38 41 83 17 21 51 5 95 61 24 84 23 87 50 44 33 65 92 30
18 90 74 97 5 3 35 76 44 25 98 5 3 96 82 57 54 84 65 53 82 25 78 70 57 30 15 68 82 20 93 45 23 9 22 65 97 97 9 98 41 95 49 50 89 60 95 61 15 78 96 91 46 89 62 30 25 37 1 5 34 61 67 85 99 59 12 30 84 88 2 60 68 88 45 71 12 57 97 72 2 23 94 48 80 20 97 46 51 98 67 83 22 56 30 84 34 13 41 93
18 14 47 60 48 95 87 99 69 1 1 60 5 9 95 47 13 71 26 81 2 56 96 2 96 48 98 59 88 18 70 77 73 68 98 1 84 38 79 0 5 25 26 30 74 56 75 18 83 72 25 76 62 21 57 10 98 1 0 64 73 63 90 54 28 94 61 88 43 2 5 51 11 40 25 74 11 0 40 36 37 42 39 58 33 13 98 97 69 68 23 53 62 84 22 93 75 20 39 60
67 85 28 55 35 18 38 60 90 6 30 84 49 29 48 91 60 32 55 6 77 91 84 85 18 83 34 38 61 7 7 42 18 85 20 62 28 99 78 41 4 0 55 39 75 75 50 30 84 47 98 87 71 19 16 40 54 78 93 3 40 24 15 22 36 97 15 35 8 27 31 89 32 35 53 89 17 3 72 22 17 14 95 57 60 52 92 71 14 76 28 5 65 53 4 56 29 49 84 23
50 2 91 53 35 73 74 62 29 35 11 15 43 20 98 2 17 13 66 71 81 74 37 6 94 14 66 96 86 54 41 74 9 68 13 46 75 0 87 0 34 27 93 2 41 49 61 89 10 43 39 74 7 78 96 93 28 15 8 42 17 89 67 62 51 19 95 52 59 56 17 35 74 35 61 86 41 73 81 13 51 23 56 75 73 55 16 76 68 32 59 23 15 1 63 45 32 33 82 64
11 4 2 11 83 3 85 71 97 72 60 67 80 16 20 77 67 7 7 15 6 9 92 95 45 38 31 48 78 28 97 39 64 7 74 16 84 82 1 75 86 74 97 31 68 42 40 63 98 67 79 67 27 84 70 76 54 1 71 65 8 47 98 86 81 49 73 47 13 60 70 75 40 23 2 98 44 68 93 95 20 22 58 65 52 41 25 92 17 25 12 94 75 63 59 74 99 61 76 97
64 36 69 70 88 74 37 11 49 33 22 33 96 67 38 16 95 87 56 63 92 87 64 94 31 16 70 66 0 90 60 66 65 4 98 74 41 5 78 37 18 92 53 84 74 72 47 24 47 56 51 99 14 29 94 61 19 68 76 79 4 81 79 2 73 64 23 26 86 63 10 57 82 83 35 71 1 83 47 45 87 30 40 33 6 19 32 42 90 85 26 70 90 89 83 61 1 71 29 40
16 30 36 88 96 30 12 35 48 48 53 57 20 96 64 72 18 27 93 59 42 50 57 44 37 15 39 96 60 88 17 63 79 17 24 24 96 54 15 53 73 62 80 64 34 20 82 76 90 32 34 71 91 89 97 85 1 66 2 67 35 83 7 67 54 78 64 6 75 29 79 87 0 41 14 21 85 49 88 60 40 50 28 52 59 35 98 25 0 44 90 83 83 40 80 69 53 55 65 19
87 41 85 54 26 25 10 79 12 39 65 26 79 92 71 97 91 6 90 17 44 54 97 60 55 99 38 66 46 45 63 5 79 92 33 23 55 93 9 66 65 4 55 11 49 38 5 58 0 16 62 53 71 40 24 13 43 19 92 6 10 92 70 10 44 18 30 42 53 20 87 85 71 95 65 68 84 49 72 95 26 9 70 94 21 50 41 63 55 68 71 75 9 3 29 53 96 33 8 76
32 46 27 39 18 3 84 70 2 90 92 59 35 11 62 33 29 16 68 81 10 38 64 13 92 92 10 21 80 99 73 89 56 76 14 80 64 80 37 36 14 90 64 99 33 21 38 75 47 70 83 46 64 83 76 57 20 45 26 84 98 26 65 33 74 3 55 87 71 96 56 87 67 19 97 95 4 13 29 50 84 78 60 35 53 84 17 5 17 18 68 43 60 86 58 72 77 55 27 62
70 14 85 22 6 92 57 10 84 71 6 45 82 2 23 34 72 34 17 7 42 45 72 95 72 63 72 33 77 73 49 59 43 93 97 19 59 3 49 75 45 45 2 68 3 83 33 76 66 62 57 82 97 90 12 31 28 22 23 74 20 5 75 32 31 9 49 71 54 74 16 94 14 38 78 25 58 58 93 5 58 61 37 54 48 7 10 52 50 4 85 79 14 31 18 11 74 16 52 31
58 40 72 76 17 10 96 38 42 89 87 61 95 58 56 26 76 37 79 12 34 48 85 87 86 13 94 0 70 13 74 93 37 52 46 89 44 14 28 71 10 28 32 96 21 4 31 63 56 20 88 91 35 33 21 33 67 66 95 7 56 54 63 99 47 3 67 46 39 50 85 97 69 5 69 7 73 86 29 10 53 45 51 84 66 52 8 21 96 59 86 88 26 69 96 61 46 91 62 6
17 52 76 78 99 34 67 5 5 64 29 37 51 10 41 23 30 6 42 22 53 37 23 25 58 16 52 18 34 89 88 9 6 93 82 75 97 53 55 96 37 41 12 98 7 18 32 21 73 24 93 98 19 69 1 27 81 63 15 13 14 58 76 32 17 19 69 85 45 81 87 97 27 48 69 25 19 94 63 38 63 9 26 43 54 25 26 56 56 83 93 99 82 72 20 69 27 8 12 95
7 10 21 73 66 57 40 46 34 26 28 77 97 9 45 62 6 69 11 71 87 84 74 61 41 76 68 36 5 51 55 75 50 10 28 1 8 26 76 20 70 33 90 4 23 11 54 63 43 87 94 11 59 61 95 76 37 62 58 7 46 62 92 78 83 70 27 55 6 55 26 9 67 58 23 88 1 61 59 82 10 35 89 90 94 71 42 87 25 78 66 67 42 6 68 81 33 54 43 20
98 83 45 65 67 84 74 74 78 13 79 25 13 9 54 24 40 35 76 7 56 52 85 93 73 66 13 42 34 93 92 30 96 97 38 45 8 78 59 75 94 95 95 48 21 49 89 79 78 68 83 50 91 55 27 63 22 16 97 87 51 90 88 30 9 74 14 55 57 56 67 89 10 6 11 48 5 57 54 51 61 23 45 80 37 74 50 83 16 36 12 14 23 59 75 62 96 43 78 13
55 77 13 47 63 38 56 85 90 51 20 59 70 78 42 92 14 18 12 49 94 40 73 33 32 89 92 82 35 76 43 41 98 59 93 78 43 20 92 33 39 33 37 77 4 27 77 13 42 50 46 23 0 38 54 24 98 22 50 93 21 99 61 80 31 23 78 5 99 88 66 47 59 93 31 79 86 16 21 33 54 41 65 43 95 18 41 17 1 74 43 11 89 38 93 32 84 60 29 64
66 80 74 65 36 27 23 18 99 88 92 58 32 49 87 53 3 50 11 11 19 61 85 48 61 74 90 23 12 21 35 46 24 61 51 24 89 90 81 23 49 62 54 83 77 23 91 59 76 24 40 98 8 69 61 32 23 39 6 98 78 37 82 67 68 59 97 14 52 69 84 25 48 36 37 4 89 36 90 11 83 5 34 30 85 35 21 36 16 29 37 32 52 59 37 62 21 47 13 45
85 78 23 8 25 12 90 38 89 35 36 9 30 19 83 99 58 57 78 49 64 41 79 75 36 27 69 5 59 28 71 44 2 85 22 85 59 47 55 82 49 27 47 35 2 55 41 49 63 34 50 55 19 36 20 14 17 64 85 49 64 64 9 80 30 60 80 93 44 34 67 87 61 77 60 8 23 4 33 10 37 25 14 53 35 36 45 67 39 87 95 99 5 14 47 9 92 47 49 26
69 97 74 66 25 42 9 66 57 14 84 57 14 36 93 92 67 26 81 95 8 57 5 4 42 9 32 45 9 65 24 77 33 22 93 16 59 27 23 73 17 73 79 94 41 28 60 32 89 6 51 48 16 40 28 76 51 47 3 61 42 28 67 19 76 8 78 77 41 59 61 51 10 18 38 65 26 56 77 31 48 44 66 24 92 4 28 33 87 13 87 4 38 98 52 3 42 43 23 7
70 99 56 32 3 67 22 86 4 31 50 64 33 73 34 67 78 32 80 71 52 21 16 50 20 54 40 83 64 8 85 87 56 66 0 47 13 77 68 8 37 2 15 52 72 1 99 75 29 68 67 53 7 91 69 71 91 94 67 65 73 99 35 45 31 94 42 23 26 27 43 99 27 70 45 31 57 53 2 49 41 83 86 33 98 39 42 32 67 58 76 85 35 83 31 18 92 13 16 24
36 25 19 52 67 25 83 36 93 31 66 52 0 66 96 93 10 0 40 15 31 73 54 6 8 72 14 19 59 51 95 98 14 44 87 23 5 4 5 15 65 8 10 2 58 42 78 22 47 72 96 65 22 32 7 46 32 27 41 51 66 67 66 66 97 76 83 91 43 77 99 66 42 39 86 89 35 17 27 99 35 88 12 63 36 89 58 25 35 82 23 26 75 4 35 25 7 17 43 36
54 63 74 3 98 1 40 15 44 40 66 20 49 9 28 19 59 84 64 43 72 98 11 25 13 66 55 79 90 76 86 56 29 60 97 35 57 57 96 58 42 99 88 37 74 48 18 0 26 88 65 78 80 38 87 74 36 30 72 96 84 4 17 98 43 8 51 90 67 47 76 65 7 40 18 28 76 12 3 73 4 84 54 12 70 70 89 43 17 70 12 89 11 56 59 17 54 78 14 43
2 97 25 67 36 3 5 94 10 74 97 78 96 57 76 81 32 93 65 84 62 10 77 23 93 73 11 62 19 79 73 85 79 66 86 19 74 96 34 73 49 67 75 24 73 24 44 50 72 87 44 72 42 12 73 46 91 87 22 83 39 96 58 5 8 3 73 66 63 81 72 87 36 9 66 13 37 78 89 14 72 95 36 95 63 74 64 46 75 59 5 70 33 51 94 9 64 40 97 35
19 99 27 8 66 40 70 86 94 66 32 21 77 16 55 49 52 59 51 31 16 31 59 7 27 89 93 51 88 5 90 50 33 5 39 57 88 2 3 94 70 84 75 25 3 41 70 68 69 57 70 36 98 14 31 62 76 87 57 1 6 61 76 70 95 38 98 18 34 28 63 95 37 1 29 58 71 98 80 81 47 57 22 55 64 94 95 90 9 93 15 30 77 72 52 60 46 14 81 82
73 62 23 79 73 9 55 31 73 31 11 84 56 56 27 96 80 63 54 76 98 87 79 22 67 88 4 78 56 44 19 19 90 10 53 11 42 95 37 63 51 3 41 51 88 87 98 64 27 80 77 84 53 63 29 14 49 65 42 90 20 74 84 71 93 6 57 5 6 41 81 24 11 20 51 53 75 76 47 64 18 53 49 52 42 47 24 57 21 98 60 15 88 53 7 68 36 7 45 21
49 47 29 16 56 84 97 20 24 19 9 40 41 45 53 93 34 25 30 2 56 90 26 86 17 25 17 74 79 17 27 87 42 79 12 69 47 70 11 14 82 90 96 20 21 10 77 35 70 10 85 17 75 39 92 45 41 50 4 58 63 29 26 45 21 42 20 72 91 28 25 32 23 66 75 7 15 49 44 79 58 26 78 19 46 52 32 53 77 39 13 83 15 96 28 23 95 81 94 14
46 8 19 37 63 87 72 82 30 92 67 79 91 18 59 43 5 85 2 37 50 29 55 29 80 28 45 35 79 1 53 69 61 12 98 11 97 32 93 35 59 8 30 61 94 90 76 24 1 7 28 53 41 69 48 33 69 13 7 97 48 19 36 88 33 72 87 31 63 28 85 19 53 38 92 49 91 64 28 11 75 88 19 76 67 42 83 63 44 57 86 80 24 37 74 28 94 52 62 74
32 73 7 37 10 51 21 26 2 70 53 9 55 15 1 15 80 4 15 7 18 62 35 80 80 36 89 4 22 71 90 43 17 98 36 44 90 27 46 22 59 51 35 33 75 31 81 57 91 55 75 95 85 17 55 12 70 7 10 59 73 59 14 23 17 42 92 79 62 67 41 21 56 3 36 5 30 95 32 31 25 25 9 40 77 16 91 36 93 93 24 67 45 31 43 60 75 59 91 23
63 25 25 95 14 36 61 59 41 79 8 97 92 98 49 11 37 11 49 2 69 66 46 59 60 91 83 59 69 48 26 79 95 64 1 66 79 59 32 85 60 75 78 65 92 50 98 21 30 75 38 24 46 25 12 72 78 57 81 17 28 6 63 79 40 43 4 87 39 91 7 84 88 38 88 32 40 20 44 52 64 2 40 72 38 18 5 22 28 10 4 75 65 8 74 13 1 20 84 53
68 99 5 65 23 49 49 51 15 98 5 94 54 24 1 0 75 94 99 9 72 76 34 96 44 13 88 89 68 89 12 37 0 55 69 48 35 3 47 22 37 45 88 18 90 59 51 89 92 73 27 37 87 27 98 67 66 96 65 14 12 35 13 47 20 25 52 9 63 26 83 2 68 33 85 67 50 82 45 21 28 44 85 68 78 1 9 31 87 96 4 95 99 19 17 13 84 81 19 38
37 11 31 55 40 17 82 73 24 17 34 76 68 95 44 93 12 62 50 34 50 2 67 79 32 84 41 94 64 34 87 31 24 86 29 8 99 21 5 8 70 60 55 51 90 51 4 38 78 73 66 10 52 56 30 1 17 92 96 14 19 97 79 97 7 98 86 49 91 62 77 44 93 25 49 11 54 58 60 82 73 96 90 80 33 83 66 72 59 75 17 21 87 71 11 0 75 33 22 40
54 84 18 53 46 11 9 58 8 76 1 14 12 23 95 80 89 42 42 79 70 23 19 71 7 55 1 19 52 49 31 56 49 35 51 25 65 1 42 30 19 2 30 2 62 23 65 18 7 12 49 23 18 93 75 38 63 83 99 40 39 46 63 56 7 51 47 8 17 81 64 21 28 22 10 98 4 21 97 48 33 94 53 71 91 36 26 49 51 84 48 61 93 52 40 66 10 78 87 83
81 86 21 32 38 81 35 59 18 1 22 75 59 39 74 37 88 62 6 44 79 69 70 36 21 36 93 1 87 12 56 52 56 68 27 36 14 83 30 2 94 29 59 85 33 5 88 93 35 17 2 58 82 44 68 36 2 50 21 5 42 68 54 60 82 95 38 81 22 16 64 74 63 9 85 93 3 37 55 93 29 94 35 31 67 39 69 36 36 93 79 13 7 72 36 39 1 69 38 11
80 99 7 54 63 56 36 29 76 69 69 37 1 66 61 45 86 79 74 27 19 98 90 45 12 75 80 74 34 73 64 9 46 54 90 80 21 99 32 33 9 58 38 48 11 43 5 82 28 61 47 55 38 46 83 22 92 1 75 2 83 39 44 76 20 9 11 97 63 9 25 89 21 36 84 77 61 53 17 6 38 71 22 82 92 10 52 4 11 9 36 25 62 45 68 21 79 16 48 32
52 48 74 76 30 89 76 40 40 55 50 78 64 18 36 75 46 12 46 58 9 91 44 57 51 37 80 86 32 5 12 94 45 48 46 47 21 64 73 67 90 67 68 84 24 93 88 19 97 18 78 47 84 82 10 94 73 71 96 94 6 52 13 3 80 12 35 30 29 98 12 92 92 27 75 1 2 58 26 52 75 49 65 50 89 9 69 5 2 87 47 19 50 82 60 33 85 38 18 61
57 74 2 49 92 74 71 75 69 58 50 31 67 22 86 94 60 53 87 52 88 0 48 84 65 92 80 94 17 78 24 31 10 95 55 15 34 57 34 37 25 52 48 17 62 12 71 31 64 45 11 35 12 26 89 83 67 95 64 26 15 4 39 70 62 99 40 54 32 66 21 30 71 79 59 89 26 43 14 20 77 83 26 59 66 21 56 28 66 2 40 31 95 19 22 45 42 80 56 10
57 94 7 77 1 41 48 81 96 2 6 44 86 72 47 29 57 57 72 20 71 11 67 16 50 79 63 94 50 44 41 5 57 16 30 58 24 17 25 44 8 78 1 55 12 93 37 68 36 15 64 47 26 37 58 74 93 46 52 73 92 96 92 74 99 99 81 23 8 95 67 35 42 24 1 37 63 94 44 62 49 6 60 5 65 59 26 79 13 64 80 40 46 33 21 20 33 32 3 28
48 36 89 29 94 50 68 96 9 10 65 27 22 14 4 48 94 92 54 15 64 61 62 54 49 86 35 98 82 88 25 90 63 61 18 56 75 35 58 75 82 2 39 6 60 71 98 55 0 87 92 25 71 76 90 5 11 64 34 17 64 6 17 75 14 57 6 64 33 65 89 0 5 26 59 85 75 47 74 30 81 56 78 84 67 11 2 66 54 43 40 75 30 96 71 7 52 19 65 8
3 1 22 39 39 26 16 38 48 77 83 25 3 15 84 3 54 5 85 75 73 63 51 14 30 74 2 1 80 8 20 60 76 64 76 96 62 48 59 94 97 98 18 84 84 65 88 51 88 39 0 33 29 64 16 1 4 21 88 24 56 37 0 47 99 50 64 27 67 87 88 34 90 29 50 18 1 84 71 7 89 62 27 35 55 37 40 35 4 62 15 79 9 81 41 18 99 72 55 81
91 50 69 9 70 58 3 98 20 56 34 31 76 41 44 23 2 4 9 78 28 81 65 14 82 18 23 24 27 22 58 63 64 52 70 82 9 67 43 82 55 15 48 71 27 39 23 65 99 24 43 11 91 45 19 56 5 83 27 38 35 58 40 28 85 30 34 97 87 76 98 58 49 21 25 83 66 15 57 57 40 25 75 18 15 68 86 73 87 60 19 86 70 24 57 95 22 88 59 76
98 14 99 19 83 58 14 81 70 54 7 50 99 54 51 86 48 94 62 54 37 88 59 17 0 83 19 86 41 61 22 34 77 14 50 56 6 56 19 17 8 15 77 7 71 57 62 45 0 1 9 26 9 3 36 82 59 85 74 98 52 12 14 25 55 33 21 83 92 44 51 74 99 12 14 77 29 91 89 16 16 36 57 78 70 93 22 54 21 54 24 86 92 44 3 12 35 0 65 86
25 19 93 97 97 9 32 1 18 44 88 0 63 75 43 31 95 88 63 62 0 5 57 84 18 46 31 57 3 83 60 88 3 45 2 40 3 53 62 41 66 96 87 76 48 3 57 14 88 70 80 54 67 80 15 41 37 59 21 43 49 84 83 53 72 79 26 42 99 23 23 29 23 98 17 41 60 21 29 79 27 7 8 86 4 12 72 94 58 69 23 16 25 63 93 6 82 18 50 28
8 7 28 49 24 75 63 60 36 84 32 34 30 17 54 31 73 20 55 52 64 24 77 57 27 83 59 75 70 73 72 31 80 2 99 40 77 57 39 51 52 53 15 1 53 53 79 22 14 14 75 13 18 74 0 72 91 75 96 73 66 66 94 46 3 46 26 21 78 33 97 87 40 82 54 2 10 13 5 9 70 42 91 8 82 43 5 11 29 42 39 84 26 56 44 3 36 62 35 50
48 32 48 34 29 23 36 67 14 79 56 52 32 50 96 63 76 15 42 17 81 71 30 93 91 86 26 67 70 40 88 96 97 27 16 2 14 63 65 71 51 74 7 28 15 72 28 92 47 59 55 88 92 85 41 29 64 56 88 64 16 38 11 45 10 65 17 27 43 77 92 91 70 51 76 73 50 45 10 13 74 65 81 76 19 8 13 39 22 23 17 31 11 7 38 30 64 21 62 79
38 15 66 93 9 1 26 43 15 48 10 84 91 13 61 2 58 66 28 82 46 25 62 89 57 43 89 82 67 79 82 94 33 5 24 37 33 93 5 2 75 64 25 78 42 66 80 4 98 2 0 57 79 27 83 47 76 66 70 6 14 36 81 27 42 92 86 16 7 34 1 34 60 74 98 63 52 88 30 2 3 25 92 41 8 96 17 24 4 18 94 91 86 32 14 36 53 93 95 15
90 51 23 79 59 64 51 25 30 84 6 92 11 79 62 69 69 0 75 99 93 93 33 31 55 6 91 89 39 78 66 93 54 8 18 1 47 73 48 7 97 70 14 71 67 38 29 28 82 32 68 90 48 86 90 83 25 72 2 92 4 80 68 93 32 38 95 69 27 47 83 74 33 63 15 70 76 29 65 78 7 55 49 47 92 71 0 42 97 29 69 49 47 30 32 78 83 5 92 75
10 38 88 4 55 98 89 34 79 74 16 99 26 80 82 85 45 4 55 48 56 87 28 40 57 9 81 91 88 91 53 66 5 12 76 3 20 74 24 8 63 62 43 66 51 63 46 28 38 47 52 10 83 23 24 32 23 38 81 37 71 6 42 13 47 90 97 48 46 17 33 60 85 44 91 43 55 28 47 89 49 20 67 63 98 59 46 4 83 80 28 94 44 24 74 94 46 11 27 50
65 74 93 22 28 55 82 4 29 14 73 65 57 79 56 41 17 73 74 9 85 76 49 45 73 45 72 9 52 24 82 45 2 31 8 62 79 58 33 84 65 51 57 66 38 20 75 89 45 20 60 53 83 3 37 44 77 80 56 15 62 0 51 14 70 54 1 75 36 12 97 49 62 61 79 64 64 97 37 80 88 93 29 0 48 55 99 93 46 62 47 91 36 70 59 17 2 57 30 4
31 73 35 91 62 73 84 67 45 85 80 80 90 0 5 7 14 52 46 55 83 82 1 26 50 93 57 63 97 94 26 81 90 11 6 51 99 81 31 21 88 49 67 15 1 71 66 76 43 74 91 87 80 54 71 28 63 40 29 1 99 77 57 1 10 55 86 71 91 11 62 34 83 47 12 83 59 85 19 39 18 18 84 4 3 93 86 67 19 13 32 34 95 17 21 10 61 62 13 56
40 23 98 24 9 58 31 77 8 27 6 63 55 78 65 57 24 34 66 32 71 83 56 59 45 93 58 26 19 20 50 80 66 34 61 1 75 33 11 41 33 67 27 79 49 60 46 46 53 62 48 22 22 50 12 36 28 42 93 86 15 58 84 5 67 65 22 57 76 73 14 48 29 65 96 45 41 7 18 54 16 77 51 59 5 39 44 74 22 78 98 9 19 98 40 25 95 16 68 0
81 29 1 0 82 0 16 17 4 62 76 7 48 79 57 23 78 9 65 53 2 34 84 95 40 26 25 42 70 63 1 99 41 27 77 60 87 25 84 67 67 50 81 57 10 78 19 16 45 94 20 58 69 30 13 41 58 81 98 63 8 85 60 62 26 24 71 5 87 49 14 5 48 84 38 93 37 31 97 50 7 66 69 50 96 63 42 87 76 84 61 16 79 8 66 34 86 82 32 1
33 37 96 39 29 99 0 75 4 3 14 61 31 26 4 53 10 27 86 81 0 77 76 7 88 81 91 22 31 69 53 10 75 46 68 59 42 13 0 93 25 53 43 41 52 19 85 72 88 52 8 77 42 94 12 83 86 76 59 48 50 89 23 15 73 75 20 38 87 3 9 51 69 43 12 7 92 67 97 33 84 75 32 53 51 60 10 32 97 6 61 21 37 29 98 77 40 45 23 67
74 20 11 78 6 79 41 86 12 43 43 50 83 30 87 51 64 9 75 7 79 82 9 36 59 38 4 9 0 6 77 10 89 18 13 63 76 67 97 27 78 51 51 12 70 67 68 53 89 30 99 71 4 79 0 6 35 32 57 81 78 68 97 87 85 12 76 10 85 1 81 38 67 44 14 4 41 91 29 68 5 36 99 68 67 37 15 4 52 13 16 51 16 51 4 77 0 63 66 28
25 74 38 53 82 66 51 41 18 33 97 54 92 61 87 24 15 86 43 41 95 28 56 13 9 68 64 53 98 84 39 38 14 15 83 13 7 10 91 43 8 39 9 61 89 80 63 64 8 94 20 69 11 42 67 79 68 30 30 35 33 72 44 8 72 48 70 83 73 12 91 16 74 93 82 2 66 55 34 61 99 38 9 2 92 40 78 81 9 74 28 76 46 70 57 9 13 80 68 91
61 63 66 73 39 50 0 44 35 3 56 10 39 7 89 68 88 54 7 0 68 19 54 63 73 46 30 7 61 10 73 84 22 49 56 76 11 11 29 28 73 95 1 21 16 20 81 85 38 15 36 17 38 47 3 52 98 3 79 66 1 67 40 24 25 16 8 96 33 15 57 13 80 73 54 45 4 80 91 58 34 29 8 95 29 4 24 21 8 10 85 82 44 70 44 92 30 55 94 12
58 50 60 44 57 99 25 19 49 45 82 7 4 79 56 77 65 34 92 56 92 61 27 50 25 15 62 34 87 22 42 17 53 2 91 48 9 22 98 36 78 26 72 16 25 52 45 20 87 31 16 54 54 60 34 39 19 83 82 17 57 74 2 66 23 19 94 50 75 74 96 46 27 10 53 10 55 90 54 45 0 21 63 56 57 25 70 9 89 82 37 20 61 33 27 41 61 5 48 18
84 94 73 75 1 11 38 50 94 67 69 14 31 63 11 99 88 23 37 39 51 1 63 47 50 75 95 37 26 34 25 34 27 67 37 75 55 43 32 64 71 92 11 36 20 84 27 6 47 28 6 95 77 0 82 60 9 45 34 83 42 97 88 85 71 1 86 91 2 17 28 93 54 31 86 94 32 29 70 84 71 4 72 3 3 23 16 49 71 97 93 80 25 65 99 81 78 19 83 63
45 65 31 69 83 65 55 99 97 44 18 59 66 12 36 71 86 28 11 13 73 57 23 67 34 85 64 4 68 77 43 46 31 88 99 13 32 63 38 67 71 80 20 32 80 44 9 12 64 53 6 75 23 12 92 14 46 93 94 70 91 16 56 55 38 33 18 61 94 84 37 23 27 21 72 60 94 79 45 13 54 1 9 22 2 24 21 32 56 60 97 28 34 27 27 41 81 86 97 14
91 2 82 27 66 41 23 64 35 69 93 12 75 51 9 63 82 70 47 21 8 60 94 77 52 49 46 84 40 2 90 13 11 64 9 33 57 83 0 58 20 44 80 12 85 91 11 20 80 6 6 30 37 56 56 11 18 86 79 19 22 45 39 38 65 57 61 61 1 65 61 5 24 47 17 15 60 84 91 40 24 57 48 52 53 24 73 85 3 57 88 78 42 72 52 36 73 20 5 3
16 6 72 3 68 89 28 79 80 52 83 30 56 27 74 36 39 94 38 12 82 65 73 68 28 21 91 68 79 61 90 50 55 85 11 84 37 37 5 5 54 84 85 25 51 44 97 29 75 13 69 80 63 90 39 61 55 44 99 87 78 17 15 49 40 20 93 52 23 17 92 46 63 78 96 70 67 21 28 45 93 44 43 97 37 12 94 23 1 48 44 34 84 25 31 76 27 69 24 36
89 47 86 41 29 97 71 35 19 46 89 49 47 77 64 57 63 56 59 56 32 74 90 69 10 25 65 41 99 65 78 72 62 1 72 73 11 56 7 54 73 93 50 78 21 74 52 40 65 60 19 71 5 91 94 14 82 89 69 18 69 69 2 9 51 83 75 56 23 36 52 85 71 68 89 83 49 38 60 24 69 74 86 88 3 23 28 34 72 69 95 99 29 47 37 42 83 42 42 45
80 16 36 99 79 66 80 88 68 3 9 32 50 79 94 54 90 96 22 34 56 77 94 65 8 79 78 66 76 3 49 66 68 37 34 91 59 64 8 86 95 50 59 1 14 31 16 91 96 12 39 87 6 85 40 0 60 86 46 58 28 21 28 80 37 87 44 22 67 36 97 55 26 54 95 77 3 34 9 70 21 48 67 80 94 51 78 10 80 85 93 85 31 71 27 68 21 12 3 76
76 88 83 96 64 46 42 31 23 33 81 6 70 76 46 92 31 72 1 82 40 72 28 34 16 50 86 33 83 50 13 51 23 26 93 99 68 10 7 3 97 35 82 79 8 19 9 92 23 60 49 59 55 21 73 67 19 12 46 45 86 97 4 70 83 45 58 36 27 95 44 73 44 57 26 84 43 15 54 67 62 45 32 44 67 19 34 5 70 26 79 93 85 89 19 21 65 40 53 74
68 63 40 56 86 91 31 2 32 25 43 70 32 98 77 30 64 18 10 33 13 59 42 73 48 13 19 16 37 48 55 19 74 52 34 15 73 5 89 94 15 49 20 95 44 89 10 50 15 16 15 32 44 85 58 93 1 46 18 81 71 12 34 78 39 70 57 11 40 61 57 29 72 78 60 80 2 55 45 59 33 61 37 35 80 14 25 15 98 12 43 69 19 68 59 53 42 13 95 69
84 60 77 23 4 69 38 26 79 11 19 35 63 81 7 6 51 55 40 8 13 73 17 96 7 63 42 54 51 6 78 72 70 12 19 19 39 39 26 54 36 69 31 4 1 39 9 51 13 95 60 35 63 36 66 5 62 89 93 41 46 69 98 79 58 33 46 79 67 93 14 75 51 94 25 2 24 13 3 47 94 9 81 62 50 88 56 51 56 54 11 90 69 14 46 73 58 65 12 6
96 70 57 95 84 80 84 44 60 1 79 96 56 91 43 93 32 64 48 17 81 62 96 83 3 57 82 24 9 22 77 94 33 17 45 32 59 50 56 34 71 49 35 10 90 16 60 28 18 24 84 52 45 36 81 26 71 63 17 86 83 57 50 97 92 88 99 77 74 84 4 86 72 7 78 16 31 18 79 50 85 70 97 27 97 53 1 85 63 14 35 17 14 62 57 28 28 68 94 59
40 71 78 87 66 11 51 88 1 0 56 32 28 83 40 31 74 7 73 57 85 98 29 20 50 85 36 79 89 20 4 53 37 85 18 66 7 83 89 2 72 67 63 74 23 76 50 79 71 2 15 56 37 30 67 13 38 78 54 72 5 59 73 98 3 87 75 2 90 65 92 16 62 85 22 60 26 91 28 51 43 62 73 33 13 92 84 25 20 66 49 24 89 52 12 53 39 50 61 52
64 71 31 82 47 61 55 41 93 2 49 51 26 74 95 14 25 1 92 10 67 41 98 51 72 40 20 70 50 14 26 3 69 70 73 71 6 54 69 52 19 53 97 3 83 49 6 66 57 3 26 97 34 86 14 86 60 87 28 92 3 59 52 50 1 86 33 34 88 6 59 38 17 20 19 53 80 12 28 89 41 85 4 53 33 18 58 27 18 53 73 82 12 10 83 0 0 33 57 78
98 0 39 17 3 98 17 15 80 19 13 30 53 24 20 80 45 57 86 10 71 94 95 69 46 60 72 2 64 67 15 80 21 46 1 66 22 10 48 30 70 90 7 25 46 49 57 33 42 26 17 3 44 84 54 27 70 27 52 97 86 64 37 12 57 82 88 26 92 43 62 53 5 80 34 66 94 37 27 66 45 65 25 32 13 63 80 72 0 23 42 96 17 29 61 98 92 14 9 43
68 10 61 68 84 65 11 86 73 28 40 98 2 85 56 24 90 14 42 89 89 65 66 88 57 23 13 0 87 71 60 20 45 36 81 24 44 54 82 83 60 68 86 6 91 28 75 82 30 58 46 81 40 92 5 62 65 19 5 19 96 87 88 9 72 69 3 97 87 32 83 55 57 75 59 48 53 73 29 81 63 78 55 45 40 24 68 66 2 81 68 28 6 11 66 13 97 16 83 79
24 23 23 66 46 35 89 4 38 46 44 89 49 70 35 72 18 37 97 80 88 68 1 31 4 38 2 27 41 4 15 91 49 78 5 39 61 15 12 44 93 76 40 16 64 13 26 70 34 60 85 24 96 66 49 40 72 69 65 93 85 65 11 18 39 89 53 72 91 8 60 25 61 56 77 84 3 71 41 18 87 8 31 81 63 42 6 84 95 90 46 87 97 48 11 74 74 31 82 74
5 98 71 8 10 44 22 24 18 12 82 37 48 32 10 57 28 22 43 42 13 86 37 28 74 57 20 88 85 23 77 38 4 56 34 0 88 83 42 1 66 64 91 94 27 91 74 51 97 98 59 93 78 69 33 10 9 7 59 20 28 19 14 25 96 53 53 26 3 43 19 55 1 80 21 23 51 61 78 66 30 57 58 6 54 35 67 66 90 16 57 93 80 20 87 85 95 5 35 23
25 95 98 80 75 41 26 80 79 57 24 33 54 36 54 40 25 54 63 48 15 11 55 62 65 16 78 92 52 38 7 55 17 6 55 17 71 81 90 11 35 83 43 64 4 1 97 76 44 69 18 41 43 67 40 93 98 49 39 16 1 86 54 61 87 57 84 75 61 32 71 61 68 16 87 32 82 52 24 76 96 36 7 92 56 67 5 87 60 2 5 10 35 99 85 20 68 91 23 81
89 99 68 92 41 98 59 73 51 55 39 63 89 77 12 75 60 89 33 8 94 12 33 25 12 93 25 50 23 81 89 51 76 60 22 36 35 71 59 15 42 92 14 27 71 66 83 70 1 15 3 48 31 12 59 54 76 16 24 23 72 28 55 85 55 86 36 70 89 25 57 32 98 46 16 57 73 36 9 79 10 69 26 19 34 92 90 95 7 35 6 7 47 81 34 90 24 93 19 16
60 73 98 20 35 3 62 96 74 11 34 54 75 77 4 59 73 90 13 44 2 61 24 41 71 79 4 31 33 15 61 66 5 57 21 0 29 82 93 24 92 66 81 61 32 54 12 75 22 7 31 6 72 86 57 23 63 27 47 96 85 0 25 30 96 70 10 51 31 89 79 64 2 7 9 61 89 14 9 3 82 44 28 43 69 51 23 33 65 85 20 97 77 36 72 16 51 12 69 56
7 99 44 13 78 81 94 24 66 5 68 95 28 66 53 33 36 42 16 75 97 95 46 92 46 0 4 25 94 63 21 87 98 60 22 97 56 9 35 57 67 75 39 34 84 94 33 65 85 0 77 43 37 22 32 32 62 28 39 80 47 87 31 5 11 22 30 56 31 43 84 71 76 51 30 70 17 17 10 53 96 71 79 22 23 24 13 31 28 17 2 74 32 58 57 86 29 92 75 47
67 49 2 60 74 55 15 81 64 32 1 77 42 69 43 0 83 53 21 66 13 49 50 44 9 11 24 79 55 13 78 75 44 15 38 12 85 38 70 65 76 7 88 48 43 69 77 14 89 68 74 94 13 35 19 74 40 19 23 81 70 72 29 53 21 85 37 43 45 43 32 47 94 71 27 0 40 25 46 22 37 85 0 6 29 95 91 18 68 96 34 42 23 25 61 80 32 14 68 59
97 88 81 24 44 28 86 5 95 11 55 93 49 46 76 93 76 49 95 52 34 23 79 91 48 57 56 48 96 56 82 37 10 80 46 19 61 97 8 13 19 90 68 24 3 16 96 46 14 47 22 47 4 96 92 93 94 57 71 76 62 65 91 36 27 48 45 75 38 75 94 21 21 5 49 92 89 99 65 78 8 16 80 69 39 10 21 21 0 25 91 62 78 35 75 34 29 8 41 65
95 26 20 59 86 97 21 14 83 91 20 67 6 30 56 7 71 54 51 67 71 3 3 66 78 52 10 81 32 45 22 29 82 97 68 9 72 46 65 45 56 42 67 35 49 13 18 21 20 40 56 63 1 28 6 20 1 82 25 91 11 26 15 40 96 55 94 44 42 40 26 99 0 58 54 38 2 61 36 14 26 56 69 40 7 11 30 52 31 74 85 46 36 37 18 86 35 52 11 96
7 66 58 88 85 16 62 93 11 89 25 41 10 41 85 2 92 45 93 51 66 97 92 32 50 41 57 88 65 14 0 42 10 29 89 92 33 15 24 23 88 6 18 23 58 88 81 33 36 31 79 40 7 96 20 2 57 69 72 35 21 56 50 28 21 92 8 56 28 43 66 27 12 13 62 6 35 69 73 20 7 36 38 89 76 74 66 53 48 24 22 47 28 21 18 99 65 43 83 8
40 70 77 82 68 29 41 31 15 86 81 12 1 71 16 42 55 2 34 44 40 24 25 62 52 42 16 75 75 93 0 97 82 75 4 59 0 35 18 38 46 52 36 95 3 95 2 76 58 51 41 22 48 59 11 51 69 35 22 35 63 84 25 72 88 87 65 74 92 50 12 85 32 89 98 94 79 48 15 79 15 50 43 91 80 79 9 50 64 9 18 34 24 39 0 66 17 55 95 60
80 32 88 6 45 54 13 6 87 2 97 63 95 69 97 85 56 1 51 30 54 8 53 45 63 26 52 21 82 45 16 62 80 96 82 79 61 93 77 49 14 44 46 86 45 25 36 90 52 51 13 81 37 75 26 27 43 51 36 31 5 62 25 60 48 66 46 31 15 18 47 41 43 78 65 17 55 19 78 68 73 23 68 21 61 39 3 9 63 74 0 8 93 90 16 14 57 50 21 61
95 5 54 3 40 56 43 12 51 89 55 22 42 61 72 41 28 32 46 11 57 55 73 79 46 68 25 41 12 35 31 89 45 26 62 91 64 35 56 23 14 98 69 79 24 76 72 62 9 26 86 85 22 15 83 3 83 83 90 7 75 13 4 35 3 95 35 42 12 52 91 26 17 37 72 0 70 78 39 25 98 99 99 78 68 34 95 15 98 90 53 50 26 27 19 13 61 49 42 59
76 33 6 84 92 62 73 14 84 38 29 1 82 22 24 23 93 66 74 96 37 60 72 30 45 48 78 63 51 47 77 12 35 21 99 20 25 50 67 76 21 75 64 35 40 75 98 57 85 83 78 66 5 47 69 96 15 71 2 97 53 0 9 65 68 30 17 30 71 81 91 56 5 66 43 98 64 84 18 60 47 37 74 4 90 83 92 87 62 40 50 72 33 18 59 29 89 29 79 10
94 47 5 44 74 83 73 87 8 89 29 19 49 60 74 88 23 5 13 53 4 94 69 97 2 90 98 42 18 39 32 14 34 86 99 84 49 54 31 27 61 29 32 25 3 75 1 70 53 91 46 1 37 44 61 52 1 85 70 73 61 71 25 39 0 38 19 40 28 45 46 15 43 59 26 80 64 41 83 64 52 38 87 68 44 70 82 39 11 77 42 46 27 75 14 22 85 30 28 71
9 80 5 79 31 87 66 45 56 21 61 68 45 53 83 16 23 43 63 61 90 0 79 99 67 24 89 83 7 80 82 48 31 67 94 69 3 39 51 2 23 73 36 8 61 77 26 58 45 76 55 18 31 22 43 56 39 14 27 72 79 35 40 86 46 65 48 67 14 52 37 46 6 66 28 5 17 26 73 1 40 96 0 32 49 47 17 35 90 99 65 54 96 26 89 3 10 70 40 25
90 79 72 0 40 25 71 71 17 65 85 19 0 43 29 0 90 43 54 76 75 43 10 16 55 50 6 5 7 22 89 28 56 38 58 56 84 97 24 26 84 2 95 51 10 95 83 69 66 90 53 90 96 98 59 98 92 80 33 94 93 47 94 82 80 70 39 40 72 44 12 42 13 9 8 23 12 13 56 31 18 62 56 41 61 13 57 48 55 98 86 5 62 12 89 25 44 30 13 7
84 57 93 15 50 66 8 94 80 17 71 55 98 27 74 50 74 61 72 4 91 51 84 65 46 14 31 68 47 3 66 48 52 5 46 53 96 33 13 28 29 86 73 33 81 68 37 19 51 95 96 3 62 36 5 74 28 92 9 52 25 39 38 41 84 95 85 0 38 45 33 91 50 77 49 56 0 45 64 89 55 26 77 6 90 5 68 20 94 62 74 43 98 21 6 9 14 68 1 78
97 32 68 75 64 78 78 13 6 61 68 13 61 30 67 62 21 2 35 9 96 77 99 37 43 53 98 13 82 18 27 55 16 64 27 41 6 80 1 19 51 73 77 66 45 76 0 83 16 18 45 26 52 14 64 3 93 72 29 70 26 28 26 40 56 24 68 94 29 74 16 63 5 10 84 66 94 82 96 54 70 74 68 22 61 84 66 43 60 90 64 90 19 46 8 3 29 99 67 81
40 77 97 81 84 33 22 32 51 96 91 63 51 31 85 18 53 71 47 80 81 58 3 45 12 68 68 14 51 4 14 8 57 78 48 63 13 5 62 62 69 96 81 60 68 18 95 43 52 90 60 73 90 54 94 59 12 65 52 19 23 27 25 93 88 14 64 69 12 96 37 32 10 26 9 32 62 99 47 96 76 74 46 50 20 97 70 19 83 16 48 28 30 98 91 33 39 67 35 86
5 10 94 30 48 44 62 16 22 44 90 24 55 85 47 74 22 87 9 26 75 81 0 36 75 85 43 5 49 89 65 0 58 34 66 6 17 10 99 28 29 49 60 36 75 51 39 30 13 68 23 49 67 92 45 67 32 15 46 85 44 47 16 99 34 16 72 50 67 84 4 16 18 58 80 38 47 24 89 38 52 18 70 23 52 70 84 43 22 17 18 95 20 3 82 93 83 69 41 96
55 56 66 49 74 30 96 88 4 71 42 88 32 66 87 65 32 67 67 76 22 98 69 78 51 5 82 69 51 95 62 51 60 8 75 16 45 16 29 86 19 80 24 5 8 24 58 10 47 34 10 91 88 31 74 93 19 15 87 63 13 35 58 46 19 84 57 59 86 68 54 80 49 99 83 38 44 59 96 79 21 13 34 65 15 81 64 35 75 57 59 63 38 51 85 17 91 1 21 33
25 75 12 0 6 97 41 69 82 76 55 74 46 54 31 99 11 49 43 86 16 91 27 30 68 23 55 6 46 78 39 83 54 17 33 21 53 48 81 52 45 36 69 85 74 56 53 10 5 42 34 82 98 10 81 52 35 77 90 90 79 89 47 54 44 50 98 44 19 45 58 77 54 95 13 39 50 39 29 51 73 65 44 17 62 64 96 18 90 37 90 35 46 44 75 19 90 14 13 7
47 32 26 57 83 64 91 61 58 31 0 55 94 50 58 58 96 8 74 16 68 3 38 74 29 95 95 37 74 63 22 20 65 71 3 37 23 5 44 65 1 87 91 3 28 93 57 96 14 79 18 61 71 49 20 7 26 62 3 35 61 30 31 21 76 20 53 39 89 39 91 72 98 33 95 19 20 28 65 15 65 89 28 44 77 54 77 35 59 91 20 13 8 0 68 66 82 53 92 16
34 88 88 49 13 30 90 86 29 23 8 93 64 52 23 6 80 49 78 9 19 34 17 75 14 27 62 35 27 87 25 48 3 40 17 77 2 71 80 95 83 98 16 21 52 35 82 40 45 99 21 8 25 52 70 87 82 60 47 66 66 53 3 48 4 34 97 36 94 93 58 9 57 72 38 50 71 23 24 15 95 0 53 47 15 44 38 59 9 6 95 17 60 71 8 2 5 80 19 27
88 23 98 58 77 36 83 65 81 27 96 25 23 8 27 98 56 7 64 48 6 10 70 49 96 70 59 32 57 93 11 11 81 43 69 60 49 41 91 79 83 4 98 68 25 90 67 49 86 8 2 92 40 65 11 33 31 21 49 85 41 63 22 74 17 85 74 62 14 28 23 57 83 1 31 40 62 2 74 81 74 96 70 65 95 41 34 90 64 95 2 40 43 35 37 14 64 45 16 11
25 64 84 65 69 37 62 67 44 87 50 70 14 25 28 61 69 49 64 47 27 54 56 54 49 34 9 66 15 28 87 47 55 20 59 37 22 95 28 49 40 7 44 13 30 18 81 95 90 17 91 20 6 59 75 18 72 95 25 34 15 14 85 22 19 62 89 75 47 48 51 39 15 90 26 89 22 35 5 41 53 3 53 27 86 8 76 45 94 34 94 60 8 50 53 43 37 74 57 71
27 6 87 42 89 9 92 28 25 89 98 83 93 28 36 22 23 93 97 86 42 31 51 15 18 68 41 43 4 99 12 53 10 94 98 39 21 84 82 20 0 67 62 99 70 29 9 50 33 92 71 68 88 51 4 15 44 27 0 71 1 17 6 58 14 44 43 39 23 5 34 42 44 92 2 67 91 47 77 39 17 76 43 49 65 77 89 62 92 80 98 15 21 32 68 27 58 22 9 52
92 90 53 10 32 97 54 95 48 33 64 1 3 44 98 17 23 77 57 5 23 69 52 45 22 99 93 32 19 80 45 91 70 55 18 58 79 32 37 80 86 80 17 73 15 89 22 92 96 93 92 39 27 36 2 79 8 64 61 15 20 21 44 98 31 22 97 42 28 96 34 86 94 83 35 76 69 79 86 72 0 55 39 13 27 72 97 79 33 41 83 68 26 6 33 88 93 40 5 68
