100 100
31 79 73 96 38 48 31 98 82 68 61 68 14 12 15 83 65 34 62 94 63 27 57 76 72 32 17 65 29 67 35 12 55 50 83 7 20 54 0 59 74 31 18 23 39 32 67 10 31 28 41 55 27 61 33 21 30 19 53 97 64 64 20 54 49 23 75 98 33 77 15 71 22 83 46 46 56 90 57 72 67 15 83 16 49 84 87 89 2 41 95 19 50 93 63 82 42 46 94 5
28 54 15 83 68 33 71 78 74 13 77 92 3 72 4 49 24 16 28 35 47 49 24 26 75 89 40 7 48 82 61 13 90 94 92 87 20 48 42 79 4 11 20 94 19 34 17 8 70 83 93 3 57 21 22 40 21 27 53 62 1 53 23 78 23 96 47 69 95 46 92 10 55 49 46 98 97 52 0 62 35 47 18 85 20 76 44 7 81 15 12 16 25 9 38 72 75 2 71 78
96 29 22 27 62 54 64 59 98 73 88 52 28 70 26 12 0 9 16 5 97 7 32 20 20 22 72 51 77 64 52 26 3 26 13 16 36 45 52 15 65 49 88 74 69 94 54 59 50 53 55 86 14 47 63 71 79 4 33 53 14 41 10 12 97 73 57 38 34 81 91 70 52 62 22 88 79 53 94 88 41 71 22 42 76 32 35 7 27 50 24 16 15 25 52 73 5 12 24 10
61 44 32 0 72 89 92 49 77 6 64 1 23 64 90 89 32 4 39 22 87 10 19 28 74 84 54 51 73 13 41 2 94 40 81 80 80 76 73 66 15 99 99 32 10 12 43 85 73 64 24 11 70 80 71 92 89 37 69 99 58 29 7 71 32 27 13 38 70 48 28 86 32 48 76 58 86 33 2 70 99 18 27 33 89 21 41 23 36 47 58 0 53 67 24 3 68 71 12 39
9 40 52 99 37 45 56 29 40 73 67 25 0 33 21 8 97 6 48 71 56 48 47 15 35 91 59 99 93 20 33 88 82 52 35 75 10 0 54 37 24 19 95 68 69 39 90 31 58 84 51 64 77 88 13 60 29 45 33 72 14 9 93 55 74 32 55 18 37 93 31 96 40 35 95 63 41 36 34 17 31 77 52 79 57 3 85 2 11 4 24 72 8 90 80 40 72 82 97 51
63 65 19 57 43 27 50 61 54 39 90 64 87 99 28 35 49 12 81 83 26 49 9 41 95 83 93 42 93 88 90 23 74 21 60 42 78 26 69 65 35 43 87 51 48 99 79 20 97 43 62 71 35 67 19 89 37 55 8 70 32 78 77 43 1 69 81 4 41 7 54 17 11 14 19 51 56 29 13 30 53 74 16 27 88 78 27 96 62 24 64 71 47 2 6 36 52 80 83 16
58 20 1 13 49 2 48 75 58 39 45 40 20 10 66 12 14 81 60 35 14 85 77 88 54 40 44 29 68 66 66 80 94 58 25 45 16 86 27 37 23 95 32 4 20 80 98 4 51 32 30 30 29 65 75 32 60 31 22 56 2 99 70 64 93 41 2 60 62 37 54 51 81 24 19 70 88 53 23 49 84 45 97 25 30 2 70 95 10 32 99 93 23 38 46 60 29 31 46 54
41 10 47 43 90 84 27 30 89 93 55 36 23 13 54 95 54 46 36 76 71 98 54 12 53 92 50 77 93 68 6 83 38 57 43 98 24 53 49 85 61 25 24 93 94 64 35 63 2 88 29 35 30 87 5 70 14 2 63 43 2 32 88 2 36 71 27 24 90 53 84 48 84 35 98 10 63 29 56 58 13 15 26 76 21 95 44 13 16 53 37 50 33 35 4 33 4 52 80 44
64 90 90 56 72 91 53 91 81 49 66 89 61 86 83 49 80 8 13 9 59 9 62 7 80 26 41 49 5 95 58 17 60 28 60 22 94 91 44 26 56 97 43 50 83 35 26 80 22 86 86 6 62 69 61 31 37 37 65 93 34 5 87 77 20 75 32 2 10 31 18 87 49 25 95 41 24 2 68 26 41 69 93 17 23 53 13 58 13 39 40 12 83 43 97 99 23 10 11 90
48 8 44 56 95 46 2 23 16 83 42 57 42 9 56 25 96 13 94 76 56 33 73 27 21 87 68 97 34 21 30 43 91 39 73 69 49 28 71 98 73 9 66 58 88 25 60 17 98 66 48 90 19 62 94 17 14 23 4 35 62 78 22 20 97 6 17 93 57 22 25 2 19 53 34 59 80 83 41 45 38 55 80 2 42 47 47 36 57 64 39 74 51 23 30 56 42 31 55 22
52 11 11 41 34 52 26 92 62 7 4 2 77 30 79 30 59 52 16 51 34 87 59 37 0 91 32 58 88 72 69 5 79 87 38 35 32 64 47 68 45 6 65 37 2 62 61 39 32 72 73 9 12 1 57 99 95 55 98 25 77 44 1 87 35 49 33 2 56 46 93 84 58 32 16 84 37 73 35 0 12 41 49 20 43 36 2 10 79 93 66 89 47 70 31 90 43 28 30 52
7 57 36 51 32 61 18 21 71 1 5 83 20 74 32 78 11 62 46 33 44 80 49 94 76 44 88 6 50 38 79 20 88 86 39 52 95 0 17 51 15 77 84 61 58 29 93 95 86 25 50 12 39 13 61 83 52 40 79 26 46 52 81 13 84 5 94 16 4 18 84 15 79 42 39 51 41 94 28 69 15 16 29 66 16 47 72 23 62 25 51 82 10 2 47 90 57 46 88 29
97 3 86 18 83 76 64 73 56 99 36 71 31 62 34 4 92 71 91 51 15 6 67 27 83 99 88 63 71 8 85 59 68 41 71 93 85 62 70 34 45 53 15 58 94 40 50 68 40 97 63 40 79 11 18 29 62 93 19 20 45 81 46 15 72 24 89 81 33 65 9 45 17 10 82 16 47 17 23 2 4 81 3 99 57 73 52 96 23 37 98 85 21 2 64 23 51 84 34 37
54 47 17 48 77 53 26 20 9 18 8 41 37 65 49 91 72 64 34 24 67 96 86 84 70 33 29 32 89 42 6 69 49 99 82 88 87 7 75 27 82 17 50 32 70 51 38 80 90 34 25 74 91 68 31 55 11 62 14 47 83 99 9 88 34 99 40 89 53 80 1 87 89 50 81 73 98 86 16 98 62 86 92 64 81 34 78 70 62 33 91 77 55 34 61 99 88 98 96 71
25 20 34 83 40 58 46 83 97 90 61 46 91 72 37 98 39 33 9 91 18 0 66 23 71 40 39 1 36 31 67 85 41 9 16 97 10 51 57 92 62 93 42 8 27 17 58 14 25 65 95 41 43 5 49 74 97 79 46 28 56 49 49 71 77 69 73 96 62 2 63 60 76 9 92 3 83 63 28 53 31 12 87 11 1 76 34 44 78 63 1 98 9 79 19 49 38 6 10 49
72 57 60 17 95 26 19 50 80 44 4 64 74 91 28 82 2 66 18 25 37 60 54 5 91 10 47 26 59 67 36 66 1 81 5 34 66 26 30 66 13 81 56 24 19 29 80 81 77 94 38 63 3 29 33 20 19 0 44 34 47 32 12 58 76 24 79 13 65 30 86 85 45 3 30 84 25 60 95 55 76 34 33 69 68 71 4 27 34 12 34 91 33 23 22 32 3 5 54 3
66 66 83 5 26 97 23 48 17 54 89 73 96 9 34 42 58 12 68 81 30 75 42 85 58 44 72 2 4 36 98 43 24 61 54 59 36 79 96 69 82 66 63 53 27 26 78 30 38 12 71 90 13 65 21 88 83 44 13 29 82 57 0 34 98 65 98 7 50 88 3 71 87 9 31 14 26 27 44 6 43 95 54 22 79 16 91 90 21 1 88 83 0 5 20 23 85 89 34 59
37 12 50 0 31 56 82 53 20 67 18 73 24 2 12 42 19 56 13 61 97 39 5 37 0 2 68 28 86 77 84 21 70 33 74 97 10 66 67 44 25 14 81 96 31 79 90 63 54 64 79 37 31 64 33 75 39 75 99 73 97 0 70 64 77 0 55 95 18 31 7 67 1 86 22 55 11 76 97 37 84 57 38 30 44 25 29 36 47 91 47 62 26 72 47 19 4 24 43 44
67 54 30 62 22 93 79 24 40 83 48 55 74 97 32 65 99 2 83 77 17 26 66 69 29 99 58 99 10 1 18 60 31 48 29 99 77 25 96 79 70 87 32 87 58 27 74 40 51 23 90 60 15 57 16 53 76 42 12 42 86 61 73 96 18 62 52 86 94 49 20 25 13 49 3 36 67 30 37 16 36 95 48 70 19 74 57 1 42 15 85 86 94 37 18 44 71 28 5 93
90 40 7 50 37 14 95 19 89 14 78 21 79 70 84 49 78 26 77 0 23 2 54 58 42 62 14 56 80 41 94 4 46 33 64 7 98 43 65 81 46 19 77 91 27 33 97 65 2 80 42 22 72 3 48 0 68 95 32 93 36 53 82 92 1 3 12 21 89 64 58 21 2 56 13 32 8 13 35 0 70 17 76 47 69 98 27 12 67 63 30 99 1 6 74 24 86 66 75 11
23 59 0 57 90 62 55 2 13 24 88 62 73 45 55 1 5 46 88 23 28 35 66 0 0 73 29 85 63 9 90 53 27 70 15 3 73 89 79 24 7 22 16 26 66 43 37 28 4 1 90 83 5 21 26 26 45 42 93 31 6 40 50 56 76 25 64 78 20 9 21 22 64 96 93 97 66 22 16 79 56 59 13 90 9 88 83 61 84 9 62 65 99 72 64 66 46 0 14 42
13 49 38 84 20 82 83 2 55 18 90 29 88 22 35 31 26 16 78 17 65 6 65 39 60 21 48 99 84 0 28 52 77 55 6 44 63 98 33 0 21 11 67 20 48 95 34 52 60 61 28 28 41 52 75 81 87 36 34 92 21 60 82 44 39 71 41 97 37 8 0 24 20 58 93 30 26 5 18 56 3 58 60 81 82 27 45 44 38 54 15 85 89 83 8 42 3 52 43 30
79 6 97 45 62 68 95 64 89 42 82 22 26 41 62 59 31 73 66 88 29 74 3 25 82 92 56 91 60 97 62 89 76 36 67 59 20 85 67 69 50 33 84 50 95 88 72 16 65 16 56 76 52 65 18 98 27 13 92 13 15 8 99 63 48 23 78 4 73 6 61 81 52 32 48 31 20 97 81 75 1 21 66 5 34 91 5 81 91 81 8 93 47 77 21 91 60 38 49 98
62 26 21 89 91 37 96 46 18 79 69 54 8 62 19 55 5 66 67 21 6 73 68 86 86 90 5 5 52 85 97 2 81 98 28 26 49 39 2 80 8 83 56 11 60 27 67 65 98 29 33 44 21 60 74 48 19 70 12 84 98 14 6 11 84 25 81 90 63 89 66 76 29 42 89 21 6 39 78 39 76 53 45 81 84 93 54 96 22 28 78 46 92 61 31 68 27 78 91 86
14 89 25 95 82 43 48 71 62 8 48 68 77 67 69 25 37 7 83 89 15 53 35 54 57 6 16 0 28 37 16 88 40 13 77 22 0 28 79 86 37 8 33 84 94 15 38 8 49 53 22 38 41 19 56 58 74 62 43 87 53 51 4 40 78 54 38 77 41 12 49 77 78 71 10 36 69 28 11 9 67 54 85 39 75 18 21 50 46 91 7 48 26 36 72 63 30 86 18 69
1 32 28 15 39 20 63 92 20 34 64 83 93 87 30 26 51 26 20 51 79 36 10 57 71 86 6 8 49 64 27 59 66 20 99 27 80 13 94 64 90 81 0 15 88 88 78 63 19 79 62 28 91 90 87 79 69 17 90 14 58 39 6 60 72 96 88 24 85 22 57 64 21 90 94 98 97 84 51 43 26 89 27 22 47 78 50 39 47 29 53 6 88 5 75 55 3 94 22 46
14 28 18 76 54 40 49 43 1 52 40 26 21 73 35 13 15 72 66 6 91 0 46 11 43 63 19 45 6 8 10 36 66 54 42 59 51 62 90 3 99 95 96 95 87 19 36 9 53 29 49 11 79 0 43 99 89 21 87 17 36 63 51 38 82 7 1 74 49 73 72 32 6 52 49 39 93 64 36 48 15 52 89 84 47 32 68 52 73 10 22 39 24 13 65 25 64 59 10 37
28 30 25 61 83 30 46 63 78 8 36 45 85 80 93 21 73 97 45 53 57 24 17 84 70 62 54 41 19 42 89 95 17 4 11 9 86 58 20 18 57 46 5 46 38 99 63 68 89 88 74 9 88 97 94 72 58 10 78 80 35 80 46 24 12 85 16 3 48 68 80 59 48 29 74 15 22 78 92 41 20 2 30 88 84 89 3 40 4 29 67 79 71 31 89 62 31 11 64 44
80 6 29 32 29 46 54 46 65 36 85 61 43 81 92 89 53 9 58 42 21 56 52 49 85 68 60 55 84 22 51 79 95 56 3 76 22 39 84 99 12 26 11 19 77 81 93 32 30 61 87 64 13 17 19 17 72 78 94 38 74 37 13 6 64 4 40 61 92 29 96 63 82 46 70 67 92 57 93 81 42 5 10 71 92 72 97 0 45 83 8 33 22 54 14 10 95 12 70 42
85 84 14 37 52 84 96 32 46 87 86 76 0 59 47 82 24 90 60 9 24 98 8 79 16 85 55 10 29 32 35 46 77 97 71 46 64 73 78 51 49 4 19 12 11 14 43 56 93 44 61 67 57 97 27 80 83 4 19 45 75 31 23 76 60 0 56 73 63 80 5 41 47 67 47 23 21 77 25 23 97 30 89 59 72 20 81 86 93 28 27 74 58 49 42 45 42 95 79 25
51 23 44 83 38 51 7 2 77 44 79 21 65 23 53 8 43 96 59 91 77 17 32 11 95 83 9 35 82 17 72 13 72 3 32 41 2 61 22 44 21 90 56 71 99 39 86 68 88 92 30 61 84 8 32 74 3 92 64 81 46 16 2 68 23 73 5 97 71 74 23 12 0 87 97 72 46 36 78 54 90 87 80 86 48 60 5 68 22 24 15 74 81 65 22 76 85 16 39 18
9 6 1 29 8 52 92 19 86 39 34 88 42 78 72 56 92 41 75 91 68 81 4 1 31 98 37 36 84 69 29 43 28 99 84 0 55 13 57 51 52 82 57 69 23 97 30 63 51 24 99 60 12 91 95 95 57 69 97 49 71 52 82 98 22 41 39 45 48 5 36 20 76 83 52 78 87 68 51 29 19 20 82 70 81 22 96 25 99 34 20 28 35 33 43 37 32 3 92 76
15 84 34 86 52 39 61 95 89 78 39 54 28 28 14 70 87 10 95 99 57 63 38 37 35 18 40 4 28 8 88 82 40 77 67 40 34 49 19 54 30 79 65 97 44 16 35 71 77 13 31 1 91 71 60 45 57 62 59 21 28 19 58 51 29 48 42 46 49 64 37 10 29 10 55 75 91 22 20 73 13 97 84 44 58 84 73 21 0 4 42 6 27 57 26 11 0 91 65 15
45 51 8 43 17 54 95 89 4 84 96 21 72 40 90 58 62 14 60 35 83 34 6 8 65 39 32 95 97 50 64 96 56 99 38 79 61 4 73 79 97 91 78 86 77 63 83 94 40 79 42 5 82 77 96 76 9 47 83 37 32 62 47 0 95 35 7 39 7 72 33 98 70 64 36 69 46 87 64 59 62 30 50 48 82 10 54 42 68 16 30 85 49 27 79 45 74 74 48 11
53 6 64 13 26 57 78 28 69 15 89 73 68 11 21 75 70 93 18 40 30 51 68 49 12 2 87 25 46 88 54 51 49 46 9 34 25 87 67 37 15 37 88 53 15 48 14 92 34 38 46 44 21 67 63 62 25 19 90 5 72 7 12 5 9 97 1 65 58 84 58 65 55 62 7 19 67 55 57 48 4 94 59 32 94 57 0 76 64 27 49 45 16 38 59 60 65 29 22 79
44 73 63 77 15 73 70 30 93 68 17 83 8 56 22 74 41 79 64 80 52 66 53 40 63 12 64 12 36 1 90 22 56 77 38 69 57 13 77 38 3 7 92 26 54 12 33 48 30 75 36 40 38 56 15 96 60 58 36 70 25 14 66 39 70 41 94 18 78 85 14 73 98 59 35 99 41 94 51 77 62 9 20 67 22 16 6 21 85 98 55 78 35 83 94 23 39 90 43 68
35 86 1 53 58 86 93 53 93 76 44 96 67 36 96 8 87 13 10 47 41 69 30 63 23 41 57 97 93 5 52 26 7 68 52 12 39 63 81 33 17 78 58 38 7 88 93 67 70 23 96 78 75 72 81 8 67 58 65 10 62 27 38 1 60 9 73 62 11 34 76 61 84 10 18 52 17 96 94 44 48 34 32 54 16 42 46 51 62 97 64 67 28 83 78 51 59 30 72 74
9 99 34 48 43 32 49 37 68 24 56 4 54 56 5 54 50 47 12 9 41 87 70 80 96 43 49 70 91 20 5 88 15 23 40 29 50 41 27 11 49 41 66 66 17 70 82 11 8 5 75 28 23 22 34 45 94 95 92 85 21 94 43 42 64 69 70 26 30 84 45 99 86 6 14 26 28 95 83 59 86 39 19 52 84 86 21 43 1 51 98 93 62 75 58 34 74 58 93 33
57 98 19 44 71 89 96 95 29 85 89 4 88 41 24 26 51 7 25 65 90 72 22 12 86 99 47 3 2 54 84 27 67 67 4 51 29 7 38 67 28 42 70 20 94 74 1 18 25 27 1 69 9 23 23 60 49 47 66 35 23 75 77 2 88 16 47 46 2 93 47 11 37 66 40 67 51 93 45 66 28 5 28 50 76 53 27 62 37 4 5 1 39 24 24 35 2 20 55 71
66 85 89 90 42 19 31 38 96 91 18 55 72 41 92 47 3 94 14 79 55 34 69 11 6 51 0 68 27 43 95 92 59 44 88 3 87 21 6 30 95 71 58 12 56 27 99 66 49 93 32 65 19 93 6 96 91 37 16 18 22 97 19 44 51 90 50 50 94 70 79 38 11 43 11 31 87 21 6 34 89 64 37 39 88 57 37 20 52 4 64 19 30 36 7 91 26 74 19 27
99 85 75 76 0 48 87 22 28 48 85 75 20 64 52 2 18 77 34 10 45 45 91 77 27 64 44 15 97 64 48 41 20 71 5 23 24 2 40 85 67 24 9 11 80 0 62 55 35 64 1 14 54 93 90 58 10 72 16 35 39 61 4 54 44 20 73 94 2 69 81 5 14 10 57 88 98 56 21 62 43 94 98 84 46 95 19 0 8 5 32 41 55 43 90 50 44 24 4 30
70 60 3 82 22 79 54 31 70 45 93 24 45 38 78 87 51 27 48 47 11 44 71 58 60 29 98 26 21 23 98 28 78 52 46 71 34 25 30 18 59 86 18 90 1 18 57 32 68 31 29 14 31 25 60 42 93 66 85 12 62 69 8 78 9 35 71 65 52 83 5 81 16 12 95 80 3 93 2 32 99 66 87 68 86 71 66 85 57 52 72 10 38 24 46 37 19 89 73 85
37 80 99 34 33 94 0 45 76 59 52 89 97 1 43 42 8 55 20 60 75 72 74 63 14 78 10 25 7 73 11 10 26 10 67 25 14 96 22 43 10 83 53 94 55 20 59 71 76 93 67 85 82 62 45 47 88 93 40 42 7 54 64 21 81 36 61 12 77 52 26 49 8 63 31 70 5 58 4 52 79 51 36 8 35 5 59 89 63 69 93 19 10 50 17 77 59 12 13 65
76 72 45 77 63 3 80 22 52 60 51 31 91 83 41 26 49 42 9 9 28 41 54 82 0 2 62 14 9 35 48 92 52 64 87 43 67 22 80 22 30 63 99 13 90 98 0 22 60 18 31 86 78 97 58 53 28 75 38 64 92 19 14 90 9 97 81 38 29 89 35 19 80 12 12 98 83 44 84 29 11 41 59 51 55 23 48 66 3 74 80 12 28 99 51 26 9 70 34 39
37 72 46 72 57 88 93 43 71 18 93 18 64 78 97 6 7 68 53 16 8 96 6 61 68 50 66 31 97 20 21 32 27 26 97 4 61 69 78 50 27 12 49 16 39 67 22 64 87 42 91 27 48 99 24 34 88 40 52 35 55 49 3 73 91 97 73 88 91 18 54 72 11 67 22 42 71 63 9 17 57 34 0 48 13 1 63 99 12 7 17 13 72 77 58 65 2 51 3 54
28 88 6 51 99 65 75 71 2 96 82 29 40 54 90 75 75 99 29 17 58 55 48 63 43 22 49 60 68 33 23 24 38 59 83 83 42 41 39 25 89 71 91 51 73 2 25 94 3 19 89 11 8 84 96 8 96 99 12 95 8 50 72 67 4 95 96 98 54 20 12 86 42 74 11 66 6 66 21 51 8 88 79 72 6 35 84 24 42 55 69 43 55 73 7 82 82 33 38 75
13 79 77 35 87 21 68 57 12 34 83 52 9 28 34 77 78 69 44 89 42 14 65 91 83 70 40 8 80 89 25 77 3 37 54 17 53 19 94 94 31 44 53 77 31 82 43 39 77 65 77 62 18 62 34 50 61 64 13 56 65 91 68 11 67 65 72 29 80 57 97 59 29 49 91 31 16 56 39 81 57 46 37 83 67 49 84 79 27 13 81 66 93 43 69 16 93 26 63 37
60 24 63 80 94 14 79 12 71 95 97 36 69 29 44 1 14 11 13 46 96 17 35 92 64 6 37 72 22 34 93 11 98 47 87 4 46 31 49 5 35 80 72 66 77 99 17 24 90 34 48 0 82 48 39 7 3 10 37 39 84 45 0 92 97 61 19 89 83 65 42 5 72 47 54 15 13 12 35 98 26 23 5 85 53 7 0 37 66 85 54 13 51 70 73 79 72 94 38 19
38 25 77 61 88 36 50 81 41 15 21 5 77 8 81 61 9 7 55 23 72 24 95 17 27 9 50 47 86 86 61 46 76 54 65 47 75 64 93 15 54 3 56 96 78 75 65 65 81 75 95 96 54 66 0 9 54 15 35 82 9 31 59 60 6 48 33 56 80 19 70 42 99 87 7 35 11 15 76 88 64 91 96 92 44 4 95 22 44 86 52 47 10 38 17 80 18 5 80 24
96 84 86 14 21 0 97 80 8 7 31 79 65 34 97 80 76 23 56 18 40 69 16 71 67 29 4 70 55 86 52 70 81 84 38 79 33 16 83 84 74 16 26 80 82 74 83 25 19 56 6 81 1 7 30 63 0 46 73 83 97 17 51 71 3 58 29 82 14 9 67 24 38 24 56 71 6 69 3 65 30 71 33 25 7 93 5 53 39 98 93 27 78 1 64 56 3 53 94 90
29 18 34 47 25 83 49 62 48 4 16 23 36 78 36 30 94 64 14 53 6 27 95 60 26 65 10 26 95 52 64 37 77 53 12 52 58 95 33 86 95 43 53 39 38 66 97 1 15 11 60 47 27 94 48 2 27 29 29 98 78 16 43 98 58 20 54 89 79 10 20 38 81 10 8 27 45 61 69 61 20 16 75 7 75 97 62 83 17 1 78 80 82 56 15 92 76 70 52 85
2 62 24 25 96 98 60 60 26 11 1 54 67 17 44 31 22 14 14 8 95 92 63 60 35 33 80 0 53 73 70 99 83 13 95 46 8 99 8 74 92 95 83 85 58 92 50 6 35 66 95 47 63 62 95 33 58 79 9 16 80 19 4 96 23 39 87 97 20 60 42 7 2 57 11 81 90 75 50 0 81 8 91 55 92 91 65 40 80 41 23 21 87 44 70 48 93 29 42 4
44 65 32 49 93 68 86 77 48 92 70 73 69 47 81 16 13 68 52 46 85 58 8 80 37 80 11 64 79 17 7 74 7 40 46 34 34 7 32 24 7 23 30 18 6 78 62 5 28 16 48 27 75 53 37 68 53 30 34 37 58 28 69 74 72 87 90 38 11 73 40 31 69 92 89 25 91 55 3 85 53 29 14 95 67 59 37 16 54 64 71 26 0 66 21 41 99 39 75 21
28 19 40 21 19 77 22 69 21 79 19 21 83 46 62 46 11 63 63 85 39 51 62 52 91 9 50 7 16 38 12 80 39 10 92 18 14 47 12 27 30 14 71 26 80 45 52 23 31 80 10 66 73 6 66 31 79 41 49 54 24 49 22 32 4 9 9 60 84 31 78 14 52 27 93 24 92 56 28 19 94 48 46 1 11 63 99 18 53 5 56 97 24 83 82 23 72 87 99 31
72 95 22 48 4 57 45 45 87 12 68 93 3 54 63 35 48 77 88 92 39 80 18 87 70 59 92 60 81 55 37 30 90 64 96 41 3 99 83 43 21 13 64 16 15 76 65 87 84 51 65 51 26 86 79 40 45 84 61 73 92 26 59 46 5 55 9 10 98 29 67 34 32 23 25 43 85 56 74 49 27 83 68 42 16 11 94 91 64 57 32 90 45 99 78 78 41 42 42 18
36 37 81 70 45 86 9 5 33 0 59 9 8 42 84 11 96 65 66 77 3 3 16 52 39 66 35 67 24 39 0 41 45 95 87 24 23 73 74 35 38 98 99 2 30 69 5 81 39 55 11 41 51 30 63 43 36 50 65 59 28 19 83 50 48 49 1 13 25 46 58 9 54 69 57 80 39 0 12 55 27 96 43 59 83 7 50 48 95 62 90 89 70 47 84 32 0 35 93 37
96 59 84 15 55 39 95 13 22 20 91 37 3 28 93 97 71 73 1 36 22 88 42 92 10 43 13 27 48 17 11 48 87 70 87 56 4 30 3 12 23 34 63 92 42 81 42 90 2 68 27 68 57 95 8 41 91 74 42 89 22 55 36 42 88 89 69 60 43 87 53 78 96 69 45 14 53 43 89 48 38 87 91 30 76 68 93 8 93 58 80 79 40 95 56 75 1 43 79 34
13 25 87 73 70 0 38 34 0 72 34 85 90 67 3 92 22 68 25 47 19 12 72 81 51 85 63 7 21 76 15 31 97 0 19 23 50 96 35 44 56 17 97 74 19 85 34 89 59 20 66 8 6 5 18 33 93 15 88 67 58 62 55 46 89 4 72 36 34 1 55 50 74 75 52 24 68 98 55 28 56 15 61 74 51 54 24 0 84 84 41 49 75 51 10 33 83 90 30 57
63 31 8 46 85 69 93 91 10 94 11 25 92 55 4 16 81 30 71 59 28 90 96 26 50 39 2 57 97 19 24 35 90 98 76 19 28 50 22 2 27 73 5 60 82 1 39 88 24 98 19 12 57 45 85 93 70 60 71 59 11 28 37 26 78 61 23 73 93 27 61 11 15 57 18 59 38 66 72 30 30 81 24 29 89 16 31 34 44 4 99 54 39 32 37 14 16 3 33 83
99 18 92 83 5 19 50 6 48 23 22 7 95 46 87 7 19 93 90 18 43 67 71 51 18 43 34 64 73 28 69 70 92 30 18 92 23 40 88 71 80 36 87 73 24 18 29 67 26 76 36 10 65 10 47 96 31 17 62 88 64 89 60 1 70 62 56 55 63 89 93 70 15 21 38 52 17 13 86 57 13 93 55 18 26 61 72 46 43 29 87 50 46 37 5 21 33 32 45 88
91 31 22 50 98 32 43 52 71 9 34 3 69 42 74 58 71 32 98 65 78 65 37 87 44 93 17 0 53 31 87 82 69 58 66 93 27 70 6 2 21 24 36 65 53 52 13 49 21 58 46 38 5 47 62 57 90 54 78 11 80 2 12 10 14 44 18 53 48 18 42 8 93 38 13 28 10 79 56 25 32 72 79 23 59 82 14 15 1 15 24 32 63 42 63 56 70 30 63 9
95 95 67 46 90 23 45 19 3 19 59 83 86 98 9 20 84 28 54 8 70 16 57 71 95 30 10 71 12 25 97 54 38 50 21 67 4 9 90 44 79 50 69 49 7 67 25 64 99 98 86 1 91 23 80 20 98 83 92 52 74 42 65 96 71 64 10 38 41 71 36 49 53 94 79 66 3 60 47 48 95 75 12 26 3 26 59 33 9 31 76 45 0 52 31 98 10 87 79 98
90 42 71 17 21 14 3 18 27 82 4 66 49 67 17 54 62 60 2 22 17 20 47 78 25 64 67 31 29 98 2 48 99 52 80 75 99 25 76 65 67 52 42 86 70 69 71 92 36 62 78 88 4 44 22 15 73 37 73 57 13 87 7 60 87 86 70 35 80 35 81 17 64 23 48 44 65 70 68 12 29 41 44 72 21 94 87 33 85 5 12 40 41 68 15 16 78 77 17 61
23 14 99 23 52 25 5 64 34 67 77 94 24 79 12 32 90 40 63 32 77 35 84 76 87 12 15 63 57 14 38 55 66 81 87 88 20 34 76 5 86 19 28 1 55 59 29 44 24 29 91 58 10 12 12 54 56 6 55 5 58 84 89 72 64 22 74 15 2 69 0 29 84 12 17 79 6 11 92 26 83 20 48 63 96 41 62 35 36 36 62 12 68 30 90 60 47 30 93 74
95 4 27 99 11 61 40 82 28 90 79 95 39 33 82 84 26 80 82 63 79 0 88 55 64 43 69 22 7 69 26 96 97 19 71 98 65 30 47 13 87 73 12 42 84 25 82 47 21 95 70 95 9 41 80 68 71 71 36 10 14 69 87 83 73 65 88 74 77 79 28 8 38 91 39 29 49 99 58 95 11 47 63 65 49 4 71 34 44 59 84 32 50 38 14 60 41 60 78 12
52 36 19 27 14 69 51 22 57 30 60 47 36 88 60 57 78 25 6 97 78 11 5 98 69 2 2 33 95 3 18 29 40 96 30 78 56 9 9 39 92 16 16 73 72 3 55 22 14 35 79 95 44 77 47 79 89 77 52 88 35 24 15 90 25 39 9 71 53 87 9 29 6 57 93 3 89 60 9 8 15 2 10 24 43 65 77 0 99 51 45 6 40 51 81 63 49 80 20 86
15 80 67 70 34 60 86 55 21 92 41 15 13 82 33 23 93 80 85 51 96 7 44 4 54 1 44 80 48 40 49 74 69 12 29 99 54 69 34 87 76 7 41 82 70 9 20 85 36 87 6 28 51 58 22 6 2 3 70 36 27 43 39 78 82 34 4 64 50 10 54 83 56 14 17 92 53 3 25 94 74 97 67 99 92 19 8 28 29 36 22 11 48 38 48 86 3 21 28 97
21 80 10 53 15 84 57 7 49 4 53 84 24 81 57 88 18 90 70 6 68 7 38 14 49 48 26 2 41 99 47 19 99 42 94 63 36 28 22 25 87 33 54 26 5 5 29 94 32 80 6 28 24 35 31 52 90 37 28 42 52 91 26 66 3 56 47 92 28 5 62 62 97 75 43 41 46 97 23 27 9 40 82 7 96 77 24 28 18 11 40 64 70 99 88 39 7 34 92 11
62 54 61 62 90 87 45 32 19 30 8 74 77 36 71 72 12 67 1 59 61 40 45 9 45 98 71 84 47 15 0 86 16 50 97 27 67 38 66 48 97 38 62 88 33 33 37 86 95 89 85 24 46 3 94 79 18 64 14 89 40 72 77 11 56 82 39 79 42 60 84 71 39 52 64 2 77 16 33 86 55 67 44 31 42 61 22 37 20 24 68 16 35 35 80 59 37 65 61 39
5 41 73 23 98 63 21 66 75 26 27 52 0 88 19 17 28 54 78 27 85 30 32 46 86 51 50 66 33 68 85 37 0 31 43 6 57 10 12 16 45 32 52 1 81 42 77 62 89 23 77 21 6 59 11 64 54 55 83 32 87 68 46 44 28 73 14 60 83 89 65 59 72 15 85 99 53 92 95 43 27 57 91 0 98 40 2 54 29 78 10 52 87 39 83 30 81 67 8 52
15 99 50 87 39 87 45 10 65 69 55 96 12 64 47 45 99 3 5 27 81 76 18 73 74 49 58 48 97 56 69 85 69 94 5 19 95 33 17 57 79 90 83 16 44 69 67 63 90 52 59 75 33 77 82 71 64 0 96 41 39 29 8 34 77 80 84 64 37 74 9 20 4 3 95 77 50 36 20 39 41 70 0 46 61 67 33 56 2 76 51 74 2 60 74 8 40 20 27 9
24 58 22 48 65 52 80 76 1 16 6 2 80 38 47 45 16 89 45 4 41 33 99 95 42 68 44 35 14 79 60 34 15 79 56 6 93 76 6 6 54 15 63 33 94 90 13 63 78 69 48 8 43 96 52 14 34 98 49 75 21 79 18 53 29 13 29 38 39 26 41 46 21 95 98 78 47 87 41 26 26 77 65 63 6 0 4 13 51 34 14 54 78 93 90 75 30 88 36 63
12 5 17 90 60 95 47 8 25 15 62 73 41 95 77 65 18 39 91 78 68 32 29 25 59 52 96 93 44 71 19 89 47 44 1 83 98 78 53 82 12 12 83 58 26 30 14 47 33 51 89 61 96 78 45 55 80 88 81 2 92 87 70 58 93 90 6 98 70 1 78 52 80 18 92 75 58 34 62 26 75 22 27 54 35 76 90 36 2 94 38 36 51 57 56 13 30 27 11 30
86 14 31 84 15 50 1 12 65 64 6 91 63 20 28 8 58 54 18 22 70 9 61 31 44 65 71 88 6 21 25 15 29 84 26 8 60 1 0 26 18 55 95 3 67 50 77 56 9 0 75 88 71 37 8 15 51 49 13 27 6 84 60 74 67 35 65 91 91 66 45 45 62 26 24 24 82 34 14 77 44 21 98 15 15 78 10 22 44 18 81 26 35 77 34 90 3 28 48 34
6 93 68 95 62 10 53 77 32 20 45 78 77 30 28 6 47 95 84 33 49 89 4 1 43 18 5 95 37 54 97 98 52 56 11 52 79 0 43 19 97 12 92 99 67 51 62 16 76 99 87 38 37 54 91 80 55 35 22 96 61 54 23 51 69 56 88 18 68 37 20 51 66 27 50 49 20 56 16 20 40 63 87 25 28 75 7 18 42 28 2 18 78 72 99 41 62 49 69 20
3 5 63 45 15 73 86 63 22 26 25 90 85 61 58 97 36 93 75 43 10 67 39 77 46 20 74 96 95 89 92 45 26 63 19 0 6 62 52 85 93 31 60 15 76 25 9 6 27 73 98 21 12 11 29 72 41 81 2 48 16 12 94 80 22 99 38 23 21 34 27 75 68 45 73 32 27 40 24 23 4 70 14 48 93 48 26 6 58 27 1 79 99 29 77 99 17 7 38 29
8 18 83 42 1 75 65 87 67 52 42 24 21 17 71 69 49 69 18 35 21 67 30 97 19 54 90 59 5 88 97 78 60 14 79 3 0 26 84 24 15 6 50 3 23 42 27 20 23 57 37 34 33 19 5 33 45 54 39 28 92 83 61 23 20 96 73 68 77 80 42 92 95 10 6 15 0 10 76 92 14 8 82 96 37 9 22 65 63 25 23 36 77 22 83 93 7 42 70 40
33 9 62 85 68 20 90 36 81 87 98 29 22 77 75 47 16 90 20 67 22 90 94 55 46 5 90 98 67 99 80 58 62 10 44 2 88 58 74 56 43 31 39 40 11 44 42 0 8 90 61 84 4 24 44 95 1 2 69 59 52 54 19 48 78 60 63 29 91 43 20 90 46 9 4 44 97 6 14 16 46 84 38 24 24 7 11 35 2 85 81 60 24 47 16 8 79 7 88 57
98 57 5 18 0 36 94 38 66 3 58 6 32 92 5 90 45 97 20 74 52 80 98 32 77 0 64 17 19 74 25 12 53 34 64 50 45 42 44 85 13 53 29 50 27 99 37 25 30 29 39 6 85 44 68 54 97 71 77 65 18 94 87 19 78 69 68 17 68 61 10 39 5 27 52 41 68 5 12 83 9 45 65 23 99 68 2 84 31 43 90 15 92 75 90 89 62 59 19 78
39 49 65 78 74 42 24 54 12 93 14 30 77 35 34 42 1 7 89 17 99 21 70 82 8 76 74 26 63 61 73 70 71 25 22 78 30 78 43 47 6 28 71 71 17 24 60 55 82 33 33 57 12 68 59 44 64 24 41 67 47 87 88 61 8 32 91 5 2 20 62 75 78 80 7 90 43 61 89 7 16 13 18 32 31 64 41 71 96 44 34 41 45 9 98 48 36 35 52 26
0 35 70 41 54 70 28 32 71 50 89 98 87 9 94 15 42 82 34 89 8 20 24 56 35 0 7 64 22 29 55 59 11 55 91 61 4 41 26 96 21 1 59 9 33 12 92 84 57 96 5 56 29 79 32 10 54 98 16 25 72 87 47 38 8 5 20 64 8 58 13 62 29 1 64 52 28 91 63 99 46 15 12 75 88 1 76 26 28 91 69 87 24 19 21 0 92 41 71 10
51 24 80 36 1 17 94 50 73 73 39 8 84 36 71 25 27 54 38 12 34 32 25 39 50 70 97 12 59 21 60 37 38 34 73 28 80 20 52 36 25 46 24 77 32 26 47 19 28 52 59 53 82 71 58 15 5 27 15 3 85 0 6 27 39 44 8 46 46 36 62 82 47 86 6 44 38 32 72 87 67 39 58 14 22 28 76 35 78 69 70 39 46 47 62 10 58 66 95 24
30 19 6 48 79 12 94 0 66 7 84 82 97 2 79 82 84 69 73 70 85 25 55 12 57 89 69 74 25 92 3 65 70 54 82 60 41 63 85 92 47 69 95 18 53 1 59 23 27 28 99 28 80 69 40 58 34 81 33 19 12 41 37 22 72 80 90 12 54 2 49 55 55 83 82 23 84 32 23 71 32 37 59 69 89 34 75 98 86 98 31 23 80 33 45 87 16 42 45 93
91 43 46 65 13 65 4 24 3 10 3 38 4 95 34 48 75 56 11 7 31 57 40 39 46 79 54 26 70 63 10 37 51 5 58 18 18 16 45 53 77 77 82 50 12 51 31 73 24 32 56 6 34 56 89 13 72 12 23 15 37 47 53 99 59 93 61 37 95 77 75 83 22 41 68 8 40 20 56 99 56 22 47 78 72 49 41 33 89 27 28 24 32 3 38 62 89 95 4 3
71 11 48 85 42 29 81 72 77 18 8 41 61 53 54 11 26 35 95 97 36 58 68 10 70 95 35 58 15 16 33 4 83 7 16 8 79 76 80 77 23 25 7 11 65 68 2 68 94 76 14 10 31 68 96 43 94 17 48 21 84 28 18 22 0 15 69 91 98 36 5 64 23 76 36 83 11 88 26 73 30 48 83 2 61 82 80 53 16 93 84 64 14 49 25 31 79 99 3 94
90 11 43 45 27 66 20 87 74 5 45 34 12 1 82 76 2 22 78 2 93 5 33 82 23 46 2 33 42 23 12 54 1 14 30 86 70 96 19 16 0 96 63 85 32 60 97 77 61 87 54 87 19 38 82 79 73 67 89 8 76 49 3 72 92 53 62 18 87 32 51 67 63 63 92 47 5 38 43 88 46 47 4 60 48 58 44 14 47 86 62 96 64 79 39 18 15 42 49 77
38 91 44 11 55 99 10 30 17 85 21 48 57 65 13 79 41 12 27 86 48 89 91 2 33 2 4 65 22 30 75 60 77 56 4 72 96 84 30 42 85 52 97 3 5 46 42 78 37 53 11 29 25 74 33 24 37 82 95 47 94 67 1 15 26 11 14 52 73 91 4 35 47 90 4 70 54 6 29 70 47 90 63 42 17 79 41 11 54 60 42 39 97 86 80 47 90 9 59 61
1 35 48 73 80 64 75 38 91 70 28 66 76 62 73 40 35 37 8 38 18 86 41 71 61 12 1 62 89 54 72 87 7 36 93 21 37 1 93 84 19 95 58 27 72 42 8 32 53 49 23 15 68 80 31 55 90 95 62 21 15 14 5 83 46 7 62 66 13 56 69 19 71 17 94 36 95 55 7 18 40 97 67 17 28 6 77 47 85 72 63 28 19 62 31 80 37 75 70 57
34 5 54 62 60 20 64 97 12 37 81 20 4 63 20 35 6 84 90 25 8 51 24 42 15 36 62 31 21 16 48 73 76 67 57 33 39 38 93 58 20 1 56 35 69 85 3 57 26 18 71 4 57 22 33 12 19 29 2 67 53 28 99 15 97 49 7 72 2 73 49 60 92 44 30 5 73 37 41 76 77 55 72 62 74 85 12 41 4 98 13 95 12 12 67 23 12 7 29 85
97 42 32 12 47 70 58 26 92 33 52 17 93 64 91 3 72 18 15 66 84 4 20 5 35 97 43 20 72 49 50 18 69 52 79 84 47 38 62 71 92 50 56 91 51 44 89 36 98 55 45 74 27 74 29 14 82 75 91 77 91 49 24 48 31 94 95 40 21 40 70 41 99 85 20 77 5 56 29 86 4 1 1 39 81 91 76 29 23 69 94 6 73 92 90 4 57 67 14 76
5 1 69 42 3 36 16 26 32 75 44 26 62 60 43 77 39 0 0 33 47 23 36 80 89 41 49 16 95 23 76 1 18 99 0 92 79 98 13 91 14 77 30 32 86 0 94 38 20 54 42 3 3 19 98 69 58 34 68 82 16 41 37 34 58 24 58 37 37 98 87 79 39 42 58 71 95 35 54 13 80 71 64 48 57 15 88 14 66 2 10 61 80 22 2 24 19 45 36 13
98 43 62 36 27 86 21 6 87 35 44 75 41 21 1 73 82 14 86 16 7 11 88 3 28 14 80 3 43 15 78 17 91 2 74 47 84 18 97 27 50 59 82 32 55 46 30 68 69 51 28 54 44 31 44 82 1 54 67 58 87 93 70 11 77 9 55 70 79 20 40 16 90 19 70 23 84 87 73 23 65 14 0 25 3 34 49 75 83 46 53 28 22 96 47 46 3 88 52 86
49 55 0 19 87 58 18 20 12 54 12 64 31 79 67 16 86 8 40 57 69 52 55 29 51 75 29 17 69 10 61 83 19 97 62 65 73 64 89 70 74 13 45 23 35 79 22 91 8 1 67 16 59 19 72 3 58 11 83 38 35 67 92 59 64 87 11 91 43 4 65 54 20 94 52 21 58 94 66 14 70 93 75 3 72 24 69 90 78 46 4 42 39 82 60 50 80 19 26 4
82 82 46 71 95 35 99 87 33 68 3 85 41 90 7 2 97 44 86 30 93 26 30 12 50 28 93 89 89 37 99 62 19 24 67 52 48 38 53 94 7 45 71 13 75 38 34 22 52 55 64 79 54 85 74 28 40 90 73 83 64 77 70 84 13 87 43 98 69 64 39 24 29 43 90 4 55 72 9 24 84 56 9 68 27 35 87 47 87 37 3 18 85 15 97 80 52 96 39 33
42 37 4 59 60 36 38 80 52 81 45 58 83 13 68 66 63 99 39 3 94 30 88 88 14 53 49 11 89 0 63 99 33 90 20 91 9 76 54 23 18 7 20 41 28 29 42 87 96 59 35 33 42 46 55 52 98 23 20 72 95 60 90 61 0 21 7 66 98 30 61 39 3 56 5 48 51 46 15 9 63 28 44 31 66 34 88 13 98 21 71 99 39 54 2 47 22 84 77 46
47 46 19 52 90 49 18 33 36 66 9 23 50 53 66 24 48 92 91 22 36 60 99 1 96 16 58 6 60 2 10 96 84 49 0 23 65 90 4 77 31 94 70 9 65 42 11 71 47 69 79 6 82 53 23 20 75 92 94 96 40 3 50 2 85 48 89 87 1 54 40 54 94 14 76 29 31 8 13 93 46 99 89 29 45 21 8 14 76 27 34 93 65 82 30 7 34 84 11 27
79 12 60 30 62 83 62 58 11 51 64 22 28 45 19 64 12 22 98 63 69 74 42 29 44 91 16 79 12 91 78 62 27 73 14 82 43 58 87 27 51 54 74 82 72 85 94 4 90 7 91 1 4 26 89 55 52 49 83 95 3 90 72 63 78 53 42 45 32 35 6 99 54 7 58 85 81 13 48 89 90 4 24 80 35 79 46 19 17 83 13 60 40 4 37 2 71 66 83 78
58 30 87 66 72 61 44 60 28 64 45 59 28 20 91 44 80 14 6 88 25 86 15 42 58 97 12 12 57 49 1 67 49 67 35 73 31 1 8 7 35 72 11 39 53 80 90 45 2 9 27 74 53 10 74 39 86 40 79 81 43 98 38 36 27 9 54 69 78 46 39 71 65 46 3 38 95 72 79 71 11 69 5 3 33 72 24 68 57 5 39 74 55 45 95 0 24 96 27 76
49 74 16 43 55 73 92 84 50 41 79 5 97 91 62 96 29 98 47 79 45 76 14 69 30 44 38 33 28 25 24 91 64 73 28 90 58 45 79 74 75 85 80 9 86 43 72 82 50 82 94 91 28 94 70 28 31 98 22 62 47 42 33 8 54 16 1 3 21 16 36 56 21 92 91 31 19 79 5 31 83 76 32 62 72 20 72 88 84 94 48 89 7 64 19 69 2 60 61 75
84 78 63 36 83 96 1 39 60 69 90 23 51 98 20 72 46 25 55 78 46 80 43 36 65 29 6 34 17 70 23 5 5 62 83 4 77 54 74 76 22 61 19 24 98 74 2 44 58 9 31 64 94 53 60 14 57 67 80 79 28 75 94 21 5 70 51 90 43 58 63 47 27 64 60 4 94 2 36 75 14 40 9 12 38 81 13 23 61 94 27 26 7 35 16 34 48 26 93 46
