100 100
57 8 76 27 9 34 80 81 26 47 44 6 3 1 37 92 55 8 31 22 20 39 99 1 8 11 88 98 2 57 60 69 37 21 50 54 87 21 66 83 31 69 15 83 90 75 61 25 28 94 19 83 9 19 82 71 28 63 30 33 16 29 20 80 81 21 58 72 4 77 66 69 15 98 23 96 80 90 0 88 25 78 60 6 36 75 95 54 65 89 33 58 37 75 57 93 75 96 88 5
5 34 5 0 69 78 90 28 91 4 60 32 48 38 83 96 62 13 28 70 19 78 7 8 41 70 53 33 36 20 40 91 89 81 5 26 81 83 51 85 9 9 22 47 82 25 94 11 3 91 16 0 94 11 55 9 28 99 13 75 22 77 67 16 23 15 93 90 53 4 18 88 7 43 46 33 19 97 37 98 61 90 56 10 22 63 41 75 54 86 87 13 71 17 55 60 79 21 24 65
35 54 54 76 89 23 9 82 7 87 87 65 70 1 50 90 17 23 79 32 92 34 16 67 57 28 17 79 0 78 35 2 99 4 80 44 62 10 58 93 19 88 57 69 77 47 64 24 56 33 56 60 5 7 4 0 80 39 24 9 84 88 22 18 30 40 10 3 28 92 3 9 55 73 34 32 37 23 25 88 83 66 72 69 64 21 14 75 71 47 49 92 2 30 42 99 36 45 98 61
5 98 16 82 63 27 45 78 44 63 29 62 34 17 10 94 70 74 88 27 30 71 42 30 34 41 44 34 97 7 27 36 71 29 71 54 87 19 41 7 80 34 86 81 98 26 29 19 20 90 95 63 87 24 32 64 30 21 14 67 28 51 11 88 35 27 99 78 38 84 9 77 89 51 82 97 90 20 78 22 84 95 1 89 86 18 50 76 5 63 60 84 72 2 23 82 29 51 74 49
95 42 10 26 81 21 72 77 57 88 46 47 11 14 65 56 95 91 76 18 47 5 12 14 12 59 57 67 30 98 21 71 26 35 38 8 57 10 90 23 7 70 23 3 67 96 61 40 43 54 17 65 55 13 46 64 19 12 1 91 4 32 50 42 33 91 11 65 57 36 94 12 64 87 1 84 85 62 24 40 77 74 4 94 6 84 41 75 15 68 49 30 74 48 13 66 30 15 81 9
41 83 29 66 47 75 82 17 53 77 20 2 51 73 16 86 42 78 56 0 65 16 28 54 19 57 91 94 39 1 67 45 86 48 17 48 70 64 30 32 19 51 44 71 33 51 33 54 81 70 28 15 93 0 54 5 87 98 98 85 10 71 25 9 12 4 69 79 76 72 36 61 20 62 42 64 44 46 4 98 59 29 5 48 24 37 15 11 46 74 19 90 72 44 26 34 35 95 32 82
91 20 8 63 44 2 52 73 14 2 53 82 92 29 96 34 51 44 72 19 51 12 68 70 4 17 74 41 43 54 46 51 97 85 95 61 12 55 82 88 70 75 98 36 61 71 48 98 25 98 93 53 36 49 69 33 33 86 42 53 92 42 39 44 44 65 25 27 80 90 1 47 46 60 3 87 33 42 47 64 74 17 9 1 39 45 68 90 58 83 29 38 39 17 41 6 72 76 74 68
76 89 64 10 17 40 54 11 91 96 52 79 42 70 92 23 43 17 63 53 96 38 53 73 87 27 23 5 71 73 62 55 54 96 54 65 61 68 52 10 3 55 38 79 56 10 63 85 46 1 67 38 56 72 59 38 66 26 63 9 55 95 67 65 81 86 58 44 42 60 46 18 9 40 80 61 20 31 20 20 55 38 88 9 37 9 58 26 29 18 34 74 69 37 73 58 37 67 59 81
22 30 74 25 32 29 56 95 28 49 97 13 10 83 41 38 48 14 88 89 81 23 21 68 17 40 33 68 54 2 60 84 97 38 44 34 21 32 69 55 8 13 40 6 23 45 78 92 59 60 98 1 27 69 61 9 17 19 65 32 68 61 28 34 55 66 28 39 10 99 4 73 85 39 16 38 50 45 49 48 74 14 66 49 53 9 6 39 78 2 67 31 3 87 68 10 62 22 90 25
9 48 3 23 79 62 45 2 85 3 86 28 24 55 30 51 21 67 15 13 6 5 67 65 80 4 16 44 74 63 35 1 14 23 71 24 14 26 51 29 83 48 12 63 97 9 53 93 99 98 67 23 30 25 82 48 46 32 61 88 69 51 79 47 52 68 97 74 65 85 45 97 0 58 70 81 78 17 8 97 10 88 4 39 62 60 17 32 34 44 96 23 9 28 56 0 37 37 14 7
23 44 31 70 63 14 89 16 29 21 92 12 8 68 91 78 69 56 84 55 42 29 80 75 29 15 35 51 63 22 70 72 84 7 36 50 69 93 63 54 80 80 61 28 79 53 12 98 82 77 39 8 43 2 41 73 39 44 74 73 15 7 36 41 68 71 64 68 1 74 60 84 59 8 91 18 69 17 80 16 22 98 56 36 15 18 98 21 65 3 90 81 11 50 29 38 63 23 81 90
71 78 57 97 31 40 68 5 31 76 78 54 55 31 16 61 0 26 2 94 11 19 65 3 59 84 65 98 85 80 16 52 96 26 99 90 81 20 98 50 2 15 28 7 73 64 28 25 85 42 10 72 38 56 63 86 52 51 40 50 74 48 92 22 85 27 80 7 2 13 42 67 8 20 73 34 95 35 72 65 9 46 81 82 79 43 83 24 77 54 29 16 10 97 85 80 64 87 54 3
25 49 82 70 83 56 2 82 97 28 64 7 95 4 99 76 72 25 35 14 55 37 14 50 56 77 2 31 19 47 69 30 61 83 2 30 26 50 79 27 66 91 51 93 9 22 15 34 23 39 34 28 6 93 36 92 18 46 86 38 66 43 25 49 79 86 8 74 73 15 17 41 80 83 30 24 40 13 23 82 87 18 31 22 34 88 77 47 45 31 48 81 43 93 57 68 1 58 56 93
0 86 64 89 11 44 91 31 7 2 52 51 83 17 56 61 42 21 54 95 41 10 22 45 35 8 45 6 24 69 19 89 48 94 17 48 54 89 83 76 94 44 89 46 24 60 97 74 70 1 55 18 5 17 46 24 11 24 45 78 71 21 74 38 73 54 66 47 82 32 8 71 3 75 27 45 83 25 96 32 61 54 85 61 2 79 67 58 3 70 52 10 58 41 11 81 24 83 52 40
23 28 40 26 38 86 33 31 74 39 75 49 46 49 48 10 50 73 71 96 92 50 80 77 0 88 71 39 42 43 66 98 65 45 68 21 16 21 45 35 63 6 87 13 57 57 47 1 41 6 41 73 33 53 73 61 25 1 11 54 87 8 55 28 88 58 63 2 91 98 95 16 6 62 87 39 69 28 11 49 79 28 34 27 98 90 36 46 28 55 85 58 89 56 68 17 11 72 70 5
18 64 54 56 4 48 32 45 61 97 49 4 46 59 90 28 45 59 98 22 42 56 59 57 22 87 20 1 79 65 30 0 32 62 2 92 95 12 7 57 3 14 28 36 97 52 60 41 12 25 91 31 34 53 49 52 8 63 78 58 61 60 20 67 57 31 26 59 58 38 74 36 74 98 73 37 75 74 63 7 41 33 62 23 30 76 81 81 40 79 83 28 83 17 22 88 36 33 41 70
52 95 44 35 94 16 95 55 51 12 68 56 16 46 4 49 62 4 78 78 33 52 81 57 78 60 14 73 89 98 35 14 75 15 79 72 94 91 46 50 92 8 94 41 38 5 19 67 40 48 71 71 3 42 97 63 70 16 91 7 96 98 41 83 49 95 15 34 99 27 94 75 51 18 47 95 18 15 95 87 52 72 38 91 65 89 19 34 72 89 9 18 2 46 34 17 31 23 13 10
44 69 26 81 87 93 72 17 96 53 23 28 82 25 65 21 60 85 13 44 21 52 49 78 53 22 49 87 48 31 30 40 14 78 74 51 3 86 35 81 84 10 22 10 65 14 33 52 3 63 68 99 29 74 11 23 48 17 33 88 58 67 22 92 2 40 72 54 12 89 28 72 41 48 6 61 52 84 26 82 66 18 55 3 60 56 36 1 26 9 9 69 32 3 65 70 4 93 28 29
33 84 98 44 61 87 59 60 14 38 75 27 70 45 21 53 39 11 44 43 69 62 79 78 70 60 6 39 26 82 30 88 3 35 6 6 99 14 53 97 61 75 15 63 18 8 1 61 76 53 4 60 37 48 40 43 29 54 39 77 28 40 72 51 20 87 6 26 9 23 75 62 91 52 70 92 41 36 59 92 25 19 31 68 24 97 33 69 91 81 0 59 83 91 5 97 11 5 47 76
19 73 86 54 63 77 71 34 77 33 57 39 58 14 96 28 41 70 14 61 43 14 97 52 68 83 19 53 21 31 11 80 25 77 10 24 94 19 89 40 71 26 36 10 72 86 76 27 21 56 48 80 87 29 53 50 78 39 42 93 30 62 63 6 8 9 36 34 84 50 94 32 0 31 41 54 17 13 18 67 54 99 33 10 80 59 85 23 61 40 65 74 97 64 30 74 78 42 57 45
58 8 49 75 25 43 52 0 51 30 36 91 42 43 46 67 89 71 3 0 84 26 2 90 24 4 15 88 49 10 24 30 47 88 16 60 67 57 56 28 17 74 24 31 81 8 11 18 79 64 30 66 20 30 59 55 48 5 18 98 29 93 35 12 79 52 94 25 5 7 34 62 51 49 4 75 71 86 99 31 23 99 58 95 64 30 43 7 57 28 96 82 41 28 40 26 5 73 83 92
8 35 73 89 5 30 91 72 44 69 47 56 36 51 15 1 69 30 86 42 33 87 45 61 66 46 74 8 46 95 68 38 78 83 11 1 6 73 85 43 24 92 5 16 39 83 72 18 7 65 98 70 18 73 3 25 16 31 19 5 65 27 33 78 33 11 2 70 34 72 95 41 9 10 6 42 38 49 60 0 65 30 44 94 5 20 82 0 26 9 85 15 66 50 97 88 3 36 99 33
23 19 74 10 76 95 65 14 39 22 25 52 51 32 49 18 53 80 20 28 75 55 20 47 18 64 74 42 59 5 77 20 96 5 93 92 17 62 98 44 84 43 99 85 33 78 22 79 34 38 68 79 30 34 44 11 97 48 64 79 61 81 69 88 11 41 33 44 90 15 66 69 5 0 0 88 9 71 11 2 91 41 92 84 14 57 5 32 65 49 61 92 38 66 32 0 48 0 1 85
8 20 52 83 18 28 58 37 88 43 77 82 38 56 0 94 5 71 68 83 68 96 92 46 84 39 35 12 7 89 73 71 43 6 53 80 26 36 61 22 6 13 3 91 71 54 5 68 49 68 17 50 51 43 76 17 87 24 77 92 40 45 67 88 55 88 1 35 57 61 34 97 66 62 15 8 11 19 0 76 14 22 94 20 15 26 15 60 78 87 25 70 5 55 29 79 56 14 11 1
26 41 32 62 98 39 35 77 72 77 67 42 49 49 56 95 85 60 2 95 11 45 79 98 44 2 56 83 86 39 51 36 17 17 72 65 51 93 65 84 51 59 2 94 86 94 57 24 7 49 62 29 58 15 63 51 86 34 38 17 23 26 41 51 95 65 75 30 5 27 79 71 42 80 80 57 59 41 59 74 74 23 9 91 40 80 39 42 80 59 24 65 15 64 69 85 42 40 44 9
6 74 61 61 85 47 25 56 44 49 65 10 70 9 35 3 72 77 46 69 45 68 18 3 36 24 42 9 15 58 65 64 36 7 49 15 23 95 24 56 33 17 78 11 48 12 22 65 46 21 68 79 49 79 96 48 70 25 54 45 33 95 27 66 96 67 18 17 2 44 52 17 28 63 83 7 21 36 81 77 28 43 21 68 17 7 47 24 17 40 84 22 87 17 75 25 21 16 80 78
81 77 31 81 60 40 58 44 90 20 9 73 83 56 69 94 55 60 46 67 22 13 16 48 75 25 81 44 20 20 11 66 79 56 9 78 31 72 6 66 91 1 79 93 27 54 65 24 8 59 40 40 41 10 88 9 62 41 47 95 37 50 6 63 35 48 66 67 90 12 15 33 64 5 52 69 4 19 14 3 37 83 74 84 11 94 58 97 65 0 26 25 40 15 53 51 8 88 44 89
22 31 40 58 57 62 11 44 85 74 63 47 22 42 27 88 69 21 7 59 65 85 74 82 35 14 38 10 83 57 4 56 68 28 13 64 43 44 28 10 96 42 19 62 95 68 85 86 76 67 52 72 41 73 22 70 5 20 72 57 25 95 3 56 73 66 78 80 70 28 43 77 67 45 85 87 90 38 32 81 76 72 99 40 29 13 77 26 70 81 42 97 32 30 5 92 54 32 46 48
35 87 86 59 8 13 26 65 22 23 67 91 81 16 13 27 10 30 46 23 82 49 91 7 39 38 8 39 92 24 82 60 79 2 3 95 12 37 63 35 95 49 49 19 75 20 11 99 18 49 84 99 29 40 17 43 25 24 0 29 58 63 11 25 14 6 27 86 76 25 80 52 26 2 66 53 47 64 85 1 76 48 71 10 83 7 4 70 60 33 39 61 49 29 55 55 64 41 59 62
59 4 72 27 4 44 24 85 48 39 50 63 57 33 7 7 57 52 73 17 70 79 60 32 65 18 89 73 46 53 82 73 53 30 6 5 64 57 69 61 74 22 13 16 68 43 43 44 96 48 58 60 26 7 5 3 1 34 25 58 60 4 97 5 82 36 9 47 95 18 29 51 73 71 69 48 61 73 21 98 89 2 9 31 65 72 80 79 65 96 22 2 19 11 87 19 35 94 87 58
66 90 81 45 77 49 24 79 67 27 59 31 8 27 24 43 30 51 32 17 24 75 19 0 90 10 0 19 10 12 64 28 84 43 43 79 56 76 39 57 60 96 41 60 73 52 94 52 33 72 56 66 77 57 93 63 71 46 64 39 93 47 46 98 66 3 98 78 6 99 4 89 37 59 47 68 37 51 84 37 51 73 30 22 41 24 45 53 88 88 23 65 60 52 8 58 53 20 29 30
52 91 30 86 31 6 1 27 3 96 38 3 42 88 63 12 82 72 3 50 16 64 99 69 99 39 17 66 29 60 94 80 82 76 75 41 49 97 43 52 59 38 2 17 83 51 80 7 48 41 65 35 29 31 77 79 65 73 64 85 81 32 12 59 0 77 88 26 26 32 32 81 44 11 78 61 39 29 30 56 49 80 48 4 73 59 19 69 53 91 32 62 77 30 90 21 16 89 78 22
15 56 68 77 36 63 5 17 57 83 9 41 43 28 79 8 60 48 0 73 0 40 86 14 68 2 57 24 46 78 14 64 95 84 42 57 63 9 54 67 77 50 24 67 63 34 98 12 96 68 70 27 12 50 90 49 20 47 39 21 47 3 43 21 9 54 8 42 44 14 62 34 77 47 66 68 55 82 98 87 24 21 41 36 13 20 41 13 67 37 47 87 75 69 41 92 20 5 88 42
53 95 82 27 39 10 23 43 53 62 77 16 1 28 97 62 21 40 42 54 86 60 1 59 63 94 77 32 1 73 91 51 3 49 61 31 41 48 4 14 70 48 26 40 91 51 34 42 49 33 83 20 8 91 64 17 36 13 14 3 41 25 63 83 65 14 40 10 72 25 98 14 21 16 36 12 92 24 20 26 34 19 66 73 42 88 21 72 32 98 32 50 82 6 64 18 2 42 86 40
74 73 54 91 63 73 35 92 82 20 81 46 83 9 34 39 30 11 62 95 72 11 67 0 82 15 66 87 34 9 40 61 11 19 87 48 69 24 39 55 92 42 14 6 51 25 45 72 29 71 8 58 30 71 91 85 94 11 76 69 28 41 97 64 56 46 7 98 20 56 45 29 3 36 24 95 43 38 59 50 8 95 50 13 49 58 0 95 83 36 86 25 8 71 8 94 10 77 76 52
28 48 33 59 70 28 86 32 38 38 49 93 87 25 15 82 68 35 42 54 56 68 49 46 96 20 7 82 45 79 90 25 74 7 2 97 70 92 28 26 43 25 47 7 80 39 65 82 81 95 59 15 25 98 77 35 74 96 64 3 68 99 79 75 86 31 31 7 71 34 51 74 63 26 6 53 84 94 11 75 21 36 59 92 93 29 63 10 75 32 62 52 12 24 44 57 26 94 57 11
35 14 56 70 8 40 89 42 76 98 57 33 62 60 13 4 61 7 35 27 92 33 99 59 57 56 10 12 16 55 89 46 38 77 14 49 16 2 86 52 44 4 67 41 56 95 76 54 66 70 28 42 19 62 16 12 65 29 4 74 77 99 40 54 19 21 49 55 4 76 53 72 44 32 60 17 89 44 32 25 41 24 81 82 15 40 51 19 52 37 66 6 3 92 85 94 49 87 49 25
43 74 77 73 75 15 27 59 61 60 68 13 97 47 66 51 91 79 12 85 77 91 75 58 55 72 44 82 36 71 4 12 63 98 67 98 84 65 74 15 96 44 67 66 40 14 34 59 24 37 85 23 58 6 5 54 76 57 93 47 39 64 70 20 73 3 65 85 96 74 92 84 71 65 31 69 0 48 90 72 94 93 57 82 15 7 10 96 43 82 97 26 23 18 52 73 16 97 91 9
68 32 45 35 78 14 26 38 92 0 92 95 51 59 72 3 38 58 23 5 30 62 68 73 28 30 18 7 43 51 7 49 67 72 94 54 99 74 54 49 6 46 77 71 98 4 5 4 72 27 91 78 8 72 47 96 69 64 34 81 16 46 3 86 76 39 36 17 20 20 51 86 10 17 9 12 10 10 66 82 41 64 30 69 59 67 18 22 54 81 31 21 31 38 16 17 18 90 76 88
61 41 5 13 93 51 53 50 69 55 30 47 85 10 4 6 28 11 35 84 39 12 83 85 71 50 69 4 17 10 15 39 28 92 2 83 20 66 74 16 28 14 82 77 31 32 31 17 84 39 85 30 95 41 28 54 80 91 34 39 72 59 71 96 5 63 2 53 17 65 64 46 97 89 6 2 76 76 17 95 21 45 72 66 8 22 99 49 67 98 26 38 63 43 23 14 52 79 28 41
86 63 89 4 64 68 75 7 14 55 6 81 76 95 23 16 2 16 87 67 29 2 13 62 80 9 77 74 42 27 94 99 34 36 61 39 23 99 87 64 70 55 63 74 73 57 23 8 85 59 28 53 1 20 59 61 75 64 60 1 17 99 48 10 39 99 44 63 47 0 15 90 68 68 82 65 92 66 76 90 24 45 17 86 37 77 90 39 43 23 39 14 70 70 43 20 31 7 73 52
68 83 83 27 26 48 12 95 65 11 82 65 42 49 41 98 6 39 80 52 27 78 60 99 53 95 32 81 6 84 2 76 98 15 70 49 69 98 16 41 96 43 54 55 39 56 44 10 18 91 70 25 45 93 22 4 6 30 94 31 58 73 86 54 62 93 38 94 69 73 51 27 3 13 47 87 42 34 12 5 79 22 5 96 44 24 67 60 18 86 74 91 39 10 71 26 62 53 82 17
18 18 72 56 91 32 16 9 78 16 85 11 62 43 99 85 79 66 96 32 9 97 59 93 48 32 24 64 69 95 10 77 13 22 65 69 45 59 3 22 70 20 94 23 12 34 29 89 18 25 16 84 33 23 73 25 38 96 82 95 32 42 43 36 76 3 99 33 47 9 43 49 59 86 24 39 69 5 45 99 72 7 8 86 15 69 96 14 52 39 24 56 20 16 47 99 92 13 11 46
28 91 98 18 55 37 99 29 18 93 13 42 46 45 14 26 3 38 12 19 85 47 73 71 81 48 77 63 81 76 8 75 28 70 18 76 8 74 95 23 71 77 77 56 20 43 63 64 57 2 81 60 66 61 16 57 35 1 66 2 86 42 0 14 99 49 22 26 5 85 77 31 59 21 52 79 53 42 9 98 50 1 34 64 70 2 60 50 86 30 15 73 88 70 53 69 20 86 6 93
94 87 58 78 65 41 39 68 11 22 2 69 3 67 93 48 54 25 0 57 58 62 31 45 51 39 71 66 42 24 82 6 30 91 92 74 73 98 61 46 22 16 78 74 40 71 20 9 18 91 22 38 62 96 73 59 87 76 4 88 59 56 30 15 52 87 77 4 42 13 32 67 54 63 81 19 73 99 87 56 85 76 24 5 81 37 33 8 48 18 74 32 3 10 86 26 73 63 1 40
7 14 46 12 20 69 0 89 8 49 70 61 18 88 72 55 85 49 34 41 39 94 32 95 62 60 49 66 13 40 97 90 8 98 92 8 8 11 44 45 77 54 75 27 51 28 64 19 70 37 64 98 67 32 42 83 24 62 15 67 37 41 33 53 39 26 91 70 30 52 32 47 93 33 78 94 52 61 41 40 20 48 22 64 99 93 81 44 50 13 37 84 34 73 24 20 22 41 65 74
9 89 10 98 36 60 3 64 5 19 0 82 98 4 0 50 60 27 75 32 65 42 5 27 12 49 66 81 10 6 26 45 76 22 94 21 58 69 12 48 22 27 53 50 55 55 82 1 46 58 51 85 80 15 60 28 23 23 2 72 14 78 89 81 1 51 42 50 15 70 30 43 81 59 95 51 72 61 74 29 66 91 16 42 37 77 24 24 7 54 4 39 51 96 14 92 50 96 42 58
25 4 91 32 79 8 5 67 22 93 57 62 11 46 70 69 74 7 57 74 68 95 92 26 22 97 69 75 60 38 32 98 48 15 5 9 26 91 72 59 58 66 60 36 41 13 28 25 27 11 48 96 73 10 60 95 12 62 23 2 44 98 46 79 97 44 63 30 49 78 42 98 28 94 67 91 5 38 79 45 42 25 16 25 68 11 49 62 15 82 58 42 24 26 75 64 68 59 46 84
29 38 95 15 13 67 44 9 82 30 71 48 28 58 45 8 34 21 27 68 87 48 8 4 77 22 70 87 94 99 84 0 63 21 40 80 86 58 88 69 47 93 7 71 16 50 49 10 55 65 2 66 21 71 30 6 22 83 50 4 33 49 18 66 47 57 44 9 9 52 9 27 62 85 85 32 66 56 47 55 17 85 61 36 46 25 87 69 20 73 51 64 71 41 99 82 87 82 79 85
38 1 29 24 94 1 48 11 75 63 77 87 30 77 30 31 58 10 66 35 3 20 94 7 57 73 9 35 35 94 95 17 67 3 10 14 53 79 65 60 29 18 29 61 76 55 59 37 63 50 18 13 28 33 74 82 56 60 11 98 46 22 24 18 87 9 9 25 64 35 39 40 71 97 3 50 84 43 40 65 60 4 24 44 59 48 84 98 36 7 13 55 70 37 98 3 78 51 52 38
55 21 37 77 94 86 92 87 23 86 36 70 39 13 82 98 66 1 53 97 71 9 71 53 54 69 4 24 22 96 37 93 72 6 42 49 63 93 93 26 29 92 48 89 6 68 25 94 58 24 16 44 77 73 4 76 84 67 54 18 38 28 66 20 25 86 40 93 57 85 36 31 53 92 2 4 36 96 56 40 37 59 8 59 64 66 45 44 43 71 87 90 50 51 91 98 51 15 18 44
41 49 49 86 29 36 55 41 48 85 22 4 73 12 79 55 25 89 13 40 93 15 93 11 71 19 94 34 5 64 3 90 59 76 38 34 76 98 41 75 5 21 94 7 13 16 41 14 36 78 2 59 89 52 61 50 21 93 91 68 82 4 8 56 54 76 96 39 22 25 24 81 39 58 88 43 5 31 34 85 94 25 12 83 16 9 55 25 59 17 58 8 50 15 21 18 14 9 35 78
45 92 92 92 7 7 3 23 58 63 19 3 69 24 85 81 44 61 11 84 55 25 84 85 25 15 7 34 39 50 51 44 54 99 61 94 61 58 86 43 15 9 97 40 91 52 86 35 16 33 64 4 71 73 47 33 56 22 37 6 39 74 98 95 80 79 21 40 51 19 23 76 62 29 49 72 53 61 91 90 59 29 95 24 77 89 18 95 45 36 47 59 51 66 6 7 3 42 91 91
52 85 52 95 52 38 9 78 46 2 15 29 18 79 8 95 89 55 88 59 87 45 17 59 83 59 10 67 99 35 7 82 14 27 4 14 63 32 53 67 16 77 52 70 17 20 27 58 35 13 21 8 38 61 74 40 87 91 8 85 11 35 36 13 37 14 70 57 77 26 21 14 44 12 50 98 42 97 21 50 39 94 29 5 5 73 27 66 51 97 47 29 47 60 11 65 74 53 86 53
82 32 54 44 53 51 8 7 55 85 52 31 38 72 78 0 64 36 22 18 19 15 31 92 6 8 95 38 55 55 54 54 99 49 70 20 44 85 94 83 28 49 52 33 17 43 13 58 99 75 17 99 36 24 53 74 22 27 63 19 37 28 75 79 44 86 48 69 50 98 91 96 1 14 22 48 76 34 12 18 71 19 96 73 18 6 58 0 38 95 20 75 84 98 21 83 96 5 56 30
18 40 74 33 69 68 53 19 16 27 61 75 9 58 92 19 45 30 21 54 4 42 34 64 63 45 20 50 11 96 84 23 17 27 98 41 93 90 79 79 54 18 59 84 25 28 49 21 83 65 60 42 0 85 98 78 74 74 74 14 45 68 20 46 70 63 26 9 33 1 50 97 59 95 44 91 58 17 96 75 27 13 69 83 83 93 17 10 98 8 96 0 9 71 40 0 11 92 71 63
13 41 31 61 17 45 48 94 38 98 59 24 71 74 73 17 61 77 22 42 73 3 78 96 51 41 25 35 69 65 70 90 98 71 25 77 20 78 69 18 79 88 86 15 3 30 18 45 88 4 3 62 97 92 77 43 56 71 6 19 71 46 78 96 13 97 27 1 78 91 78 26 94 30 6 87 25 55 74 90 92 33 76 6 52 50 36 58 77 6 31 37 77 31 89 71 72 25 93 90
59 38 48 49 41 1 11 80 94 53 72 88 15 85 63 22 57 90 17 74 89 64 58 16 38 96 85 96 43 37 42 81 50 42 99 41 83 47 55 66 98 18 61 97 94 28 10 62 40 76 72 13 68 82 74 67 75 74 5 68 30 90 79 92 46 21 84 62 82 37 92 13 46 21 95 36 53 92 20 95 43 69 27 75 93 83 37 59 89 51 40 44 82 46 47 56 67 45 85 84
20 48 28 66 88 19 34 49 28 8 18 51 46 92 4 60 80 76 45 17 92 91 59 24 33 23 98 68 91 13 44 22 32 74 0 60 62 92 88 89 14 74 35 86 17 22 54 13 31 72 29 41 64 81 48 44 60 70 95 64 21 60 16 91 81 57 86 51 60 7 68 34 39 41 19 72 90 12 26 89 13 33 68 59 35 10 89 8 65 69 33 31 71 89 42 87 44 47 31 76
26 99 71 23 61 29 76 11 63 24 57 51 67 42 38 90 92 65 50 32 91 64 92 25 81 19 56 91 29 82 6 39 75 84 93 19 90 67 29 80 29 7 85 84 32 96 76 51 13 52 9 22 54 8 10 32 57 72 10 6 21 98 86 21 37 98 56 97 37 56 6 94 21 81 89 43 1 27 72 69 21 48 0 75 2 47 81 44 29 72 29 7 41 61 59 13 24 54 73 56
85 57 47 95 90 58 57 22 0 51 92 36 70 74 84 1 5 14 81 59 45 80 84 26 45 28 52 73 31 28 27 56 90 9 51 71 8 84 72 43 91 34 15 77 47 92 45 76 58 59 16 15 82 45 98 60 35 23 90 17 48 75 84 82 99 62 27 98 92 7 29 82 4 88 6 49 10 30 12 16 24 2 98 38 84 84 75 96 4 52 76 22 12 58 22 31 4 49 88 98
53 66 75 6 85 94 6 59 39 31 3 77 89 8 43 24 26 89 47 75 0 34 93 65 71 15 93 24 8 67 58 40 76 12 73 45 84 47 52 16 24 22 99 81 49 88 95 41 1 56 55 66 21 54 42 79 82 43 5 46 28 98 15 47 19 50 93 88 48 23 20 1 69 21 38 63 22 28 76 55 37 38 51 79 27 53 90 41 28 7 32 4 14 44 44 43 37 2 28 98
60 77 89 63 24 51 39 51 80 37 61 86 32 28 25 93 83 34 56 77 64 78 47 18 99 93 33 15 37 4 28 57 88 65 42 41 42 96 44 62 9 28 76 87 17 60 60 10 29 89 11 2 89 94 81 35 73 7 79 4 48 24 74 36 64 86 75 12 64 71 92 30 0 17 23 42 48 41 5 43 67 67 16 74 36 48 6 63 77 37 25 23 28 98 61 88 88 55 49 64
20 20 15 52 52 51 30 1 15 7 79 15 79 47 71 83 95 92 43 34 28 62 26 95 87 3 15 66 61 95 50 90 71 44 60 70 11 56 22 29 85 0 1 97 69 54 98 57 55 84 0 95 67 53 32 22 38 49 34 69 32 62 86 12 54 41 32 62 32 19 26 85 61 73 39 57 29 86 46 99 76 37 25 17 31 63 99 71 71 93 52 10 83 88 8 28 75 91 69 76
58 87 91 25 72 24 90 48 32 75 26 44 85 15 93 35 52 38 30 94 59 82 30 8 32 52 45 83 8 43 35 74 38 94 37 32 89 45 80 13 46 69 57 47 89 38 13 7 76 62 34 67 78 25 67 9 58 73 82 67 35 46 44 10 57 12 32 67 58 5 96 12 76 42 56 88 29 22 64 7 17 15 14 57 62 79 46 29 59 35 43 36 93 98 3 30 97 27 91 48
69 55 31 84 33 21 39 11 40 35 51 33 23 66 75 10 78 69 94 23 31 27 17 60 67 11 86 93 25 44 99 54 41 56 69 24 22 52 53 80 53 89 91 48 79 86 67 67 24 31 75 80 69 18 97 94 89 22 31 30 98 10 58 51 34 35 82 93 62 77 29 65 12 46 21 39 28 88 43 11 61 80 2 39 99 51 50 76 75 5 56 8 6 68 68 50 94 65 61 46
26 43 67 52 17 58 30 7 18 88 48 22 56 97 82 36 30 63 9 47 77 27 11 39 23 33 21 79 7 69 66 90 3 36 38 75 97 24 19 80 74 98 25 78 65 54 75 70 36 28 90 1 73 19 46 2 1 92 25 90 97 51 6 66 0 41 14 79 1 82 86 49 99 40 61 63 29 50 86 0 55 34 38 54 65 73 8 91 74 34 57 87 30 49 39 54 47 18 29 2
21 11 33 31 93 81 42 13 4 82 83 61 24 70 91 43 20 70 62 93 96 98 35 78 62 14 99 6 46 19 52 85 34 77 1 58 5 3 42 80 7 35 32 8 25 55 79 46 19 24 38 87 1 54 17 56 93 20 53 0 37 13 98 7 74 86 25 87 0 87 34 19 96 1 66 88 75 75 36 34 44 56 1 69 88 99 25 96 63 89 72 22 84 48 58 43 23 76 24 41
63 29 28 12 69 19 72 30 19 60 45 33 86 96 47 2 32 88 99 91 59 46 38 74 97 34 52 51 35 24 3 68 17 82 34 0 91 47 10 66 67 77 10 34 73 3 27 92 16 86 62 0 61 99 72 5 73 49 12 80 79 83 92 30 73 16 44 54 43 48 48 75 43 48 41 3 29 15 89 88 98 42 31 29 98 49 80 66 60 73 85 4 6 44 3 19 3 8 48 65
0 12 28 51 66 2 82 35 58 24 52 5 88 90 30 32 39 11 40 91 49 47 67 81 47 23 11 87 36 58 72 57 30 96 59 95 56 36 44 24 48 70 2 77 64 80 48 40 7 74 96 5 93 54 56 39 33 69 68 17 82 28 35 32 22 92 31 39 57 20 82 61 7 69 12 30 7 26 8 14 19 82 91 56 46 27 33 87 35 1 30 5 81 3 39 32 34 19 52 85
0 10 81 53 15 60 90 82 56 84 69 26 47 35 16 68 30 83 70 44 39 70 22 73 72 85 81 31 71 42 15 75 72 98 78 74 10 79 47 71 2 53 48 59 3 21 89 26 27 80 55 5 38 46 18 10 95 2 87 52 88 12 89 87 28 80 5 35 95 57 98 3 89 2 74 34 62 70 58 79 96 2 53 20 52 27 52 32 11 53 78 7 10 32 33 52 17 53 54 78
68 41 78 24 55 22 56 67 91 36 27 75 12 64 85 8 71 75 49 69 50 65 55 60 87 56 34 97 33 35 76 4 81 49 93 27 93 3 86 47 17 96 9 14 37 47 33 86 29 78 85 80 86 89 7 23 70 96 75 15 0 7 92 16 21 38 85 72 31 33 64 36 14 89 3 32 6 53 69 36 93 36 73 89 31 11 55 65 11 75 23 62 71 90 41 92 17 2 37 36
47 31 46 98 17 60 99 5 48 93 15 81 89 72 66 47 62 90 9 61 87 87 45 68 61 36 44 81 74 1 86 91 2 88 16 57 60 49 2 81 25 90 19 3 39 68 98 20 64 25 54 51 54 91 49 88 97 47 4 27 29 6 72 4 1 56 91 67 40 90 86 39 1 14 62 69 38 26 35 6 9 41 67 31 23 30 44 68 99 26 15 15 31 70 12 57 78 40 40 22
5 45 71 67 30 41 92 97 45 52 66 63 46 7 48 74 56 71 37 40 86 42 13 40 51 32 92 4 7 30 35 83 65 55 26 68 73 32 72 38 0 73 7 81 31 71 85 66 99 75 41 39 0 29 39 11 15 37 92 43 36 50 27 28 37 21 96 96 46 47 69 86 76 64 35 65 70 28 42 74 26 86 22 48 66 1 34 65 56 85 26 13 47 37 43 33 0 11 56 5
75 73 54 11 42 18 48 48 94 6 65 33 21 50 56 68 65 7 57 20 3 6 22 25 45 39 12 76 89 86 85 40 98 82 34 19 59 27 50 30 55 83 27 69 73 59 27 8 43 93 28 44 82 56 12 8 61 48 14 61 7 58 72 33 77 17 10 39 2 93 57 38 52 23 83 31 8 15 35 9 37 98 96 51 52 43 53 87 96 42 51 77 63 68 41 41 39 98 52 30
4 66 30 17 75 43 60 64 34 25 42 85 32 80 32 27 59 74 77 78 75 73 54 71 35 92 6 2 42 54 11 14 22 4 38 40 80 0 70 95 22 14 32 90 34 56 48 74 24 30 59 20 33 60 97 55 59 69 44 14 70 84 44 39 38 60 38 46 86 8 42 51 2 75 3 16 82 75 36 82 41 64 16 19 27 17 57 31 44 59 3 40 46 36 75 62 71 91 84 4
97 73 89 1 92 29 84 11 71 13 44 27 19 21 24 27 73 11 80 48 5 17 26 45 77 19 69 59 28 96 63 0 53 61 92 16 51 19 69 18 7 93 61 91 30 93 69 42 1 29 85 77 35 5 3 47 16 30 45 57 73 76 52 47 97 85 14 67 49 31 89 50 90 30 38 13 0 87 15 30 44 88 86 15 84 17 51 2 56 20 0 96 16 21 1 27 79 20 32 36
71 32 97 81 12 3 35 56 7 29 0 77 48 57 42 15 79 35 14 8 48 71 69 15 40 19 43 50 75 43 6 58 45 37 86 66 92 48 81 8 21 80 60 65 5 10 31 36 61 9 92 35 40 4 3 55 40 96 27 45 36 95 59 87 89 8 27 83 23 82 75 2 58 92 72 71 18 3 53 24 45 61 94 85 44 15 76 2 96 71 77 69 59 71 94 87 90 60 33 2
58 44 0 64 60 77 29 92 81 74 46 14 12 15 12 74 28 30 15 39 65 49 77 46 88 34 27 47 3 16 53 83 11 69 65 82 4 7 31 96 90 72 45 59 23 55 28 32 32 92 55 36 5 26 75 30 33 57 50 22 76 63 84 88 85 82 76 7 37 38 11 96 83 7 48 83 54 99 38 41 12 64 21 56 13 28 24 94 22 83 21 97 3 52 9 31 27 17 29 75
29 57 79 51 95 29 22 57 61 7 7 88 3 62 32 90 2 73 34 39 69 16 71 82 2 12 66 43 7 66 25 48 55 57 91 89 45 25 23 6 69 12 42 47 10 20 33 20 89 54 59 35 77 34 42 24 9 91 37 67 24 46 15 94 6 35 52 61 48 50 46 35 85 73 1 86 29 64 50 96 19 52 6 81 55 33 52 48 9 29 61 79 29 95 70 79 16 17 30 14
46 78 1 82 36 53 17 98 86 25 70 54 8 74 67 95 70 84 79 26 88 42 75 28 88 96 69 90 26 2 4 88 74 76 11 98 34 30 47 55 1 70 47 45 13 7 78 25 19 25 70 62 3 46 79 6 52 16 24 81 59 41 39 48 40 10 37 47 59 19 56 95 85 63 33 96 27 14 5 86 25 79 86 14 91 98 28 45 66 82 17 48 30 33 78 27 38 66 27 38
81 32 17 22 51 41 32 95 96 36 49 25 62 88 57 31 86 59 43 32 99 74 70 23 80 48 64 6 84 8 88 76 91 55 34 41 59 31 83 98 68 33 82 7 1 79 69 17 77 92 52 54 93 46 39 98 30 76 88 12 73 49 90 41 67 56 2 14 80 77 65 69 60 46 5 27 85 53 81 27 81 77 58 67 48 70 32 69 66 2 57 44 67 57 88 90 65 12 78 41
92 97 24 32 52 77 33 49 22 0 55 80 43 51 26 92 22 9 50 13 44 2 96 20 5 79 69 87 28 64 88 66 91 70 35 63 9 7 2 67 15 38 23 98 63 78 99 28 59 9 58 80 22 69 61 59 37 94 32 56 25 98 52 8 35 43 76 92 22 28 3 96 2 74 72 74 48 44 35 4 48 24 77 16 18 59 93 73 86 88 79 56 18 49 37 18 11 61 37 45
83 5 42 80 34 0 56 63 86 65 79 41 98 57 0 14 94 67 82 97 30 57 49 89 48 30 33 62 26 28 52 97 73 62 22 31 73 1 32 94 48 41 46 48 43 33 37 80 60 25 70 39 17 35 59 27 46 90 59 24 23 89 52 61 89 93 51 96 10 94 23 17 12 13 38 41 71 93 85 34 7 24 69 53 96 43 84 61 77 90 88 40 24 36 44 95 82 99 79 38
18 97 4 64 17 63 86 90 78 16 17 31 64 63 5 41 80 67 52 86 97 9 98 51 95 44 22 37 30 46 56 51 20 16 14 40 37 26 12 82 47 62 2 8 82 24 95 75 30 59 72 97 47 75 53 89 37 29 93 65 33 56 11 1 93 57 93 41 81 36 21 18 53 44 48 55 39 69 35 53 66 64 82 25 62 19 3 81 4 26 33 82 30 14 66 84 83 67 45 92
21 90 15 33 90 25 72 14 73 66 31 67 0 73 21 83 12 53 13 79 45 3 70 22 46 5 68 16 59 98 21 15 42 43 34 37 26 36 88 97 39 32 36 9 0 97 33 49 67 79 12 20 68 90 88 91 62 74 47 44 83 97 36 20 16 24 18 86 83 20 31 39 91 14 28 91 71 72 86 66 78 13 75 2 34 38 56 18 7 17 1 85 10 19 1 17 7 79 1 74
41 7 97 66 88 82 1 1 71 81 25 75 1 47 24 96 72 4 87 48 81 85 3 88 5 65 89 61 94 36 24 56 63 6 9 90 30 53 91 73 40 10 48 60 25 21 53 73 20 54 17 45 95 25 36 24 98 50 19 17 20 2 74 85 54 27 15 36 11 44 19 89 62 24 97 37 44 35 83 63 95 1 8 30 46 39 52 92 53 88 68 47 73 74 50 87 40 24 3 87
3 39 61 4 56 66 94 47 38 72 40 36 80 61 84 40 9 71 54 65 65 8 9 30 83 88 54 51 66 68 43 54 61 93 51 96 76 86 79 92 94 60 54 7 44 34 81 11 54 16 6 47 86 95 72 3 50 81 3 52 32 43 59 75 59 53 91 42 55 93 94 82 37 43 89 67 79 15 31 88 96 59 66 62 69 49 33 21 91 84 71 89 44 63 18 38 46 6 10 17
62 28 74 17 98 96 98 44 73 25 67 62 61 36 46 66 44 80 20 55 22 44 56 59 93 19 50 24 23 55 24 19 86 72 78 92 1 46 93 77 97 69 52 24 83 14 94 87 13 20 58 2 55 59 64 49 57 52 92 82 58 15 40 20 49 67 34 18 76 31 55 29 20 21 38 55 19 11 4 86 75 59 23 30 23 53 31 53 35 45 54 28 14 38 72 40 38 68 17 85
99 80 58 14 58 28 42 35 99 27 48 41 71 14 35 41 34 60 56 19 96 44 12 61 4 60 90 49 68 26 42 30 52 17 21 55 30 47 54 71 95 3 38 69 62 15 67 63 44 49 73 18 63 4 30 15 79 77 93 89 66 80 97 49 17 88 86 66 59 0 69 66 10 13 4 52 20 21 79 63 61 62 34 32 10 62 96 30 29 42 98 27 84 93 84 19 83 23 22 56
83 59 41 95 5 70 11 10 55 59 86 94 66 82 30 81 0 26 97 47 19 88 71 29 27 95 0 57 88 7 50 65 98 52 61 21 40 65 84 81 63 85 41 53 70 25 27 62 29 1 9 32 46 78 64 61 23 68 33 90 83 91 97 14 26 97 68 26 43 26 72 36 97 79 46 77 85 59 32 17 14 34 16 21 19 77 93 10 99 41 84 68 18 20 73 92 1 59 76 69
5 4 30 21 64 53 92 58 28 44 83 32 92 80 49 96 67 51 30 41 99 21 22 85 56 86 75 58 95 36 29 75 3 87 28 12 50 94 18 81 44 0 66 49 51 4 61 76 73 92 27 68 15 41 55 34 13 12 9 76 50 63 84 42 38 33 86 7 68 28 0 93 59 2 49 16 80 94 15 45 28 66 60 51 46 41 29 88 20 51 51 69 51 45 16 73 12 32 30 39
28 8 60 92 57 92 56 52 55 14 4 93 15 82 0 28 87 66 52 99 11 22 16 1 12 18 47 41 18 91 77 13 37 27 6 42 76 27 48 43 38 69 94 95 16 0 13 60 39 93 46 29 38 60 67 83 0 31 1 70 59 49 43 65 20 61 92 17 40 40 43 58 5 1 90 1 44 45 76 10 41 86 19 3 8 97 37 5 68 52 90 43 97 7 80 57 72 30 5 62
4 39 56 97 6 12 32 62 1 60 27 38 31 68 65 87 45 69 87 93 27 2 13 41 19 94 30 82 23 86 77 87 37 19 60 57 38 7 12 76 58 80 35 31 35 26 88 88 84 42 79 89 38 14 88 97 32 51 12 6 43 31 21 83 14 9 82 25 50 68 17 61 63 30 96 50 73 36 52 90 76 71 80 55 23 13 13 86 83 40 28 29 64 55 95 61 51 33 12 0
75 42 96 50 75 47 52 7 96 17 54 99 35 77 89 12 13 28 39 31 6 86 0 75 21 99 87 19 47 8 47 35 83 71 56 14 17 30 42 64 47 4 26 24 95 51 90 88 10 22 80 37 88 32 26 1 34 42 26 29 68 60 53 6 57 29 75 9 64 13 71 58 45 52 57 84 0 88 32 4 80 50 41 55 65 27 64 36 0 22 23 60 43 64 57 4 1 97 51 47
45 64 3 51 94 63 40 31 20 36 25 78 72 44 79 59 43 38 43 45 15 68 26 13 91 13 64 58 66 59 66 97 77 8 88 7 22 35 53 5 87 80 73 60 53 17 75 64 39 86 93 16 28 68 14 87 71 11 89 76 5 19 80 0 22 77 3 90 39 43 52 14 58 47 24 82 82 0 47 52 55 6 7 69 5 57 3 72 61 87 32 13 54 48 51 22 70 80 27 89
21 37 0 33 4 32 50 48 98 99 78 40 71 33 22 0 35 32 88 64 54 43 62 69 33 56 74 23 45 7 34 71 22 69 11 39 24 57 44 31 33 76 69 57 64 15 32 40 48 90 0 6 90 16 31 2 75 85 53 56 37 45 16 52 10 48 31 56 83 48 55 12 62 58 25 57 51 44 15 40 64 93 95 51 0 71 18 78 85 31 93 86 60 35 32 98 25 12 31 41
77 41 33 32 62 72 54 55 64 25 98 90 64 57 68 56 88 23 92 33 11 88 16 40 34 40 71 55 66 32 35 81 15 12 12 75 5 97 5 83 37 55 36 52 92 66 84 98 28 72 1 75 55 21 8 77 92 45 57 92 1 39 69 25 43 29 9 73 78 55 15 76 34 37 26 21 74 10 46 11 92 76 90 95 97 57 83 86 11 80 67 81 0 77 33 36 72 37 54 38
21 12 99 82 86 16 35 20 66 52 80 56 99 41 35 16 55 11 77 7 72 70 73 94 0 74 4 68 47 59 40 22 95 15 47 96 67 40 61 4 29 16 42 9 92 40 16 60 55 27 70 80 37 7 20 30 85 50 58 73 35 25 2 91 73 48 60 20 84 44 18 3 25 98 64 76 39 51 99 42 46 49 23 14 64 49 19 67 0 41 17 25 37 31 20 37 56 15 3 45
98 66 43 83 39 12 7 38 59 30 58 88 18 18 51 88 30 44 67 30 84 50 30 75 28 14 43 7 16 51 89 64 71 77 32 35 31 45 53 12 73 99 10 81 65 94 12 66 95 79 96 1 33 26 65 30 17 61 48 62 62 48 78 6 30 46 94 82 3 55 15 45 77 64 80 28 59 95 30 53 82 52 40 36 81 63 38 54 40 35 9 54 29 22 14 92 69 25 39 26
