100 100
4 25 29 10 30 75 27 77 44 37 45 40 9 95 44 7 80 38 14 66 76 83 47 65 42 66 61 80 25 28 95 65 54 28 85 64 80 88 66 73 34 79 18 48 29 29 25 60 26 81 81 6 75 51 59 17 37 33 89 92 81 15 35 43 74 67 41 30 31 85 20 19 3 80 83 0 26 45 86 54 82 24 44 98 90 57 86 52 34 86 75 51 66 69 69 35 62 30 44 23
2 89 74 34 25 66 67 36 79 90 19 18 22 5 69 92 26 1 78 29 66 70 24 85 13 7 10 48 25 3 4 19 34 59 82 1 73 85 33 74 9 73 97 83 89 38 38 2 70 62 32 68 77 0 37 32 11 29 34 17 95 86 3 13 17 31 28 14 43 68 98 30 4 61 44 88 21 38 68 79 25 45 69 2 54 46 33 73 38 25 63 12 81 23 29 11 36 76 17 40
9 26 73 63 77 99 29 95 9 71 56 14 75 64 26 53 98 39 3 85 36 5 64 75 30 66 34 44 44 97 80 9 93 64 25 42 44 54 81 39 82 24 56 57 68 37 90 41 5 97 91 26 95 62 88 76 27 63 20 97 59 38 16 34 68 27 70 39 27 87 33 99 12 5 69 74 24 17 40 5 84 81 88 39 77 48 21 2 14 64 42 83 89 22 55 47 89 65 88 49
84 48 92 95 45 67 65 17 75 43 23 63 93 77 70 84 51 90 64 64 34 62 48 21 79 22 38 68 34 23 59 38 63 96 31 13 63 57 33 29 20 15 55 83 3 97 42 95 63 16 40 31 99 51 37 55 81 43 35 93 89 65 34 2 80 45 6 46 60 89 50 63 15 97 45 95 89 14 19 59 25 19 23 91 87 13 36 88 55 38 80 13 44 9 18 72 25 33 1 70
51 41 76 38 81 43 41 10 39 11 29 26 36 33 99 34 60 30 18 46 91 50 32 52 21 99 92 24 89 21 94 43 8 81 76 10 37 50 11 81 94 63 38 38 17 47 38 61 13 18 28 67 56 75 63 34 23 95 49 29 18 8 51 20 11 13 67 73 66 34 34 76 13 45 6 84 86 34 6 22 35 88 48 9 67 48 70 73 10 90 57 17 93 82 45 9 37 55 90 86
94 29 31 83 61 56 60 86 39 13 93 72 12 36 75 92 88 61 9 89 4 55 54 75 36 85 97 33 59 31 2 23 6 19 12 40 19 79 1 99 77 25 69 56 42 49 34 61 56 0 61 49 7 4 59 63 33 14 48 36 86 99 3 43 75 84 49 86 28 57 27 49 39 51 66 19 81 44 9 68 24 10 14 33 62 88 15 60 96 37 45 0 15 2 76 96 29 82 76 38
46 2 90 84 74 34 80 43 14 27 3 91 38 85 81 23 19 7 51 28 33 40 66 92 16 32 65 48 31 45 17 98 42 18 70 59 30 44 6 0 46 82 21 70 32 80 32 23 41 62 72 16 60 97 62 40 35 40 65 27 91 10 28 79 7 63 78 39 73 59 91 44 26 80 80 65 52 52 55 92 31 14 78 65 27 67 20 23 32 51 46 99 2 71 78 57 92 25 84 34
23 74 12 13 87 13 42 50 3 24 49 18 79 77 0 66 70 13 62 0 35 17 1 72 0 52 46 53 72 28 71 53 28 31 89 72 21 61 70 22 23 72 28 5 42 40 64 17 92 46 61 54 21 89 13 17 50 11 44 31 32 59 10 84 48 79 8 65 68 71 17 39 78 42 64 88 41 7 86 24 68 0 80 62 24 16 54 20 51 66 67 32 88 29 62 6 79 58 81 3
40 74 31 83 89 89 45 73 89 61 82 19 72 22 50 95 69 69 6 57 81 48 69 23 13 45 9 12 87 4 25 71 64 17 89 48 77 38 65 8 43 62 11 99 31 95 50 40 28 86 6 93 47 76 60 76 14 21 3 75 80 83 66 69 51 27 56 53 34 76 33 67 75 59 37 3 7 85 38 44 99 52 19 7 77 59 33 73 9 4 45 19 99 53 75 61 90 92 69 76
27 67 10 70 81 38 24 98 97 7 84 89 19 91 32 45 29 23 9 32 48 31 87 35 29 38 16 69 72 80 48 22 12 88 73 22 98 81 44 1 64 26 44 87 92 95 78 92 24 63 16 62 46 9 58 5 50 44 34 78 29 69 23 7 90 95 1 80 61 69 24 27 91 73 50 5 46 68 79 73 9 19 87 40 51 17 22 64 94 91 53 70 7 7 1 72 74 12 84 42
77 88 4 48 60 91 30 6 18 2 18 78 39 78 80 14 29 37 47 75 43 64 15 87 60 5 43 18 92 46 65 65 26 82 34 98 55 8 50 28 60 76 38 14 91 1 35 34 79 13 13 42 42 6 29 9 68 41 77 74 3 24 97 3 85 11 82 82 94 30 83 77 67 78 60 75 97 73 43 1 72 23 42 37 41 17 52 73 84 99 29 79 50 60 32 74 83 49 82 29
78 63 99 48 41 54 31 49 4 82 44 49 12 90 41 60 65 93 0 97 4 30 83 98 32 41 34 53 72 1 89 53 74 55 88 76 70 81 92 38 61 19 59 44 26 10 89 13 0 81 72 48 57 39 66 59 1 43 13 83 33 42 79 50 19 72 0 4 32 67 81 10 28 5 29 18 77 5 34 18 14 61 10 21 32 92 52 13 83 72 88 19 97 86 55 20 45 89 14 83
34 74 46 73 12 45 97 17 3 6 24 35 94 59 77 51 15 59 2 26 28 22 75 94 99 81 95 4 40 12 28 92 61 66 97 77 24 99 5 82 81 54 55 31 19 73 64 48 63 66 17 87 85 73 98 8 53 22 11 58 18 22 84 84 66 83 74 39 70 91 19 51 12 34 52 51 45 35 20 55 0 91 26 52 93 97 25 44 52 95 41 48 32 48 2 62 71 39 46 88
58 28 74 88 38 27 71 31 25 94 8 31 31 66 92 97 10 2 31 10 96 45 64 62 97 61 57 72 3 46 29 49 32 58 55 35 78 89 26 27 49 24 86 64 93 19 48 16 58 94 84 3 41 68 41 61 44 95 66 26 49 62 36 36 35 44 92 93 95 60 39 72 14 53 10 5 19 33 51 26 97 67 57 2 75 27 79 45 5 89 9 53 40 65 43 79 92 65 86 23
78 87 22 54 8 26 67 24 37 31 73 8 20 17 65 81 20 96 18 45 10 63 69 62 56 53 91 76 22 45 57 72 62 87 76 29 36 87 31 98 89 89 3 69 80 83 27 51 58 26 53 47 19 10 3 48 58 63 2 64 72 0 19 31 64 20 21 46 53 82 42 19 72 71 84 30 35 7 53 27 79 39 65 28 77 17 37 10 48 27 30 25 79 22 80 11 43 97 46 6
38 99 12 29 12 91 72 36 20 27 54 17 61 42 95 33 91 10 76 97 50 36 27 5 53 73 65 47 93 9 87 44 77 22 55 78 55 96 17 99 47 87 82 37 67 74 27 65 35 24 58 83 14 48 46 69 87 18 66 23 56 82 30 35 89 12 44 12 91 82 76 55 27 84 89 55 76 69 7 2 79 3 12 62 53 4 54 73 96 70 18 29 56 56 40 24 59 21 90 77
93 25 40 54 17 21 15 54 26 49 79 45 42 12 57 68 96 81 84 64 74 75 94 38 69 93 10 83 12 18 51 60 94 45 1 73 93 6 99 22 99 45 55 84 75 90 19 27 73 65 5 8 79 6 34 10 5 2 41 94 96 53 56 43 72 94 30 53 50 63 18 70 14 35 1 93 58 17 74 25 21 48 17 38 45 93 91 18 25 95 44 51 8 35 68 91 79 59 87 63
21 67 46 73 58 13 55 47 34 9 14 6 15 52 74 27 17 77 8 3 79 71 66 99 27 44 58 57 80 9 54 84 25 13 42 33 35 80 62 70 64 41 42 95 28 77 27 95 10 80 13 51 69 16 45 81 87 58 16 23 25 47 97 25 45 7 64 72 43 65 45 98 2 90 91 44 10 78 0 25 97 14 51 99 37 33 85 27 65 20 78 54 42 1 44 59 20 72 1 47
70 61 91 80 0 4 66 2 97 59 82 20 13 4 23 59 80 1 60 56 96 13 84 85 58 32 1 88 70 95 39 90 29 0 67 89 40 4 10 17 44 98 50 76 99 38 70 76 84 50 39 9 22 70 56 31 42 74 77 25 43 88 46 75 1 39 60 72 85 97 0 54 77 98 13 81 57 49 67 1 93 69 45 5 47 9 5 18 77 91 52 15 90 76 85 10 12 79 43 16
58 24 66 42 84 56 89 40 33 10 47 98 95 33 22 22 39 88 61 47 54 64 53 63 59 16 49 47 39 10 63 42 50 32 28 48 12 67 93 29 34 67 55 72 35 61 47 5 42 92 32 75 89 5 66 6 22 28 25 30 29 73 56 25 42 68 72 73 9 42 67 64 57 85 15 21 51 93 53 95 16 36 78 28 71 88 71 92 18 69 77 55 56 58 89 38 65 99 38 74
72 59 17 6 54 30 36 13 44 96 81 86 6 0 21 30 29 16 97 99 30 12 65 65 93 19 23 17 77 60 37 10 37 40 92 83 14 66 34 92 60 94 60 9 33 90 77 68 30 0 10 71 82 69 72 62 12 13 4 61 66 21 1 15 81 42 76 45 74 85 80 6 7 24 7 32 11 13 7 73 95 77 18 77 59 25 75 52 14 73 77 45 82 82 43 97 54 88 10 30
55 56 76 59 90 11 55 1 87 95 0 33 45 41 7 5 57 4 26 6 78 97 28 69 85 98 53 54 40 10 39 75 21 5 54 86 78 78 8 86 9 7 79 22 71 6 98 67 56 57 67 53 35 65 46 23 33 22 20 29 38 26 82 31 67 13 98 65 92 74 14 69 15 23 32 66 28 94 32 45 16 78 64 96 71 82 15 82 76 73 70 74 65 37 29 22 26 45 97 37
16 29 70 50 54 6 64 20 57 42 79 46 3 40 73 55 54 46 28 25 94 34 33 53 93 51 62 13 6 1 18 61 35 31 50 73 22 17 82 86 26 39 70 95 32 65 20 25 81 40 27 81 44 72 43 61 5 30 2 14 50 93 4 96 4 36 58 91 34 41 99 40 0 91 57 43 44 4 21 77 56 48 69 93 45 85 50 72 74 68 78 5 19 45 0 1 29 93 1 39
11 53 64 96 40 3 96 10 2 62 13 64 92 0 16 16 75 68 65 11 75 84 25 84 9 22 2 61 85 2 96 45 99 94 15 88 17 89 56 42 13 28 18 71 37 35 47 34 7 14 27 49 14 49 5 44 76 81 28 48 54 92 96 60 10 87 67 82 60 12 54 3 78 44 29 72 22 97 1 5 60 28 99 29 85 32 53 72 7 46 24 90 85 27 43 16 89 59 10 8
26 44 11 85 61 93 22 26 38 52 41 28 76 80 82 8 55 78 48 75 97 13 83 81 88 34 44 4 2 11 44 19 91 50 38 46 92 14 94 93 39 29 45 39 28 67 63 33 66 0 9 28 63 73 95 4 42 59 74 84 59 91 31 80 74 0 43 75 86 38 24 71 66 86 17 29 45 17 77 38 74 10 18 54 79 65 23 90 37 48 5 13 50 7 79 73 79 7 65 76
90 58 58 66 98 6 34 87 69 3 6 60 99 60 62 17 36 54 1 91 36 49 56 4 13 59 48 31 66 83 35 82 59 11 25 78 29 11 2 68 34 90 92 96 13 22 10 54 27 32 61 87 63 44 72 6 27 97 76 2 43 32 58 94 52 98 70 21 66 6 55 93 68 8 85 65 43 83 3 20 57 42 77 11 16 3 25 11 27 2 38 30 89 55 18 41 55 20 17 63
59 46 63 58 22 43 7 12 5 68 80 67 80 34 44 5 8 63 46 84 45 97 27 64 98 90 20 71 28 45 55 89 49 27 75 87 27 62 46 26 61 91 24 39 55 40 75 96 27 36 69 23 79 79 58 96 47 70 40 60 78 93 54 95 43 7 85 94 69 56 77 89 3 27 28 5 37 73 28 2 27 33 17 35 81 74 98 17 90 12 15 52 60 52 95 0 20 43 18 82
97 8 99 48 54 12 97 99 84 58 51 55 40 25 99 46 76 24 24 1 82 25 48 19 92 21 39 91 51 61 50 58 49 94 11 10 8 64 69 5 92 79 60 62 14 19 40 31 5 92 2 20 17 49 45 54 13 68 6 87 52 51 43 81 7 0 98 65 83 33 54 50 56 63 37 77 79 62 33 72 87 98 92 70 6 13 70 77 47 22 94 27 61 78 14 24 76 68 52 35
0 76 16 33 55 71 54 4 31 76 16 37 13 73 80 40 63 25 30 77 5 88 13 91 38 29 23 77 88 64 17 43 98 51 61 73 62 34 22 32 50 6 73 88 63 45 33 88 30 78 85 72 8 85 45 36 91 81 87 58 31 77 53 11 60 47 59 86 82 2 68 79 35 6 66 11 48 44 78 56 21 90 81 0 31 10 34 64 27 90 22 60 4 41 33 83 71 28 96 81
7 17 30 78 68 39 81 74 73 40 11 1 89 64 8 26 81 29 95 12 26 8 8 20 93 73 56 72 3 6 38 93 7 19 85 75 6 8 12 8 32 93 25 56 25 74 84 86 92 87 54 69 46 29 75 15 80 50 97 27 19 44 32 24 34 71 96 61 87 15 58 12 25 45 65 17 73 75 65 46 47 53 5 15 46 55 25 74 65 4 69 40 6 73 25 23 64 13 89 23
76 32 54 85 95 22 12 47 77 39 76 90 27 79 4 88 34 84 65 29 29 36 19 57 33 48 12 87 52 32 48 20 24 16 23 83 0 66 83 15 52 19 72 32 84 92 72 73 51 35 75 81 3 72 46 32 33 16 3 84 20 71 44 94 57 32 51 99 1 98 68 53 75 33 21 54 36 7 39 20 64 83 99 94 81 23 42 98 8 16 26 2 67 54 81 88 92 7 92 72
79 97 81 42 8 72 13 72 96 66 3 84 96 31 58 13 43 87 63 62 65 4 41 27 2 33 72 9 70 17 94 16 77 9 43 21 40 42 92 17 12 5 18 89 75 0 91 9 12 68 20 27 69 99 91 42 8 72 38 97 26 84 52 76 67 81 84 21 60 20 17 54 45 38 2 21 12 47 19 48 32 19 99 42 30 59 72 51 24 42 31 38 72 9 86 11 40 17 79 25
46 44 45 14 66 76 79 43 99 7 35 82 70 15 0 70 3 78 29 31 55 51 86 81 12 29 43 99 25 62 99 51 93 21 38 63 76 62 38 34 39 62 22 74 51 48 11 88 27 10 76 4 13 96 93 3 82 93 24 70 28 9 94 64 47 63 0 82 58 40 19 58 91 29 87 36 4 47 95 7 80 18 44 42 69 38 97 78 12 67 37 61 99 33 98 9 86 52 33 86
45 40 29 53 51 82 32 99 49 22 14 20 59 46 52 87 44 5 22 85 13 68 73 98 25 49 59 71 6 20 20 59 22 95 73 46 52 94 41 9 93 39 66 75 89 19 2 5 17 18 22 34 96 14 11 0 45 95 94 59 44 67 37 16 47 75 20 93 88 98 93 44 67 8 59 70 55 68 1 57 61 43 53 21 0 6 44 15 91 38 72 14 21 89 84 92 98 60 89 49
64 88 7 59 74 12 99 74 60 73 7 5 3 65 74 6 68 33 30 73 58 8 17 48 17 46 45 54 47 21 59 54 78 31 3 55 69 45 10 78 6 44 0 30 9 97 70 13 25 0 73 67 90 57 42 98 57 44 71 39 58 38 9 51 13 10 92 69 67 86 80 65 98 13 80 89 95 96 3 64 96 85 23 61 1 42 99 15 37 50 90 13 6 39 77 26 71 93 93 0
66 95 24 3 84 62 84 84 62 25 83 27 45 17 3 22 15 31 64 69 68 22 37 67 32 63 47 75 18 22 73 45 8 32 80 76 4 68 37 68 54 24 72 97 37 84 61 73 32 35 42 89 44 76 17 20 8 50 63 94 65 34 8 75 49 2 26 21 78 80 21 64 47 10 6 98 26 57 53 78 22 72 96 16 34 68 87 63 40 54 65 91 62 2 80 24 74 27 26 6
10 15 70 19 59 10 42 13 68 50 37 46 35 41 5 96 9 6 66 19 88 85 48 35 33 0 84 8 15 40 92 28 19 83 92 80 80 7 37 34 63 99 7 63 53 39 42 78 80 89 64 32 18 70 53 15 17 99 72 73 12 5 84 28 1 35 18 91 39 20 43 44 13 63 41 50 45 86 79 61 71 63 46 77 66 43 77 31 53 82 21 60 92 66 22 46 7 35 69 19
86 2 35 16 15 58 83 42 67 89 22 42 10 12 15 1 46 61 8 13 73 87 16 98 68 12 34 88 50 62 54 4 1 72 57 47 71 11 41 93 75 21 63 10 55 64 18 83 66 41 89 60 34 73 70 27 73 76 21 24 40 31 91 37 32 61 98 5 29 37 18 14 66 29 60 50 32 31 81 23 79 24 7 6 65 15 62 39 13 57 51 13 39 40 55 55 54 94 91 11
45 49 60 21 48 72 45 76 10 71 68 53 52 67 99 10 46 18 3 48 42 59 77 44 43 49 45 72 53 87 40 42 70 83 40 23 27 72 53 98 89 67 65 79 69 53 93 72 6 62 26 81 71 68 80 13 92 73 86 22 41 76 64 57 67 52 53 22 25 1 79 98 29 47 87 36 50 34 69 75 49 68 98 3 97 44 38 18 96 9 44 41 83 70 74 52 48 33 51 53
23 87 56 45 85 14 15 82 0 93 46 49 8 90 65 53 53 43 18 83 1 81 76 63 65 23 73 40 33 63 88 30 28 48 63 27 83 8 52 10 81 33 93 62 17 34 11 19 88 61 92 99 61 19 1 46 78 41 82 50 46 76 3 37 60 52 56 11 12 96 5 82 12 94 65 37 15 98 55 30 75 4 86 5 55 51 96 23 21 6 83 57 22 51 20 28 73 94 18 28
45 76 99 94 87 87 70 93 70 40 59 73 35 87 43 78 11 31 14 76 48 27 1 38 50 99 76 59 97 11 50 82 82 19 5 64 29 64 47 6 31 72 72 40 95 49 15 56 68 89 35 36 18 18 96 45 32 61 74 49 99 8 65 85 22 29 4 44 58 3 86 6 2 75 93 93 64 4 88 89 57 97 36 10 87 0 96 13 75 44 57 55 80 23 28 15 53 27 67 56
91 22 60 90 45 43 65 64 38 6 18 6 7 77 85 28 12 26 36 87 3 71 18 83 89 4 4 1 78 62 64 58 63 23 89 62 5 47 83 65 30 50 2 14 78 17 62 21 94 35 41 71 95 62 19 17 67 18 45 35 54 50 99 29 77 51 26 1 61 34 40 40 22 88 70 21 19 24 9 20 32 26 20 14 49 39 47 76 9 89 91 4 67 32 69 82 74 84 70 47
3 36 89 30 47 74 6 83 48 96 98 79 9 60 95 6 70 60 94 97 58 49 3 48 20 61 44 3 36 49 99 22 29 20 34 67 89 40 88 73 61 19 28 30 7 91 45 9 83 64 56 37 24 24 17 48 59 15 82 11 0 62 38 70 76 47 44 94 17 86 55 80 63 94 47 53 37 10 83 14 73 61 59 10 21 44 27 33 14 29 58 47 15 87 40 20 67 74 95 8
33 1 5 33 27 83 96 79 99 29 56 11 46 31 18 38 36 70 87 17 69 59 23 89 9 32 1 76 89 63 31 28 57 12 8 45 73 82 82 15 74 79 70 99 21 56 8 37 21 59 45 54 58 68 89 85 88 58 97 39 94 28 59 91 27 50 53 84 78 24 75 92 25 36 34 13 37 71 68 19 8 43 96 29 83 37 37 19 60 20 42 39 22 99 59 69 28 49 12 75
6 95 27 43 41 74 42 75 99 51 32 27 50 36 64 60 59 97 53 97 81 31 82 10 55 17 29 14 49 62 37 16 66 90 20 2 90 45 67 73 37 9 75 89 91 70 9 38 87 98 81 60 29 52 99 73 94 52 44 27 60 13 76 30 96 82 34 25 9 71 86 65 94 30 98 2 53 49 52 85 43 87 15 22 2 5 53 55 54 42 53 49 15 60 16 34 67 22 49 50
11 83 30 9 42 21 23 33 55 37 38 37 0 24 98 33 40 12 41 29 97 61 86 85 85 97 51 37 16 62 60 61 24 63 61 12 18 98 26 58 55 62 10 56 73 17 65 65 71 62 87 82 76 14 2 43 6 70 79 61 4 5 28 94 48 25 67 11 88 85 88 10 15 50 20 62 92 81 95 25 88 94 49 3 18 51 46 6 63 24 11 89 99 77 47 64 42 16 86 75
38 43 69 70 93 81 55 94 88 27 98 94 45 19 60 98 18 13 47 22 91 72 25 37 81 25 45 9 33 42 61 35 81 32 16 62 59 77 97 94 22 70 22 88 75 53 89 36 71 95 26 30 8 95 25 51 75 43 0 69 52 21 9 35 3 83 87 94 40 5 98 17 23 69 88 48 47 83 27 6 19 40 40 95 62 55 39 27 7 18 90 87 94 58 22 12 21 6 4 10
80 13 91 64 61 85 50 48 30 59 97 18 26 59 46 84 19 48 38 63 89 6 63 30 4 49 91 99 75 20 30 72 37 83 18 43 40 65 74 38 95 3 97 10 83 68 89 55 58 68 73 23 24 27 33 46 86 4 56 51 37 9 73 65 97 23 86 54 21 60 50 3 40 52 53 92 31 62 22 80 7 8 51 42 38 93 0 29 40 3 81 1 55 98 13 32 17 65 46 95
59 55 28 51 31 21 14 16 13 98 38 85 94 76 22 44 37 52 1 29 20 68 50 37 10 61 52 25 90 3 1 0 83 30 70 27 82 92 58 58 49 24 45 21 24 42 99 87 93 66 72 71 22 69 96 6 9 49 95 93 38 52 37 99 81 51 40 51 46 30 33 40 36 10 45 57 89 9 1 42 43 5 56 9 90 49 46 41 0 47 50 81 25 28 75 99 26 77 12 77
45 17 16 70 78 24 58 2 89 8 23 81 31 75 14 97 56 73 98 15 3 51 58 68 5 56 54 96 18 94 97 86 11 23 0 6 31 17 58 41 95 20 27 6 55 63 77 92 98 11 21 19 80 75 40 19 82 6 38 7 55 84 12 93 63 90 8 48 84 47 37 15 19 16 58 92 60 11 14 79 25 33 74 66 21 80 83 67 4 48 42 34 25 3 56 88 2 48 27 52
57 17 97 3 25 34 92 61 35 18 32 19 88 38 64 16 59 28 33 23 82 35 93 45 28 94 20 98 39 56 73 74 28 44 64 52 53 71 1 79 51 59 92 27 15 8 11 35 4 62 30 2 27 12 7 82 21 28 24 76 34 61 75 33 84 50 28 10 79 3 47 77 18 36 60 70 71 83 55 69 13 14 57 82 20 50 96 1 85 57 73 10 76 94 87 1 94 79 9 6
86 34 99 97 63 51 76 92 43 59 76 46 70 28 17 85 1 0 96 26 23 6 39 63 81 78 27 22 16 44 44 33 76 61 76 66 42 5 50 66 51 22 44 9 9 23 37 85 88 80 27 35 76 84 76 35 7 71 36 50 16 87 7 76 93 73 18 93 70 21 83 68 85 93 94 66 46 65 94 37 16 82 71 73 71 15 46 52 11 29 69 16 24 76 44 50 79 72 74 90
78 92 15 75 59 11 26 68 41 78 70 33 4 2 77 80 89 3 82 77 16 94 1 18 8 23 39 72 55 16 26 18 94 55 94 95 4 25 27 14 93 71 26 86 51 3 93 57 59 20 72 48 11 11 68 37 73 21 6 51 23 89 28 60 54 90 74 12 74 34 22 78 49 91 7 36 44 91 20 46 79 11 66 40 73 64 29 77 90 17 2 12 94 0 74 21 29 45 35 65
81 25 49 62 40 7 68 77 7 31 94 41 59 35 10 53 16 43 50 35 46 3 70 37 45 1 93 44 87 81 29 44 57 59 57 75 52 11 27 18 64 74 92 22 94 24 6 27 61 29 18 84 19 30 98 33 96 32 66 62 71 46 52 19 38 71 30 37 6 50 43 65 30 17 61 17 53 69 94 75 36 14 77 94 79 54 15 27 13 93 69 66 8 78 42 90 76 93 36 5
77 81 18 22 32 85 74 83 5 34 61 49 99 36 90 74 14 1 2 86 39 37 43 5 43 23 94 59 71 8 6 27 31 48 23 29 44 41 10 15 59 86 77 27 85 43 26 32 82 61 36 59 49 94 84 8 92 87 14 31 35 28 25 22 85 90 54 11 58 17 61 86 35 62 48 25 79 85 72 72 87 5 49 46 25 11 62 30 29 8 84 42 74 94 65 81 3 70 6 67
74 71 63 1 59 52 9 34 11 25 69 6 75 25 23 94 63 30 65 21 87 55 64 5 2 3 26 97 0 27 75 70 17 73 49 82 83 9 21 84 84 82 73 93 68 4 4 13 3 76 68 29 97 52 5 89 71 60 19 15 87 62 90 3 78 11 32 81 28 89 16 31 18 91 45 12 9 8 40 21 78 82 24 18 39 26 5 15 38 52 58 15 34 34 60 12 81 24 9 11
57 8 48 71 25 94 61 44 38 2 47 12 1 32 80 16 29 80 72 86 42 55 88 12 55 98 57 90 73 59 92 7 64 32 79 73 3 55 47 93 96 92 0 54 60 34 28 85 22 91 25 32 22 56 33 84 23 56 12 80 44 57 64 11 99 83 90 48 63 99 44 27 49 95 47 1 53 12 63 22 49 39 12 88 49 7 71 28 9 36 49 11 64 56 60 78 10 80 10 31
76 73 93 39 40 28 48 42 41 28 84 78 68 45 61 94 85 0 35 35 45 99 31 50 54 30 71 16 14 96 79 98 42 39 46 45 62 27 41 69 27 31 8 6 52 57 45 21 70 71 32 94 13 67 44 85 73 42 75 42 90 47 31 0 93 89 6 91 63 89 32 69 57 19 14 33 91 37 82 17 32 24 99 23 57 79 94 33 39 28 94 66 0 2 98 28 12 78 85 2
68 41 12 45 53 43 11 54 29 94 57 86 22 86 71 18 21 71 38 68 65 7 74 2 32 18 51 0 83 95 94 43 33 29 91 57 65 23 32 61 18 25 64 88 73 78 87 36 17 79 34 80 33 12 88 3 71 3 54 73 61 48 53 9 18 36 69 95 50 94 51 82 1 94 82 63 89 23 7 91 5 70 19 56 78 47 71 17 96 1 48 81 74 81 27 46 91 27 23 70
79 77 25 58 18 27 68 79 52 70 68 92 16 98 15 84 10 72 73 77 92 2 61 97 41 10 91 84 52 13 23 31 59 73 66 40 40 38 80 11 56 44 54 87 81 81 50 89 51 12 38 6 5 80 43 22 25 89 14 11 83 47 71 15 94 86 30 6 26 77 20 39 72 26 96 47 3 8 14 85 5 86 12 51 2 52 18 97 99 99 71 58 27 36 65 9 62 65 36 15
3 0 11 74 29 51 99 68 39 67 40 57 48 67 75 49 72 68 78 40 50 63 82 15 85 89 94 49 17 79 10 74 75 75 88 6 26 38 87 96 16 3 98 69 47 65 92 2 42 16 83 8 0 83 72 74 45 80 46 36 21 8 54 36 55 98 20 83 69 39 81 85 71 93 31 96 95 36 98 95 26 63 99 88 52 7 56 96 30 43 53 80 93 65 36 23 22 45 58 7
26 19 98 73 9 56 0 76 85 13 0 23 88 12 55 4 62 15 56 97 79 86 53 70 96 41 10 72 3 45 7 61 18 54 71 86 98 78 68 98 98 63 11 59 44 94 29 61 41 35 33 67 40 39 82 68 34 78 61 9 80 80 19 60 26 59 4 62 79 70 98 0 20 74 2 30 74 73 52 2 76 84 51 11 4 14 89 26 83 60 68 42 20 7 14 23 28 39 43 12
2 48 83 9 80 60 85 32 75 84 47 98 75 26 63 11 51 3 72 31 46 38 3 87 38 5 31 77 56 70 77 92 95 33 96 92 24 92 19 61 23 95 85 63 43 69 24 23 26 95 49 76 32 71 42 12 73 52 95 80 87 93 62 7 47 89 69 38 1 62 38 76 72 93 68 86 77 74 28 86 43 12 44 49 59 1 17 12 99 22 14 71 47 48 67 43 26 68 98 65
81 59 9 81 73 94 41 99 93 95 66 68 6 86 2 56 83 44 76 2 53 6 0 44 51 21 54 17 14 0 63 53 94 81 11 35 18 79 22 62 70 45 17 30 65 42 30 63 54 12 80 44 99 67 16 53 59 23 73 54 72 88 88 97 2 68 42 87 8 57 61 74 23 82 60 14 90 22 63 65 91 61 20 88 3 4 48 31 66 89 89 94 26 47 16 90 86 57 48 33
53 48 27 16 1 26 7 63 69 23 52 82 91 58 62 49 44 62 99 42 10 8 28 17 86 50 10 31 63 69 79 6 84 96 13 7 14 99 69 59 39 69 78 72 54 78 12 3 44 44 11 59 5 74 56 99 76 16 81 54 31 13 72 79 4 5 72 96 73 84 39 90 32 96 96 84 38 23 11 6 29 69 12 61 4 60 74 87 7 7 43 84 29 22 51 4 55 0 75 74
70 20 8 40 55 78 97 16 40 69 52 44 7 40 86 59 85 22 44 6 56 65 84 21 37 8 65 69 14 12 94 10 70 12 98 4 88 61 96 20 98 37 25 4 75 44 72 47 60 25 39 83 86 60 79 43 82 47 36 85 9 90 13 15 38 74 26 32 10 37 53 11 20 86 83 72 55 76 80 74 7 96 18 5 84 77 5 42 92 88 45 92 67 37 56 28 84 88 90 90
53 32 6 18 38 34 36 53 49 86 42 48 38 98 20 91 18 15 4 74 50 81 36 96 85 70 55 32 40 0 81 55 74 25 43 48 89 7 67 19 19 56 81 60 75 33 97 4 33 17 55 47 95 41 46 29 20 8 24 87 50 25 20 27 57 90 84 83 17 3 81 80 98 95 7 31 68 70 56 68 62 30 76 22 34 27 60 30 11 82 74 96 1 98 19 72 41 64 3 98
1 94 66 84 19 63 40 93 27 95 35 32 61 78 55 47 83 51 93 59 26 69 45 93 66 25 69 90 69 38 64 4 13 41 89 35 75 21 54 82 80 88 6 43 77 74 99 15 37 11 95 28 28 58 63 50 77 84 52 0 62 75 87 18 92 42 15 44 97 5 50 70 65 24 95 46 34 42 14 39 59 49 82 62 69 30 27 23 25 32 77 58 25 52 40 55 53 3 50 96
67 22 50 11 31 1 33 21 47 78 5 67 94 33 90 83 15 73 15 9 80 44 40 3 69 27 48 49 11 34 7 52 43 75 20 15 81 91 30 28 61 26 6 5 18 66 59 20 84 18 18 33 42 84 15 12 61 32 40 96 39 64 1 69 22 12 18 52 29 18 75 90 10 87 31 81 97 20 32 44 23 99 99 65 12 85 62 3 3 92 9 24 46 94 66 44 21 99 60 76
85 56 60 93 14 42 51 20 82 90 95 24 94 38 79 54 86 69 66 40 33 62 6 83 80 62 98 91 81 17 20 73 68 60 29 17 83 14 97 54 24 82 24 17 0 58 40 93 86 87 99 82 47 0 50 69 56 40 25 37 3 90 50 36 37 14 51 88 64 43 89 52 18 15 70 72 29 18 67 2 2 77 5 41 53 56 72 64 14 57 98 38 2 28 28 70 53 10 23 57
96 93 85 76 67 59 63 70 20 74 98 47 63 60 13 80 46 90 78 5 94 38 9 36 91 4 27 10 67 51 92 1 4 81 62 65 74 92 43 77 62 66 13 75 41 50 73 25 11 15 41 83 42 82 36 22 89 52 10 76 27 73 2 53 12 33 16 38 61 82 17 35 10 27 41 73 70 95 19 6 44 63 13 54 38 53 8 38 50 91 57 49 13 1 73 57 80 61 90 25
7 92 37 66 32 23 96 61 93 40 57 21 7 78 66 89 52 99 1 97 23 69 2 66 0 23 98 42 65 71 27 30 14 19 7 12 78 7 31 1 37 17 72 33 4 35 58 40 20 3 56 32 31 46 15 48 41 92 66 27 16 89 48 1 4 47 14 87 75 14 26 37 9 58 70 77 79 78 23 33 50 47 19 63 85 82 89 51 78 55 14 53 80 22 52 49 29 32 81 71
44 65 95 57 19 37 37 7 44 92 83 90 52 13 13 2 5 67 66 42 78 4 99 29 45 30 47 68 18 11 53 9 50 6 19 78 31 31 26 61 29 92 94 72 87 0 27 67 89 70 81 93 91 47 99 17 4 37 0 99 38 31 95 56 65 68 6 63 28 9 71 49 58 41 3 45 54 70 37 34 87 6 37 14 38 20 37 30 38 58 12 9 92 12 29 27 69 54 75 54
20 50 21 71 51 95 44 76 86 18 50 7 9 43 95 98 19 4 28 64 35 53 28 97 29 24 87 89 64 50 63 38 59 79 3 56 48 66 50 52 85 70 69 15 63 19 1 98 50 81 58 49 26 10 57 23 90 2 92 64 23 61 59 34 88 30 9 31 62 17 96 26 73 0 86 36 4 94 29 26 22 13 78 29 49 47 28 70 71 72 63 70 58 69 66 5 18 39 7 6
52 77 60 78 69 77 5 39 24 24 53 79 88 38 33 63 37 42 66 21 20 14 44 75 14 26 78 94 20 56 79 96 28 88 15 20 0 36 77 64 51 54 43 90 69 1 7 56 30 89 95 67 46 41 65 84 89 57 95 91 52 84 83 59 72 66 45 6 22 73 76 9 88 50 87 99 96 4 3 9 16 76 69 37 68 11 15 48 78 1 55 15 5 42 38 60 92 99 80 78
80 65 88 61 67 41 35 60 65 83 36 99 94 94 15 55 75 56 56 1 46 71 90 32 75 57 38 64 99 60 70 39 82 14 30 38 32 95 75 59 22 9 60 83 59 60 22 22 22 44 46 13 17 41 13 88 64 78 85 52 4 52 66 41 9 21 91 63 45 17 21 69 77 17 19 26 21 78 35 24 45 56 99 81 98 53 26 75 98 12 57 59 47 73 39 7 38 78 3 57
18 73 44 22 37 53 19 51 38 16 86 58 3 0 63 37 24 58 52 17 80 91 89 43 47 11 21 74 99 92 35 69 74 39 11 11 66 56 28 22 82 10 46 93 42 41 29 78 23 76 94 83 56 60 88 74 76 59 65 64 55 25 5 13 23 73 58 16 71 57 1 44 28 95 1 50 91 60 57 32 16 78 22 23 22 92 70 49 64 58 42 75 2 71 30 50 73 14 89 50
12 4 29 93 66 61 58 8 74 34 35 38 31 2 77 34 37 25 18 36 22 67 50 99 3 44 91 77 64 8 92 39 39 18 12 68 40 31 69 37 54 48 61 58 55 86 8 45 77 29 74 34 92 48 58 71 40 7 24 51 18 51 91 18 46 66 60 68 11 65 83 51 99 26 41 9 97 32 29 29 7 94 47 71 25 93 68 32 90 10 43 41 29 69 12 59 66 64 16 0
45 92 27 93 75 88 29 25 85 87 4 45 76 44 53 12 82 56 5 26 34 63 79 92 66 12 82 20 73 2 8 2 28 64 6 38 59 34 76 40 86 61 55 94 42 77 73 7 58 31 35 20 83 34 49 28 5 80 50 20 21 1 19 0 3 35 30 29 84 52 15 97 51 56 93 11 22 25 44 51 35 36 3 43 31 65 51 71 89 69 34 39 4 82 90 81 33 67 69 26
2 51 61 84 83 31 83 78 57 52 66 77 55 32 96 60 38 20 78 89 5 49 90 43 39 74 42 4 91 59 28 95 80 18 49 93 34 88 23 59 19 57 44 75 24 69 36 63 31 55 66 70 98 57 7 35 81 36 27 22 72 1 48 11 12 3 81 4 21 83 52 65 29 23 46 25 36 50 95 93 33 15 59 13 97 23 35 30 53 13 2 37 32 57 40 88 63 22 16 94
74 59 87 38 2 76 91 70 25 22 31 77 18 49 2 56 74 22 23 53 10 9 26 79 51 64 29 38 38 98 67 73 6 11 80 69 28 74 62 4 40 98 58 5 90 62 62 21 29 39 96 68 21 91 90 9 23 69 38 50 65 9 36 42 4 70 1 30 61 23 41 85 46 96 33 20 87 83 65 85 94 79 47 23 83 14 58 45 65 78 86 99 21 81 70 79 52 14 48 41
47 17 71 82 50 6 71 34 7 57 72 78 64 79 63 30 53 74 48 20 62 38 21 74 70 88 38 46 73 6 81 56 70 97 46 34 52 82 86 78 69 72 64 5 58 65 64 63 11 85 31 55 24 42 64 37 26 89 42 26 1 52 78 74 26 49 16 46 21 64 55 66 84 97 69 91 0 21 84 82 42 79 50 66 78 58 95 5 49 85 43 83 75 90 23 79 19 9 31 1
95 13 10 93 64 60 96 57 22 90 57 84 50 31 75 89 80 85 50 53 61 1 17 42 57 97 9 1 84 6 0 4 9 85 48 47 50 37 8 14 4 95 46 79 90 18 75 37 56 32 51 47 86 95 37 4 79 29 77 5 37 30 76 43 44 18 78 63 67 75 17 83 22 90 86 91 30 87 16 76 61 23 57 1 16 91 80 75 11 83 74 2 46 14 71 87 2 52 81 80
98 40 94 48 37 33 53 78 35 62 88 26 71 24 43 60 6 37 55 33 57 77 33 88 26 53 91 93 9 72 99 46 94 81 24 23 1 83 65 88 81 69 55 95 92 4 99 1 84 85 57 3 72 66 84 6 68 41 96 55 41 74 54 29 2 32 62 51 86 26 0 31 83 86 22 27 7 9 64 70 1 4 52 75 10 78 89 33 81 37 92 63 73 55 87 65 15 30 34 24
43 19 42 80 63 24 45 82 28 70 71 35 91 10 81 32 91 73 99 94 70 53 38 97 55 36 20 25 56 58 52 33 85 72 54 96 31 26 48 40 94 30 29 67 65 21 89 14 97 28 38 97 27 67 86 45 17 0 49 8 78 18 59 38 94 35 73 77 96 91 74 29 79 3 24 51 26 48 82 1 92 54 12 1 61 65 38 37 87 58 58 64 96 27 94 65 52 34 33 35
1 30 60 77 32 49 48 10 12 94 5 21 66 23 41 96 40 3 41 18 50 47 57 33 38 36 87 29 97 7 8 95 84 42 36 90 41 83 48 69 64 92 54 87 2 38 21 22 68 97 90 34 19 41 51 17 28 74 78 80 8 90 84 21 62 14 49 58 19 2 7 30 13 63 98 55 76 12 6 4 80 36 71 49 37 99 28 71 85 23 58 75 13 4 58 64 44 48 13 82
22 39 44 83 1 96 41 6 74 84 15 14 65 23 20 87 4 26 70 27 58 8 38 75 15 88 57 38 63 13 83 23 81 48 45 34 20 58 1 63 33 53 68 60 15 38 10 96 27 72 1 30 75 21 43 69 55 41 84 23 38 22 54 89 71 2 10 64 78 28 14 16 18 38 44 97 98 27 63 40 94 43 45 14 23 66 27 17 93 98 89 86 59 33 86 29 96 28 33 7
94 51 64 88 10 65 65 67 54 17 90 13 80 49 19 94 54 27 21 26 14 30 68 32 97 77 52 67 5 58 9 60 9 26 44 19 30 79 3 59 18 55 47 81 66 67 46 82 11 66 97 43 60 65 79 82 39 7 13 53 28 13 53 13 34 9 28 72 81 79 16 99 70 71 24 48 96 35 0 33 87 44 62 81 87 38 94 70 50 79 20 44 41 3 58 6 10 48 86 69
20 78 7 60 5 69 60 47 51 69 64 14 98 63 76 64 49 64 66 68 55 47 32 1 52 61 71 6 6 44 5 54 48 93 3 1 32 40 77 53 46 5 23 99 90 39 96 99 4 36 26 38 52 98 73 24 17 94 97 19 28 28 54 71 36 51 71 32 97 0 40 28 61 70 82 85 69 97 45 72 45 49 7 7 48 96 0 2 79 67 23 21 69 73 57 79 66 28 44 96
31 57 49 83 92 66 0 35 53 91 1 71 59 51 85 65 15 64 4 92 28 3 74 9 67 26 1 83 99 8 86 86 21 99 46 71 22 95 61 54 52 50 20 35 7 12 57 92 80 82 38 21 92 17 87 89 5 64 71 96 74 74 73 82 9 7 53 0 26 98 59 75 71 48 74 22 34 25 29 8 32 18 61 15 49 69 18 76 19 82 96 23 25 11 0 12 16 94 36 78
95 25 15 80 41 99 26 10 99 30 45 47 59 73 17 54 66 44 64 32 46 95 41 68 25 50 19 42 88 73 90 75 89 21 17 45 71 78 13 13 33 62 28 57 8 65 29 47 63 55 20 16 88 73 1 71 57 22 93 84 67 40 50 16 9 50 86 11 28 66 76 37 19 23 54 29 68 25 29 37 1 76 54 71 2 2 43 66 8 52 84 42 94 94 30 95 3 35 63 73
41 22 94 42 4 85 46 39 85 28 3 29 94 94 10 24 22 61 52 69 91 62 58 63 27 72 83 16 88 23 27 1 29 75 54 48 24 6 98 33 93 41 67 44 48 93 36 25 92 35 16 80 83 12 20 37 91 17 90 60 1 82 32 85 57 49 47 49 70 86 17 18 75 2 69 96 28 51 36 96 41 47 33 28 4 59 76 99 51 62 67 74 78 14 76 3 13 3 83 68
61 38 98 94 50 21 7 95 41 79 47 18 67 13 38 19 3 44 9 73 6 49 9 91 50 97 87 13 13 7 37 21 58 84 21 1 83 5 84 77 50 68 42 33 61 28 60 30 85 3 97 33 19 66 46 62 76 58 40 75 30 33 14 19 92 81 67 92 18 14 80 56 16 75 57 79 43 71 4 12 48 3 39 90 56 12 31 32 85 58 95 93 48 78 43 90 26 71 68 39
39 33 50 1 61 23 44 44 28 44 53 30 59 1 18 5 68 84 55 23 59 16 64 85 39 8 97 22 28 51 79 52 59 76 53 41 52 33 48 49 24 21 4 16 47 34 83 26 79 94 79 53 30 44 3 75 71 29 33 41 90 73 71 33 25 12 95 95 17 79 11 51 41 37 19 60 19 27 58 52 18 6 0 77 10 21 20 14 34 84 62 1 50 68 54 49 54 17 9 21
87 66 97 79 37 97 5 15 11 30 77 19 60 3 36 52 36 83 21 21 96 68 43 13 55 96 25 33 99 50 50 96 51 39 44 86 82 2 25 33 52 77 40 14 1 72 36 27 49 37 74 56 79 82 97 85 40 15 34 11 27 57 22 20 53 7 45 36 53 14 23 24 61 78 99 11 58 21 20 59 98 10 97 9 65 94 55 1 39 85 86 46 32 95 26 44 1 1 47 3
47 37 82 43 66 22 67 36 89 19 40 56 59 8 74 24 26 42 24 13 13 87 59 22 73 82 37 23 5 55 83 8 22 21 5 96 51 20 47 51 40 57 65 39 91 16 95 38 76 51 78 64 7 73 50 35 28 81 97 92 41 8 16 73 67 1 20 74 21 60 98 70 21 39 96 37 13 10 22 52 52 78 80 36 38 42 49 26 86 92 47 76 42 34 26 3 93 50 8 17
2 99 14 96 2 98 99 97 97 4 75 27 15 84 22 21 93 36 30 24 54 87 71 8 7 1 7 92 45 64 64 95 56 70 33 82 34 30 70 30 5 12 53 99 82 27 95 19 71 62 79 28 92 56 72 92 44 43 95 55 50 72 73 18 28 19 71 19 0 65 19 76 30 42 68 24 80 87 79 58 32 45 34 1 73 88 73 75 27 74 21 83 78 62 18 70 15 67 83 50
87 49 86 91 78 17 15 50 21 6 66 46 83 98 59 99 69 67 37 52 93 11 90 26 36 49 7 71 62 92 43 7 81 63 74 67 65 14 58 6 11 62 99 34 86 22 41 20 64 6 22 96 47 29 79 99 85 49 36 59 79 49 55 72 93 63 10 70 48 29 48 23 76 63 42 23 86 28 11 78 83 93 50 9 6 46 70 10 81 91 60 99 88 95 86 67 5 39 37 6
70 74 58 79 18 67 71 78 73 89 86 6 57 69 10 1 59 23 0 24 41 49 6 20 91 59 24 66 44 9 22 15 38 92 56 67 91 29 95 80 61 8 47 77 9 30 79 92 59 95 35 35 33 2 1 72 66 21 65 30 79 29 91 82 28 0 87 88 10 71 97 96 97 23 30 58 59 56 77 42 33 27 80 80 96 13 26 12 86 30 17 73 42 38 96 80 2 56 93 71
72 75 2 76 90 26 50 82 65 58 33 5 21 92 98 66 81 39 99 14 62 33 36 49 81 16 98 36 70 48 51 15 20 8 73 74 72 12 44 50 80 57 92 4 40 77 71 28 14 66 80 1 17 43 85 63 26 77 81 21 55 19 37 61 14 62 25 98 79 54 46 55 38 89 36 37 73 12 68 10 90 63 1 7 75 18 18 9 91 81 85 66 2 2 18 82 39 30 69 79
