100 100
65 32 84 44 88 69 91 70 55 80 9 97 10 78 2 11 83 63 25 68 79 53 27 6 38 93 54 62 17 43 23 81 56 58 98 50 97 72 55 81 92 2 38 7 65 19 17 67 76 9 31 97 60 9 62 55 90 74 18 67 89 98 30 88 28 13 33 38 20 17 7 13 26 31 72 83 95 8 70 2 58 57 82 39 82 83 89 46 57 8 61 7 12 56 2 97 93 55 79 12
86 63 78 52 18 81 80 40 23 56 36 6 71 80 5 83 8 22 79 95 81 16 48 40 47 95 73 29 35 46 51 65 35 30 70 85 87 91 80 65 15 78 51 88 21 82 54 79 53 73 61 26 9 41 6 94 88 15 32 70 9 58 5 84 8 24 34 76 4 77 70 74 72 85 2 19 81 7 53 58 84 18 9 72 90 20 68 44 73 39 14 16 38 94 94 81 53 95 77 76
9 20 82 97 52 91 32 93 14 82 52 74 43 45 65 84 14 80 39 7 17 34 27 53 58 45 39 42 72 17 81 52 49 71 67 92 16 52 73 13 17 79 16 66 5 39 71 85 55 55 88 60 67 60 94 55 74 61 28 6 78 93 63 45 52 87 96 72 92 27 9 4 98 3 40 50 45 2 35 29 61 36 71 93 83 44 28 8 45 57 44 71 86 82 50 51 8 84 91 68
75 62 54 52 71 11 79 37 45 91 26 4 51 38 69 78 50 78 25 63 96 40 8 21 26 56 78 27 95 23 85 18 45 0 66 65 79 47 16 71 19 88 84 44 43 96 58 65 3 45 85 10 51 57 60 76 83 80 26 20 15 21 97 66 12 23 75 63 45 6 45 95 61 92 61 77 14 86 2 7 93 62 61 74 97 75 53 76 55 16 63 30 63 76 41 8 83 6 49 87
40 26 87 44 25 36 89 91 76 73 72 4 59 59 29 47 65 80 81 79 50 54 27 83 16 32 55 44 59 6 71 40 82 98 21 57 22 28 64 29 77 75 89 77 45 75 82 34 42 5 26 91 92 64 29 45 53 59 57 63 58 76 50 48 62 12 50 22 49 21 67 10 35 65 89 63 24 84 54 28 9 84 34 22 61 78 79 47 93 61 26 56 50 96 57 48 89 13 87 39
37 4 0 69 88 86 19 38 61 37 66 12 95 24 13 59 59 95 39 44 65 8 9 48 38 36 80 98 61 95 66 9 31 18 53 27 77 2 55 67 93 46 96 83 69 10 58 74 97 11 97 0 95 98 46 58 44 44 11 20 67 16 81 56 85 0 93 88 45 62 45 70 32 71 75 1 45 30 99 49 7 71 78 87 29 34 32 83 32 52 50 59 8 33 44 59 92 51 79 55
72 2 75 23 6 53 9 66 20 27 79 31 81 52 62 22 66 37 95 9 54 19 45 69 42 71 75 27 37 24 3 71 24 60 65 79 8 57 25 17 35 78 48 11 36 65 41 21 33 75 0 42 18 87 47 31 62 6 12 83 66 46 52 94 32 25 84 15 83 48 43 59 57 92 92 23 1 89 97 82 70 23 83 74 81 68 92 84 90 87 51 81 93 59 1 89 1 5 97 4
32 88 70 9 93 38 80 76 31 20 3 88 52 48 2 59 71 55 14 94 99 67 2 49 22 87 29 42 34 24 29 12 47 62 24 76 22 98 37 9 43 55 50 42 24 12 24 29 32 60 76 37 64 76 82 52 3 26 53 10 88 42 60 20 65 22 78 57 58 42 49 64 84 98 0 22 75 7 24 25 92 72 29 13 34 0 23 87 99 66 1 88 53 0 45 71 53 66 31 65
32 30 79 91 15 84 67 62 22 16 17 61 58 45 96 85 26 4 10 93 98 29 93 1 56 90 52 42 13 33 7 76 5 41 23 80 27 38 10 58 33 92 19 1 36 9 79 38 55 67 42 94 28 39 65 25 90 53 34 39 17 27 73 10 5 19 81 9 77 56 73 2 64 65 21 75 76 5 99 71 74 46 21 68 18 13 2 29 66 96 23 24 60 66 87 22 80 56 59 24
55 5 27 33 29 81 96 11 39 48 44 7 51 66 62 32 65 77 7 45 96 38 44 56 45 57 68 36 92 90 89 45 70 58 51 25 87 53 34 94 98 9 62 32 66 35 28 63 40 12 90 63 94 84 60 67 89 92 95 90 22 34 84 90 61 45 38 88 64 47 90 51 49 31 68 55 35 82 97 36 15 19 79 47 6 16 44 58 58 72 25 12 5 23 7 31 41 34 17 1
89 93 72 63 62 62 72 98 55 21 44 88 7 10 67 82 63 14 64 19 18 56 38 21 94 96 72 71 55 36 9 71 65 11 43 93 48 16 44 9 79 41 55 14 63 27 73 40 61 5 7 80 24 37 14 53 41 97 72 48 74 37 1 10 59 74 49 52 56 62 95 97 12 20 63 77 53 85 30 75 66 31 21 79 22 36 23 7 10 97 22 61 2 46 53 43 17 89 81 82
90 32 87 96 35 62 12 52 2 38 5 43 41 41 83 62 84 27 51 25 13 52 39 28 19 83 23 42 7 8 50 62 52 55 65 55 54 66 40 92 36 70 34 43 1 18 90 2 64 90 42 88 65 73 36 60 43 80 17 79 85 54 95 46 17 25 17 46 69 11 93 16 60 17 90 90 91 21 81 48 79 77 73 45 78 35 52 63 17 7 72 7 88 87 14 22 25 80 56 6
76 70 64 29 60 1 72 4 92 53 75 98 21 15 48 60 61 98 97 73 24 36 53 69 47 82 16 96 99 19 32 94 87 53 49 56 27 9 20 34 48 63 45 92 81 32 18 88 65 60 28 2 27 11 84 29 34 38 8 99 91 31 61 87 77 67 40 17 9 73 54 96 22 58 5 38 15 98 32 75 36 34 47 19 29 61 0 26 21 9 94 27 53 64 89 83 61 8 33 9
87 95 43 49 73 57 33 58 19 5 2 86 4 52 30 55 62 22 22 57 79 69 10 95 29 5 71 47 87 72 66 26 73 90 87 81 60 54 11 58 40 65 3 48 92 87 69 29 2 98 63 85 91 83 77 26 77 93 83 67 62 99 82 0 41 45 41 34 74 19 95 28 7 30 95 35 52 9 51 1 7 39 51 67 91 29 83 56 11 56 52 47 96 33 12 65 75 21 49 45
88 14 7 60 89 42 65 57 24 59 56 52 80 45 87 10 37 17 88 71 73 71 21 15 82 12 93 49 42 66 9 14 38 42 52 0 75 9 4 95 22 52 85 85 55 94 18 58 96 58 55 68 28 50 25 65 84 83 97 89 98 54 68 3 29 16 63 16 83 1 96 45 45 1 1 56 16 3 40 92 64 41 4 36 82 51 5 14 68 42 0 71 13 61 31 46 59 52 70 95
92 74 46 96 12 74 12 26 29 0 28 65 7 43 96 69 24 15 41 97 45 95 66 99 19 46 4 3 77 95 89 69 99 17 22 28 20 66 64 36 12 34 87 57 28 59 34 95 4 26 8 73 46 51 56 81 87 79 59 21 62 58 44 58 0 31 30 39 32 1 71 15 17 4 27 56 56 64 97 43 17 97 63 64 19 34 70 48 30 77 22 30 25 98 8 43 99 21 4 94
87 62 58 8 46 11 70 66 66 96 95 22 33 82 52 21 52 21 7 94 26 71 92 64 37 7 73 62 37 23 34 0 33 39 42 25 92 42 75 36 17 58 48 31 32 12 42 10 19 9 47 42 71 4 75 4 89 36 40 35 55 51 7 7 91 6 24 22 98 71 88 19 21 57 94 96 81 54 84 20 56 2 71 34 53 40 53 44 63 39 38 9 70 72 82 32 36 27 20 6
48 92 25 51 35 61 17 28 25 99 94 8 57 28 92 46 55 14 76 89 43 40 72 30 84 6 83 10 9 77 7 60 80 70 70 59 76 78 5 7 8 72 61 56 96 73 18 30 79 94 69 70 38 34 82 38 17 43 23 69 56 96 98 96 23 26 5 92 60 69 26 91 16 72 81 63 77 51 42 82 98 76 82 92 41 7 44 95 66 1 47 30 80 67 40 38 63 35 59 76
74 77 42 52 50 24 18 54 2 89 48 26 32 1 47 99 5 74 84 23 82 90 8 31 35 16 40 18 28 63 90 96 65 88 31 37 15 76 86 17 76 42 54 38 48 97 71 70 48 60 23 86 82 17 58 78 30 38 15 12 6 17 85 5 55 11 47 47 45 1 57 71 23 35 67 79 86 44 51 37 83 88 43 79 78 9 72 22 68 51 64 87 77 25 87 51 84 87 99 52
46 38 94 47 39 23 78 66 11 71 16 30 69 0 82 53 35 58 94 56 4 72 68 82 83 44 48 35 77 25 58 22 65 53 15 6 61 82 65 62 87 69 85 43 93 8 51 63 56 98 7 41 31 15 16 11 13 87 6 96 33 53 86 89 84 21 69 73 64 25 39 90 79 35 67 31 73 57 77 39 83 0 31 57 91 23 52 91 15 76 91 11 47 9 93 29 41 42 50 1
91 38 98 73 80 41 68 29 87 25 73 81 36 1 43 76 10 19 51 95 37 29 45 30 43 42 17 74 74 75 30 58 91 45 18 5 59 22 31 92 27 42 28 84 64 47 22 67 55 77 17 31 91 55 82 32 49 48 29 44 91 98 15 42 97 1 62 33 41 98 8 69 78 37 27 85 32 68 25 14 27 30 9 44 38 94 62 8 84 31 63 8 65 94 32 14 26 98 21 81
4 13 44 92 20 6 94 32 25 81 75 73 61 95 89 46 3 61 92 63 74 78 74 69 52 65 37 65 96 13 72 87 5 3 91 97 62 7 59 83 82 6 92 42 70 23 95 66 16 36 57 50 96 75 16 72 37 66 46 2 77 66 66 69 34 89 52 71 91 86 53 29 51 21 30 63 2 76 46 33 71 63 70 29 44 36 51 37 2 63 96 60 65 12 41 15 89 96 46 13
54 13 24 38 75 31 55 48 23 30 57 75 16 79 50 42 17 60 74 25 25 26 29 38 76 56 58 1 73 89 94 38 60 63 80 29 92 69 38 27 30 2 98 49 69 73 24 25 43 16 74 15 95 34 0 68 72 88 61 29 24 49 35 85 10 2 60 70 78 20 76 27 88 99 62 95 53 63 57 36 10 50 13 16 56 13 12 94 7 52 66 94 68 58 70 71 52 13 23 97
92 69 39 67 85 97 66 11 59 1 99 15 44 19 28 3 81 97 70 91 3 31 73 75 86 20 23 52 59 42 71 64 68 71 42 85 21 43 76 61 39 2 69 60 91 48 67 76 66 17 71 1 41 66 2 52 24 1 30 21 32 62 86 11 16 55 40 90 18 78 55 0 14 3 52 38 39 11 41 44 44 6 8 94 90 90 54 43 16 1 58 26 29 78 3 67 57 45 50 37
54 93 41 26 15 36 32 14 57 43 7 32 37 39 8 56 54 94 0 73 31 40 43 14 23 37 0 66 79 9 95 22 24 5 40 63 47 40 36 8 64 70 71 21 21 94 86 3 40 20 90 64 56 79 53 99 76 82 20 98 20 31 78 15 25 55 56 60 76 85 21 77 17 67 20 2 22 37 31 19 62 68 92 48 89 61 81 56 44 18 9 77 74 12 77 4 67 40 36 20
43 28 71 21 30 44 77 65 35 34 16 15 60 42 54 13 73 80 58 42 11 9 86 44 25 90 68 71 7 60 50 55 0 97 25 11 16 48 83 3 71 86 28 21 49 8 89 65 39 72 95 36 33 96 40 82 1 94 66 95 10 96 83 62 79 91 29 53 50 1 0 53 23 89 30 95 91 89 88 19 88 32 44 10 29 47 42 69 59 13 2 75 35 16 65 28 76 11 15 61
66 58 45 50 63 25 46 64 93 76 56 14 89 55 93 25 76 22 90 45 92 94 17 81 44 93 19 57 63 16 5 68 67 86 42 16 62 66 63 84 29 66 77 58 5 8 77 45 40 73 80 13 59 71 81 26 36 65 32 24 32 1 34 59 72 75 5 65 33 16 72 29 92 29 94 89 44 18 20 86 33 62 96 59 44 8 45 71 12 7 61 53 53 3 3 21 80 69 43 40
0 67 23 0 59 96 28 66 37 89 98 80 90 5 28 98 37 73 4 47 55 33 49 19 64 31 63 30 63 27 88 73 96 91 10 70 98 74 12 88 34 48 31 72 71 47 18 49 42 41 0 5 42 26 82 80 87 21 8 55 79 2 57 68 80 45 77 40 81 81 52 34 36 9 99 39 95 53 23 29 10 12 41 94 82 85 59 25 63 14 10 91 17 51 24 11 82 10 55 29
40 17 14 24 41 66 77 32 89 31 15 77 92 65 47 57 72 5 91 56 17 61 67 12 63 70 34 5 72 54 22 86 35 47 36 17 22 12 5 44 70 76 91 99 27 26 20 58 86 76 29 90 45 57 82 57 91 46 27 28 58 12 80 28 55 20 67 20 28 79 76 10 46 41 24 43 44 70 43 34 80 14 8 86 29 88 65 31 78 46 97 20 1 6 69 4 37 4 26 33
8 6 50 16 51 33 25 91 98 44 97 65 35 7 27 2 76 18 62 42 48 21 72 90 62 70 3 80 16 53 88 15 66 32 95 53 90 32 40 88 25 14 13 82 10 95 44 68 77 92 6 53 38 42 18 51 71 20 19 53 98 95 1 70 31 13 52 78 28 37 64 81 23 43 38 84 31 74 3 94 1 62 93 66 88 54 73 80 24 39 74 87 56 47 17 69 63 63 26 12
85 36 88 98 63 83 33 92 1 15 79 94 7 47 89 25 58 64 98 4 98 81 40 81 57 51 56 86 77 24 97 58 72 5 67 41 18 3 96 24 34 26 61 45 77 9 51 52 70 43 62 5 1 15 49 48 4 44 95 65 94 56 66 45 41 21 9 8 19 36 5 96 17 18 41 57 88 59 86 99 77 64 45 61 36 84 45 35 12 42 76 12 14 54 14 95 64 16 98 43
43 54 91 45 92 15 45 84 94 88 25 34 49 58 68 97 1 87 71 57 4 57 46 10 24 92 96 19 40 40 33 4 13 65 34 78 72 76 80 48 41 20 23 42 93 94 52 80 4 96 73 59 39 33 16 59 15 90 53 37 21 61 99 62 34 35 85 52 70 50 11 94 7 93 94 60 94 94 93 17 12 87 42 9 52 16 51 41 42 5 54 18 66 85 58 25 51 42 10 71
62 48 54 66 62 63 54 32 83 59 74 99 17 4 65 1 31 36 79 15 90 50 62 50 24 97 68 79 26 44 63 8 73 49 7 13 62 35 7 91 26 28 91 55 32 46 10 3 15 27 29 27 84 33 20 38 33 40 28 68 54 80 81 61 87 26 97 16 56 15 42 65 39 67 9 40 11 72 40 12 17 62 93 54 11 30 69 17 51 0 42 83 85 93 8 27 82 95 53 40
28 93 61 9 37 68 45 39 93 45 40 46 69 20 13 71 67 72 87 98 10 36 14 91 89 78 37 97 88 95 7 14 61 46 35 60 90 88 72 10 73 88 79 53 96 74 91 37 41 64 56 40 97 18 68 76 33 57 84 86 76 86 17 34 22 69 77 18 25 5 50 34 94 71 93 53 17 6 29 16 10 29 47 38 54 2 88 16 93 78 84 82 65 80 17 91 79 29 48 56
34 2 78 6 69 24 97 96 63 44 88 13 66 72 40 48 10 24 87 75 80 34 9 22 61 90 93 22 37 42 80 46 21 73 83 44 25 69 10 52 27 29 76 45 68 75 62 25 34 19 3 30 3 18 21 88 14 5 78 93 2 86 35 20 64 56 15 19 72 84 25 26 37 1 59 25 17 14 50 97 15 70 11 14 47 92 36 38 3 96 80 98 71 20 76 50 12 93 88 19
98 91 82 90 52 17 99 85 58 99 46 55 63 73 72 91 84 87 24 52 49 40 31 89 41 47 74 51 97 13 26 32 89 62 86 49 88 87 17 12 2 44 5 74 41 38 97 51 0 26 30 7 48 71 60 29 54 90 32 18 76 35 51 56 74 57 34 30 62 39 75 14 84 58 42 55 21 7 44 31 57 73 19 80 33 59 93 70 55 99 39 78 1 8 85 31 92 88 76 90
68 9 92 12 33 64 91 98 55 98 32 66 73 7 47 71 58 9 77 56 81 79 50 73 6 64 80 2 91 1 0 58 73 54 81 56 73 37 0 89 87 77 86 56 28 20 59 53 7 91 29 52 76 43 83 67 27 2 76 2 42 90 37 97 38 93 9 65 53 75 43 26 81 53 4 68 99 41 11 48 33 87 12 98 31 98 51 75 39 98 81 58 91 29 2 88 71 69 83 92
94 92 58 58 69 1 54 53 14 82 10 27 15 73 33 84 42 43 13 23 30 33 73 34 21 39 42 47 95 38 65 17 68 33 17 56 36 1 86 96 37 17 93 34 44 16 66 57 4 2 49 26 85 56 35 81 52 68 29 59 46 85 6 60 94 14 13 5 24 16 80 90 73 73 19 39 34 4 4 45 21 80 68 96 5 67 12 28 58 8 66 46 99 65 9 22 70 97 75 27
57 82 10 26 2 61 90 7 57 96 33 17 45 40 30 71 52 19 83 88 12 23 16 46 14 60 15 55 19 73 8 19 97 31 43 21 32 20 0 7 2 98 28 52 40 9 0 76 10 57 76 93 56 21 68 34 7 75 16 47 68 88 59 26 25 34 49 66 89 92 1 28 63 67 82 51 72 9 29 2 80 74 95 58 98 28 17 54 50 51 93 40 48 77 4 34 40 75 51 90
15 20 7 35 47 36 51 59 16 8 51 8 95 93 72 56 25 9 71 87 94 0 73 72 19 39 67 88 95 44 89 67 6 72 6 44 9 65 33 22 4 5 12 60 64 75 54 37 55 98 89 31 14 76 21 40 19 23 59 38 45 57 17 31 68 90 15 18 14 21 62 63 79 31 27 84 32 53 3 57 4 62 36 21 85 56 48 95 47 48 39 2 28 3 16 25 99 61 45 95
20 73 36 86 91 81 50 43 82 89 32 40 76 85 68 62 78 63 52 53 56 48 9 70 69 14 40 74 94 21 99 38 92 28 66 6 5 66 83 52 41 59 55 61 92 81 42 94 83 97 75 37 82 34 25 12 12 60 84 79 81 70 95 12 32 75 49 98 41 95 99 1 28 57 71 55 26 30 46 79 56 4 93 46 97 89 42 29 67 68 79 45 75 30 9 78 44 63 68 80
41 80 97 19 19 30 68 53 79 35 63 12 95 65 28 41 81 85 73 20 97 70 3 20 60 12 48 25 17 6 16 11 49 65 78 47 36 39 55 43 72 15 50 61 33 8 81 65 25 26 81 74 15 74 34 74 1 16 48 15 36 8 47 26 34 80 48 52 68 35 17 49 67 9 50 28 63 49 0 79 58 15 98 90 19 56 10 91 68 56 90 63 15 13 46 82 22 24 46 54
8 74 95 45 12 17 21 36 88 54 62 33 94 45 58 24 41 80 25 93 1 9 54 30 62 82 33 42 61 63 95 83 23 44 92 90 7 59 3 46 91 32 85 53 13 18 68 53 29 51 48 89 88 85 81 56 58 98 87 74 10 70 81 62 44 28 3 85 3 62 91 88 31 45 68 56 57 85 94 70 51 75 66 43 70 28 75 5 74 88 92 81 54 68 56 11 82 83 72 56
19 69 54 28 71 49 50 97 60 16 77 5 21 62 49 73 81 40 26 42 1 78 13 58 36 21 61 80 71 50 71 68 87 76 61 55 21 59 97 25 95 91 75 68 59 42 47 74 96 29 49 33 11 70 95 61 29 30 84 6 31 87 6 57 24 97 45 93 15 37 16 83 53 18 24 15 63 14 7 63 18 82 63 69 47 39 91 19 18 68 36 90 65 26 49 90 22 41 81 38
3 5 90 18 43 74 34 48 16 15 13 51 86 63 80 17 25 64 4 59 17 33 49 10 73 55 91 49 73 33 1 21 79 88 38 23 18 71 95 27 18 12 58 43 4 38 33 95 79 81 68 58 4 27 10 46 90 28 25 38 8 44 23 98 28 74 7 5 23 53 26 19 36 28 35 55 1 24 17 72 11 54 43 24 88 64 10 43 58 97 49 24 73 54 14 58 96 5 80 72
76 10 34 62 82 84 58 66 10 59 64 94 86 81 44 94 94 95 20 84 14 71 99 91 16 36 68 65 89 92 11 52 65 19 7 64 23 71 98 86 77 7 34 33 34 21 84 71 80 67 98 5 9 96 4 25 16 70 20 17 98 52 93 31 76 16 28 20 3 44 61 57 96 72 42 60 91 41 54 68 73 99 12 19 46 65 66 26 17 77 75 36 44 75 40 21 42 82 14 53
2 43 71 70 58 58 3 51 57 98 19 91 32 91 94 78 51 52 65 41 8 83 73 81 51 11 99 49 21 65 81 86 14 38 98 15 44 32 99 6 80 38 42 44 37 52 19 51 61 67 91 22 8 99 65 82 45 82 88 74 95 23 38 37 48 1 91 55 21 29 80 3 69 25 38 52 4 51 5 31 41 42 99 13 94 39 29 8 77 29 59 28 96 87 95 34 61 0 54 18
84 74 82 72 29 87 43 18 20 4 41 68 26 36 88 59 41 51 97 49 68 65 83 79 59 54 8 59 10 20 35 22 6 30 75 94 17 99 14 99 11 74 41 23 91 70 10 38 92 80 19 33 85 76 61 26 95 10 43 23 30 6 46 22 23 71 35 26 32 82 57 13 25 0 21 49 34 84 98 25 53 55 45 61 38 26 65 10 96 64 66 52 41 39 4 81 42 81 37 53
26 30 72 62 50 55 99 2 1 20 21 71 14 97 31 71 0 0 93 59 54 21 55 10 75 26 2 69 71 81 79 64 33 59 31 90 49 25 26 67 24 31 67 18 91 60 78 25 60 67 62 51 19 74 44 43 28 22 99 81 78 70 27 48 36 91 74 57 26 12 34 15 86 12 46 28 99 86 86 21 90 72 19 5 71 17 88 46 45 76 40 89 71 5 86 20 47 45 35 45
14 65 20 90 16 58 23 48 42 95 39 32 47 46 74 99 22 93 48 58 18 1 98 8 9 97 98 77 23 74 93 87 84 36 42 7 3 50 73 89 39 96 16 68 93 48 64 7 42 57 11 82 17 72 43 99 29 37 60 64 96 9 42 16 92 56 50 89 38 59 59 41 62 21 21 61 45 27 43 68 9 70 27 24 46 40 35 88 6 39 74 80 34 42 94 49 33 45 36 22
80 80 41 2 9 87 43 85 46 15 88 74 85 15 78 70 19 85 40 13 36 19 14 4 29 21 3 84 37 37 15 36 49 93 5 42 1 83 43 84 65 36 38 90 18 42 60 71 64 80 78 95 42 92 26 39 6 81 11 34 77 39 25 12 42 41 17 85 94 81 58 41 15 50 60 90 68 34 8 69 58 92 83 38 4 94 49 95 58 97 27 76 10 6 52 12 74 42 8 20
34 68 36 64 8 14 30 23 56 97 28 37 70 96 6 49 20 32 55 80 5 56 23 33 41 51 90 36 44 19 75 32 16 13 97 98 20 70 47 8 41 79 65 47 52 28 26 84 86 58 30 36 81 62 60 72 8 70 9 5 28 59 13 67 88 51 13 64 96 66 70 46 20 16 94 69 34 49 92 21 4 64 62 78 44 61 36 37 0 0 66 64 94 97 72 12 64 90 19 19
66 85 80 63 57 91 33 84 58 43 0 60 12 12 68 78 12 94 62 0 93 98 26 16 45 23 37 5 71 55 49 46 98 19 67 72 30 35 84 30 28 39 74 38 44 76 34 58 19 73 59 42 10 46 18 79 84 13 31 73 20 39 89 68 68 51 41 67 8 38 97 73 93 52 96 84 11 20 93 23 8 82 85 50 17 79 11 64 7 92 51 86 98 99 63 78 58 74 69 41
54 95 60 98 51 59 38 83 7 93 17 1 32 7 82 52 30 41 17 84 17 10 15 48 90 61 47 13 81 26 37 19 47 70 16 28 73 89 40 81 43 56 39 29 98 80 52 67 56 67 19 84 69 57 53 99 22 56 93 33 26 57 37 31 38 93 2 69 63 47 95 0 2 28 98 45 22 66 54 82 56 84 22 99 35 89 5 56 31 84 96 34 31 19 79 1 21 71 10 81
32 59 72 89 24 62 13 16 13 56 33 60 33 43 32 34 94 94 54 69 60 0 73 93 82 75 26 59 36 37 84 66 7 40 57 96 11 40 78 88 90 98 63 62 45 73 56 71 49 65 81 6 77 21 74 20 36 45 59 87 94 12 29 92 55 94 22 61 58 99 81 62 10 48 26 4 47 62 34 99 71 18 47 63 21 65 14 54 66 66 62 81 32 1 54 34 40 28 19 45
14 80 56 93 33 46 11 36 47 59 85 71 64 16 98 98 70 13 34 73 40 81 32 44 81 6 36 45 3 3 93 69 60 0 45 14 3 17 35 42 2 7 91 89 54 35 93 91 36 94 80 30 9 55 20 99 74 74 10 48 62 3 34 91 20 50 3 89 63 0 95 72 28 96 94 3 10 40 63 28 86 94 20 17 40 13 89 33 69 60 84 57 45 29 35 4 90 22 15 86
89 99 43 90 37 44 29 48 83 96 92 11 85 95 68 52 56 5 3 61 0 18 80 17 42 18 93 52 95 54 42 76 47 56 83 58 4 0 69 0 70 3 18 92 66 34 51 92 12 94 38 17 53 25 96 78 84 95 22 84 75 4 94 62 80 59 98 37 51 75 10 54 11 51 68 31 25 92 85 73 96 72 19 69 66 17 0 84 47 36 1 21 88 50 25 26 22 63 95 12
64 97 70 34 3 1 12 86 40 99 91 67 43 96 82 60 58 56 40 95 83 67 37 54 43 13 55 4 27 45 85 52 30 90 15 22 40 98 43 14 17 79 24 74 92 57 61 75 75 30 89 30 71 84 59 69 60 5 14 89 34 78 78 79 2 79 15 15 82 2 83 13 58 1 33 34 54 63 97 31 70 59 7 35 97 98 40 90 47 3 15 50 50 37 8 83 82 19 17 7
42 43 15 78 58 73 47 63 9 59 81 91 2 48 32 77 60 7 37 53 13 47 52 92 61 21 84 38 41 53 53 96 11 8 36 84 19 50 77 17 32 62 9 8 63 46 94 67 99 87 57 1 95 65 18 20 66 7 64 65 56 88 61 11 89 47 40 99 3 69 58 79 39 27 74 87 27 45 55 95 46 19 55 11 18 19 51 47 40 27 52 3 68 2 45 75 61 5 19 19
95 12 4 73 58 39 74 80 29 90 75 8 8 30 49 35 77 82 10 16 17 66 25 18 77 71 44 80 82 81 2 21 1 89 88 99 30 19 52 98 61 29 3 98 69 61 63 74 43 32 63 51 0 96 82 28 52 29 41 98 96 13 3 54 64 54 57 96 32 71 55 52 3 75 87 23 18 71 95 78 95 80 18 30 98 20 16 55 72 41 88 11 79 82 3 48 15 38 62 34
19 45 23 23 71 0 19 52 8 48 14 62 79 17 60 88 86 52 15 8 83 16 59 65 0 46 59 44 35 8 20 20 4 21 99 47 94 51 0 31 27 61 71 60 88 84 29 42 86 21 88 81 96 28 26 55 21 0 30 58 56 58 90 39 52 30 68 34 14 97 25 79 9 26 47 91 71 78 12 37 86 93 12 85 92 76 63 28 6 58 36 63 76 14 93 19 3 87 18 7
11 88 2 6 60 5 22 59 63 68 67 27 67 24 5 98 65 65 73 18 66 59 38 99 8 77 36 13 20 60 24 71 59 56 92 56 14 23 64 73 45 48 67 71 66 41 29 47 83 6 40 99 23 2 42 7 45 79 75 17 61 57 64 1 94 27 73 79 6 18 48 99 23 10 72 58 62 37 12 9 78 49 7 67 8 2 31 93 58 69 99 2 80 41 54 55 21 63 29 21
86 5 4 25 37 40 26 59 89 2 98 37 59 37 79 49 67 77 19 3 14 27 36 83 45 66 10 22 38 33 65 45 38 78 78 62 93 44 76 3 63 74 21 18 50 88 48 31 13 51 33 43 22 98 91 1 90 47 34 82 85 3 50 75 41 26 28 64 19 98 23 74 51 14 5 48 53 94 48 16 86 89 20 5 1 55 1 41 85 43 27 97 24 52 79 64 44 79 45 80
50 16 86 38 51 10 86 37 38 58 33 5 45 55 73 33 76 80 18 62 33 75 24 31 36 16 63 87 73 82 92 18 30 54 4 93 4 1 66 35 54 42 75 4 88 96 91 2 97 84 22 68 97 66 60 84 47 58 44 62 58 85 73 48 49 32 56 43 30 32 82 87 70 53 98 53 90 47 58 31 82 31 51 91 43 2 50 66 84 52 37 94 85 66 26 23 0 80 4 99
87 28 8 11 35 43 24 86 73 66 47 17 91 13 62 2 18 20 9 79 44 11 94 39 82 79 45 22 56 16 69 6 56 95 80 1 72 41 54 10 92 94 55 93 16 22 12 55 41 29 82 40 99 21 91 6 15 20 15 29 83 40 23 88 52 51 44 55 83 8 71 11 58 31 51 14 4 71 71 41 31 42 8 17 21 10 48 68 21 23 89 23 68 60 14 29 60 72 31 29
96 16 65 87 73 52 66 66 98 28 49 83 53 44 8 98 32 45 64 10 62 85 73 4 81 43 8 68 95 74 54 13 23 52 87 3 4 35 90 0 10 74 61 46 92 79 97 77 81 42 87 99 5 5 51 39 51 81 64 28 83 9 38 37 51 49 27 73 66 19 9 91 16 90 10 72 48 69 19 76 46 16 97 72 21 60 24 35 77 98 29 65 79 98 61 99 53 43 13 66
48 91 55 26 72 71 91 48 60 44 9 82 56 40 30 63 21 96 78 33 60 68 57 40 97 78 38 16 28 46 44 39 43 88 93 8 62 58 29 88 57 15 81 12 45 45 10 39 4 50 78 32 57 66 57 23 70 79 11 4 64 59 39 89 27 35 20 94 64 4 37 49 26 60 40 6 27 33 18 75 41 99 89 38 69 41 67 19 38 28 80 79 28 95 12 40 40 0 0 54
50 53 98 67 10 36 17 42 99 18 80 44 73 23 13 32 42 13 43 14 56 75 49 91 75 40 80 45 10 76 18 56 1 58 76 23 35 22 33 75 63 99 85 38 47 7 61 69 3 99 89 50 32 42 1 70 93 26 87 19 89 95 59 72 52 12 48 24 55 81 84 6 79 46 21 9 65 60 47 99 16 62 97 30 84 5 98 7 58 40 58 96 23 52 19 19 67 13 63 23
25 47 53 70 40 21 41 42 63 55 3 18 63 79 17 40 26 88 6 61 31 56 75 9 43 69 27 11 24 48 26 50 96 45 48 53 75 19 57 46 20 9 23 33 53 49 61 98 80 98 40 80 65 83 79 98 79 78 10 50 45 2 7 81 43 25 64 31 72 37 49 74 81 69 32 64 53 5 16 30 10 71 44 60 46 51 99 38 5 26 66 30 32 99 73 19 10 28 68 40
32 62 8 64 14 40 80 65 45 73 95 73 82 50 87 23 58 12 6 1 5 8 74 76 43 58 50 13 83 75 12 60 42 95 2 13 89 24 58 71 10 41 7 96 52 87 89 14 68 72 86 31 59 29 22 0 82 82 3 90 86 81 70 37 77 86 62 67 81 96 39 69 31 54 50 50 70 71 67 39 39 45 46 54 69 80 63 88 23 69 47 22 8 97 99 21 26 6 2 41
99 94 54 95 32 45 39 48 22 78 16 9 74 32 40 11 93 54 0 8 49 47 81 10 46 67 27 33 44 39 54 62 43 46 74 58 27 78 47 60 87 46 99 23 72 27 21 9 14 72 82 45 27 36 44 99 82 25 62 51 24 97 38 40 78 9 40 84 7 24 75 40 22 82 80 73 24 46 21 7 31 45 46 61 1 31 0 15 76 5 34 33 3 63 46 60 41 41 95 90
47 58 53 76 73 81 68 66 19 84 50 20 78 56 64 78 9 18 51 29 94 81 51 53 85 61 64 0 71 2 59 82 38 84 60 66 12 87 95 83 86 90 25 52 60 66 26 88 33 7 62 39 52 31 91 68 92 45 5 78 60 64 21 73 42 83 66 18 93 62 9 56 60 76 23 52 26 50 48 89 61 93 27 92 90 27 9 8 40 16 79 17 35 67 55 34 75 85 8 71
41 89 8 67 64 46 59 92 57 53 99 43 90 42 50 12 71 47 77 92 40 69 79 44 58 83 65 64 17 72 85 51 61 2 80 83 28 50 86 79 81 73 59 59 40 3 54 68 0 18 46 71 24 55 0 2 61 12 51 87 40 95 77 45 74 35 84 4 25 62 24 82 19 68 98 8 0 46 15 63 77 76 30 90 97 74 77 99 94 6 6 75 67 29 93 96 73 0 44 43
34 90 11 91 47 93 84 49 98 17 18 39 64 57 22 80 11 96 47 77 8 10 29 94 56 40 44 34 16 86 77 29 29 2 86 95 91 52 9 97 97 29 45 26 90 12 26 77 65 0 46 2 56 35 72 76 3 91 34 23 31 90 43 37 94 78 81 93 40 87 51 2 10 73 82 92 65 46 23 57 35 42 16 86 26 53 6 16 77 60 88 39 49 65 14 38 58 98 61 22
91 80 48 60 52 52 51 41 34 80 55 5 20 47 51 30 90 16 13 96 78 88 91 65 73 98 80 79 61 38 64 13 15 90 9 48 1 42 71 21 49 41 38 7 23 28 59 92 88 4 10 28 14 59 66 20 53 12 68 88 41 7 89 75 44 10 40 83 0 79 39 60 65 79 99 63 46 26 51 83 28 94 84 29 16 91 64 10 2 91 96 98 48 95 92 0 94 48 2 7
74 72 44 33 63 2 37 28 22 79 60 84 17 54 66 18 64 63 90 0 33 35 42 3 83 60 16 94 3 39 94 94 72 33 93 46 99 44 13 81 61 12 78 88 15 65 20 36 44 66 47 16 14 32 47 36 61 26 41 32 96 74 52 90 40 46 76 50 76 51 54 11 28 57 19 76 13 68 65 95 36 70 8 67 56 64 40 74 97 18 65 45 82 58 86 65 16 47 48 79
41 96 0 35 44 95 14 1 37 32 15 47 14 29 9 2 23 33 83 61 23 14 5 17 65 97 32 5 45 36 36 11 9 20 58 41 11 21 23 15 80 48 48 86 83 2 78 77 69 8 51 65 25 24 23 25 86 1 34 14 31 16 73 57 10 93 92 48 63 39 73 8 52 54 0 64 35 99 71 61 94 8 26 58 6 0 79 92 93 19 49 57 98 52 61 74 64 7 35 3
45 77 28 80 60 76 81 45 29 59 51 59 33 1 25 16 74 57 11 68 31 98 77 12 92 56 47 2 73 87 25 93 7 29 74 33 15 2 21 68 0 47 81 59 65 29 48 45 56 36 35 36 56 66 18 57 98 99 39 25 52 31 67 86 37 28 37 90 55 74 36 53 93 76 45 14 49 62 52 41 38 81 70 44 80 35 52 80 82 49 36 62 68 74 20 98 9 28 22 38
5 12 20 16 15 55 97 36 83 73 50 64 23 42 98 63 35 40 43 16 64 28 87 75 20 79 8 82 56 33 77 99 55 55 67 22 23 69 26 24 89 41 37 41 28 6 32 64 68 96 73 99 13 2 74 11 32 48 58 47 76 28 85 24 60 36 8 50 26 66 61 13 25 79 37 94 88 53 28 29 51 77 95 56 64 89 23 64 80 65 62 93 56 56 77 9 73 75 87 98
21 94 84 51 19 82 81 97 2 33 3 82 30 28 12 8 63 97 37 58 35 56 62 84 21 4 74 40 97 98 47 97 47 37 81 94 29 4 2 48 92 76 95 40 87 95 87 10 39 85 53 66 39 80 63 32 11 22 50 64 64 87 50 63 70 98 12 39 31 64 61 78 91 13 37 0 31 84 70 8 96 48 27 44 0 47 72 18 83 66 20 81 43 45 25 70 89 92 7 68
24 69 98 77 62 42 59 45 18 47 56 25 35 27 41 94 21 49 53 27 37 66 62 62 62 95 27 42 67 72 85 24 70 65 3 45 29 97 18 71 89 84 63 68 97 48 42 50 38 30 24 21 64 15 50 94 67 0 38 78 89 77 6 13 54 17 19 76 44 60 48 49 41 80 40 65 32 81 94 97 2 76 58 24 25 90 22 49 99 7 81 0 45 4 36 27 65 8 64 53
76 89 38 0 11 62 95 24 94 27 64 99 71 25 29 39 50 93 69 78 1 17 65 22 36 11 47 98 10 66 80 84 25 71 34 9 2 82 53 16 65 29 34 69 36 8 67 91 65 17 51 29 42 85 52 49 5 33 37 67 49 18 8 52 55 2 70 49 15 24 37 86 92 5 29 54 65 14 50 88 43 38 35 92 75 34 49 1 99 40 75 89 55 62 89 90 65 96 15 42
23 37 69 88 62 16 80 49 80 78 11 17 78 37 63 65 15 4 28 54 43 1 74 56 97 73 86 92 72 8 54 38 59 96 7 40 95 43 7 31 53 96 80 58 89 36 39 52 41 23 70 17 57 91 87 48 54 28 33 33 26 95 88 24 32 80 95 15 64 7 26 25 27 65 42 23 42 70 45 81 28 0 29 27 79 8 28 8 48 58 12 29 48 92 67 53 71 83 46 46
39 97 84 92 67 43 23 22 4 75 82 42 1 47 30 74 28 24 16 41 3 23 50 8 95 18 33 98 90 47 50 64 57 37 18 38 31 44 7 56 18 11 33 65 10 24 81 42 83 61 51 39 34 18 44 21 46 6 7 41 78 18 0 52 18 69 37 56 65 47 67 31 4 98 54 8 38 10 25 85 92 84 4 35 55 93 11 65 18 58 86 72 19 30 48 35 2 66 31 83
33 40 32 99 84 87 90 76 29 97 97 26 5 32 44 72 11 11 60 39 1 23 70 23 30 15 90 85 14 66 9 96 58 79 67 24 33 54 12 68 41 12 26 74 27 58 81 8 47 22 94 19 25 3 20 25 30 32 67 62 56 33 51 14 98 81 94 72 56 11 85 42 27 62 51 73 3 10 38 39 83 63 34 65 46 85 27 89 31 26 99 64 21 46 95 46 40 38 20 27
89 55 56 13 36 3 60 76 28 24 47 48 33 88 67 45 59 92 22 10 53 14 37 21 10 7 47 47 30 52 4 33 23 32 71 66 46 38 62 40 71 51 70 82 34 17 21 95 39 64 99 4 67 90 46 97 78 78 13 5 14 5 43 57 57 28 12 8 12 34 80 46 42 5 45 53 8 14 63 88 2 65 72 57 62 57 11 29 6 41 57 60 14 45 84 84 70 89 64 28
53 71 67 51 67 34 59 61 51 89 27 46 95 9 44 13 35 87 65 85 94 88 85 36 23 99 56 27 30 64 4 99 50 10 52 56 96 24 42 44 37 23 58 63 7 18 20 75 7 5 46 49 77 26 58 3 32 16 41 73 9 67 18 90 75 89 3 3 39 15 89 54 59 21 93 57 11 0 26 40 67 93 79 29 76 17 17 70 74 27 53 46 43 76 38 14 50 45 27 2
19 57 6 58 84 89 52 55 23 56 66 56 37 27 81 93 64 41 51 93 0 37 53 97 4 46 8 96 19 56 82 69 57 77 82 60 44 35 70 90 95 5 97 97 64 32 88 28 61 75 73 14 71 38 85 24 1 52 74 66 60 14 23 7 77 83 85 55 40 94 42 31 25 45 35 78 35 65 14 25 53 11 34 24 90 47 39 7 4 58 2 78 7 21 69 98 39 84 82 2
82 83 98 37 96 27 77 81 20 27 34 87 38 88 54 48 40 75 36 76 1 5 11 55 7 7 99 24 97 41 86 24 48 75 5 33 41 66 58 10 38 90 84 64 96 56 83 64 63 8 43 5 67 35 46 57 99 76 65 18 80 37 27 34 69 3 87 19 29 64 28 79 50 59 93 14 82 58 82 32 55 30 4 23 69 27 60 75 18 80 39 35 98 80 50 82 38 83 76 89
80 69 50 12 72 52 41 86 46 47 31 64 93 56 8 57 89 69 36 49 25 7 79 45 77 23 31 36 47 71 88 93 4 56 35 75 21 12 40 30 78 13 68 6 74 98 73 96 80 45 22 13 57 10 24 60 15 15 31 78 47 33 22 10 61 25 86 38 77 35 35 31 78 56 42 56 98 56 57 86 34 58 0 64 11 46 10 78 63 71 61 28 33 53 80 53 54 40 83 48
79 33 38 67 51 60 99 97 58 27 98 40 91 70 72 55 44 49 14 57 33 77 79 98 54 57 23 98 40 78 80 43 36 12 83 0 24 12 92 61 67 52 72 83 59 67 76 13 7 26 23 10 29 5 14 63 48 62 40 35 68 8 36 77 74 82 8 75 94 37 12 18 5 73 81 16 69 53 28 86 91 75 24 27 8 69 10 65 4 59 50 48 41 0 65 82 0 93 57 63
96 54 49 88 89 26 66 6 46 71 86 9 16 33 28 25 57 94 99 35 44 7 26 16 9 52 14 45 94 86 13 19 96 69 73 76 75 52 45 4 15 38 38 98 26 45 5 15 2 17 92 46 37 66 44 47 79 44 67 17 23 83 55 63 15 82 46 39 78 43 69 83 25 19 19 70 23 59 59 3 43 9 9 84 31 47 56 22 52 22 72 41 87 91 33 91 70 21 53 69
20 96 18 7 99 13 52 87 21 50 18 12 7 25 16 52 17 85 92 83 92 97 90 15 83 34 82 13 43 10 63 11 5 11 2 18 9 78 9 24 22 58 52 25 32 75 5 93 8 45 81 28 8 79 78 65 95 16 43 6 80 47 11 95 13 1 7 54 80 65 4 62 22 67 16 63 74 26 81 42 59 49 5 45 70 31 86 56 14 96 28 5 6 22 6 2 26 32 53 90
15 93 7 9 41 94 20 75 39 23 91 98 90 23 67 61 50 47 90 26 76 6 92 7 72 49 67 51 73 86 81 3 42 34 86 44 75 12 19 66 41 38 65 27 58 78 98 26 80 59 39 35 33 73 47 10 25 25 80 11 6 53 62 61 96 35 68 81 77 97 35 40 83 44 92 85 34 11 74 8 45 67 36 53 38 86 83 70 0 23 83 39 95 42 41 43 15 61 32 70
57 95 95 76 63 13 11 72 17 28 70 28 95 89 39 63 68 73 33 84 43 98 73 42 51 23 91 74 69 58 22 11 18 19 5 20 10 41 34 0 70 1 31 10 81 47 90 92 63 13 46 4 53 21 41 66 77 87 6 98 10 49 89 98 2 69 36 11 37 95 97 99 76 42 75 62 23 71 65 70 89 64 99 67 54 48 30 7 36 41 8 62 44 49 55 92 75 80 50 24
25 85 22 43 28 4 15 75 93 22 53 10 35 28 22 58 87 97 20 50 52 18 87 33 40 10 2 9 28 88 37 49 32 68 20 93 36 9 7 56 34 57 59 13 29 26 58 90 32 65 34 30 31 16 63 44 48 84 88 43 7 29 85 78 19 64 13 80 65 0 30 75 94 0 29 1 74 13 38 20 50 61 75 22 10 64 68 51 55 20 87 9 68 57 74 36 16 13 74 0
94 13 77 51 91 51 5 73 21 4 94 76 55 71 81 51 30 12 65 34 58 78 54 9 53 90 92 24 97 41 3 41 97 89 86 50 1 17 2 86 56 39 84 24 9 37 13 30 31 41 80 2 65 73 12 32 97 84 81 90 88 62 23 34 63 87 87 12 73 63 9 62 19 61 49 44 39 76 61 25 79 8 64 42 25 42 74 66 56 22 2 28 3 1 98 26 22 49 75 11
65 94 17 18 45 24 94 49 82 10 77 40 11 5 82 81 72 34 74 47 60 39 31 99 99 45 84 80 9 66 12 26 9 60 74 25 31 31 93 11 60 30 35 30 7 49 24 77 6 31 39 24 94 65 74 79 56 11 96 4 51 86 50 48 98 86 57 85 24 83 22 26 65 82 15 40 90 0 40 35 93 88 76 56 99 99 12 30 88 50 4 95 72 39 78 6 1 23 80 43
43 73 10 96 88 77 13 67 48 97 4 50 89 2 87 29 5 0 69 95 70 67 60 20 35 88 2 25 0 35 20 12 17 82 22 39 57 28 68 46 82 20 2 67 94 2 9 1 82 10 4 26 3 72 37 13 97 7 39 96 55 96 65 36 51 23 68 23 10 8 31 64 76 85 38 77 23 66 79 69 21 97 32 23 86 52 5 99 95 79 43 88 90 26 99 64 21 91 25 28
91 41 40 99 0 54 78 33 14 68 26 64 34 30 61 14 34 69 24 47 61 29 55 70 9 41 97 66 87 49 3 26 64 11 33 80 28 74 7 85 46 38 80 72 89 70 67 46 0 85 67 44 49 69 76 69 32 38 58 52 36 37 16 95 63 96 81 76 88 44 19 52 96 63 21 73 59 92 84 9 40 11 68 93 4 80 69 42 60 94 55 41 47 3 95 48 59 30 45 7
