100 100
60 23 30 27 59 49 20 13 95 80 6 51 43 99 69 67 67 91 26 20 55 13 84 46 29 46 72 49 70 92 53 17 34 69 5 43 87 60 70 69 4 82 24 45 53 20 80 57 82 9 41 58 58 33 40 99 46 39 69 51 17 64 70 65 55 17 90 27 9 52 5 34 63 19 41 18 18 95 60 16 92 27 36 29 91 68 88 40 84 15 13 44 33 95 82 73 43 8 78 69
77 60 42 30 57 89 70 84 13 31 28 69 58 38 97 8 69 7 59 89 48 55 89 16 59 42 27 78 14 96 74 66 56 95 38 81 2 5 92 5 62 89 8 81 22 40 80 70 58 18 53 5 9 30 3 24 73 6 82 16 62 91 16 62 14 6 61 39 27 97 74 85 25 19 4 33 5 99 36 49 73 37 26 22 7 11 21 8 93 70 54 19 63 29 11 24 20 90 81 34
83 37 21 9 8 7 3 36 21 23 73 20 0 75 96 10 66 9 30 31 1 71 94 32 2 72 9 38 84 6 95 50 84 93 52 86 6 61 4 57 15 77 31 10 34 54 76 67 48 41 29 44 94 89 34 56 30 22 94 32 8 32 74 25 59 1 94 33 65 13 67 74 37 17 93 33 56 71 35 25 25 15 33 82 64 66 58 21 40 72 3 21 72 30 31 74 43 72 12 79
68 50 94 64 26 39 9 50 23 83 81 96 74 50 17 73 90 46 85 74 72 73 67 80 41 52 20 41 87 15 56 88 50 68 28 1 30 72 59 50 90 15 70 27 0 10 74 82 72 45 91 3 44 32 81 41 94 58 57 75 89 93 34 18 39 50 84 97 49 80 26 63 50 1 37 90 88 72 3 78 80 43 44 77 3 28 96 17 85 70 62 27 61 92 13 94 15 75 0 47
98 97 9 94 12 42 58 98 71 11 21 21 28 0 68 17 6 63 38 44 23 39 38 78 8 30 43 17 1 46 13 20 2 83 47 81 87 91 33 38 28 18 98 81 75 97 40 90 23 29 51 58 79 49 59 87 42 83 8 87 74 40 63 61 9 10 79 80 14 68 93 36 12 39 22 78 53 8 96 27 67 4 63 88 19 39 97 68 14 30 95 58 8 98 21 23 33 69 22 76
0 92 37 42 91 35 84 46 16 87 78 68 47 72 82 83 59 49 64 89 79 37 1 19 32 19 39 24 23 99 79 16 94 44 86 49 25 76 88 25 16 89 95 27 46 70 12 52 53 97 89 98 76 57 49 91 22 97 30 25 50 50 68 66 77 54 70 21 62 53 92 80 6 9 13 91 29 57 98 42 91 76 6 70 44 54 44 62 12 73 69 43 27 64 75 3 85 8 36 65
62 16 67 33 63 53 73 37 67 9 92 32 40 78 83 87 50 56 45 36 35 16 22 74 49 84 42 15 53 90 83 12 44 41 82 38 41 29 28 74 94 42 47 58 96 41 63 35 57 32 62 12 86 24 95 59 59 82 64 43 83 37 18 34 57 17 22 68 44 62 9 14 88 53 35 55 67 26 38 29 2 96 86 90 5 61 16 55 42 25 24 37 41 30 41 77 82 62 18 28
32 38 15 66 67 95 90 32 80 9 45 63 13 29 31 93 99 5 35 50 37 52 50 40 75 3 53 28 50 58 14 1 41 74 28 52 29 71 77 69 15 14 83 89 40 32 15 27 74 30 49 89 85 81 92 0 60 76 93 0 95 22 49 9 37 3 51 54 97 51 84 41 60 53 66 10 15 7 54 55 1 12 60 33 87 49 29 2 67 23 91 47 21 89 73 7 95 1 77 83
3 24 39 58 94 4 91 11 40 52 90 2 4 58 50 38 6 62 1 29 61 52 57 97 4 27 84 97 91 21 76 69 88 61 55 47 94 7 31 9 95 93 40 84 74 61 79 66 72 82 61 46 14 16 86 21 12 82 84 70 37 64 9 84 37 17 99 38 68 91 62 23 76 32 67 57 3 78 20 9 34 35 61 8 58 55 95 14 56 34 73 71 27 70 71 84 26 46 81 96
10 20 5 79 49 27 83 1 56 39 7 53 18 42 51 99 45 52 77 13 60 91 57 88 15 39 55 77 7 51 76 61 84 66 98 33 45 90 73 18 52 70 12 55 26 78 16 85 53 17 90 31 59 4 85 70 13 67 40 20 8 52 66 23 31 10 95 22 60 17 41 65 78 56 51 49 45 56 26 3 94 6 63 23 22 0 11 69 20 18 7 34 64 79 6 20 0 61 84 38
99 37 87 3 32 14 6 79 96 33 20 71 68 48 28 69 2 55 84 2 73 16 81 51 70 0 20 57 5 12 32 30 30 92 9 78 82 2 85 57 94 44 12 19 26 14 84 91 5 76 52 43 18 58 93 80 61 56 18 53 11 7 61 26 71 34 21 24 57 45 90 38 43 59 19 50 68 96 73 88 91 18 8 41 18 63 71 3 14 42 39 17 34 40 41 86 4 56 6 88
57 94 29 36 53 67 18 26 65 24 96 99 93 23 45 59 74 34 56 94 81 94 18 42 80 83 11 77 3 41 90 89 97 3 35 46 79 83 25 76 96 97 44 92 70 86 48 39 77 52 40 60 38 14 80 25 0 30 27 71 2 39 43 90 63 35 26 5 89 82 4 30 25 48 55 75 75 38 1 92 84 93 33 15 67 14 59 19 67 74 30 70 74 71 0 7 8 91 76 74
55 57 95 79 93 29 98 34 55 69 27 18 19 72 51 67 61 87 40 1 93 3 46 60 46 52 10 32 60 65 22 42 72 98 70 61 36 18 86 96 73 60 48 42 99 8 31 43 49 1 26 71 53 22 6 81 30 45 16 89 62 24 88 58 95 7 12 67 32 63 4 16 58 50 74 82 85 16 75 31 55 22 34 71 44 8 90 31 86 39 48 14 36 13 41 89 8 24 25 80
71 36 71 91 74 25 13 40 57 28 9 45 73 55 11 37 71 77 1 91 9 45 50 54 71 83 65 0 16 90 60 30 46 22 22 95 19 32 7 17 16 31 75 26 72 21 76 66 47 85 60 69 33 30 30 97 37 50 67 58 61 26 73 81 76 30 18 45 50 18 98 53 9 37 50 54 27 45 91 18 33 52 26 85 72 64 32 28 20 69 1 68 63 43 3 42 51 28 81 84
29 95 8 94 80 72 79 96 69 83 52 31 88 10 46 63 79 97 37 1 92 45 20 28 87 77 83 96 99 4 48 0 96 28 58 81 47 0 46 74 70 62 8 76 59 78 21 59 30 63 90 50 91 57 60 6 34 42 64 66 82 56 59 56 65 49 1 70 2 55 61 58 41 55 3 22 79 55 7 14 34 3 42 11 43 16 34 53 59 16 75 94 15 96 64 61 49 0 84 67
35 20 73 86 63 73 45 38 6 53 32 22 72 21 31 77 94 45 65 30 9 48 1 55 12 91 58 48 9 89 34 97 89 10 15 6 44 87 99 12 77 35 44 37 50 56 78 77 74 83 35 65 95 93 92 88 56 24 38 96 22 88 73 94 32 94 65 46 93 73 4 99 92 98 86 94 93 90 14 81 91 13 66 36 78 66 88 57 89 77 86 61 85 41 52 18 61 34 39 9
29 83 19 95 20 65 85 63 47 66 26 23 37 20 20 74 88 28 82 35 39 46 82 42 31 8 13 94 25 58 1 91 4 38 88 28 31 12 78 19 22 48 34 59 31 71 26 0 66 94 92 16 59 73 31 67 83 24 78 77 78 45 9 23 64 54 33 87 53 12 57 46 46 93 87 43 81 13 34 75 31 62 74 44 96 10 29 6 21 93 57 45 53 48 76 43 22 79 74 64
54 17 39 60 53 53 94 31 72 14 94 84 68 78 49 78 92 4 42 10 86 98 90 15 67 34 59 87 66 73 71 30 51 48 66 60 92 3 64 8 80 8 52 46 49 12 58 73 98 7 14 70 97 43 4 81 40 50 80 9 87 95 93 29 40 23 21 3 66 92 88 45 11 78 85 37 71 68 45 91 18 15 5 9 2 16 2 81 53 18 59 27 30 29 10 98 54 4 78 6
88 19 35 71 62 64 49 56 25 19 60 35 85 24 46 92 49 80 75 88 18 51 81 88 78 26 11 20 46 70 72 65 65 38 76 82 13 88 59 99 85 64 93 10 48 23 25 64 87 83 37 27 84 95 90 65 53 76 48 93 94 20 94 15 15 79 37 66 36 11 87 68 27 9 25 4 97 99 92 12 84 1 91 13 59 97 97 71 44 5 3 23 34 89 14 93 97 4 66 57
38 14 97 3 69 76 12 0 4 75 97 54 78 2 10 18 63 96 27 12 65 91 82 55 19 3 28 50 71 83 41 13 21 99 89 38 39 38 89 12 97 71 49 50 50 32 54 63 1 42 77 46 29 13 33 9 97 50 24 68 86 93 87 20 71 24 81 80 63 74 3 39 49 92 94 43 19 33 3 31 69 37 14 82 57 21 87 63 24 77 87 12 88 49 30 20 72 52 14 21
87 52 64 57 3 36 30 17 67 78 21 11 76 3 80 98 2 31 31 39 90 18 10 7 57 51 70 64 47 37 72 62 12 40 29 21 13 32 36 86 87 42 44 59 95 74 43 86 8 44 95 36 80 37 48 38 67 66 79 89 14 22 43 74 67 35 8 4 15 0 34 9 54 81 87 96 40 12 52 18 85 94 73 68 55 5 87 70 69 24 27 24 82 76 87 81 95 25 92 57
22 37 71 25 25 56 86 16 67 53 33 42 15 15 69 40 59 0 37 7 5 49 30 17 61 42 48 60 74 66 11 90 43 29 30 18 58 68 57 31 0 70 2 0 80 42 59 45 52 25 59 58 40 7 26 85 0 20 77 79 56 97 13 84 26 86 59 0 66 18 84 37 79 68 5 73 18 24 89 87 66 63 6 45 22 87 73 98 52 76 80 48 32 69 70 24 33 5 33 30
81 6 31 2 41 0 85 48 0 76 89 23 88 44 96 21 72 99 73 78 60 61 5 6 28 1 7 61 28 53 39 46 62 36 75 83 16 11 66 14 33 45 21 42 66 50 10 25 90 2 23 29 75 77 38 20 18 67 64 94 1 80 81 32 9 59 75 70 56 2 75 78 92 9 43 55 41 35 11 56 88 57 87 90 87 50 29 24 65 3 65 78 10 55 17 0 15 38 52 46
85 25 79 12 74 94 2 22 7 72 90 71 58 99 99 12 97 38 51 70 92 38 37 65 54 26 15 10 38 35 6 80 74 0 49 20 72 21 57 99 90 30 38 15 50 45 81 62 98 59 71 12 67 52 29 55 63 8 39 2 0 27 47 46 42 58 49 31 86 77 15 4 57 72 45 63 87 18 99 54 92 45 58 11 26 63 74 87 23 90 56 59 6 42 65 58 86 4 57 22
46 9 5 23 46 76 14 5 96 95 35 97 29 26 4 68 10 28 70 46 15 77 71 99 97 29 7 42 23 15 96 56 71 46 67 24 25 86 14 38 71 90 84 76 67 30 83 77 33 83 80 97 89 46 84 80 18 42 97 19 75 54 8 55 44 44 73 8 75 85 49 93 59 51 81 57 65 14 24 10 73 96 69 46 57 35 76 46 19 55 69 28 66 13 36 92 17 54 68 81
94 91 53 91 69 89 49 11 93 22 15 23 90 51 55 21 12 51 15 85 76 2 31 64 46 81 44 12 43 21 40 49 30 87 13 8 6 28 76 72 70 61 31 84 67 59 93 87 75 10 93 16 38 43 46 43 45 34 56 73 25 3 11 42 43 61 14 85 32 84 8 11 31 6 86 33 73 87 77 76 60 94 81 2 4 50 53 91 47 55 20 16 0 15 55 60 79 86 10 44
55 64 82 41 11 33 8 62 62 15 73 48 74 40 15 92 15 21 97 67 95 75 97 60 39 2 45 44 83 16 22 47 32 94 66 46 61 71 46 21 81 24 76 77 34 51 4 77 80 24 92 93 8 41 78 19 78 31 14 75 29 11 55 63 12 71 43 33 87 81 95 49 18 2 84 55 10 30 66 81 26 54 9 29 42 6 26 47 72 15 57 95 78 82 52 76 89 39 2 11
11 63 48 32 64 73 14 35 98 41 81 75 64 29 88 60 58 49 33 7 72 58 41 54 59 69 55 1 93 92 67 93 61 87 72 83 8 59 21 82 14 98 82 11 93 99 75 10 29 17 19 64 34 21 52 82 78 37 10 42 99 97 44 27 84 43 17 49 53 64 63 65 10 73 56 87 21 88 81 86 61 91 42 3 41 24 62 85 47 0 83 65 58 50 98 45 83 25 34 41
53 76 77 60 24 35 84 34 11 58 71 42 47 78 39 77 63 62 25 70 45 69 10 94 63 51 49 46 85 34 36 93 86 7 84 88 45 6 99 29 55 97 79 71 41 30 90 71 32 49 89 86 96 27 62 42 31 5 99 93 22 9 71 40 42 45 23 73 10 53 64 32 74 33 37 17 60 86 9 96 50 95 44 5 81 27 50 58 15 48 79 49 51 79 22 28 39 43 2 29
25 95 87 50 36 75 44 22 9 38 61 15 14 95 90 9 65 13 39 2 37 2 27 25 90 47 42 41 67 18 85 67 5 41 53 20 7 75 50 86 35 24 97 76 71 52 27 20 57 73 95 45 50 48 82 58 80 91 1 63 52 95 89 29 49 50 81 29 23 20 67 59 95 45 23 89 98 21 77 42 92 10 62 96 24 30 14 17 76 96 62 53 48 56 23 51 31 18 9 46
89 42 7 61 68 8 89 16 8 84 21 37 40 39 50 49 52 81 68 30 57 8 88 56 56 26 37 41 20 88 3 85 0 62 44 17 72 94 2 94 74 39 74 16 31 15 63 63 93 72 43 36 68 13 68 33 62 83 8 98 26 85 89 96 89 48 0 25 18 45 69 71 86 23 75 68 22 77 40 55 23 95 88 65 81 44 68 17 5 87 40 36 71 81 13 73 99 12 57 47
86 92 60 84 31 60 4 3 71 24 31 33 28 58 28 42 85 9 9 94 70 41 99 52 78 78 27 98 84 18 96 26 26 84 98 47 95 27 26 23 49 12 89 39 9 16 11 11 97 46 70 10 1 72 69 5 96 18 93 95 28 23 54 23 84 66 75 70 92 55 60 21 70 80 94 29 20 19 88 92 4 3 15 2 46 40 26 29 45 22 18 25 96 42 15 87 52 67 91 7
19 41 72 6 47 96 98 72 29 93 4 60 22 43 46 57 22 71 53 64 79 50 16 94 3 35 21 42 43 17 19 20 36 3 89 41 79 33 95 72 0 38 31 44 88 73 80 87 6 15 62 19 89 85 88 96 15 24 7 6 96 89 94 75 68 44 50 24 52 63 21 23 6 58 9 59 72 0 52 42 53 26 56 54 16 47 33 67 71 32 65 30 97 68 32 64 32 48 66 82
75 87 70 80 63 8 27 57 15 10 40 37 35 75 5 92 2 28 79 81 29 43 30 61 32 42 66 40 99 4 18 90 36 78 46 63 91 75 20 8 92 74 22 12 10 80 54 49 52 52 45 58 42 96 91 40 64 21 9 97 63 47 74 23 84 58 29 77 97 79 91 99 4 74 49 9 13 61 54 99 35 62 23 3 52 98 30 10 32 76 51 56 52 31 29 22 37 94 73 68
91 97 64 65 85 63 50 83 71 30 15 53 0 31 86 70 16 59 80 62 78 10 68 85 54 26 80 99 12 23 28 91 15 17 55 44 45 41 57 28 47 93 90 75 24 98 22 45 52 64 17 98 96 47 63 46 72 34 10 49 87 2 87 19 4 13 76 50 35 62 63 40 5 85 77 9 78 28 94 63 11 54 67 21 11 52 34 60 3 36 16 8 75 77 55 60 76 51 53 81
28 63 93 91 0 28 51 44 22 2 24 45 78 47 45 56 78 73 60 6 41 66 43 15 39 87 45 11 37 9 80 45 42 16 7 42 97 14 23 97 28 20 99 59 90 72 17 83 8 5 18 33 8 1 58 14 21 83 2 34 20 33 92 14 68 15 34 69 12 12 12 21 22 46 6 8 90 36 88 9 19 86 22 10 4 86 39 77 97 80 46 51 42 13 65 1 44 72 17 24
78 2 62 42 53 64 92 44 93 13 9 56 11 13 90 91 93 74 98 49 64 27 46 77 92 85 38 65 36 54 94 13 36 31 63 15 90 66 46 3 87 55 20 76 69 84 31 9 99 4 19 18 43 9 13 63 40 55 64 38 52 32 99 4 53 1 10 12 40 59 8 71 58 38 8 93 87 67 62 99 41 90 29 15 11 69 25 75 73 54 85 78 84 66 93 55 62 68 84 30
91 7 4 69 33 17 94 71 20 88 47 37 82 42 91 37 62 55 71 91 52 15 31 49 70 6 10 78 29 85 60 25 86 90 2 66 57 25 45 99 59 54 64 10 15 17 20 91 86 99 21 32 3 70 43 23 79 25 40 11 45 53 30 73 15 86 1 17 88 77 15 11 31 90 90 13 58 81 28 66 77 6 24 3 24 80 23 7 29 68 30 32 43 4 68 53 34 87 31 27
20 19 98 28 29 10 21 62 92 11 93 31 65 88 30 78 18 89 8 97 23 40 11 85 37 15 2 55 10 35 96 35 33 85 25 18 57 9 11 44 9 15 48 60 72 5 34 93 57 96 71 59 13 5 48 39 91 34 26 19 93 79 27 31 62 90 66 92 12 77 35 82 91 72 3 73 96 42 48 73 67 57 43 29 88 16 23 71 9 40 29 91 6 63 66 89 0 40 76 18
80 45 79 30 19 8 88 11 20 8 99 84 35 17 65 41 88 72 34 67 53 30 45 7 70 40 77 33 15 79 49 61 62 51 58 92 97 90 18 35 36 56 46 5 49 56 60 81 42 98 19 58 84 21 44 7 44 3 78 24 2 42 10 49 30 30 53 64 7 45 87 45 14 36 30 31 54 66 31 69 29 47 18 75 26 85 27 62 99 51 2 73 53 56 26 66 97 37 76 8
91 5 90 26 72 64 46 97 38 58 90 54 73 32 41 32 63 9 65 42 6 69 77 75 57 45 39 62 22 82 61 39 52 81 61 25 94 26 33 26 47 82 3 52 49 80 73 26 49 76 49 93 65 46 36 76 21 75 33 2 33 4 80 48 82 54 43 42 52 96 2 9 12 82 68 89 26 13 6 78 54 72 71 51 41 5 54 60 19 12 19 24 78 58 80 45 19 1 82 58
74 88 80 0 16 73 11 90 27 50 86 81 30 21 35 75 39 69 1 59 63 20 44 35 5 37 51 30 27 32 43 75 14 29 79 44 76 43 10 71 21 41 93 85 1 41 81 7 94 43 31 93 4 65 31 22 57 8 13 81 94 69 55 95 70 55 94 25 57 76 49 77 35 16 42 6 79 30 42 57 98 28 87 30 51 65 41 98 2 88 33 80 68 36 79 11 11 39 26 45
0 7 87 30 89 71 13 50 8 70 29 8 35 53 38 78 21 42 58 65 83 27 66 50 5 82 99 35 33 35 25 19 90 99 62 8 67 70 99 76 30 62 31 58 58 43 32 93 12 23 3 2 91 32 16 30 54 25 43 38 43 57 61 3 37 44 9 49 97 73 88 76 73 83 49 74 83 97 88 19 98 46 66 87 72 7 30 66 54 24 23 28 68 70 25 46 88 86 17 77
70 92 65 78 72 72 49 78 4 5 96 50 57 3 74 33 47 20 9 27 71 71 6 44 83 20 44 60 59 80 97 61 75 74 35 82 10 33 45 55 41 80 57 19 11 2 76 54 64 94 53 56 45 17 4 79 70 81 31 24 1 61 86 85 65 1 80 12 81 72 4 93 11 25 41 8 8 58 50 58 78 29 22 31 72 11 95 26 3 26 56 9 79 52 67 58 45 22 36 0
84 51 76 34 20 9 66 86 11 7 48 60 47 38 25 64 8 76 64 50 51 29 41 24 88 86 22 38 83 9 93 94 40 75 48 65 81 89 11 76 28 43 50 27 59 19 40 20 0 0 74 86 9 85 80 99 84 60 4 89 52 34 24 84 33 98 29 25 64 39 50 35 54 85 57 38 86 46 50 55 35 61 54 62 62 62 90 76 45 12 37 56 88 75 37 63 74 56 50 41
62 12 8 73 47 64 98 78 55 84 8 94 24 68 21 42 61 73 75 40 59 20 42 68 87 48 54 7 98 23 1 84 86 29 46 89 26 39 70 55 52 36 28 15 1 32 23 2 30 72 31 68 31 32 82 70 8 57 11 81 74 0 78 57 84 88 70 31 92 34 99 37 48 5 1 77 59 67 5 24 5 84 58 3 19 17 42 72 19 78 86 69 53 15 74 5 88 99 64 86
75 5 26 23 50 91 32 57 95 1 4 22 81 47 12 54 96 38 22 30 59 64 54 35 28 60 75 44 83 47 50 93 12 27 21 26 73 5 8 21 98 29 66 83 2 88 77 24 34 59 68 47 23 69 62 98 32 50 96 27 97 77 70 79 38 6 14 96 47 12 86 21 47 82 89 45 66 23 57 56 13 68 17 5 78 12 30 43 48 3 36 26 29 5 95 22 12 25 67 58
38 0 9 8 43 19 91 90 56 77 98 9 59 30 71 13 4 47 82 52 55 52 57 38 86 54 60 41 66 2 49 78 0 68 43 82 59 51 5 67 96 37 37 62 2 64 98 90 50 76 97 58 96 72 90 26 57 17 21 2 75 81 59 51 54 51 49 54 26 84 94 41 38 22 71 34 62 43 58 64 31 73 85 26 61 43 67 73 5 40 41 66 56 46 53 22 84 54 64 48
29 92 96 60 64 84 55 37 60 22 47 3 34 41 93 65 15 30 74 71 91 35 95 41 92 62 13 21 67 23 23 12 43 9 93 58 20 28 21 50 51 90 78 70 61 95 27 51 31 94 36 24 12 14 8 76 78 36 29 34 21 39 94 68 83 55 1 73 75 64 23 21 87 47 74 95 91 59 9 91 59 22 16 90 76 54 9 72 93 9 16 91 82 31 48 75 82 72 89 96
99 82 14 88 2 3 97 85 68 5 55 99 18 83 51 36 95 78 22 20 1 68 46 81 5 23 43 30 99 6 26 41 75 42 36 33 18 6 95 47 15 99 72 5 14 19 6 23 4 70 64 61 71 87 10 93 92 98 45 79 45 94 44 44 28 10 45 56 88 97 77 46 73 88 91 86 77 43 53 17 6 10 89 78 26 90 8 85 37 91 63 68 39 85 32 83 80 95 55 75
49 81 11 77 61 0 17 21 32 80 81 20 42 33 40 6 13 40 61 69 7 6 16 6 85 91 57 27 40 30 11 51 9 32 51 77 69 77 6 75 90 18 19 35 85 17 37 68 7 54 43 34 43 60 23 63 76 51 4 6 1 67 82 36 62 20 85 43 69 28 70 2 60 98 0 46 62 96 83 41 27 42 46 79 83 48 20 88 26 32 46 9 81 3 88 53 17 61 7 94
52 7 0 79 96 16 34 27 92 91 97 42 87 71 69 83 14 39 94 49 21 44 35 8 74 25 40 91 61 94 21 43 95 23 23 61 61 59 21 81 66 75 75 41 69 53 25 96 47 86 55 8 98 89 23 1 35 88 15 34 44 84 61 6 47 65 79 64 20 61 76 96 31 57 74 97 20 61 83 55 22 78 20 11 51 30 2 86 88 9 50 9 90 48 42 23 42 58 17 69
52 89 84 30 18 94 18 23 74 67 23 20 28 98 33 7 59 89 73 57 54 94 66 61 33 3 36 18 38 46 33 55 98 47 87 20 80 28 35 71 2 8 31 45 58 22 0 93 39 62 42 29 13 85 10 54 72 51 69 74 81 90 14 53 23 12 82 18 68 45 10 49 81 72 5 69 84 34 60 83 28 70 33 82 83 34 30 96 63 73 44 37 93 5 17 32 9 91 57 50
21 63 78 52 98 15 94 27 56 67 67 0 82 26 35 32 29 1 71 88 26 58 95 42 86 11 77 1 71 3 44 99 85 39 23 31 65 98 57 94 30 72 13 96 9 32 69 33 92 78 92 0 81 55 58 70 98 12 25 41 0 87 1 17 63 11 18 77 72 53 56 50 18 8 62 98 25 99 79 93 52 36 18 73 5 51 70 25 58 3 51 65 26 36 14 56 79 55 80 34
59 71 62 72 65 64 18 72 25 92 54 24 2 3 7 39 25 71 95 34 77 0 71 93 15 55 33 33 77 72 58 37 13 18 93 48 49 95 15 22 95 0 67 15 64 58 47 77 19 5 72 80 56 93 39 65 79 44 24 6 36 0 36 76 90 69 79 17 6 96 30 4 37 34 47 27 14 54 79 84 57 57 92 52 28 25 66 68 23 2 50 94 18 48 72 81 64 81 43 37
80 87 25 75 26 44 68 15 42 72 42 75 61 29 92 25 21 2 79 93 10 67 78 3 38 58 53 35 99 72 20 76 5 38 10 57 83 66 71 76 35 88 44 14 88 14 85 62 46 14 96 17 49 67 6 87 57 92 81 15 49 43 87 25 98 4 33 35 87 93 4 21 83 77 56 54 41 28 5 42 10 1 25 11 17 7 25 37 1 42 81 50 77 14 31 40 90 97 99 70
97 70 91 71 10 32 39 22 7 62 85 15 53 21 0 67 97 77 92 85 8 68 34 12 5 88 30 8 74 78 5 52 11 14 27 80 33 17 85 12 11 53 54 79 17 63 23 60 45 83 41 44 94 53 35 25 86 41 68 39 83 72 6 60 41 58 93 80 45 37 90 16 10 94 61 83 27 76 49 24 82 4 12 60 54 98 79 7 3 36 72 79 90 11 6 60 22 25 99 56
18 37 50 67 93 53 25 56 8 19 87 61 11 80 6 4 73 25 70 31 91 62 73 52 33 3 75 23 35 21 58 42 41 28 82 21 26 30 11 59 26 45 25 74 56 12 65 78 79 19 51 8 85 96 94 26 69 23 83 71 66 56 70 39 70 31 71 55 7 30 27 65 46 5 84 18 34 4 80 47 6 85 66 9 90 97 59 5 44 31 71 41 82 88 46 70 16 58 42 87
49 67 47 60 23 76 95 88 39 14 19 5 93 35 42 94 84 17 31 41 1 11 37 85 35 95 52 43 52 1 52 35 99 90 67 75 16 20 4 19 65 39 84 54 2 2 0 77 36 40 78 78 0 43 54 82 94 71 71 56 41 63 15 85 62 34 70 33 27 59 95 25 43 24 92 14 62 70 84 17 57 46 53 17 74 93 8 88 97 46 4 13 94 3 50 95 70 99 33 35
61 80 46 45 11 93 78 61 40 42 25 27 71 3 10 6 99 32 61 3 29 28 79 73 58 13 44 17 65 47 46 55 16 71 3 34 3 9 28 82 35 20 22 12 13 77 40 56 99 73 46 61 27 80 4 24 14 10 60 50 6 34 66 76 1 67 88 65 66 55 36 62 98 21 52 33 52 75 32 81 73 45 78 55 9 8 27 77 16 67 46 13 9 57 89 37 65 36 20 59
4 45 78 95 73 9 1 94 38 6 62 68 41 83 96 76 29 89 33 89 47 56 92 47 2 36 46 16 68 83 72 46 40 51 26 14 76 57 24 53 77 72 3 60 24 42 25 86 54 8 61 11 98 24 91 39 16 9 34 29 69 77 46 41 11 67 74 54 77 37 33 61 25 81 60 78 44 43 70 6 70 37 46 58 77 92 46 71 91 65 61 61 33 8 78 54 84 89 92 35
30 25 97 28 16 90 36 60 48 41 29 41 9 25 92 9 44 78 81 98 14 91 21 19 77 65 62 20 94 25 11 74 13 41 84 3 5 62 17 27 61 13 30 22 4 18 57 24 63 43 94 45 76 52 92 9 29 45 5 55 19 23 25 14 99 9 14 92 40 62 83 71 62 79 4 71 70 9 79 97 88 69 25 34 60 89 66 41 18 77 3 40 59 34 23 91 47 41 47 97
68 66 44 75 83 43 64 1 4 3 13 24 66 54 55 34 52 50 90 55 87 81 45 22 66 94 46 10 28 53 89 71 46 6 6 51 37 61 30 29 16 16 2 99 76 39 22 34 73 39 46 76 29 46 39 51 74 30 63 61 66 95 24 16 98 27 52 5 67 31 62 26 85 97 71 42 78 51 75 46 41 92 50 91 56 36 66 33 74 95 81 53 5 19 79 87 85 81 60 32
21 13 30 80 34 65 43 38 1 82 36 30 56 82 73 53 82 16 55 13 99 22 76 68 10 56 1 33 0 42 34 26 59 71 0 93 38 91 83 15 49 86 5 41 13 40 93 9 39 14 88 80 45 14 45 53 81 35 69 59 94 41 70 26 70 38 49 98 49 84 64 39 31 1 73 7 32 14 72 55 15 94 25 99 11 44 86 23 0 17 26 17 22 33 40 76 30 10 10 7
53 16 65 35 20 98 77 27 22 39 46 10 16 63 59 68 65 94 11 99 2 54 41 11 19 85 7 22 75 64 30 74 48 67 83 34 34 56 64 99 64 43 62 22 56 3 92 97 36 10 66 68 65 75 90 43 93 92 59 23 1 0 66 93 50 95 82 48 43 60 88 68 25 71 15 98 71 22 38 18 32 84 96 64 36 0 63 70 50 13 71 95 91 4 95 16 16 31 55 63
5 22 35 1 88 39 31 53 56 36 47 14 77 65 19 81 70 74 3 94 43 39 94 73 66 49 58 95 7 97 23 63 17 35 68 86 18 8 64 91 27 74 66 75 82 90 36 5 3 27 58 73 42 77 64 5 63 3 22 53 57 59 49 77 2 40 96 62 42 88 17 8 13 8 6 79 36 42 58 76 46 63 72 60 34 71 40 68 30 78 70 79 86 89 81 52 12 30 70 62
61 65 97 19 66 6 52 3 21 32 64 70 1 68 86 67 45 36 69 4 58 94 20 41 24 65 24 46 64 69 8 96 88 48 84 14 2 12 88 47 52 9 81 11 14 49 80 47 88 22 65 92 29 72 60 37 65 90 28 55 95 45 37 43 5 52 34 32 63 54 48 97 48 93 89 1 35 93 23 14 36 7 31 34 91 51 14 60 49 38 11 55 45 41 68 82 49 95 0 67
4 68 94 1 19 30 51 85 19 52 64 75 18 8 86 75 60 32 36 91 63 24 97 79 64 32 90 40 22 28 87 97 11 60 22 79 87 76 72 32 43 56 37 95 43 21 33 37 49 42 17 22 70 0 88 10 44 13 88 68 28 84 18 34 32 79 85 53 22 9 75 46 53 51 94 84 50 86 45 92 13 30 35 95 67 74 56 7 73 43 97 38 32 57 41 6 49 25 46 5
14 55 8 99 30 54 66 10 75 74 75 49 28 81 11 74 58 56 60 45 25 22 67 73 44 99 49 57 61 81 58 54 61 51 78 92 87 45 47 37 56 4 93 71 94 62 3 38 64 31 90 96 59 86 60 92 32 54 31 78 95 63 66 67 86 27 0 38 88 75 99 85 49 80 51 13 54 84 23 98 47 51 36 18 55 35 74 90 55 3 46 57 53 2 29 88 80 12 86 74
95 2 91 21 81 55 63 92 55 0 71 46 67 55 78 83 71 76 86 34 24 45 20 60 66 50 83 96 66 69 41 92 33 55 52 70 19 24 27 75 13 17 5 17 60 18 7 20 24 4 24 91 87 97 77 34 90 9 6 84 95 51 1 0 87 14 59 53 71 32 51 94 24 45 31 88 43 20 68 89 0 91 67 76 41 19 79 34 13 83 32 66 56 86 87 10 23 29 45 49
4 18 21 89 81 56 14 96 40 38 26 76 79 20 60 29 65 68 7 76 98 64 69 12 23 84 82 39 32 49 30 83 99 78 90 74 30 83 21 80 41 71 61 17 3 23 63 14 80 75 60 16 45 29 59 97 20 70 41 53 96 86 83 37 16 51 81 24 48 33 85 49 76 85 84 46 48 64 23 42 37 46 75 54 78 77 49 89 10 40 20 20 89 2 4 92 97 39 34 94
35 34 96 81 22 79 83 62 38 31 71 26 25 85 81 62 61 78 99 54 16 47 29 97 92 19 32 86 87 42 60 60 51 96 13 36 31 86 89 32 71 62 39 52 6 54 70 34 32 58 5 85 57 8 16 39 38 54 81 3 82 23 32 82 58 8 9 4 84 89 68 9 82 95 12 81 77 39 99 69 73 0 55 59 22 35 73 35 83 82 97 88 0 97 96 97 0 55 30 71
70 69 43 80 24 38 93 75 54 63 12 72 91 74 3 20 52 95 64 64 1 20 42 79 83 45 8 34 3 58 89 15 92 76 33 38 71 70 4 42 83 2 90 81 38 93 75 84 66 94 79 82 1 40 2 76 15 56 94 55 4 42 82 24 91 22 23 80 54 64 6 18 74 45 28 23 45 94 94 72 94 80 22 31 75 3 23 25 72 85 38 20 94 30 22 39 7 1 57 27
18 36 42 63 64 66 28 90 87 40 32 63 51 81 7 74 66 23 67 32 95 51 96 79 3 58 10 24 50 39 56 74 1 17 14 87 97 26 31 42 70 51 91 79 23 61 96 53 61 49 97 97 89 41 28 86 94 20 22 59 12 59 61 57 45 55 74 99 41 2 60 37 48 60 0 88 87 3 52 76 14 81 86 84 41 58 66 42 93 32 25 60 90 79 0 55 28 32 49 85
18 38 99 85 57 91 47 39 50 16 16 23 88 99 49 0 73 80 94 56 39 27 17 22 42 34 82 9 15 21 83 5 66 18 89 22 80 64 31 17 17 69 21 83 26 33 4 14 11 50 66 44 57 70 90 88 69 16 17 72 49 52 13 20 26 73 53 16 38 26 37 20 82 48 14 13 44 41 54 91 87 93 38 37 64 3 22 43 12 52 56 76 53 15 61 42 49 4 47 98
97 3 39 74 44 42 15 22 54 25 98 58 57 49 33 24 89 8 92 31 88 93 59 34 60 82 58 6 33 36 32 10 15 85 30 56 50 47 0 82 5 65 60 86 51 46 27 19 31 7 18 4 41 38 91 59 78 57 90 76 84 93 76 84 98 26 72 55 61 98 2 58 54 80 52 11 46 81 59 53 28 69 26 85 21 76 38 12 63 47 66 64 0 1 76 50 92 75 73 53
42 33 45 75 60 15 58 61 64 37 71 83 60 61 33 63 88 61 51 73 32 62 18 86 82 11 7 58 95 31 92 29 80 71 98 94 6 52 39 29 93 25 66 43 78 10 70 16 41 5 12 41 94 37 22 30 67 57 0 38 96 24 64 93 25 20 56 29 41 43 69 54 37 45 1 0 51 0 16 51 73 96 29 50 6 86 40 64 93 27 36 69 39 19 55 41 56 12 45 75
50 78 95 34 86 74 90 50 45 83 66 73 48 49 54 24 56 67 97 54 80 69 74 93 11 42 35 36 75 60 53 75 51 62 16 69 18 85 48 34 20 27 18 80 8 70 27 42 70 88 73 19 41 12 1 35 53 44 86 17 21 40 86 94 11 34 98 15 16 80 51 76 60 80 93 82 98 58 40 38 42 26 26 4 18 25 2 58 3 70 25 24 10 1 50 41 93 97 3 79
22 60 20 50 20 64 69 44 25 19 34 24 97 78 36 80 45 88 64 46 55 71 59 64 6 95 51 91 26 84 49 30 4 11 38 71 7 92 50 55 32 18 18 33 66 33 81 70 25 95 98 99 50 33 63 83 9 38 31 55 96 42 95 32 59 18 81 11 74 9 56 21 5 41 7 96 98 70 28 99 52 82 88 69 89 27 77 78 74 91 24 58 72 39 47 13 30 5 85 38
53 60 34 88 2 1 94 35 90 86 56 68 34 77 66 10 69 96 42 26 49 69 31 51 45 8 95 49 60 0 28 85 0 84 2 79 5 47 43 88 45 38 3 55 63 80 11 54 51 53 46 42 45 72 31 43 99 2 69 75 61 21 47 36 75 28 13 70 1 21 5 54 52 21 39 41 96 58 76 17 44 15 2 58 27 44 9 65 8 83 23 29 10 94 71 46 41 91 43 77
86 17 63 64 99 65 55 57 64 79 31 29 20 57 54 32 27 59 12 50 52 30 46 8 77 91 82 81 89 94 10 81 90 85 98 81 96 60 94 62 11 60 44 81 54 91 1 77 91 22 31 46 64 78 93 57 70 93 8 80 92 68 8 68 39 49 86 21 40 1 90 43 50 43 77 10 85 70 53 19 41 9 3 47 0 79 45 84 5 78 26 52 78 70 78 98 27 49 10 97
95 67 40 39 53 98 11 99 4 22 2 78 68 21 46 56 33 86 91 97 8 41 6 84 30 34 94 3 21 17 10 96 97 13 5 92 56 50 94 3 70 97 32 74 51 67 11 66 70 64 41 65 38 25 71 92 18 27 80 99 93 68 44 71 88 0 24 19 98 30 18 9 48 57 43 57 92 74 64 71 1 29 54 6 30 92 80 74 40 51 48 35 72 21 88 67 71 37 68 17
82 51 15 5 68 70 0 68 91 16 93 4 67 6 2 1 72 8 46 12 9 53 64 61 24 49 49 65 98 63 4 86 55 13 85 93 21 49 19 13 31 79 36 88 52 18 49 30 1 60 67 82 44 71 40 20 53 42 9 58 68 36 97 77 26 23 43 8 64 1 59 78 96 34 37 31 7 92 62 36 28 92 92 96 2 3 45 69 35 8 95 41 68 62 25 69 92 53 93 79
66 8 60 52 14 54 29 25 92 1 47 10 82 72 6 66 28 94 48 22 68 92 71 40 23 46 34 72 8 16 28 3 66 35 87 88 25 43 36 90 46 20 3 7 86 81 43 99 28 58 80 17 51 20 56 55 85 57 98 46 64 63 55 48 63 55 11 87 66 93 6 26 82 18 8 83 51 24 20 8 73 16 29 14 93 71 66 35 32 37 27 54 1 13 45 82 31 7 11 95
94 67 67 2 5 60 28 54 5 74 2 55 23 69 48 10 34 72 84 71 9 14 77 40 42 8 2 29 55 74 4 46 26 11 5 63 59 54 51 88 33 31 87 18 80 86 3 84 8 17 51 20 78 60 6 25 55 81 72 42 96 89 92 8 3 81 72 66 97 2 45 15 58 17 18 79 61 20 28 68 12 16 88 55 3 57 38 32 40 67 56 12 78 64 43 72 83 5 16 40
72 93 41 67 31 82 23 41 0 56 26 36 19 62 33 30 58 3 63 39 32 22 68 89 3 46 94 54 61 66 34 67 61 11 42 37 58 53 70 68 77 72 76 29 4 26 15 84 57 26 57 54 44 81 7 43 88 95 78 27 2 6 57 95 6 70 58 70 49 91 60 53 62 37 75 93 94 81 42 58 14 43 29 12 25 29 54 37 29 90 73 81 17 62 53 72 85 78 64 73
87 82 36 7 98 24 3 53 52 45 22 46 21 26 89 2 42 7 98 32 90 60 84 96 49 26 57 5 9 23 82 54 27 52 21 73 99 53 16 2 81 50 9 64 60 2 49 18 95 36 85 17 15 34 45 60 90 22 29 42 36 79 93 87 20 7 80 70 73 60 56 23 49 43 62 46 29 79 42 31 49 70 94 56 66 27 41 88 23 19 30 87 23 48 68 93 61 94 4 57
79 89 93 34 46 97 49 71 8 94 67 94 94 74 34 74 90 40 69 89 91 62 35 28 88 19 28 60 59 92 25 25 97 6 91 52 64 67 55 5 30 83 62 62 33 21 68 57 3 93 9 40 84 30 56 2 10 52 26 75 39 28 51 9 32 47 98 92 95 54 34 75 99 84 99 45 92 24 66 77 5 77 28 96 58 18 1 77 48 94 58 89 58 12 31 34 40 81 58 81
71 99 71 67 15 59 5 84 52 83 76 51 20 38 8 21 77 48 55 60 83 7 95 6 61 6 37 77 78 4 54 8 4 9 76 44 32 40 11 48 12 68 21 16 56 74 99 42 79 97 85 35 90 38 44 92 49 9 78 60 79 53 72 86 79 0 5 99 43 7 20 61 73 11 32 30 98 76 96 34 66 60 70 19 31 99 28 17 77 73 37 63 55 54 90 51 48 66 99 22
86 83 2 51 49 43 87 7 16 70 39 24 23 29 57 49 75 81 97 12 76 42 36 68 21 86 95 79 62 74 56 98 75 59 21 27 4 39 92 63 7 10 46 21 58 4 42 92 46 87 63 62 5 17 15 22 47 73 21 30 26 89 22 31 56 43 75 78 7 96 79 98 59 70 60 77 68 24 75 74 87 97 55 17 18 44 51 28 34 2 15 14 78 13 8 90 95 32 72 97
22 38 29 99 35 84 28 64 31 23 90 47 58 50 6 27 67 26 93 64 13 64 27 91 93 61 35 78 76 12 22 33 18 35 22 67 91 95 5 81 25 20 62 70 55 60 59 8 19 69 20 18 74 25 22 86 10 53 3 35 42 80 61 66 2 65 10 72 14 38 80 88 65 17 88 15 55 46 6 27 11 39 34 61 13 13 26 30 87 36 79 54 48 96 96 4 79 82 21 31
81 40 30 59 74 41 87 8 84 98 38 17 15 54 68 30 14 41 86 36 83 29 23 31 41 50 78 13 42 22 78 6 51 57 94 66 69 96 41 86 15 61 36 13 44 98 21 49 41 44 60 87 55 92 22 38 71 68 94 63 75 27 49 42 80 23 79 83 84 48 40 77 84 45 78 14 66 62 25 68 73 49 36 57 97 24 67 16 23 31 95 4 94 1 24 13 55 31 87 21
6 33 69 17 36 63 70 73 58 5 30 29 47 67 67 55 84 82 38 2 70 24 34 70 7 81 14 99 60 38 66 79 46 90 12 80 95 92 8 8 78 45 11 55 40 11 39 92 58 26 29 71 61 11 43 98 93 44 72 97 64 99 86 29 27 19 80 37 59 57 59 38 58 72 13 71 67 37 60 79 27 91 85 12 22 31 29 81 21 30 46 43 34 13 47 24 1 62 71 43
19 44 73 50 35 89 6 36 8 10 76 41 99 79 75 22 94 27 92 43 80 95 52 64 74 10 1 23 93 14 48 43 2 35 12 82 91 74 76 18 56 2 9 64 31 85 83 32 85 85 72 42 40 86 73 63 87 55 6 56 65 53 44 13 44 71 14 38 29 71 32 79 97 1 23 62 14 36 25 49 55 20 24 88 37 48 82 15 67 74 4 96 9 1 96 11 82 34 74 26
72 4 51 91 9 61 14 73 69 68 93 29 25 62 10 0 85 42 95 1 7 12 24 73 60 3 93 67 75 61 49 19 83 14 32 79 86 63 25 75 84 14 25 79 3 88 19 79 9 6 42 57 41 12 9 1 45 38 68 92 49 81 0 43 15 25 85 86 92 12 85 33 62 33 94 72 48 69 20 4 7 24 68 55 6 19 66 37 42 53 92 11 63 74 45 91 82 34 44 63
36 53 78 65 4 45 30 98 47 40 26 65 35 33 56 2 33 13 49 60 74 15 12 21 9 56 41 59 59 23 6 84 73 10 24 38 12 14 61 38 24 3 93 5 16 45 78 77 57 57 54 78 26 1 4 82 29 94 0 8 2 99 85 90 27 60 5 85 15 30 82 52 73 46 43 2 77 4 68 72 55 84 53 62 89 2 55 18 58 37 14 56 98 60 10 50 45 18 96 52
28 42 46 14 16 97 7 64 9 58 20 82 13 99 45 97 19 55 66 57 96 83 21 83 36 81 25 57 75 58 36 61 27 93 84 47 80 93 99 56 48 62 18 1 13 8 28 68 39 4 84 89 2 59 84 77 7 30 35 38 59 57 13 10 55 97 50 2 9 80 9 51 93 8 78 51 44 72 11 66 45 81 58 50 15 35 2 90 24 7 64 99 69 57 84 90 50 31 84 54
97 36 28 3 36 69 28 38 44 90 32 16 55 16 20 33 94 61 42 28 72 7 42 91 48 64 9 26 0 59 9 21 39 23 90 50 22 85 1 28 59 1 17 37 72 65 88 18 94 27 1 66 79 11 16 96 95 60 23 49 22 73 48 14 21 55 46 36 38 59 69 52 36 16 55 20 76 74 0 40 55 46 84 80 16 0 89 49 58 45 20 90 65 65 66 7 19 0 63 63
18 82 82 31 34 70 99 38 43 58 67 64 27 72 20 17 17 93 80 73 65 10 69 96 38 25 40 37 39 3 36 66 84 91 49 33 63 3 97 76 82 9 54 1 7 29 87 76 29 11 13 49 73 24 59 76 69 59 51 23 67 33 44 11 1 40 35 48 46 69 41 85 4 33 87 39 19 76 80 22 84 67 24 4 45 52 56 70 76 32 2 11 58 61 17 25 66 4 86 96
9 56 46 66 15 0 82 5 99 92 87 27 97 81 5 28 48 98 99 42 80 45 61 54 38 53 30 39 17 6 76 47 94 51 53 76 30 37 2 47 19 86 3 30 87 16 59 15 83 76 13 99 26 24 28 99 36 95 29 71 69 69 86 84 97 14 55 58 15 27 34 45 33 37 60 24 26 46 91 28 33 94 47 36 42 45 33 17 46 46 74 19 70 89 98 74 32 85 51 99
