100 100
89 47 91 20 48 49 68 46 62 93 72 73 57 24 24 24 45 70 83 49 44 19 5 54 30 98 84 79 1 46 88 58 78 2 49 97 22 27 64 80 39 91 67 41 41 46 76 92 97 64 89 77 58 89 2 33 62 17 31 47 7 95 5 26 7 14 43 83 43 47 66 8 14 52 9 55 58 88 83 66 56 19 28 32 41 47 97 55 56 43 99 80 51 97 75 52 92 71 4 22
72 85 68 69 26 23 60 32 53 15 22 25 92 17 3 49 72 61 4 55 65 57 95 22 61 43 75 0 94 31 86 29 82 4 32 16 77 63 78 19 63 61 78 80 0 2 55 88 2 14 15 5 81 67 83 79 13 50 60 66 85 63 99 57 81 66 17 12 97 34 44 17 39 97 84 23 75 35 98 21 79 33 47 16 20 24 26 58 69 47 6 34 32 14 54 91 47 77 37 55
37 31 22 29 92 38 80 5 9 71 84 27 0 47 4 77 24 51 59 27 32 88 86 70 10 98 41 68 94 57 35 13 88 22 39 33 64 63 98 38 19 62 93 30 94 67 67 11 93 4 80 0 33 91 69 38 38 12 31 11 61 35 87 5 25 23 95 83 25 68 71 18 93 86 41 50 17 91 18 53 43 57 73 50 36 99 38 33 44 77 99 5 30 65 37 91 72 93 94 30
94 40 71 84 68 0 27 83 83 41 73 67 81 13 50 44 75 68 43 52 47 7 78 84 62 71 42 93 99 61 99 71 82 57 67 85 25 17 86 6 19 12 54 71 17 36 22 3 10 79 67 77 71 92 34 52 65 17 61 40 35 66 16 24 71 13 10 92 15 13 88 7 36 58 79 99 89 10 92 89 14 79 34 94 84 21 63 20 83 99 49 42 18 34 4 24 0 71 47 15
11 50 43 42 39 97 75 82 22 26 80 19 76 36 21 29 55 20 25 80 10 64 94 79 55 74 99 50 96 33 50 63 79 32 42 9 47 43 27 57 7 90 58 94 43 37 12 14 47 17 88 91 31 57 67 28 23 98 81 70 11 42 84 13 78 86 24 58 51 63 39 1 9 59 29 68 71 92 70 77 21 35 3 1 87 85 2 4 80 71 49 16 2 12 84 19 84 57 59 20
89 54 25 86 93 97 17 27 13 75 33 51 82 3 14 87 64 15 99 32 14 78 30 83 20 68 71 32 42 47 63 60 50 55 28 63 83 63 87 5 24 87 39 20 32 4 72 21 9 90 55 44 7 28 14 54 36 32 86 59 37 58 40 58 98 75 62 73 43 18 89 19 2 42 72 78 64 34 94 67 68 74 16 94 28 70 6 43 84 16 49 30 95 79 40 12 30 51 77 74
81 63 32 28 37 82 34 23 68 96 39 93 55 22 58 10 56 45 14 76 35 49 45 9 6 81 51 72 47 28 49 4 79 93 73 20 1 11 45 65 72 15 1 16 37 71 88 62 18 50 49 83 89 28 36 17 76 54 10 90 61 66 1 63 50 87 38 26 58 61 66 70 2 80 45 69 53 61 78 55 57 46 66 26 3 91 91 80 98 51 44 3 23 71 38 18 17 14 69 49
90 78 43 23 70 6 52 94 51 79 13 52 29 71 11 44 30 20 54 13 53 73 31 35 70 53 21 38 23 69 93 34 64 37 86 16 83 31 93 56 55 28 73 19 17 90 13 31 94 64 21 15 37 71 91 30 8 5 53 54 54 31 14 47 12 73 58 64 84 24 38 90 53 17 39 95 78 68 83 30 86 89 59 0 3 72 94 5 14 9 97 38 1 49 36 89 39 51 8 42
9 33 72 65 15 86 18 88 7 66 53 58 85 56 31 46 43 33 6 29 58 72 20 12 39 52 5 33 58 51 10 51 78 45 53 78 28 44 99 95 33 62 27 57 2 15 66 74 83 21 48 30 64 75 53 83 31 80 81 80 48 80 41 5 5 81 87 69 67 44 35 45 36 1 67 63 55 39 39 47 10 13 81 23 78 62 92 0 58 49 29 54 39 8 76 50 36 10 24 66
80 70 38 76 89 64 0 10 63 64 82 99 16 28 29 65 78 41 5 35 78 29 44 2 19 34 13 96 7 87 90 51 5 61 20 22 29 65 47 48 66 72 19 86 82 78 7 36 0 17 80 91 4 59 91 40 68 73 18 87 37 24 34 52 12 54 38 42 47 75 84 96 75 88 28 61 65 46 91 42 85 49 88 40 10 80 76 7 18 67 2 87 34 77 5 61 61 50 75 57
7 67 22 11 40 5 24 78 34 90 5 45 64 30 79 75 62 91 41 56 36 21 12 97 36 64 53 77 2 11 46 26 91 91 15 93 44 34 72 18 11 71 32 22 55 96 90 93 74 38 84 62 32 71 63 90 69 2 56 69 80 77 27 40 64 66 90 2 33 80 19 40 50 6 54 36 95 52 97 9 86 22 4 58 92 68 76 79 38 78 68 76 84 11 7 43 70 7 8 10
51 42 56 57 33 48 19 51 86 35 72 82 73 32 67 98 40 88 58 6 36 35 98 15 2 67 68 76 46 68 43 73 19 37 4 40 97 86 21 53 80 91 83 77 74 7 7 41 19 77 96 51 80 90 8 32 22 85 89 47 70 18 90 32 30 52 23 44 84 75 22 12 75 83 2 45 46 18 38 64 99 7 81 79 78 75 41 65 37 9 73 29 26 34 97 33 67 17 46 57
10 90 85 55 47 21 55 35 47 79 6 96 14 65 56 99 9 3 72 33 93 29 8 78 98 24 23 79 51 5 44 79 70 3 39 78 0 20 82 23 42 82 54 81 16 68 88 52 38 56 83 61 46 55 35 80 87 78 19 2 14 59 5 26 62 86 68 67 44 80 30 71 30 53 18 63 64 98 66 32 56 3 62 18 60 4 62 20 56 34 36 59 93 44 50 50 31 40 24 63
98 93 72 12 4 42 46 96 29 68 25 17 34 41 33 81 16 26 87 78 96 76 55 61 50 15 64 97 50 50 64 33 15 74 47 54 28 27 44 82 28 4 90 38 18 59 3 35 55 41 56 52 21 63 49 17 23 23 58 81 14 57 15 80 40 19 25 17 44 53 44 31 84 62 56 67 36 31 42 83 41 14 37 98 85 65 60 9 92 39 55 87 68 71 63 71 80 83 1 89
3 89 1 48 9 66 76 32 37 30 80 94 52 44 30 3 25 44 7 91 77 5 98 94 53 88 64 90 13 90 10 7 21 11 9 41 14 67 91 54 49 68 33 65 98 85 91 85 28 46 23 13 62 3 88 31 86 54 84 23 12 62 68 69 55 16 48 63 40 33 77 14 73 65 58 17 52 92 89 3 27 24 3 66 37 66 43 52 51 35 63 56 97 74 42 64 17 52 56 65
18 63 15 38 87 37 24 13 26 84 83 15 17 88 97 62 69 92 80 37 31 23 0 11 15 42 35 30 97 81 16 90 53 20 90 17 88 10 17 97 54 45 27 37 99 73 9 26 5 1 34 20 52 67 72 96 41 19 9 38 22 60 86 79 35 99 15 41 52 66 61 61 7 35 2 46 45 35 30 22 83 8 83 39 61 23 67 89 5 37 24 0 36 53 35 6 66 10 75 65
20 5 75 43 36 43 62 97 97 80 0 5 86 24 14 15 22 32 51 39 44 56 4 1 5 66 15 47 27 95 7 0 12 36 43 37 37 46 22 69 79 2 86 87 12 78 8 50 45 24 52 97 83 47 26 57 49 2 60 55 56 60 88 23 63 93 19 40 36 12 56 37 45 62 90 43 67 71 50 58 29 49 81 73 31 0 45 99 95 52 98 80 56 43 67 22 82 78 51 19
10 13 29 65 42 83 80 31 88 51 62 13 43 25 62 13 17 56 25 80 61 1 3 99 35 0 6 53 44 21 33 0 24 69 49 27 9 67 51 41 89 8 65 29 18 20 1 3 33 60 13 8 60 59 60 83 59 16 58 35 98 79 78 89 96 20 49 54 88 52 3 66 34 5 66 58 80 54 71 4 19 43 26 3 28 29 61 76 37 42 59 62 3 42 23 13 87 18 87 2
76 73 48 6 31 25 65 20 90 28 28 1 62 32 72 81 83 83 23 11 30 62 57 43 96 84 53 86 16 46 77 50 83 68 48 88 53 48 91 53 27 76 47 86 25 78 86 64 6 76 38 47 86 77 54 62 70 20 51 3 1 61 44 18 34 94 64 15 86 50 65 88 82 44 89 60 95 12 3 7 43 81 36 25 96 18 84 75 94 2 75 56 22 65 3 14 81 78 44 38
98 25 81 56 81 93 85 69 67 28 41 64 38 45 83 56 79 83 6 17 42 32 57 79 13 97 60 5 49 84 28 59 38 43 21 8 41 26 51 49 44 90 27 62 89 77 0 36 94 3 31 45 63 4 33 10 76 51 44 10 3 16 80 49 54 15 85 70 37 45 28 15 61 62 32 17 26 54 9 77 67 25 66 0 63 70 90 90 19 25 59 21 41 36 44 1 41 4 55 23
7 25 44 61 41 63 39 62 21 59 99 69 54 28 89 98 14 30 44 75 24 82 66 51 15 12 31 1 14 39 81 97 73 20 2 91 74 51 35 5 14 39 26 70 26 58 46 44 0 48 38 78 38 49 85 2 67 90 20 28 0 76 86 4 89 88 94 73 14 28 29 15 71 89 26 10 72 95 75 69 68 91 72 43 82 38 21 61 6 91 94 76 62 62 8 87 21 48 39 20
12 72 91 27 62 61 68 34 40 34 52 96 24 0 51 29 97 81 24 19 94 34 94 3 43 45 55 97 41 57 47 93 64 93 18 77 72 1 14 58 90 4 64 30 38 73 62 33 5 10 65 19 68 80 6 8 43 93 93 96 54 13 8 35 91 14 28 57 26 5 21 60 79 0 7 71 86 88 75 28 3 42 38 26 80 6 63 22 5 47 55 79 44 81 2 18 42 76 78 2
47 7 59 84 73 52 11 51 8 38 67 35 72 1 94 21 70 5 81 38 48 94 77 35 55 50 42 33 20 74 98 94 37 84 53 83 76 6 84 3 96 1 76 11 23 65 89 21 52 0 12 60 3 68 58 11 81 9 34 84 33 9 67 97 80 97 55 77 92 40 86 46 8 28 73 69 59 29 69 27 39 0 32 69 91 78 45 26 1 51 67 27 75 71 97 16 76 43 38 38
5 2 29 0 1 61 68 20 64 4 68 91 82 66 42 31 15 51 44 89 18 0 26 20 27 43 53 77 94 46 16 3 94 72 98 28 95 71 31 37 22 30 43 14 38 9 3 14 83 14 55 55 40 66 29 1 81 36 96 35 55 62 87 10 59 49 96 97 61 26 46 53 50 27 23 68 68 14 96 39 56 92 31 0 77 23 93 99 0 46 46 12 35 15 7 56 87 62 22 66
30 80 84 74 71 60 92 36 46 85 96 54 16 31 64 24 67 10 22 59 88 29 73 47 96 58 77 88 30 14 67 6 32 91 7 21 98 31 89 86 11 19 89 30 62 52 98 74 22 61 16 98 95 13 19 86 44 55 72 9 16 36 33 33 56 58 93 3 52 1 41 67 30 99 96 87 35 21 58 2 6 60 17 84 47 29 34 87 6 91 77 18 83 81 86 75 39 91 85 99
0 33 13 28 92 22 37 44 61 54 18 35 30 16 65 42 95 64 44 50 39 7 62 70 38 32 26 61 76 0 69 87 22 61 92 63 29 39 5 86 23 39 79 83 82 66 92 85 94 47 46 80 57 62 76 60 39 46 85 35 58 9 74 77 98 83 85 83 53 34 82 72 56 88 85 59 72 7 30 65 6 50 18 68 89 11 64 35 6 9 51 96 32 98 97 85 26 81 54 10
30 14 65 49 71 10 53 36 8 47 55 55 23 24 65 98 62 21 13 33 52 28 14 59 90 72 58 18 62 63 65 98 70 39 26 7 0 14 38 21 93 80 46 55 29 54 85 81 98 3 25 40 43 44 38 48 80 45 68 0 81 33 70 79 46 60 90 50 65 30 18 59 53 96 76 21 66 37 61 11 56 70 5 77 82 66 64 8 44 61 39 7 72 87 10 31 38 97 49 95
77 65 98 55 84 4 25 18 46 94 75 51 78 23 86 12 20 39 26 46 76 32 4 38 48 28 45 78 96 37 90 97 56 71 53 31 28 88 16 0 71 99 51 38 75 61 72 98 82 26 2 92 12 8 68 6 91 11 5 5 42 49 49 94 78 52 85 0 69 81 82 19 92 31 21 18 30 14 7 28 36 24 88 91 43 60 86 56 13 15 72 8 79 38 2 83 44 82 8 68
62 75 52 49 80 63 20 4 29 5 69 29 68 2 94 16 47 4 66 7 48 32 86 60 41 15 62 19 80 63 56 59 76 43 64 44 34 64 97 55 19 29 94 64 96 59 66 9 57 35 88 18 65 88 67 11 57 91 19 37 54 93 25 71 76 96 6 19 6 29 58 89 84 71 13 76 1 19 36 40 43 98 60 83 11 89 75 5 44 3 92 3 24 71 27 48 17 59 76 51
53 40 37 15 56 32 30 45 87 36 92 3 26 77 95 47 73 87 88 28 28 58 15 82 12 18 77 84 68 76 74 12 14 42 81 87 41 94 9 77 65 38 79 26 12 6 7 47 70 73 3 76 85 9 41 45 94 32 4 52 66 38 13 21 17 54 71 92 76 1 1 8 60 85 20 9 60 19 41 80 66 99 70 51 9 45 76 83 27 58 85 48 86 32 55 26 98 97 62 53
10 71 82 50 46 58 63 93 62 7 22 97 12 22 40 82 7 20 35 64 92 93 8 76 42 29 82 11 62 53 49 67 10 30 26 44 4 74 54 46 58 13 31 18 10 67 49 72 13 97 26 2 67 6 54 46 9 74 77 18 56 43 59 59 91 70 0 51 6 20 37 74 73 49 7 76 1 30 22 66 35 20 53 56 21 93 9 0 77 28 39 10 71 37 68 66 72 36 82 59
25 16 73 69 80 33 72 82 84 88 95 44 23 10 55 53 37 47 98 65 22 8 24 48 73 85 42 46 54 33 7 23 67 6 93 64 82 56 80 20 52 48 80 50 58 88 56 40 58 64 47 31 5 78 8 92 50 68 3 10 30 60 35 24 28 68 65 26 30 75 98 64 62 16 34 27 75 25 51 53 58 62 68 47 97 42 70 38 95 87 23 80 12 73 49 52 83 50 95 73
54 25 1 17 18 88 70 95 4 7 13 18 36 38 66 56 31 76 14 65 5 64 36 72 88 68 68 26 89 36 48 8 29 63 2 81 90 71 80 43 36 39 23 75 43 34 80 38 71 84 1 23 10 77 83 2 3 86 1 18 23 32 0 85 62 33 1 52 57 25 96 51 20 63 30 24 21 48 38 95 16 71 13 30 24 11 79 24 64 56 8 26 38 79 5 1 99 53 62 30
63 33 63 32 77 5 31 2 80 48 46 46 22 51 45 5 25 47 1 81 68 47 0 50 48 89 95 5 66 38 12 68 18 98 45 9 48 48 80 79 89 31 94 56 52 71 14 27 53 62 8 96 64 56 54 9 36 11 6 43 33 33 70 37 3 55 55 2 58 32 17 82 3 93 97 90 50 68 2 6 44 61 80 71 26 16 64 76 87 14 19 16 94 84 93 16 18 20 8 56
9 68 28 44 5 32 50 86 39 45 13 96 75 38 87 26 66 33 5 38 49 5 40 74 83 27 59 13 39 58 1 83 0 93 28 76 78 70 17 58 51 74 69 19 46 52 77 57 57 41 31 82 16 60 93 28 13 4 59 6 15 74 14 30 71 38 63 70 2 7 37 24 67 25 17 24 84 36 97 16 95 93 91 7 35 93 44 89 31 1 31 8 81 38 44 80 69 26 48 16
74 91 65 56 0 21 72 63 65 28 31 18 76 62 78 59 39 41 48 35 13 20 6 63 94 20 54 67 39 94 21 57 57 24 27 56 89 11 75 1 70 28 67 80 1 84 95 93 11 75 25 96 69 63 87 61 5 69 55 27 47 39 25 56 46 83 9 61 25 81 89 39 64 78 90 71 11 12 54 59 62 40 54 69 83 51 47 80 40 97 11 61 21 90 17 2 71 71 64 67
3 74 4 73 93 68 97 2 37 1 90 12 42 16 98 60 77 65 54 55 24 5 64 39 18 7 98 25 11 93 51 79 90 49 83 75 17 70 41 28 85 20 9 48 74 7 48 47 91 11 29 70 14 24 90 13 18 2 72 54 46 54 89 93 30 56 19 95 60 91 92 86 39 86 57 68 11 53 2 66 3 11 13 72 71 85 80 67 40 84 27 82 26 87 53 92 66 43 28 90
86 58 36 50 92 19 16 59 23 67 59 31 59 18 73 18 40 10 41 85 91 34 43 69 66 2 71 77 90 78 60 82 6 19 85 14 2 33 22 10 1 98 41 66 39 57 27 41 74 34 27 47 27 0 21 65 67 59 70 16 16 10 37 36 99 82 22 0 73 42 8 44 96 18 42 76 42 92 93 38 72 47 92 53 50 19 46 58 68 71 31 20 81 40 19 65 71 63 67 91
59 93 79 83 72 37 1 33 98 13 68 95 39 66 69 59 24 65 64 49 8 28 75 49 69 29 90 59 28 74 68 91 97 30 99 29 95 38 0 88 8 58 27 23 81 24 75 60 21 21 90 48 29 46 75 34 59 23 72 43 79 26 17 5 60 74 18 82 39 40 85 15 98 48 49 26 19 91 39 75 87 74 44 97 96 46 89 31 0 11 64 51 66 61 93 49 39 34 13 67
19 87 16 72 15 55 68 97 28 19 56 73 34 41 2 25 39 47 20 96 12 97 3 36 13 7 27 79 49 43 58 4 52 58 38 90 32 93 49 32 2 11 65 15 61 10 84 12 31 98 6 89 7 8 56 99 7 64 95 55 57 17 17 89 38 9 80 88 89 33 88 72 45 13 57 28 94 17 55 97 79 25 22 0 42 19 32 39 97 4 32 20 41 36 68 4 71 29 77 14
52 45 39 75 84 32 0 98 58 43 65 92 46 7 24 99 91 9 19 41 25 7 78 8 68 58 44 58 71 36 18 5 2 59 67 0 12 84 94 91 64 32 97 40 1 74 3 13 43 37 49 74 73 15 38 78 2 53 2 43 46 81 19 80 44 65 17 32 48 59 50 98 35 40 58 82 83 36 73 31 30 48 85 22 47 15 81 70 32 57 22 24 69 92 18 51 49 19 24 21
33 17 96 7 41 9 80 57 5 28 82 25 75 97 35 42 77 45 50 93 29 65 22 47 95 34 5 66 10 90 30 50 41 5 2 95 73 62 53 27 69 91 42 6 63 7 91 41 40 22 7 26 26 34 4 75 89 95 61 70 31 22 42 26 19 2 39 53 32 24 85 24 17 67 99 1 47 43 92 80 19 5 99 56 23 19 28 54 84 4 35 93 41 28 3 98 54 89 53 27
52 70 82 26 99 26 7 52 64 17 13 8 78 69 49 32 20 34 97 92 71 61 44 70 26 3 96 0 62 41 71 93 37 0 54 51 70 18 48 41 93 18 76 11 62 18 72 52 70 37 87 75 0 7 91 73 98 66 70 18 1 45 34 48 33 29 51 85 11 44 60 49 21 62 92 97 29 12 18 69 61 34 85 0 20 5 16 82 73 25 86 82 14 47 43 32 22 16 16 28
77 60 2 25 49 72 19 97 99 22 39 23 21 20 61 38 34 59 67 68 90 69 99 83 92 20 44 74 36 8 69 69 65 1 37 91 12 82 58 97 31 19 76 0 47 37 62 21 83 47 99 10 45 83 56 15 66 53 32 64 2 10 15 83 13 28 42 69 33 62 59 93 29 72 80 15 65 56 33 49 57 84 97 35 53 88 23 44 18 79 75 44 12 86 73 57 20 8 45 33
91 77 64 69 66 82 55 19 6 87 59 29 26 13 21 82 34 9 33 99 26 9 75 32 15 79 38 34 92 11 83 82 24 57 69 2 39 41 18 32 14 15 37 39 99 13 83 89 25 61 66 90 25 10 40 67 32 55 58 93 13 36 91 47 54 8 11 94 45 11 96 4 76 60 70 5 10 40 40 9 21 70 46 48 97 90 94 76 3 81 45 41 44 61 8 13 36 37 85 25
81 30 39 92 75 60 87 22 25 87 22 49 29 13 70 95 90 23 1 76 53 19 5 42 39 19 12 75 29 5 78 31 78 44 67 74 77 78 85 83 75 76 75 32 61 78 59 35 54 93 24 87 87 46 96 60 96 95 87 9 1 3 35 15 48 63 29 76 31 43 2 45 16 65 37 92 45 63 28 74 7 58 0 84 6 4 8 38 25 55 0 79 46 62 47 67 62 44 99 37
99 4 10 11 13 88 33 80 58 87 97 56 24 49 44 63 50 70 76 94 47 94 15 63 42 74 64 30 54 95 94 85 17 15 36 44 47 19 2 9 93 29 7 37 56 84 81 36 69 54 5 44 12 12 30 1 19 49 33 71 48 8 10 48 71 48 5 99 50 60 38 17 42 99 77 74 63 17 99 58 11 23 31 52 49 12 34 74 58 92 64 90 12 14 95 89 4 24 9 92
62 47 72 56 10 24 78 41 86 4 26 61 45 42 2 0 32 28 92 7 21 8 14 48 30 67 34 60 45 73 4 75 19 99 59 4 49 67 34 75 34 95 36 38 2 52 86 93 81 74 60 93 95 27 4 23 11 46 71 86 68 19 28 57 55 68 11 8 26 66 46 41 96 58 77 26 43 64 3 77 82 17 15 48 67 61 56 90 14 89 48 75 69 92 47 36 43 38 36 45
1 98 46 23 85 17 25 34 52 82 82 90 32 82 18 83 27 78 55 23 97 52 71 48 76 57 23 56 47 29 19 12 45 76 73 46 4 25 66 87 54 49 41 32 11 71 98 9 88 10 41 31 1 84 2 0 72 78 9 2 11 39 11 41 78 57 70 13 29 58 94 94 60 21 98 72 77 18 63 65 38 77 20 4 47 39 78 80 60 1 69 2 65 5 61 37 23 87 13 74
34 30 45 47 31 61 1 60 89 61 35 64 11 42 1 0 66 5 48 1 36 62 23 69 57 94 55 45 2 66 61 20 21 40 49 37 74 63 84 86 53 45 11 76 91 91 61 47 51 59 42 71 97 25 17 62 18 9 95 35 43 41 34 98 91 41 11 3 62 99 52 46 91 45 46 26 34 31 36 74 33 51 64 52 75 37 16 65 38 32 95 17 15 14 10 56 32 32 10 3
72 89 85 45 40 15 68 22 17 26 29 62 86 11 5 44 86 18 24 9 79 86 1 84 94 95 52 7 37 77 36 6 56 3 73 19 72 66 6 6 11 43 51 30 53 74 87 91 17 65 29 98 8 19 44 72 50 54 61 24 36 52 35 14 35 75 71 84 39 64 57 29 84 33 88 33 99 46 28 16 26 88 75 76 58 22 7 50 55 24 51 54 72 10 95 7 14 56 82 8
46 58 68 58 22 35 82 99 86 76 36 75 78 72 51 11 6 63 28 37 21 9 49 66 80 75 46 16 30 87 64 11 48 25 46 97 81 4 50 76 81 71 22 44 95 61 18 7 86 48 18 35 63 27 21 12 12 65 93 15 14 90 64 89 67 50 96 41 57 64 20 20 76 19 45 27 42 62 45 38 22 14 14 1 88 75 23 23 67 32 65 43 87 94 71 61 43 23 77 53
92 83 95 91 47 50 75 84 28 88 88 12 86 37 47 31 1 22 78 24 64 30 96 48 80 82 0 44 2 65 92 65 91 83 43 91 29 20 89 95 40 11 76 53 84 72 41 74 46 23 74 80 29 13 32 61 74 62 3 50 54 81 93 5 78 63 7 13 15 10 81 40 95 48 36 18 60 14 37 74 68 58 96 60 9 51 56 88 70 65 93 10 13 29 22 48 64 53 45 24
92 63 11 5 25 74 37 26 34 87 42 32 97 3 67 29 13 73 42 30 80 65 11 25 43 25 67 94 52 93 95 68 82 38 65 18 78 49 59 25 58 55 96 96 63 14 34 67 77 40 38 32 47 27 98 36 32 67 49 67 58 37 61 97 31 95 52 8 53 87 84 75 2 62 77 76 30 48 62 11 52 34 67 49 88 81 12 23 84 84 30 47 60 80 27 26 3 94 16 82
51 31 23 58 62 91 20 81 60 1 65 24 23 79 54 45 60 15 50 31 42 13 53 15 74 10 96 10 11 33 79 40 60 72 55 18 92 56 62 84 98 76 52 81 45 85 87 12 57 0 14 17 38 96 98 33 54 90 54 51 69 3 10 2 57 73 98 18 64 12 23 14 87 69 5 93 11 18 86 16 24 37 90 22 56 9 68 46 15 58 55 31 70 66 11 71 41 38 5 29
51 91 93 64 0 91 81 49 38 91 18 65 0 27 51 74 35 9 1 10 79 55 39 59 87 67 41 12 86 91 81 39 39 68 65 36 5 5 36 77 87 85 15 8 91 68 96 6 89 10 5 40 56 82 68 58 0 59 50 62 26 86 32 90 55 48 76 4 52 91 79 43 98 92 39 53 59 81 2 8 51 84 14 86 40 74 89 66 54 64 50 61 55 44 27 37 31 76 82 0
85 40 42 66 60 83 51 14 39 51 10 0 44 86 80 43 31 4 22 66 26 52 7 13 61 10 3 40 83 77 57 30 74 68 88 58 95 5 22 78 86 3 27 30 82 1 79 66 89 15 77 44 39 51 52 65 82 38 75 67 24 19 11 17 85 54 30 95 79 96 58 5 40 98 65 98 85 24 46 31 5 67 86 63 81 71 31 19 84 2 86 36 94 97 46 57 59 10 89 7
77 32 57 47 20 56 91 4 29 57 38 7 1 20 74 74 60 69 62 61 69 27 77 73 23 51 19 17 30 71 63 96 10 92 86 91 43 99 15 22 16 35 16 58 54 37 40 42 85 24 37 24 4 53 76 99 10 98 49 42 59 8 33 79 48 58 84 32 65 29 94 99 71 75 59 72 48 8 76 0 63 45 27 64 77 16 26 42 34 0 33 97 93 71 85 52 18 27 95 67
52 20 63 77 60 53 95 9 44 10 2 33 27 5 34 73 79 59 22 71 89 47 96 35 57 54 64 88 50 59 19 16 70 41 96 42 43 4 65 82 82 78 33 78 95 94 51 12 6 66 86 60 39 73 64 77 64 88 50 48 40 45 89 68 5 7 86 0 38 42 5 54 6 13 61 59 38 2 55 65 93 22 57 69 6 89 64 36 50 51 55 29 38 0 80 52 4 44 51 71
20 20 61 69 11 10 76 35 90 25 24 26 69 96 17 60 75 53 42 50 38 15 53 26 67 84 35 27 47 91 67 18 44 95 18 2 20 8 98 88 71 96 81 5 37 53 27 31 31 51 13 48 23 8 28 29 58 43 20 12 36 23 28 90 87 35 65 33 79 71 45 18 42 41 53 62 78 87 4 79 14 12 36 38 87 6 52 36 20 79 1 21 15 91 23 0 25 39 79 52
86 92 19 83 80 63 72 61 84 78 14 81 6 45 8 25 32 50 86 0 26 45 52 42 13 3 46 20 24 94 33 86 40 18 20 47 83 45 84 60 13 82 88 10 38 3 89 45 43 82 3 93 29 62 78 27 12 15 28 6 62 41 35 49 9 6 82 62 97 83 96 12 69 37 72 70 24 70 49 33 76 17 42 97 5 66 76 15 38 53 95 50 79 82 86 17 40 98 43 72
65 41 37 3 7 95 90 55 20 72 41 8 69 29 83 25 12 72 9 77 84 63 49 47 42 4 67 34 72 31 25 44 11 35 54 5 66 89 47 37 6 17 0 93 79 69 46 62 86 70 12 84 49 83 73 98 49 26 45 36 94 56 53 21 34 37 28 65 21 8 42 77 99 57 62 51 45 5 20 31 52 48 19 8 4 35 67 32 42 78 13 1 14 98 92 4 45 8 12 7
68 16 13 60 82 73 15 47 70 89 12 87 64 28 21 35 93 53 4 56 59 99 49 29 63 31 10 57 10 51 2 68 23 78 12 57 63 91 74 40 40 44 22 31 73 42 41 18 44 26 10 25 2 60 0 44 14 85 66 31 36 97 25 56 61 26 94 8 64 19 70 97 55 84 47 58 14 20 41 41 12 74 73 45 36 19 93 15 36 69 25 29 65 10 58 32 65 39 38 41
22 8 85 33 95 54 4 20 23 16 47 18 54 39 77 94 7 93 70 16 63 27 93 75 10 14 68 18 9 54 93 96 29 39 87 71 2 93 81 18 74 42 7 12 14 12 55 71 92 58 50 96 1 17 86 27 1 56 79 31 62 3 48 98 88 41 14 36 96 27 16 21 48 47 71 82 45 78 72 70 65 76 9 82 44 12 11 2 64 82 64 38 24 68 24 36 96 20 64 67
12 84 93 9 20 4 88 52 52 88 36 77 98 43 99 9 30 31 88 33 27 48 59 43 72 68 96 74 54 30 22 55 58 35 71 39 74 31 44 7 60 58 25 96 81 65 75 67 12 88 79 49 41 47 10 93 51 69 37 91 2 56 3 9 5 61 37 36 44 37 7 12 6 87 48 95 66 57 60 81 55 76 61 77 40 68 31 8 70 17 85 38 73 25 33 47 98 40 76 13
79 85 15 59 59 7 25 80 41 71 26 13 68 66 5 74 11 75 6 44 42 97 44 29 82 49 38 4 91 67 76 11 32 94 74 38 60 54 95 98 24 43 10 84 44 35 97 85 1 18 97 74 30 22 96 45 32 84 72 77 14 91 54 69 77 50 86 31 92 66 48 51 85 70 47 32 41 22 72 14 44 57 87 93 36 34 53 76 47 18 63 87 54 85 5 13 46 56 11 32
75 3 80 56 94 10 25 84 80 5 80 37 12 27 52 56 0 48 19 80 34 83 86 69 68 32 78 75 96 95 35 93 79 96 81 9 89 5 80 59 67 2 71 30 95 13 45 32 36 4 92 69 63 94 61 84 24 44 81 36 97 30 84 97 74 18 34 89 73 33 98 95 43 3 12 21 98 58 17 88 83 56 77 18 76 13 75 59 57 2 99 92 50 18 45 48 90 80 55 79
39 83 53 3 61 22 23 71 77 94 59 98 88 80 37 5 24 31 31 55 61 21 51 46 24 57 27 97 16 54 44 16 10 56 69 37 82 72 42 80 81 2 65 75 13 6 57 72 23 87 18 49 96 40 67 27 24 53 35 83 18 22 71 65 14 87 4 3 2 73 11 16 40 86 27 27 60 83 43 4 38 2 15 55 29 41 82 32 77 14 75 7 77 45 81 15 81 98 58 82
98 79 94 70 60 88 49 44 33 58 37 49 92 43 5 58 94 86 69 90 49 70 84 23 63 59 28 5 61 72 12 80 6 27 9 35 53 12 89 4 16 90 67 50 0 8 31 83 77 85 85 59 87 15 85 64 25 1 30 70 73 54 87 11 18 21 96 12 90 85 28 3 77 80 14 5 27 43 61 79 33 86 50 40 80 78 63 82 8 54 51 18 73 73 27 90 8 33 6 39
76 37 58 20 0 33 4 54 71 77 94 37 16 91 46 22 52 15 72 24 99 18 13 26 56 97 12 67 79 30 8 46 57 4 1 90 41 45 33 92 75 84 77 28 47 95 44 46 75 30 61 21 94 7 21 64 69 3 94 76 38 28 37 34 43 67 48 22 9 6 8 2 56 71 52 67 96 56 54 0 10 16 31 14 90 74 24 43 65 83 51 9 99 72 49 81 61 1 29 25
69 39 15 17 69 91 35 1 97 80 1 34 72 26 13 96 4 54 99 91 70 63 82 23 0 35 13 72 36 59 0 68 75 62 21 8 84 84 6 25 84 41 28 6 20 67 70 84 14 38 53 50 79 56 9 62 59 51 24 53 90 80 65 66 25 64 84 93 3 31 40 22 52 21 18 45 69 15 28 14 34 71 59 96 78 37 16 11 47 66 43 9 69 17 13 81 40 23 5 71
84 50 45 24 45 73 47 45 37 65 32 61 96 70 12 94 93 45 8 72 83 15 56 73 98 97 85 61 74 35 95 90 9 5 45 2 67 17 61 83 2 97 20 86 78 77 12 67 56 4 0 66 65 29 68 51 58 0 69 97 38 79 69 25 63 44 70 84 18 50 76 61 95 66 30 2 42 24 70 98 5 75 19 60 13 58 12 83 88 65 13 3 60 93 65 93 40 61 83 89
59 90 1 72 18 29 31 77 3 38 39 49 2 33 48 17 46 28 88 15 9 23 66 26 67 93 93 90 85 85 24 93 95 40 94 95 80 80 71 47 22 54 74 12 85 63 81 74 85 20 30 10 83 52 49 79 85 99 98 50 43 91 88 20 89 83 35 8 62 27 64 65 26 70 13 85 32 90 12 44 70 68 88 75 86 60 40 97 74 2 61 31 51 39 19 53 97 89 27 36
10 78 85 72 47 14 82 65 62 25 39 42 15 93 48 17 11 89 98 25 82 42 13 29 40 36 32 77 34 67 20 13 48 67 8 89 94 42 31 78 55 43 8 36 79 54 66 21 97 48 98 19 27 23 86 8 73 24 64 38 55 21 67 76 16 94 53 42 44 61 88 20 95 80 66 25 69 26 33 56 79 70 0 82 1 42 77 68 3 90 46 38 72 45 95 85 39 93 69 4
62 77 43 39 49 60 49 41 59 1 64 6 67 91 43 26 0 53 43 27 55 9 96 44 86 40 9 60 14 29 36 65 40 62 53 27 55 48 93 73 44 22 9 23 50 57 56 46 82 50 24 31 37 1 51 31 54 53 16 55 27 15 94 33 70 57 77 45 46 18 67 20 14 31 94 7 20 59 4 37 44 76 88 96 72 23 5 44 72 40 76 42 91 55 0 46 33 92 30 74
99 60 36 72 50 48 84 11 27 83 53 21 32 56 94 60 55 77 87 88 88 62 78 37 10 14 4 23 21 29 68 85 4 1 44 2 50 79 68 70 55 97 63 7 69 61 96 77 43 52 61 41 39 98 43 36 74 13 51 35 77 41 94 42 56 56 26 3 80 35 77 59 24 53 1 73 9 87 53 26 57 86 41 96 12 85 47 85 69 47 16 96 63 3 89 20 86 5 42 33
46 95 22 69 22 23 86 76 22 70 83 42 17 48 46 20 33 86 73 71 17 25 54 87 55 16 71 58 97 90 38 94 96 78 52 13 50 50 53 84 94 15 24 85 5 60 71 51 75 77 87 41 46 47 79 1 60 57 75 32 43 43 29 33 39 50 49 56 6 34 45 30 64 59 36 21 43 27 82 2 0 68 38 43 74 88 68 11 59 44 63 49 18 34 13 69 2 46 37 70
83 37 34 3 73 54 15 32 7 1 41 11 15 38 86 93 26 28 94 69 76 40 53 79 84 46 4 46 97 33 24 15 99 10 53 47 49 79 41 57 55 73 53 97 64 7 51 67 76 84 74 24 70 73 80 93 13 78 94 7 26 79 61 40 50 58 73 1 11 71 47 50 90 81 42 52 36 20 90 23 9 88 50 67 53 78 72 47 61 66 34 98 0 62 34 16 83 14 88 53
1 85 12 63 44 47 42 57 3 68 94 35 14 77 96 4 33 79 64 72 60 36 49 92 94 95 76 90 5 47 31 24 37 82 83 65 83 45 27 16 85 24 23 67 95 12 44 48 84 74 27 5 45 80 72 43 16 81 6 66 4 95 20 76 95 33 17 70 43 82 52 28 30 16 45 62 13 23 39 43 37 66 23 29 93 50 2 64 11 90 89 7 8 22 23 45 15 59 54 2
89 15 33 68 34 9 21 61 54 76 16 6 98 9 91 55 2 93 92 23 82 65 31 66 54 96 46 99 31 86 9 81 97 89 37 7 70 27 4 44 13 67 9 1 92 73 51 15 82 90 58 77 39 44 86 42 0 98 53 18 26 32 91 34 67 96 13 48 56 91 60 98 14 46 74 31 31 51 40 89 76 41 15 17 78 23 99 59 44 52 8 9 15 16 50 28 50 64 31 90
37 85 27 10 45 51 47 59 7 72 63 49 9 58 35 49 74 23 65 69 85 83 40 31 46 93 47 37 11 72 63 22 0 48 82 82 28 86 22 57 10 54 83 38 59 95 35 95 10 3 21 86 90 96 32 57 36 11 45 21 14 85 75 29 12 88 48 76 8 12 53 71 71 73 21 65 51 93 88 17 24 82 60 36 5 84 43 58 22 97 32 43 26 18 51 39 77 23 21 78
64 62 87 21 30 62 92 29 79 61 52 72 85 93 64 40 81 60 45 6 45 70 64 1 54 21 43 83 26 49 13 95 52 90 16 18 28 30 61 69 54 72 40 86 89 66 72 18 22 10 93 13 52 68 36 93 5 95 42 83 29 28 36 67 71 38 53 12 29 13 25 35 72 89 96 59 88 25 69 18 67 80 14 85 32 15 75 97 65 28 75 71 31 3 1 14 51 29 41 60
56 42 21 90 12 14 10 88 36 19 96 71 91 75 22 5 64 0 59 90 12 59 30 24 13 43 39 99 68 86 80 26 67 41 58 30 59 68 55 20 65 76 90 73 31 98 65 44 4 90 67 76 48 61 1 28 81 6 58 24 84 79 80 93 44 53 72 35 46 84 40 31 82 80 48 85 41 1 86 88 89 61 41 53 55 60 64 71 77 26 17 45 14 87 40 18 10 80 12 42
29 37 6 22 95 75 14 68 68 67 17 4 66 61 85 96 86 69 71 54 14 38 25 16 12 0 55 95 73 61 43 41 81 93 24 52 65 92 95 35 54 19 96 16 48 94 84 69 67 49 77 30 41 10 68 53 91 33 42 56 98 66 82 4 15 84 41 87 74 3 94 31 65 50 7 16 96 27 51 60 31 2 83 70 25 12 60 31 57 69 93 87 93 17 51 28 26 6 34 75
30 1 81 38 42 78 48 95 21 26 90 46 81 78 13 52 68 8 21 97 80 31 59 75 32 40 64 11 69 49 97 50 88 98 75 5 79 29 21 5 22 16 98 71 71 15 9 71 43 69 74 16 79 75 48 79 98 31 28 51 49 41 52 58 1 61 60 3 24 42 50 37 31 64 79 67 14 4 56 86 52 18 74 35 41 7 58 27 47 55 82 70 46 29 82 7 94 57 22 4
11 1 19 33 4 90 93 81 17 70 27 78 17 89 55 76 56 28 30 31 8 70 49 58 59 74 94 48 62 38 16 86 6 94 46 14 20 1 23 43 39 92 59 39 88 24 12 56 87 6 27 38 94 72 20 53 78 80 3 71 98 39 49 63 90 89 65 43 12 51 70 48 76 37 46 90 84 86 95 25 58 64 38 97 48 68 62 36 81 41 41 36 36 11 99 41 58 45 50 7
26 23 73 67 66 21 69 18 53 0 41 39 67 1 5 58 12 71 47 54 52 20 96 24 32 70 47 94 47 39 54 21 98 41 55 86 30 0 36 40 58 19 21 44 31 40 82 86 20 25 13 70 34 43 68 11 60 77 48 74 92 28 73 65 64 4 88 63 21 82 60 94 87 13 17 3 43 90 8 15 14 48 44 36 91 31 55 71 35 42 12 37 97 25 41 41 84 46 93 20
16 60 54 48 96 88 22 30 70 46 15 11 88 10 78 92 12 47 66 6 65 51 22 99 43 9 47 54 3 17 59 46 20 83 56 48 65 25 68 61 63 2 56 71 58 22 37 90 29 67 55 93 26 21 71 16 12 53 71 24 29 98 82 40 3 36 75 72 87 45 76 48 0 1 60 43 53 65 88 39 61 90 79 62 56 75 26 87 41 85 57 12 42 32 42 68 54 56 63 27
80 0 31 73 48 0 7 70 32 34 21 84 91 51 86 98 86 49 15 87 2 65 1 87 18 83 93 51 70 70 16 59 24 89 82 91 54 63 37 63 29 9 58 0 56 82 25 70 85 15 42 20 97 91 68 1 91 22 84 75 60 56 94 96 21 0 70 98 62 83 77 95 23 55 87 18 71 81 79 79 35 42 24 98 94 37 35 0 31 36 5 29 83 30 70 7 83 74 81 24
50 24 93 19 27 40 16 73 77 12 27 34 34 67 54 47 73 0 54 59 48 63 52 62 3 62 1 94 47 96 14 50 95 91 74 19 7 86 56 78 10 33 30 60 12 2 92 36 9 90 49 37 27 52 29 74 76 12 28 7 4 11 92 46 68 22 30 74 26 38 29 20 95 44 40 17 91 60 77 33 67 28 26 59 78 43 60 22 55 88 98 82 69 66 78 47 41 8 26 59
14 62 1 86 73 64 36 57 50 11 63 83 39 85 19 27 20 84 39 60 26 43 12 5 64 73 34 36 32 36 31 63 58 69 35 13 41 29 83 97 29 59 87 15 87 35 56 53 87 58 96 99 69 78 95 1 29 0 93 69 71 62 4 32 19 56 79 57 28 16 18 25 54 43 52 70 28 34 49 13 57 48 96 92 34 87 99 50 61 92 59 10 85 96 91 43 80 87 67 96
89 99 61 20 84 68 46 55 31 30 12 33 8 19 54 46 61 14 21 22 73 4 37 6 19 31 57 0 9 80 56 49 25 18 49 13 84 58 76 27 48 95 1 97 97 26 83 58 1 45 53 48 86 71 77 73 68 80 41 51 57 38 82 30 34 80 98 54 31 33 34 91 63 77 81 80 70 54 59 74 86 16 54 1 35 99 58 16 52 47 34 34 69 89 40 18 74 88 85 20
28 13 83 38 75 83 20 2 87 71 24 79 6 58 49 17 8 79 84 72 98 22 83 50 37 63 92 54 68 87 61 39 64 45 73 93 95 89 0 18 83 15 96 4 19 50 51 30 10 29 9 75 57 97 18 57 56 86 2 69 20 39 88 43 81 60 77 97 74 67 65 19 44 5 21 67 85 13 7 39 46 60 91 50 45 13 9 89 30 2 88 30 62 29 94 43 76 45 58 13
60 42 83 69 15 74 37 26 28 23 74 94 36 63 68 30 9 26 47 3 79 22 11 13 26 81 61 34 26 51 51 54 70 76 37 61 29 27 75 75 12 45 13 12 49 32 54 98 14 3 39 51 88 94 73 2 39 15 39 17 34 22 84 41 95 72 46 2 65 30 72 46 57 96 17 18 69 96 72 54 59 40 49 71 74 2 58 15 47 21 73 52 8 44 10 76 29 3 4 19
28 15 21 51 70 36 53 5 78 92 99 8 18 6 41 11 79 84 84 48 56 57 70 40 57 25 74 56 16 76 43 91 50 16 35 42 2 78 38 27 67 53 44 97 4 13 66 73 88 85 87 52 10 73 82 16 17 99 1 95 36 5 32 11 27 28 48 93 35 26 37 10 76 21 50 28 59 5 62 84 71 23 26 30 80 66 18 83 98 55 8 82 98 22 86 64 73 94 31 16
89 37 84 95 58 94 19 43 71 84 85 91 52 91 19 62 92 53 74 58 61 87 44 61 75 8 14 38 96 10 36 96 54 9 31 96 56 84 62 14 8 48 60 82 2 75 96 53 68 67 0 53 16 77 51 36 52 48 78 58 9 63 67 50 53 95 20 98 28 14 76 57 91 65 62 30 59 1 85 2 0 89 80 76 48 93 55 99 4 12 93 38 59 91 75 14 20 40 81 61
71 32 43 80 78 60 23 65 68 13 14 10 44 92 47 53 61 21 79 87 1 63 38 73 81 64 78 55 15 40 55 68 93 49 60 45 80 42 55 68 48 62 49 96 43 20 13 86 61 16 80 59 33 89 99 36 80 95 3 5 52 36 43 85 95 10 86 59 5 40 8 94 91 32 48 45 75 86 32 28 47 82 11 5 64 57 33 23 36 77 57 25 61 22 76 49 83 78 18 0
17 79 49 14 75 88 42 89 19 0 88 81 40 74 15 70 7 93 65 99 35 38 24 89 72 82 14 85 3 57 94 48 29 66 62 88 7 44 46 97 55 15 0 26 32 26 33 16 28 95 1 90 25 30 81 95 20 58 70 43 11 26 19 62 18 19 83 57 94 65 85 5 85 3 60 74 57 5 44 94 77 56 69 88 95 34 44 1 85 31 56 66 47 10 14 64 66 0 49 69
35 84 60 59 77 60 92 44 96 91 29 54 31 28 85 80 81 99 39 86 42 38 55 72 60 66 90 65 21 90 82 21 37 54 20 93 39 24 41 61 95 76 60 75 84 97 49 13 99 98 95 40 55 8 23 76 34 5 56 0 91 85 86 26 61 15 78 27 14 29 77 87 19 96 9 17 37 94 56 71 97 13 64 66 77 25 7 23 56 25 37 97 57 8 83 17 89 93 36 87
0 81 36 69 25 80 94 0 34 22 40 85 38 46 65 27 87 15 96 57 4 84 31 73 14 58 62 58 15 26 49 58 97 55 78 17 60 34 35 14 13 16 43 68 3 54 56 97 50 59 90 7 51 84 79 46 35 77 63 98 68 2 1 53 80 23 70 7 87 39 46 44 79 25 0 68 27 4 25 55 98 32 3 1 10 94 71 81 59 44 74 34 49 41 14 18 93 1 1 7
