100 100
56 39 18 29 80 36 24 65 84 88 0 91 59 85 31 84 43 27 58 18 89 67 20 94 57 79 34 55 42 21 1 44 61 9 89 16 55 55 81 12 67 58 4 73 26 17 88 75 13 48 25 58 46 79 21 92 97 24 28 58 69 25 87 94 15 4 67 70 41 24 28 67 31 60 93 40 64 14 29 56 58 35 83 25 38 31 41 47 39 88 11 35 27 72 0 93 32 7 48 50
38 60 1 97 56 42 68 11 92 52 54 57 60 49 11 47 57 22 47 47 90 27 16 75 48 97 86 97 2 22 29 76 16 27 83 67 25 99 59 57 90 22 16 52 68 30 17 38 46 96 83 67 56 31 85 21 2 76 23 73 93 49 75 33 78 93 74 70 22 1 93 63 60 47 92 53 24 91 20 13 59 16 54 7 61 65 56 46 68 58 12 1 74 89 5 3 32 12 84 84
71 53 92 14 7 11 83 15 87 28 43 30 57 54 25 69 91 47 65 49 29 9 82 0 64 75 6 14 94 32 44 58 86 84 90 6 50 30 31 85 4 69 44 61 20 13 57 51 59 42 78 83 97 89 28 84 7 16 71 27 17 20 54 17 55 52 77 82 53 36 75 61 92 31 67 80 86 68 54 65 3 86 53 98 55 54 73 33 73 86 61 35 39 26 43 98 43 79 71 94
88 89 16 80 53 16 16 83 16 37 45 84 97 28 16 17 34 78 48 96 78 21 98 96 69 59 67 3 22 13 11 87 15 14 20 37 7 27 56 29 87 72 89 13 2 9 74 36 99 5 8 21 37 49 73 88 81 97 22 88 31 11 77 13 91 69 38 20 56 5 39 7 5 84 4 84 29 54 42 45 83 25 64 3 38 41 87 85 45 16 83 67 51 47 35 64 5 25 55 75
72 99 56 30 42 79 18 75 32 96 4 79 22 71 42 62 39 95 15 67 80 46 76 43 16 49 6 33 36 83 63 96 8 52 12 52 7 31 51 58 30 22 91 89 33 48 73 44 94 31 92 47 30 54 67 74 39 57 61 5 37 13 56 39 32 21 27 7 31 77 17 66 44 47 93 43 8 77 98 50 4 27 28 24 67 51 77 45 68 7 41 61 45 12 58 60 92 16 63 81
85 33 55 94 72 6 89 46 36 80 8 84 86 67 49 67 19 19 25 85 71 42 0 19 11 95 66 83 4 67 70 1 16 39 83 12 77 83 2 92 46 69 99 33 80 21 54 16 22 73 95 96 37 47 76 94 62 6 23 84 60 10 71 54 16 29 73 16 6 52 84 39 82 79 63 67 65 50 8 15 97 40 27 10 8 5 88 81 83 57 20 6 66 10 53 28 12 23 61 97
35 53 22 0 99 14 94 65 16 31 55 64 52 62 34 74 34 84 50 72 28 89 14 3 5 96 0 80 77 47 70 35 34 86 71 76 82 25 24 69 71 11 56 1 12 34 40 58 56 49 20 86 50 62 78 98 24 29 40 30 74 75 71 21 64 35 9 96 94 8 86 57 37 87 51 4 68 55 52 85 8 89 68 33 62 64 74 78 45 92 23 73 18 1 55 2 92 14 22 98
44 29 96 49 11 9 49 25 58 10 49 93 50 85 71 0 23 52 50 1 1 7 20 29 67 32 41 51 35 39 8 21 88 75 63 31 28 6 40 39 65 80 98 14 23 89 33 63 40 13 63 42 99 75 52 3 40 3 3 63 28 25 13 34 48 29 28 8 38 41 37 31 50 70 94 87 29 35 30 19 10 51 26 54 7 41 35 81 51 27 27 75 17 9 83 81 57 71 22 77
4 88 32 94 99 65 31 82 38 74 76 52 70 1 82 58 64 84 64 48 79 58 87 11 76 97 53 56 31 1 48 34 27 38 93 63 5 13 90 70 17 31 24 16 89 66 2 55 20 37 6 26 54 89 49 54 54 31 45 0 66 90 99 98 96 23 73 68 66 31 56 96 85 96 80 46 71 80 4 69 95 22 32 49 75 70 2 40 39 96 11 27 58 55 85 62 58 74 46 13
16 37 61 90 98 24 49 96 90 94 8 8 66 20 65 45 51 50 12 77 52 30 80 71 51 62 98 72 24 94 75 86 77 5 47 2 47 78 8 98 52 91 1 53 81 60 54 63 60 48 99 95 65 83 46 59 5 44 98 25 88 65 99 80 35 47 63 57 96 82 96 51 73 22 39 76 93 35 79 10 45 45 42 11 45 77 75 12 96 61 20 99 79 77 45 55 42 18 77 40
32 11 37 27 92 69 71 75 25 41 74 17 26 4 8 30 23 15 34 65 34 64 9 4 32 76 68 17 47 50 19 2 52 95 81 11 3 33 82 39 54 47 81 37 42 15 7 58 84 91 51 19 12 4 85 57 95 48 12 17 43 6 46 97 60 60 78 63 14 45 70 39 23 81 20 58 12 61 69 57 86 48 95 12 74 55 23 86 43 20 2 89 50 64 39 32 4 81 70 99
31 5 42 42 80 48 97 45 30 15 49 6 6 41 85 17 15 60 68 55 35 86 54 99 13 20 10 59 31 69 11 7 65 46 36 46 39 73 24 9 77 53 58 2 5 42 23 71 97 11 65 15 85 63 16 25 33 22 54 76 64 83 12 81 70 19 71 50 64 61 74 0 60 8 12 80 21 53 45 15 2 45 24 83 63 71 28 66 17 24 7 64 12 60 10 81 95 5 19 41
84 93 55 21 80 29 16 56 89 61 13 75 98 75 1 43 18 30 16 69 56 70 43 44 95 78 63 22 76 57 0 4 31 38 10 75 19 79 67 0 82 6 12 56 34 33 13 71 26 93 98 81 27 98 87 58 7 39 71 82 35 58 8 69 98 98 45 26 57 55 80 29 81 79 89 69 68 49 70 87 69 1 30 34 23 73 58 78 91 77 16 39 23 10 60 68 26 68 78 0
12 29 45 30 68 44 9 76 8 52 34 35 29 54 62 48 1 43 38 42 44 97 39 33 72 49 63 29 21 32 17 92 1 20 5 4 41 83 35 66 81 92 9 80 16 22 33 58 65 20 58 6 53 29 28 52 84 78 17 87 85 76 59 17 36 84 61 35 61 72 36 52 38 93 48 37 15 67 80 73 62 85 19 33 44 16 41 42 33 35 36 26 79 29 15 72 37 36 98 88
18 73 18 95 65 27 87 23 62 2 79 54 16 23 30 94 69 23 49 41 6 75 95 39 13 30 65 31 66 94 44 29 24 62 86 55 36 12 9 33 43 65 4 16 76 75 80 9 7 71 8 45 58 87 6 23 54 18 30 61 3 44 43 68 33 69 21 61 81 41 26 42 17 22 24 62 93 23 24 99 94 94 51 92 92 29 9 88 67 44 74 65 24 39 64 32 79 57 87 9
84 29 91 29 66 99 5 38 27 95 0 71 83 30 8 71 78 93 3 98 71 20 29 49 27 14 29 60 53 13 66 90 4 90 33 36 71 31 60 7 70 95 74 24 22 23 53 60 76 89 88 36 32 76 50 12 63 32 64 23 85 72 16 36 19 35 17 34 9 45 1 62 1 60 5 86 58 63 71 86 99 62 39 91 69 58 84 70 7 51 81 68 73 68 49 91 99 1 28 34
77 57 37 48 61 43 35 69 70 41 53 13 99 27 5 77 96 38 77 89 43 20 81 91 17 99 40 15 4 96 85 9 46 5 83 22 58 19 5 51 24 39 17 51 73 30 33 64 81 58 98 61 84 96 84 30 92 29 62 2 1 78 72 47 27 1 98 31 94 14 1 86 53 33 53 91 96 38 9 51 33 94 86 90 8 89 82 89 41 8 36 33 13 53 1 27 80 10 49 17
16 63 16 36 63 33 88 71 81 54 41 48 14 49 34 11 26 30 15 78 92 19 22 47 89 1 95 21 30 51 0 46 94 92 43 29 63 41 89 56 64 49 47 96 77 65 82 36 69 67 84 89 99 52 21 39 3 25 0 21 22 25 25 63 24 24 91 44 22 31 73 54 9 28 85 0 26 69 46 15 4 79 69 87 14 97 5 87 70 30 22 90 90 74 47 75 55 8 29 13
49 65 58 47 45 16 95 1 4 34 70 33 75 25 90 32 78 70 80 96 97 16 81 40 64 51 0 50 42 79 48 61 95 25 34 58 25 74 78 56 3 70 1 27 67 12 85 28 40 58 64 74 51 11 4 30 85 28 17 50 23 38 57 59 90 71 49 32 6 32 88 60 6 44 90 25 97 85 12 85 97 89 97 33 59 15 30 98 63 25 47 88 21 55 96 11 95 26 39 49
60 54 57 81 40 17 15 16 26 50 80 23 66 36 68 6 23 78 46 9 45 61 89 2 72 8 81 56 81 88 65 61 11 26 44 25 72 8 37 41 4 16 2 88 77 29 78 3 74 99 50 33 17 31 58 67 79 30 66 7 37 61 88 51 86 67 5 26 14 91 73 13 28 65 73 98 87 10 21 77 35 53 33 46 29 13 73 18 84 98 40 6 1 16 58 20 6 69 95 58
65 6 96 55 39 44 76 15 27 2 86 30 24 38 92 56 41 94 68 9 77 36 38 6 14 76 40 0 90 57 85 78 69 99 63 71 33 85 12 36 68 5 95 31 72 52 61 58 4 23 34 90 22 46 86 82 1 25 52 85 92 77 15 85 3 91 64 35 2 51 49 20 16 21 60 67 69 95 77 5 49 90 82 16 5 64 68 61 77 43 42 98 57 12 63 15 88 67 1 13
98 98 6 27 26 96 59 17 37 90 62 16 23 28 27 71 16 46 13 81 77 63 75 72 7 13 46 50 30 92 84 99 23 79 55 94 52 98 52 47 24 35 31 98 29 45 8 29 49 66 18 75 11 59 58 65 46 70 41 60 75 52 62 88 48 53 50 26 8 10 4 38 26 79 33 99 5 70 20 28 33 57 83 75 47 55 83 93 99 91 31 66 3 17 69 65 45 35 82 19
65 52 49 33 34 20 7 86 22 40 81 79 80 58 82 51 13 54 96 92 67 21 81 31 32 39 4 23 60 62 55 4 68 30 70 10 5 34 68 46 9 96 21 93 64 4 54 65 33 7 92 7 11 77 35 71 62 57 30 6 97 90 96 18 79 6 6 80 57 21 17 9 1 15 93 39 24 24 18 52 74 89 36 96 62 11 36 96 34 48 1 76 37 9 75 99 46 97 81 11
92 79 78 8 16 62 12 19 92 79 13 34 36 12 5 75 54 96 78 76 16 86 9 4 75 88 70 9 93 96 68 77 40 11 58 45 49 70 20 79 44 16 69 47 51 60 59 71 81 42 76 26 14 36 66 90 88 46 35 74 45 16 65 33 33 44 29 3 3 38 72 31 78 49 96 2 17 48 38 13 84 31 64 25 13 68 1 1 22 43 14 59 60 70 5 10 97 79 43 64
34 67 52 17 17 63 0 68 50 6 76 41 59 80 18 50 35 98 85 45 8 0 61 64 10 57 88 40 78 72 62 68 26 8 7 81 36 52 25 77 71 87 51 43 87 29 5 44 26 56 84 54 2 46 1 38 63 94 36 8 86 26 25 83 92 40 17 76 14 69 20 60 3 5 52 16 98 54 52 3 70 74 37 11 51 78 5 34 8 56 78 18 65 22 25 13 97 75 77 97
12 9 29 6 9 92 75 50 50 3 51 93 24 1 52 86 81 66 95 71 95 53 56 99 90 68 28 19 4 88 15 32 75 18 10 40 44 83 40 42 42 61 73 85 81 48 33 4 13 64 76 32 2 23 56 26 89 71 1 74 57 65 27 43 61 19 75 35 36 26 39 30 43 36 21 23 56 49 34 41 3 57 82 88 34 56 68 65 91 43 76 39 70 87 42 71 90 76 56 43
91 14 3 55 55 70 2 11 98 55 33 35 8 28 66 39 32 41 64 53 92 19 35 65 60 28 10 65 26 67 98 55 25 49 0 47 95 82 26 26 25 47 31 36 71 55 94 84 25 37 9 91 54 12 18 18 92 88 18 39 75 97 73 80 19 24 48 35 3 23 23 63 92 81 82 66 45 27 81 22 92 71 90 71 29 88 61 32 52 42 22 49 15 25 25 58 99 29 69 85
75 72 0 90 69 47 39 16 22 87 40 66 58 60 77 22 99 63 57 86 49 21 18 0 50 23 33 89 43 93 50 58 26 40 5 46 60 68 34 62 9 6 65 93 10 56 1 86 55 30 36 6 41 16 24 73 83 55 6 93 9 37 43 1 67 14 30 49 36 8 77 5 8 70 32 10 41 21 63 13 84 11 80 88 78 1 97 83 21 88 96 90 94 61 82 51 21 18 31 40
98 17 82 43 38 5 32 54 21 21 66 90 99 29 59 56 84 94 72 57 3 16 42 13 11 54 28 78 50 0 78 42 65 96 19 59 71 16 18 11 85 52 73 85 79 7 86 32 49 27 22 39 53 23 36 36 97 28 41 42 18 42 28 53 82 89 87 41 99 60 91 58 54 80 89 20 43 99 8 43 60 57 49 21 52 60 12 33 42 76 71 80 75 4 18 59 63 96 18 21
24 35 2 38 77 22 64 74 46 35 11 44 46 88 96 95 50 56 68 65 48 59 80 16 60 81 93 74 46 13 2 48 70 5 78 54 1 36 32 2 0 96 61 71 52 28 86 35 84 43 2 82 4 13 86 1 43 92 54 1 84 3 37 73 28 38 80 88 60 45 64 89 20 19 59 20 42 64 86 3 35 17 80 59 96 86 33 68 77 93 25 25 57 82 6 73 15 79 80 47
0 85 49 15 93 14 30 44 19 71 95 74 8 21 31 54 36 96 84 22 86 17 57 27 6 36 75 89 69 40 64 36 13 76 5 62 81 24 30 83 79 32 56 97 27 43 59 90 18 13 43 51 70 31 48 18 97 63 25 94 62 24 64 49 12 21 8 34 32 91 84 14 81 99 97 69 69 58 85 64 96 75 98 62 42 29 89 11 7 36 96 88 39 63 9 93 23 22 51 4
37 61 46 30 49 65 92 44 16 75 16 78 95 16 92 39 84 42 40 3 38 95 68 11 84 92 8 31 1 35 25 90 92 10 81 38 93 74 49 61 27 27 35 99 37 28 16 34 33 75 28 94 50 67 57 89 11 39 47 53 73 37 25 53 1 90 81 90 64 41 27 98 47 69 19 41 97 48 29 71 88 71 67 24 24 97 48 98 75 47 25 74 8 24 87 20 93 6 94 31
24 11 71 55 29 15 77 74 86 62 4 92 45 1 5 38 53 24 38 60 18 15 7 51 10 33 37 32 69 20 90 75 45 38 77 53 92 92 21 53 54 44 96 8 54 69 3 74 45 66 17 57 28 68 97 30 33 88 83 20 75 67 40 14 35 83 77 72 94 23 52 80 22 13 37 91 6 58 23 77 71 35 67 76 33 52 49 14 29 76 12 0 96 16 34 35 89 47 59 96
34 31 82 88 38 20 57 85 35 88 62 42 18 83 87 74 14 52 94 65 11 38 32 0 78 35 9 76 59 20 0 3 86 72 74 44 56 54 26 38 61 5 91 72 78 62 48 70 46 34 92 16 50 95 19 6 77 0 12 6 56 65 30 60 41 92 6 85 41 80 28 67 42 91 30 73 62 17 64 66 60 16 12 21 91 95 10 36 23 13 87 20 75 15 23 61 95 5 65 75
4 95 49 42 57 8 47 64 35 3 94 84 39 64 38 26 96 82 99 40 24 56 85 70 43 7 6 77 45 4 62 91 51 15 4 98 21 52 83 18 80 25 72 39 26 4 94 63 14 97 79 23 83 65 94 18 92 28 4 37 17 89 75 23 70 86 75 70 12 48 94 26 80 2 50 26 69 74 4 69 71 95 92 91 46 30 7 6 61 2 96 33 20 24 14 18 33 12 85 57
35 58 27 86 35 59 83 41 85 85 63 35 90 99 15 28 69 21 1 65 20 86 8 48 25 20 15 29 25 23 92 1 1 22 18 16 96 43 23 21 46 23 49 73 36 64 66 93 22 37 52 38 17 1 25 16 63 39 52 0 4 51 8 8 39 17 16 98 28 64 48 12 99 60 46 13 80 79 36 44 2 80 67 32 54 88 31 95 55 27 85 77 78 47 41 76 29 46 26 34
96 60 10 62 5 4 1 23 93 88 47 85 85 59 44 95 88 79 69 77 67 68 18 37 13 11 71 60 59 53 87 42 76 88 17 39 0 64 3 57 68 37 31 42 94 11 61 18 51 9 33 13 80 70 99 51 63 53 38 55 12 58 66 67 96 38 27 69 91 44 87 18 57 46 42 60 96 54 82 61 3 36 77 75 2 67 32 59 22 75 65 10 70 20 84 23 93 78 77 9
66 66 60 64 44 5 84 26 25 60 95 5 5 1 59 27 89 51 17 85 10 85 3 64 53 23 61 53 0 14 34 36 35 9 59 19 35 95 72 19 26 56 70 29 18 2 1 37 96 30 23 68 76 28 0 5 75 94 90 21 62 88 72 65 97 80 29 24 80 40 10 82 25 49 48 9 29 99 76 2 63 8 71 19 27 46 93 57 25 33 34 24 69 85 69 89 28 7 25 5
9 74 0 24 29 76 45 51 97 40 25 5 8 94 57 2 89 65 32 91 81 83 50 36 20 80 37 52 98 59 44 69 9 39 75 38 45 81 95 35 30 19 93 97 59 28 91 47 79 99 23 61 40 12 36 65 7 4 69 35 8 89 75 25 9 7 54 53 25 11 5 97 85 50 93 96 6 42 64 79 19 92 95 66 79 29 4 49 31 30 21 77 56 3 82 29 3 31 28 9
40 45 40 29 90 69 94 21 81 40 39 77 62 69 99 34 37 20 77 66 36 91 5 17 28 55 7 54 92 9 63 51 75 42 36 3 93 68 36 47 52 4 68 56 47 29 25 34 23 11 12 73 69 24 20 59 14 64 97 85 50 88 31 57 48 16 35 29 41 43 65 83 62 26 32 77 83 48 46 14 53 55 50 73 71 31 3 68 43 57 61 41 22 83 76 83 61 38 43 26
72 75 1 76 73 64 10 79 53 15 90 59 5 45 84 2 89 71 2 83 53 42 46 20 35 25 83 40 65 59 17 26 46 32 22 44 45 22 70 35 41 95 33 79 6 54 63 45 7 77 79 63 79 98 43 67 47 30 98 88 63 62 76 98 91 97 80 28 40 60 84 37 96 8 18 17 36 92 8 71 13 97 36 52 70 97 15 73 13 2 50 66 24 34 32 5 77 23 39 74
52 19 70 6 2 43 3 91 68 1 65 3 86 57 63 72 22 42 52 94 77 49 15 34 37 70 56 77 16 7 36 35 52 86 59 18 92 90 26 48 22 59 75 2 3 55 19 42 54 44 50 95 93 31 94 49 75 95 60 11 88 1 74 4 72 67 87 70 75 0 4 56 50 26 74 86 83 73 29 15 87 10 13 23 64 37 22 66 95 17 9 2 89 31 31 64 5 0 9 56
92 70 47 12 44 0 12 63 41 24 8 53 67 64 84 98 13 75 99 58 59 99 52 91 3 57 2 76 33 80 45 81 97 53 10 77 72 10 5 3 81 8 20 12 99 89 0 41 75 99 50 65 80 61 89 45 4 48 58 73 79 22 42 90 61 89 57 39 35 23 6 18 6 13 43 64 18 99 66 11 16 53 2 70 91 4 49 55 82 86 39 0 84 37 67 25 4 69 57 0
49 87 2 86 52 24 80 37 74 30 66 80 76 44 97 96 46 61 7 65 88 95 65 61 10 41 25 12 52 17 5 85 57 90 36 81 54 66 78 84 47 61 87 29 35 42 18 29 36 73 14 24 11 94 73 5 68 86 0 67 14 1 65 78 63 49 58 45 30 70 82 74 92 56 74 67 8 96 53 66 38 87 62 62 76 73 85 25 70 15 19 27 91 65 42 83 84 22 96 69
94 63 9 9 97 34 11 74 63 84 71 91 86 81 63 88 70 98 89 93 6 47 46 10 3 90 72 14 44 47 53 17 94 84 51 68 80 62 21 77 63 87 32 72 67 17 65 25 91 42 62 11 47 78 98 98 49 80 46 98 73 1 30 55 69 24 1 70 97 74 99 40 36 84 19 84 40 13 86 54 20 32 99 93 72 16 86 44 83 67 54 20 48 94 74 23 42 93 0 75
87 18 66 87 66 71 95 60 87 44 72 94 22 33 84 67 20 37 84 5 22 52 53 78 48 75 51 20 29 10 18 90 35 18 44 49 12 14 85 58 80 70 83 3 73 48 71 10 70 65 15 1 79 58 62 70 36 73 46 20 75 20 51 22 63 74 63 29 50 18 83 71 78 80 5 4 2 46 5 96 40 81 72 97 13 19 83 7 74 58 80 10 15 31 48 35 42 80 90 6
44 21 85 38 51 72 85 39 75 18 54 83 16 51 61 9 13 86 45 49 49 32 63 54 67 86 66 53 37 63 84 45 35 23 43 1 22 52 88 44 86 54 78 12 5 83 61 42 3 65 70 62 39 36 65 84 35 45 37 69 67 59 70 50 63 24 53 76 40 60 88 49 85 43 11 37 12 12 21 42 73 74 77 11 89 93 12 13 51 11 77 90 97 1 49 34 6 6 55 50
78 16 72 8 28 7 80 86 42 1 76 84 34 27 89 62 28 68 13 72 38 62 8 5 54 42 24 9 54 21 72 8 51 0 78 48 49 49 41 34 27 76 87 76 99 48 90 29 96 55 2 79 93 21 11 77 64 95 54 12 94 18 62 77 64 50 59 48 61 35 42 10 80 81 5 94 88 98 84 23 6 91 18 23 1 47 99 59 22 5 35 50 35 89 3 3 84 86 60 39
81 94 12 28 72 60 70 41 57 41 98 49 27 93 95 83 70 47 20 39 75 42 2 64 48 41 98 51 35 63 37 29 76 50 76 39 34 63 19 25 60 27 96 10 91 21 89 63 97 24 83 5 43 18 56 34 34 91 9 21 17 43 85 60 40 71 89 16 84 76 33 74 19 98 27 44 31 66 28 58 49 33 8 37 56 34 24 92 19 92 13 6 58 97 3 79 94 50 5 53
79 82 4 63 40 26 93 90 35 59 79 45 80 79 2 25 20 45 33 71 69 76 87 59 78 30 79 44 9 9 59 96 96 34 20 74 39 73 43 66 33 16 50 92 65 32 61 13 5 60 15 74 36 28 8 95 93 29 96 46 54 23 87 2 29 71 89 79 94 72 95 88 3 92 11 3 63 63 92 63 64 53 39 70 23 83 94 11 28 43 72 65 73 78 60 14 22 42 77 51
32 39 79 0 7 75 41 79 1 17 71 51 67 12 58 15 82 47 55 40 70 76 18 45 83 47 48 68 17 66 75 88 33 7 5 37 48 96 5 7 90 95 12 81 73 7 98 94 26 45 77 18 35 19 25 96 97 93 11 21 33 12 89 83 56 85 63 14 55 66 47 75 61 78 70 28 14 84 52 97 76 92 30 88 68 95 71 20 75 98 8 10 69 7 60 96 0 45 37 33
91 40 14 11 23 64 70 8 12 82 16 11 29 91 0 20 58 38 58 62 1 15 39 26 32 64 1 68 82 27 51 19 87 4 4 49 55 31 53 65 21 78 41 39 49 55 42 62 92 90 75 89 76 48 7 22 87 42 69 54 43 75 40 85 0 88 40 13 13 33 56 94 88 58 9 50 86 51 70 11 19 27 79 89 46 54 7 45 38 25 50 78 80 1 46 14 99 4 67 38
71 13 10 81 46 7 42 44 21 76 56 16 51 11 7 0 52 72 38 86 25 29 83 16 98 62 33 73 68 5 74 2 80 44 67 67 28 30 28 52 30 54 69 94 83 63 12 62 2 76 42 61 59 36 93 7 94 75 35 45 47 80 41 98 57 94 50 47 7 97 75 54 82 54 27 87 39 62 20 88 74 50 69 21 66 43 65 85 60 49 25 96 87 57 15 16 93 18 33 81
61 7 90 25 52 39 81 29 40 74 22 74 36 99 64 73 71 53 33 33 17 47 11 56 32 50 5 60 97 74 34 40 62 89 86 6 68 41 24 48 7 0 77 20 97 68 79 41 0 74 92 71 68 66 52 31 32 15 4 90 48 61 49 72 92 14 6 96 76 52 19 89 76 48 51 84 82 3 13 46 1 54 48 63 76 51 6 42 73 40 41 80 91 88 97 93 83 45 82 78
38 52 60 62 48 38 75 56 31 24 77 7 5 34 78 45 78 27 97 80 37 58 49 14 42 63 1 9 82 1 8 62 44 51 51 16 58 27 35 64 24 31 78 73 98 34 22 90 5 58 14 1 85 84 66 95 30 10 84 52 40 52 52 52 58 65 19 36 71 54 77 98 27 30 38 77 24 56 4 87 45 34 24 27 69 77 55 85 57 7 97 52 27 39 77 47 87 9 36 68
7 20 43 59 72 90 25 18 14 16 68 48 22 80 23 91 61 30 54 72 80 55 71 26 74 18 2 57 71 24 85 69 82 85 36 42 50 15 25 63 39 2 49 43 99 85 3 90 15 79 50 57 33 67 90 98 34 28 73 53 6 19 41 77 81 98 99 33 42 56 23 78 86 53 60 59 13 72 44 79 47 43 70 67 53 84 96 40 76 85 77 31 81 45 72 12 56 39 28 36
60 29 22 82 58 65 14 78 24 72 38 74 50 86 14 97 50 14 10 39 99 0 62 14 52 92 79 99 47 2 9 28 31 77 77 28 7 25 61 92 4 39 33 95 21 5 94 73 88 2 87 91 70 24 94 67 29 14 48 17 25 91 75 30 88 43 60 9 82 67 54 28 36 85 98 24 23 43 10 39 3 16 91 16 89 17 41 47 0 68 33 71 66 45 94 13 99 77 50 82
10 50 47 13 45 35 25 88 70 23 50 74 33 67 93 0 83 42 68 71 70 95 64 92 46 90 77 26 16 58 44 32 93 69 2 52 59 16 42 78 31 18 8 33 85 47 0 67 16 82 73 10 31 11 81 59 65 13 15 42 45 56 97 41 43 83 40 39 82 65 62 76 70 29 35 3 17 93 5 64 31 85 38 12 54 32 87 51 87 63 38 38 52 3 84 3 26 72 0 89
6 64 49 23 99 6 13 3 57 83 63 84 16 34 9 48 9 18 32 16 18 73 2 99 83 98 89 46 48 19 35 93 39 95 16 0 65 81 49 88 31 47 92 8 91 40 0 78 3 49 21 73 99 14 96 41 14 37 20 93 51 16 27 7 58 33 44 43 56 32 98 96 34 10 96 67 27 60 20 52 56 19 46 32 26 69 81 62 25 68 43 35 41 96 26 53 94 48 24 76
40 72 17 9 7 58 23 42 83 40 30 27 87 58 40 48 99 32 48 22 1 61 51 42 46 89 24 58 37 42 30 75 16 57 28 40 59 27 31 74 71 88 21 11 36 81 66 88 92 33 4 45 55 20 49 91 86 3 37 9 62 10 11 52 5 29 24 51 95 19 98 11 47 64 16 39 5 58 15 35 46 90 82 40 78 9 67 18 80 28 28 33 90 22 11 64 54 75 87 90
83 44 44 75 26 0 3 62 28 12 47 9 98 82 76 59 10 1 99 1 75 74 47 12 65 34 18 56 71 16 39 57 39 87 79 51 21 43 85 73 62 41 42 15 19 50 2 71 47 61 69 63 92 20 95 10 63 21 26 13 84 21 12 89 41 94 84 7 8 26 62 48 6 63 83 18 89 23 82 63 56 47 16 3 9 99 20 33 18 40 35 53 25 40 45 79 61 92 10 37
17 61 30 17 46 91 67 40 93 66 57 68 32 40 7 50 63 6 30 12 82 10 71 35 39 72 13 14 32 27 2 26 47 56 20 65 19 30 34 87 44 58 18 16 66 95 79 44 73 26 34 11 1 24 25 96 15 50 66 37 33 33 53 42 4 61 40 43 8 94 22 92 24 88 71 10 51 19 99 38 99 89 14 58 27 82 31 11 48 53 9 36 98 18 78 58 68 36 62 22
64 60 55 94 60 85 17 29 1 79 54 30 13 58 8 7 42 53 52 80 21 45 95 62 57 86 14 87 82 45 24 57 40 35 44 32 19 64 68 56 1 22 65 19 8 29 34 17 16 57 8 40 13 36 51 66 97 72 48 55 67 74 58 89 70 54 25 71 27 2 77 24 85 38 23 82 18 66 29 61 91 75 12 97 36 72 24 62 46 8 67 92 62 78 46 57 51 3 10 53
18 41 2 99 29 28 54 79 78 53 12 59 79 86 48 91 90 46 52 15 88 20 35 48 89 45 95 52 72 65 74 63 5 10 90 78 83 16 7 86 95 82 81 39 1 20 59 83 47 34 68 62 98 35 89 37 42 93 47 81 48 94 60 36 74 74 87 18 14 72 69 44 55 53 27 12 37 52 69 60 63 62 16 42 5 30 73 0 6 89 2 67 93 9 11 74 7 15 71 85
84 67 1 47 49 9 76 90 6 1 31 79 9 89 0 67 77 90 82 4 89 92 77 65 12 18 29 1 28 24 19 33 46 52 1 38 22 92 52 12 78 75 91 19 28 23 62 9 35 5 41 55 97 20 80 11 18 62 55 28 72 33 84 4 72 58 96 45 58 23 76 1 97 20 85 78 23 56 72 12 89 83 5 40 14 49 20 91 77 93 75 60 86 61 11 56 0 29 51 33
75 9 75 55 42 14 60 72 63 29 58 34 98 89 85 98 24 25 29 37 73 65 57 15 45 92 70 13 9 70 11 84 56 75 27 44 3 70 17 81 17 16 47 12 62 15 99 6 49 15 24 46 7 59 3 73 3 72 18 44 19 31 62 3 3 17 29 54 90 72 81 6 15 43 44 46 26 68 50 3 12 69 78 26 6 29 35 49 57 35 79 62 13 4 20 47 9 91 85 35
64 37 96 52 25 18 26 20 23 84 21 27 30 20 30 68 76 73 98 96 53 58 63 54 89 57 45 79 66 10 24 91 90 95 44 45 71 98 66 34 35 74 6 88 26 98 10 40 62 33 97 20 0 26 93 29 33 83 79 50 89 83 42 83 18 5 89 64 59 78 78 77 77 84 62 52 71 76 97 7 46 15 51 38 16 42 71 97 18 80 10 1 72 65 69 67 89 81 50 4
41 97 96 5 12 89 80 68 48 40 94 76 63 35 73 45 6 46 58 69 30 53 57 94 60 44 58 47 69 59 92 61 94 85 64 65 85 8 87 2 43 80 34 71 44 93 85 14 49 70 91 85 15 46 89 69 57 44 4 60 97 77 45 43 33 17 67 31 86 46 77 9 58 12 9 20 84 67 40 23 27 6 10 68 54 91 60 18 50 56 85 85 72 86 54 6 41 6 70 65
39 56 54 24 53 18 25 84 38 41 87 97 66 13 27 93 65 86 71 98 61 99 28 74 58 85 41 16 32 12 98 10 10 35 15 79 10 19 77 97 34 45 50 89 11 40 3 98 22 3 62 53 29 93 0 11 10 81 8 33 29 83 31 2 46 33 46 45 21 67 59 39 21 30 35 71 19 73 66 5 10 10 24 73 8 74 25 94 35 69 48 26 79 16 24 11 36 3 51 2
9 62 86 28 33 65 63 64 82 16 40 71 97 29 35 73 94 21 28 44 70 48 99 5 82 43 61 4 0 56 0 27 60 98 56 45 84 62 26 84 73 85 7 69 30 14 26 98 82 11 95 38 86 50 4 83 50 46 22 34 98 60 6 13 93 34 21 78 88 15 69 13 16 36 96 87 65 49 70 52 38 4 73 66 22 4 12 63 93 95 84 54 67 52 30 14 50 82 98 89
96 80 0 2 84 17 87 54 12 84 94 53 7 46 80 14 38 15 96 49 28 7 40 58 85 80 99 9 9 32 93 15 73 68 19 91 19 38 52 93 14 82 15 13 35 5 47 71 98 81 98 80 10 38 54 43 56 68 63 93 23 90 56 83 83 68 76 62 80 78 10 97 39 99 8 43 25 21 91 65 71 20 98 96 92 93 26 98 21 6 69 1 88 52 63 60 10 94 54 6
10 2 18 32 11 89 93 84 13 92 96 19 69 33 7 16 8 63 93 21 0 68 61 41 33 95 17 19 2 56 74 26 36 18 77 61 58 31 46 57 73 79 40 33 94 88 91 59 83 89 54 55 46 50 7 70 31 97 76 39 40 59 30 60 91 50 66 98 83 82 39 49 38 38 28 92 24 32 10 69 68 52 12 53 37 39 50 81 41 80 12 22 26 21 45 30 55 34 9 84
67 53 4 15 61 74 65 2 20 20 94 87 93 79 54 70 88 0 84 21 77 80 84 40 8 26 52 14 33 51 53 88 91 19 22 5 86 26 43 43 50 80 32 28 57 87 43 73 84 94 52 34 90 38 46 4 17 91 0 44 44 69 82 36 87 38 32 24 53 71 60 57 50 92 94 99 34 42 42 80 47 20 77 30 90 23 76 61 38 64 93 32 48 24 52 59 11 12 75 8
25 53 60 52 3 3 77 29 5 50 63 31 17 77 8 74 82 73 27 15 4 48 37 17 90 17 51 71 43 63 54 32 42 46 1 36 45 58 71 35 22 64 41 67 69 56 99 5 33 65 8 69 11 46 31 40 72 41 82 73 10 32 24 34 93 30 45 77 96 61 58 4 85 26 28 54 48 60 9 78 59 8 88 99 65 34 69 39 46 29 77 78 40 14 4 79 27 97 76 82
11 59 28 8 54 31 18 13 29 37 27 33 44 62 27 47 44 55 73 76 40 30 31 60 28 6 17 28 73 86 40 10 69 50 26 37 86 9 96 93 6 53 23 82 79 84 24 43 0 47 53 85 0 11 59 36 44 88 50 51 96 38 12 98 70 19 19 61 86 42 6 53 3 77 27 35 22 93 3 51 68 84 83 44 64 78 88 64 51 24 48 55 75 75 90 27 71 0 93 17
97 0 57 80 11 2 25 33 94 67 13 37 14 52 17 76 58 31 60 69 59 94 21 35 2 10 5 97 41 55 74 18 7 5 35 27 49 82 89 22 94 60 57 64 4 43 11 68 14 34 71 97 94 43 89 60 12 74 71 43 40 86 68 90 82 15 62 79 54 98 24 42 32 48 47 18 93 80 89 27 22 21 32 93 3 62 39 70 36 78 45 59 22 72 33 34 26 42 59 38
88 50 47 44 3 93 84 46 46 61 20 44 94 14 53 97 74 88 17 13 78 89 20 65 74 25 77 12 60 85 50 41 78 73 88 35 69 44 59 31 80 32 27 2 67 79 52 76 88 38 43 97 15 40 45 82 62 75 71 56 40 95 83 97 78 75 13 44 80 52 87 88 34 85 17 93 19 99 93 75 93 56 43 69 27 58 62 44 17 80 99 4 80 61 77 53 52 7 78 13
11 10 55 79 58 81 42 69 18 74 43 88 1 94 20 21 51 24 74 33 41 64 24 66 20 24 94 83 91 51 3 15 26 30 4 65 35 92 77 15 95 46 61 70 14 18 37 18 52 51 37 30 33 68 86 3 2 16 41 98 48 33 72 96 72 32 35 74 23 77 31 48 33 48 4 54 74 29 32 55 34 95 77 6 50 44 20 43 86 17 88 92 98 72 64 46 88 60 34 93
21 81 75 41 97 82 67 7 38 23 59 36 60 79 29 23 85 57 0 16 75 49 17 1 26 36 96 84 51 34 28 94 65 50 2 69 75 18 40 6 72 68 46 78 10 58 8 73 70 23 7 12 83 85 96 94 40 40 5 82 36 12 65 76 45 85 10 87 48 17 93 41 84 4 87 42 53 92 96 28 12 70 31 73 12 87 77 87 5 58 46 4 10 86 17 35 47 10 6 24
92 83 88 40 64 73 57 88 56 59 60 34 45 19 80 97 64 71 16 82 9 65 22 74 44 1 6 62 22 71 39 8 94 39 14 20 67 75 45 51 6 84 95 7 10 94 35 80 73 90 23 32 45 2 26 68 54 98 66 62 80 55 59 18 99 23 46 65 4 41 22 52 63 92 87 75 64 59 10 74 64 51 36 27 28 68 28 32 67 86 11 99 6 41 98 50 85 19 32 28
74 39 29 23 42 96 10 31 7 76 55 74 39 52 15 15 25 34 68 23 8 30 50 65 4 70 77 24 52 3 2 58 7 5 86 63 9 96 38 18 40 87 71 27 81 39 68 33 24 84 83 78 18 77 8 80 66 41 37 1 51 18 3 48 45 90 38 20 14 19 86 37 43 28 54 73 92 4 97 75 17 85 61 4 92 93 84 9 65 33 98 36 25 78 61 18 32 43 9 92
40 65 81 76 84 62 68 98 51 87 71 85 12 69 16 0 47 37 29 8 69 56 42 49 83 87 63 9 49 14 0 59 82 98 49 76 47 35 38 30 94 21 27 62 70 57 85 91 6 51 50 92 91 16 16 24 94 95 71 17 54 79 94 38 49 46 34 5 88 65 69 41 28 90 84 8 68 96 59 5 19 83 37 36 51 19 68 31 9 69 56 39 64 95 1 63 90 34 39 72
16 49 90 88 61 20 3 87 86 25 31 58 1 26 21 92 74 89 2 80 8 95 57 54 47 82 18 86 50 43 92 57 99 0 27 74 64 88 50 17 13 65 74 73 95 92 52 32 4 15 63 88 71 4 66 22 52 18 15 14 44 88 37 69 93 3 94 32 48 65 96 81 95 38 37 26 63 1 98 24 47 24 41 81 74 19 43 10 58 76 56 57 62 25 54 33 99 1 13 36
83 73 44 70 84 3 78 7 3 3 83 23 45 78 2 17 7 32 42 48 42 70 29 10 93 82 94 89 45 4 63 41 20 73 71 43 37 25 9 19 87 21 31 93 61 95 50 35 28 7 83 98 88 37 14 60 81 20 53 36 85 26 42 37 62 85 4 22 18 66 76 90 24 19 53 54 2 99 7 27 25 98 27 66 4 42 71 14 3 6 57 82 40 43 70 42 36 14 19 98
41 98 55 17 56 98 48 47 62 87 17 37 20 5 91 18 72 1 53 51 65 28 83 28 43 73 1 10 9 22 60 78 27 45 83 35 65 11 31 38 87 30 83 86 84 49 83 40 26 39 42 8 37 18 99 80 28 94 74 65 20 12 88 44 96 52 8 6 21 13 87 29 72 93 20 20 87 67 64 10 50 64 17 79 4 16 29 77 29 71 78 67 39 39 57 46 76 68 60 39
39 23 54 10 76 83 40 82 69 44 27 0 98 74 40 49 37 47 46 51 16 20 49 93 49 53 6 11 39 70 58 33 77 23 21 28 66 19 58 12 34 57 14 5 52 84 66 44 4 28 90 13 46 91 89 51 56 55 87 89 65 0 34 39 43 72 60 82 87 34 25 70 74 53 50 94 86 79 89 16 93 99 7 53 47 76 11 15 23 88 10 12 26 30 80 60 42 56 84 40
51 91 83 85 12 51 97 83 74 90 99 46 65 81 15 82 22 46 8 88 26 50 16 82 1 53 31 61 36 52 17 91 58 31 50 29 76 63 50 43 10 2 71 71 31 56 99 83 80 9 47 84 44 31 77 92 11 0 59 16 37 23 5 12 39 50 23 12 93 46 38 21 56 79 83 44 55 74 24 97 91 94 93 43 61 75 14 60 82 82 4 74 18 38 44 60 24 90 16 11
14 77 62 95 22 15 49 6 83 84 78 33 67 64 45 64 1 67 50 91 29 49 21 50 58 16 32 0 34 65 12 14 53 55 58 49 59 20 84 2 93 89 40 96 66 44 15 69 90 48 79 73 71 91 59 45 5 91 48 43 99 4 48 98 67 23 80 75 87 14 96 99 73 31 67 46 28 86 18 87 37 52 67 85 66 45 60 85 63 11 60 21 3 28 19 22 46 18 9 1
43 62 93 49 24 94 15 86 22 53 89 65 44 65 70 41 75 39 85 91 12 55 48 82 50 42 15 55 36 49 91 41 58 23 26 64 87 36 80 63 34 26 33 4 38 19 87 50 46 59 66 71 43 74 62 8 57 61 74 22 84 97 95 72 50 31 52 26 97 45 62 5 70 38 94 24 31 98 30 6 27 38 81 33 26 66 0 62 74 55 65 79 14 36 0 35 55 96 20 11
58 24 57 80 84 37 45 41 4 79 22 6 3 72 54 36 1 63 13 59 27 20 98 12 16 87 4 65 74 36 88 45 46 92 76 72 38 69 12 90 14 96 20 85 58 61 83 47 90 54 32 60 83 76 51 57 72 92 59 39 46 25 55 89 39 18 85 0 80 85 16 49 30 25 62 79 60 73 90 42 36 29 23 94 47 93 32 55 2 15 33 52 47 74 34 38 65 79 70 39
49 81 46 10 89 97 41 20 77 38 97 19 74 45 66 2 75 28 58 17 34 63 94 24 18 35 31 50 84 37 32 87 8 49 50 58 83 35 3 46 10 63 24 38 14 22 60 7 25 9 62 31 98 41 20 20 11 28 63 9 87 50 99 43 97 72 56 86 65 20 67 38 54 70 20 96 59 62 51 12 16 23 29 80 53 27 35 6 64 95 98 94 26 0 71 18 16 23 18 31
82 75 77 92 90 63 10 11 48 92 84 18 28 40 49 93 28 68 70 26 1 76 14 92 63 50 87 65 28 8 83 31 38 78 71 99 92 21 74 44 14 33 86 70 17 64 1 16 94 8 45 1 55 16 90 24 53 27 12 38 92 19 87 16 74 2 81 65 64 10 44 40 80 93 68 27 57 0 58 14 64 38 82 55 19 89 19 2 41 28 58 76 16 24 77 17 76 74 53 49
5 28 33 95 70 90 53 60 11 54 23 93 8 70 42 71 19 56 46 4 91 48 25 10 40 73 49 1 12 66 99 25 95 66 84 49 53 89 32 67 22 53 83 47 6 39 81 65 14 38 32 85 40 42 64 95 41 33 26 33 89 7 68 75 4 3 47 3 4 76 41 26 33 93 93 34 12 25 37 87 21 23 41 3 75 1 73 71 61 46 47 64 36 18 40 0 31 17 81 62
96 50 68 58 27 12 80 74 56 7 41 47 62 93 57 76 34 62 11 41 68 19 86 38 14 76 55 59 65 33 76 0 14 43 79 27 98 85 79 71 65 34 51 72 41 79 17 58 33 37 38 83 30 27 3 31 48 5 56 37 75 80 8 54 95 62 72 58 42 48 90 61 3 29 16 75 41 33 78 49 23 70 87 82 26 51 7 10 88 83 65 29 14 87 14 42 96 60 58 85
78 41 54 91 49 11 54 62 50 41 4 20 62 21 49 88 74 37 51 22 91 82 78 58 67 0 89 4 77 28 66 19 86 85 70 9 92 47 69 58 9 41 83 71 19 67 94 97 85 79 59 3 30 32 89 12 3 19 18 70 25 14 66 43 80 77 17 97 48 27 84 57 89 85 57 9 5 39 9 61 48 31 59 12 28 8 39 9 65 63 23 50 85 69 30 37 0 11 21 11
11 61 99 97 86 12 96 56 19 74 70 19 33 40 65 98 17 39 86 88 85 65 39 56 31 12 8 16 27 25 27 58 21 10 80 69 50 52 78 71 31 98 27 60 20 3 60 78 21 52 5 19 17 87 15 40 55 29 31 7 30 75 15 99 62 31 67 34 29 56 5 15 83 35 25 97 57 58 26 57 63 29 10 45 99 57 44 63 79 87 42 42 31 30 27 62 84 54 11 84
48 46 43 24 13 32 43 84 40 87 80 56 4 97 1 47 43 37 7 87 99 80 49 77 1 95 26 3 45 81 30 9 8 98 86 15 14 21 61 42 18 54 50 77 96 42 40 29 43 14 52 92 45 98 3 40 75 56 76 69 87 14 99 7 7 41 38 17 5 0 54 23 24 62 65 90 68 43 42 38 14 18 97 20 78 21 5 0 99 57 53 3 31 1 61 8 92 86 35 26
37 34 5 85 31 40 80 42 37 37 7 97 53 56 55 39 96 35 32 60 92 90 72 64 94 16 54 22 31 81 78 82 21 94 49 10 32 53 12 92 36 7 59 76 26 85 80 40 82 82 91 84 46 21 52 79 43 54 83 22 16 89 96 76 76 8 37 28 44 31 21 75 78 93 24 74 81 98 50 48 66 23 2 36 39 39 87 12 59 58 96 39 85 88 40 82 11 43 30 79
42 36 94 86 38 30 26 39 82 43 63 70 11 33 97 53 81 24 63 67 35 72 98 95 70 3 89 8 28 12 15 97 13 40 72 93 61 12 10 3 74 60 66 60 36 22 52 39 79 44 87 8 2 12 86 51 75 59 92 74 44 9 45 13 35 40 89 70 96 78 91 48 68 51 3 10 48 77 39 90 33 80 41 10 67 67 9 83 70 56 33 25 50 57 7 95 84 88 48 61
55 25 24 96 52 67 93 72 12 33 7 33 55 71 68 32 93 26 54 86 22 74 17 53 81 98 14 99 64 53 9 63 96 46 3 22 32 26 31 92 39 63 86 0 7 87 77 14 87 28 55 0 39 5 84 54 28 93 17 57 66 3 13 41 33 92 86 94 87 52 10 85 2 1 14 24 73 24 78 4 26 33 28 60 45 98 46 9 56 59 55 83 43 19 27 61 68 60 39 34
