34 61 9 76 41 88 53 41 12 68 32 39 59 51 50 82 71 7 25 25 30 56 35 97 19 17 19 3 51 16 50 87 86 44 27 65 58 92 37 3 6 54 100 35 14 55 9 72 101 71 65 98 67 53 75 85 89 33 17 56 92 55 18 15 52 60 59 2 80 1 35 12 34 74 22 67 39 2 66 17 54 20 98 96 25 62 82 70 59 83 73 40 25 3 3 17 47 85 42 82
43 28 76 32 38 20 46 22 73 74 24 32 79 75 60 22 59 67 45 0 85 88 19 19 70 66 39 89 88 7 68 19 45 32 64 94 30 37 70 41 94 14 76 32 5 47 4 92 37 2 88 38 72 14 47 64 36 44 59 48 58 23 6 73 53 50 97 15 45 39 59 60 26 24 29 95 8 10 24 29 58 95 94 83 38 -1 36 11 50 38 35 4 76 29 39 59 35 6 12 77
37 91 3 23 86 26 65 9 5 45 15 39 101 93 76 72 22 52 27 85 9 26 48 24 9 67 45 29 22 23 66 16 84 84 86 79 40 15 7 93 68 65 54 57 91 67 52 56 101 38 101 8 51 28 74 62 99 75 80 41 88 43 22 18 28 74 93 51 6 71 41 97 75 9 10 75 4 82 68 56 47 25 102 81 71 31 6 70 23 84 6 89 62 14 85 89 37 4 33 83
56 63 30 69 70 25 73 44 81 58 20 90 95 23 66 41 33 3 94 86 70 18 31 25 59 58 38 89 89 74 90 37 67 11 75 3 65 5 16 40 79 85 26 75 49 81 96 88 38 70 12 82 48 41 86 33 43 4 25 50 91 43 101 20 78 30 95 58 48 13 69 18 37 26 3 -1 97 62 36 89 88 73 46 7 13 94 7 -2 6 -1 42 63 6 24 53 10 80 41 24 42
32 74 35 27 77 90 80 70 70 96 99 54 95 92 15 80 29 3 66 33 78 96 60 35 21 45 13 35 39 90 49 11 20 53 13 16 20 81 33 51 6 12 92 95 7 62 7 84 39 65 8 94 61 15 73 37 30 91 73 55 25 74 55 71 4 100 63 3 38 27 45 54 61 39 88 55 63 48 54 23 82 8 27 71 87 86 77 13 52 24 34 93 85 36 13 49 77 81 85 37
21 83 93 26 23 89 13 19 63 11 14 57 17 28 55 45 5 61 58 78 61 74 100 64 29 39 76 42 76 50 25 94 79 3 59 -2 70 10 60 85 84 31 95 4 81 -2 87 29 87 -1 22 76 53 3 9 61 51 1 16 32 57 61 12 15 53 87 60 5 38 6 22 26 92 16 93 31 66 50 22 71 59 32 42 20 30 44 79 21 57 21 71 86 79 70 7 36 70 4 12 87
22 46 63 8 5 78 59 97 32 29 33 41 66 93 25 98 13 14 88 67 45 62 26 16 28 96 93 75 13 8 17 84 100 37 97 5 65 96 88 99 25 35 60 95 49 37 14 73 74 10 70 24 78 29 17 35 57 76 75 14 10 80 68 52 84 85 12 75 43 41 40 75 47 31 34 10 59 26 15 43 7 70 49 16 15 9 64 72 57 89 19 48 66 25 88 33 93 26 3 26
66 94 80 94 26 31 19 0 88 -3 34 84 8 23 79 33 41 -2 17 75 47 51 5 8 101 49 91 19 53 8 32 17 72 18 45 5 29 55 84 -2 29 94 63 62 89 -2 33 76 37 86 45 74 97 88 11 62 27 6 66 66 23 8 26 7 80 19 33 75 85 65 91 16 59 85 66 20 15 16 90 65 66 30 31 30 62 83 19 83 37 27 85 2 39 37 79 86 101 63 19 88
48 69 24 78 48 37 9 41 64 50 72 34 91 91 7 50 62 88 47 97 36 10 44 97 93 13 100 74 61 13 3 49 70 12 25 36 90 94 101 88 16 70 87 3 13 58 102 86 62 34 5 7 75 5 14 17 29 20 67 3 51 64 67 4 15 31 68 53 66 3 77 20 63 61 10 15 35 43 28 4 102 96 82 97 33 57 36 55 73 34 25 76 10 55 76 22 82 2 57 76
25 41 85 87 46 15 81 60 56 51 78 37 31 45 46 4 7 45 25 35 74 33 94 -3 25 47 86 57 64 23 36 43 95 89 18 84 23 95 36 64 86 23 62 -1 84 69 84 65 40 67 10 80 88 68 10 74 60 83 96 75 32 39 45 41 16 4 53 -2 45 75 49 57 77 53 53 81 67 69 52 42 57 23 89 71 69 18 83 -1 3 13 101 65 34 54 81 36 94 40 32 8
74 48 17 7 101 79 71 16 77 23 63 13 43 59 19 66 97 16 92 97 52 100 94 15 28 9 95 84 92 91 53 1 19 28 52 47 27 52 83 32 46 44 88 52 38 96 20 5 26 52 93 61 7 5 78 76 37 45 13 22 32 35 96 97 100 9 16 64 47 86 39 68 12 95 92 77 59 27 19 88 60 54 62 56 7 42 10 95 35 43 80 24 35 45 71 33 30 19 63 73
10 77 18 77 7 94 92 78 42 1 3 30 51 46 56 3 78 15 63 25 43 30 30 46 74 86 88 36 30 6 24 38 89 94 15 89 79 82 39 10 21 68 8 85 26 69 2 33 12 17 25 6 70 63 80 31 65 67 63 54 68 75 101 29 69 46 37 61 31 67 22 70 18 1 29 45 31 87 8 10 67 17 7 19 60 91 49 96 66 81 28 74 16 1 96 66 62 21 36 84
96 47 101 36 63 95 52 15 10 62 8 37 96 6 93 22 76 81 6 86 19 16 88 7 39 16 59 29 52 25 66 7 20 6 66 99 46 45 16 68 102 6 13 40 100 38 97 56 6 32 31 18 101 45 91 50 5 79 67 56 51 41 52 65 87 87 18 60 82 97 102 71 66 17 14 19 3 33 62 27 92 64 23 89 18 86 25 34 27 18 23 12 97 41 7 73 64 50 78 14
14 77 38 93 31 79 85 86 59 62 74 75 89 75 6 71 2 48 42 36 17 47 84 33 65 87 53 2 62 66 15 67 28 84 38 74 69 40 28 62 77 2 5 96 41 78 85 59 55 36 8 67 84 55 10 40 9 96 76 20 36 57 8 11 4 70 59 79 97 66 31 60 70 65 77 53 90 4 8 16 3 42 69 34 32 71 41 32 24 84 6 12 97 20 23 63 82 79 90 16
97 61 59 33 38 2 53 54 6 88 65 77 77 99 57 77 8 1 96 48 40 79 23 71 60 14 28 91 64 98 57 64 68 79 66 10 67 86 57 13 37 29 101 35 24 27 3 88 58 47 100 14 30 22 78 74 8 42 12 15 29 14 63 3 99 1 37 1 57 72 13 87 100 27 70 8 45 45 96 96 15 98 35 60 59 31 57 26 88 96 56 78 84 40 47 23 71 92 46 81
75 29 11 82 78 93 99 77 47 59 46 41 12 1 16 17 43 54 56 83 28 82 7 2 33 20 68 0 78 12 49 26 37 43 3 38 56 32 84 92 32 24 91 3 20 94 94 80 42 82 84 50 83 14 91 5 78 0 19 42 82 53 96 78 98 1 13 81 72 5 8 58 2 82 9 21 5 27 76 48 70 41 92 41 95 85 36 2 31 75 55 22 78 76 68 7 93 35 83 51
100 52 90 93 94 67 76 76 19 45 84 43 43 58 29 30 97 11 39 71 67 14 62 68 102 100 42 30 82 80 39 36 55 14 46 68 37 1 30 61 10 59 21 100 33 12 18 71 20 57 41 8 93 62 33 50 47 92 77 24 27 42 77 11 25 11 95 17 40 53 75 15 59 87 81 36 70 47 63 91 44 33 38 53 45 16 87 29 23 19 29 2 99 23 89 45 25 12 69 34
96 82 2 49 44 72 68 1 47 73 76 72 64 72 10 86 8 79 98 87 22 76 92 79 2 36 97 91 75 46 62 4 21 48 37 24 24 69 55 83 69 34 34 83 83 70 86 2 65 81 62 25 23 91 59 87 29 82 26 38 15 53 2 87 7 94 11 20 51 16 52 8 9 45 53 9 28 9 15 57 65 78 74 42 12 -2 6 90 34 5 88 43 23 14 41 74 8 5 63 64
10 62 9 99 3 11 96 36 96 51 80 89 20 24 43 80 35 89 16 56 38 17 3 38 80 62 75 22 50 71 57 71 73 92 42 23 63 27 101 29 20 15 27 20 27 25 25 54 68 49 4 11 54 15 38 14 44 68 90 66 62 53 33 90 99 19 88 10 19 40 33 75 63 21 25 29 12 67 88 57 23 52 91 78 46 57 79 80 62 1 34 9 37 25 78 19 31 53 74 49
82 4 67 12 34 18 48 4 6 13 90 38 64 48 88 79 95 21 14 -1 96 67 6 84 14 90 28 -1 44 21 22 37 38 91 91 14 39 74 79 63 37 82 98 50 65 15 13 11 16 40 60 94 80 10 83 89 92 62 87 71 2 24 78 58 56 86 29 65 38 55 46 53 51 94 14 78 78 79 22 5 71 0 93 31 2 5 58 92 53 30 74 20 46 75 55 52 32 45 4 -3
44 58 76 18 63 92 45 35 35 20 81 48 32 22 25 67 5 6 11 22 33 89 98 80 4 12 13 52 56 70 12 34 39 47 76 50 19 48 75 45 68 54 46 94 50 21 86 97 23 88 7 25 93 62 54 31 28 94 60 8 95 79 25 46 21 42 46 18 3 36 89 90 67 81 83 42 67 37 48 52 31 54 11 7 40 82 47 61 60 68 79 76 17 54 23 66 68 3 7 68
49 88 2 47 46 23 3 96 34 46 62 92 33 28 37 46 51 61 40 11 14 8 77 93 24 63 46 -2 32 53 57 78 97 12 19 80 48 20 30 89 71 38 29 60 62 4 17 72 41 24 29 83 90 32 63 10 21 50 77 73 59 39 56 43 53 95 20 20 64 10 81 93 40 73 88 10 11 89 90 32 37 21 32 31 11 92 43 16 2 3 40 4 29 81 33 51 94 71 74 9
90 75 87 87 49 5 31 16 90 97 30 22 93 11 23 20 85 33 57 21 71 96 33 94 27 87 16 28 84 92 69 47 89 78 26 21 77 98 47 56 4 50 84 96 20 27 71 70 86 40 14 28 73 7 77 42 31 59 88 64 22 13 73 57 4 62 91 46 30 4 89 71 63 28 44 61 48 15 18 69 77 54 86 79 67 19 4 8 39 59 74 14 13 43 26 10 75 40 77 23
16 23 66 3 8 11 43 35 7 52 74 68 37 65 92 71 13 87 53 68 2 66 45 70 67 74 40 28 86 20 90 84 53 32 57 96 74 86 75 82 41 27 43 39 30 76 40 48 88 79 5 26 101 89 52 14 15 77 46 63 49 76 94 21 85 92 54 81 58 30 34 22 32 4 66 15 84 41 63 68 22 -3 29 11 34 67 78 34 60 76 40 41 92 3 67 71 47 16 28 26
38 63 92 14 68 57 98 2 12 79 5 40 71 66 71 44 36 36 29 23 44 95 83 90 91 39 91 68 33 58 21 93 91 90 86 21 21 86 101 70 37 66 15 44 94 5 47 84 21 78 31 53 47 88 99 43 14 74 66 71 102 97 60 4 61 11 41 45 59 3 73 16 67 6 79 28 82 72 83 56 53 47 69 27 7 37 18 18 101 26 49 74 8 93 4 73 31 9 16 47
76 3 91 11 73 69 66 74 89 89 60 42 35 68 42 6 65 32 33 69 58 1 19 87 48 29 5 22 29 89 72 8 57 90 87 7 6 7 11 39 2 29 2 51 33 4 47 0 44 18 87 11 86 13 61 86 44 5 5 54 66 54 68 33 55 -1 42 28 27 45 5 73 27 84 69 66 12 3 84 46 32 19 83 23 27 94 83 49 41 24 45 17 82 62 77 34 4 68 12 23
77 41 31 6 6 10 98 58 9 18 88 51 15 35 16 18 40 61 52 48 38 44 14 27 33 55 35 89 49 28 74 34 55 29 6 18 54 43 43 85 23 6 85 18 13 20 37 1 96 77 59 38 35 12 10 84 90 81 6 82 7 100 99 68 41 39 65 84 29 99 69 67 34 2 78 45 61 33 36 94 11 80 6 12 18 71 35 54 80 66 83 15 54 56 49 31 20 94 57 98
18 43 44 29 49 68 51 5 99 66 55 43 86 88 20 32 55 47 8 30 31 90 99 96 24 61 3 54 55 49 74 41 56 29 78 20 69 12 5 89 97 42 23 89 90 72 95 33 30 -2 14 63 60 6 84 96 56 83 3 70 69 77 99 89 61 23 68 11 75 82 9 28 96 88 10 21 51 16 49 -1 88 48 60 66 75 61 21 88 42 78 24 87 53 32 83 6 101 81 81 55
58 41 87 89 86 83 22 99 88 32 16 18 19 88 76 97 5 65 49 50 14 51 76 15 12 86 47 8 86 51 61 56 51 10 22 54 94 86 102 57 50 74 57 13 52 63 22 19 56 63 80 59 52 95 22 89 16 49 4 6 76 69 49 49 4 96 91 64 12 36 73 83 5 14 102 46 94 26 40 33 96 66 43 48 22 8 32 57 97 61 14 29 32 33 49 46 76 93 20 56
41 30 91 73 24 -2 11 5 73 74 11 89 51 64 58 51 26 78 49 46 52 60 59 15 71 45 98 61 48 32 67 34 63 73 40 55 18 73 65 54 20 53 55 69 49 8 25 3 99 50 94 1 89 20 46 78 63 30 74 -2 77 68 31 85 35 -1 32 87 80 87 73 58 70 35 41 38 63 70 46 35 3 54 82 -3 81 66 25 45 41 30 22 26 52 52 80 75 11 65 46 30
60 66 19 92 91 75 31 79 99 69 72 22 72 22 74 25 56 59 50 78 44 67 14 17 94 76 12 24 91 49 92 22 64 69 16 18 30 41 44 3 94 92 65 30 59 75 45 58 7 71 46 60 77 90 19 71 70 95 32 51 86 62 89 64 84 19 5 43 101 25 55 31 58 71 4 22 35 88 90 92 32 19 17 72 9 97 14 13 41 29 66 4 20 20 84 71 41 10 58 54
80 28 101 57 20 51 92 54 85 28 38 66 92 90 65 32 80 31 11 65 26 34 88 61 50 -1 78 1 59 67 23 4 36 8 33 74 14 20 16 24 48 67 7 42 6 26 52 12 49 45 12 91 100 48 81 -2 12 56 95 58 71 34 87 27 79 15 73 88 81 15 99 15 72 66 69 74 49 87 61 29 51 44 86 14 3 14 14 37 90 30 61 63 37 55 61 45 42 91 11 87
102 9 9 100 4 37 58 42 102 93 9 8 91 5 74 7 94 69 55 69 15 11 17 3 96 26 97 46 82 71 22 26 50 68 69 29 86 81 80 69 4 39 65 30 58 68 17 72 8 24 98 53 81 96 51 65 36 21 22 38 6 1 4 18 74 88 9 94 5 3 73 9 46 88 6 48 66 13 12 79 60 7 21 90 101 14 65 34 102 2 5 85 25 19 45 92 7 14 30 71
40 4 70 18 79 42 92 83 18 -2 90 -2 54 93 73 80 68 29 53 73 11 -3 44 11 31 15 19 31 89 -3 101 10 50 37 7 90 54 75 65 88 98 82 20 82 34 96 77 33 60 13 17 76 11 50 84 77 101 59 100 73 30 -1 83 54 81 47 34 67 79 51 76 89 80 17 37 44 45 37 62 77 51 93 97 89 45 50 46 36 23 6 98 -2 85 72 62 61 4 74 71 22
10 12 36 2 78 8 100 95 31 93 20 20 70 75 37 9 58 29 98 59 46 74 37 77 65 19 32 78 67 66 81 48 59 45 90 24 97 70 62 71 47 19 88 7 57 48 62 68 16 46 39 44 60 4 31 14 61 27 79 8 82 2 60 59 35 24 21 4 38 36 86 26 11 46 60 42 72 54 98 79 59 38 16 95 100 94 18 49 3 82 7 49 36 73 67 46 5 34 74 91
101 64 64 6 63 56 11 91 12 52 101 73 74 55 59 81 71 5 87 49 44 55 79 5 21 58 71 28 75 37 7 31 35 -3 79 94 68 29 62 49 57 29 20 91 97 56 51 63 3 41 55 61 62 55 93 71 95 50 22 59 13 79 70 93 94 8 76 26 24 58 57 94 38 6 80 65 32 90 5 -3 23 5 50 41 87 67 67 92 65 73 48 16 75 81 97 96 30 10 72 81
11 49 72 1 39 8 95 62 5 43 89 9 65 26 35 64 65 58 66 97 96 61 81 61 73 100 45 89 13 77 83 77 55 94 44 48 12 16 97 17 33 73 53 59 89 70 41 8 29 61 43 11 41 31 98 85 58 75 30 26 60 69 77 71 26 14 35 86 29 95 6 35 30 10 5 64 41 20 43 11 13 39 10 45 7 15 5 19 35 41 17 9 13 26 54 34 54 99 7 2
49 -3 7 70 26 41 89 10 26 39 43 7 77 21 32 58 30 80 21 29 98 27 12 7 18 41 51 96 70 68 33 9 20 31 67 72 22 56 4 30 14 93 95 35 68 8 50 90 96 9 15 78 95 12 90 48 48 1 71 66 79 94 30 96 92 14 64 19 57 80 42 55 63 63 38 18 95 59 20 73 59 66 42 61 10 73 48 79 36 4 33 25 45 92 13 42 67 88 50 2
13 70 48 41 76 16 69 15 36 44 87 14 13 27 24 18 77 89 79 13 47 51 58 95 20 94 79 18 73 46 38 34 35 98 8 77 72 71 29 63 69 84 73 58 66 100 38 29 16 43 69 46 59 18 64 85 73 93 11 60 56 63 6 56 85 3 71 69 97 26 24 81 30 59 9 26 58 10 51 71 98 83 32 47 88 96 3 14 73 72 16 19 101 97 42 14 14 28 76 97
43 74 65 60 88 -1 67 28 84 66 58 71 27 68 52 35 19 23 13 10 71 0 78 89 84 71 94 17 58 0 23 25 10 71 36 13 61 37 37 48 65 95 63 7 58 79 68 11 81 63 94 75 26 1 41 2 38 13 67 58 72 48 60 42 72 4 81 12 32 46 20 2 21 55 68 5 26 12 63 82 25 83 16 31 42 5 16 -1 49 87 19 13 66 7 93 -3 89 3 25 84
16 41 47 72 86 18 101 90 16 37 102 43 49 89 45 40 38 58 15 78 81 87 9 20 92 90 28 99 30 81 14 22 36 71 20 21 36 35 62 41 42 46 72 52 30 50 96 96 40 30 102 18 14 15 49 29 32 51 32 97 24 69 80 99 27 76 89 75 54 78 98 95 63 64 67 71 96 91 17 3 4 85 84 81 28 32 93 30 32 5 24 38 44 22 35 53 74 31 44 100
10 52 98 43 21 48 83 88 11 68 88 20 52 31 11 86 87 87 45 61 45 43 84 2 100 8 86 46 57 30 30 6 73 81 19 94 3 48 50 4 94 4 55 77 47 37 13 56 71 13 101 79 10 2 100 -2 76 56 80 96 42 13 99 3 40 70 29 9 23 44 73 3 55 12 79 73 81 33 54 42 10 4 98 9 46 19 21 49 77 91 63 82 77 73 73 38 97 36 84 10
37 63 19 86 61 83 18 43 95 77 16 15 67 56 10 72 82 54 51 38 6 35 78 25 31 40 44 99 4 41 25 92 80 70 8 97 27 57 27 3 20 4 102 46 25 3 47 88 99 1 60 48 67 90 78 50 41 43 88 7 100 44 98 50 29 37 45 12 30 70 93 74 49 49 73 52 15 12 4 51 13 61 27 58 96 98 72 18 102 42 14 76 41 7 4 60 86 87 72 14
51 76 85 82 25 51 5 28 55 63 8 88 68 4 96 37 9 76 84 37 64 47 34 55 57 94 71 56 92 91 36 15 38 36 36 20 68 15 70 34 33 96 14 77 65 92 74 87 83 15 54 42 72 91 56 32 35 23 57 60 68 94 101 10 96 87 44 -1 7 64 40 78 90 37 9 56 5 78 35 74 55 64 47 56 9 -1 101 24 27 7 63 96 69 36 65 21 100 77 101 58
54 55 24 51 48 92 48 87 71 87 64 33 52 83 96 12 88 7 54 30 89 61 87 78 77 36 14 11 42 12 49 80 96 81 20 64 54 28 14 19 18 68 15 48 40 76 71 71 51 86 26 74 28 97 94 76 5 63 97 79 86 2 58 28 13 41 4 37 54 20 6 10 8 26 8 6 8 99 68 100 3 21 54 12 101 82 19 56 46 75 27 29 66 88 29 36 24 96 30 89
87 84 45 35 49 24 34 35 63 46 25 41 65 75 19 29 9 82 83 -3 23 40 10 15 96 33 25 85 48 68 68 56 8 72 18 57 81 64 100 1 64 -1 71 32 57 21 94 90 45 69 45 79 86 24 94 54 16 90 26 43 7 77 57 59 30 45 26 81 62 35 86 89 68 60 81 20 3 48 7 76 40 14 73 44 13 53 40 19 48 43 4 86 34 62 90 52 100 15 76 69
5 39 39 55 14 55 74 36 59 47 40 97 55 36 44 33 57 54 33 4 95 28 30 90 23 75 18 41 93 100 94 71 13 99 81 58 18 19 27 62 70 70 46 75 82 53 61 2 100 71 94 65 48 24 100 6 91 59 83 88 33 77 52 55 70 36 53 65 9 50 23 60 53 66 98 9 87 88 9 15 44 59 46 44 32 26 94 3 78 90 80 81 38 7 35 14 26 30 75 40
73 47 6 85 99 94 53 14 62 67 20 9 22 50 79 59 67 90 49 95 62 8 30 92 96 43 26 40 31 27 33 72 40 12 86 64 8 5 54 28 13 70 78 30 38 95 57 74 63 51 71 30 101 8 97 91 56 0 14 81 79 77 100 51 75 28 43 53 39 -2 42 -1 64 74 37 47 19 74 41 34 28 14 54 62 2 11 14 49 53 0 28 56 84 69 63 16 14 14 77 65
95 56 5 39 96 61 67 37 16 85 40 83 14 22 44 94 15 8 40 3 51 3 102 65 80 27 96 86 16 74 70 98 24 54 44 69 97 6 33 55 101 17 85 60 75 100 7 98 46 87 44 15 13 99 52 58 42 94 40 68 33 64 78 79 55 46 73 26 57 44 86 71 14 85 36 65 67 77 44 14 8 28 13 88 3 95 97 95 38 81 27 34 22 28 52 71 52 33 35 58
69 10 91 88 22 54 100 6 54 81 14 24 83 80 81 74 4 61 85 75 6 5 6 83 66 1 72 63 89 72 46 62 67 48 75 29 9 23 92 11 52 8 89 90 22 3 92 41 65 52 62 29 49 85 19 65 31 90 22 19 67 27 69 58 81 -3 93 1 77 93 98 22 94 61 33 81 52 92 73 24 67 13 47 4 61 18 80 88 39 33 73 13 32 2 2 55 21 45 35 23
98 1 88 57 19 68 7 58 29 67 51 40 29 45 52 3 75 35 92 89 73 19 7 34 39 52 5 79 91 95 40 68 61 44 31 58 84 80 95 51 100 54 77 96 18 60 7 23 39 26 82 99 3 8 51 72 28 63 36 91 12 35 49 12 70 65 57 5 10 38 63 6 102 24 87 57 5 10 32 50 13 48 72 67 41 3 51 77 33 19 31 68 94 70 79 42 52 29 25 22
43 21 31 7 72 28 84 4 30 84 13 45 97 4 58 72 14 16 57 93 9 37 87 76 9 48 13 55 92 41 25 14 48 63 88 66 100 84 48 50 3 87 17 89 81 95 33 1 74 94 47 64 93 73 94 94 6 35 36 17 97 -1 7 51 15 45 8 0 88 49 60 40 20 85 26 10 10 48 17 -3 17 26 60 17 79 5 71 32 43 84 67 0 82 38 29 42 10 56 12 59
48 66 69 18 13 26 97 80 96 12 26 91 41 17 70 17 26 91 36 5 43 63 46 93 84 39 36 64 32 60 48 80 17 86 63 84 18 47 45 97 32 42 53 9 18 55 69 100 87 8 5 8 80 76 20 97 91 29 53 91 5 79 87 35 5 68 88 15 74 47 58 37 48 57 93 51 4 33 93 86 66 57 8 42 87 49 73 88 16 40 23 81 95 28 60 54 57 55 71 68
43 42 29 82 81 62 71 48 60 70 57 61 100 57 34 38 93 96 73 58 72 58 47 50 48 47 10 22 51 2 82 39 59 85 19 20 79 58 11 93 9 79 26 35 64 95 6 30 77 55 44 29 96 33 67 12 58 84 70 49 14 35 17 40 93 69 38 23 21 13 22 41 11 30 2 72 97 66 66 27 54 96 61 40 73 72 64 90 51 67 66 12 65 -1 98 84 55 89 58 86
68 14 13 87 64 71 43 95 63 74 3 32 83 9 79 6 8 97 84 11 5 42 48 75 84 76 14 22 12 21 51 81 36 98 28 24 34 47 3 74 29 23 93 69 101 70 70 64 3 92 86 74 86 100 43 84 100 88 70 75 36 5 39 19 96 56 14 74 7 73 102 82 72 76 69 62 81 74 10 85 81 20 25 92 19 66 34 41 18 66 79 30 72 93 93 74 3 23 6 98
64 -2 11 33 8 92 19 3 16 60 64 69 11 16 45 16 71 73 63 52 56 3 56 19 40 80 34 89 36 -3 41 57 91 32 79 86 49 33 2 80 33 86 19 4 81 47 13 20 72 3 65 42 16 71 66 61 52 -1 73 48 82 19 100 -1 96 54 64 28 83 50 96 95 15 -2 24 3 74 56 63 69 50 8 16 55 72 18 67 90 56 -3 66 31 27 20 66 48 67 82 2 21
80 35 63 39 71 58 65 19 88 73 74 60 99 93 14 14 97 36 98 45 16 80 6 34 87 48 15 50 52 56 5 65 20 59 45 63 12 66 64 34 65 8 71 40 65 96 82 75 94 13 88 50 95 44 24 72 51 74 28 9 52 28 68 60 50 89 88 9 64 45 102 26 62 18 52 100 69 29 101 48 75 54 83 64 88 73 35 63 61 69 32 87 62 17 16 41 70 69 83 30
101 7 65 9 31 53 38 44 37 -1 58 93 49 81 9 3 63 19 92 76 9 66 60 95 10 47 72 87 28 66 33 57 4 88 19 48 34 63 50 33 74 2 32 86 43 4 51 41 34 48 72 59 61 79 45 39 47 43 46 4 62 37 56 94 42 59 6 42 80 95 6 95 47 88 93 71 38 66 59 80 54 66 87 37 7 7 25 51 38 23 48 82 45 96 96 7 84 7 66 85
84 51 53 18 5 2 32 67 49 57 84 93 41 12 19 87 35 13 91 89 97 40 39 19 73 37 71 83 31 22 87 28 53 33 11 20 11 9 12 76 102 26 28 57 17 42 78 95 28 74 38 22 34 21 84 42 67 56 41 68 73 93 75 51 5 59 54 90 19 84 56 47 70 39 35 47 88 75 93 77 94 15 68 84 38 78 58 79 4 26 8 78 77 69 55 4 99 63 11 18
54 89 40 30 100 41 92 13 34 23 15 91 8 14 92 9 76 85 51 33 74 69 28 88 92 4 92 22 97 34 86 56 33 9 33 88 96 70 64 29 32 90 59 5 95 75 74 30 24 36 18 -2 62 81 64 93 87 61 40 14 58 -1 18 30 99 73 41 -1 97 53 51 13 4 43 61 53 21 84 93 61 12 77 40 78 47 43 48 41 2 6 13 25 41 91 49 36 93 41 90 9
8 74 67 22 84 59 63 53 23 32 32 43 9 2 17 60 41 4 80 39 41 58 82 72 45 81 29 95 37 92 34 10 33 27 50 29 18 56 21 16 54 21 87 85 22 47 82 76 35 41 43 45 72 40 99 60 71 4 39 7 53 36 76 18 49 36 94 74 83 92 45 22 60 42 12 63 23 38 51 40 91 92 56 31 67 83 47 73 10 42 44 65 3 71 29 12 101 62 6 94
34 45 58 74 79 38 78 6 3 34 77 54 36 77 34 17 58 23 10 44 54 2 69 50 52 41 90 67 10 50 87 96 78 57 81 24 68 17 65 48 52 23 55 92 4 70 92 83 22 60 72 86 34 45 101 -2 62 45 51 38 31 13 42 74 64 60 40 69 45 69 71 54 55 8 28 55 81 63 57 56 89 91 38 10 79 8 11 39 100 32 19 37 6 12 7 6 9 70 7 27
72 28 55 26 23 54 32 1 93 97 16 62 75 23 84 6 3 88 8 10 85 69 75 69 69 92 13 24 42 83 55 7 45 36 93 80 45 31 63 57 6 72 84 69 39 62 27 16 19 10 11 55 46 83 53 58 53 12 59 68 77 86 46 98 26 69 75 9 68 13 68 2 61 36 101 99 72 77 27 70 76 71 58 90 19 85 43 45 43 40 30 5 8 34 41 18 92 51 15 13
93 68 61 26 27 42 50 17 2 42 4 4 18 58 22 47 57 66 20 60 41 29 18 40 28 -1 33 46 2 4 86 85 12 8 70 66 86 87 3 85 28 41 94 48 75 35 71 91 76 60 100 62 56 62 92 74 82 96 15 22 8 43 92 30 51 21 92 5 32 15 89 6 79 62 11 86 71 9 36 11 9 92 16 62 25 71 66 65 31 79 54 17 66 57 44 69 53 69 96 53
4 98 91 20 99 48 56 96 62 65 17 82 8 90 24 15 56 34 17 36 52 16 8 88 97 56 85 15 79 95 33 28 44 2 58 5 51 47 28 62 96 89 5 15 49 81 29 92 93 46 10 86 56 40 60 5 51 6 20 33 34 37 78 47 74 23 62 31 57 15 84 70 6 57 39 68 79 65 44 25 14 69 61 59 38 76 79 52 17 26 87 71 21 10 99 83 5 97 59 5
52 18 100 72 14 2 73 50 77 59 65 36 44 59 14 0 45 44 4 11 38 77 36 64 18 66 47 4 65 69 84 61 73 81 82 20 75 56 88 76 50 12 79 22 4 55 55 70 78 30 56 4 68 10 53 14 85 18 74 76 57 87 76 83 60 33 74 86 32 63 7 17 36 2 87 31 73 56 34 48 4 38 70 27 38 89 92 46 81 55 72 45 37 91 17 19 97 5 18 36
8 64 53 8 58 95 63 99 86 58 32 100 10 8 59 41 66 98 37 26 27 8 41 91 19 66 4 63 65 50 19 24 15 69 19 47 75 100 30 79 45 88 34 31 69 23 96 57 67 15 92 80 75 21 78 68 9 80 41 18 30 56 45 86 91 98 76 61 85 82 67 32 71 91 47 8 40 82 26 85 18 73 100 68 17 76 101 7 58 98 64 33 48 39 52 7 65 5 95 56
31 64 34 3 66 16 20 64 86 57 101 68 18 88 71 40 9 3 78 6 44 63 82 20 101 8 30 63 37 40 96 12 46 88 33 64 12 52 14 65 26 8 43 75 3 58 57 71 26 61 10 84 77 59 47 32 60 -3 75 31 101 63 29 14 15 61 79 33 79 51 73 62 98 92 24 81 53 41 29 57 36 93 4 13 28 40 48 30 59 82 89 78 69 28 70 72 65 67 6 60
79 25 36 9 62 26 79 14 55 9 100 94 5 53 6 20 88 39 34 6 9 60 101 23 41 50 48 6 82 84 102 25 24 18 67 63 14 45 39 85 69 73 53 37 23 15 30 81 45 54 52 9 32 15 12 76 89 46 98 20 49 9 53 40 30 52 19 63 41 28 98 91 31 91 18 32 56 55 32 68 91 8 24 22 20 62 73 57 70 53 34 43 10 56 31 20 25 64 5 81
85 -2 89 94 76 51 46 19 26 16 99 96 53 91 35 32 17 58 81 86 62 22 54 51 65 27 92 31 98 69 15 24 45 -2 4 69 94 15 36 12 13 26 67 20 50 58 62 60 30 85 2 44 26 80 61 56 81 53 12 8 67 80 43 74 94 37 18 32 90 51 60 56 80 14 61 24 70 21 6 72 58 17 16 14 94 71 19 69 30 9 32 51 68 4 46 10 24 10 60 32
97 35 39 47 28 81 60 67 79 1 74 62 58 52 95 86 79 65 22 46 59 9 43 90 77 6 24 4 24 22 91 54 92 26 20 42 69 62 91 30 46 67 61 19 20 25 92 57 11 57 102 2 75 75 87 34 50 66 28 99 66 18 18 26 51 25 97 45 36 60 45 13 7 43 83 56 83 100 75 90 101 30 50 6 64 83 89 92 93 96 94 55 37 89 27 100 17 9 48 60
101 51 18 30 37 3 11 35 66 36 65 59 28 -1 68 53 28 85 7 75 56 44 99 80 77 49 44 5 6 11 95 6 39 67 80 61 66 18 49 39 25 19 16 60 51 27 51 2 54 -1 20 58 51 62 44 19 57 77 25 68 29 37 100 57 95 49 62 82 98 -3 19 41 42 74 9 -1 42 9 76 93 98 77 17 26 90 48 57 36 67 49 56 20 38 72 68 71 91 69 74 68
73 91 91 31 25 51 74 51 54 42 38 34 6 47 41 96 62 72 32 50 47 28 99 65 5 53 93 96 55 67 52 100 45 80 18 35 49 92 38 7 101 61 94 76 47 34 30 9 15 70 78 68 21 46 42 38 16 27 17 52 66 83 12 79 92 31 13 95 13 63 101 84 74 62 45 49 84 53 10 5 85 21 7 81 81 55 93 31 100 79 23 81 42 69 57 13 41 45 41 47
22 78 32 19 78 92 33 92 63 87 84 70 31 95 41 44 73 54 87 96 78 37 43 88 36 74 80 76 26 41 37 24 98 80 91 32 94 12 68 32 26 18 75 54 9 70 44 16 28 85 21 22 38 50 4 37 64 91 16 37 73 77 55 14 11 -1 75 64 62 40 80 57 53 56 69 67 61 32 73 89 98 12 13 86 27 39 81 33 59 96 2 68 94 66 33 91 41 88 96 78
98 59 91 55 24 19 102 43 35 44 71 79 35 61 91 70 86 21 96 70 48 45 70 25 32 51 88 28 59 57 74 82 25 15 19 31 10 14 55 91 24 90 61 4 78 53 98 75 90 17 19 70 50 59 62 6 3 73 38 84 34 21 60 44 42 81 4 2 90 75 95 15 41 6 91 33 88 4 31 92 29 31 21 81 13 87 78 90 87 4 47 63 72 10 87 85 4 5 59 71
88 91 16 14 8 74 81 15 81 4 101 59 2 4 26 67 56 31 32 41 27 57 91 58 72 60 40 44 38 4 43 49 44 92 31 48 76 93 16 71 8 61 19 85 50 43 6 55 57 58 55 94 65 72 58 56 10 77 57 17 79 93 68 6 95 17 65 83 64 27 41 67 47 27 2 50 92 20 90 66 44 77 4 8 92 72 63 24 44 70 46 70 31 2 16 21 95 55 91 4
31 18 100 64 25 98 14 78 13 49 6 16 34 88 3 97 33 95 93 65 57 58 39 21 54 64 98 89 57 83 79 34 66 95 91 38 61 88 20 94 51 41 38 98 72 26 14 44 48 6 78 62 102 68 59 13 75 83 25 23 10 21 79 65 11 39 51 83 44 78 77 48 32 35 25 41 22 59 26 78 67 83 88 84 98 91 22 50 28 75 10 17 99 52 23 50 99 40 61 95
25 53 41 24 11 2 62 39 62 78 71 44 45 79 45 80 34 29 58 16 12 90 96 94 92 15 54 81 24 96 75 88 39 90 5 9 54 21 52 54 15 47 68 23 40 55 80 34 3 -3 62 59 80 94 7 19 28 77 84 28 35 51 86 67 50 38 56 49 32 33 57 -3 96 37 88 48 21 85 90 0 60 20 61 58 51 39 17 93 71 69 64 62 53 14 97 73 24 55 61 63
44 63 93 74 95 24 45 78 96 41 40 12 4 82 15 55 47 99 61 11 11 8 100 42 15 57 39 1 25 65 79 72 70 30 39 28 75 81 10 59 70 56 77 73 91 74 39 76 48 87 52 16 69 90 67 94 38 87 92 6 32 10 95 35 47 23 84 35 5 27 58 63 25 54 84 15 65 2 53 19 92 49 38 10 45 60 79 53 18 93 52 76 93 79 78 46 61 62 79 98
6 68 32 94 23 69 38 38 16 85 49 19 76 32 75 52 79 63 57 90 44 76 6 80 88 8 73 22 78 5 33 74 35 95 35 69 44 22 16 21 69 5 100 89 98 22 29 24 43 53 38 3 46 36 46 95 35 58 5 44 95 87 27 47 81 69 45 77 31 82 6 5 85 53 68 31 15 58 2 70 54 91 2 85 56 51 95 -2 99 57 15 86 3 55 46 81 98 68 57 0
80 96 56 49 98 32 64 19 35 19 82 9 13 10 28 67 6 13 67 39 49 27 24 14 101 61 49 49 55 41 51 50 37 2 39 75 76 50 12 74 21 96 15 35 73 61 67 44 43 58 47 93 20 87 12 66 6 49 50 37 8 77 79 11 37 16 56 73 100 85 53 94 38 29 17 80 26 31 54 68 76 64 100 81 19 24 35 1 15 5 40 27 16 31 90 39 55 94 46 99
78 22 66 79 6 31 87 63 22 46 33 24 38 21 5 78 37 53 56 34 71 92 20 59 53 39 63 60 84 50 39 10 76 66 15 15 92 70 69 4 5 28 14 69 91 83 9 78 4 35 8 30 68 45 67 47 73 94 79 14 50 -2 20 42 75 28 20 36 21 39 18 12 80 47 45 57 26 81 9 41 50 76 75 84 68 56 19 94 81 1 8 96 30 93 26 72 58 77 60 56
8 90 11 53 102 29 24 26 25 21 62 20 11 100 9 64 60 14 92 62 36 4 32 53 20 34 65 47 16 7 90 9 27 56 60 93 88 58 22 73 12 61 12 56 42 6 55 47 22 47 13 33 76 1 77 76 102 54 60 2 83 5 90 95 94 39 75 19 66 44 42 1 58 54 53 55 71 84 23 17 33 19 91 39 79 19 88 54 63 76 20 45 94 89 42 95 78 84 37 35
28 70 93 44 97 76 9 39 62 29 64 48 89 12 101 67 29 78 17 16 17 56 33 21 71 24 22 65 40 0 92 6 32 7 99 57 65 20 40 68 20 7 89 48 58 79 98 42 32 17 42 28 66 85 91 47 29 8 30 93 96 11 86 46 8 10 25 85 70 65 75 36 4 6 95 91 49 72 54 73 30 4 3 83 74 74 24 21 9 31 28 42 99 -2 11 77 99 74 31 3
88 23 69 42 81 56 31 10 13 34 25 87 60 7 75 50 80 13 82 2 43 12 23 59 55 15 82 77 33 7 52 60 74 61 83 43 86 36 79 80 67 92 32 32 32 58 54 13 21 3 18 79 26 15 53 67 57 78 34 92 101 7 100 33 14 1 96 73 31 47 71 68 48 3 84 60 28 86 76 78 94 72 15 4 36 33 23 28 50 35 56 35 84 2 97 47 86 98 33 58
18 65 17 68 80 88 11 84 35 25 59 60 32 59 30 11 63 61 41 91 13 10 34 55 85 77 23 74 55 65 24 57 90 65 72 91 79 32 28 4 91 89 72 38 15 73 64 91 69 21 2 -3 80 11 34 74 100 63 6 2 97 31 86 56 97 20 16 50 75 59 22 14 68 34 20 87 95 23 51 62 68 86 75 72 66 26 96 8 101 3 10 76 30 96 29 41 96 65 64 96
60 88 71 74 71 82 65 82 55 27 84 93 40 51 34 84 34 81 66 48 57 96 79 20 94 41 90 42 73 78 7 77 65 59 72 72 64 31 64 86 84 1 56 23 60 9 96 87 80 86 38 42 67 16 79 29 35 36 86 60 82 58 65 90 57 37 16 52 27 36 43 4 92 16 33 48 59 86 8 38 50 53 42 27 35 9 87 49 30 5 102 68 27 77 78 15 67 2 69 28
30 74 79 27 33 36 43 82 9 55 30 87 69 86 34 57 50 65 88 16 23 83 93 85 49 9 13 16 32 73 86 40 40 64 24 27 63 26 5 95 30 21 70 37 11 45 32 87 9 56 11 81 5 31 23 25 55 26 101 15 79 82 56 45 42 80 43 48 23 37 62 17 23 88 23 85 77 89 57 43 51 56 72 1 90 33 13 15 57 76 97 43 19 23 54 4 95 19 79 52
39 57 61 25 31 85 50 33 17 84 14 62 26 32 67 6 51 65 29 94 47 23 64 66 68 81 40 29 10 86 49 75 55 55 38 8 18 87 67 77 55 100 91 6 79 16 60 49 45 45 87 89 92 81 82 85 3 33 64 16 49 82 55 99 93 86 47 99 84 3 79 75 60 76 90 63 72 48 28 26 98 56 87 64 56 13 89 18 31 33 12 52 57 61 31 76 27 85 99 98
94 41 20 89 29 65 69 13 20 1 4 75 86 47 67 46 45 8 35 51 92 65 63 -1 11 63 6 51 92 5 32 34 41 42 29 94 4 45 27 67 60 67 62 45 62 -2 92 21 83 32 72 65 85 67 83 42 3 20 99 31 15 88 9 64 24 94 47 70 98 10 99 86 34 30 16 38 91 72 51 8 99 46 60 35 9 39 33 20 32 35 30 49 69 26 33 59 61 8 39 55
69 34 84 67 10 5 55 27 22 28 99 100 58 9 6 4 47 9 13 29 42 36 66 90 53 94 96 66 22 9 42 11 95 11 92 18 17 57 89 54 81 27 4 99 98 53 20 36 56 98 16 4 67 8 83 3 100 61 43 44 84 30 37 93 98 76 29 94 16 2 37 4 89 98 39 5 9 35 5 47 101 45 28 71 14 4 65 87 4 74 73 74 22 75 50 95 70 98 87 30
84 71 23 50 5 95 82 1 25 63 64 6 96 14 35 87 61 27 13 49 81 25 53 54 11 62 71 61 43 29 77 3 35 59 12 74 96 11 55 93 47 -3 39 13 86 68 62 36 90 82 92 35 44 78 71 51 63 29 7 75 71 76 82 41 53 36 60 57 24 77 74 38 87 20 65 45 37 23 37 9 31 11 93 38 13 77 94 38 85 23 45 22 44 77 22 20 62 38 92 45
72 27 34 34 44 86 61 82 72 73 79 58 49 93 29 74 41 33 72 5 63 60 61 24 24 30 67 22 14 57 10 19 78 53 17 99 91 49 37 12 6 96 9 27 36 26 44 49 74 81 52 44 67 62 35 62 3 18 53 85 4 47 17 73 14 26 24 21 7 63 29 8 33 31 95 57 50 91 65 89 27 18 26 13 92 76 100 57 100 95 40 18 11 90 74 59 69 97 30 89
14 60 64 83 20 38 9 70 58 81 59 50 94 16 100 74 10 61 20 47 60 61 85 -3 61 43 81 13 73 51 68 65 57 -2 41 13 32 21 18 22 19 4 33 1 80 -1 88 2 60 47 82 16 4 94 46 31 21 57 77 44 40 90 40 3 94 83 40 39 80 31 97 28 83 69 43 79 47 9 32 71 48 75 20 10 80 68 100 3 8 67 73 6 32 6 39 42 16 66 61 34
98 41 69 68 22 33 40 19 7 31 45 10 89 4 65 25 55 40 3 81 35 58 100 40 56 28 17 80 99 38 83 80 37 1 63 68 78 39 31 66 14 8 83 41 61 1 13 71 23 18 59 18 68 14 94 97 79 43 56 27 70 40 46 57 96 70 9 55 43 22 81 57 10 26 39 95 91 7 28 11 49 4 24 16 26 34 96 33 73 94 87 23 7 40 68 87 69 22 49 93
63 93 17 84 66 79 60 -2 61 77 63 84 23 12 33 75 88 34 85 87 84 59 15 48 57 86 73 73 17 6 72 70 63 93 81 23 74 96 98 31 47 88 7 85 53 55 52 4 39 8 30 17 25 91 77 86 86 23 59 88 69 36 84 10 100 26 89 40 47 51 73 62 71 26 59 33 73 11 45 15 27 74 66 25 89 39 26 74 45 1 74 60 49 72 90 85 40 52 22 68
48 49 71 57 90 47 23 2 79 60 87 86 63 88 3 45 100 47 36 25 73 41 35 15 19 64 12 87 64 98 50 89 47 80 60 68 99 17 33 45 94 5 79 6 25 42 51 22 73 21 33 29 8 87 56 7 57 94 23 88 86 69 63 25 7 62 41 96 72 25 101 75 54 58 9 94 8 34 76 50 14 85 56 22 46 38 13 22 59 68 14 69 18 35 48 95 80 55 13 31
15 74 88 43 17 14 18 95 80 13 80 5 32 -1 38 48 101 45 29 59 57 7 80 33 39 83 72 55 46 19 68 43 53 41 6 65 7 88 12 39 84 96 4 30 91 58 12 68 9 87 82 75 78 92 40 72 101 52 6 -2 65 20 13 8 37 13 35 40 65 29 76 93 38 63 55 8 67 61 44 66 45 20 43 15 5 92 63 32 54 35 59 40 56 8 10 17 76 91 74 30
48 5 34 64 87 19 65 3 50 55 88 16 70 95 33 5 89 66 42 30 100 59 51 71 6 78 53 61 102 7 14 48 27 77 17 1 59 45 60 86 52 60 69 34 100 67 10 38 63 42 77 69 70 42 98 95 94 8 52 93 43 37 31 60 36 36 73 62 62 11 78 26 64 67 93 3 10 66 78 21 101 73 92 15 27 28 36 36 59 63 65 68 43 96 19 43 31 30 86 60
95 82 86 71 12 14 77 74 44 53 26 11 82 68 68 56 90 95 55 25 65 91 31 55 88 1 25 32 69 27 28 63 93 77 43 81 58 26 6 36 72 43 86 6 101 88 15 27 97 32 74 56 23 74 51 19 73 6 34 29 33 24 40 20 83 15 72 59 11 44 15 65 54 -1 15 28 83 33 52 17 67 -1 23 16 6 61 73 84 72 12 58 93 56 37 25 86 80 24 66 27
El programa tardó 126 milisegundos en ejecutarse.
