54 77 98 88 53 16 45 56 16 57 26 16 32 56 90 15 72 53 46 61 69 37 49 3 80 20 67 54 96 59 58 63 29 71 66 99 87 1 28 85 16 31 23 53 44 40 36 65 94 50 6 41 42 26 3 33 68 32 74 55 36 80 100 46 62 55 47 31 50 22 89 29 96 5 52 17 5 32 83 3 43 32 73 69 75 100 87 40 45 8 33 34 51 30 54 26 21 52 6 17
68 89 61 26 94 33 29 36 34 40 3 2 14 2 63 17 34 50 43 77 52 58 25 53 28 18 81 89 7 -2 83 78 66 56 19 95 34 1 2 12 61 70 45 48 92 15 65 46 18 80 49 28 78 75 13 16 12 43 62 61 75 59 86 64 39 84 66 66 53 66 48 87 10 39 21 26 90 70 31 25 45 72 13 52 100 85 42 43 86 19 2 6 84 38 96 91 56 62 51 80
61 56 88 72 12 57 42 77 9 71 9 20 68 28 11 1 51 63 74 13 6 66 72 2 73 48 14 38 89 38 12 98 14 63 37 65 31 96 53 47 20 70 88 60 14 94 33 15 17 38 43 92 40 95 65 98 53 68 15 29 62 57 41 17 29 98 72 31 31 23 13 99 86 87 82 85 51 49 70 97 50 58 40 33 42 55 81 34 45 72 46 92 34 72 75 51 9 40 25 81
54 22 93 2 92 0 21 67 76 85 13 62 16 50 19 51 45 63 40 55 14 38 33 91 96 24 17 95 97 13 3 72 34 75 98 -1 10 10 89 93 35 39 85 50 62 31 31 72 89 -1 17 78 57 17 25 26 3 -3 72 53 64 20 38 68 25 23 11 38 82 80 63 39 53 20 91 25 4 5 75 51 59 83 101 44 93 95 48 13 23 51 15 47 7 44 47 73 62 0 71 86
35 47 96 3 10 90 100 39 53 36 88 69 63 19 78 45 92 7 6 34 16 21 86 95 81 38 35 38 47 65 67 34 16 18 12 30 21 47 46 82 48 96 45 11 20 27 46 24 17 52 80 75 33 4 99 71 58 78 7 52 53 52 63 29 56 33 40 1 58 58 64 5 37 86 97 17 91 39 45 56 11 67 79 26 51 15 92 43 3 8 23 100 61 80 43 55 54 18 59 11
87 91 34 16 59 38 24 2 19 81 24 1 85 88 97 66 18 23 87 79 85 45 56 8 18 48 88 6 91 71 75 87 36 0 71 46 67 83 21 58 2 20 21 28 50 69 5 15 35 53 88 31 5 64 97 45 23 89 72 22 67 -1 25 43 80 93 18 -1 70 -2 2 25 89 86 74 17 60 90 58 63 58 66 90 88 47 57 66 15 30 12 82 -3 62 31 95 26 57 74 85 58
4 25 33 34 101 68 58 28 91 29 42 70 21 15 26 10 66 60 64 7 89 5 69 70 22 4 82 29 15 76 94 12 17 70 87 38 75 100 42 65 35 19 26 52 92 75 30 37 90 74 35 39 94 36 19 93 69 35 58 85 63 26 64 79 97 75 31 4 41 99 78 91 33 78 65 35 52 53 31 70 49 41 67 70 80 4 52 66 44 62 81 37 76 53 13 4 8 76 29 5
10 7 10 45 15 13 100 85 96 75 68 39 33 12 9 87 22 89 44 58 65 60 14 82 100 91 88 34 61 -3 75 32 7 78 9 8 82 -2 7 15 58 33 36 25 74 77 18 66 73 59 76 93 13 33 82 85 99 45 19 57 9 90 56 71 4 56 33 54 100 24 50 62 68 22 44 72 49 74 25 2 21 54 4 13 44 74 41 72 10 30 96 24 60 56 21 39 98 17 12 74
25 27 80 34 25 36 13 67 10 71 30 23 74 48 61 12 30 6 85 93 45 90 75 43 25 41 101 16 10 21 60 97 55 90 38 52 100 60 91 96 40 26 23 76 65 92 73 55 12 2 66 69 94 95 5 48 80 7 34 37 98 66 6 29 102 27 101 46 68 23 93 84 34 25 32 86 91 20 14 68 97 72 51 7 77 9 84 48 66 84 25 73 10 17 60 51 93 39 44 50
54 32 68 4 7 92 83 3 69 50 75 7 63 35 92 -3 96 39 37 49 2 91 26 80 52 8 93 3 90 21 24 28 18 79 96 52 23 76 8 2 21 33 65 90 98 57 34 79 41 47 22 51 35 35 48 19 88 13 54 31 50 6 2 47 50 16 94 12 47 0 53 72 79 -3 27 13 64 63 35 79 86 47 57 10 97 76 85 54 55 -1 98 9 85 93 72 30 101 9 67 77
30 3 27 73 26 55 93 36 79 28 17 27 47 71 73 85 7 77 81 23 16 44 50 46 73 46 28 83 36 91 69 79 12 44 73 78 42 94 50 50 30 44 43 52 31 11 94 64 85 25 100 90 23 39 87 56 72 76 54 7 7 26 96 37 55 93 61 80 3 37 47 16 15 62 21 50 38 43 42 53 98 28 45 69 21 71 54 19 80 96 37 71 63 44 102 59 97 94 6 88
79 92 7 83 98 10 25 26 71 24 65 55 24 95 83 23 66 69 93 5 2 50 2 77 71 49 43 33 31 78 17 63 74 48 85 75 2 81 51 15 77 56 95 11 51 76 8 40 72 30 12 75 54 16 81 80 74 95 43 76 16 14 66 -1 78 77 31 54 15 0 88 66 10 29 18 21 89 83 13 76 80 15 58 57 82 81 97 -2 61 44 81 72 101 39 75 77 57 74 96 49
31 57 21 13 24 37 86 30 16 85 11 77 57 25 37 92 18 92 79 88 78 95 13 73 85 69 47 4 60 33 51 99 6 33 55 15 83 78 43 13 44 86 51 81 13 51 46 70 44 89 99 98 44 90 8 89 93 85 100 24 47 7 30 96 56 83 70 77 6 18 78 7 15 65 91 90 53 2 30 23 4 4 36 5 19 99 23 40 87 93 46 6 58 52 15 5 56 14 94 47
31 42 8 49 19 9 68 28 45 7 75 13 19 50 65 19 66 81 82 -1 95 62 79 7 87 42 21 50 86 4 4 65 5 68 78 56 37 3 14 51 16 87 13 78 42 63 75 58 66 6 9 93 66 29 99 7 100 50 28 80 90 51 54 39 95 42 92 3 2 2 82 57 74 4 57 55 29 37 96 8 37 69 53 85 47 85 52 16 60 17 24 6 59 22 21 18 33 -2 65 56
5 74 6 46 53 85 61 84 37 17 73 42 90 58 66 32 95 29 5 60 90 78 78 10 50 61 88 26 78 26 6 21 101 28 81 78 85 23 7 82 52 85 47 37 4 25 85 18 3 7 34 44 55 84 38 41 15 84 35 89 7 48 14 92 58 5 72 92 97 54 17 100 37 14 74 44 33 9 59 60 57 23 50 89 72 85 55 74 70 43 76 20 31 66 18 78 26 68 47 19
30 8 84 49 5 96 61 54 27 49 81 4 15 24 41 45 46 4 30 62 77 76 2 -3 30 81 22 -1 26 14 31 26 91 36 35 2 22 46 30 23 93 64 65 67 20 58 43 76 23 61 89 36 59 11 63 -3 27 85 92 50 74 44 92 6 14 4 17 69 26 76 4 73 64 5 26 80 18 10 30 19 80 93 75 2 34 66 61 15 69 28 49 53 15 8 44 54 65 64 3 40
81 49 26 72 7 84 3 86 25 3 41 15 27 35 78 97 79 1 83 52 48 60 11 67 3 23 83 11 62 27 32 34 46 5 86 90 44 87 99 29 99 90 16 28 45 86 74 32 13 70 47 86 34 53 33 92 80 74 40 90 13 45 65 67 82 71 100 29 15 50 47 11 51 12 73 27 45 48 6 10 14 35 83 16 49 91 99 34 6 85 66 76 100 66 76 68 68 41 87 39
43 26 5 30 74 37 100 55 50 42 79 15 54 57 27 79 51 53 18 61 98 73 41 2 66 58 55 93 57 10 83 70 50 5 70 83 101 66 75 54 4 91 83 73 62 63 55 43 50 39 59 15 96 63 101 -3 40 8 53 95 49 40 90 67 70 26 15 51 79 16 8 86 8 82 38 95 4 83 28 73 48 3 96 9 59 84 99 5 82 96 29 75 84 15 23 54 14 49 63 44
82 76 15 7 73 2 70 80 4 64 70 67 6 29 97 92 81 43 87 81 55 42 49 3 76 66 12 82 40 33 77 64 34 47 7 34 9 54 5 17 75 64 66 80 28 18 19 2 35 68 19 72 15 32 83 28 55 74 8 65 55 31 69 69 73 50 17 84 33 42 98 39 83 16 92 15 85 19 46 81 40 35 88 61 46 24 55 52 43 54 24 80 48 42 53 5 26 17 39 90
99 40 75 76 34 76 64 94 46 60 34 78 56 71 80 95 92 22 88 86 56 8 98 57 38 47 2 18 15 31 97 64 64 27 10 58 85 32 17 -3 50 35 100 15 4 13 61 84 38 23 2 72 27 52 83 25 56 13 47 36 91 95 46 -3 63 95 18 9 80 95 98 81 92 73 16 33 100 65 78 69 100 44 17 86 55 16 56 45 40 75 88 24 84 -3 86 49 22 32 81 -1
16 63 102 63 39 80 45 6 36 10 95 68 50 16 90 9 78 22 64 9 69 84 36 13 89 39 8 2 94 8 98 11 22 63 12 98 67 56 88 43 59 15 45 8 56 65 74 86 72 38 75 23 11 47 82 12 67 48 62 6 13 74 48 12 79 68 83 15 32 95 73 55 102 97 20 16 65 60 7 47 78 9 79 65 4 32 87 92 78 66 54 80 80 19 3 93 51 96 44 48
55 58 49 11 18 81 72 4 86 45 17 18 51 62 96 14 58 52 98 49 38 7 67 14 71 16 35 85 50 51 14 -1 41 5 25 47 56 12 51 6 22 31 64 92 34 80 14 58 81 17 95 27 99 91 4 16 75 29 77 48 25 4 65 50 15 25 12 64 45 56 53 9 9 76 94 79 56 58 54 64 31 69 48 35 51 54 54 54 45 1 87 32 66 61 89 54 86 11 14 93
19 67 12 42 91 26 28 32 56 25 56 38 96 81 15 18 55 26 94 62 87 12 50 14 49 97 3 96 45 63 23 62 56 37 98 58 10 47 67 48 32 50 93 54 90 43 54 22 98 98 100 28 66 22 95 13 91 79 73 46 68 82 52 76 48 17 57 77 39 28 35 48 21 25 12 58 92 19 72 28 76 52 99 55 42 82 54 84 43 53 66 69 67 45 89 61 96 27 66 24
15 52 34 34 90 17 95 55 86 81 84 62 98 79 36 6 27 26 22 84 98 16 25 24 47 50 75 91 22 -2 9 96 23 49 32 7 67 95 49 59 48 15 10 76 15 56 68 4 73 30 65 3 30 54 73 28 4 32 10 78 22 61 95 84 79 21 71 72 87 32 16 20 44 96 85 3 77 7 83 23 72 49 36 86 53 54 35 0 30 56 80 41 22 22 82 67 63 29 3 8
67 81 17 28 56 47 8 87 16 34 49 42 99 28 26 13 12 94 90 69 62 80 10 51 81 4 35 83 58 97 51 38 3 29 7 97 37 70 102 98 43 28 74 89 61 89 34 67 87 12 46 75 38 8 46 52 101 71 9 80 20 20 91 22 100 30 74 14 88 54 10 10 90 56 14 48 91 98 70 75 41 44 43 34 98 4 56 57 78 26 60 44 82 36 69 2 14 11 43 87
61 60 9 66 57 26 79 49 50 4 70 28 72 48 78 86 87 92 61 24 65 90 70 94 67 86 28 39 34 30 18 15 87 73 54 6 99 13 92 29 64 48 55 60 7 89 57 5 7 21 92 -3 68 39 13 61 43 29 77 5 76 68 51 15 24 36 42 76 26 69 44 65 80 53 90 18 7 2 69 -3 72 8 60 23 59 32 26 27 83 45 69 60 9 8 19 28 40 42 3 0
37 8 100 80 50 78 93 95 12 34 87 56 3 52 70 51 25 98 27 52 71 6 14 6 5 86 46 88 13 48 22 65 71 66 8 38 42 64 50 48 93 58 92 17 38 35 42 97 33 18 38 73 17 31 14 10 9 18 37 87 56 83 70 14 95 35 58 99 70 45 69 88 46 70 31 69 82 87 70 97 23 69 51 76 5 9 24 10 45 11 46 5 74 35 82 99 3 82 36 66
59 37 48 46 2 51 84 53 59 38 100 28 26 48 100 54 68 4 35 94 36 39 57 14 40 4 41 21 51 9 30 72 22 2 77 11 66 13 73 25 16 28 33 -1 11 69 81 20 79 26 91 48 56 93 7 56 96 40 99 35 9 54 46 7 72 80 58 44 73 5 81 -3 23 5 57 24 47 33 70 11 73 82 14 84 2 13 17 2 81 38 15 30 46 73 50 28 54 0 51 54
81 8 9 54 26 87 95 59 101 70 92 55 98 96 72 36 92 83 58 69 86 22 25 84 29 98 43 43 8 82 52 95 76 99 42 46 101 14 87 32 51 67 93 22 76 13 59 41 93 16 36 39 24 6 26 4 59 77 47 73 43 71 83 58 16 95 63 58 54 60 98 35 33 64 56 51 12 75 12 91 70 5 12 28 43 20 3 27 26 78 35 92 59 14 25 35 91 75 71 57
28 37 41 -3 8 29 27 51 4 76 37 62 54 57 35 56 43 27 63 15 85 84 68 40 70 33 55 66 5 49 32 92 49 58 37 30 58 2 79 68 99 79 81 15 55 92 10 63 41 93 8 2 71 42 71 2 68 52 31 45 95 59 57 18 86 79 86 45 99 19 84 40 55 21 6 71 69 21 80 20 33 51 17 32 19 4 20 77 4 20 75 13 61 78 3 21 44 13 79 41
26 1 29 8 45 81 6 58 42 93 45 2 10 23 71 59 26 28 70 100 101 83 9 13 34 64 97 2 79 44 22 2 80 31 42 27 70 36 38 40 34 32 95 48 75 32 90 38 27 67 88 65 79 60 94 41 55 11 86 51 32 61 90 97 46 4 55 32 13 83 87 24 24 36 81 89 4 83 102 77 7 30 38 8 24 72 7 51 97 61 18 88 4 45 12 55 64 54 81 100
6 48 47 36 33 60 96 62 17 24 33 81 25 20 61 73 64 68 37 55 92 -2 36 84 39 44 65 8 76 27 25 48 30 53 34 69 76 68 94 76 87 73 25 51 76 37 8 40 84 1 12 80 2 15 12 48 42 18 15 15 99 95 13 69 28 67 21 14 29 57 24 77 60 25 75 68 64 68 72 42 54 93 40 9 98 48 91 0 15 48 60 51 4 53 52 63 62 24 96 47
37 60 97 69 13 28 5 49 16 36 66 44 90 71 85 89 76 92 68 1 29 34 15 78 51 86 9 23 76 48 49 35 29 26 67 21 28 45 48 80 102 43 13 9 38 81 65 25 89 94 92 80 3 67 14 92 17 22 20 20 94 83 82 44 77 73 57 51 95 82 70 26 3 79 70 30 83 75 75 46 18 21 88 27 31 66 40 44 74 50 21 45 43 100 45 18 65 27 87 86
43 5 10 20 79 8 68 53 81 79 33 45 49 2 12 58 14 11 77 37 78 26 8 42 99 69 93 33 86 -3 39 70 90 8 47 14 89 24 88 51 20 27 59 93 93 39 24 61 30 23 95 -2 91 37 16 1 59 7 80 17 75 -2 52 5 19 78 88 12 6 90 48 91 2 73 61 23 17 2 90 8 17 43 47 19 18 53 29 29 32 9 55 57 47 51 26 86 79 14 88 71
85 36 28 60 54 75 69 95 8 88 8 45 98 60 100 73 80 36 9 98 69 34 13 69 83 60 67 1 21 59 91 9 34 54 10 88 55 59 75 37 57 65 55 62 8 46 88 18 102 51 52 69 96 91 40 53 17 68 46 12 39 37 94 19 27 54 52 27 4 61 13 59 78 88 69 40 71 39 97 62 37 32 76 94 102 90 10 19 70 84 93 12 56 66 44 55 32 8 84 22
98 40 47 47 36 95 46 65 85 26 60 14 5 35 23 92 20 65 91 -3 96 95 2 59 21 36 46 93 63 32 19 25 41 64 8 22 17 70 72 22 36 73 97 5 66 53 96 92 60 74 81 5 57 34 81 75 43 66 16 56 70 18 10 45 82 71 26 81 9 79 61 60 40 52 56 75 4 18 10 61 47 77 65 2 21 36 4 27 36 34 36 27 33 37 7 84 65 0 12 1
17 86 45 31 5 25 3 47 56 66 78 94 95 75 7 11 86 63 5 78 102 77 54 28 100 22 62 46 23 24 57 54 93 46 63 11 23 22 18 73 44 88 15 91 102 45 48 26 31 12 90 22 27 83 92 77 38 34 41 26 78 3 46 31 10 70 99 91 87 79 30 54 52 51 77 11 76 37 59 86 89 89 76 84 18 37 97 26 20 93 73 68 81 92 15 25 39 77 21 55
27 67 68 40 15 4 9 96 74 55 84 34 48 70 56 9 45 69 101 69 23 91 18 11 66 33 18 10 63 81 64 95 77 76 43 -1 40 37 36 63 80 1 38 33 74 25 84 12 29 44 18 25 67 77 64 91 38 15 31 65 20 26 32 72 65 89 47 56 43 38 63 83 95 3 9 79 60 19 91 3 35 51 51 91 61 12 44 31 78 8 66 95 54 1 17 58 27 15 84 14
25 4 11 21 66 9 99 61 3 90 22 95 5 55 46 75 91 100 82 93 80 78 27 13 9 24 58 46 50 31 28 65 56 44 71 68 20 64 78 25 96 100 97 83 6 29 46 6 21 6 57 25 3 73 74 12 39 19 7 52 29 39 95 26 102 51 91 33 49 66 75 100 63 70 7 98 15 62 92 19 26 33 8 64 66 88 31 98 47 49 41 78 66 80 52 32 64 59 78 33
95 89 86 -1 98 85 18 45 13 44 36 13 49 92 47 32 45 5 99 14 40 38 79 57 81 35 45 9 43 37 33 8 81 85 9 -3 51 63 18 2 19 19 83 84 78 29 5 91 17 5 14 22 28 61 40 74 55 89 55 15 41 29 11 93 50 52 6 77 13 18 74 96 37 18 55 29 53 37 2 79 8 51 10 68 23 5 13 48 87 73 71 66 71 78 96 65 36 83 84 57
53 76 23 61 39 56 87 28 98 32 40 18 88 50 23 17 84 10 62 4 93 83 100 20 6 13 12 59 67 10 12 5 59 86 83 66 60 25 37 6 73 21 22 2 69 94 7 73 72 84 46 13 14 73 91 55 39 33 54 75 76 68 48 86 15 97 97 21 34 41 37 64 59 36 102 59 46 70 93 63 45 100 78 14 61 27 94 16 88 48 50 48 58 16 5 54 4 20 91 66
40 89 50 92 59 45 48 94 53 57 49 12 64 58 94 6 78 6 36 36 2 7 35 4 33 42 37 38 26 31 62 2 85 17 68 46 37 34 43 89 48 79 89 73 34 29 61 16 33 63 28 29 17 92 66 76 48 34 46 88 53 16 100 60 99 26 25 10 60 65 100 -3 21 44 89 43 61 66 95 37 29 38 88 62 9 88 48 7 94 32 18 3 98 0 12 55 71 8 40 16
91 10 6 95 27 57 35 49 41 92 17 44 49 18 102 92 101 26 96 12 54 47 84 25 20 45 100 18 94 11 83 81 87 62 95 21 42 4 97 14 73 72 25 88 18 92 96 96 68 12 10 41 73 66 102 25 41 33 37 95 46 99 64 46 35 17 41 94 54 22 28 99 93 50 99 67 92 64 47 62 94 19 92 92 56 26 76 51 3 18 90 37 93 84 57 83 101 47 77 97
65 36 86 18 40 69 25 67 78 55 6 65 27 70 69 21 86 70 79 58 36 59 51 50 14 39 32 83 18 7 42 24 31 67 81 25 42 64 48 80 69 63 58 10 84 71 58 10 78 68 25 10 66 22 9 27 58 70 31 12 87 84 50 48 13 26 48 79 21 17 42 96 10 14 97 48 59 44 43 11 39 12 46 50 27 53 30 51 15 79 51 40 9 36 80 91 66 59 44 73
40 4 19 60 90 68 28 74 72 12 82 71 73 97 8 56 23 31 72 68 25 85 65 49 39 93 3 47 48 17 74 74 55 8 46 29 53 26 101 94 33 78 39 33 97 64 37 64 88 98 28 50 97 41 61 14 66 49 20 6 47 25 34 71 13 13 3 78 41 90 63 76 39 71 48 9 91 35 93 73 101 64 83 22 73 6 13 68 24 19 36 33 49 17 87 87 51 76 57 9
59 19 33 73 91 75 83 31 65 9 42 28 99 90 8 72 93 17 68 36 17 79 52 36 16 55 59 76 44 46 60 89 65 37 18 12 36 17 79 74 62 39 78 61 33 32 73 26 11 5 65 34 76 71 89 0 99 12 65 78 61 17 81 37 84 31 25 69 35 42 52 51 70 78 48 27 37 77 80 4 8 12 76 62 41 88 28 92 64 35 54 64 53 72 50 87 46 13 28 0
58 57 64 87 77 3 19 92 31 36 32 43 55 59 70 48 66 26 79 50 59 79 81 40 65 93 37 30 55 81 44 92 97 55 98 64 33 18 58 20 42 28 17 12 86 11 8 92 45 30 78 44 92 21 5 47 69 57 54 34 76 6 31 16 18 10 75 55 57 28 48 23 59 35 24 82 100 9 59 69 77 94 10 13 41 52 14 18 35 100 77 36 51 70 26 42 19 63 77 20
49 96 20 91 99 31 82 95 93 79 37 20 37 58 45 79 92 38 71 28 8 65 3 15 39 88 93 46 30 40 7 63 42 59 13 90 16 86 25 82 4 7 78 3 89 58 17 31 93 58 90 -3 28 9 21 26 82 4 5 70 31 15 77 17 70 35 61 39 18 40 73 74 99 2 19 25 12 62 13 85 38 18 26 87 60 -2 15 23 93 52 46 73 89 59 3 21 64 84 101 54
20 50 53 72 68 15 22 52 58 78 92 16 77 26 8 55 60 67 89 43 71 1 42 42 34 58 50 62 76 86 11 97 13 32 32 9 52 56 12 87 27 37 33 73 48 71 75 1 58 63 15 80 40 78 11 96 44 13 79 3 23 23 65 39 71 53 85 81 102 71 48 37 83 58 102 64 39 48 60 80 76 65 15 25 20 58 46 52 69 10 34 82 57 30 26 85 71 25 81 55
50 6 8 41 73 83 49 25 68 85 83 95 57 73 58 88 8 40 18 80 73 78 49 92 65 25 49 81 42 29 95 32 18 31 15 83 95 84 27 46 96 21 72 58 37 76 90 87 2 87 8 14 3 -2 83 20 89 2 25 84 42 88 52 34 36 49 67 66 66 47 34 88 56 68 13 31 21 89 75 17 32 44 52 50 76 5 68 75 69 8 29 17 54 19 82 91 2 67 13 69
37 28 88 59 15 50 23 31 101 63 84 82 34 25 32 12 5 58 101 81 18 92 17 89 14 55 16 88 58 79 38 100 15 91 12 86 53 12 45 28 89 84 84 25 30 92 66 1 36 84 44 55 15 28 28 3 54 57 92 100 90 54 83 66 27 15 66 45 80 16 74 7 85 37 72 11 51 93 53 18 21 8 60 56 29 20 23 29 84 87 101 99 58 94 86 3 98 94 83 84
60 -2 3 11 58 50 22 8 73 89 12 60 5 46 70 9 62 78 45 65 85 69 46 32 45 69 47 87 53 62 40 80 79 12 98 54 62 6 64 17 87 40 74 85 54 82 35 4 29 67 7 55 42 13 33 77 44 18 24 17 52 78 58 49 23 34 93 5 68 34 81 93 81 80 76 66 86 4 61 70 39 30 94 93 81 15 80 73 46 31 44 71 42 77 14 23 86 47 12 49
30 70 38 34 60 47 96 95 48 34 34 13 30 85 10 93 54 34 60 16 78 3 48 33 43 9 90 14 8 23 22 48 69 5 29 51 84 18 101 94 3 20 72 52 6 4 23 50 30 51 59 48 51 67 51 8 43 46 39 51 28 27 97 13 88 94 58 10 35 90 33 78 54 9 16 11 15 60 66 61 27 91 71 7 40 1 46 2 41 70 87 91 74 72 26 48 4 64 36 57
6 66 9 7 82 5 28 0 41 64 38 33 55 37 8 65 83 15 8 85 94 33 43 11 67 62 29 61 16 45 9 89 16 83 54 2 18 77 30 57 28 52 43 57 98 0 39 27 15 1 44 23 5 94 54 62 59 5 6 56 88 60 9 58 49 39 46 41 34 64 58 76 22 66 46 58 3 74 50 11 13 65 56 80 20 19 66 8 86 96 12 92 61 89 28 66 20 74 4 20
60 39 42 95 48 98 63 17 13 60 40 98 76 30 31 1 63 71 23 32 57 77 51 20 89 1 19 28 65 66 92 25 27 60 16 81 97 20 69 79 10 71 23 66 28 23 58 75 91 67 81 24 58 81 101 3 3 80 24 20 52 33 37 10 39 93 52 70 61 81 32 26 93 15 80 96 46 26 75 62 78 15 63 44 89 39 62 2 96 15 22 92 30 3 98 41 64 17 12 8
63 92 76 38 79 48 10 55 12 18 27 13 12 28 20 65 23 78 28 48 37 63 8 67 84 56 34 23 47 73 35 18 46 67 68 11 25 -1 29 47 91 72 66 42 36 2 29 73 88 75 88 71 7 94 95 6 32 47 15 88 65 48 41 16 53 48 20 59 73 75 74 42 31 38 61 87 98 79 12 59 76 95 41 21 59 4 31 46 37 95 46 69 81 50 65 14 55 3 32 87
35 34 48 77 95 98 40 38 29 74 81 72 79 5 52 49 6 98 62 17 46 48 23 41 47 53 13 83 102 17 52 61 79 42 79 40 5 98 61 52 52 90 4 65 39 57 18 77 33 66 98 37 56 32 10 41 17 19 41 11 83 9 53 98 64 100 11 27 30 56 100 30 14 3 7 97 46 57 73 35 34 18 19 78 5 70 49 69 93 95 72 23 33 99 56 15 86 61 18 76
82 45 66 84 40 25 86 32 33 4 3 83 73 8 101 14 86 80 80 60 91 93 15 86 47 71 53 63 50 74 39 49 45 49 50 64 13 36 60 89 22 0 2 91 73 17 66 35 88 38 6 24 37 29 35 78 32 85 79 19 73 89 47 53 27 93 81 66 78 88 30 84 70 36 36 8 26 23 56 35 57 24 62 70 82 49 24 34 73 86 86 68 5 27 29 46 38 38 27 7
78 92 85 32 64 52 49 95 29 34 36 83 94 34 22 94 46 16 17 69 32 65 60 47 81 35 10 12 93 93 4 7 101 80 10 41 21 77 78 42 45 9 18 59 57 82 31 54 85 92 16 79 65 23 53 79 93 14 79 18 36 26 22 81 70 36 40 69 26 43 5 60 95 50 16 82 16 67 56 18 86 81 55 14 78 91 49 71 90 25 64 46 98 43 50 97 42 16 26 72
92 78 32 45 64 68 15 -2 6 18 66 85 84 57 74 32 85 33 38 -1 3 70 13 3 69 55 8 12 42 9 30 89 42 59 76 20 43 27 81 48 26 12 37 79 9 57 37 18 17 21 43 50 97 42 11 92 7 -1 84 77 17 36 45 68 16 57 89 40 87 49 79 7 45 70 80 17 45 52 53 79 35 82 38 55 39 52 18 73 57 49 75 21 17 36 38 79 5 36 11 81
101 12 27 1 52 16 93 53 34 89 40 22 78 21 18 81 3 30 29 83 12 91 53 99 99 20 22 95 15 66 40 26 55 12 69 100 8 28 42 1 81 19 101 97 33 22 82 16 89 6 65 48 81 81 55 37 60 8 46 59 42 49 27 60 21 6 84 88 50 58 68 31 13 95 40 27 36 28 44 18 77 61 89 62 101 83 102 36 91 46 23 16 87 98 7 40 30 36 101 10
95 28 8 41 32 43 86 7 86 91 67 47 99 66 37 47 59 72 41 58 59 83 64 33 88 13 37 31 65 96 59 69 89 95 60 2 20 12 57 76 101 95 25 61 42 73 93 77 46 17 12 80 13 37 60 76 82 7 78 23 71 38 77 55 62 96 51 77 50 89 34 64 79 55 85 95 66 0 65 83 33 34 34 30 10 23 65 76 79 21 83 15 87 64 58 66 27 58 49 8
29 97 76 12 100 90 22 6 59 74 6 29 77 15 29 87 76 62 23 56 83 11 31 78 15 84 15 96 90 16 88 10 70 68 46 74 44 75 49 9 4 70 46 73 42 36 55 72 84 65 7 52 14 9 61 97 101 65 15 3 89 40 21 78 83 92 73 93 40 67 82 69 89 8 67 93 58 43 81 1 59 99 95 93 78 66 58 86 51 47 68 55 63 32 3 53 92 46 31 53
37 8 20 92 22 41 76 -3 95 7 75 27 9 21 59 69 39 63 43 81 64 34 16 49 40 95 93 77 79 65 46 82 100 -1 63 67 87 -3 33 2 68 55 20 38 86 81 91 65 41 -1 100 -2 99 57 65 3 52 74 83 2 55 60 33 91 29 47 40 92 12 15 79 85 61 74 54 48 56 16 39 66 30 53 20 76 57 18 34 16 75 76 53 95 48 9 45 96 6 83 72 72
73 40 5 8 82 92 42 42 14 94 86 46 17 16 75 85 95 96 32 15 93 59 46 95 25 30 65 14 69 88 58 16 16 4 36 32 38 33 59 20 7 60 33 29 64 8 16 18 60 48 55 68 87 4 76 68 30 28 99 42 3 25 81 49 8 83 47 91 40 52 15 100 95 44 33 25 87 65 97 56 55 70 17 84 54 61 58 25 58 22 24 100 68 40 52 88 11 30 5 59
30 46 90 9 32 47 23 47 97 9 20 15 25 42 99 78 44 69 57 25 45 39 35 67 38 40 60 0 77 58 23 52 34 28 9 34 67 0 3 92 55 77 13 48 67 43 25 13 27 50 74 35 89 89 33 67 79 39 67 21 82 52 59 79 36 86 21 56 80 96 23 1 53 37 21 44 68 40 62 17 79 72 43 81 88 7 25 49 41 86 9 59 66 81 22 64 83 6 27 48
31 95 9 92 28 69 33 79 66 47 47 67 102 95 63 64 12 73 64 26 78 59 40 69 11 66 13 56 16 1 16 86 45 15 102 77 89 35 27 66 35 75 33 69 58 89 53 55 93 14 98 9 97 41 82 6 39 40 87 5 12 53 30 64 18 91 30 44 84 12 46 65 102 43 75 91 39 30 29 71 47 74 60 100 30 77 22 50 38 76 44 21 74 20 61 75 46 15 7 28
76 13 94 77 79 76 22 89 54 75 10 20 14 66 69 71 27 -3 12 18 12 93 39 8 23 19 60 76 80 22 43 26 59 68 61 7 30 64 47 96 50 -3 46 19 28 88 71 10 79 14 13 30 53 33 26 63 36 78 91 12 10 20 100 43 84 87 65 -2 52 5 97 87 42 6 73 92 8 24 81 45 67 2 47 64 41 9 14 55 88 70 81 32 66 92 53 31 25 91 30 43
88 16 68 16 85 42 90 31 78 8 83 33 25 37 91 79 71 37 61 78 34 15 25 58 50 82 88 98 56 46 84 93 68 26 5 45 60 43 61 51 8 79 19 47 45 31 75 18 95 34 82 85 12 62 94 57 92 58 19 95 64 13 76 85 65 44 31 24 94 91 52 7 85 96 37 14 93 26 32 87 4 4 96 91 71 49 83 65 33 44 36 80 81 58 30 27 87 9 98 79
95 34 77 93 2 49 38 52 56 82 46 11 26 92 78 58 19 37 72 5 25 35 75 56 44 45 15 67 86 77 58 20 20 80 83 10 82 17 66 58 19 13 46 55 48 7 61 43 9 13 22 62 70 79 10 75 79 92 46 31 96 56 69 5 62 58 47 13 15 23 6 85 50 22 9 25 64 29 35 34 31 69 89 45 66 34 74 33 6 13 100 33 93 20 20 80 69 62 13 20
30 45 23 83 32 87 4 45 56 78 98 43 48 58 65 12 93 98 3 18 80 22 71 64 85 99 78 95 80 87 39 33 84 25 15 31 99 49 38 6 82 76 6 97 41 27 44 82 18 25 3 53 38 28 35 57 19 45 68 96 92 88 81 68 85 31 99 34 17 57 60 99 14 72 77 87 95 22 18 24 23 8 52 10 94 96 57 28 21 75 73 96 48 95 93 49 32 22 16 2
76 -2 53 16 76 53 91 5 93 78 89 9 66 43 13 -3 43 88 4 93 60 89 57 20 56 12 59 84 83 39 62 79 11 95 86 28 25 13 38 45 52 66 13 47 58 60 82 13 97 73 5 56 32 60 24 19 26 81 50 5 53 45 50 0 46 80 60 29 49 11 74 81 66 28 65 92 67 30 54 91 38 15 10 68 70 94 82 60 35 25 93 90 23 47 84 49 69 36 101 62
88 91 14 18 91 78 30 22 51 48 24 97 9 30 98 67 84 74 55 91 17 67 86 52 92 91 75 73 28 48 69 40 85 94 42 27 42 89 21 96 12 96 96 25 14 28 91 95 22 73 99 89 77 24 16 14 36 36 64 85 47 61 92 85 63 31 54 49 27 45 19 95 79 77 42 58 63 25 13 84 55 50 63 74 34 76 26 59 11 98 88 38 80 4 26 26 23 50 16 84
90 80 42 28 11 27 58 5 19 39 52 28 92 14 54 7 83 16 81 45 64 83 56 78 76 -3 44 85 66 34 57 20 101 82 35 13 32 0 69 11 92 40 66 18 17 68 51 53 88 63 85 7 80 75 60 64 79 19 42 17 45 50 82 2 47 70 87 35 78 22 41 41 41 96 99 53 45 19 16 23 93 56 97 20 46 9 4 64 48 59 76 45 37 73 4 93 63 43 69 68
86 25 32 38 10 79 33 28 16 66 60 87 65 21 94 43 49 13 63 28 101 40 22 50 47 92 17 93 89 40 8 13 96 60 52 64 84 53 59 1 101 70 102 73 57 15 46 44 89 37 64 39 88 16 60 57 24 84 75 53 40 99 68 35 80 80 72 10 78 40 75 33 43 97 87 31 99 48 21 92 26 47 95 34 87 56 87 85 18 73 13 51 13 94 78 72 102 8 31 88
39 64 9 4 16 34 99 79 13 81 15 39 46 3 33 12 28 92 50 77 50 59 82 55 14 41 65 22 95 50 85 72 90 53 70 3 18 78 22 20 54 88 6 51 56 -1 9 -1 35 40 9 -1 18 22 13 42 14 77 26 -1 68 41 81 71 75 33 12 85 71 2 6 31 71 3 30 37 99 89 81 96 99 6 17 15 9 94 4 12 16 18 15 61 36 82 44 93 53 78 43 9
70 87 76 26 3 30 89 38 102 76 48 5 73 50 39 35 61 10 36 55 68 83 62 18 76 45 101 78 6 73 38 71 35 52 51 7 86 50 75 98 36 93 75 22 95 43 73 48 28 46 7 15 84 6 12 19 5 64 25 8 63 90 91 58 7 32 101 74 101 80 32 13 18 44 59 20 34 93 27 21 85 12 100 19 101 19 98 8 91 91 4 98 72 18 89 55 51 63 20 31
33 24 25 57 22 35 5 95 58 50 92 80 50 45 70 84 53 9 23 60 79 34 36 58 75 84 7 44 99 90 25 28 68 93 54 66 28 61 35 87 36 72 60 58 36 48 57 94 75 48 86 88 49 66 51 29 21 38 36 61 11 28 89 43 99 92 74 19 87 87 21 81 56 81 52 23 20 27 24 56 30 -1 18 25 95 8 51 88 97 10 22 37 60 5 82 47 70 83 57 64
13 83 39 73 68 81 86 73 47 84 21 24 63 91 47 75 31 83 84 36 87 50 46 5 43 67 55 50 44 54 64 73 100 52 53 26 59 63 55 21 52 4 70 6 74 83 94 56 20 57 32 59 56 40 17 98 20 78 34 15 88 98 53 91 72 30 24 90 51 78 40 40 9 5 87 50 26 92 87 99 34 45 41 65 60 84 99 9 75 86 53 53 90 53 8 53 43 62 40 11
17 96 50 0 9 69 10 -3 68 5 3 45 31 4 55 1 77 73 57 35 2 65 98 94 99 29 90 94 15 28 72 81 33 22 75 62 55 46 72 7 92 59 35 91 61 85 96 33 71 19 31 90 21 26 92 25 93 92 22 2 96 1 62 24 44 -3 75 57 90 29 80 69 7 89 84 26 98 67 48 7 68 71 28 91 8 12 86 11 62 42 86 75 38 2 20 73 60 69 90 26
42 2 36 69 40 67 74 36 95 66 85 82 73 92 54 17 63 57 89 76 30 42 59 31 14 11 68 13 86 62 75 77 100 77 70 57 67 2 91 90 60 21 9 44 95 32 52 59 92 30 19 79 88 51 56 9 98 72 84 11 53 64 57 39 15 92 8 71 65 26 56 96 69 54 27 93 11 60 82 24 20 51 81 58 66 9 22 39 98 61 97 9 6 77 29 93 26 100 58 51
87 56 11 40 93 7 38 9 51 86 17 38 33 89 62 46 17 16 29 92 87 42 86 9 85 40 48 75 101 -2 20 96 68 18 41 89 56 52 60 80 5 41 66 0 32 20 66 63 38 71 8 -3 82 82 15 9 61 35 84 50 23 94 33 59 49 55 9 76 8 68 69 19 52 40 18 23 26 67 54 84 5 87 96 35 24 48 90 36 67 53 68 65 79 64 31 26 31 -2 26 47
42 5 70 40 29 16 20 44 40 16 30 74 38 84 27 5 9 76 40 33 83 45 85 67 90 73 34 69 53 51 44 19 13 17 91 28 101 40 69 18 51 7 32 11 93 65 23 78 20 20 24 39 19 51 79 15 58 85 59 78 93 79 67 49 102 70 7 70 84 1 43 81 54 3 67 80 77 50 31 10 4 77 66 38 48 98 92 52 41 37 63 66 95 62 98 62 94 41 79 80
67 80 39 92 47 30 57 39 87 11 78 48 58 86 7 89 46 80 23 61 54 4 101 52 25 34 4 70 80 48 27 56 81 79 55 49 43 93 17 65 77 52 45 91 55 96 96 13 64 4 17 91 92 12 22 15 47 82 9 42 97 27 24 85 73 36 80 69 4 65 52 65 43 84 73 40 80 13 85 75 25 18 66 53 78 53 72 22 21 32 4 72 71 91 16 25 21 3 23 51
9 48 90 67 45 60 95 13 99 19 72 23 46 100 54 100 38 49 44 25 36 95 98 97 8 61 63 69 65 35 56 40 31 22 22 89 38 4 82 43 55 72 49 20 79 46 10 76 101 18 28 52 61 9 74 19 92 82 14 79 66 83 87 94 59 53 89 85 47 97 31 48 85 77 94 37 89 13 99 46 23 95 12 56 19 38 92 81 22 3 98 98 91 62 64 28 32 98 78 68
46 59 64 85 61 41 69 34 47 51 26 2 36 44 88 51 94 66 94 33 63 42 45 44 19 86 88 31 94 46 46 78 88 80 60 61 63 85 58 6 53 0 82 32 26 30 94 12 61 41 57 57 30 18 32 62 81 81 71 51 92 96 78 91 27 45 6 31 66 46 23 3 78 63 89 78 25 73 75 58 26 13 50 79 90 61 50 62 10 71 100 58 79 27 51 9 96 17 77 59
63 43 82 26 40 53 101 52 41 73 72 97 20 31 30 46 95 87 100 28 30 38 41 81 54 30 47 29 94 29 41 90 102 28 22 6 97 23 98 47 5 13 34 64 84 33 56 87 35 70 10 6 64 62 55 25 24 36 70 82 94 93 85 28 62 7 27 49 68 64 37 9 46 44 61 26 14 100 35 47 24 69 85 64 66 33 54 60 90 95 3 57 94 60 74 80 41 47 38 71
83 87 2 96 91 37 62 62 98 88 82 0 98 45 70 33 81 46 68 93 59 59 80 93 74 75 26 84 75 23 32 72 52 65 95 1 88 9 47 19 7 39 20 25 54 41 55 18 33 55 47 94 85 6 91 43 92 86 19 96 81 5 34 47 59 63 41 49 57 27 40 38 87 55 89 68 99 41 82 75 24 14 76 22 21 64 2 18 89 43 15 62 27 32 43 90 85 27 26 73
63 79 15 54 90 50 89 65 31 2 96 78 76 86 34 99 17 96 11 98 43 61 22 61 21 52 95 59 57 82 61 83 12 37 59 85 27 93 49 61 48 65 16 53 84 31 54 87 22 69 19 30 19 65 62 29 32 51 38 32 11 47 57 55 84 79 65 81 47 4 17 87 77 41 26 89 4 72 33 22 28 93 36 95 70 13 86 52 32 50 48 26 99 1 47 82 73 4 44 65
34 50 77 26 28 75 97 32 61 35 46 34 29 44 6 54 48 93 97 43 66 78 52 7 101 47 13 6 68 85 56 12 42 87 89 38 79 74 32 38 81 57 101 31 8 49 55 60 46 85 6 83 44 18 95 50 80 24 52 13 51 64 87 73 43 -1 60 72 76 20 35 12 52 75 2 65 48 52 69 53 56 8 9 39 58 27 14 96 43 14 56 10 17 28 25 73 2 93 27 38
66 47 3 12 3 87 59 66 73 50 93 22 70 33 95 59 25 30 48 66 46 9 27 75 28 60 80 97 85 5 84 90 54 9 48 41 18 86 96 60 100 14 59 49 84 83 67 45 55 95 68 68 9 67 7 87 84 74 18 39 81 17 12 20 80 8 44 10 67 80 14 57 38 79 36 30 45 98 6 97 47 84 39 67 65 36 42 25 27 11 29 37 60 34 59 11 31 17 91 76
64 82 52 23 90 14 6 71 12 88 43 38 4 70 99 36 32 59 68 51 60 29 11 81 47 51 17 78 61 37 15 37 55 64 96 13 99 57 66 47 53 43 68 9 78 41 67 83 10 43 20 57 101 48 92 88 25 71 52 70 61 2 86 50 23 2 88 82 101 35 51 49 50 30 54 32 36 64 73 41 96 15 65 94 53 77 54 59 63 23 35 54 25 56 60 50 20 74 85 71
17 47 88 96 44 56 14 60 56 30 18 44 40 34 67 65 6 18 10 100 68 27 17 69 65 15 52 27 30 76 28 93 60 33 68 29 101 18 78 94 38 83 52 73 5 4 65 9 61 44 83 37 60 66 9 61 37 5 27 96 48 42 35 33 80 19 52 83 99 19 100 83 59 12 88 88 72 42 92 53 77 54 25 91 79 6 11 92 99 68 26 27 96 30 33 10 18 36 93 30
46 68 85 -3 30 31 28 22 58 38 3 39 49 4 53 38 10 18 48 29 90 52 101 63 47 93 99 18 96 89 88 82 19 43 43 69 95 20 22 57 62 70 41 26 8 10 15 37 37 45 38 93 41 68 97 4 93 7 37 42 32 66 56 14 27 39 70 13 48 47 52 70 38 10 18 66 39 19 74 30 18 65 77 -2 94 24 34 64 24 88 71 44 69 23 34 88 101 73 48 15
76 63 37 49 87 92 29 48 36 67 25 24 90 16 67 50 69 26 36 8 35 72 71 22 44 50 7 41 15 5 78 25 22 75 63 3 81 66 79 31 73 3 29 45 91 6 45 36 37 76 70 62 62 87 98 54 70 16 58 52 14 69 30 63 88 94 45 30 12 25 55 49 7 99 84 69 21 94 61 81 31 21 17 100 41 83 83 14 51 82 42 89 92 59 27 87 46 67 7 75
57 5 3 86 98 27 4 33 13 54 60 88 73 -2 69 13 93 56 17 62 18 -1 90 28 74 9 45 46 82 47 88 29 81 62 44 26 63 12 43 5 38 96 8 37 32 37 49 37 29 26 80 8 91 65 33 42 34 31 44 92 67 6 77 70 51 17 2 80 47 58 22 48 32 79 23 72 2 49 49 66 87 3 84 46 64 71 53 67 33 30 22 80 46 36 66 86 88 76 69 81
23 47 3 36 49 84 51 51 11 74 8 31 90 20 49 71 21 10 59 42 86 98 93 31 60 11 38 67 37 52 93 82 14 25 67 70 34 75 48 87 45 27 100 71 23 47 98 65 64 73 87 29 48 88 88 82 82 44 64 86 59 4 80 68 48 50 35 53 33 32 7 54 12 4 57 63 56 84 82 65 86 12 28 8 35 51 93 7 97 5 47 47 57 29 36 32 28 30 6 57
15 60 91 74 15 72 14 39 63 21 28 8 51 87 76 42 57 67 92 18 83 23 72 11 20 49 26 33 31 4 16 26 29 65 5 71 67 21 79 70 92 77 10 36 10 78 8 23 92 30 58 28 39 53 92 93 98 50 59 15 38 60 31 19 74 15 85 2 11 4 23 26 41 10 48 90 30 75 81 84 68 18 43 -2 18 27 30 30 92 15 96 12 74 38 56 47 9 58 12 62
82 37 7 5 71 100 30 67 66 38 61 89 79 33 21 55 7 67 17 34 80 11 90 16 92 2 78 69 77 57 61 85 82 91 19 53 35 18 60 64 39 47 67 6 28 23 30 90 5 88 42 12 57 78 39 39 61 4 23 76 56 25 57 65 96 51 48 46 43 62 29 93 55 11 58 44 90 78 59 26 57 71 42 69 15 70 77 36 4 5 52 47 40 38 77 38 11 56 79 62
41 74 18 74 34 67 23 82 101 0 49 72 85 13 5 83 33 88 86 9 35 85 69 82 37 15 59 43 78 88 10 90 23 23 17 94 84 40 18 50 79 46 23 37 64 43 3 52 3 80 25 83 44 20 63 4 6 72 50 50 92 95 101 86 61 68 70 48 72 85 5 1 54 44 40 25 11 24 48 14 68 8 94 57 87 29 69 37 96 54 64 71 95 1 38 3 66 87 53 42
El programa tardó 124 milisegundos en ejecutarse.
