23 26 16 73 65 47 33 64 96 43 52 62 30 52 11 96 31 91 79 92 71 51 15 82 28 68 62 65 44 77 74 85 70 95 73 65 91 14 32 47 61 48 91 85 47 58 96 50 49 8 25 94 86 66 67 73 76 94 91 97 102 59 85 22 62 97 60 20 15 9 33 66 5 23 63 36 9 35 87 20 63 8 35 93 84 73 10 40 43 71 20 28 48 19 21 31 19 17 64 71
92 36 87 77 57 -3 79 65 40 6 34 64 99 9 69 91 25 10 49 4 63 58 7 6 81 24 39 34 40 41 42 95 30 65 68 56 100 41 75 95 87 67 70 70 46 89 12 87 49 31 39 86 63 76 88 16 12 40 15 87 68 9 32 64 41 65 27 86 45 37 15 88 91 78 77 -3 22 1 83 2 47 55 52 7 37 83 92 63 42 43 10 40 79 46 77 80 51 11 81 18
27 10 33 83 95 25 75 91 93 71 89 75 82 89 75 61 65 22 99 20 82 90 79 59 4 68 84 81 12 91 19 26 27 48 94 12 61 70 35 86 88 70 82 33 6 27 27 63 43 55 7 60 89 80 96 39 65 68 3 28 48 30 30 83 23 90 81 98 30 62 22 68 63 58 61 41 30 24 15 82 49 59 36 62 28 83 10 89 45 72 34 66 25 70 75 94 62 100 9 19
93 42 59 25 77 10 84 31 101 50 95 39 21 10 52 87 65 51 15 85 79 80 57 62 45 42 58 20 55 79 55 33 93 -3 21 63 98 7 19 87 10 8 75 82 76 33 15 33 79 90 64 2 71 66 89 8 71 90 43 51 3 21 31 29 50 11 39 -3 23 6 2 28 21 34 32 35 37 22 54 63 93 18 85 21 34 62 62 12 60 91 84 80 44 55 57 73 12 67 52 16
47 82 36 39 32 66 60 16 98 43 64 99 50 89 40 4 56 14 29 46 46 28 82 27 23 52 86 15 33 67 64 46 26 53 7 6 56 95 38 47 4 16 34 11 88 2 98 55 92 17 96 87 22 63 72 63 92 21 31 86 70 59 37 33 93 73 29 9 26 92 35 24 71 59 94 65 65 83 42 51 83 22 75 30 70 68 31 91 35 69 30 63 12 28 6 82 82 13 11 4
30 6 19 72 12 27 89 57 90 39 95 53 95 24 70 72 99 42 10 18 9 49 37 16 30 66 19 83 82 82 48 43 70 37 16 70 101 5 83 13 91 90 72 86 87 19 77 69 21 92 97 87 29 66 29 15 56 11 2 -1 19 86 47 38 38 84 69 46 59 86 75 67 100 68 56 88 101 29 17 72 38 94 95 87 49 71 43 27 75 68 48 37 56 77 58 10 27 60 42 46
64 18 57 10 67 95 4 46 78 16 91 28 66 28 33 40 101 15 40 71 62 91 31 86 24 65 52 6 63 13 41 11 80 37 79 21 98 45 67 100 101 60 59 75 79 88 101 66 28 97 90 68 22 57 48 39 75 22 6 98 60 62 54 56 28 64 58 72 22 69 54 27 63 21 49 96 79 72 7 21 71 76 84 55 77 12 84 90 62 51 29 57 6 94 29 23 66 95 96 13
74 5 99 1 52 79 85 60 89 47 61 13 55 65 72 78 56 85 101 4 42 34 101 5 66 40 67 12 94 26 30 2 15 55 71 21 79 30 46 27 77 76 88 88 22 91 26 57 32 83 53 59 10 49 43 30 18 21 46 71 2 17 13 74 63 40 95 16 8 77 40 32 94 38 53 87 67 35 22 23 62 54 27 61 44 67 5 86 8 70 62 79 17 51 100 93 60 20 8 19
29 77 17 42 51 100 27 86 24 37 58 33 72 27 6 39 92 14 90 58 31 31 4 85 96 52 86 78 62 24 38 48 45 84 93 91 3 91 66 11 49 100 84 64 48 34 58 16 70 28 94 15 38 31 50 40 32 93 46 10 49 90 100 96 93 52 9 95 82 30 23 20 58 41 68 76 73 100 57 50 94 72 75 31 72 29 86 98 95 69 13 10 65 67 33 87 85 30 15 38
31 47 81 79 62 44 85 60 71 17 16 61 35 37 44 89 22 50 56 96 86 57 79 95 82 2 41 10 70 93 66 14 82 65 13 87 51 68 25 49 84 79 57 17 99 7 91 41 8 71 30 95 26 36 16 3 88 86 85 26 32 15 64 96 41 54 60 94 80 31 30 7 74 4 97 7 25 7 15 67 82 0 101 10 66 90 28 -1 101 89 70 43 2 31 4 1 15 69 46 79
3 79 58 94 48 16 66 78 20 17 3 81 67 18 7 5 20 80 23 45 5 58 83 72 100 62 61 16 58 78 10 35 9 19 66 7 7 23 42 56 8 71 16 40 8 10 74 70 26 98 12 58 14 2 39 63 101 30 90 15 29 9 61 70 7 43 26 97 26 54 25 47 15 28 15 13 60 57 93 76 35 99 35 40 62 43 65 10 30 39 61 42 102 62 66 65 16 19 61 71
53 83 17 1 68 25 93 31 92 22 10 -3 13 -1 12 87 16 57 95 36 74 36 15 74 75 -1 58 17 88 31 3 27 35 16 45 58 27 86 56 7 20 86 53 11 89 56 15 56 16 68 6 45 30 43 41 54 21 -1 70 47 62 63 88 42 67 61 95 66 38 25 5 34 62 79 75 77 2 13 66 25 34 31 63 56 63 64 84 -3 52 95 92 92 27 60 58 34 70 58 81 63
12 6 60 47 24 69 23 73 95 28 64 17 65 83 99 3 3 60 75 70 16 82 56 56 30 64 5 1 93 23 32 74 24 100 100 82 3 42 38 34 17 77 31 2 38 75 18 19 59 16 84 62 18 6 40 58 88 34 27 40 33 99 7 14 54 95 35 92 22 51 74 48 70 27 91 81 62 77 21 96 64 73 5 11 63 27 11 42 45 30 21 34 95 75 39 53 29 11 95 56
85 43 47 33 59 -1 66 39 78 66 60 19 36 37 60 22 26 55 75 67 42 90 91 31 58 78 95 68 8 36 49 23 63 52 3 89 83 85 2 72 59 69 19 68 77 61 30 43 49 61 69 71 12 55 86 70 88 40 70 55 87 19 52 2 97 75 16 16 41 51 16 88 13 0 7 -3 83 0 6 31 56 61 60 0 6 92 62 5 50 37 99 25 24 38 7 34 31 10 8 12
73 10 73 85 29 57 93 91 87 44 79 76 101 73 86 27 40 71 67 86 69 7 98 66 94 42 63 36 71 7 97 69 12 79 83 3 34 7 55 98 26 25 32 21 35 58 9 35 64 41 54 32 99 41 27 93 69 76 27 25 64 23 65 84 77 2 28 55 88 39 61 36 35 4 86 38 4 31 8 82 67 64 18 71 32 55 84 67 24 75 15 17 8 45 57 33 81 64 7 39
93 3 67 80 58 31 43 0 66 50 75 47 92 36 60 61 15 31 17 93 61 39 15 1 83 95 100 24 62 42 15 93 33 2 48 11 97 75 74 6 39 75 61 32 92 68 69 72 10 36 67 81 69 74 81 81 10 -3 57 20 51 95 41 82 38 82 49 52 71 29 22 93 66 1 27 53 95 56 39 57 61 11 27 -3 97 15 52 4 29 27 83 38 51 43 92 87 68 68 62 61
12 93 33 15 13 66 29 99 7 12 100 87 101 34 38 70 64 13 95 47 10 32 37 21 50 17 39 46 33 30 29 40 79 33 7 8 83 46 27 74 29 83 85 70 72 69 99 95 81 15 68 92 82 33 91 91 53 85 97 91 25 35 68 53 101 16 89 23 72 7 20 5 12 41 14 42 85 79 12 3 11 1 21 80 93 97 83 73 47 56 19 46 87 84 29 98 44 23 64 45
25 52 3 40 26 51 7 37 85 27 42 2 45 20 11 31 90 94 88 5 83 63 26 18 97 21 68 77 2 11 93 51 45 26 55 2 58 5 22 24 64 35 14 -2 10 69 44 37 29 8 13 -1 91 6 53 36 87 3 52 19 14 9 70 13 98 1 40 29 34 37 13 21 76 30 18 89 91 74 44 39 3 46 15 2 6 81 21 86 73 60 84 86 3 4 97 81 67 31 47 77
68 8 21 85 92 55 58 24 91 25 44 65 3 99 54 9 39 78 43 10 25 19 57 51 45 93 94 39 22 11 46 34 34 76 82 78 76 67 9 58 7 1 7 56 97 99 56 71 51 62 38 83 53 14 29 60 58 19 27 43 7 47 71 39 63 32 66 11 87 100 15 66 34 69 66 67 38 41 15 69 74 24 92 72 20 62 30 60 23 81 66 31 67 92 32 70 70 24 40 66
4 18 98 43 97 55 97 40 97 88 14 69 39 10 23 65 82 27 86 12 22 22 62 14 89 60 45 14 94 21 52 61 76 22 2 67 2 86 9 47 23 35 71 40 44 22 90 73 52 42 74 68 5 78 60 26 75 12 95 95 81 19 46 60 99 48 54 45 17 11 60 13 19 63 6 59 26 91 6 5 84 15 96 25 82 16 20 61 34 12 16 91 72 30 96 63 17 21 57 24
73 94 102 8 52 57 43 80 88 28 95 18 92 6 82 58 40 35 79 81 100 60 98 14 31 43 69 65 45 23 3 5 95 85 50 23 85 7 24 84 16 53 62 50 83 84 21 22 80 54 28 2 78 12 26 81 89 66 9 5 24 74 12 78 58 66 74 20 35 83 64 12 57 97 97 25 23 56 9 41 93 71 20 52 18 60 36 47 24 40 55 79 95 67 3 9 61 85 19 56
54 88 16 61 91 82 95 31 27 80 30 65 40 96 98 13 101 -2 97 26 51 34 73 33 98 93 76 14 35 17 42 61 38 75 71 63 50 70 9 73 71 35 58 96 80 60 58 23 69 57 25 70 49 3 20 30 4 29 33 3 75 85 91 49 57 48 75 27 48 87 21 0 30 82 82 -3 3 94 18 66 61 15 10 37 8 27 29 87 58 5 15 94 84 51 86 15 11 27 79 64
43 25 43 2 41 83 60 69 100 84 32 19 86 76 81 17 100 24 22 87 61 42 66 7 61 82 46 4 18 20 6 3 20 19 40 96 90 16 95 10 51 9 17 97 16 41 81 58 78 42 44 74 65 75 25 33 101 1 24 59 11 8 53 34 6 100 81 76 30 50 41 47 48 50 9 62 9 37 87 46 100 19 32 19 5 43 41 78 24 9 86 48 82 88 6 1 102 28 15 52
14 9 26 46 29 71 45 9 51 37 34 74 75 35 93 66 46 60 11 92 33 79 92 62 28 7 90 84 44 74 62 28 66 91 10 90 55 80 69 21 29 41 81 78 37 11 25 39 64 56 49 51 87 29 25 80 46 51 44 45 87 32 51 19 60 80 56 35 88 58 61 8 17 35 91 47 41 9 43 40 37 92 71 29 11 62 25 24 26 24 5 52 19 24 57 57 38 11 37 35
18 64 91 7 8 27 37 5 90 85 51 4 82 49 13 38 19 85 65 67 92 86 43 76 92 74 80 66 50 54 61 67 99 21 101 76 47 57 41 83 73 33 21 49 95 100 67 54 72 9 34 44 57 86 97 71 80 58 44 15 14 2 25 80 18 77 12 46 7 88 29 51 52 4 10 86 39 52 54 2 55 18 65 15 3 59 50 22 75 39 23 50 6 22 91 93 86 39 56 72
84 68 17 37 45 92 96 19 33 64 4 40 84 19 75 23 92 2 28 74 85 65 87 3 74 94 89 86 54 67 24 12 16 61 20 12 64 0 38 6 88 42 81 90 32 58 31 7 98 19 19 32 80 44 83 59 77 8 48 49 57 86 58 56 24 61 84 50 48 77 64 95 50 1 14 62 85 15 45 3 60 48 15 32 41 1 22 17 45 45 43 15 76 6 44 33 85 71 43 59
45 27 83 42 82 2 67 39 19 73 90 7 67 49 90 86 57 91 18 9 71 27 73 61 32 90 54 93 28 83 8 18 6 5 19 1 57 81 28 58 102 63 44 31 63 89 91 18 22 14 25 10 19 54 67 95 102 26 91 72 47 77 69 22 10 77 76 93 94 32 22 44 32 89 62 24 83 84 63 56 85 83 17 15 71 3 9 12 62 50 78 23 54 82 35 97 11 71 26 53
101 85 53 39 80 25 60 70 6 30 91 17 98 88 90 96 83 18 89 27 51 68 62 31 43 14 88 90 8 67 16 20 56 41 73 92 79 80 45 58 43 -3 78 49 9 13 81 27 77 56 87 81 68 25 41 94 90 84 71 26 48 23 11 74 3 91 61 25 17 48 48 29 36 4 34 59 70 39 19 89 53 20 67 21 80 71 21 85 64 84 94 49 46 94 50 45 82 -2 48 70
77 19 97 94 96 58 100 8 68 18 101 38 29 57 11 49 70 86 101 75 82 44 67 29 31 14 36 4 78 92 54 12 83 82 6 35 56 91 93 89 92 28 88 71 98 45 65 63 98 92 68 55 67 74 58 52 20 67 46 34 95 66 48 43 83 95 100 77 60 47 82 80 13 98 32 46 29 44 22 61 100 37 40 14 54 70 81 85 17 23 70 66 62 50 46 80 52 37 52 42
61 70 76 69 98 16 26 96 65 34 22 23 98 55 13 7 2 9 101 18 34 59 70 3 53 52 22 60 20 4 51 47 62 42 56 55 45 1 78 -3 77 13 84 69 48 -3 49 82 44 4 70 69 44 42 72 5 46 73 47 9 32 49 3 43 66 10 10 18 39 53 5 27 15 75 49 86 96 40 70 92 51 41 84 75 44 94 71 53 89 -3 56 86 15 -2 38 38 62 73 9 66
43 79 67 85 102 66 67 34 81 61 102 74 32 83 67 50 61 27 74 90 7 61 37 94 94 43 61 86 32 83 9 79 101 95 5 3 45 15 91 28 44 5 19 14 47 65 77 25 71 64 55 37 24 93 44 79 13 18 13 68 80 53 58 73 83 4 24 21 76 38 12 94 71 13 32 79 61 50 47 63 48 22 48 84 21 34 40 2 94 44 74 34 94 26 58 24 36 59 92 49
14 20 7 10 63 35 89 32 3 74 36 47 35 86 58 64 2 34 61 83 11 51 70 34 22 32 25 68 75 59 58 72 55 73 20 1 26 13 12 13 71 47 20 44 48 40 94 82 7 13 7 19 4 71 28 8 88 7 92 77 93 -3 8 92 81 58 59 26 81 32 44 -1 45 46 93 38 89 86 36 38 23 8 55 74 93 10 33 57 16 86 25 7 93 85 35 59 4 86 28 22
18 56 38 31 33 66 5 39 100 23 16 11 50 79 99 49 46 87 27 89 89 82 74 18 49 49 41 69 26 20 79 64 47 33 52 32 38 63 19 78 36 21 34 26 63 13 13 24 48 59 24 43 32 30 37 82 92 16 57 47 25 90 85 26 6 84 93 87 59 66 99 64 58 54 94 1 23 86 50 82 11 17 56 85 21 16 66 53 22 60 100 97 75 74 49 15 65 65 62 15
6 65 11 33 62 26 64 61 100 10 43 5 99 60 40 88 12 75 81 24 43 35 38 40 79 52 26 81 72 78 38 75 48 66 66 49 23 48 68 25 25 50 60 35 89 38 73 70 101 66 18 48 19 72 99 7 36 38 83 93 22 17 89 20 77 34 70 -2 70 10 90 77 59 12 55 27 41 68 45 19 3 15 2 39 65 57 88 23 25 79 64 96 44 6 91 30 8 88 13 36
79 7 19 96 3 8 69 52 8 31 85 87 63 39 41 39 53 76 38 51 23 34 6 40 22 96 93 16 97 17 77 58 100 68 101 83 19 2 36 7 60 42 31 61 81 46 45 77 48 48 85 28 40 34 54 88 28 59 93 12 82 98 66 64 5 34 37 42 81 27 30 74 44 98 19 17 79 8 79 92 70 27 70 67 83 7 24 97 101 42 46 32 60 81 69 100 58 41 86 65
52 83 25 72 59 3 4 38 74 17 29 37 77 79 55 39 47 92 73 81 27 4 94 8 74 55 42 72 15 25 7 38 87 -1 91 75 63 54 5 14 95 0 99 50 80 36 86 20 27 11 9 37 65 21 22 -1 41 81 21 31 48 83 21 7 54 73 2 -3 97 20 68 12 5 21 34 3 71 14 54 26 53 27 9 52 82 68 36 71 88 0 44 35 87 14 90 11 87 86 78 64
45 75 61 15 63 49 63 28 90 21 101 4 58 67 80 76 21 75 71 55 26 18 25 84 101 22 41 99 66 16 53 72 8 29 91 53 4 12 72 13 4 28 40 20 64 32 27 90 92 59 20 84 43 71 23 33 85 15 91 23 8 63 62 71 11 19 54 98 51 16 102 85 23 27 12 9 95 77 69 32 92 39 93 6 28 58 63 84 94 70 17 2 4 43 56 8 30 91 92 44
43 54 66 59 30 58 52 10 18 69 51 7 41 18 91 67 8 59 60 51 84 69 40 71 62 60 44 47 49 15 94 30 92 72 101 63 50 10 95 61 5 12 10 69 55 35 21 71 28 16 87 92 89 19 39 88 88 41 57 61 37 56 13 1 68 18 33 33 22 96 95 82 20 57 45 73 33 6 17 12 33 95 51 24 13 33 81 29 85 56 36 1 52 10 7 59 2 57 77 85
23 98 77 22 34 69 19 2 73 18 102 81 100 15 5 3 59 93 93 44 76 5 51 35 68 28 8 78 23 93 58 86 91 2 11 91 60 94 89 81 15 25 64 55 71 68 79 97 68 95 36 10 58 93 35 70 33 8 12 7 8 5 53 41 94 98 10 63 24 84 59 56 9 98 65 52 32 100 43 16 6 61 32 38 78 65 54 48 46 74 4 38 74 43 68 41 13 65 57 64
45 7 54 55 3 69 70 75 3 79 88 34 45 32 88 75 32 33 95 18 60 18 95 64 74 5 33 91 50 95 51 -1 55 24 29 15 66 28 7 15 62 26 37 71 101 29 65 59 96 64 84 75 16 20 94 89 43 81 20 9 66 67 87 21 31 41 88 87 19 12 38 36 81 28 74 54 72 95 63 67 68 45 20 79 88 43 97 31 40 80 93 -1 39 95 48 87 64 35 42 13
14 56 73 29 6 16 9 54 13 96 32 19 53 20 46 48 71 99 11 87 41 21 75 98 52 48 33 80 45 77 86 3 11 28 97 52 42 34 53 100 33 27 6 81 54 18 32 25 78 99 87 85 38 11 47 4 99 62 6 17 77 79 98 28 10 43 25 39 80 73 37 65 23 66 72 21 9 38 97 26 75 72 100 6 80 97 69 77 24 14 70 26 16 90 70 73 82 46 87 94
38 85 37 38 95 20 51 65 32 24 44 63 29 66 33 83 22 88 26 21 81 73 69 7 31 84 61 75 36 52 28 23 33 70 42 53 65 37 15 -1 100 1 32 32 95 13 4 74 16 54 2 22 17 32 9 52 101 14 72 25 19 18 42 13 72 30 25 3 42 96 16 64 40 96 56 82 11 78 97 2 6 -2 68 82 86 0 8 48 15 33 48 49 22 0 26 87 75 2 64 19
55 61 56 18 68 22 68 55 34 68 42 78 74 99 13 9 80 82 70 56 21 4 9 59 29 81 62 40 19 92 68 59 98 32 66 80 27 53 14 12 88 41 98 2 82 42 81 1 88 31 84 64 84 79 97 91 75 87 20 51 5 20 37 2 7 54 26 45 75 63 5 21 48 66 78 31 69 17 50 91 90 75 52 16 77 52 57 8 50 67 92 63 55 31 50 12 54 14 96 84
80 51 98 34 41 83 91 35 47 92 25 79 58 23 33 20 92 0 41 89 4 56 43 52 33 84 68 79 72 86 78 85 46 24 21 27 81 11 9 10 42 63 61 30 97 38 24 21 85 74 35 80 97 0 99 54 87 8 73 26 101 5 10 34 66 69 3 17 12 48 59 80 42 75 2 43 2 88 50 58 29 89 5 24 57 72 45 79 19 45 20 0 64 35 67 83 92 88 44 48
97 35 42 61 88 15 64 4 46 71 98 82 10 66 83 63 80 43 59 85 83 46 29 28 59 4 5 82 47 33 7 83 16 8 76 12 71 92 18 11 83 17 57 69 35 70 63 27 39 48 66 45 95 70 84 61 86 19 18 7 36 64 26 13 98 16 64 62 75 86 24 73 96 65 101 93 78 16 34 87 32 17 20 83 92 42 77 82 94 61 33 42 12 64 56 16 75 25 89 8
27 74 67 96 46 24 83 89 35 50 27 91 43 89 10 84 89 92 57 3 55 48 11 53 39 33 25 14 58 65 28 68 83 22 37 19 63 87 63 72 19 1 99 67 41 91 91 78 82 63 25 21 60 71 95 26 5 54 41 81 48 16 101 66 32 66 16 48 54 43 52 45 69 11 27 5 86 91 37 96 62 -2 29 54 41 10 61 78 38 36 87 41 56 77 32 6 30 43 5 42
40 38 91 67 91 34 44 6 80 34 23 3 65 94 9 53 22 19 15 50 60 24 80 31 62 11 48 14 55 48 72 17 12 40 48 17 18 23 83 23 26 50 28 10 33 45 50 93 85 93 93 72 64 96 18 49 92 67 91 64 93 85 16 52 23 63 43 19 102 82 63 61 26 35 72 60 18 54 66 31 78 6 10 3 15 33 85 74 27 74 69 76 41 91 68 64 93 74 99 51
27 2 83 67 93 18 65 90 98 20 11 55 27 33 14 57 74 64 58 62 24 19 16 89 41 45 13 63 44 50 12 3 46 58 59 81 97 86 93 61 22 93 14 86 95 32 78 81 52 77 52 12 79 86 93 9 41 26 36 75 68 64 57 69 46 95 68 67 25 94 18 71 76 19 31 70 44 8 7 29 81 14 77 11 98 76 100 26 68 74 88 37 101 69 5 26 31 67 29 10
79 42 13 30 85 36 36 35 39 50 76 93 22 34 35 45 4 2 20 11 45 1 92 73 41 43 76 85 45 99 6 25 86 39 13 30 24 72 23 31 67 50 94 26 81 58 32 2 66 58 87 87 13 95 50 46 79 18 14 19 99 44 31 69 47 34 101 71 68 4 48 46 90 87 89 29 69 86 20 36 57 69 83 82 99 97 4 84 62 83 83 68 46 18 65 25 98 33 12 88
62 95 77 95 13 2 19 26 74 -2 57 19 23 12 51 52 89 50 99 81 79 65 96 26 60 5 66 59 101 58 59 5 15 5 82 79 85 28 14 -3 63 8 6 53 101 11 43 70 43 21 80 74 69 77 64 83 57 33 99 52 69 44 97 37 16 75 41 24 18 6 31 93 7 18 41 65 34 4 83 7 19 96 16 86 56 42 63 56 24 33 60 0 94 27 94 73 85 80 72 82
40 71 45 27 31 19 91 71 35 86 62 68 38 54 44 54 11 95 42 90 94 58 28 98 27 89 45 37 36 91 96 49 59 19 56 39 89 98 3 24 59 34 58 18 56 16 35 28 35 59 41 38 22 97 40 96 55 5 94 19 74 43 16 81 73 47 34 40 71 98 34 36 13 2 76 84 85 72 4 48 73 1 47 16 8 55 3 30 34 45 100 91 20 70 32 83 83 74 75 33
22 69 66 70 80 93 18 25 11 78 15 -1 44 59 61 32 32 7 8 37 17 60 7 92 45 25 66 77 42 5 86 82 98 78 46 10 79 4 77 79 63 33 44 29 9 42 4 91 18 28 96 28 28 41 60 82 53 55 30 34 36 41 6 19 37 3 47 2 37 46 52 86 88 20 33 54 46 6 36 67 21 -3 25 45 52 47 26 83 61 69 3 88 68 63 30 31 62 91 65 66
98 32 95 74 59 32 99 24 70 2 9 55 40 72 78 89 49 13 55 76 31 65 43 16 95 95 83 25 10 27 26 14 48 55 74 45 8 69 47 82 61 4 35 4 58 49 87 32 95 32 58 95 6 46 17 12 62 45 96 75 77 7 32 76 73 31 69 11 83 16 23 83 28 16 97 19 6 93 89 95 54 18 15 86 84 9 64 15 88 23 27 31 98 82 23 99 37 31 92 35
31 93 80 5 93 48 60 43 48 43 99 11 66 40 3 43 12 5 76 34 52 31 92 19 48 80 68 11 84 48 27 96 7 75 79 15 6 64 34 8 101 94 21 50 64 26 57 16 9 76 11 27 28 21 30 2 66 93 82 70 71 10 100 4 99 90 5 20 70 12 33 62 64 46 64 28 13 47 42 95 101 63 20 64 19 42 89 19 7 44 59 78 15 75 70 -3 93 88 15 87
11 19 90 67 91 32 102 83 81 70 66 62 102 89 11 62 43 42 36 99 16 25 48 70 80 1 49 12 50 9 12 64 57 72 66 83 70 28 48 36 25 96 4 37 97 25 27 2 18 65 94 53 31 21 29 90 74 90 43 32 16 66 36 15 52 69 13 21 44 31 60 20 15 65 61 80 74 24 62 13 95 14 8 42 9 100 40 32 84 11 23 10 53 99 90 21 91 55 39 78
45 18 64 94 67 49 46 82 59 35 89 44 2 -3 26 20 74 83 12 67 27 2 14 68 93 95 84 58 77 1 11 19 63 74 12 16 18 -2 83 21 92 92 24 92 18 33 17 48 99 86 35 25 29 31 20 67 31 88 8 44 12 15 81 91 26 93 55 5 10 79 37 -1 16 65 4 19 67 42 101 82 100 34 45 75 30 46 58 57 18 29 25 62 100 54 32 33 19 52 44 59
13 78 73 41 102 1 100 33 44 10 17 37 65 51 45 54 11 88 33 85 102 32 94 59 90 87 54 43 21 91 65 89 57 86 33 91 88 32 43 58 61 23 4 30 4 32 37 96 49 94 27 8 80 3 16 23 25 57 39 43 68 99 80 56 12 57 44 63 53 67 96 65 22 92 18 98 26 81 92 26 98 64 21 57 87 36 5 35 43 3 15 99 43 73 17 82 67 51 49 94
11 52 26 95 20 36 67 90 40 39 40 28 90 13 34 89 95 92 85 94 74 72 85 37 86 45 62 31 53 16 62 18 30 6 19 42 60 51 73 28 81 65 87 91 68 85 94 9 55 43 11 19 81 85 10 9 38 89 96 63 87 11 48 0 77 30 11 10 3 42 56 55 59 12 47 24 35 51 29 62 41 96 16 20 21 91 101 52 98 -2 38 65 31 16 30 43 85 83 47 49
45 38 50 36 36 54 14 47 36 73 88 5 46 87 79 45 27 93 48 9 18 37 29 55 87 10 15 65 53 72 66 89 8 81 37 60 25 19 50 63 60 55 78 55 76 58 22 8 17 48 65 39 5 71 29 65 15 34 56 69 58 46 5 87 70 94 11 6 22 73 99 3 73 64 41 12 94 8 36 94 37 47 70 90 76 79 50 97 73 21 28 72 8 52 40 39 7 29 61 87
48 94 27 47 66 25 38 62 68 17 20 30 12 72 80 65 7 27 7 62 83 13 36 21 5 80 41 73 66 50 88 44 35 12 92 19 41 96 76 42 62 44 60 39 42 14 40 36 29 30 93 79 26 33 45 74 47 69 56 4 71 70 41 79 16 23 25 47 11 3 41 86 32 -2 17 60 98 79 63 55 39 72 84 56 53 50 35 57 37 92 18 76 32 64 72 69 60 77 51 8
27 64 77 49 69 84 56 46 70 59 16 26 39 12 65 46 31 3 83 95 39 13 80 68 6 51 32 54 18 64 28 65 36 87 68 1 47 28 83 44 20 88 10 60 96 69 81 79 5 16 63 30 37 30 75 88 58 67 75 5 98 23 10 21 57 37 65 3 12 81 27 42 71 68 29 4 36 72 19 69 96 76 85 99 38 81 98 30 68 99 3 68 71 2 40 41 88 93 24 61
87 90 26 1 14 74 78 53 55 -3 5 1 9 4 45 1 87 38 14 24 49 9 18 80 92 9 61 46 32 44 77 25 3 47 59 50 48 29 60 17 58 67 38 79 86 72 9 27 17 62 96 37 100 12 21 57 54 21 63 78 57 22 23 23 57 11 81 62 36 55 71 78 18 33 36 65 61 22 15 70 10 41 79 65 70 47 11 61 61 80 39 47 63 27 48 87 92 -2 2 95
91 93 26 15 72 22 16 73 58 38 6 2 99 94 46 90 63 9 31 36 34 56 80 42 100 16 67 47 10 81 79 40 86 13 7 10 25 75 96 61 4 11 83 43 83 64 32 21 57 66 24 27 26 91 89 32 85 76 87 2 96 94 38 85 92 86 43 24 99 45 24 81 73 70 89 93 76 77 67 9 54 50 25 71 88 17 21 33 65 75 11 71 81 8 22 34 35 48 3 64
87 91 29 20 53 94 12 43 70 85 26 36 50 26 67 68 31 54 48 57 92 79 48 18 23 84 63 15 83 -1 20 81 49 16 101 2 37 95 19 58 41 69 19 75 39 24 27 15 39 72 51 24 27 49 58 43 14 89 74 49 57 49 48 16 19 10 87 63 36 70 5 39 57 27 94 28 28 56 75 24 85 33 31 61 69 10 20 59 10 -1 73 1 64 41 28 32 47 36 26 8
27 32 83 47 26 32 76 31 88 2 73 10 86 4 50 62 12 90 28 29 93 65 29 2 60 52 91 8 63 40 98 60 11 25 77 22 69 70 19 52 28 72 77 56 77 55 97 38 15 47 100 95 45 69 32 52 28 70 81 25 61 64 98 29 13 3 66 65 12 54 99 49 91 54 81 59 18 25 79 37 21 65 34 76 64 42 91 94 102 51 5 15 17 23 45 41 94 96 31 6
5 8 12 11 76 24 75 45 10 69 33 39 69 26 65 42 90 73 52 70 86 46 9 1 24 68 7 50 92 23 36 15 69 33 20 70 91 39 35 60 57 69 70 23 66 52 67 58 68 74 51 42 31 -3 75 86 61 6 53 15 93 36 40 49 65 36 98 86 20 92 32 32 32 31 35 9 47 28 62 3 21 31 78 91 4 19 47 41 75 11 28 54 17 54 20 94 86 34 23 4
21 57 68 12 84 42 101 75 96 88 72 69 69 22 76 88 12 43 78 46 96 96 61 76 38 70 30 63 81 68 85 11 51 99 40 88 59 23 80 54 62 97 78 33 47 20 59 51 25 48 4 28 75 72 84 86 22 36 80 86 92 19 13 14 15 67 26 81 56 40 69 2 20 89 21 1 77 68 66 63 47 64 49 62 53 79 95 71 97 18 44 74 34 94 43 74 35 68 98 16
101 6 7 48 50 95 16 43 38 28 24 87 93 51 41 52 40 95 27 58 44 38 89 53 82 96 96 21 49 76 57 40 47 39 74 5 40 35 97 75 83 5 52 27 9 47 71 84 39 9 57 40 15 76 34 71 95 50 90 40 39 94 98 76 100 8 97 68 12 88 82 40 61 42 72 83 95 95 57 49 73 81 25 86 69 51 21 81 58 17 69 34 68 88 90 68 70 41 97 73
81 31 72 46 85 90 66 72 75 41 51 47 58 61 97 15 43 76 34 99 51 74 65 56 64 100 98 88 50 43 50 65 28 66 59 94 3 64 38 29 76 15 59 67 84 3 30 60 42 98 15 42 46 82 82 26 9 40 7 35 8 17 75 74 11 15 81 74 13 62 18 88 42 81 93 40 35 45 88 94 55 100 34 34 24 22 102 20 66 51 97 99 24 65 57 64 89 97 80 45
92 69 75 30 68 67 42 72 22 63 58 45 100 94 58 1 24 5 22 34 28 53 20 5 33 51 78 52 76 52 101 59 58 28 73 6 63 67 78 42 51 2 12 72 88 69 65 19 8 60 13 19 89 50 19 25 9 42 89 94 26 -1 11 21 42 88 35 41 30 13 72 83 7 77 75 21 10 30 68 54 59 92 99 94 39 21 60 71 52 29 94 65 29 84 36 40 6 17 40 93
79 26 49 27 71 50 34 52 65 97 76 64 97 16 71 31 94 81 93 53 31 9 69 86 45 96 34 46 67 28 46 37 62 43 58 43 53 91 64 50 85 94 67 92 27 68 15 16 32 25 43 26 19 61 100 56 54 65 86 87 59 12 34 40 34 24 77 32 64 5 79 7 20 8 4 21 6 95 75 94 80 38 19 6 80 85 48 42 39 35 14 6 12 32 84 19 39 31 32 23
95 42 9 79 14 22 56 12 41 20 38 81 101 92 53 63 65 28 41 52 90 10 26 92 62 4 64 63 16 59 48 94 39 70 8 19 33 25 63 14 6 72 39 46 21 4 59 84 41 67 88 78 32 74 84 93 83 41 59 33 41 2 27 45 23 37 75 79 97 88 5 45 87 -3 96 81 78 77 23 15 37 77 15 8 75 85 94 16 42 77 12 39 80 5 42 50 74 83 8 83
56 22 19 49 52 42 70 25 92 10 12 69 26 75 38 23 101 39 27 99 81 59 95 79 81 90 62 83 8 77 83 11 69 18 19 33 44 18 43 89 61 87 10 24 16 34 44 66 57 24 58 53 25 28 7 76 77 55 4 25 38 53 54 88 34 45 62 78 4 37 35 37 90 49 85 87 90 78 11 88 98 37 41 93 16 65 95 74 27 58 6 38 23 13 85 37 22 52 20 31
12 29 34 59 32 30 69 41 45 56 49 68 28 83 95 31 66 19 101 17 75 66 25 30 20 13 96 20 44 95 90 39 63 19 54 -2 68 69 79 53 75 77 64 5 89 46 30 52 46 2 32 95 37 82 67 70 82 13 49 35 45 12 26 28 51 93 18 68 99 2 42 69 66 27 43 87 58 27 80 55 84 65 56 73 4 47 26 1 64 6 40 0 18 83 89 56 97 24 69 30
71 21 68 70 27 60 76 30 79 69 80 71 6 35 25 81 86 9 70 5 66 20 36 7 46 56 33 52 94 6 3 80 17 13 27 24 38 68 92 100 15 49 51 70 83 53 16 98 67 83 28 67 90 2 19 53 69 63 6 22 69 3 25 47 43 79 69 97 26 21 25 9 31 52 28 25 25 62 9 100 90 72 27 1 40 70 70 49 76 98 85 40 86 54 36 55 13 32 56 51
68 92 2 87 94 21 93 69 80 94 79 88 72 79 31 55 22 52 70 6 21 83 26 5 60 69 42 61 77 32 25 89 17 44 64 19 6 71 51 10 68 7 22 86 37 77 24 88 94 82 27 86 64 95 55 75 6 81 86 68 21 68 78 34 48 95 98 71 54 87 17 28 40 14 92 17 72 58 100 23 23 80 25 33 40 75 59 79 5 86 7 11 32 26 87 96 38 57 7 67
90 87 40 46 57 73 82 47 19 60 97 70 72 6 9 77 45 4 31 91 102 48 22 16 7 18 39 8 68 73 100 88 35 76 38 75 98 68 13 13 78 70 35 33 17 93 76 18 58 69 10 99 20 89 38 40 63 6 87 49 45 70 100 74 10 61 76 44 94 56 59 27 50 3 3 92 84 48 16 83 81 94 79 37 10 51 84 85 96 88 49 28 55 76 96 90 90 61 49 97
85 95 94 52 91 52 49 53 15 41 54 61 2 51 56 0 20 34 69 91 45 67 12 61 39 18 96 78 77 45 8 47 100 37 60 48 4 20 9 80 53 52 34 5 94 39 34 20 89 6 67 89 100 84 72 2 96 81 29 67 15 28 2 58 67 7 65 2 40 13 53 94 54 4 16 15 25 46 32 34 64 87 27 48 12 37 94 64 4 56 46 72 7 32 41 24 39 33 4 11
41 16 64 46 33 58 9 88 100 70 77 5 49 7 3 74 52 61 101 100 74 47 73 53 79 33 92 8 62 6 6 89 96 50 30 78 15 6 17 55 31 39 6 43 70 44 12 8 76 99 80 78 23 72 66 70 50 88 98 66 43 29 102 76 29 97 75 49 37 16 22 86 24 90 102 84 73 39 25 84 26 41 29 18 81 30 6 94 44 21 22 48 70 42 25 6 8 11 8 46
50 74 83 78 101 31 48 58 44 82 68 75 53 42 8 14 10 45 14 11 14 7 9 73 38 29 28 69 79 67 91 41 68 77 70 5 37 68 7 14 51 71 61 -1 67 6 35 18 62 79 91 84 100 10 91 72 8 80 36 27 30 57 48 79 21 21 5 47 30 19 25 37 17 47 71 7 3 52 93 9 45 28 80 -2 4 0 90 6 85 48 10 17 72 69 79 62 50 41 48 96
87 86 68 21 11 4 5 42 27 47 65 29 36 82 59 74 95 50 73 66 32 60 47 20 52 27 18 98 19 68 99 54 46 23 67 37 66 75 3 79 48 27 99 1 93 71 53 67 39 6 13 44 94 26 97 17 85 29 100 30 50 95 20 51 15 62 12 66 33 96 91 42 80 82 96 20 20 86 77 33 53 36 86 80 63 10 19 11 20 45 66 40 91 99 95 27 40 37 45 17
40 42 23 89 100 30 18 25 33 70 99 84 83 51 88 92 56 82 40 36 17 1 85 35 4 61 99 92 94 35 101 86 94 41 79 77 60 46 28 32 66 86 34 92 11 0 80 64 24 39 62 23 69 21 5 92 77 30 11 52 98 1 56 58 96 53 60 94 97 81 51 55 94 57 52 92 80 36 49 20 79 3 75 54 25 58 24 86 59 86 30 19 57 16 11 91 88 27 31 69
89 43 60 86 86 79 22 42 50 62 10 69 61 90 8 80 58 92 92 93 31 64 37 81 29 56 98 72 23 60 78 79 24 70 86 72 76 19 76 73 74 52 18 29 6 62 95 29 45 8 33 70 85 61 63 70 16 24 6 53 54 69 86 75 98 65 59 48 73 79 101 7 9 48 15 21 70 54 80 75 83 49 97 7 49 15 102 91 84 62 43 66 64 22 57 64 41 20 69 69
77 49 50 54 37 35 92 53 45 71 28 0 20 48 33 61 11 69 30 31 98 36 14 4 2 58 36 81 59 80 48 68 38 10 88 78 26 80 93 54 30 61 82 7 18 21 90 54 100 89 63 36 96 89 25 83 56 67 76 21 16 49 90 71 28 36 50 42 5 55 21 2 3 66 23 27 35 52 36 55 56 78 31 69 73 76 14 73 49 51 16 49 19 79 81 81 39 48 36 16
66 26 90 14 33 36 76 86 39 30 17 22 57 43 81 37 4 67 11 6 54 56 92 86 53 31 63 44 17 83 23 97 98 31 85 25 10 33 20 59 38 90 18 42 49 60 4 2 78 33 9 60 40 88 69 77 18 17 20 92 101 67 5 37 39 22 63 30 3 9 48 98 48 6 75 27 15 99 90 59 75 6 80 23 49 98 5 22 12 14 93 59 13 62 62 35 52 94 66 19
42 52 27 33 70 79 91 3 61 38 3 2 47 12 98 31 77 46 29 3 21 60 11 76 47 82 42 11 34 57 67 48 29 11 101 46 8 79 92 55 29 33 86 45 42 81 101 69 10 37 52 58 47 8 63 32 3 84 88 46 45 47 37 49 63 91 8 19 97 75 95 55 37 80 86 34 41 25 67 61 53 26 2 49 51 74 71 17 32 38 66 1 55 23 36 33 100 20 27 51
70 30 11 64 41 32 6 20 28 91 19 24 9 7 80 95 30 37 14 30 16 59 35 6 31 30 34 53 39 23 53 82 34 85 66 14 21 15 82 23 75 5 57 3 71 73 42 84 11 43 55 76 65 32 36 33 35 53 53 57 21 100 85 32 92 9 55 56 100 4 91 60 68 72 16 86 41 51 15 69 77 58 13 33 47 7 11 40 58 34 34 11 71 80 56 93 70 31 13 3
78 85 72 58 41 66 44 88 77 24 23 28 12 21 40 93 35 63 35 94 70 72 31 96 46 45 73 14 79 23 16 7 99 76 82 29 48 86 7 7 61 6 53 -3 78 48 41 78 90 53 91 63 4 90 32 81 26 26 96 44 4 13 4 74 35 36 73 29 48 84 22 63 92 5 30 89 7 23 4 27 51 18 49 78 53 81 97 68 13 76 22 61 8 89 32 74 101 35 91 78
27 75 11 97 10 57 35 71 29 59 68 59 69 77 92 82 6 22 27 8 67 13 19 61 72 70 42 11 97 34 9 95 37 19 78 63 34 41 28 35 14 39 3 20 55 96 43 46 94 78 61 5 61 52 60 45 51 64 61 80 65 71 75 34 64 81 23 89 38 60 17 33 52 34 28 96 56 32 44 65 78 66 88 85 68 97 5 64 66 94 33 98 82 21 92 93 17 72 65 14
43 12 36 94 43 92 44 7 57 56 35 32 48 11 97 51 63 24 90 50 7 2 59 11 71 23 17 -2 48 30 101 81 39 20 58 9 29 -1 100 71 8 34 77 77 53 56 41 96 58 25 55 11 73 23 79 63 45 86 98 55 91 50 88 55 24 43 21 92 32 21 73 47 70 6 84 85 52 65 28 5 57 29 81 10 31 38 64 57 61 67 11 84 29 85 44 36 78 52 95 12
33 11 89 38 96 13 97 87 101 81 46 17 42 96 70 2 100 92 49 73 16 22 52 16 87 29 82 41 59 20 61 24 66 3 47 96 26 25 62 33 46 82 96 84 72 99 33 76 61 5 70 79 53 39 30 86 43 79 64 64 16 11 18 25 45 78 95 81 22 31 58 33 60 98 71 85 26 69 21 42 96 47 53 7 9 43 97 81 78 67 82 14 41 46 26 57 8 8 8 12
9 11 27 84 96 11 39 31 51 22 60 20 43 92 101 11 72 80 5 81 36 72 63 26 36 40 51 5 92 50 2 59 59 73 46 58 65 23 73 34 50 57 33 81 87 42 27 94 70 70 77 62 19 96 6 42 5 12 62 52 30 69 72 74 87 72 13 71 38 0 79 51 88 25 69 74 66 28 99 3 86 33 14 72 101 29 25 71 80 67 30 18 74 63 50 6 77 93 61 17
79 87 79 2 20 79 68 21 7 83 13 14 97 90 18 87 73 71 41 19 56 55 68 68 41 39 99 89 36 44 102 14 92 11 91 77 51 96 40 97 85 100 95 82 29 52 47 47 3 47 79 4 70 12 82 6 88 84 15 13 65 54 85 55 11 48 58 97 21 79 89 79 13 53 25 70 61 69 96 60 34 91 5 36 89 71 66 34 9 5 72 60 66 45 96 30 93 78 83 80
8 33 95 76 47 8 85 58 23 65 90 89 98 4 79 87 35 49 99 95 58 50 81 31 62 74 63 16 55 82 101 33 62 11 49 26 26 95 38 19 46 40 25 5 59 87 37 17 27 8 88 83 96 84 78 24 54 49 6 50 23 76 75 89 63 36 88 70 27 55 19 67 18 52 7 14 78 47 94 83 48 90 21 29 65 65 32 9 91 20 90 71 15 35 5 33 97 93 71 92
57 69 67 85 75 62 36 67 3 75 75 23 46 19 54 60 84 70 86 57 74 40 27 30 40 79 82 93 76 24 77 71 52 59 68 30 13 73 9 36 87 11 72 16 45 1 14 39 73 16 16 64 79 18 79 95 31 55 44 15 52 39 18 43 26 68 35 16 28 30 44 79 31 72 25 20 98 76 41 83 101 52 20 39 13 28 9 13 97 75 82 12 93 88 98 18 22 17 5 69
80 11 37 70 48 71 24 81 53 62 40 47 57 23 28 77 86 13 39 63 4 47 46 90 50 14 72 91 100 7 61 33 82 70 36 4 59 88 47 18 47 62 70 88 50 6 42 93 15 41 44 70 80 58 101 37 77 68 52 10 50 66 86 17 7 70 44 75 2 33 7 80 27 48 48 2 33 29 93 39 43 55 63 96 37 56 81 2 52 16 20 25 22 72 33 21 34 83 47 29
81 74 37 74 95 22 86 31 44 47 33 90 99 78 43 6 34 78 94 31 40 2 81 15 88 49 29 35 9 87 67 16 26 49 93 87 72 52 44 53 85 20 40 15 65 16 98 20 49 88 29 96 71 2 27 83 29 56 91 22 30 86 37 57 90 46 89 58 3 85 23 50 19 44 61 17 87 22 6 24 86 61 12 94 55 48 39 39 45 27 85 70 66 88 7 75 63 75 50 59
66 35 66 45 90 74 72 50 89 43 19 76 5 65 61 20 4 31 7 51 87 11 94 28 90 61 67 4 12 69 90 93 28 44 96 12 76 10 68 11 37 34 8 64 77 96 90 9 101 71 77 64 25 67 22 1 48 63 6 68 54 40 25 53 101 16 73 63 55 56 64 2 3 49 22 55 57 6 20 62 69 62 17 6 22 37 14 28 42 42 83 37 37 8 93 54 50 16 75 5
8 59 47 68 73 5 80 7 94 89 26 37 88 97 22 51 56 98 6 36 48 16 33 53 66 4 20 36 102 89 14 99 36 27 23 16 68 28 88 69 57 55 99 24 20 66 24 82 43 93 102 68 48 32 90 44 38 63 91 56 96 71 60 32 15 16 16 7 101 70 76 45 89 80 48 91 74 32 49 6 8 28 70 86 100 90 47 99 13 74 63 46 53 80 9 55 67 7 71 27
47 8 65 48 88 26 11 15 81 82 80 70 65 59 68 57 24 58 27 35 3 22 93 51 67 82 58 2 50 14 97 9 50 2 58 13 13 33 4 70 7 47 63 21 31 32 96 -2 16 46 89 19 91 92 95 37 32 19 25 68 93 44 27 82 41 43 52 87 4 93 81 1 80 1 14 64 55 19 66 7 85 61 54 80 69 49 17 71 76 21 70 77 35 35 2 18 95 58 78 95
El programa tardó 138 milisegundos en ejecutarse.
