49 3 25 55 84 68 65 98 10 63 80 21 60 75 67 48 20 28 74 53 28 7 3 8 23 95 83 35 61 78 100 66 56 91 100 2 24 26 98 87 66 90 23 94 20 21 69 75 48 51 99 11 34 41 60 42 84 95 54 68 98 6 18 43 15 52 5 17 10 54 89 19 89 45 55 87 52 8 8 37 53 98 94 43 12 51 26 21 5 81 57 81 7 27 29 28 97 34 32 12
42 17 46 96 67 11 3 87 79 85 76 88 58 90 78 86 72 44 36 76 11 63 26 38 11 35 44 63 81 51 31 81 91 21 100 59 99 40 57 88 59 84 74 6 61 42 36 61 48 36 72 50 49 1 58 23 86 49 19 8 89 72 27 40 18 81 55 67 9 49 84 46 17 43 76 12 64 11 39 76 46 35 43 80 19 18 53 2 97 58 26 81 25 84 52 41 35 62 94 27
21 91 77 98 8 4 38 77 47 26 101 6 6 97 85 58 57 85 68 54 85 26 81 71 60 31 18 69 85 21 96 46 26 10 25 66 100 98 12 99 44 96 52 51 92 61 98 62 18 79 99 92 49 90 65 31 28 38 4 6 37 62 70 86 102 60 15 31 87 89 5 61 71 89 48 72 15 58 100 73 5 24 97 49 83 21 100 47 54 99 70 84 25 57 33 85 37 14 44 94
20 11 49 57 50 92 89 96 71 -2 3 57 7 6 97 44 15 68 28 78 4 53 98 -1 98 45 100 56 90 15 72 74 75 65 100 -2 86 35 81 -3 7 22 28 27 76 53 77 15 85 69 27 73 64 18 59 7 100 -2 2 61 75 60 92 51 30 91 63 85 45 -1 7 48 13 37 27 71 13 -3 42 33 39 39 41 55 35 10 100 94 71 65 25 50 64 81 24 90 77 17 41 57
70 86 31 56 38 19 41 61 93 7 33 85 52 30 51 92 63 33 58 7 80 92 87 86 21 84 37 39 64 8 10 43 21 86 23 63 31 100 81 42 7 1 58 40 78 76 53 31 87 48 101 88 74 20 19 41 57 79 96 4 43 25 18 23 39 98 18 36 11 28 34 90 35 36 56 90 20 4 75 23 20 15 98 58 63 53 95 72 17 77 31 6 68 54 7 57 32 50 87 24
52 -1 93 50 37 70 76 59 31 32 13 12 45 17 100 -1 19 10 68 68 83 71 39 3 96 11 68 93 88 51 43 71 11 65 15 43 77 -3 89 -3 36 24 95 -1 43 46 63 86 12 40 41 71 9 75 98 90 30 12 10 39 19 86 69 59 53 16 97 49 61 53 19 32 76 32 63 83 43 70 83 10 53 20 58 72 75 52 18 73 70 29 61 20 17 -2 65 42 34 30 84 61
14 5 5 12 86 4 88 72 100 73 63 68 83 17 23 78 70 8 10 16 9 10 95 96 48 39 34 49 81 29 100 40 67 8 77 17 87 83 4 76 89 75 100 32 71 43 43 64 101 68 82 68 30 85 73 77 57 2 74 66 11 48 101 87 84 50 76 48 16 61 73 76 43 24 5 99 47 69 96 96 23 23 61 66 55 42 28 93 20 26 15 95 78 64 62 75 102 62 79 98
66 33 71 67 90 71 39 8 51 30 24 30 98 64 40 13 97 84 58 60 94 84 66 91 33 13 72 63 2 87 62 63 67 1 100 71 43 2 80 34 20 89 55 81 76 69 49 21 49 53 53 96 16 26 96 58 21 65 78 76 6 78 81 -1 75 61 25 23 88 60 12 54 84 80 37 68 3 80 49 42 89 27 42 30 8 16 34 39 92 82 28 67 92 86 85 58 3 68 31 37
19 31 39 89 99 31 15 36 51 49 56 58 23 97 67 73 21 28 96 60 45 51 60 45 40 16 42 97 63 89 20 64 82 18 27 25 99 55 18 54 76 63 83 65 37 21 85 77 93 33 37 72 94 90 100 86 4 67 5 68 38 84 10 68 57 79 67 7 78 30 82 88 3 42 17 22 88 50 91 61 43 51 31 53 62 36 101 26 3 45 93 84 86 41 83 70 56 56 68 20
89 38 87 51 28 22 12 76 14 36 67 23 81 89 73 94 93 3 92 14 46 51 99 57 57 96 40 63 48 42 65 2 81 89 35 20 57 90 11 63 67 1 57 8 51 35 7 55 2 13 64 50 73 37 26 10 45 16 94 3 12 89 72 7 46 15 32 39 55 17 89 82 73 92 67 65 86 46 74 92 28 6 72 91 23 47 43 60 57 65 73 72 11 0 31 50 98 30 10 73
35 47 30 40 21 4 87 71 5 91 95 60 38 12 65 34 32 17 71 82 13 39 67 14 95 93 13 22 83 100 76 90 59 77 17 81 67 81 40 37 17 91 67 100 36 22 41 76 50 71 86 47 67 84 79 58 23 46 29 85 101 27 68 34 77 4 58 88 74 97 59 88 70 20 100 96 7 14 32 51 87 79 63 36 56 85 20 6 20 19 71 44 63 87 61 73 80 56 30 63
72 11 87 19 8 89 59 7 86 68 8 42 84 -1 25 31 74 31 19 4 44 42 74 92 74 60 74 30 79 70 51 56 45 90 99 16 61 0 51 72 47 42 4 65 5 80 35 73 68 59 59 79 99 87 14 28 30 19 25 71 22 2 77 29 33 6 51 68 56 71 18 91 16 35 80 22 60 55 95 2 60 58 39 51 50 4 12 49 52 1 87 76 16 28 20 8 76 13 54 28
61 41 75 77 20 11 99 39 45 90 90 62 98 59 59 27 79 38 82 13 37 49 88 88 89 14 97 1 73 14 77 94 40 53 49 90 47 15 31 72 13 29 35 97 24 5 34 64 59 21 91 92 38 34 24 34 70 67 98 8 59 55 66 100 50 4 70 47 42 51 88 98 72 6 72 8 76 87 32 11 56 46 54 85 69 53 11 22 99 60 89 89 29 70 99 62 49 92 65 7
19 49 78 75 101 31 69 2 7 61 31 34 53 7 43 20 32 3 44 19 55 34 25 22 60 13 54 15 36 86 90 6 8 90 84 72 99 50 57 93 39 38 14 95 9 15 34 18 75 21 95 95 21 66 3 24 83 60 17 10 16 55 78 29 19 16 71 82 47 78 89 94 29 45 71 22 21 91 65 35 65 6 28 40 56 22 28 53 58 80 95 96 84 69 22 66 29 5 14 92
10 11 24 74 69 58 43 47 37 27 31 78 100 10 48 63 9 70 14 72 90 85 77 62 44 77 71 37 8 52 58 76 53 11 31 2 11 27 79 21 73 34 93 5 26 12 57 64 46 88 97 12 62 62 98 77 40 63 61 8 49 63 95 79 86 71 30 56 9 56 29 10 70 59 26 89 4 62 62 83 13 36 92 91 97 72 45 88 28 79 69 68 45 7 71 82 36 55 46 21
100 80 47 62 69 81 76 71 80 10 81 22 15 6 56 21 42 32 78 4 58 49 87 90 75 63 15 39 36 90 94 27 98 94 40 42 10 75 61 72 96 92 97 45 23 46 91 76 80 65 85 47 93 52 29 60 24 13 99 84 53 87 90 27 11 71 16 52 59 53 69 86 12 3 13 45 7 54 56 48 63 20 47 77 39 71 52 80 18 33 14 11 25 56 77 59 98 40 80 10
58 78 16 48 66 39 59 86 93 52 23 60 73 79 45 93 17 19 15 50 97 41 76 34 35 90 95 83 38 77 46 42 101 60 96 79 46 21 95 34 42 34 40 78 7 28 80 14 45 51 49 24 3 39 57 25 101 23 53 94 24 100 64 81 34 24 81 6 102 89 69 48 62 94 34 80 89 17 24 34 57 42 68 44 98 19 44 18 4 75 46 12 92 39 96 33 87 61 32 65
68 77 76 62 38 24 25 15 101 85 94 55 34 46 89 50 5 47 13 8 21 58 87 45 63 71 92 20 14 18 37 43 26 58 53 21 91 87 83 20 51 59 56 80 79 20 93 56 78 21 42 95 10 66 63 29 25 36 8 95 80 34 84 64 70 56 99 11 54 66 86 22 50 33 39 1 91 33 92 8 85 2 36 27 87 32 23 33 18 26 39 29 54 56 39 59 23 44 15 42
88 79 26 9 28 13 93 39 92 36 39 10 33 20 86 100 61 58 81 50 67 42 82 76 39 28 72 6 62 29 74 45 5 86 25 86 62 48 58 83 52 28 50 36 5 56 44 50 66 35 53 56 22 37 23 15 20 65 88 50 67 65 12 81 33 61 83 94 47 35 70 88 64 78 63 9 26 5 36 11 40 26 17 54 38 37 48 68 42 88 98 100 8 15 50 10 95 48 52 27
71 94 76 63 27 39 11 63 59 11 86 54 16 33 95 89 69 23 83 92 10 54 7 1 44 6 34 42 11 62 26 74 35 19 95 13 61 24 25 70 19 70 81 91 43 25 62 29 91 3 53 45 18 37 30 73 53 44 5 58 44 25 69 16 78 5 80 74 43 56 63 48 12 15 40 62 28 53 79 28 50 41 68 21 94 1 30 30 89 10 89 1 40 95 54 0 44 40 25 4
73 100 59 33 6 68 25 87 7 32 53 65 36 74 37 68 81 33 83 72 55 22 19 51 23 55 43 84 67 9 88 88 59 67 3 48 16 78 71 9 40 3 18 53 75 2 102 76 32 69 70 54 10 92 72 72 94 95 70 66 76 100 38 46 34 95 45 24 29 28 46 100 30 71 48 32 60 54 5 50 44 84 89 34 101 40 45 33 70 59 79 86 38 84 34 19 95 14 19 25
38 22 21 49 69 22 85 33 95 28 68 49 2 63 98 90 12 -3 42 12 33 70 56 3 10 69 16 16 61 48 97 95 16 41 89 20 7 1 7 12 67 5 12 -1 60 39 80 19 49 69 98 62 24 29 9 43 34 24 43 48 68 64 68 63 99 73 85 88 45 74 101 63 44 36 88 86 37 14 29 96 37 85 14 60 38 86 60 22 37 79 25 23 77 1 37 22 9 14 45 33
57 64 77 4 101 2 43 16 47 41 69 21 52 10 31 20 62 85 67 44 75 99 14 26 16 67 58 80 93 77 89 57 32 61 100 36 60 58 99 59 45 100 91 38 77 49 21 1 29 89 68 79 83 39 90 75 39 31 75 97 87 5 20 99 46 9 54 91 70 48 79 66 10 41 21 29 79 13 6 74 7 85 57 13 73 71 92 44 20 71 15 90 14 57 62 18 57 79 17 44
4 94 27 64 38 0 7 91 12 71 99 75 98 54 78 78 34 90 67 81 64 7 79 20 95 70 13 59 21 76 75 82 81 63 88 16 76 93 36 70 51 64 77 21 75 21 46 47 74 84 46 69 44 9 75 43 93 84 24 80 41 93 60 2 10 0 75 63 65 78 74 84 38 6 68 10 39 75 91 11 74 92 38 92 65 71 66 43 77 56 7 67 35 48 96 6 66 37 99 32
22 100 30 9 69 41 73 87 97 67 35 22 80 17 58 50 55 60 54 32 19 32 62 8 30 90 96 52 91 6 93 51 36 6 42 58 91 3 6 95 73 85 78 26 6 42 73 69 72 58 73 37 101 15 34 63 79 88 60 2 9 62 79 71 98 39 101 19 37 29 66 96 40 2 32 59 74 99 83 82 50 58 25 56 67 95 98 91 12 94 18 31 80 73 55 61 49 15 84 83
75 59 25 76 75 6 57 28 75 28 13 81 58 53 29 93 82 60 56 73 100 84 81 19 69 85 6 75 58 41 21 16 92 7 55 8 44 92 39 60 53 0 43 48 90 84 100 61 29 77 79 81 55 60 31 11 51 62 44 87 22 71 86 68 95 3 59 2 8 38 83 21 13 17 53 50 77 73 49 61 20 50 51 49 44 44 26 54 23 95 62 12 90 50 9 65 38 4 47 18
52 48 32 17 59 85 100 21 27 20 12 41 44 46 56 94 37 26 33 3 59 91 29 87 20 26 20 75 82 18 30 88 45 80 15 70 50 71 14 15 85 91 99 21 24 11 80 36 73 11 88 18 78 40 95 46 44 51 7 59 66 30 29 46 24 43 23 73 94 29 28 33 26 67 78 8 18 50 47 80 61 27 81 20 49 53 35 54 80 40 16 84 18 97 31 24 98 82 97 15
48 5 21 34 65 84 74 79 32 89 69 76 93 15 61 40 7 82 4 34 52 26 57 26 82 25 47 32 81 -2 55 66 63 9 100 8 99 29 95 32 61 5 32 58 96 87 78 21 3 4 30 50 43 66 50 30 71 10 9 94 50 16 38 85 35 69 89 28 65 25 87 16 55 35 94 46 93 61 30 8 77 85 21 73 69 39 85 60 46 54 88 77 26 34 76 25 96 49 64 71
35 74 10 38 13 52 24 27 5 71 56 10 58 16 4 16 83 5 18 8 21 63 38 81 83 37 92 5 25 72 93 44 20 99 39 45 93 28 49 23 62 52 38 34 78 32 84 58 94 56 78 96 88 18 58 13 73 8 13 60 76 60 17 24 20 43 95 80 65 68 44 22 59 4 39 6 33 96 35 32 28 26 12 41 80 17 94 37 96 94 27 68 48 32 46 61 78 60 94 24
65 22 27 92 16 33 63 56 43 76 10 94 94 95 51 8 39 8 51 -1 71 63 48 56 62 88 85 56 71 45 28 76 97 61 3 63 81 56 34 82 62 72 80 62 94 47 100 18 32 72 40 21 48 22 14 69 80 54 83 14 30 3 65 76 42 40 6 84 41 88 9 81 90 35 90 29 42 17 46 49 66 -1 42 69 40 15 7 19 30 7 6 72 67 5 76 10 3 17 86 50
71 100 8 66 26 50 52 52 18 99 8 95 57 25 4 1 78 95 102 10 75 77 37 97 47 14 91 90 71 90 15 38 3 56 72 49 38 4 50 23 40 46 91 19 93 60 54 90 95 74 30 38 90 28 101 68 69 97 68 15 15 36 16 48 23 26 55 10 66 27 86 3 71 34 88 68 53 83 48 22 31 45 88 69 81 2 12 32 90 97 7 96 102 20 20 14 87 82 22 39
39 8 33 52 42 14 84 70 26 14 36 73 70 92 46 90 14 59 52 31 52 -1 69 76 34 81 43 91 66 31 89 28 26 83 31 5 101 18 7 5 72 57 57 48 92 48 6 35 80 70 68 7 54 53 32 -2 19 89 98 11 21 94 81 94 9 95 88 46 93 59 79 41 95 22 51 8 56 55 62 79 75 93 92 77 35 80 68 69 61 72 19 18 89 68 13 -3 77 30 24 37
57 85 21 54 49 12 12 59 11 77 4 15 15 24 98 81 92 43 45 80 73 24 22 72 10 56 4 20 55 50 34 57 52 36 54 26 68 2 45 31 22 3 33 3 65 24 68 19 10 13 52 24 21 94 78 39 66 84 102 41 42 47 66 57 10 52 50 9 20 82 67 22 31 23 13 99 7 22 100 49 36 95 56 72 94 37 29 50 54 85 51 62 96 53 43 67 13 79 90 84
83 83 23 29 40 78 37 56 20 -2 24 72 61 36 76 34 90 59 8 41 81 66 72 33 23 33 95 -2 89 9 58 49 58 65 29 33 16 80 32 -1 96 26 61 82 35 2 90 90 37 14 4 55 84 41 70 33 4 47 23 2 44 65 56 57 84 92 40 78 24 13 66 71 65 6 87 90 5 34 57 90 31 91 37 28 69 36 71 33 38 90 81 10 9 69 38 36 3 66 40 8
83 100 10 55 66 57 39 30 79 70 72 38 4 67 64 46 89 80 77 28 22 99 93 46 15 76 83 75 37 74 67 10 49 55 93 81 24 100 35 34 12 59 41 49 14 44 8 83 31 62 50 56 41 47 86 23 95 2 78 3 86 40 47 77 23 10 14 98 66 10 28 90 24 37 87 78 64 54 20 7 41 72 25 83 95 11 55 5 14 10 39 26 65 46 71 22 82 17 51 33
54 45 76 73 32 86 78 37 42 52 52 75 66 15 38 72 48 9 48 55 11 88 46 54 53 34 82 83 34 2 14 91 47 45 48 44 23 61 75 64 92 64 70 81 26 90 90 16 99 15 80 44 86 79 12 91 75 68 98 91 8 49 15 0 82 9 37 27 31 95 14 89 94 24 77 -2 4 55 28 49 77 46 67 47 91 6 71 2 4 84 49 16 52 79 62 30 87 35 20 58
60 75 5 50 95 75 74 76 72 59 53 32 70 23 89 95 63 54 90 53 91 1 51 85 68 93 83 95 20 79 27 32 13 96 58 16 37 58 37 38 28 53 51 18 65 13 74 32 67 46 14 36 15 27 92 84 70 96 67 27 18 5 42 71 65 100 43 55 35 67 24 31 74 80 62 90 29 44 17 21 80 84 29 60 69 22 59 29 69 3 43 32 98 20 25 46 45 81 59 11
59 91 9 74 3 38 50 78 98 -1 8 41 88 69 49 26 59 54 74 17 73 8 69 13 52 76 65 91 52 41 43 2 59 13 32 55 26 14 27 41 10 75 3 52 14 90 39 65 38 12 66 44 28 34 60 71 95 43 54 70 94 93 94 71 101 96 83 20 10 92 69 32 44 21 3 34 65 91 46 59 51 3 62 2 67 56 28 76 15 61 82 37 48 30 23 17 35 29 5 25
51 37 92 30 97 51 71 97 12 11 68 28 25 15 7 49 97 93 57 16 67 62 65 55 52 87 38 99 85 89 28 91 66 62 21 57 78 36 61 76 85 3 42 7 63 72 101 56 3 88 95 26 74 77 93 6 14 65 37 18 67 7 20 76 17 58 9 65 36 66 92 1 8 27 62 86 78 48 77 31 84 57 81 85 70 12 5 67 57 44 43 76 33 97 74 8 55 20 68 9
5 -2 24 36 41 23 18 35 50 74 85 22 5 12 86 0 56 2 87 72 75 60 53 11 32 71 4 -2 82 5 22 57 78 61 78 93 64 45 61 91 99 95 20 81 86 62 90 48 90 36 2 30 31 61 18 -2 6 18 90 21 58 34 2 44 101 47 66 24 69 84 90 31 92 26 52 15 3 81 73 4 91 59 29 32 57 34 42 32 6 59 17 76 11 78 43 15 101 69 57 78
94 51 72 10 73 59 6 99 23 57 37 32 79 42 47 24 5 5 12 79 31 82 68 15 85 19 26 25 30 23 61 64 67 53 73 83 12 68 46 83 58 16 51 72 30 40 26 66 102 25 46 12 94 46 22 57 8 84 30 39 38 59 43 29 88 31 37 98 90 77 101 59 52 22 28 84 69 16 60 58 43 26 78 19 18 69 89 74 90 61 22 87 73 25 60 96 25 89 62 77
100 11 101 16 85 55 16 78 72 51 9 47 101 51 53 83 50 91 64 51 39 85 61 14 2 80 21 83 43 58 24 31 79 11 52 53 8 53 21 14 10 12 79 4 73 54 64 42 2 -2 11 23 11 0 38 79 61 82 76 95 54 9 16 22 57 30 23 80 94 41 53 71 101 9 16 74 31 88 91 13 18 33 59 75 72 90 24 51 23 51 26 83 94 41 5 9 37 -3 67 83
28 20 96 98 100 10 35 2 21 45 91 1 66 76 46 32 98 89 66 63 3 6 60 85 21 47 34 58 6 84 63 89 6 46 5 41 6 54 65 42 69 97 90 77 51 4 60 15 91 71 83 55 70 81 18 42 40 60 24 44 52 85 86 54 75 80 29 43 102 24 26 30 26 99 20 42 63 22 32 80 30 8 11 87 7 13 75 95 61 70 26 17 28 64 96 7 85 19 53 29
10 4 30 46 26 72 65 57 38 81 34 31 32 14 56 28 75 17 57 49 66 21 79 54 29 80 61 72 72 70 74 28 82 -1 101 37 79 54 41 48 54 50 17 -2 55 50 81 19 16 11 77 10 20 71 2 69 93 72 98 70 68 63 96 43 5 43 28 18 80 30 99 84 42 79 56 -1 12 10 7 6 72 39 93 5 84 40 7 8 31 39 41 81 28 53 46 0 38 59 37 47
51 33 51 35 32 24 39 68 17 80 59 53 35 51 99 64 79 16 45 18 84 72 33 94 94 87 29 68 73 41 91 97 100 28 19 3 17 64 68 72 54 75 10 29 18 73 31 93 50 60 58 89 95 86 44 30 67 57 91 65 19 39 14 46 13 66 20 28 46 78 95 92 73 52 79 74 53 46 13 14 77 66 84 77 22 9 16 40 25 24 20 32 14 8 41 31 67 22 65 80
40 12 68 90 11 -2 28 40 17 45 12 81 93 10 63 -1 60 63 30 79 48 22 64 86 59 40 91 79 69 76 84 91 35 2 26 34 35 90 7 -1 77 61 27 75 44 63 82 1 100 -1 2 54 81 24 85 44 78 63 72 3 16 33 83 24 44 89 88 13 9 31 3 31 62 71 100 60 54 85 32 -1 5 22 94 38 10 93 19 21 6 15 96 88 88 29 16 33 55 90 97 12
93 52 26 80 62 65 54 26 33 85 9 93 14 80 65 70 72 1 78 100 96 94 36 32 58 7 94 90 42 79 69 94 57 9 21 2 50 74 51 8 100 71 17 72 70 39 32 29 85 33 71 91 51 87 93 84 28 73 5 93 7 81 71 94 35 39 98 70 30 48 86 75 36 64 18 71 79 30 68 79 10 56 52 48 95 72 3 43 100 30 72 50 50 31 35 79 86 6 95 76
12 35 90 1 57 95 91 31 81 71 18 96 28 77 84 82 47 1 57 45 58 84 30 37 59 6 83 88 90 88 55 63 7 9 78 0 22 71 26 5 65 59 45 63 53 60 48 25 40 44 54 7 85 20 26 29 25 35 83 34 73 3 44 10 49 87 99 45 48 14 35 57 87 41 93 40 57 25 49 86 51 17 69 60 100 56 48 1 85 77 30 91 46 21 76 91 48 8 29 47
68 75 96 23 31 56 85 5 32 15 76 66 60 80 59 42 20 74 77 10 88 77 52 46 76 46 75 10 55 25 85 46 5 32 11 63 82 59 36 85 68 52 60 67 41 21 78 90 48 21 63 54 86 4 40 45 80 81 59 16 65 1 54 15 73 55 4 76 39 13 100 50 65 62 82 65 67 98 40 81 91 94 32 1 51 56 102 94 49 63 50 92 39 71 62 18 5 58 33 5
33 70 37 88 64 70 86 64 47 82 82 77 92 -3 7 4 16 49 48 52 85 79 3 23 52 90 59 60 99 91 28 78 92 8 8 48 101 78 33 18 90 46 69 12 3 68 68 73 45 71 93 84 82 51 73 25 65 37 31 -2 101 74 59 -2 12 52 88 68 93 8 64 31 85 44 14 80 61 82 21 36 20 15 86 1 5 90 88 64 21 10 34 31 97 14 23 7 63 59 15 53
43 24 101 25 12 59 34 78 11 28 9 64 58 79 68 58 27 35 69 33 74 84 59 60 48 94 61 27 22 21 53 81 69 35 64 2 78 34 14 42 36 68 30 80 52 61 49 47 56 63 51 23 25 51 15 37 31 43 96 87 18 59 87 6 70 66 25 58 79 74 17 49 32 66 99 46 44 8 21 55 19 78 54 60 8 40 47 75 25 79 101 10 22 99 43 26 98 17 71 1
83 26 3 -3 84 -3 18 14 6 59 78 4 50 76 59 20 80 6 67 50 4 31 86 92 42 23 27 39 72 60 3 96 43 24 79 57 89 22 86 64 69 47 83 54 12 75 21 13 47 91 22 55 71 27 15 38 60 78 100 60 10 82 62 59 28 21 73 2 89 46 16 2 50 81 40 90 39 28 99 47 9 63 71 47 98 60 44 84 78 81 63 13 81 5 68 31 88 79 34 -2
36 38 99 40 32 100 3 76 7 4 17 62 34 27 7 54 13 28 89 82 3 78 79 8 91 82 94 23 34 70 56 11 78 47 71 60 45 14 3 94 28 54 46 42 55 20 88 73 91 53 11 78 45 95 15 84 89 77 62 49 53 90 26 16 76 76 23 39 90 4 12 52 72 44 15 8 95 68 100 34 87 76 35 54 54 61 13 33 100 7 64 22 40 30 101 78 43 46 26 68
76 17 13 75 8 76 43 83 14 40 45 47 85 27 89 48 66 6 77 4 81 79 11 33 61 35 6 6 2 3 79 7 91 15 15 60 78 64 99 24 80 48 53 9 72 64 70 50 91 27 101 68 6 76 2 3 37 29 59 78 80 65 99 84 87 9 78 7 87 -2 83 35 69 41 16 1 43 88 31 65 7 33 101 65 69 34 17 1 54 10 18 48 18 48 6 74 2 60 68 25
28 75 41 54 85 67 54 42 21 34 100 55 95 62 90 25 18 87 46 42 98 29 59 14 12 69 67 54 101 85 42 39 17 16 86 14 10 11 94 44 11 40 12 62 92 81 66 65 11 95 23 70 14 43 70 80 71 31 33 36 36 73 47 9 75 49 73 84 76 13 94 17 77 94 85 3 69 56 37 62 102 39 12 3 95 41 81 82 12 75 31 77 49 71 60 10 16 81 71 92
63 60 68 70 41 47 2 41 37 0 58 7 41 4 91 65 90 51 9 -3 70 16 56 60 75 43 32 4 63 7 75 81 24 46 58 73 13 8 31 25 75 92 3 18 18 17 83 82 40 12 38 14 40 44 5 49 100 0 81 63 3 64 42 21 27 13 10 93 35 12 59 10 82 70 56 42 6 77 93 55 36 26 10 92 31 1 26 18 10 7 87 79 46 67 46 89 32 52 96 9
61 51 63 45 60 100 28 20 52 46 85 8 7 80 59 78 68 35 95 57 95 62 30 51 28 16 65 35 90 23 45 18 56 3 94 49 12 23 101 37 81 27 75 17 28 53 48 21 90 32 19 55 57 61 37 40 22 84 85 18 60 75 5 67 26 20 97 51 78 75 99 47 30 11 56 11 58 91 57 46 3 22 66 57 60 26 73 10 92 83 40 21 64 34 30 42 64 6 51 19
86 91 75 72 3 8 40 47 96 64 71 11 33 60 13 96 90 20 39 36 53 -2 65 44 52 72 97 34 28 31 27 31 29 64 39 72 57 40 34 61 73 89 13 33 22 81 29 3 49 25 8 92 79 -3 84 57 11 42 36 80 44 94 90 82 73 -2 88 88 4 14 30 90 56 28 88 91 34 26 72 81 73 1 74 0 5 20 18 46 73 94 95 77 27 62 101 78 80 16 85 60
48 66 34 70 86 66 58 100 100 45 21 60 69 13 39 72 89 29 14 14 76 58 26 68 37 86 67 5 71 78 46 47 34 89 102 14 35 64 41 68 74 81 23 33 83 45 12 13 67 54 9 76 26 13 95 15 49 94 97 71 94 17 59 56 41 34 21 62 97 85 40 24 30 22 75 61 97 80 48 14 57 2 12 23 5 25 24 33 59 61 100 29 37 28 30 42 84 87 100 15
93 -1 84 24 68 38 25 61 37 66 95 9 77 48 11 60 84 67 49 18 10 57 96 74 54 46 48 81 42 -1 92 10 13 61 11 30 59 80 2 55 22 41 82 9 87 88 13 17 82 3 8 27 39 53 58 8 20 83 81 16 24 42 41 35 67 54 63 58 3 62 63 2 26 44 19 12 62 81 93 37 26 54 50 49 55 21 75 82 5 54 90 75 44 69 54 33 75 17 7 0
19 7 75 4 71 90 31 80 83 53 86 31 59 28 77 37 42 95 41 13 85 66 76 69 31 22 94 69 82 62 93 51 58 86 14 85 40 38 8 6 57 85 88 26 54 45 100 30 78 14 72 81 66 91 42 62 58 45 102 88 81 18 18 50 43 21 96 53 26 18 95 47 66 79 99 71 70 22 31 46 96 45 46 98 40 13 97 24 4 49 47 35 87 26 34 77 30 70 27 37
91 44 88 38 31 94 73 32 21 43 91 46 49 74 66 54 65 53 61 53 34 71 92 66 12 22 67 38 101 62 80 69 64 -2 74 70 13 53 9 51 75 90 52 75 23 71 54 37 67 57 21 68 7 88 96 11 84 86 71 15 71 66 4 6 53 80 77 53 25 33 54 82 73 65 91 80 51 35 62 21 71 71 88 85 5 20 30 31 74 66 97 96 31 44 39 39 85 39 44 42
83 17 39 100 82 67 83 89 71 4 12 33 53 80 97 55 93 97 25 35 59 78 97 66 11 80 81 67 79 4 52 67 71 38 37 92 62 65 11 87 98 51 62 2 17 32 19 92 99 13 42 88 9 86 43 1 63 87 49 59 31 22 31 81 40 88 47 23 70 37 100 56 29 55 98 78 6 35 12 71 24 49 70 81 97 52 81 11 83 86 96 86 34 72 30 69 24 13 6 77
78 85 85 93 66 43 44 28 25 30 83 3 72 73 48 89 33 69 3 79 42 69 30 31 18 47 88 30 85 47 15 48 25 23 95 96 70 7 9 0 99 32 84 76 10 16 11 89 25 57 51 56 57 18 75 64 21 9 48 42 88 94 6 67 85 42 60 33 29 92 46 70 46 54 28 81 45 12 56 64 64 42 34 41 69 16 36 2 72 23 81 90 87 86 21 18 67 37 55 71
71 64 43 57 89 92 34 3 35 26 46 71 35 99 80 31 67 19 13 34 16 60 45 74 51 14 22 17 40 49 58 20 77 53 37 16 76 6 92 95 18 50 23 96 47 90 13 51 18 17 18 33 47 86 61 94 4 47 21 82 74 13 37 79 42 71 60 12 43 62 60 30 75 79 63 81 5 56 48 60 36 62 40 36 83 15 28 16 101 13 46 70 22 69 62 54 45 14 98 70
86 57 79 20 6 66 40 23 81 8 21 32 65 78 9 3 53 52 42 5 15 70 19 93 9 60 44 51 53 3 80 69 72 9 21 16 41 36 28 51 38 66 33 1 3 36 11 48 15 92 62 32 65 33 68 2 64 86 95 38 48 66 100 76 60 30 48 76 69 90 16 72 53 91 27 -1 26 10 5 44 96 6 83 59 52 85 58 48 58 51 13 87 71 11 48 70 60 62 14 3
99 71 60 96 87 81 87 45 63 2 82 97 59 92 46 94 35 65 51 18 84 63 99 84 6 58 85 25 12 23 80 95 36 18 48 33 62 51 59 35 74 50 38 11 93 17 63 29 21 25 87 53 48 37 84 27 74 64 20 87 86 58 53 98 95 89 102 78 77 85 7 87 75 8 81 17 34 19 82 51 88 71 100 28 100 54 4 86 66 15 38 18 17 63 60 29 31 69 97 60
42 68 80 84 68 8 53 85 3 -3 58 29 30 80 42 28 76 4 75 54 87 95 31 17 52 82 38 76 91 17 6 50 39 82 20 63 9 80 91 -1 74 64 65 71 25 73 52 76 73 -1 17 53 39 27 69 10 40 75 56 69 7 56 75 95 5 84 77 -1 92 62 94 13 64 82 24 57 28 88 30 48 45 59 75 30 15 89 86 22 22 63 51 21 91 49 14 50 41 47 63 49
67 72 34 83 50 62 58 42 96 3 52 52 29 75 98 15 28 2 95 11 70 42 101 52 75 41 23 71 53 15 29 4 72 71 76 72 9 55 72 53 22 54 100 4 86 50 9 67 60 4 29 98 37 87 17 87 63 88 31 93 6 60 55 51 4 87 36 35 91 7 62 39 20 21 22 54 83 13 31 90 44 86 7 54 36 19 61 28 21 54 76 83 15 11 86 1 3 34 60 79
100 -3 41 14 5 95 19 12 82 16 15 27 55 21 22 77 47 54 88 7 73 91 97 66 48 57 74 -1 66 64 17 77 23 43 3 63 24 7 50 27 72 87 9 22 48 46 59 30 44 23 19 0 46 81 56 24 72 24 54 94 88 61 39 9 59 79 90 23 94 40 64 50 7 77 36 63 96 34 29 63 47 62 27 29 15 60 82 69 2 20 44 93 19 26 63 95 94 11 11 40
71 11 64 69 87 66 14 87 76 29 43 99 5 86 59 25 93 15 45 90 92 66 69 89 60 24 16 1 90 72 63 21 48 37 84 25 47 55 85 84 63 69 89 7 94 29 78 83 33 59 49 82 43 93 8 63 68 20 8 20 99 88 91 10 75 70 6 98 90 33 86 56 60 76 62 49 56 74 32 82 66 79 58 46 43 25 71 67 5 82 71 29 9 12 69 14 100 17 86 80
26 20 25 63 48 32 91 1 40 43 46 86 51 67 37 69 20 34 99 77 90 65 3 28 6 35 4 24 43 1 17 88 51 75 7 36 63 12 14 41 95 73 42 13 66 10 28 67 36 57 87 21 98 63 51 37 74 66 67 90 87 62 13 15 41 86 55 69 93 5 62 22 63 53 79 81 5 68 43 15 89 5 33 78 65 39 8 81 97 87 48 84 99 45 13 71 76 28 84 71
8 99 74 9 13 45 25 25 21 13 85 38 51 33 13 58 31 23 46 43 16 87 40 29 77 58 23 89 88 24 80 39 7 57 37 1 91 84 45 2 69 65 94 95 30 92 77 52 100 99 62 94 81 70 36 11 12 8 62 21 31 20 17 26 99 54 56 27 6 44 22 56 4 81 24 24 54 62 81 67 33 58 61 7 57 36 70 67 93 17 60 94 83 21 90 86 98 6 38 24
27 92 100 77 77 38 28 77 81 54 26 30 56 33 56 37 27 51 65 45 17 8 57 59 67 13 80 89 54 35 9 52 19 3 57 14 73 78 92 8 37 80 45 61 6 -2 99 73 46 66 20 38 45 64 42 90 100 46 41 13 3 83 56 58 89 54 86 72 63 29 73 58 70 13 89 29 84 49 26 73 98 33 9 89 58 64 7 84 62 -1 7 7 37 96 87 17 70 88 25 78
92 100 71 93 44 99 62 74 54 56 42 64 92 78 15 76 63 90 36 9 97 13 36 26 15 94 28 51 26 82 92 52 79 61 25 37 38 72 62 16 45 93 17 28 74 67 86 71 4 16 6 49 34 13 62 55 79 17 27 24 75 29 58 86 58 87 39 71 92 26 60 33 101 47 19 58 76 37 12 80 13 70 29 20 37 93 93 96 10 36 9 8 50 82 37 91 27 94 22 17
62 70 100 17 37 0 64 93 76 8 36 51 77 74 6 56 75 87 15 41 4 58 26 38 73 76 6 28 35 12 63 63 7 54 23 -3 31 79 95 21 94 63 83 58 34 51 14 72 24 4 33 3 74 83 59 20 65 24 49 93 87 -3 27 27 98 67 12 48 33 86 81 61 4 4 11 58 91 11 11 0 84 41 30 40 71 48 25 30 67 82 22 94 79 33 74 13 53 9 71 53
10 100 47 14 81 82 97 25 69 6 71 96 31 67 56 34 39 43 19 76 100 96 49 93 49 1 7 26 97 64 24 88 101 61 25 98 59 10 38 58 70 76 42 35 87 95 36 66 88 1 80 44 40 23 35 33 65 29 42 81 50 88 34 6 14 23 33 57 34 44 87 72 79 52 33 71 20 18 13 54 99 72 82 23 26 25 16 32 31 18 5 75 35 59 60 87 32 93 78 48
69 46 4 57 76 52 17 78 66 29 3 74 44 66 45 -3 85 50 23 63 15 46 52 41 11 8 26 76 57 10 80 72 46 12 40 9 87 35 72 62 78 4 90 45 45 66 79 11 91 65 76 91 15 32 21 71 42 16 25 78 72 69 31 50 23 82 39 40 47 40 34 44 96 68 29 -3 42 22 48 19 39 82 2 3 31 92 93 15 70 93 36 39 25 22 63 77 34 11 70 56
100 89 84 25 47 29 89 6 98 12 58 94 52 47 79 94 79 50 98 53 37 24 82 92 51 58 59 49 99 57 85 38 13 81 49 20 64 98 11 14 22 91 71 25 6 17 99 47 17 48 25 48 7 97 95 94 97 58 74 77 65 66 94 37 30 49 48 76 41 76 97 22 24 6 52 93 92 100 68 79 11 17 83 70 42 11 24 22 3 26 94 63 81 36 78 35 32 9 44 66
97 23 22 56 88 94 23 11 85 88 22 64 8 27 58 4 73 51 53 64 73 0 5 63 80 49 12 78 34 42 24 26 84 94 70 6 74 43 67 42 58 39 69 32 51 10 20 18 22 37 58 60 3 25 8 17 3 79 27 88 13 23 17 37 98 52 96 41 44 37 28 96 2 55 56 35 4 58 38 11 28 53 71 37 9 8 32 49 33 71 87 43 38 34 20 83 37 49 13 93
10 67 61 89 88 17 65 94 14 90 28 42 13 42 88 3 95 46 96 52 69 98 95 33 53 42 60 89 68 15 3 43 13 30 92 93 36 16 27 24 91 7 21 24 61 89 84 34 39 32 82 41 10 97 23 3 60 70 75 36 24 57 53 29 24 93 11 57 31 44 69 28 15 14 65 7 38 70 76 21 10 37 41 90 79 75 69 54 51 25 25 48 31 22 21 100 68 44 86 9
42 67 79 79 70 26 43 28 17 83 83 9 3 68 18 39 57 -1 36 41 42 21 27 59 54 39 18 72 77 90 2 94 84 72 6 56 2 32 20 35 48 49 38 92 5 92 4 73 60 48 43 19 50 56 13 48 71 32 24 32 65 81 27 69 90 84 67 71 94 47 14 82 34 86 100 91 81 45 17 76 17 47 45 88 82 76 11 47 66 6 20 31 26 36 2 63 19 52 97 57
83 33 91 7 48 55 16 7 90 3 100 64 98 70 100 86 59 2 54 31 57 9 56 46 66 27 55 22 85 46 19 63 83 97 85 80 64 94 80 50 17 45 49 87 48 26 39 91 55 52 16 82 40 76 29 28 46 52 39 32 8 63 28 61 51 67 49 32 18 19 50 42 46 79 68 18 58 20 81 69 76 24 71 22 64 40 6 10 66 75 3 9 96 91 19 15 60 51 24 62
97 2 56 0 42 53 45 9 53 86 57 19 44 58 74 38 30 29 48 8 59 52 75 76 48 65 27 38 14 32 33 86 47 23 64 88 66 32 58 20 16 95 71 76 26 73 74 59 11 23 88 82 24 12 85 0 85 80 92 4 77 10 6 32 5 92 37 39 14 49 93 23 19 34 74 -3 72 75 41 22 100 96 101 75 70 31 97 12 100 87 55 47 28 24 21 10 63 46 44 56
79 34 9 85 95 63 76 15 87 39 32 2 85 23 27 24 96 67 77 97 40 61 75 31 48 49 81 64 54 48 80 13 38 22 102 21 28 51 70 77 24 76 67 36 43 76 101 58 88 84 81 67 8 48 72 97 18 72 5 98 56 1 12 66 71 31 20 31 74 82 94 57 8 67 46 99 67 85 21 61 50 38 77 5 93 84 95 88 65 41 53 73 36 19 62 30 92 30 82 11
96 44 7 41 76 80 75 84 10 86 31 16 51 57 76 85 25 2 15 50 6 91 71 94 4 87 100 39 20 36 34 11 36 83 101 81 51 51 33 24 63 26 34 22 5 72 3 67 55 88 48 -2 39 41 63 49 3 82 72 70 63 68 27 36 2 35 21 37 30 42 48 12 45 56 28 77 66 38 85 61 54 35 89 65 46 67 84 36 13 74 44 43 29 72 16 19 87 27 30 68
12 81 8 80 34 88 69 46 59 22 64 69 48 54 86 17 26 44 66 62 93 1 82 100 70 25 92 84 10 81 85 49 34 68 97 70 6 40 54 3 26 74 39 9 64 78 29 59 48 77 58 19 34 23 46 57 42 15 30 73 82 36 43 87 49 66 51 68 17 53 40 47 9 67 31 6 20 27 76 2 43 97 3 33 52 48 20 36 93 100 68 55 99 27 92 4 13 71 43 26
92 76 74 -3 42 22 73 68 19 62 87 16 2 40 31 -3 92 40 56 73 77 40 12 13 57 47 8 2 9 19 91 25 58 35 60 53 86 94 26 23 86 -1 97 48 12 92 85 66 68 87 55 87 98 95 61 95 94 77 35 91 95 44 96 79 82 67 41 37 74 41 14 39 15 6 10 20 14 10 58 28 20 59 58 38 63 10 59 45 57 95 88 2 64 9 91 22 46 27 15 4
87 58 96 16 53 67 11 95 83 18 74 56 101 28 77 51 77 62 75 5 94 52 87 66 49 15 34 69 50 4 69 49 55 6 49 54 99 34 16 29 32 87 76 34 84 69 40 20 54 96 99 4 65 37 8 75 31 93 12 53 28 40 41 42 87 96 88 1 41 46 36 92 53 78 52 57 3 46 67 90 58 27 80 7 93 6 71 21 97 63 77 44 101 22 9 10 17 69 4 79
99 29 70 72 66 75 80 10 8 58 70 10 63 27 69 59 23 -1 37 6 98 74 101 34 45 50 100 10 84 15 29 52 18 61 29 38 8 77 3 16 53 70 79 63 47 73 2 80 18 15 47 23 54 11 66 0 95 69 31 67 28 25 28 37 58 21 70 91 31 71 18 60 7 7 86 63 96 79 98 51 72 71 70 19 63 81 68 40 62 87 66 87 21 43 10 0 31 96 69 78
43 78 100 82 87 34 25 33 54 97 94 64 54 32 88 19 56 72 50 81 84 59 6 46 15 69 71 15 54 5 17 9 60 79 51 64 16 6 65 63 72 97 84 61 71 19 98 44 55 91 63 74 93 55 97 60 15 66 55 20 26 28 28 94 91 15 67 70 15 97 40 33 13 27 12 33 65 100 50 97 79 75 49 51 23 98 73 20 86 17 51 29 33 99 94 34 42 68 38 87
7 7 96 27 50 41 64 13 24 41 92 21 57 82 49 71 24 84 11 23 77 78 2 33 77 82 45 2 51 86 67 -3 60 31 68 3 19 7 101 25 31 46 62 33 77 48 41 27 15 65 25 46 69 89 47 64 34 12 48 82 46 44 18 96 36 13 74 47 69 81 6 13 20 55 82 35 49 21 91 35 54 15 72 20 54 67 86 40 24 14 20 92 22 0 84 90 85 66 43 93
58 57 69 50 77 31 99 89 7 72 45 89 35 67 90 66 35 68 70 77 25 99 72 79 54 6 85 70 54 96 65 52 63 9 78 17 48 17 32 87 22 81 27 6 11 25 61 11 50 35 13 92 91 32 77 94 22 16 90 64 16 36 61 47 22 85 60 60 89 69 57 81 52 100 86 39 47 60 99 80 24 14 37 66 18 82 67 36 78 58 62 64 41 52 88 18 94 2 24 34
27 72 14 -3 8 94 43 66 84 73 57 71 48 51 33 96 13 46 45 83 18 88 29 27 70 20 57 3 48 75 41 80 56 14 35 18 55 45 83 49 47 33 71 82 76 53 55 7 7 39 36 79 100 7 83 49 37 74 92 87 81 86 49 51 46 47 100 41 21 42 60 74 56 92 15 36 52 36 31 48 75 62 46 14 64 61 98 15 92 34 92 32 48 41 77 16 92 11 15 4
50 33 29 58 86 65 94 62 61 32 3 56 97 51 61 59 99 9 77 17 71 4 41 75 32 96 98 38 77 64 25 21 68 72 6 38 26 6 47 66 4 88 94 4 31 94 60 97 17 80 21 62 74 50 23 8 29 63 6 36 64 31 34 22 79 21 56 40 92 40 94 73 101 34 98 20 23 29 68 16 68 90 31 45 80 55 80 36 62 92 23 14 11 1 71 67 85 54 95 17
36 85 90 46 15 27 92 83 31 20 10 90 66 49 25 3 82 46 80 6 21 31 19 72 16 24 64 32 29 84 27 45 5 37 19 74 4 68 82 92 85 95 18 18 54 32 84 37 47 96 23 5 27 49 72 84 84 57 49 63 68 50 5 45 6 31 99 33 96 90 60 6 59 69 40 47 73 20 26 12 97 -3 55 44 17 41 40 56 11 3 97 14 62 68 10 -1 7 77 21 24
91 24 101 59 80 37 86 66 84 28 99 26 26 9 30 99 59 8 67 49 9 11 73 50 99 71 62 33 60 94 14 12 84 44 72 61 52 42 94 80 86 5 101 69 28 91 70 50 89 9 5 93 43 66 14 34 34 22 52 86 44 64 25 75 20 86 77 63 17 29 26 58 86 2 34 41 65 3 77 82 77 97 73 66 98 42 37 91 67 96 5 41 46 36 40 15 67 46 19 12
27 61 86 62 71 34 64 64 46 84 52 67 16 22 30 58 71 46 66 44 29 51 58 51 51 31 11 63 17 25 89 44 57 17 61 34 24 92 30 46 42 4 46 10 32 15 83 92 92 14 93 17 8 56 77 15 74 92 27 31 17 11 87 19 21 59 91 72 49 45 53 36 17 87 28 86 24 32 7 38 55 0 55 24 88 5 78 42 96 31 96 57 10 47 55 40 39 71 59 68
30 7 90 43 92 10 95 29 28 90 101 84 96 29 39 23 26 94 100 87 45 32 54 16 21 69 44 44 7 100 15 54 13 95 101 40 24 85 85 21 3 68 65 100 73 30 12 51 36 93 74 69 91 52 7 16 47 28 3 72 4 18 9 59 17 45 46 40 26 6 37 43 47 93 5 68 94 48 80 40 20 77 46 50 68 78 92 63 95 81 101 16 24 33 71 28 61 23 12 53
94 87 55 7 34 94 56 92 50 30 66 -2 5 41 100 14 25 74 59 2 25 66 54 42 24 96 95 29 21 77 47 88 72 52 20 55 81 29 39 77 88 77 19 70 17 86 24 89 98 90 94 36 29 33 4 76 10 61 63 12 22 18 46 95 33 19 99 39 30 93 36 83 96 80 37 73 71 76 88 69 2 52 41 10 29 69 99 76 35 38 85 65 28 3 35 85 95 37 7 65
El programa tardó 122 milisegundos en ejecutarse.
