92 4 85 96 70 12 84 15 89 53 85 36 59 15 77 88 37 8 62 6 85 31 94 52 76 6 12 11 44 72 73 52 27 14 59 51 98 97 33 84 99 88 37 92 88 81 65 64 9 42 47 22 94 79 56 37 18 51 9 44 59 48 85 79 65 72 73 95 68 87 80 99 32 74 90 72 50 32 15 30 14 88 18 7 44 10 75 64 39 41 41 26 33 26 52 91 66 13 20 82
61 56 11 17 84 40 89 53 80 67 66 12 63 80 98 48 69 60 40 55 32 41 26 16 50 38 5 18 95 17 42 23 89 58 32 30 11 58 88 20 37 64 84 43 89 32 95 61 80 55 40 38 81 8 68 21 72 26 31 47 68 27 2 79 85 75 31 49 84 74 9 75 8 81 21 94 4 36 67 64 68 73 35 49 14 34 31 16 46 68 50 69 19 53 58 37 33 41 67 46
65 9 37 16 41 43 15 84 89 14 27 6 46 83 62 87 102 64 49 35 56 74 22 1 97 38 79 59 17 65 85 12 10 50 34 100 95 5 6 72 92 61 58 87 8 63 56 64 69 92 49 47 85 57 80 86 89 13 77 14 90 73 49 16 97 97 83 73 29 82 87 10 75 59 67 49 20 92 5 24 33 31 12 97 14 82 90 68 65 26 72 76 80 6 14 42 78 11 54 91
98 66 65 93 60 69 56 42 27 18 23 36 74 58 43 38 36 93 29 44 51 43 72 7 12 8 7 88 55 91 94 73 94 8 65 59 26 86 21 59 97 -3 58 58 20 34 88 14 2 3 95 86 25 18 88 6 56 69 46 51 87 -2 49 1 94 74 42 79 3 80 70 53 72 8 5 80 64 92 49 38 86 71 39 34 34 47 66 30 3 59 73 78 10 64 95 9 42 71 30 6
19 3 76 18 65 38 68 38 5 6 48 27 79 38 19 71 45 83 48 1 64 24 19 88 100 63 16 28 55 86 8 41 47 84 45 61 63 53 30 9 5 37 98 31 6 62 84 72 14 47 56 77 90 67 96 87 35 78 85 29 55 23 97 97 99 84 20 39 72 41 56 79 91 52 14 25 73 4 83 30 81 100 6 9 29 5 4 47 14 29 89 31 21 17 82 39 27 50 98 80
74 26 20 89 63 23 40 88 31 15 95 57 96 95 39 73 94 -1 76 58 74 83 66 83 76 20 49 -3 61 -1 81 53 18 62 54 46 36 91 3 39 73 71 88 55 62 1 87 60 69 51 39 64 49 34 76 24 86 57 67 49 70 46 47 66 24 92 26 21 3 9 87 60 48 -3 97 62 3 3 49 64 26 89 100 59 38 56 83 11 93 61 69 81 36 20 50 62 27 84 35 3
25 57 48 89 6 64 38 73 66 72 12 20 77 8 61 69 19 33 84 25 73 79 82 22 73 43 39 74 37 73 46 67 47 44 28 90 64 59 30 45 38 19 76 38 50 9 57 5 65 69 39 58 9 57 63 53 54 2 9 72 24 7 32 53 40 69 24 4 4 36 65 64 95 20 23 7 85 96 22 98 8 66 45 73 8 5 75 100 75 83 72 75 32 61 57 2 62 81 57 74
84 39 77 7 70 22 96 72 62 65 73 7 7 91 25 36 20 31 82 94 33 89 56 45 13 40 71 84 51 67 81 14 90 -1 61 51 55 11 14 83 52 48 28 90 57 95 47 22 5 48 66 5 40 22 29 47 95 31 43 81 38 91 10 27 97 2 97 80 16 66 4 24 82 44 40 65 11 27 59 0 101 58 68 55 55 47 42 88 61 50 3 60 87 12 71 93 63 30 9 47
42 75 62 6 44 16 65 32 36 7 64 86 42 10 68 94 39 27 9 26 66 50 27 4 64 73 88 43 50 6 51 45 13 46 38 51 14 75 43 83 89 88 102 78 77 34 67 73 43 36 93 67 69 19 27 40 18 75 76 2 61 54 5 93 102 73 47 44 5 32 21 82 20 85 76 65 35 55 16 74 17 49 44 24 3 45 90 25 6 20 82 13 19 13 26 84 94 4 4 65
35 34 82 23 99 89 87 15 100 77 56 26 38 8 33 65 52 57 16 25 25 34 30 35 48 45 85 10 27 35 86 68 36 55 20 56 72 42 5 27 20 42 94 90 78 57 37 18 72 42 7 45 84 57 7 9 100 1 67 58 73 52 13 1 71 84 14 93 30 93 57 67 35 65 86 17 80 51 26 67 20 33 55 54 89 13 60 6 94 66 63 83 26 60 64 2 84 63 52 77
22 28 45 66 33 36 70 82 70 44 92 3 23 69 77 66 58 47 30 41 83 78 11 55 25 74 5 77 76 43 67 65 71 77 84 14 32 9 97 97 86 53 92 78 56 46 59 16 63 51 3 73 47 32 49 83 101 2 55 54 4 45 95 14 37 96 77 14 82 66 13 100 46 96 28 9 62 23 40 4 93 55 90 75 19 46 101 14 50 94 69 9 5 88 73 34 90 34 98 24
2 49 45 15 22 7 38 79 86 28 3 8 46 4 34 84 14 17 80 15 26 71 50 72 46 -3 44 26 9 39 11 37 30 71 28 91 57 25 23 91 36 8 13 83 46 91 35 18 13 38 25 10 66 20 85 0 98 76 101 81 18 3 17 13 5 -3 42 8 91 49 91 12 70 82 57 19 75 83 6 70 43 93 53 12 31 71 97 29 36 62 46 58 29 94 10 78 73 96 88 54
27 79 35 81 9 41 25 86 47 7 50 76 100 27 44 10 83 41 44 95 60 51 82 37 26 63 80 10 18 3 77 16 5 25 22 1 71 50 7 50 90 25 65 62 93 96 46 51 73 66 15 42 46 100 20 52 63 23 17 98 16 82 52 70 23 3 26 5 37 14 26 70 66 72 75 67 11 88 12 87 74 98 76 96 26 11 29 97 95 10 63 71 17 63 37 44 61 99 70 4
33 17 81 67 11 90 81 42 16 27 49 4 15 86 25 23 77 86 87 6 28 16 76 20 49 59 98 56 44 84 99 75 49 40 32 60 100 5 45 14 63 38 12 12 63 21 80 51 56 50 79 9 2 93 19 67 54 39 49 25 26 71 80 89 68 48 90 89 32 5 85 34 41 96 96 27 9 63 87 72 39 54 4 58 84 32 78 27 34 93 57 53 94 46 22 33 30 47 50 93
52 78 15 93 39 42 84 6 99 34 56 11 4 53 16 29 102 16 3 38 41 62 101 83 11 85 26 85 24 55 41 7 83 32 87 20 42 85 88 81 71 1 19 89 24 59 84 6 95 59 73 70 74 48 31 41 61 38 54 92 90 67 100 58 99 90 82 55 51 76 45 55 32 21 22 42 96 72 89 35 92 6 92 11 17 2 69 46 46 97 34 2 65 6 73 39 11 69 5 99
21 54 17 82 54 76 27 32 85 86 27 58 13 25 100 27 91 89 24 -3 88 34 74 86 42 35 44 46 81 -3 19 14 35 70 26 5 93 64 54 17 8 62 56 17 100 53 23 90 36 11 45 36 65 12 19 20 55 45 84 0 66 75 98 54 89 78 9 89 38 78 36 3 21 85 53 28 64 32 27 88 15 24 78 78 68 71 15 54 92 26 24 36 77 18 4 93 20 3 100 4
77 49 10 68 52 82 5 34 66 11 22 4 44 16 72 23 84 88 12 42 33 96 62 62 75 75 94 9 40 13 39 25 98 77 18 66 45 38 22 43 16 27 66 76 49 70 91 42 6 18 84 63 7 26 80 13 78 20 45 65 9 96 102 43 9 31 52 4 41 64 77 26 6 67 20 32 48 97 63 42 67 4 78 10 85 30 5 64 12 26 13 49 27 9 61 32 85 30 12 4
68 65 67 6 58 -1 4 -1 53 55 47 2 100 76 90 57 90 34 76 25 66 13 6 2 52 4 62 7 34 72 85 1 76 54 3 5 4 79 95 85 5 20 33 83 20 -1 57 96 33 10 55 8 90 59 96 6 45 22 38 39 4 -1 65 89 78 61 23 78 86 27 38 36 26 57 52 12 31 20 83 49 73 -2 42 66 101 -2 41 60 35 61 37 58 91 45 78 48 27 5 28 6
86 82 93 63 99 41 31 40 62 72 87 54 7 86 32 10 32 80 43 14 13 24 77 20 97 61 53 39 16 65 52 1 74 38 96 58 76 74 53 84 25 66 72 34 79 85 87 99 89 25 21 100 48 43 34 59 91 15 94 87 100 73 40 21 92 49 55 71 8 73 60 34 100 54 28 37 21 68 45 15 46 36 25 23 37 74 43 12 13 72 5 33 51 63 71 48 52 21 65 84
101 25 66 46 40 72 51 49 8 86 35 3 59 2 54 40 65 75 35 22 90 43 14 61 23 7 92 50 63 38 47 9 96 27 10 -2 11 45 95 86 54 61 37 89 8 58 22 95 4 49 96 5 89 10 40 2 64 12 83 0 88 41 23 49 74 87 16 25 44 78 39 54 16 49 53 69 55 33 27 45 28 66 39 0 79 22 75 4 26 96 43 89 15 83 95 20 85 9 91 26
24 14 90 85 34 74 9 72 42 60 57 48 55 54 22 90 34 72 94 83 26 43 7 97 67 53 71 63 11 67 50 69 92 75 99 55 90 52 78 10 99 81 22 42 18 79 73 3 51 45 90 55 12 31 77 50 19 88 100 26 34 9 51 15 87 73 17 75 101 79 37 92 91 9 6 82 56 88 52 84 97 47 37 34 69 34 96 57 61 59 46 26 53 6 74 1 100 10 64 60
25 3 40 21 74 79 47 74 34 35 28 51 82 9 74 16 38 9 27 10 70 23 72 81 10 -2 7 7 56 10 24 46 2 58 17 58 98 63 43 61 85 78 95 12 53 55 15 24 71 41 75 67 16 57 65 19 46 96 77 88 29 4 73 45 10 81 101 62 8 61 73 92 79 48 92 64 15 54 83 37 98 74 17 2 83 61 66 57 81 69 81 84 69 90 24 84 58 96 82 5
93 72 62 69 12 90 72 63 80 43 73 87 34 8 71 34 29 38 47 56 21 94 66 1 65 64 99 16 95 2 77 80 45 35 50 67 29 95 71 77 32 29 33 37 95 83 80 34 55 51 97 61 84 2 18 81 24 43 26 10 47 73 34 36 55 52 3 30 64 90 30 9 31 62 79 38 56 30 29 4 18 57 39 2 63 82 84 31 86 45 66 21 77 25 60 63 23 87 38 51
11 20 15 -2 28 95 27 53 19 8 82 38 47 15 74 89 99 71 17 43 53 62 57 28 76 59 68 68 100 14 81 92 16 85 83 91 19 -2 56 61 16 96 48 47 9 68 46 61 96 10 46 75 52 90 89 45 75 74 58 10 55 0 42 45 92 70 57 90 5 66 92 31 30 77 65 63 70 92 33 18 41 78 66 12 12 44 100 13 73 57 9 21 61 73 20 78 66 25 37 69
97 81 17 67 50 86 15 16 14 30 63 29 67 98 65 95 79 38 99 57 11 43 17 90 13 63 34 54 45 66 31 95 32 75 101 43 35 40 63 91 54 99 57 16 27 25 60 41 45 55 15 32 49 65 32 37 63 27 73 26 9 83 13 61 25 48 74 4 25 45 19 59 100 74 94 13 7 4 77 27 11 83 67 32 83 63 46 54 92 39 80 10 31 7 3 85 33 81 99 46
57 74 30 88 26 43 5 3 53 12 34 55 68 33 66 91 81 85 88 30 94 64 52 33 17 64 77 89 57 84 87 51 23 18 90 12 79 42 89 20 26 60 72 81 9 21 35 36 47 44 52 32 97 -1 73 53 78 90 100 38 63 88 35 48 31 17 79 96 98 53 49 34 83 81 92 31 55 30 58 31 100 60 45 79 97 93 63 49 21 33 77 71 23 21 81 68 18 50 26 46
78 88 69 6 85 81 27 82 23 47 50 83 97 72 66 78 26 32 61 91 65 17 42 89 90 53 93 66 66 42 99 48 36 47 93 21 20 82 35 24 3 75 56 40 58 36 4 43 40 17 25 90 85 93 59 36 94 25 76 28 52 74 16 3 20 49 52 99 68 26 23 98 69 26 77 50 36 84 66 92 36 5 67 14 85 63 60 49 64 51 12 46 27 61 85 29 36 45 101 86
78 72 84 13 14 82 14 8 3 75 28 14 90 33 100 94 83 81 97 79 70 94 13 72 10 9 68 48 99 80 84 85 71 42 79 22 8 31 43 65 61 2 11 9 27 8 26 84 37 16 32 95 101 17 18 46 18 41 71 37 13 83 30 32 74 61 17 92 81 83 11 17 75 85 79 6 4 75 29 10 83 7 32 48 57 1 90 93 9 -2 49 57 68 56 66 55 74 58 85 23
31 46 60 64 41 35 69 50 28 56 13 87 3 75 13 24 68 47 59 96 60 16 56 51 72 21 60 100 98 73 90 91 58 1 71 56 66 94 37 74 95 75 50 14 20 27 88 63 43 54 80 56 65 80 97 33 3 58 84 47 18 77 24 85 25 33 44 5 86 52 40 40 57 51 63 50 16 25 55 67 43 67 20 12 60 53 28 39 84 12 11 88 87 56 66 27 38 55 91 81
2 46 31 63 12 72 28 60 73 40 101 68 74 8 64 52 73 86 57 62 89 74 29 93 86 74 96 54 58 70 58 56 38 15 89 -2 17 30 7 33 46 69 39 81 11 71 58 83 98 89 97 51 69 39 84 37 12 2 45 79 35 76 76 80 31 47 69 4 27 47 93 75 49 30 58 21 40 -3 62 84 93 85 13 96 2 33 41 7 81 32 59 27 61 53 31 49 41 82 75 84
66 59 99 79 81 34 10 1 34 22 38 28 7 35 25 72 74 19 82 83 56 51 96 40 63 20 64 35 91 29 66 24 5 93 55 71 59 33 13 10 46 4 58 87 22 45 9 79 78 79 20 1 3 12 46 71 99 80 88 11 22 91 74 41 91 8 40 33 97 42 90 58 29 23 44 10 39 45 46 40 45 72 39 81 79 62 75 39 6 30 47 34 89 56 65 6 79 21 37 4
89 40 19 7 88 64 22 79 67 43 77 92 94 69 63 44 26 58 95 74 48 54 76 18 65 64 7 36 97 83 8 29 39 40 21 64 46 55 18 29 54 53 100 32 13 55 48 88 13 48 60 24 7 79 9 66 83 47 77 59 38 79 5 42 91 34 60 57 43 2 53 53 34 -3 73 48 54 13 94 45 81 30 84 38 84 17 97 84 96 41 79 57 76 31 91 42 5 8 85 69
53 78 92 70 100 77 63 20 70 72 93 15 32 82 84 23 40 69 55 68 63 77 3 76 102 57 100 26 50 62 77 95 35 4 94 88 102 37 99 4 57 45 88 72 29 77 51 88 50 21 35 72 58 49 93 26 90 23 9 22 17 42 35 91 101 100 5 24 78 86 68 88 42 34 71 50 28 65 48 53 87 3 26 46 16 51 57 47 91 59 52 80 67 36 88 3 16 18 63 16
94 9 26 20 76 19 96 6 37 38 23 36 35 31 75 56 83 5 83 54 43 58 41 47 97 52 20 67 14 16 36 76 30 39 39 18 71 5 23 44 92 61 63 16 19 19 39 65 16 39 2 51 16 40 23 8 35 58 31 79 49 77 84 81 68 12 39 42 43 56 83 30 66 80 52 62 63 62 50 3 83 58 50 27 70 96 60 9 56 6 18 45 63 8 38 52 21 84 19 45
98 99 67 63 97 3 77 46 76 97 17 98 6 79 79 11 53 5 31 42 25 23 82 96 83 8 18 2 85 64 47 24 24 6 47 45 43 66 35 32 58 46 49 95 17 50 78 27 6 28 58 29 65 90 61 97 43 28 58 62 7 46 96 87 30 51 15 7 65 62 91 33 37 25 3 46 57 45 27 5 14 82 69 60 50 87 85 15 29 93 80 89 89 13 18 81 92 54 50 29
31 60 40 56 26 39 56 78 72 26 68 83 63 82 69 19 27 18 60 75 50 4 65 43 13 24 26 0 28 56 10 -3 52 81 2 5 8 38 3 26 64 87 14 63 34 60 47 76 54 7 78 78 38 13 78 33 89 54 12 62 10 46 48 3 27 62 45 72 41 56 78 53 45 67 68 60 17 57 5 59 70 67 43 0 65 72 87 48 26 33 77 64 81 66 53 27 31 79 25 83
96 20 7 27 23 35 75 13 49 88 13 93 89 45 32 60 90 52 39 54 37 35 4 6 15 88 19 92 21 80 60 65 12 40 72 96 17 62 99 79 80 93 83 25 14 47 74 77 28 49 30 71 56 69 39 1 86 78 31 100 60 34 18 13 84 73 18 22 95 61 23 3 65 48 79 21 87 33 62 86 52 58 30 27 97 26 10 57 80 20 87 40 82 33 48 26 66 68 68 9
30 8 78 65 76 73 43 36 50 -1 80 49 10 30 7 90 19 14 61 29 18 34 37 76 64 87 12 21 11 54 77 62 98 25 90 88 45 89 53 63 44 12 67 18 74 89 95 63 35 56 20 54 8 49 53 -2 37 73 66 17 26 71 4 95 74 50 58 39 26 65 93 44 23 40 90 88 7 35 73 63 25 72 81 49 23 60 14 60 16 76 44 95 57 78 3 21 82 67 53 80
87 33 69 71 100 38 60 13 62 13 82 67 94 21 26 88 4 56 28 80 52 89 88 31 94 42 54 11 52 49 47 38 22 85 24 52 9 28 53 11 3 69 49 42 41 39 52 63 85 32 69 26 14 6 81 9 10 1 5 38 4 2 58 83 95 41 7 63 6 46 83 36 50 74 61 51 64 43 44 12 49 64 49 77 97 78 28 9 16 2 49 88 67 88 35 66 102 5 40 72
84 64 67 31 52 28 42 28 78 7 62 29 3 79 4 59 52 53 43 72 48 20 18 59 6 12 48 45 62 55 29 11 15 90 48 49 84 32 67 28 71 17 50 37 84 74 18 49 40 82 74 30 74 38 12 17 97 91 27 68 35 77 91 91 18 32 14 49 64 39 91 57 70 -2 78 47 80 25 53 56 13 0 44 19 25 14 37 36 99 90 99 45 53 90 6 91 54 44 62 64
3 70 19 63 50 11 5 80 90 67 29 77 19 89 19 60 59 8 87 7 79 33 74 85 96 32 100 32 43 66 81 71 74 25 81 22 48 37 63 79 91 52 101 33 33 7 8 25 39 8 35 34 36 3 39 13 72 31 43 19 4 86 53 76 8 53 49 87 21 30 79 86 55 79 88 79 13 5 77 73 45 8 59 95 75 2 91 71 41 53 86 67 28 57 91 61 20 14 71 26
16 51 4 1 62 7 9 86 82 12 100 63 9 82 91 90 86 -1 79 79 47 23 7 0 70 0 94 14 47 76 29 93 72 62 84 11 64 30 50 0 31 90 24 40 72 10 89 44 60 42 92 83 90 14 98 12 66 73 30 18 28 59 30 52 40 11 46 90 55 37 56 73 51 71 63 91 66 1 31 2 24 45 46 65 10 17 60 20 76 15 42 30 93 57 8 76 35 71 6 76
76 34 46 66 87 61 21 81 26 66 43 87 102 55 22 35 6 79 42 74 51 65 81 24 88 39 65 22 14 97 17 46 40 60 55 38 20 27 33 66 19 92 43 43 101 93 5 2 71 31 83 60 28 67 59 17 19 25 28 81 65 86 22 5 90 64 4 1 73 59 39 80 9 74 14 50 28 70 73 13 63 74 4 69 47 35 39 68 26 36 39 11 43 6 53 43 72 70 85 64
39 9 74 1 34 39 5 18 19 83 86 80 92 59 101 49 94 9 35 59 76 23 58 41 11 2 34 67 38 89 84 14 41 92 92 80 24 20 54 42 12 76 22 64 37 22 85 17 74 73 52 33 89 65 7 40 22 71 31 3 76 58 18 42 9 75 8 55 23 27 28 50 21 83 20 43 80 7 23 57 94 49 32 24 77 41 23 75 9 17 3 75 57 79 6 50 86 27 66 26
56 77 5 3 56 34 60 52 79 50 28 87 89 65 47 48 22 81 48 26 16 70 100 53 21 16 54 30 59 78 38 44 7 8 66 98 57 56 61 1 49 58 55 8 63 11 97 79 67 90 33 99 45 100 67 93 67 84 76 27 14 85 40 5 37 74 20 24 56 37 10 71 88 51 39 21 55 54 50 4 42 49 81 99 31 89 95 38 93 5 35 70 19 71 79 7 5 8 52 15
65 66 12 84 5 82 39 33 35 45 93 44 4 -1 2 85 41 93 73 -1 43 42 10 85 25 34 19 96 37 39 95 36 88 51 66 40 97 30 24 18 24 83 21 49 19 78 3 95 99 63 83 13 84 -1 87 74 4 29 84 67 6 44 29 17 57 9 63 35 27 68 77 64 29 64 36 78 45 57 91 44 33 52 9 66 8 9 73 74 96 30 66 56 39 89 2 62 91 18 17 45
49 1 17 90 19 97 85 35 60 26 16 3 54 83 80 97 63 80 43 82 95 55 79 93 55 35 77 39 88 89 10 20 40 94 60 45 14 10 13 3 10 80 25 47 48 13 28 83 100 34 99 73 51 85 22 41 15 28 7 46 33 37 73 82 72 58 97 78 3 12 50 38 74 67 50 88 8 56 80 89 54 12 67 76 5 46 80 13 18 66 33 52 37 22 83 93 95 34 95 93
91 57 13 49 68 16 20 77 78 95 72 8 47 58 14 42 41 72 37 56 101 37 4 12 96 67 92 3 57 10 28 42 64 51 43 44 60 33 95 77 31 50 87 56 15 75 89 69 70 35 29 11 75 29 29 55 84 51 79 59 45 79 33 66 81 54 59 50 19 79 24 18 66 39 14 57 59 54 82 12 29 59 5 46 84 18 45 47 58 66 19 5 44 85 84 10 93 43 40 4
86 13 32 13 34 95 42 88 23 74 30 59 21 92 25 69 89 26 19 25 96 60 92 35 33 40 102 20 90 85 33 55 66 21 30 72 81 77 70 20 94 92 16 100 60 79 80 11 73 61 66 18 62 55 102 49 92 16 77 14 60 15 85 67 58 20 53 71 33 48 48 15 36 98 27 48 61 89 38 93 82 33 100 35 91 37 32 64 52 19 27 28 92 84 101 92 91 37 13 17
88 32 36 15 37 48 9 64 39 34 11 63 77 44 8 30 99 27 19 13 54 35 77 40 87 86 24 27 5 35 94 49 44 36 100 93 88 68 67 27 45 45 53 0 23 45 47 42 27 14 59 7 40 46 63 64 9 48 47 30 40 83 55 77 43 59 16 78 86 37 73 94 17 34 74 9 91 76 61 8 90 78 22 78 69 20 56 17 41 7 37 19 60 2 67 15 51 54 17 58
61 35 15 31 63 24 91 69 100 73 40 44 79 70 15 94 54 82 25 63 90 47 100 42 100 88 76 74 55 13 49 78 26 82 56 23 64 61 92 76 65 62 79 20 57 83 48 51 29 56 5 35 97 31 57 30 32 15 83 46 87 50 65 59 57 45 33 58 7 3 36 57 93 16 88 94 11 97 42 43 39 88 11 32 83 91 57 18 70 13 58 53 72 55 34 75 99 23 70 91
41 77 66 57 83 5 8 30 2 93 52 10 55 42 61 95 19 13 3 52 82 20 74 78 8 26 83 12 84 85 18 56 58 14 63 96 63 -3 63 87 61 42 19 48 15 63 33 44 18 70 16 56 46 0 73 64 58 69 61 91 96 35 26 10 93 58 7 4 48 49 26 81 92 74 43 2 87 26 42 3 50 51 10 78 11 50 40 90 80 76 21 81 34 76 29 72 63 40 74 30
25 67 25 20 17 9 88 31 59 46 47 88 88 52 6 15 102 66 22 19 74 74 43 65 28 32 63 22 15 65 59 45 57 43 58 21 30 80 102 53 53 77 74 83 74 52 56 12 31 98 57 27 52 55 60 4 56 63 10 91 11 4 15 65 22 72 48 1 91 24 77 62 69 84 76 86 16 59 8 34 56 75 43 8 46 86 35 68 3 41 64 17 32 51 28 38 71 47 11 51
33 49 14 25 45 86 9 33 101 36 84 23 41 13 14 51 26 81 38 41 35 14 20 82 8 65 8 7 9 95 52 45 3 76 35 45 54 73 41 86 45 -3 89 15 60 78 57 90 55 61 70 -1 5 34 96 20 79 75 12 44 6 56 98 2 18 47 99 4 9 2 71 9 51 74 40 39 13 45 44 29 54 74 89 65 76 59 67 92 65 63 85 59 31 48 33 19 57 16 58 70
11 58 93 8 13 65 29 84 76 12 93 41 12 97 85 32 78 35 37 47 84 18 33 83 7 1 77 86 72 33 35 16 9 5 68 52 23 56 97 58 66 9 49 50 100 21 60 76 78 54 26 57 68 80 10 34 98 69 82 79 19 45 16 47 95 3 33 70 25 21 47 3 45 71 4 79 29 100 46 33 91 87 95 21 34 42 52 50 18 22 60 19 31 65 87 88 14 9 28 33
74 95 75 6 37 90 22 82 20 85 42 60 5 91 74 60 53 46 5 9 62 11 21 22 92 12 77 59 6 26 46 70 37 20 30 60 76 42 9 44 5 23 79 55 31 91 46 61 65 32 10 4 70 2 57 5 61 24 40 12 73 81 23 32 5 64 87 22 75 80 89 55 50 37 5 72 82 31 19 18 98 78 86 14 2 88 31 75 101 51 48 48 65 3 30 38 37 13 64 20
24 11 20 60 5 72 102 85 74 6 61 32 36 2 56 24 57 74 4 91 41 14 24 5 98 52 8 90 32 64 51 79 7 46 24 85 75 29 19 57 55 71 24 99 88 49 86 51 96 41 78 7 65 52 88 32 90 52 18 73 16 34 61 58 56 29 56 45 28 69 42 63 59 21 27 69 102 57 62 22 10 86 77 84 25 36 37 27 32 79 29 27 64 31 22 40 15 40 82 24
8 94 78 2 78 54 34 78 93 87 79 44 97 39 37 88 76 64 44 61 71 35 10 92 44 3 78 14 41 50 90 4 95 96 73 73 72 92 81 59 100 35 65 34 77 42 34 42 37 23 83 66 35 88 70 31 84 58 26 23 23 11 29 34 73 86 43 26 91 -2 11 21 60 16 21 31 21 19 29 76 82 30 81 3 60 93 4 20 63 59 64 79 28 32 66 79 28 89 44 89
29 44 42 1 25 13 93 76 9 2 41 25 44 43 94 98 64 76 76 15 31 96 84 64 72 21 71 44 79 46 57 94 98 74 58 5 77 23 65 79 16 54 44 33 60 57 6 65 35 15 19 4 50 32 70 8 17 22 29 81 19 28 101 16 38 38 27 15 101 65 83 55 22 52 93 11 27 69 57 96 43 77 72 25 65 28 37 33 92 6 75 64 97 11 75 78 39 4 42 78
53 65 94 39 42 55 66 81 93 21 94 39 84 43 23 69 97 42 84 83 38 57 52 45 12 37 17 34 93 14 87 40 71 13 21 65 89 41 47 88 67 16 46 27 45 1 2 41 59 1 79 19 86 16 2 77 42 32 96 23 77 84 32 21 4 0 52 32 53 12 10 87 55 3 24 1 90 10 69 9 100 43 64 92 39 4 70 16 88 19 25 93 47 85 41 75 68 16 66 29
14 86 55 6 24 43 50 97 78 41 57 19 73 38 87 87 10 21 41 92 52 82 95 8 73 93 24 13 26 61 70 70 72 59 43 85 85 55 102 18 99 3 14 98 27 86 59 52 53 23 101 66 34 29 41 26 86 27 92 22 93 63 76 42 8 41 80 94 8 25 97 76 45 35 92 17 26 95 40 95 44 73 23 57 59 20 35 58 59 55 61 42 68 62 90 11 67 80 10 28
58 8 85 11 97 76 46 48 93 24 38 62 76 73 76 48 24 72 92 2 9 79 59 33 91 71 35 18 67 28 36 48 61 85 83 82 40 8 67 77 80 8 54 81 77 53 61 56 74 36 14 38 24 85 73 -2 21 13 97 29 33 34 71 60 81 7 19 34 2 76 27 -2 54 51 24 88 57 53 72 86 99 46 49 17 14 78 12 -3 40 23 90 79 56 45 9 82 40 -1 9 32
20 75 69 84 23 94 14 17 82 65 77 54 64 48 83 3 90 84 100 23 90 33 53 70 73 55 25 75 53 80 61 1 28 23 3 29 70 68 16 84 64 64 34 90 46 5 51 12 64 33 91 63 18 34 69 70 80 51 91 65 86 82 97 79 76 6 39 78 32 14 90 29 92 9 22 18 25 74 75 15 82 14 15 32 68 11 12 69 65 24 33 30 50 45 6 34 67 7 41 22
84 87 15 47 66 18 3 10 68 65 30 23 71 19 38 85 80 58 12 18 64 61 96 69 6 84 19 60 21 69 3 48 65 20 75 80 81 19 11 8 66 66 33 36 19 32 61 -2 24 53 57 40 50 4 52 37 7 27 16 40 70 13 57 26 13 73 62 -3 14 73 53 27 74 44 51 74 77 24 28 19 50 24 4 15 35 88 7 58 55 32 39 88 66 26 100 78 37 46 12 26
48 67 53 26 90 20 45 76 86 94 76 7 75 75 31 32 11 49 65 14 94 69 56 62 27 27 47 19 12 3 60 7 17 100 7 66 50 26 27 88 28 13 93 35 84 4 98 37 98 13 88 7 11 96 26 64 95 19 9 83 91 1 20 47 79 26 72 35 59 36 57 12 7 24 17 78 63 81 53 38 40 65 102 4 87 96 8 2 35 3 3 20 57 84 97 47 15 93 73 58
34 67 50 47 48 31 47 71 53 17 40 -1 6 83 16 52 47 95 83 37 41 75 74 64 81 64 17 1 41 14 39 49 85 61 18 81 31 51 91 45 34 92 57 93 27 53 72 64 55 55 9 2 86 -2 56 82 25 62 84 65 66 86 68 5 5 32 30 78 32 43 26 25 27 65 10 42 54 53 16 83 21 31 89 87 75 38 42 89 53 28 62 10 53 90 4 81 3 89 100 22
11 14 91 17 25 56 20 22 40 11 95 17 40 18 80 7 45 83 97 43 76 36 81 35 22 61 53 39 51 63 7 70 6 100 4 67 47 6 35 53 47 51 82 57 48 60 12 46 72 41 79 17 18 61 70 78 65 43 16 80 52 45 24 18 71 27 6 93 25 14 80 60 87 100 21 69 20 50 46 74 18 5 101 44 16 23 16 80 100 15 51 40 49 87 90 30 17 46 24 2
100 51 24 13 74 85 4 56 73 93 42 47 92 6 4 46 30 15 43 46 34 92 55 80 43 87 91 45 96 20 65 50 66 37 76 37 12 86 66 -1 5 47 70 66 42 25 65 19 92 96 23 57 68 -2 80 24 48 34 80 55 6 40 32 35 9 5 101 91 99 78 6 70 60 37 24 20 66 86 22 7 70 61 5 77 9 19 64 92 55 41 11 59 8 37 63 91 100 25 70 30
66 38 39 14 8 41 84 1 58 25 31 44 63 87 72 13 23 19 89 95 44 43 5 88 91 58 101 29 98 37 25 59 30 38 63 21 62 61 81 1 66 32 42 77 18 57 23 77 101 46 71 16 98 75 33 15 38 24 81 86 75 97 76 4 82 3 64 62 16 63 7 74 88 73 8 61 75 57 84 2 62 8 69 63 57 32 38 33 37 65 54 23 78 84 19 49 95 63 33 14
100 -1 38 91 82 90 9 35 32 53 35 48 64 28 19 -1 92 95 64 18 6 28 20 19 6 89 84 51 55 37 15 22 78 88 84 43 13 63 12 61 44 32 72 71 65 62 96 36 8 36 30 48 43 54 2 21 21 71 3 22 27 62 87 9 48 89 63 43 8 51 40 48 32 28 84 73 79 1 97 20 59 89 8 15 6 35 31 77 69 90 2 89 29 9 45 58 85 28 7 78
57 15 88 40 36 9 65 17 80 42 54 69 6 8 45 95 16 42 68 42 45 17 22 28 45 61 39 79 102 42 85 80 16 9 41 92 71 59 41 37 21 42 65 11 84 91 91 10 79 37 38 66 66 15 66 75 59 86 7 49 35 25 49 99 56 49 35 15 35 20 32 3 84 43 60 82 11 90 73 57 45 49 9 45 83 5 65 18 16 69 64 26 60 46 20 49 27 70 36 6
13 21 31 80 45 76 81 7 2 87 79 17 84 39 68 66 5 2 77 56 100 34 85 44 22 44 82 25 43 16 39 15 31 72 16 45 76 33 97 50 26 48 73 30 88 25 53 7 64 20 4 37 50 21 38 69 6 88 10 95 3 76 4 62 18 31 72 85 63 15 35 37 76 50 27 51 94 91 82 21 85 56 36 63 87 55 27 46 14 19 18 65 26 3 3 28 100 49 61 64
53 56 42 58 70 79 93 74 45 62 27 87 99 48 21 77 74 76 64 99 85 60 42 15 18 4 3 23 17 10 93 94 23 24 70 41 74 13 86 44 57 64 100 53 68 12 58 25 3 57 68 34 25 13 30 29 61 16 67 38 69 94 38 21 79 99 88 13 53 75 99 31 33 57 75 36 47 51 24 93 101 89 89 95 75 25 79 76 30 43 90 60 84 94 60 68 79 28 14 26
44 66 41 96 80 44 27 17 56 43 8 22 64 53 55 14 95 28 77 90 31 84 42 77 6 15 70 68 73 30 78 39 57 64 3 12 70 51 98 88 98 -1 90 90 18 46 47 14 76 57 87 3 70 22 61 40 21 49 14 53 82 32 8 34 98 0 42 69 12 79 88 90 76 94 31 74 100 3 88 6 75 38 41 65 34 93 41 11 94 16 71 35 86 -1 36 21 18 8 97 48
55 35 76 14 58 76 91 81 66 71 80 42 81 47 69 33 16 24 75 79 40 85 96 41 51 28 36 5 89 71 27 99 15 40 53 90 52 52 76 62 26 82 35 65 97 59 48 39 48 57 98 59 12 71 65 49 73 26 85 47 98 91 72 30 34 13 96 40 15 49 9 1 5 88 63 16 54 63 82 34 68 44 77 61 28 14 69 82 48 62 46 87 81 9 48 58 46 33 58 27
82 50 22 76 22 80 60 32 50 55 97 11 12 19 3 43 4 23 12 87 72 95 81 52 62 17 50 50 90 46 80 32 24 3 80 95 4 66 38 6 11 -1 74 91 28 35 32 25 34 -2 52 78 62 72 85 28 37 34 4 18 32 14 43 80 26 3 17 5 16 43 65 23 73 70 93 90 14 89 30 84 71 25 47 63 94 -1 45 11 64 53 17 0 19 46 21 49 89 43 14 71
20 20 44 74 99 67 14 59 84 7 56 21 52 45 48 34 87 92 27 31 96 69 74 12 57 99 81 49 72 77 92 59 57 41 5 47 15 3 71 7 58 17 64 11 38 6 98 48 86 4 85 56 21 88 44 81 7 66 97 81 33 82 26 34 63 73 34 91 69 74 7 85 76 94 33 23 86 82 70 73 95 22 97 68 45 1 28 50 24 30 94 73 20 97 97 19 94 74 17 62
22 4 20 70 42 86 22 20 35 77 17 20 13 53 23 24 85 44 14 61 99 0 10 92 75 35 57 35 88 5 14 19 57 55 38 91 85 -2 51 22 35 89 66 31 17 62 99 72 100 23 72 8 47 15 92 21 61 64 29 11 54 89 56 46 18 18 22 56 49 63 98 58 79 64 13 57 45 5 33 55 33 14 61 62 98 21 11 17 20 66 17 64 70 44 68 71 68 74 91 27
9 85 35 76 79 6 60 3 27 17 54 86 91 39 73 79 30 28 102 42 55 65 61 61 25 92 18 51 79 52 73 21 9 57 75 47 50 82 73 51 25 1 59 1 38 24 89 77 22 45 29 74 29 47 99 60 75 55 85 39 42 12 79 6 33 58 60 31 39 96 62 65 7 67 11 86 27 26 76 96 30 83 83 87 4 36 65 16 26 11 64 24 7 79 9 66 86 29 58 34
61 35 91 62 46 70 42 83 43 41 96 26 91 41 93 17 90 66 9 73 43 42 84 48 39 66 70 54 17 93 93 4 71 91 9 62 37 1 91 64 84 78 46 13 51 63 71 91 34 5 43 25 89 37 58 93 15 59 37 -1 56 13 5 65 53 54 5 7 43 65 61 81 51 11 18 39 11 63 73 29 15 68 5 46 73 83 52 43 23 84 21 1 74 39 18 40 40 82 91 56
70 25 8 87 82 6 92 67 16 33 98 32 81 94 60 1 42 25 88 21 8 45 71 95 83 20 56 41 59 66 13 78 57 32 48 46 94 25 43 81 43 23 95 36 100 14 13 34 87 3 62 7 29 41 101 95 40 5 60 43 94 15 76 65 5 25 95 8 59 7 87 87 42 2 16 48 49 83 61 32 78 66 94 25 49 55 43 13 97 9 54 31 85 1 7 99 16 16 21 65
8 24 39 0 79 89 73 60 10 93 57 60 18 69 2 15 43 31 18 55 56 61 13 26 42 84 36 11 69 12 37 60 51 3 6 89 22 61 37 22 9 55 10 73 36 21 100 63 44 3 44 85 71 21 77 70 92 9 2 94 17 82 12 23 27 35 94 15 34 29 45 8 62 56 97 0 87 35 15 20 91 15 55 65 51 72 74 3 42 73 86 7 101 12 98 4 75 39 53 21
8 92 53 38 67 94 15 100 89 26 42 86 28 8 54 70 8 86 75 2 75 70 65 43 5 20 99 64 43 43 36 38 12 73 90 94 96 86 44 4 80 9 10 75 5 86 89 84 14 72 70 5 67 21 100 80 19 63 48 63 99 70 85 2 76 27 62 99 40 56 49 24 5 59 89 59 26 60 57 68 102 91 79 6 32 61 36 4 44 12 26 6 93 92 55 29 85 26 61 88
53 -2 93 45 21 53 101 82 2 67 23 5 72 61 76 30 87 27 42 17 3 7 88 77 22 62 40 74 14 94 4 13 41 4 88 81 36 80 79 47 45 57 80 14 34 14 45 77 50 92 64 -2 100 74 34 34 36 11 45 61 76 80 12 92 60 79 59 11 61 25 33 81 73 58 17 43 74 48 58 37 52 90 3 59 78 31 86 87 59 29 71 85 101 13 86 45 53 11 38 83
100 32 50 68 50 12 22 28 41 33 80 86 86 11 33 62 23 56 99 46 37 14 26 85 37 30 33 93 3 59 92 22 49 44 11 70 48 98 10 47 64 16 94 58 67 73 19 18 83 38 99 52 13 2 68 10 79 85 5 52 10 45 56 54 44 13 52 13 34 17 73 31 93 88 62 93 35 73 86 67 16 9 42 78 30 72 65 41 21 32 65 83 4 13 13 87 7 99 23 62
80 68 52 61 58 28 96 58 64 9 97 27 56 43 99 8 50 30 86 4 32 86 80 35 67 68 81 79 37 7 93 33 5 81 47 36 72 24 73 40 14 76 59 10 18 29 71 88 9 53 14 47 65 48 38 45 100 82 40 71 16 67 74 51 27 34 34 9 30 63 52 16 91 38 57 30 10 20 13 50 87 23 81 92 73 14 87 25 91 76 69 94 43 92 61 88 61 35 18 -1
60 94 35 97 45 67 9 63 86 54 7 12 8 20 37 59 71 48 101 10 29 80 21 55 93 19 14 72 24 10 12 9 81 82 42 48 84 75 48 4 12 60 37 55 63 12 30 81 8 49 74 100 30 67 12 100 97 20 47 83 69 11 33 52 99 21 21 88 22 5 33 90 65 33 6 78 65 1 30 79 75 76 37 69 94 64 50 52 59 91 59 15 58 68 34 38 19 41 70 63
41 14 77 4 55 85 69 28 15 61 59 21 25 61 96 44 88 41 68 21 81 20 76 21 38 48 49 54 84 45 97 73 95 6 7 41 71 69 93 -2 11 31 59 49 33 89 5 67 51 67 7 94 30 18 28 20 59 55 74 94 42 4 95 29 12 65 45 59 49 78 43 1 65 -1 79 86 68 48 48 26 19 43 97 89 13 36 42 90 6 28 63 82 36 16 48 1 53 36 12 94
72 16 92 20 53 48 86 7 99 62 65 55 88 7 86 91 93 43 69 24 68 100 59 56 17 54 59 34 68 25 67 84 87 53 52 40 90 91 6 99 18 99 84 27 87 26 78 64 15 95 27 77 13 44 37 45 82 83 102 47 94 4 57 100 56 49 43 45 34 69 89 95 97 53 97 6 93 51 11 41 73 76 80 79 14 85 90 3 45 58 7 3 76 80 3 43 26 65 71 9
2 39 91 79 62 4 45 87 52 59 42 85 89 10 30 27 74 1 21 38 23 94 56 59 5 54 8 26 20 7 41 18 28 21 98 59 2 44 41 2 43 56 76 23 24 44 45 46 98 79 77 -3 55 7 24 82 89 28 87 12 69 25 94 38 31 24 53 31 86 88 101 -3 52 62 4 59 8 15 3 29 71 59 92 33 32 34 16 47 45 12 23 46 45 83 64 72 15 45 26 91
25 44 22 92 81 68 74 51 4 82 65 43 73 45 69 44 75 20 63 99 17 84 55 40 43 9 64 76 97 68 101 68 41 80 62 14 76 74 85 81 83 40 72 30 17 98 75 95 14 93 13 5 17 48 75 59 70 21 95 71 51 81 88 66 79 52 70 6 85 96 11 89 45 11 72 64 11 4 73 6 8 8 67 74 100 49 71 64 70 27 86 14 88 48 64 62 25 20 15 20
38 58 40 85 42 8 63 96 41 18 69 32 87 68 32 58 48 80 75 42 70 7 49 56 52 71 32 95 64 3 59 46 54 45 50 39 43 70 70 67 90 76 91 92 15 17 100 13 97 46 56 -1 52 57 70 68 45 10 19 16 60 78 49 91 68 38 95 33 15 75 40 93 67 85 84 91 74 4 50 53 72 15 14 37 46 14 13 37 75 90 75 14 50 62 31 33 88 17 33 94
32 22 64 29 74 84 45 8 91 29 80 58 60 29 22 94 52 54 58 40 34 75 25 21 78 61 91 52 78 68 65 31 6 100 24 10 89 92 62 68 64 59 56 80 100 13 77 72 86 67 62 3 92 22 20 96 43 12 23 43 59 1 7 73 53 21 73 64 82 20 102 80 40 29 97 7 5 41 88 42 57 13 42 26 25 13 38 75 84 82 20 97 44 37 84 89 70 48 23 12
48 66 2 66 96 9 76 18 101 93 77 11 54 44 88 86 63 58 88 10 71 56 91 62 91 68 51 70 46 50 75 7 74 81 6 39 60 45 50 -2 101 64 17 76 75 9 98 12 69 75 53 66 46 93 5 76 86 89 37 90 97 12 64 13 18 5 101 80 44 83 12 32 88 71 86 42 67 19 38 39 29 37 51 5 64 53 51 70 45 10 13 41 22 21 29 69 27 75 8 68
16 52 74 70 43 13 47 19 4 2 23 25 85 100 26 33 75 98 36 49 48 32 89 43 89 21 18 28 74 44 71 21 85 39 63 82 82 27 59 99 72 26 33 61 77 10 56 34 26 84 95 57 89 13 30 28 40 62 102 71 13 2 89 47 18 34 61 73 28 8 8 3 4 2 45 48 24 81 98 77 90 11 40 5 66 2 6 5 31 5 28 97 75 67 67 64 81 59 50 89
100 8 61 11 18 63 94 48 18 50 47 -1 14 61 20 83 76 53 55 2 83 17 92 92 72 57 88 93 100 32 96 61 36 10 57 55 89 9 63 13 55 3 29 54 6 -1 19 45 57 4 87 68 76 32 37 66 42 22 21 24 59 80 51 95 32 68 3 93 47 34 84 81 76 82 8 46 24 59 66 59 32 39 93 63 46 83 71 63 101 65 38 55 4 34 84 40 11 25 11 49
96 17 80 51 49 50 30 26 15 88 81 43 97 15 99 12 26 16 21 49 40 27 71 10 91 93 31 28 18 34 59 61 61 9 20 42 58 59 79 79 60 88 35 70 22 79 24 47 102 79 99 79 25 54 84 30 47 70 75 3 33 86 64 41 62 78 13 12 42 68 76 77 54 22 52 57 87 50 90 20 100 83 6 36 46 42 79 44 63 13 56 13 21 12 101 93 5 41 10 75
29 58 84 15 11 95 17 24 33 84 27 89 87 49 53 53 71 53 16 14 5 3 91 85 96 55 22 20 8 45 40 49 25 3 51 7 90 12 22 23 45 3 31 74 17 8 9 91 36 4 69 49 61 17 37 66 15 12 26 92 44 77 77 51 101 24 69 72 42 3 29 46 56 6 20 2 78 -2 69 9 57 32 100 94 95 76 62 45 95 60 31 96 14 68 18 73 23 8 67 76
98 31 66 4 80 48 40 1 83 17 60 98 64 31 56 100 50 52 54 43 59 46 88 52 43 66 96 30 102 36 21 88 60 75 36 89 60 6 76 2 71 66 54 95 63 71 101 64 49 74 46 88 96 65 5 18 98 85 13 88 64 20 94 43 36 86 67 8 62 9 5 91 51 60 27 81 28 91 63 47 45 93 75 61 68 5 15 66 40 33 7 72 55 9 99 74 91 27 74 97
66 57 56 57 52 23 19 38 7 64 11 76 84 29 57 18 13 72 48 27 90 16 28 39 61 67 86 17 23 54 51 80 11 96 17 92 14 44 48 94 63 39 58 -1 95 90 94 84 2 87 48 20 30 9 57 31 60 24 60 88 69 42 90 69 37 83 41 80 88 15 14 31 32 53 84 33 101 61 101 22 94 57 95 43 19 5 34 1 95 3 15 41 25 86 18 48 74 6 100 52
El programa tardó 133 milisegundos en ejecutarse.
