68 33 87 45 91 70 94 71 58 81 12 98 13 79 5 12 86 64 28 69 82 54 30 7 41 94 57 63 20 44 26 82 59 59 101 51 100 73 58 82 95 3 41 8 68 20 20 68 79 10 34 98 63 10 65 56 93 75 21 68 92 99 33 89 31 14 36 39 23 18 10 14 29 32 75 84 98 9 73 3 61 58 85 40 85 84 92 47 60 9 64 8 15 57 5 98 96 56 82 13
88 60 80 49 20 78 82 37 25 53 38 3 73 77 7 80 10 19 81 92 83 13 50 37 49 92 75 26 37 43 53 62 37 27 72 82 89 88 82 62 17 75 53 85 23 79 56 76 55 70 63 23 11 38 8 91 90 12 34 67 11 55 7 81 10 21 36 73 6 74 72 71 74 82 4 16 83 4 55 55 86 15 11 69 92 17 70 41 75 36 16 13 40 91 96 78 55 92 79 73
12 21 85 98 55 92 35 94 17 83 55 75 46 46 68 85 17 81 42 8 20 35 30 54 61 46 42 43 75 18 84 53 52 72 70 93 19 53 76 14 20 80 19 67 8 40 74 86 58 56 91 61 70 61 97 56 77 62 31 7 81 94 66 46 55 88 99 73 95 28 12 5 101 4 43 51 48 3 38 30 64 37 74 94 86 45 31 9 48 58 47 72 89 83 53 52 11 85 94 69
77 59 56 49 73 8 81 34 47 88 28 1 53 35 71 75 52 75 27 60 98 37 10 18 28 53 80 24 97 20 87 15 47 -3 68 62 81 44 18 68 21 85 86 41 45 93 60 62 5 42 87 7 53 54 62 73 85 77 28 17 17 18 99 63 14 20 77 60 47 3 47 92 63 89 63 74 16 83 4 4 95 59 63 71 99 72 55 73 57 13 65 27 65 73 43 5 85 3 51 84
43 27 90 45 28 37 92 92 79 74 75 5 62 60 32 48 68 81 84 80 53 55 30 84 19 33 58 45 62 7 74 41 85 99 24 58 25 29 67 30 80 76 92 78 48 76 85 35 45 6 29 92 95 65 32 46 56 60 60 64 61 77 53 49 65 13 53 23 52 22 70 11 38 66 92 64 27 85 57 29 12 85 37 23 64 79 82 48 96 62 29 57 53 97 60 49 92 14 90 40
39 1 2 66 90 83 21 35 63 34 68 9 97 21 15 56 61 92 41 41 67 5 11 45 40 33 82 95 63 92 68 6 33 15 55 24 79 -1 57 64 95 43 98 80 71 7 60 71 99 8 99 -3 97 95 48 55 46 41 13 17 69 13 83 53 87 -3 95 85 47 59 47 67 34 68 77 -2 47 27 101 46 9 68 80 84 31 31 34 80 34 49 52 56 10 30 46 56 94 48 81 52
75 3 78 24 9 54 12 67 23 28 82 32 84 53 65 23 69 38 98 10 57 20 48 70 45 72 78 28 40 25 6 72 27 61 68 80 11 58 28 18 38 79 51 12 39 66 44 22 36 76 3 43 21 88 50 32 65 7 15 84 69 47 55 95 35 26 87 16 86 49 46 60 60 93 95 24 4 90 100 83 73 24 86 75 84 69 95 85 93 88 54 82 96 60 4 90 4 6 100 5
34 85 72 6 95 35 82 73 33 17 5 85 54 45 4 56 73 52 16 91 101 64 4 46 24 84 31 39 36 21 31 9 49 59 26 73 24 95 39 6 45 52 52 39 26 9 26 26 34 57 78 34 66 73 84 49 5 23 55 7 90 39 62 17 67 19 80 54 60 39 51 61 86 95 2 19 77 4 26 22 94 69 31 10 36 -3 25 84 101 63 3 85 55 -3 47 68 55 63 33 62
35 31 82 92 18 85 70 63 25 17 20 62 61 46 99 86 29 5 13 94 101 30 96 2 59 91 55 43 16 34 10 77 8 42 26 81 30 39 13 59 36 93 22 2 39 10 82 39 58 68 45 95 31 40 68 26 93 54 37 40 20 28 76 11 8 20 84 10 80 57 76 3 67 66 24 76 79 6 102 72 77 47 24 69 21 14 5 30 69 97 26 25 63 67 90 23 83 57 62 25
57 2 29 30 31 78 98 8 41 45 46 4 53 63 64 29 67 74 9 42 98 35 46 53 47 54 70 33 94 87 91 42 72 55 53 22 89 50 36 91 100 6 64 29 68 32 30 60 42 9 92 60 96 81 62 64 91 89 97 87 24 31 86 87 63 42 40 85 66 44 92 48 51 28 70 52 37 79 99 33 17 16 81 44 8 13 46 55 60 69 27 9 7 20 9 28 43 31 19 -2
92 94 75 64 65 63 75 99 58 22 47 89 10 11 70 83 66 15 67 20 21 57 41 22 97 97 75 72 58 37 12 72 68 12 46 94 51 17 47 10 82 42 58 15 66 28 76 41 64 6 10 81 27 38 17 54 44 98 75 49 77 38 4 11 62 75 52 53 59 63 98 98 15 21 66 78 56 86 33 76 69 32 24 80 25 37 26 8 13 98 25 62 5 47 56 44 20 90 84 83
92 29 89 93 37 59 14 49 4 35 7 40 43 38 85 59 86 24 53 22 15 49 41 25 21 80 25 39 9 5 52 59 54 52 67 52 56 63 42 89 38 67 36 40 3 15 92 -1 66 87 44 85 67 70 38 57 45 77 19 76 87 51 97 43 19 22 19 43 71 8 95 13 62 14 92 87 93 18 83 45 81 74 75 42 80 32 54 60 19 4 74 4 90 84 16 19 27 77 58 3
79 71 67 30 63 2 75 5 95 54 78 99 24 16 51 61 64 99 100 74 27 37 56 70 50 83 19 97 102 20 35 95 90 54 52 57 30 10 23 35 51 64 48 93 84 33 21 89 68 61 31 3 30 12 87 30 37 39 11 100 94 32 64 88 80 68 43 18 12 74 57 97 25 59 8 39 18 99 35 76 39 35 50 20 32 62 3 27 24 10 97 28 56 65 92 84 64 9 36 10
89 92 45 46 75 54 35 55 21 2 4 83 6 49 32 52 64 19 24 54 81 66 12 92 31 2 73 44 89 69 68 23 75 87 89 78 62 51 13 55 42 62 5 45 94 84 71 26 4 95 65 82 93 80 79 23 79 90 85 64 64 96 84 -3 43 42 43 31 76 16 97 25 9 27 97 32 54 6 53 -2 9 36 53 64 93 26 85 53 13 53 54 44 98 30 14 62 77 18 51 42
91 15 10 61 92 43 68 58 27 60 59 53 83 46 90 11 40 18 91 72 76 72 24 16 85 13 96 50 45 67 12 15 41 43 55 1 78 10 7 96 25 53 88 86 58 95 21 59 99 59 58 69 31 51 28 66 87 84 100 90 101 55 71 4 32 17 66 17 86 2 99 46 48 2 4 57 19 4 43 93 67 42 7 37 85 52 8 15 71 43 3 72 16 62 34 47 62 53 73 96
94 71 48 93 14 71 14 23 31 -3 30 62 9 40 98 66 26 12 43 94 47 92 68 96 21 43 6 0 79 92 91 66 101 14 24 25 22 63 66 33 14 31 89 54 30 56 36 92 6 23 10 70 48 48 58 78 89 76 61 18 64 55 46 55 2 28 32 36 34 -2 73 12 19 1 29 53 58 61 99 40 19 94 65 61 21 31 72 45 32 74 24 27 27 95 10 40 101 18 6 91
90 63 61 9 49 12 73 67 69 97 98 23 36 83 55 22 55 22 10 95 29 72 95 65 40 8 76 63 40 24 37 1 36 40 45 26 95 43 78 37 20 59 51 32 35 13 45 11 22 10 50 43 74 5 78 5 92 37 43 36 58 52 10 8 94 7 27 23 101 72 91 20 24 58 97 97 84 55 87 21 59 3 74 35 56 41 56 45 66 40 41 10 73 73 85 33 39 28 23 7
50 89 27 48 37 58 19 25 27 96 96 5 59 25 94 43 57 11 78 86 45 37 74 27 86 3 85 7 11 74 9 57 82 67 72 56 78 75 7 4 10 69 63 53 98 70 20 27 81 91 71 67 40 31 84 35 19 40 25 66 58 93 100 93 25 23 7 89 62 66 28 88 18 69 83 60 79 48 44 79 100 73 84 89 43 4 46 92 68 -2 49 27 82 64 42 35 65 32 61 73
77 78 45 53 53 25 21 55 5 90 51 27 35 2 50 100 8 75 87 24 85 91 11 32 38 17 43 19 31 64 93 97 68 89 34 38 18 77 89 18 79 43 57 39 51 98 74 71 51 61 26 87 85 18 61 79 33 39 18 13 9 18 88 6 58 12 50 48 48 2 60 72 26 36 70 80 89 45 54 38 86 89 46 80 81 10 75 23 71 52 67 88 80 26 90 52 87 88 102 53
48 35 96 44 41 20 80 63 13 68 18 27 71 -3 84 50 37 55 96 53 6 69 70 79 85 41 50 32 79 22 60 19 67 50 17 3 63 79 67 59 89 66 87 40 95 5 53 60 58 95 9 38 33 12 18 8 15 84 8 93 35 50 88 86 86 18 71 70 66 22 41 87 81 32 69 28 75 54 79 36 85 -3 33 54 93 20 54 88 17 73 93 8 49 6 95 26 43 39 52 -2
94 39 101 74 83 42 71 30 90 26 76 82 39 2 46 77 13 20 54 96 40 30 48 31 46 43 20 75 77 76 33 59 94 46 21 6 62 23 34 93 30 43 31 85 67 48 25 68 58 78 20 32 94 56 85 33 52 49 32 45 94 99 18 43 100 2 65 34 44 99 11 70 81 38 30 86 35 69 28 15 30 31 12 45 41 95 65 9 87 32 66 9 68 95 35 15 29 99 24 82
6 10 46 89 22 3 96 29 27 78 77 70 63 92 91 43 5 58 94 60 76 75 76 66 54 62 39 62 98 10 74 84 7 0 93 94 64 4 61 80 84 3 94 39 72 20 97 63 18 33 59 47 98 72 18 69 39 63 48 -1 79 63 68 66 36 86 54 68 93 83 55 26 53 18 32 60 4 73 48 30 73 60 72 26 46 33 53 34 4 60 98 57 67 9 43 12 91 93 48 10
57 14 27 39 78 32 58 49 26 31 60 76 19 80 53 43 20 61 77 26 28 27 32 39 79 57 61 2 76 90 97 39 63 64 83 30 95 70 41 28 33 3 101 50 72 74 27 26 46 17 77 16 98 35 3 69 75 89 64 30 27 50 38 86 13 3 63 71 81 21 79 28 91 100 65 96 56 64 60 37 13 51 16 17 59 14 15 95 10 53 69 95 71 59 73 72 55 14 26 98
94 66 41 64 87 94 68 8 61 -2 101 12 46 16 30 0 83 94 72 88 5 28 75 72 88 17 25 49 61 39 73 61 70 68 44 82 23 40 78 58 41 -1 71 57 93 45 69 73 68 14 73 -2 43 63 4 49 26 -2 32 18 34 59 88 8 18 52 42 87 20 75 57 -3 16 0 54 35 41 8 43 41 46 3 10 91 92 87 56 40 18 -2 60 23 31 75 5 64 59 42 52 34
57 94 44 27 18 37 35 15 60 44 10 33 40 40 11 57 57 95 3 74 34 41 46 15 26 38 3 67 82 10 98 23 27 6 43 64 50 41 39 9 67 71 74 22 24 95 89 4 43 21 93 65 59 80 56 100 79 83 23 99 23 32 81 16 28 56 59 61 79 86 24 78 20 68 23 3 25 38 34 20 65 69 95 49 92 62 84 57 47 19 12 78 77 13 80 5 70 41 39 21
45 25 73 18 32 41 79 62 37 31 18 12 62 39 56 10 75 77 60 39 13 6 88 41 27 87 70 68 9 57 52 52 2 94 27 8 18 45 85 0 73 83 30 18 51 5 91 62 41 69 97 33 35 93 42 79 3 91 68 92 12 93 85 59 81 88 31 50 52 -2 2 50 25 86 32 92 93 86 90 16 90 29 46 7 31 44 44 66 61 10 4 72 37 13 67 25 78 8 17 58
69 59 48 51 66 26 49 65 96 77 59 15 92 56 96 26 79 23 93 46 95 95 20 82 47 94 22 58 66 17 8 69 70 87 45 17 65 67 66 85 32 67 80 59 8 9 80 46 43 74 83 14 62 72 84 27 39 66 35 25 35 2 37 60 75 76 8 66 36 17 75 30 95 30 97 90 47 19 23 87 36 63 99 60 47 9 48 72 15 8 64 54 56 4 6 22 83 70 46 41
2 64 25 -3 61 93 30 63 39 86 100 77 92 2 30 95 39 70 6 44 57 30 51 16 66 28 65 27 65 24 90 70 98 88 12 67 100 71 14 85 36 45 33 69 73 44 20 46 44 38 2 2 44 23 84 77 89 18 10 52 81 -1 59 65 82 42 79 37 83 78 54 31 38 6 101 36 97 50 25 26 12 9 43 91 84 82 61 22 65 11 12 88 19 48 26 8 84 7 57 26
43 18 17 25 44 67 80 33 92 32 18 78 95 66 50 58 75 6 94 57 20 62 70 13 66 71 37 6 75 55 25 87 38 48 39 18 25 13 8 45 73 77 94 100 30 27 23 59 89 77 32 91 48 58 85 58 94 47 30 29 61 13 83 29 58 21 70 21 31 80 79 11 49 42 27 44 47 71 46 35 83 15 11 87 32 89 68 32 81 47 100 21 4 7 72 5 40 5 29 34
10 3 52 13 53 30 27 88 100 41 99 62 37 4 29 -1 78 15 64 39 50 18 74 87 64 67 5 77 18 50 90 12 68 29 97 50 92 29 42 85 27 11 15 79 12 92 46 65 79 89 8 50 40 39 20 48 73 17 21 50 100 92 3 67 33 10 54 75 30 34 66 78 25 40 40 81 33 71 5 91 3 59 95 63 90 51 75 77 26 36 76 84 58 44 19 66 65 60 28 9
88 37 91 99 66 84 36 93 4 16 82 95 10 48 92 26 61 65 101 5 101 82 43 82 60 52 59 87 80 25 100 59 75 6 70 42 21 4 99 25 37 27 64 46 80 10 54 53 73 44 65 6 4 16 52 49 7 45 98 66 97 57 69 46 44 22 12 9 22 37 8 97 20 19 44 58 91 60 89 100 80 65 48 62 39 85 48 36 15 43 79 13 17 55 17 96 67 17 101 44
45 51 93 42 94 12 47 81 96 85 27 31 51 55 70 94 3 84 73 54 6 54 48 7 26 89 98 16 42 37 35 1 15 62 36 75 74 73 82 45 43 17 25 39 95 91 54 77 6 93 75 56 41 30 18 56 17 87 55 34 23 58 101 59 36 32 87 49 72 47 13 91 9 90 96 57 96 91 95 14 14 84 44 6 54 13 53 38 44 2 56 15 68 82 60 22 53 39 12 68
65 49 57 67 65 64 57 33 86 60 77 100 20 5 68 2 34 37 82 16 93 51 65 51 27 98 71 80 29 45 66 9 76 50 10 14 65 36 10 92 29 29 94 56 35 47 13 4 18 28 32 28 87 34 23 39 36 41 31 69 57 81 84 62 90 27 100 17 59 16 45 66 42 68 12 41 14 73 43 13 20 63 96 55 14 31 72 18 54 1 45 84 88 94 11 28 85 96 56 41
30 90 63 6 39 65 47 36 95 42 42 43 71 17 15 68 69 69 89 95 12 33 16 88 91 75 39 94 90 92 9 11 63 43 37 57 92 85 74 7 75 85 81 50 98 71 93 34 43 61 58 37 99 15 70 73 35 54 86 83 78 83 19 31 24 66 79 15 27 2 52 31 96 68 95 50 19 3 31 13 12 26 49 35 56 -1 90 13 95 75 86 79 67 77 19 88 81 26 50 53
37 3 81 7 72 25 100 97 66 45 91 14 69 73 43 49 13 25 90 76 83 35 12 23 64 91 96 23 40 43 83 47 24 74 86 45 28 70 13 53 30 30 79 46 71 76 65 26 37 20 6 31 6 19 24 89 17 6 81 94 5 87 38 21 67 57 18 20 75 85 28 27 40 2 62 26 20 15 53 98 18 71 14 15 50 93 39 39 6 97 83 99 74 21 79 51 15 94 91 20
100 88 84 87 54 14 101 82 60 96 48 52 65 70 74 88 86 84 26 49 51 37 33 86 43 44 76 48 99 10 28 29 91 59 88 46 90 84 19 9 4 41 7 71 43 35 99 48 2 23 32 4 50 68 62 26 56 87 34 15 78 32 53 53 76 54 36 27 64 36 77 11 86 55 44 52 23 4 46 28 59 70 21 77 35 56 95 67 57 96 41 75 3 5 87 28 94 85 78 87
71 10 95 13 36 65 94 99 58 99 35 67 76 8 50 72 61 10 80 57 84 80 53 74 9 65 83 3 94 2 3 59 76 55 84 57 76 38 3 90 90 78 89 57 31 21 62 54 10 92 32 53 79 44 86 68 30 3 79 3 45 91 40 98 41 94 12 66 56 76 46 27 84 54 7 69 102 42 14 49 36 88 15 99 34 99 54 76 42 99 84 59 94 30 5 89 74 70 86 93
96 89 60 55 71 -2 56 50 16 79 12 24 17 70 35 81 44 40 15 20 32 30 75 31 23 36 44 44 97 35 67 14 70 30 19 53 38 -2 88 93 39 14 95 31 46 13 68 54 6 -1 51 23 87 53 37 78 54 65 31 56 48 82 8 57 96 11 15 2 26 13 82 87 75 70 21 36 36 1 6 42 23 77 70 93 7 64 14 25 60 5 68 43 101 62 11 19 72 94 77 24
60 83 13 27 5 62 93 8 60 97 36 18 48 41 33 72 55 20 86 89 15 24 19 47 17 61 18 56 22 74 11 20 100 32 46 22 35 21 3 8 5 99 31 53 43 10 3 77 13 58 79 94 59 22 71 35 10 76 19 48 71 89 62 27 28 35 52 67 92 93 4 29 66 68 85 52 75 10 32 3 83 75 98 59 101 29 20 55 53 52 96 41 51 78 7 35 43 76 54 91
17 17 9 32 49 33 53 56 18 5 53 5 97 90 74 53 27 6 73 84 96 -3 75 69 21 36 69 85 97 41 91 64 8 69 8 41 11 62 35 19 6 2 14 57 66 72 56 34 57 95 91 28 16 73 23 37 21 20 61 35 47 54 19 28 70 87 17 15 16 18 64 60 81 28 29 81 34 50 5 54 6 59 38 18 87 53 50 92 49 45 41 -1 30 0 18 22 101 58 47 92
23 74 39 87 94 82 53 44 85 90 35 41 79 86 71 63 81 64 55 54 59 49 12 71 72 15 43 75 97 22 102 39 95 29 69 7 8 67 86 53 44 60 58 62 95 82 45 95 86 98 78 38 85 35 28 13 15 61 87 80 84 71 98 13 35 76 52 99 44 96 102 2 31 58 74 56 29 31 49 80 59 5 96 47 100 90 45 30 70 69 82 46 78 31 12 79 47 64 71 81
43 77 99 16 21 27 70 50 81 32 65 9 97 62 30 38 83 82 75 17 99 67 5 17 62 9 50 22 19 3 18 8 51 62 80 44 38 36 57 40 74 12 52 58 35 5 83 62 27 23 83 71 17 71 36 71 3 13 50 12 38 5 49 23 36 77 50 49 70 32 19 46 69 6 52 25 65 46 2 76 60 12 100 87 21 53 12 88 70 53 92 60 17 10 48 79 24 21 48 51
11 75 98 46 15 18 24 37 91 55 65 34 97 46 61 25 44 81 28 94 4 10 57 31 65 83 36 43 64 64 98 84 26 45 95 91 10 60 6 47 94 33 88 54 16 19 71 54 32 52 51 90 91 86 84 57 61 99 90 75 13 71 84 63 47 29 6 86 6 63 94 89 34 46 71 57 60 86 97 71 54 76 69 44 73 29 78 6 77 89 95 82 57 69 59 12 85 84 75 57
21 66 56 25 73 46 52 94 62 13 79 2 23 59 51 70 83 37 28 39 3 75 15 55 38 18 63 77 73 47 73 65 89 73 63 52 23 56 99 22 97 88 77 65 61 39 49 71 98 26 51 30 13 67 97 58 31 27 86 3 33 84 8 54 26 94 47 90 17 34 18 80 55 15 26 12 65 11 9 60 20 79 65 66 49 36 93 16 20 65 38 87 67 23 51 87 24 38 83 35
6 6 93 19 46 75 37 49 19 16 16 52 89 64 83 18 28 65 7 60 20 34 52 11 76 56 94 50 76 34 4 22 82 89 41 24 21 72 98 28 21 13 61 44 7 39 36 96 82 82 71 59 7 28 13 47 93 29 28 39 11 45 26 99 31 75 10 6 26 54 29 20 39 29 38 56 4 25 20 73 14 55 46 25 91 65 13 44 61 98 52 25 76 55 17 59 99 6 83 73
78 7 36 59 84 81 60 63 12 56 66 91 88 78 46 91 96 92 22 81 16 68 101 88 18 33 70 62 91 89 13 49 67 16 9 61 25 68 100 83 79 4 36 30 36 18 86 68 82 64 100 2 11 93 6 22 18 67 22 14 100 49 95 28 78 13 30 17 5 41 63 54 98 69 44 57 93 38 56 65 75 96 14 16 48 62 68 23 19 74 77 33 46 72 42 18 44 79 16 50
5 44 74 71 61 59 6 52 60 99 22 92 35 92 97 79 54 53 68 42 11 84 76 82 54 12 102 50 24 66 84 87 17 39 101 16 47 33 102 7 83 39 45 45 40 53 22 52 64 68 94 23 11 100 68 83 48 83 91 75 98 24 41 38 51 2 94 56 24 30 83 4 72 26 41 53 7 52 8 32 44 43 102 14 97 40 32 9 80 30 62 29 99 88 98 35 64 1 57 19
86 71 84 69 31 84 45 15 22 1 43 65 28 33 90 56 43 48 99 46 70 62 85 76 61 51 10 56 12 17 37 19 8 27 77 91 19 96 16 96 13 71 43 20 93 67 12 35 94 77 21 30 87 73 63 23 97 7 45 20 32 3 48 19 25 68 37 23 34 79 59 10 27 -3 23 46 36 81 100 22 55 52 47 58 40 23 67 7 98 61 68 49 43 36 6 78 44 78 39 50
29 31 75 63 53 56 102 3 4 21 24 72 17 98 34 72 3 1 96 60 57 22 58 11 78 27 5 70 74 82 82 65 36 60 34 91 52 26 29 68 27 32 70 19 94 61 81 26 63 68 65 52 22 75 47 44 31 23 102 82 81 71 30 49 39 92 77 58 29 13 37 16 89 13 49 29 102 87 89 22 93 73 22 6 74 18 91 47 48 77 43 90 74 6 89 21 50 46 38 46
16 62 22 87 18 55 25 45 44 92 41 29 49 43 76 96 24 90 50 55 20 -2 100 5 11 94 100 74 25 71 95 84 86 33 44 4 5 47 75 86 41 93 18 65 95 45 66 4 44 54 13 79 19 69 45 96 31 34 62 61 98 6 44 13 94 53 52 86 40 56 61 38 64 18 23 58 47 24 45 65 11 67 29 21 48 37 37 85 8 36 76 77 36 39 96 46 35 42 38 19
83 81 44 3 12 88 46 86 49 16 91 75 88 16 81 71 22 86 43 14 39 20 17 5 32 22 6 85 40 38 18 37 52 94 8 43 4 84 46 85 68 37 41 91 21 43 63 72 67 81 81 96 45 93 29 40 9 82 14 35 80 40 28 13 45 42 20 86 97 82 61 42 18 51 63 91 71 35 11 70 61 93 86 39 7 95 52 96 61 98 30 77 13 7 55 13 77 43 11 21
36 65 38 61 10 11 32 20 58 94 30 34 72 93 8 46 22 29 57 77 7 53 25 30 43 48 92 33 46 16 77 29 18 10 99 95 22 67 49 5 43 76 67 44 54 25 28 81 88 55 32 33 83 59 62 69 10 67 11 2 30 56 15 64 90 48 15 61 98 63 72 43 22 13 96 66 36 46 94 18 6 61 64 75 46 58 38 34 2 -3 68 61 96 94 74 9 66 87 21 16
69 86 83 64 60 92 36 85 61 44 3 61 15 13 71 79 15 95 65 1 96 99 29 17 48 24 40 6 74 56 52 47 101 20 70 73 33 36 87 31 31 40 77 39 47 77 37 59 22 74 62 43 13 47 21 80 87 14 34 74 23 40 92 69 71 52 44 68 11 39 100 74 96 53 99 85 14 21 96 24 11 83 88 51 20 80 14 65 10 93 54 87 101 100 66 79 61 75 72 42
56 92 62 95 53 56 40 80 9 90 19 -2 34 4 84 49 32 38 19 81 19 7 17 45 92 58 49 10 83 23 39 16 49 67 18 25 75 86 42 78 45 53 41 26 100 77 54 64 58 64 21 81 71 54 55 96 24 53 95 30 28 54 39 28 40 90 4 66 65 44 97 -3 4 25 100 42 24 63 56 79 58 81 24 96 37 86 7 53 33 81 98 31 33 16 81 -2 23 68 12 78
35 60 75 90 27 63 16 17 16 57 36 61 36 44 35 35 97 95 57 70 63 1 76 94 85 76 29 60 39 38 87 67 10 41 60 97 14 41 81 89 93 99 66 63 48 74 59 72 52 66 84 7 80 22 77 21 39 46 62 88 97 13 32 93 58 95 25 62 61 100 84 63 13 49 29 5 50 63 37 100 74 19 50 64 24 66 17 55 69 67 65 82 35 2 57 35 43 29 22 46
16 77 58 90 35 43 13 33 49 56 87 68 66 13 100 95 72 10 36 70 42 78 34 41 83 3 38 42 5 0 95 66 62 -3 47 11 5 14 37 39 4 4 93 86 56 32 95 88 38 91 82 27 11 52 22 96 76 71 12 45 64 0 36 88 22 47 5 86 65 -3 97 69 30 93 96 0 12 37 65 25 88 91 22 14 42 10 91 30 71 57 86 54 47 26 37 1 92 19 17 83
92 100 46 91 40 45 32 49 86 97 95 12 88 96 71 53 59 6 6 62 3 19 83 18 45 19 96 53 98 55 45 77 50 57 86 59 7 1 72 1 73 4 21 93 69 35 54 93 15 95 41 18 56 26 99 79 87 96 25 85 78 5 97 63 83 60 101 38 54 76 13 55 14 52 71 32 28 93 88 74 99 73 22 70 69 18 3 85 50 37 4 22 91 51 28 27 25 64 98 13
66 94 72 31 5 -2 14 83 42 96 93 64 45 93 84 57 60 53 42 92 85 64 39 51 45 10 57 1 29 42 87 49 32 87 17 19 42 95 45 11 19 76 26 71 94 54 63 72 77 27 91 27 73 81 61 66 62 2 16 86 36 75 80 76 4 76 17 12 84 -1 85 10 60 -2 35 31 56 60 99 28 72 56 9 32 99 95 42 87 49 0 17 47 52 34 10 80 84 16 19 4
45 44 18 79 61 74 50 64 12 60 84 92 5 49 35 78 63 8 40 54 16 48 55 93 64 22 87 39 44 54 56 97 14 9 39 85 22 51 80 18 35 63 12 9 66 47 97 68 102 88 60 2 98 66 21 21 69 8 67 66 59 89 64 12 92 48 43 100 6 70 61 80 42 28 77 88 30 46 58 96 49 20 58 12 21 20 54 48 43 28 55 4 71 3 48 76 64 6 22 20
97 9 6 70 60 36 76 77 31 87 77 5 10 27 51 32 79 79 12 13 19 63 27 15 79 68 46 77 84 78 4 18 3 86 90 96 32 16 54 95 63 26 5 95 71 58 65 71 45 29 65 48 2 93 84 25 54 26 43 95 98 10 5 51 66 51 59 93 34 68 57 49 5 72 89 20 20 68 97 75 97 77 20 27 100 17 18 52 74 38 90 8 81 79 5 45 17 35 64 31
22 46 26 24 74 1 22 53 11 49 17 63 82 18 63 89 89 53 18 9 86 17 62 66 3 47 62 45 38 9 23 21 7 22 102 48 97 52 3 32 30 62 74 61 91 85 32 43 89 22 91 82 99 29 29 56 24 1 33 59 59 59 93 40 55 31 71 35 17 98 28 80 12 27 50 92 74 79 15 38 89 94 15 86 95 77 66 29 9 59 39 64 79 15 96 20 6 88 21 8
13 85 4 3 62 2 24 56 65 65 69 24 69 21 7 95 67 62 75 15 68 56 40 96 10 74 38 10 22 57 26 68 61 53 94 53 16 20 66 70 47 45 69 68 68 38 31 44 85 3 42 96 25 -1 44 4 47 76 77 14 63 54 66 -2 96 24 75 76 8 15 50 96 25 7 74 55 64 34 14 6 80 46 9 64 10 -1 33 90 60 66 101 -1 82 38 56 52 23 60 31 18
89 6 7 26 40 41 29 60 92 3 101 38 62 38 82 50 70 78 22 4 17 28 39 84 48 67 13 23 41 34 68 46 41 79 81 63 96 45 79 4 66 75 24 19 53 89 51 32 16 52 36 44 25 99 94 2 93 48 37 83 88 4 53 76 44 27 31 65 22 99 26 75 54 15 8 49 56 95 51 17 89 90 23 6 4 56 4 42 88 44 30 98 27 53 82 65 47 80 48 81
52 13 88 35 53 7 88 34 40 55 35 2 47 52 75 30 78 77 20 59 35 72 26 28 38 13 65 84 75 79 94 15 32 51 6 90 6 -2 68 32 56 39 77 1 90 93 93 -1 99 81 24 65 99 63 62 81 49 55 46 59 60 82 75 45 51 29 58 40 32 29 84 84 72 50 100 50 92 44 60 28 84 28 53 88 45 -1 52 63 86 49 39 91 87 63 28 20 2 77 6 96
90 29 11 12 38 44 27 87 76 67 50 18 94 14 65 3 21 21 12 80 47 12 97 40 85 80 48 23 59 17 72 7 59 96 83 2 75 42 57 11 95 95 58 94 19 23 15 56 44 30 85 41 102 22 94 7 18 21 18 30 86 41 26 89 55 52 47 56 86 9 74 12 61 32 54 15 7 72 74 42 34 43 11 18 24 11 51 69 24 24 92 24 71 61 17 30 63 73 34 30
98 13 67 84 75 49 68 63 100 25 51 80 55 41 10 95 34 42 66 7 64 82 75 1 83 40 10 65 97 71 56 10 25 49 89 0 6 32 92 -3 12 71 63 43 94 76 99 74 83 39 89 96 7 2 53 36 53 78 66 25 85 6 40 34 53 46 29 70 68 16 11 88 18 87 12 69 50 66 21 73 48 13 99 69 23 57 26 32 79 95 31 62 81 95 63 96 55 40 15 63
51 92 58 27 75 72 94 49 63 45 12 83 59 41 33 64 24 97 81 34 63 69 60 41 100 79 41 17 31 47 47 40 46 89 96 9 65 59 32 89 60 16 84 13 48 46 13 40 7 51 81 33 60 67 60 24 73 80 14 5 67 60 42 90 30 36 23 95 67 5 40 50 29 61 43 7 30 34 21 76 44 100 92 39 72 42 70 20 41 29 83 80 31 96 15 41 43 1 3 55
52 50 100 64 12 33 19 39 101 15 82 41 75 20 15 29 44 10 45 11 58 72 51 88 77 37 82 42 12 73 20 53 3 55 78 20 37 19 35 72 65 96 87 35 49 4 63 66 5 96 91 47 34 39 3 67 95 23 89 16 91 92 61 69 54 9 50 21 57 78 86 3 81 43 23 6 67 57 49 96 18 59 99 27 86 2 100 4 60 37 60 93 25 49 21 16 69 10 65 20
28 48 56 71 43 22 44 43 66 56 6 19 66 80 20 41 29 89 9 62 34 57 78 10 46 70 30 12 27 49 29 51 99 46 51 54 78 20 60 47 23 10 26 34 56 50 64 99 83 99 43 81 68 84 82 99 82 79 13 51 48 3 10 82 46 26 67 32 75 38 52 75 84 70 35 65 56 6 19 31 13 72 47 61 49 52 102 39 8 27 69 31 35 100 76 20 13 29 71 41
34 59 10 61 16 37 82 62 47 70 97 70 84 47 89 20 60 9 8 -2 7 5 76 73 45 55 52 10 85 72 14 57 44 92 4 10 91 21 60 68 12 38 9 93 54 84 91 11 70 69 88 28 61 26 24 -3 84 79 5 87 88 78 72 34 79 83 64 64 83 93 41 66 33 51 52 47 72 68 69 36 41 42 48 51 71 77 65 85 25 66 49 19 10 94 101 18 28 3 4 38
102 95 57 96 35 46 42 49 25 79 19 10 77 33 43 12 96 55 3 9 52 48 84 11 49 68 30 34 47 40 57 63 46 47 77 59 30 79 50 61 90 47 102 24 75 28 24 10 17 73 85 46 30 37 47 100 85 26 65 52 27 98 41 41 81 10 43 85 10 25 78 41 25 83 83 74 27 47 24 8 34 46 49 62 4 32 3 16 79 6 37 34 6 64 49 61 44 42 98 91
49 55 55 73 75 78 70 63 21 81 52 17 80 53 66 75 11 15 53 26 96 78 53 50 87 58 66 -3 73 -1 61 79 40 81 62 63 14 84 97 80 88 87 27 49 62 63 28 85 35 4 64 36 54 28 93 65 94 42 7 75 62 61 23 70 44 80 68 15 95 59 11 53 62 73 25 49 28 47 50 86 63 90 29 89 92 24 11 5 42 13 81 14 37 64 57 31 77 82 10 68
44 90 11 68 67 47 62 93 60 54 102 44 93 43 53 13 74 48 80 93 43 70 82 45 61 84 68 65 20 73 88 52 64 3 83 84 31 51 89 80 84 74 62 60 43 4 57 69 3 19 49 72 27 56 3 3 64 13 54 88 43 96 80 46 77 36 87 5 28 63 27 83 22 69 101 9 3 47 18 64 80 77 33 91 100 75 80 100 97 7 9 76 70 30 96 97 76 1 47 44
36 87 13 88 49 90 86 46 100 14 20 36 66 54 24 77 13 93 49 74 10 7 31 91 58 37 46 31 18 83 79 26 31 -1 88 92 93 49 11 94 99 26 47 23 92 9 28 74 67 -3 48 -1 58 32 74 73 5 88 36 20 33 87 45 34 96 75 83 90 42 84 53 -1 12 70 84 89 67 43 25 54 37 39 18 83 28 50 8 13 79 57 90 36 51 62 16 35 60 95 63 19
94 81 51 61 55 53 54 42 37 81 58 6 23 48 54 31 93 17 16 97 81 89 94 66 76 99 83 80 64 39 67 14 18 91 12 49 4 43 74 22 52 42 41 8 26 29 62 93 91 5 13 29 17 60 69 21 56 13 71 89 44 8 92 76 47 11 43 84 3 80 42 61 68 80 102 64 49 27 54 84 31 95 87 30 19 92 67 11 5 92 99 99 51 96 95 1 97 49 5 8
76 69 46 30 65 -1 39 25 24 76 62 81 19 51 68 15 66 60 92 -3 35 32 44 0 85 57 18 91 5 36 96 91 74 30 95 43 101 41 15 78 63 9 80 85 17 62 22 33 46 63 49 13 16 29 49 33 63 23 43 29 98 71 54 87 42 43 78 47 78 48 56 8 30 54 21 73 15 65 67 92 38 67 10 64 58 61 42 71 99 15 67 42 84 55 88 62 18 44 50 76
44 97 3 36 47 96 17 2 40 33 18 48 17 30 12 3 26 34 86 62 26 15 8 18 68 98 35 6 48 37 39 12 12 21 61 42 14 22 26 16 83 49 51 87 86 3 81 78 72 9 54 66 28 25 26 26 89 2 37 15 34 17 76 58 13 94 95 49 66 40 76 9 55 55 3 65 38 100 74 62 97 9 29 59 9 1 82 93 96 20 52 58 101 53 64 75 67 8 38 4
47 74 30 77 62 73 83 42 31 56 53 56 35 -2 27 13 76 54 13 65 33 95 79 9 94 53 49 -1 75 84 27 90 9 26 76 30 17 -1 23 65 2 44 83 56 67 26 50 42 58 33 37 33 58 63 20 54 100 96 41 22 54 28 69 83 39 25 39 87 57 71 38 50 95 73 47 11 51 59 54 38 40 78 72 41 82 32 54 77 84 46 38 59 70 71 22 95 11 25 24 35
8 13 23 17 18 56 100 37 86 74 53 65 26 43 101 64 38 41 46 17 67 29 90 76 23 80 11 83 59 34 80 100 58 56 70 23 26 70 29 25 92 42 40 42 31 7 35 65 71 97 76 100 16 3 77 12 35 49 61 48 79 29 88 25 63 37 11 51 29 67 64 14 28 80 40 95 91 54 31 30 54 78 98 57 67 90 26 65 83 66 65 94 59 57 80 10 76 76 90 99
23 91 86 48 21 79 83 94 4 30 5 79 32 25 14 5 65 94 39 55 37 53 64 81 23 1 76 37 99 95 49 94 49 34 83 91 31 1 4 45 94 73 97 37 89 92 89 7 41 82 55 63 41 77 65 29 13 19 52 61 66 84 52 60 72 95 14 36 33 61 63 75 93 10 39 -3 33 81 72 5 98 45 29 41 2 44 74 15 85 63 22 78 45 42 27 67 91 89 9 65
27 70 101 78 65 43 62 46 21 48 59 26 38 28 44 95 24 50 56 28 40 67 65 63 65 96 30 43 70 73 88 25 73 66 6 46 32 98 21 72 92 85 66 69 100 49 45 51 41 31 27 22 67 16 53 95 70 1 41 79 92 78 9 14 57 18 22 77 47 61 51 50 44 81 43 66 35 82 97 98 5 77 61 25 28 91 25 50 102 8 84 1 48 5 39 28 68 9 67 54
78 86 40 -3 13 59 97 21 96 24 66 96 73 22 31 36 52 90 71 75 3 14 67 19 38 8 49 95 12 63 82 81 27 68 36 6 4 79 55 13 67 26 36 66 38 5 69 88 67 14 53 26 44 82 54 46 7 30 39 64 51 15 10 49 57 -1 72 46 17 21 39 83 94 2 31 51 67 11 52 85 45 35 37 89 77 31 51 -2 101 37 77 86 57 59 91 87 67 93 17 39
26 38 72 89 65 17 83 50 83 79 14 18 81 38 66 66 18 5 31 55 46 2 77 57 100 74 89 93 75 9 57 39 62 97 10 41 98 44 10 32 56 97 83 59 92 37 42 53 44 24 73 18 60 92 90 49 57 29 36 34 29 96 91 25 35 81 98 16 67 8 29 26 30 66 45 24 45 71 48 82 31 1 32 28 82 9 31 9 51 59 15 30 51 93 70 54 74 84 49 47
41 94 86 89 69 40 25 19 6 72 84 39 3 44 32 71 30 21 18 38 5 20 52 5 97 15 35 95 92 44 52 61 59 34 20 35 33 41 9 53 20 8 35 62 12 21 83 39 85 58 53 36 36 15 46 18 48 3 9 38 80 15 2 49 20 66 39 53 67 44 69 28 6 95 56 5 40 7 27 82 94 81 6 32 57 90 13 62 20 55 88 69 21 27 50 32 4 63 33 80
36 41 35 100 87 88 93 77 32 98 100 27 8 33 47 73 14 12 63 40 4 24 73 24 33 16 93 86 17 67 12 97 61 80 70 25 36 55 15 69 44 13 29 75 30 59 84 9 50 23 97 20 28 4 23 26 33 33 70 63 59 34 54 15 101 82 97 73 59 12 88 43 30 63 54 74 6 11 41 40 86 64 37 66 49 86 30 90 34 27 102 65 24 47 98 47 43 39 23 28
91 52 58 10 38 0 62 73 30 21 49 45 35 85 69 42 61 89 24 7 55 11 39 18 12 4 49 44 32 49 6 30 25 29 73 63 48 35 64 37 73 48 72 79 36 14 23 92 41 61 101 1 69 87 48 94 80 75 15 2 16 2 45 54 59 25 14 5 14 31 82 43 44 2 47 50 10 11 65 85 4 62 74 54 64 54 13 26 8 38 59 57 16 42 86 81 72 86 66 25
56 72 70 52 70 35 62 62 54 90 30 47 98 10 47 14 38 88 68 86 97 89 88 37 26 100 59 28 33 65 7 100 53 11 55 57 99 25 45 45 40 24 61 64 10 19 23 76 10 6 49 50 80 27 61 4 35 17 44 74 12 68 21 91 78 90 6 4 42 16 92 55 62 22 96 58 14 1 29 41 70 94 82 30 79 18 20 71 77 28 56 47 46 77 41 15 53 46 30 3
21 54 8 55 86 86 54 52 25 53 68 53 39 24 83 90 66 38 53 90 2 34 55 94 6 43 10 93 21 53 84 66 59 74 84 57 46 32 72 87 97 2 99 94 66 29 90 25 63 72 75 11 73 35 87 21 3 49 76 63 62 11 25 4 79 80 87 52 42 91 44 28 27 42 37 75 37 62 16 22 55 8 36 21 92 44 41 4 6 55 4 75 9 18 71 95 41 81 84 -1
85 84 101 38 99 28 80 82 23 28 37 88 41 89 57 49 43 76 39 77 4 6 14 56 10 8 102 25 100 42 89 25 51 76 8 34 44 67 61 11 41 91 87 65 99 57 86 65 66 9 46 6 70 36 49 58 102 77 68 19 83 38 30 35 72 4 90 20 32 65 31 80 53 60 96 15 85 59 85 33 58 31 7 24 72 28 63 76 21 81 42 36 101 81 53 83 41 84 79 90
82 66 52 9 74 49 43 83 48 44 33 61 95 53 10 54 91 66 38 46 27 4 81 42 79 20 33 33 49 68 90 90 6 53 37 72 23 9 42 27 80 10 70 3 76 95 75 93 82 42 24 10 59 7 26 57 17 12 33 75 49 30 24 7 63 22 88 35 79 32 37 28 80 53 44 53 100 53 59 83 36 55 2 61 13 43 12 75 65 68 63 25 35 50 82 50 56 37 85 45
82 34 41 68 54 61 102 98 61 28 101 41 94 71 75 56 47 50 17 58 36 78 82 99 57 58 26 99 43 79 83 44 39 13 86 1 27 13 95 62 70 53 75 84 62 68 79 14 10 27 26 11 32 6 17 64 51 63 43 36 71 9 39 78 77 83 11 76 97 38 15 19 8 74 84 17 72 54 31 87 94 76 27 28 11 70 13 66 7 60 53 49 44 1 68 83 3 94 60 64
98 51 51 85 91 23 68 3 48 68 88 6 18 30 30 22 59 91 101 32 46 4 28 13 11 49 16 42 96 83 15 16 98 66 75 73 77 49 47 1 17 35 40 95 28 42 7 12 4 14 94 43 39 63 46 44 81 41 69 14 25 80 57 60 17 79 48 36 80 40 71 80 27 16 21 67 25 56 61 0 45 6 11 81 33 44 58 19 54 19 74 38 89 88 35 88 72 18 55 66
23 97 21 8 102 14 55 88 24 51 21 13 10 26 19 53 20 86 95 84 95 98 93 16 86 35 85 14 46 11 66 12 8 12 5 19 12 79 12 25 25 59 55 26 35 76 8 94 11 46 84 29 11 80 81 66 98 17 46 7 83 48 14 96 16 2 10 55 83 66 7 63 25 68 19 64 77 27 84 43 62 50 8 46 73 32 89 57 17 97 31 6 9 23 9 3 29 33 56 91
17 90 9 6 43 91 22 72 41 20 93 95 92 20 69 58 52 44 92 23 78 3 94 4 74 46 69 48 75 83 83 0 44 31 88 41 77 9 21 63 43 35 67 24 60 75 100 23 82 56 41 32 35 70 49 7 27 22 82 8 8 50 64 58 98 32 70 78 79 94 37 37 85 41 94 82 36 8 76 5 47 64 38 50 40 83 85 67 2 20 85 36 97 39 43 40 17 58 34 67
60 96 98 77 66 14 14 73 20 29 73 29 98 90 42 64 71 74 36 85 46 99 76 43 54 24 94 75 72 59 25 12 21 20 8 21 13 42 37 1 73 2 34 11 84 48 93 93 66 14 49 5 56 22 44 67 80 88 9 99 13 50 92 99 5 70 39 12 40 96 100 100 79 43 78 63 26 72 68 71 92 65 102 68 57 49 33 8 39 42 11 63 47 50 58 93 78 81 53 25
27 82 24 40 30 1 17 72 95 19 55 7 37 25 24 55 89 94 22 47 54 15 89 30 42 7 4 6 30 85 39 46 34 65 22 90 38 6 9 53 36 54 61 10 31 23 60 87 34 62 36 27 33 13 65 41 50 81 90 40 9 26 87 75 21 61 15 77 67 -3 32 72 96 -3 31 -2 76 10 40 17 52 58 77 19 12 61 70 48 57 17 89 6 70 54 76 33 18 10 76 -3
97 14 80 52 94 52 8 74 24 5 97 77 58 72 84 52 33 13 68 35 61 79 57 10 56 91 95 25 100 42 6 42 100 90 89 51 4 18 5 87 59 40 87 25 12 38 16 31 34 42 83 3 68 74 15 33 100 85 84 91 91 63 26 35 66 88 90 13 76 64 12 63 22 62 52 45 42 77 64 26 82 9 67 43 28 43 77 67 59 23 5 29 6 2 101 27 25 50 78 12
67 91 19 15 47 21 96 46 84 7 79 37 13 2 84 78 74 31 76 44 62 36 33 96 101 42 86 77 11 63 14 23 11 57 76 22 33 28 95 8 62 27 37 27 9 46 26 74 8 28 41 21 96 62 76 76 58 8 98 1 53 83 52 45 100 83 59 82 26 80 24 23 67 79 17 37 92 -3 42 32 95 85 78 53 101 96 14 27 90 47 6 92 74 36 80 3 3 20 82 40
46 74 13 97 91 78 16 68 51 98 7 51 92 3 90 30 8 1 72 96 73 68 63 21 38 89 5 26 3 36 23 13 20 83 25 40 60 29 71 47 85 21 5 68 97 3 12 2 85 11 7 27 6 73 40 14 100 8 42 97 58 97 68 37 54 24 71 24 13 9 34 65 79 86 41 78 26 67 82 70 24 98 35 24 89 53 8 100 98 80 46 89 93 27 102 65 24 92 28 29
93 38 42 96 2 51 80 30 16 65 28 61 36 27 63 11 36 66 26 44 63 26 57 67 11 38 99 63 89 46 5 23 66 8 35 77 30 71 9 82 48 35 82 69 91 67 69 43 2 82 69 41 51 66 78 66 34 35 60 49 38 34 18 92 65 93 83 73 90 41 21 49 98 60 23 70 61 89 86 6 42 8 70 90 6 77 71 39 62 91 57 38 49 0 97 45 61 27 47 4
El programa tardó 117 milisegundos en ejecutarse.
