94 76 92 25 11 6 58 46 47 53 23 2 33 5 79 70 45 99 32 42 5 82 90 77 91 73 24 61 94 28 7 88 54 23 46 18 50 57 91 16 44 42 72 24 20 60 21 2 39 61 90 78 94 50 17 68 102 52 97 49 34 97 43 62 3 37 44 76 4 48 40 30 34 39 4 41 4 85 76 49 59 10 50 57 76 83 100 97 57 28 52 64 36 37 50 45 47 54 48 34
37 -2 49 2 100 70 45 7 96 52 84 64 78 75 43 52 99 61 53 80 46 56 96 64 4 25 32 26 65 7 60 88 95 25 89 17 56 75 86 39 38 9 48 51 77 92 42 1 72 67 92 38 73 72 4 84 13 -2 33 7 82 78 27 41 69 82 12 19 14 73 88 80 80 78 100 15 20 16 73 26 45 31 5 89 33 70 37 18 90 60 18 58 54 31 66 41 95 56 41 71
84 98 27 40 82 14 87 76 59 21 64 29 20 51 50 25 33 49 98 65 33 53 73 43 87 12 30 84 75 83 73 9 95 14 48 10 35 54 88 62 65 68 6 66 81 97 70 66 14 43 98 67 41 17 31 30 78 41 75 4 14 64 15 20 48 9 59 60 20 33 57 85 79 55 54 96 51 81 51 79 24 27 68 4 91 24 29 75 84 67 81 33 99 54 43 76 83 63 38 7
75 81 83 82 95 39 39 2 75 13 81 93 96 91 68 82 13 82 83 82 11 6 69 35 85 26 85 52 79 65 70 31 5 85 85 35 62 27 16 92 29 18 57 56 62 94 51 83 14 12 91 28 31 44 68 20 24 2 34 8 77 66 15 38 100 33 20 63 10 49 29 64 48 37 96 0 85 86 26 87 8 4 59 70 25 20 85 19 101 65 72 54 28 24 85 93 89 23 32 81
10 95 3 52 87 95 90 50 21 8 65 78 84 42 55 25 46 82 18 46 8 42 38 81 64 5 64 40 19 77 8 71 46 45 64 52 96 52 69 35 3 73 21 22 91 11 85 27 12 19 83 34 37 65 6 80 98 85 39 88 48 71 72 59 26 60 82 17 39 31 3 60 52 14 80 23 57 82 97 59 25 75 71 46 101 13 98 28 44 10 65 84 79 26 3 58 6 63 40 40
15 15 22 63 14 22 39 52 20 64 6 66 11 33 27 59 77 22 12 54 67 38 53 54 5 77 69 91 47 58 23 75 24 22 63 31 19 34 101 50 2 35 54 30 86 67 61 27 80 70 91 75 58 53 79 15 92 13 99 79 93 92 44 -1 40 50 39 6 64 19 100 3 85 45 75 25 46 78 69 8 50 37 92 8 26 50 22 67 71 95 62 16 74 4 77 63 26 91 35 50
28 20 50 92 31 91 7 49 88 96 98 74 79 37 10 50 26 99 27 54 70 44 96 2 36 34 33 3 64 61 31 15 100 84 19 28 21 76 16 28 45 70 20 98 49 33 97 51 99 84 87 8 62 9 34 67 92 32 46 50 6 23 48 35 47 69 33 51 14 40 50 3 58 21 40 14 8 21 32 45 57 22 60 67 43 16 80 71 10 20 101 93 66 92 18 70 97 25 93 18
42 70 13 88 66 82 27 55 61 2 101 71 69 51 6 65 30 83 92 67 3 47 67 38 21 12 80 37 44 18 28 34 18 69 73 -2 24 2 71 58 91 6 6 55 93 96 45 1 93 9 3 49 75 0 73 20 46 -3 6 4 92 7 74 18 76 21 84 53 39 29 61 50 2 5 94 73 17 2 48 72 96 48 53 68 58 7 93 2 67 58 39 71 8 86 64 57 34 4 42 55
43 61 90 1 91 99 26 85 34 48 44 91 84 36 63 21 4 95 72 45 49 94 72 9 12 14 58 33 84 22 62 66 79 86 86 68 38 77 47 50 40 41 60 78 71 23 14 25 79 47 63 55 97 75 37 92 82 16 89 28 101 49 76 98 22 91 71 94 33 54 8 15 58 75 82 26 82 59 74 59 99 16 99 9 91 84 31 1 95 61 44 100 88 22 66 73 19 49 38 14
13 89 91 81 81 80 43 48 87 68 28 90 84 28 85 53 46 51 62 94 83 20 56 47 34 37 16 54 54 55 56 78 39 60 72 38 55 30 34 85 91 84 52 60 33 49 15 71 90 40 22 62 23 85 32 24 7 92 87 48 42 -1 6 33 83 34 3 75 64 31 41 2 27 71 93 57 29 28 16 32 72 32 74 48 43 74 101 49 61 20 21 90 45 26 30 83 54 87 21 61
61 81 7 45 83 7 94 54 71 14 18 10 96 60 85 43 57 100 90 78 81 87 67 93 10 61 14 17 40 44 80 33 13 17 13 86 52 63 22 30 23 58 38 80 74 44 64 71 26 30 19 63 41 80 32 83 39 28 94 22 75 23 12 91 74 24 101 43 13 36 47 66 98 79 13 94 12 84 36 29 47 9 32 78 95 58 64 7 80 23 87 71 38 46 10 60 83 36 4 74
25 78 19 20 58 17 31 32 18 42 40 28 58 70 40 25 91 90 51 19 44 86 45 82 70 28 38 35 88 73 7 20 61 79 94 60 49 47 4 17 30 83 47 79 78 0 100 14 10 48 48 30 46 23 40 53 24 35 63 82 92 24 37 89 49 36 66 91 46 77 61 16 77 1 10 75 63 -3 13 9 27 -3 29 39 70 15 61 68 24 19 13 37 26 8 73 18 55 90 34 33
41 13 64 5 58 12 29 31 94 92 46 58 100 37 68 39 63 1 54 78 71 26 63 53 48 15 84 12 84 63 95 22 37 7 52 20 49 33 53 19 83 52 81 97 81 43 34 98 48 35 70 67 52 87 40 49 61 16 87 65 99 13 52 6 90 80 10 80 40 29 98 64 15 58 96 30 61 65 30 19 70 20 49 84 94 76 61 20 69 59 40 47 81 47 63 17 50 23 62 93
85 41 96 27 3 63 54 85 27 16 32 73 58 24 28 55 29 53 89 30 42 34 49 78 97 23 99 20 49 46 87 1 92 80 65 45 78 12 41 38 56 18 79 2 23 52 68 70 90 69 21 69 21 10 8 61 8 7 38 24 2 60 68 70 25 5 3 63 93 42 100 18 23 39 67 2 66 10 10 33 28 55 88 89 34 46 59 0 90 21 78 80 36 55 49 62 34 54 11 22
64 60 16 78 41 85 81 71 27 32 56 2 61 73 97 18 48 78 79 86 86 52 77 41 42 32 41 78 20 2 40 56 25 93 9 57 25 90 41 49 43 88 73 95 37 64 85 48 36 91 88 67 79 49 15 15 56 36 28 82 7 13 60 10 17 20 64 4 81 69 88 23 51 75 28 79 39 52 6 95 85 50 97 88 100 95 92 82 65 45 19 1 58 64 59 6 98 76 78 91
19 51 81 10 94 70 38 30 91 40 35 48 8 24 55 12 48 44 34 90 31 48 14 0 3 49 62 -1 78 11 30 67 91 82 28 12 70 66 57 69 19 61 10 69 101 72 51 4 44 45 42 20 52 85 94 22 99 45 78 1 79 74 90 51 55 1 34 48 92 75 76 65 5 20 79 87 9 2 13 2 5 25 47 35 34 70 42 15 6 65 72 81 19 0 32 13 61 90 82 49
87 11 56 18 90 96 97 55 25 11 52 48 45 59 8 87 99 78 86 23 102 76 59 32 24 48 93 19 69 28 34 66 4 48 79 26 93 36 19 90 15 100 20 10 99 12 20 21 10 23 62 58 6 100 25 28 61 40 38 70 81 54 56 84 61 57 38 13 53 11 50 85 65 64 100 75 81 59 63 41 32 1 17 55 44 88 78 49 101 57 70 96 11 94 77 7 11 18 35 52
101 63 92 5 52 64 15 13 51 80 56 59 4 16 15 89 27 75 13 87 3 22 45 48 68 75 60 11 33 80 13 21 56 6 35 41 45 55 70 21 23 21 58 8 50 72 94 74 59 96 15 11 26 47 27 40 75 96 10 79 48 61 14 8 39 16 60 50 24 5 8 32 86 44 76 38 98 41 22 36 68 88 70 25 61 60 60 79 2 85 96 2 62 31 58 90 23 81 75 60
33 79 98 7 57 29 5 80 46 5 93 50 65 55 25 81 92 1 68 67 33 27 6 59 30 65 46 95 3 63 77 77 43 8 46 2 56 81 93 95 30 84 50 70 21 27 43 91 83 8 77 82 49 67 24 78 46 79 95 36 82 67 27 16 61 28 38 8 9 90 37 89 35 26 21 25 82 76 15 97 87 60 67 26 49 95 33 63 68 42 90 20 102 79 70 78 48 99 95 77
69 81 88 17 21 86 94 -2 96 25 70 26 82 17 48 66 83 2 42 10 49 56 67 39 83 80 59 24 63 74 61 87 75 26 4 40 82 63 8 62 73 15 28 11 32 11 55 26 20 7 42 81 13 18 19 27 94 24 20 4 45 3 20 49 21 36 99 79 15 25 64 9 62 50 66 93 70 24 75 72 28 63 75 61 38 47 24 89 44 6 33 74 99 21 25 -2 58 22 46 14
35 97 81 39 66 25 19 90 9 37 96 52 99 28 46 83 78 89 102 10 9 89 42 76 30 10 65 55 23 57 86 13 95 38 51 38 64 20 94 52 77 62 77 37 76 30 41 46 101 6 94 44 66 22 82 4 81 42 50 71 83 61 67 52 46 82 41 24 78 78 26 85 79 39 57 21 23 92 88 87 59 33 71 72 73 23 51 46 14 90 23 45 21 32 13 14 14 74 7 76
51 56 41 59 81 22 70 1 12 45 29 45 79 13 61 41 60 47 81 -3 101 26 97 16 27 77 13 58 3 32 39 9 53 47 58 72 22 23 99 29 39 -2 27 93 76 3 9 69 46 16 56 43 54 78 19 23 35 93 34 60 27 66 29 85 14 74 6 7 44 38 50 40 57 -2 89 36 99 58 51 31 87 32 37 25 66 70 54 53 60 41 60 33 60 71 62 11 83 61 72 45
61 50 48 49 42 55 20 93 94 81 25 11 44 55 29 70 87 33 96 44 86 77 62 17 18 90 37 8 7 100 71 92 32 4 66 38 82 48 99 60 95 63 99 46 76 74 57 12 19 95 5 88 58 80 80 49 61 69 5 59 38 39 43 10 84 61 70 3 89 7 86 34 47 91 29 30 65 38 82 75 45 50 74 89 16 39 48 9 24 74 44 35 70 26 77 20 40 31 98 95
39 72 44 32 37 32 34 6 53 75 29 42 68 -2 10 12 36 28 24 44 69 93 45 93 91 40 50 80 81 56 54 96 36 17 98 58 74 90 12 19 21 68 51 88 93 55 48 96 20 43 64 55 66 -2 40 44 69 82 7 28 33 18 40 40 96 58 3 72 67 39 59 52 74 25 6 93 17 42 88 41 82 19 4 68 97 96 32 3 54 52 51 14 71 51 94 18 66 19 56 1
48 23 32 33 69 3 72 25 58 50 56 72 83 17 80 73 82 40 74 2 18 92 68 89 64 7 76 47 59 18 18 77 15 49 24 19 50 26 75 8 95 74 91 82 78 99 64 47 34 32 54 96 101 11 65 88 25 13 58 31 15 52 64 78 94 38 76 60 30 71 53 57 49 37 56 51 92 66 35 47 43 92 21 32 4 89 54 79 3 1 53 92 97 51 71 29 35 73 3 39
73 35 38 -3 76 77 78 37 26 82 62 86 71 10 21 0 90 50 39 93 93 8 67 69 97 13 7 89 24 76 51 58 25 65 63 45 92 7 8 41 76 63 25 67 91 57 71 53 20 8 42 18 68 53 67 1 79 6 70 7 32 37 78 63 49 66 96 74 18 59 6 43 88 42 51 8 34 85 46 2 6 91 43 77 43 89 84 73 40 43 34 50 70 19 60 54 101 86 2 42
57 88 55 21 33 6 79 30 71 93 3 85 96 35 60 72 55 22 38 47 99 41 28 4 92 40 18 66 24 95 22 28 85 70 96 38 4 22 50 25 11 74 18 17 77 63 34 14 78 18 81 64 8 46 35 63 102 30 77 32 61 85 84 79 82 65 91 13 49 27 26 8 41 37 60 12 14 29 64 21 58 82 83 23 96 44 27 85 3 69 46 16 9 26 36 26 74 62 12 67
18 -3 25 34 72 6 79 86 2 52 39 1 68 13 19 41 28 40 10 23 58 96 22 29 82 9 6 67 7 71 47 17 39 88 90 89 20 89 31 24 51 5 21 96 3 22 3 74 96 15 9 33 89 91 27 10 11 54 87 35 46 53 45 5 19 54 74 62 11 18 11 24 90 93 35 5 81 41 31 23 27 50 63 52 82 26 53 80 59 92 42 31 98 34 71 14 69 28 59 75
8 69 31 20 102 93 91 84 82 90 58 5 30 27 57 49 41 4 50 81 68 26 38 30 58 89 94 59 57 17 96 31 65 64 5 79 78 86 27 22 7 36 96 15 50 19 70 67 42 61 28 80 23 69 6 80 79 14 100 50 80 100 63 66 8 33 72 74 3 52 90 94 66 16 39 49 65 37 57 19 36 56 90 63 59 57 28 57 79 59 29 39 72 98 68 66 40 78 40 41
59 49 20 88 85 47 14 14 91 69 52 85 57 29 88 90 67 35 37 12 52 52 37 36 21 18 50 65 64 61 48 75 63 59 82 -1 45 -3 55 1 30 77 92 54 71 32 2 30 51 19 62 76 29 81 84 96 30 69 32 11 47 43 66 65 18 7 5 11 37 34 97 41 26 82 69 62 35 35 44 73 85 28 78 50 37 61 40 88 81 52 75 11 87 6 10 25 98 58 56 31
55 53 8 26 54 9 13 91 94 8 93 1 19 94 93 61 8 63 30 26 47 21 73 42 29 44 84 75 55 10 36 45 95 78 31 18 36 25 86 58 93 79 44 64 89 49 53 9 91 41 89 94 8 36 65 52 80 34 46 28 49 1 98 71 100 43 66 25 78 40 17 65 23 69 97 4 71 90 83 71 12 13 52 33 12 76 82 28 79 87 10 29 10 88 99 89 19 46 63 65
33 95 50 43 85 6 54 75 41 15 38 2 36 34 65 15 41 32 2 44 63 70 53 88 14 92 68 45 86 55 49 71 94 10 25 44 83 -2 58 18 81 33 96 85 74 29 25 75 21 79 52 74 80 93 69 64 96 23 2 16 39 51 79 28 98 15 78 32 38 -2 41 27 86 49 55 77 97 10 37 28 42 11 8 90 12 87 26 47 79 77 89 68 48 54 5 12 74 45 67 27
32 27 9 74 20 18 77 9 89 57 4 60 10 54 49 23 32 41 69 93 31 5 51 70 79 18 81 80 101 47 29 58 72 90 45 25 74 93 36 84 18 89 33 90 20 71 12 11 80 28 28 55 45 65 17 6 77 18 83 58 95 92 51 35 83 56 43 23 72 27 15 39 35 3 82 18 67 16 88 22 70 96 71 77 52 47 19 42 78 94 63 90 27 53 78 74 28 27 59 59
84 68 3 81 95 90 14 41 58 94 32 45 19 51 66 70 49 76 14 84 43 90 16 76 59 67 40 10 40 43 97 77 76 16 37 3 8 23 87 40 75 63 11 63 101 90 77 60 59 79 32 1 24 43 90 64 10 58 2 74 101 34 10 28 69 57 55 67 8 20 64 46 45 33 60 89 24 26 79 0 6 35 42 21 39 67 101 34 39 45 43 49 23 51 32 5 46 68 81 61
53 79 52 77 39 27 75 85 35 78 5 75 34 95 51 5 89 95 84 45 63 14 58 100 70 71 35 45 66 25 38 57 45 95 60 58 3 28 30 62 48 47 9 68 26 85 25 99 90 13 70 66 93 79 83 78 97 85 5 21 5 26 71 89 82 53 90 11 4 95 14 43 101 58 64 11 71 76 37 62 39 63 86 83 98 11 51 9 17 53 55 1 32 75 21 82 27 95 48 30
9 61 99 15 31 88 76 14 41 42 35 67 91 18 74 75 94 49 70 49 94 44 48 85 100 47 94 79 8 38 78 95 90 94 29 43 85 56 34 51 2 74 42 72 79 35 48 71 58 72 23 14 61 37 61 10 71 19 83 14 42 30 29 31 37 43 32 63 39 91 68 39 44 84 71 76 38 81 61 72 65 56 96 84 54 7 54 39 51 84 89 81 78 86 35 47 24 44 65 45
59 78 51 75 36 70 81 31 76 27 9 52 52 100 30 84 89 76 89 10 68 31 88 66 75 2 33 51 73 35 73 57 78 81 8 67 9 69 35 52 49 34 51 43 102 35 98 39 43 52 46 78 61 11 12 66 93 45 96 42 61 90 84 49 101 35 70 27 67 85 9 93 81 97 64 83 67 2 11 12 77 37 93 25 4 71 57 69 25 20 95 74 45 100 21 89 31 28 34 55
16 86 5 -3 93 87 13 53 98 11 40 9 77 10 56 49 49 72 18 31 37 10 89 8 12 56 44 93 28 22 57 57 22 77 3 17 66 37 54 74 13 71 76 57 21 87 31 14 97 67 51 2 44 89 35 14 57 76 15 11 83 12 80 12 91 46 26 23 26 26 52 85 82 87 98 64 67 49 9 93 87 68 49 41 10 10 23 68 80 32 84 95 26 74 62 16 79 83 39 60
51 23 39 94 43 43 84 42 72 49 40 65 24 72 55 100 64 64 41 14 17 31 11 42 53 82 58 4 24 98 75 29 9 22 77 8 38 59 29 21 32 98 100 11 16 80 96 89 54 25 56 6 82 91 97 16 77 2 99 46 98 60 70 66 20 38 71 37 79 17 9 27 50 21 10 67 49 80 43 18 17 64 35 23 55 82 55 38 14 71 24 23 97 87 46 98 40 94 82 80
35 74 50 44 29 96 60 68 78 16 88 7 77 42 74 67 73 44 101 66 81 39 14 77 43 32 98 66 67 53 81 57 45 37 35 42 85 57 69 48 52 16 64 75 70 68 64 24 63 81 65 27 28 89 67 26 19 22 26 23 85 76 26 73 59 15 26 83 90 80 57 31 50 6 68 0 88 41 77 2 87 25 33 43 93 33 82 68 22 84 66 14 15 83 55 75 96 45 22 92
40 32 59 78 60 89 26 53 56 59 75 46 21 73 12 14 77 74 86 39 51 35 77 13 6 71 15 75 38 19 36 41 42 9 52 35 65 13 71 14 23 13 48 30 53 12 16 99 48 61 70 73 7 70 23 60 42 21 8 58 39 21 92 39 37 47 10 36 69 6 58 63 93 49 82 25 14 8 89 50 77 6 61 19 30 97 6 57 80 75 68 60 68 36 57 84 36 11 87 95
39 91 95 42 65 14 35 44 25 80 36 44 84 85 15 45 57 75 4 47 10 89 60 25 67 27 95 5 88 27 21 48 77 68 3 90 17 64 60 49 75 35 97 66 22 3 37 2 2 4 50 64 39 60 5 28 45 95 41 57 76 60 65 20 10 73 95 58 88 54 32 48 19 87 29 84 80 39 17 75 63 0 19 54 101 24 27 81 87 -2 5 9 25 67 43 90 13 10 90 85
15 98 18 54 8 48 25 83 8 67 5 99 53 37 57 71 94 31 28 4 95 63 98 91 52 30 27 21 54 85 46 89 71 13 53 28 32 95 52 91 76 47 99 58 59 79 19 61 37 98 87 87 47 61 83 34 25 67 48 71 60 49 14 58 43 31 67 97 8 13 18 73 51 5 69 63 25 74 51 5 58 38 86 10 93 65 61 73 60 14 24 81 17 9 28 20 30 99 8 53
70 20 60 2 101 76 94 -3 57 34 75 53 5 68 58 61 60 85 61 34 35 87 13 34 85 21 8 75 61 16 12 93 2 49 63 1 27 21 35 35 57 80 22 20 81 74 63 1 100 66 78 84 33 10 100 91 46 45 101 13 50 16 88 1 84 22 94 60 10 24 26 41 78 63 66 60 99 70 86 21 42 71 21 65 8 27 97 95 71 80 31 95 61 31 27 14 70 79 68 24
99 60 89 39 10 61 4 9 77 18 61 68 91 30 88 98 76 76 75 55 17 74 90 14 13 24 41 60 90 24 46 83 3 40 82 56 78 55 47 22 36 33 16 48 31 73 73 62 28 55 20 9 43 11 40 39 93 12 25 76 73 71 36 79 35 35 64 54 87 80 44 63 47 60 60 7 74 36 89 56 80 49 13 56 58 73 53 22 17 52 44 100 101 66 46 69 55 78 91 27
68 48 28 94 83 31 67 89 15 45 26 33 32 50 35 74 89 83 65 95 91 9 42 39 81 82 40 79 49 10 29 52 71 48 89 13 12 85 14 58 28 66 26 1 64 29 4 96 79 5 66 25 16 92 87 8 53 78 36 15 44 68 4 78 59 14 63 84 97 74 19 1 72 34 81 6 48 -1 19 72 2 38 99 54 7 67 21 45 6 48 12 56 23 52 65 -3 52 71 61 28
43 29 24 5 31 57 69 82 96 38 51 98 10 68 3 5 43 46 55 95 39 32 54 23 88 72 78 85 76 78 12 22 44 24 86 12 82 96 95 89 18 9 39 32 98 10 64 78 36 49 78 85 26 7 13 25 34 66 42 31 49 89 34 6 81 96 9 48 78 22 82 19 22 34 30 76 9 18 5 6 35 49 95 60 28 64 3 73 57 2 37 34 89 74 30 63 25 56 90 33
64 49 62 80 23 63 30 38 43 76 91 4 41 86 87 5 9 44 10 88 80 47 91 76 41 22 11 68 73 44 92 38 17 36 12 47 93 -2 85 68 10 55 66 72 64 55 101 31 98 60 36 55 12 10 69 67 43 14 43 12 12 20 48 74 6 63 100 0 20 7 86 63 91 48 6 84 88 68 60 41 53 84 60 75 19 64 96 69 100 65 11 0 99 40 79 78 81 85 64 12
101 94 100 47 42 77 11 48 71 91 97 66 69 11 34 75 36 37 95 84 93 49 25 25 75 5 48 54 89 77 19 63 61 69 25 39 3 85 102 48 69 60 21 88 102 9 87 9 87 85 60 34 12 99 34 20 95 91 30 11 8 6 75 55 93 77 72 83 54 95 68 53 82 73 102 25 21 30 77 23 49 36 45 6 15 80 76 81 99 51 18 63 13 54 100 86 25 16 71 66
75 51 14 11 28 56 82 5 79 12 50 9 24 21 86 80 7 45 46 79 84 96 40 16 67 32 92 19 10 92 97 82 50 26 52 11 43 -2 17 2 26 38 32 12 48 58 41 20 50 51 98 19 27 42 16 8 31 52 81 2 46 21 34 26 76 4 5 13 98 67 32 50 19 84 39 30 15 25 60 45 91 59 60 3 9 36 24 50 100 85 58 81 15 12 46 87 15 38 42 58
53 93 9 33 85 23 26 78 35 3 76 76 26 2 84 41 83 56 5 12 75 83 28 71 47 22 90 96 64 8 40 80 23 39 102 52 88 32 40 32 7 99 24 59 73 41 11 60 53 89 84 15 38 92 84 22 16 88 40 67 42 91 59 24 82 36 72 64 39 51 22 52 32 41 85 62 85 84 77 79 92 85 24 79 79 26 14 47 54 40 50 9 20 96 61 38 83 9 50 12
14 34 12 78 36 54 53 51 84 94 27 60 71 85 93 59 28 35 25 32 94 85 28 11 57 83 38 36 4 42 20 86 12 59 100 96 27 -1 30 34 13 51 66 34 21 22 73 39 17 19 98 15 36 64 48 -2 76 37 72 30 27 77 37 30 22 24 78 79 68 -3 41 83 20 10 24 -2 20 94 74 17 72 45 65 43 38 82 73 70 56 40 19 51 28 14 60 36 33 2 39 2
90 16 79 26 69 11 58 83 101 14 94 47 24 11 8 97 33 11 17 98 48 92 15 21 5 60 13 4 55 13 90 57 13 49 71 23 62 89 68 16 86 43 79 78 47 15 91 4 67 81 21 25 25 35 13 30 22 80 71 86 67 94 89 82 5 58 74 14 9 43 49 39 50 83 38 51 24 79 8 18 74 36 62 12 50 32 42 67 85 9 77 3 100 45 12 53 58 1 93 48
99 91 57 13 5 69 58 87 32 58 66 79 57 67 81 88 69 38 85 38 39 43 75 40 33 50 44 61 95 7 21 57 18 88 12 95 10 8 55 32 60 18 86 43 15 24 42 50 36 28 98 52 90 1 75 4 23 65 97 48 98 83 10 66 70 25 9 80 5 10 50 86 43 90 23 86 76 92 9 45 48 9 35 82 53 66 32 72 49 83 40 25 60 12 63 93 40 96 73 24
74 85 67 4 27 94 30 83 67 46 52 32 24 2 7 97 26 90 68 94 96 77 72 67 65 21 52 18 79 68 28 65 24 21 54 78 56 51 24 68 6 93 78 17 93 9 70 81 82 94 99 96 48 16 11 81 92 26 58 30 101 65 87 61 5 40 41 87 88 59 100 63 17 71 90 60 20 47 32 19 101 25 8 39 20 61 5 50 46 56 47 53 28 18 85 85 38 29 6 38
32 58 49 92 72 47 61 68 42 61 85 66 11 5 19 69 5 36 76 61 9 52 54 43 36 90 13 9 75 20 76 41 13 46 16 55 60 60 47 48 49 13 67 76 66 38 22 23 56 63 88 88 23 32 10 59 47 70 100 43 93 5 59 29 57 93 75 89 75 60 10 42 69 33 44 21 35 0 99 27 77 84 26 66 88 37 77 11 26 49 100 71 90 41 79 65 5 9 31 86
33 13 80 32 91 62 16 68 35 98 91 50 59 47 22 27 98 48 20 74 23 64 20 34 35 21 66 11 57 21 49 25 13 83 30 31 7 58 55 51 71 17 84 55 20 74 86 26 86 85 98 90 19 24 60 22 15 28 40 89 25 67 6 16 28 93 87 38 90 86 60 4 14 28 20 11 92 11 81 34 13 77 87 45 20 11 91 14 31 65 48 7 32 47 67 2 13 68 59 83
78 85 43 82 94 89 36 90 16 41 2 10 66 12 15 11 55 53 45 12 101 58 7 68 18 54 90 45 38 12 90 13 2 94 42 42 29 95 23 25 69 79 2 40 91 53 41 73 16 76 41 37 2 31 80 43 85 83 55 81 58 40 47 18 25 71 43 5 67 29 16 57 14 35 21 59 39 35 37 20 7 18 30 2 23 56 76 24 53 2 7 47 73 78 15 35 13 62 50 87
61 61 102 40 78 53 60 39 55 27 13 16 31 34 63 61 54 75 71 50 52 8 47 89 21 51 37 38 34 96 64 36 65 50 58 41 47 35 65 59 76 88 54 48 95 64 88 34 96 8 58 12 36 62 21 40 94 36 62 92 69 71 88 79 60 3 17 2 101 29 43 56 59 82 97 51 44 87 77 12 96 27 28 33 20 87 58 85 81 1 33 94 66 20 69 31 101 21 48 91
58 4 5 40 41 78 15 9 19 48 65 32 8 15 60 24 45 58 18 87 33 15 86 83 101 53 50 92 86 -3 72 93 55 87 31 88 15 21 44 19 36 52 26 25 79 85 53 8 67 51 69 -1 60 24 89 23 82 55 59 0 62 35 101 39 42 78 53 14 30 71 16 44 94 35 66 42 54 83 68 25 65 73 90 36 36 15 85 59 61 84 12 73 36 75 94 29 13 40 79 2
26 24 36 26 9 14 47 48 20 63 10 6 86 62 102 36 53 41 85 53 81 19 51 15 33 68 47 9 58 83 28 49 83 10 68 88 69 10 28 2 55 38 18 27 3 71 10 89 77 32 63 90 43 1 99 9 62 55 4 49 33 71 92 21 5 62 58 7 16 46 44 7 26 13 101 41 9 22 94 44 47 80 97 70 9 51 49 78 20 95 95 80 67 89 33 67 21 73 76 71
56 30 95 40 87 83 77 84 23 43 2 -1 89 0 16 65 11 52 65 30 9 93 96 15 84 84 95 24 11 87 83 71 89 93 74 46 28 12 54 48 38 65 83 50 57 61 86 56 6 9 26 61 87 79 22 33 58 84 43 71 70 41 24 45 66 19 6 15 19 83 24 36 77 3 35 20 100 89 12 36 36 86 76 48 40 73 27 48 82 89 28 86 76 81 48 96 70 27 23 25
9 16 94 86 81 9 84 65 54 53 71 94 28 12 9 6 81 25 52 45 77 30 78 48 99 56 49 87 28 79 63 88 29 83 26 77 27 2 87 61 54 19 65 79 12 72 82 27 66 24 79 98 9 22 11 44 29 93 33 16 35 79 82 11 28 75 20 7 64 75 60 54 84 90 5 32 67 66 43 95 54 96 24 62 50 77 77 35 33 39 15 65 21 51 12 21 36 68 11 56
75 79 28 0 36 12 12 3 89 51 96 79 67 69 43 44 43 0 23 1 27 89 33 23 22 91 22 71 48 23 88 91 70 74 8 68 8 58 56 26 90 48 80 88 99 5 78 37 16 55 83 62 90 76 97 82 101 83 25 6 33 29 53 5 95 56 3 18 12 83 99 86 9 26 79 12 30 20 6 38 94 5 90 64 85 41 48 4 66 4 85 18 72 30 88 50 70 58 36 51
25 51 88 41 66 61 57 27 80 64 36 32 59 27 20 53 14 74 60 72 36 87 78 64 13 22 54 37 57 50 102 66 46 55 50 43 23 77 11 91 73 92 15 66 22 6 52 13 100 41 51 9 18 78 48 72 61 35 19 13 42 55 40 22 97 87 31 18 85 52 64 2 47 2 69 86 25 4 63 93 90 77 30 75 20 56 20 16 89 83 7 21 54 30 42 73 32 18 48 33
18 14 66 43 66 55 62 57 66 8 42 0 80 60 65 51 77 39 5 68 67 -3 68 25 100 21 77 76 81 96 66 12 94 -3 35 90 77 58 85 53 56 38 28 67 80 55 78 71 13 52 61 21 33 19 87 15 34 91 46 67 21 0 15 78 59 72 4 -3 74 28 66 18 84 45 76 95 78 32 55 52 21 75 52 89 64 84 95 84 34 26 56 22 60 71 4 94 28 56 19 54
102 29 6 6 26 70 46 65 56 59 99 82 70 62 51 79 101 62 29 75 28 7 23 78 57 18 92 68 6 20 36 48 74 90 44 2 67 94 17 45 11 74 90 2 33 47 58 42 71 92 99 14 23 73 102 51 63 4 58 39 29 7 59 34 25 91 39 7 54 52 32 47 16 34 83 45 55 13 47 100 56 82 95 15 74 48 37 10 89 2 11 35 41 22 3 70 81 41 90 18
70 31 57 84 92 37 26 69 23 48 40 53 77 93 4 61 70 50 40 41 96 35 21 18 78 93 69 39 59 86 62 40 40 32 76 81 21 13 101 46 85 62 101 42 3 81 65 52 48 71 95 75 14 79 76 82 101 7 62 27 88 70 58 45 49 16 2 69 63 -3 93 35 69 88 55 9 84 29 39 37 32 23 80 92 79 43 56 45 27 17 17 92 55 71 99 13 98 8 18 46
23 67 83 24 53 48 38 11 15 43 12 9 96 72 24 1 3 28 46 96 9 26 63 89 85 12 40 43 80 16 44 46 16 72 62 60 35 11 64 28 18 29 12 88 47 45 82 96 61 59 60 41 23 52 99 96 26 56 100 49 77 59 22 17 86 23 85 41 50 10 26 34 57 52 69 76 50 6 40 94 17 98 102 8 94 65 15 92 87 66 34 21 89 56 37 61 22 76 26 97
97 51 13 56 65 59 82 90 55 19 41 40 53 25 44 37 34 0 13 34 72 53 11 78 85 -1 52 63 21 51 80 16 101 77 62 93 18 82 23 57 70 70 38 84 49 -3 35 36 21 41 78 81 66 83 34 71 80 92 79 75 63 94 80 3 86 20 20 14 3 13 54 -3 40 78 70 42 62 77 25 14 85 79 50 12 19 67 68 81 32 66 61 89 15 20 34 30 91 15 50 27
43 49 86 69 68 62 65 20 51 43 25 86 30 48 40 10 81 20 7 76 71 68 94 74 62 33 102 52 99 23 44 56 21 29 43 3 45 9 68 24 11 68 86 66 79 38 59 25 38 8 58 57 46 34 59 100 54 25 78 9 91 65 74 20 51 28 70 7 26 95 94 44 49 83 7 21 45 80 83 15 97 56 59 75 7 30 98 33 98 43 21 98 35 18 62 84 53 49 53 49
6 2 4 10 68 14 63 12 24 13 30 59 72 49 8 24 100 73 94 6 50 44 88 25 85 94 77 94 71 43 69 88 40 88 9 26 88 83 62 -2 18 17 75 45 20 83 29 4 99 19 91 59 51 6 7 18 23 84 55 64 5 84 62 44 81 43 96 68 83 92 25 25 72 18 76 29 76 13 60 59 51 33 33 60 78 26 68 32 6 81 46 58 70 16 39 49 39 13 80 65
51 78 91 74 52 78 42 72 31 56 60 94 55 23 28 92 23 87 43 11 55 77 84 31 85 76 99 73 77 26 86 74 4 50 48 7 34 54 6 51 30 91 49 66 60 64 37 27 96 4 25 40 56 36 82 65 77 2 73 31 14 33 43 75 85 93 89 70 26 39 44 54 96 15 71 47 95 91 93 71 59 51 101 69 100 49 60 61 25 9 13 60 75 13 19 23 11 65 93 91
12 73 2 41 75 94 79 76 18 67 37 86 73 52 42 11 34 54 80 24 11 42 76 79 44 54 70 86 35 27 28 12 26 25 58 78 13 69 47 65 91 26 86 77 85 56 25 12 46 37 31 5 16 4 61 12 62 5 21 46 45 17 87 63 37 57 3 53 46 44 7 92 82 86 20 68 25 74 69 0 71 1 12 31 17 51 51 87 32 8 62 81 71 9 35 29 77 51 53 54
31 51 11 61 92 39 100 32 38 1 9 97 24 14 62 95 35 69 88 17 62 96 82 16 37 41 101 69 83 43 81 52 88 89 16 50 100 22 101 24 36 16 87 25 53 34 99 42 85 30 73 55 26 77 15 63 16 28 69 41 64 68 72 5 77 38 100 22 47 60 89 67 80 48 70 77 30 8 100 12 68 16 91 18 54 90 23 19 31 45 23 80 101 74 13 14 93 60 93 30
31 87 98 30 84 29 93 67 48 52 90 75 78 28 62 1 45 39 97 60 66 88 93 60 60 8 99 69 88 35 45 50 39 34 57 64 41 8 29 49 63 92 67 23 41 53 11 45 9 93 86 88 14 2 42 32 47 74 68 52 25 44 9 73 90 95 19 23 79 48 81 12 40 89 46 48 71 23 72 95 20 65 41 65 35 93 66 24 65 72 55 31 40 29 54 61 15 66 35 51
42 93 96 50 48 34 32 85 56 33 9 22 18 64 6 11 52 1 28 31 17 1 83 15 51 35 101 90 60 78 36 70 85 15 14 13 52 26 13 44 69 46 64 29 8 29 7 98 67 66 10 70 21 51 62 98 71 22 83 68 7 59 54 91 16 37 33 28 61 17 84 10 3 72 35 33 12 32 90 95 3 61 99 19 59 63 34 65 64 57 39 27 28 41 59 75 42 35 3 4
72 46 95 20 33 26 75 18 22 65 64 14 69 3 87 30 44 73 22 95 10 82 16 89 60 64 24 85 49 83 44 80 63 27 18 10 100 44 15 62 99 87 92 5 57 28 9 11 17 13 23 8 14 49 15 7 10 34 18 -3 7 43 90 14 91 26 46 41 21 89 14 40 72 56 77 41 48 59 89 80 61 1 6 10 14 34 47 77 73 69 18 1 99 32 54 52 28 1 12 89
23 24 32 96 91 30 102 70 64 22 28 2 52 96 55 99 41 21 21 29 87 9 48 59 75 65 24 75 21 50 37 48 5 66 28 3 78 50 74 47 26 68 4 97 24 41 20 57 83 73 54 92 10 15 45 54 28 80 79 23 66 68 101 35 22 13 89 90 24 94 8 47 53 53 8 30 68 69 8 13 92 69 15 39 20 35 50 12 4 31 33 92 25 69 36 68 99 56 78 53
100 13 27 42 73 -3 97 69 47 0 86 83 96 22 76 3 38 50 24 -2 26 67 5 9 51 92 54 17 59 26 5 10 96 30 88 61 69 16 74 20 45 91 20 80 57 65 12 67 86 88 85 80 50 67 11 78 51 67 88 29 93 92 29 93 81 20 37 18 40 30 94 32 33 76 28 1 38 15 99 27 55 17 75 73 44 68 78 -2 60 67 64 25 36 37 81 29 92 57 82 7
99 40 96 81 67 73 68 88 102 9 61 32 11 6 48 55 93 48 93 60 57 23 97 72 83 2 18 87 55 68 4 16 82 91 54 34 3 72 41 65 30 20 24 98 16 74 86 65 23 8 66 19 88 31 12 36 19 21 86 14 10 99 72 32 97 6 65 80 45 98 34 55 80 49 11 6 85 4 39 71 61 12 29 45 33 23 92 11 86 20 33 33 87 39 7 33 84 98 48 49
15 50 69 67 48 90 49 65 56 43 91 17 11 16 46 46 80 20 48 19 64 -1 24 28 87 35 53 39 13 35 77 74 48 9 96 61 76 67 5 56 100 64 50 39 62 54 67 60 38 52 18 81 83 80 97 95 99 64 83 43 95 32 39 89 9 22 93 78 65 50 52 38 33 4 58 61 9 14 84 33 64 56 80 71 56 32 28 66 35 89 25 20 27 40 9 16 37 58 4 52
31 35 51 46 79 86 40 55 15 75 33 55 26 47 9 34 42 69 42 13 99 84 11 1 56 95 61 17 20 66 99 17 70 18 64 50 39 7 59 92 84 34 7 88 77 68 39 89 26 32 25 25 65 44 59 32 71 60 94 36 83 45 52 28 62 29 95 4 96 10 11 59 69 1 101 66 69 14 64 9 38 41 85 66 4 63 76 11 20 29 91 8 12 81 57 54 94 59 45 65
37 28 43 62 101 72 81 69 84 37 59 69 80 22 17 3 10 96 79 93 53 13 99 45 97 62 56 37 100 20 6 62 9 -1 89 83 40 72 78 63 90 15 28 71 94 8 10 11 74 81 59 68 88 -1 35 95 6 59 5 34 45 54 68 1 91 58 32 30 58 75 99 28 23 96 67 44 37 17 65 44 63 46 45 21 100 79 13 72 70 89 45 20 14 22 56 55 93 95 101 44
39 94 82 45 93 24 71 14 4 95 48 90 40 85 15 56 39 54 4 67 11 42 25 80 39 62 95 29 89 21 81 20 7 60 49 76 19 37 46 58 48 50 61 99 98 15 21 7 71 23 12 30 84 5 24 72 41 33 92 5 58 48 54 33 89 59 14 9 84 44 61 29 55 53 47 91 26 7 43 20 46 39 86 37 45 38 18 63 12 30 52 51 71 28 65 33 82 71 92 90
17 72 18 61 21 18 6 34 97 96 61 14 89 47 42 22 49 46 57 51 5 77 13 25 82 74 9 15 65 32 43 92 3 93 48 40 65 51 56 93 83 52 68 3 18 86 31 84 68 9 82 41 64 87 10 29 62 49 54 64 28 48 46 33 12 16 30 54 63 75 95 65 88 44 87 13 79 75 3 75 35 92 50 13 63 0 58 55 43 35 68 69 22 -3 84 69 57 56 41 8
9 29 8 67 17 53 28 49 22 64 30 52 14 28 99 57 86 95 67 94 99 69 97 13 38 84 66 62 77 7 23 52 96 49 87 28 61 94 64 59 83 75 19 16 92 82 25 83 18 83 75 32 42 64 44 49 14 1 68 36 41 23 82 13 36 15 84 39 13 86 35 68 8 3 84 21 7 90 98 15 75 68 15 12 53 5 91 44 64 40 8 93 85 66 10 95 87 95 85 88
2 16 74 85 90 10 16 65 81 71 93 54 48 -3 99 87 29 15 36 -3 28 -2 28 16 64 35 27 58 14 12 4 38 65 61 64 82 42 75 94 43 100 10 47 12 76 60 30 22 63 96 63 34 58 39 24 39 42 60 59 63 79 70 17 51 24 -2 8 47 76 28 10 81 4 17 45 26 44 91 39 92 40 49 24 74 14 42 78 93 89 75 27 2 48 51 101 87 8 69 36 15
35 53 32 46 5 65 26 43 7 17 46 39 66 56 57 69 101 14 33 20 21 62 73 87 23 87 16 79 89 68 32 89 19 77 75 28 32 99 19 80 32 10 46 21 17 57 27 30 11 97 84 80 51 83 101 35 9 23 99 93 42 22 83 88 65 26 17 3 6 22 101 69 80 96 26 24 18 90 93 15 19 29 95 21 76 71 57 14 94 32 90 52 39 51 64 49 30 66 22 77
27 67 80 71 96 49 95 58 38 10 93 7 70 0 45 26 84 15 16 75 62 33 85 47 57 0 32 13 10 88 100 69 2 20 7 58 37 53 52 20 25 82 63 52 23 65 95 37 83 -3 9 46 30 54 6 8 23 37 61 80 84 30 84 34 81 37 4 76 17 39 66 31 49 46 75 79 93 42 77 48 59 23 67 9 101 89 2 62 70 39 88 36 77 87 39 80 33 20 28 78
79 96 97 55 80 54 3 86 36 75 21 74 62 14 92 44 58 17 71 51 31 37 96 57 52 88 89 40 37 4 51 56 93 66 21 84 88 93 9 18 51 89 86 4 6 81 53 60 66 13 13 43 47 53 7 99 27 62 76 43 101 47 70 91 82 4 101 12 73 76 65 7 12 2 38 19 5 80 10 94 16 19 100 9 11 2 25 45 17 64 37 41 13 98 41 65 68 29 73 79
11 15 86 -3 16 34 39 95 34 34 54 91 77 2 82 83 28 81 71 49 101 94 13 30 2 32 38 48 42 14 53 65 35 59 4 33 72 66 67 73 6 27 89 48 89 78 4 81 7 12 78 33 13 71 79 25 40 57 38 66 65 10 80 21 29 8 44 30 93 88 58 3 79 84 15 43 67 12 60 11 67 80 76 72 56 93 99 23 57 6 24 30 91 70 70 82 60 3 54 9
35 17 73 62 91 9 60 26 37 91 65 38 84 28 34 44 50 66 4 29 88 83 27 46 12 26 12 60 28 11 33 39 42 94 89 57 13 14 17 3 99 78 54 52 48 42 100 66 88 16 99 77 38 16 75 11 31 63 71 7 35 34 3 92 35 56 23 96 38 22 24 83 12 43 11 87 53 8 91 98 38 69 98 4 85 56 86 73 63 52 31 61 97 69 96 60 8 86 74 44
81 37 55 7 2 64 9 35 14 45 85 36 54 19 73 24 91 78 71 70 55 76 55 63 61 56 69 52 59 17 84 16 15 95 43 47 100 3 96 15 3 2 56 53 22 50 40 51 55 28 72 43 36 7 71 43 61 96 50 63 49 58 41 23 29 84 26 77 99 55 86 29 9 44 20 41 17 49 61 13 75 66 15 20 87 76 85 89 93 35 91 11 72 24 91 87 5 36 16 20
44 73 86 87 31 97 17 6 7 82 76 30 47 70 98 78 41 7 18 81 12 37 69 60 69 21 81 37 32 25 98 93 33 73 42 12 87 87 11 57 58 57 55 77 82 28 97 83 101 32 63 10 61 20 92 9 45 23 27 87 31 72 49 66 65 8 20 19 60 40 19 62 83 58 87 23 52 97 3 99 97 84 80 73 23 83 48 70 37 19 13 79 18 22 86 93 92 34 100 77
51 70 61 81 6 56 77 37 61 43 77 86 48 63 101 37 94 95 61 8 79 33 100 9 82 94 38 8 3 4 3 12 79 26 44 72 57 84 81 74 40 50 39 56 71 73 73 80 89 61 92 60 21 21 77 26 99 2 40 0 43 17 39 51 83 24 55 69 80 4 61 36 63 4 69 8 93 34 13 6 60 67 41 29 44 35 24 96 54 52 54 65 37 45 81 53 68 43 95 34
84 26 65 95 92 53 49 41 6 68 101 30 55 87 96 48 21 71 9 50 6 12 17 24 60 24 66 4 66 31 30 7 101 28 30 13 50 42 13 41 34 68 84 49 85 85 93 25 95 88 97 9 64 66 10 27 14 43 15 2 22 17 66 77 85 32 17 26 15 28 37 49 39 36 22 83 34 80 12 68 82 7 9 80 101 35 57 29 46 90 89 13 11 87 55 11 25 75 68 8
34 72 48 96 33 1 45 93 79 92 82 76 4 83 73 34 80 82 43 48 76 86 59 94 77 52 21 64 84 17 76 84 79 88 55 18 39 6 40 70 45 57 35 11 38 49 31 44 19 81 65 76 65 80 6 4 93 64 12 55 74 87 7 78 4 88 6 40 51 71 62 0 76 16 57 36 96 33 48 14 62 64 97 92 93 29 45 73 51 28 78 27 37 18 14 52 48 80 77 32
37 27 76 100 41 82 86 30 32 54 60 67 96 42 92 23 75 39 77 55 75 71 74 70 68 51 5 7 52 79 76 67 64 36 8 37 52 83 23 92 67 90 37 23 74 5 96 1 89 6 56 61 60 10 83 37 53 24 13 74 101 27 78 100 41 79 44 21 26 83 76 3 45 30 82 45 84 2 102 91 45 7 98 60 33 71 77 18 39 24 12 73 100 82 85 99 98 30 35 79
51 75 21 76 12 94 44 66 19 85 18 91 64 90 100 63 46 8 85 7 23 30 40 51 61 77 9 65 76 66 34 66 95 44 95 73 23 28 67 80 93 36 63 6 92 12 89 71 86 69 5 25 71 14 62 87 30 56 80 13 58 30 63 31 25 14 10 -3 64 70 51 17 69 58 87 -2 33 75 99 5 16 61 23 29 57 26 40 79 27 87 82 36 10 63 92 47 61 52 90 51
El programa tardó 99 milisegundos en ejecutarse.
