95 3 72 100 18 89 101 33 31 77 41 6 73 21 9 69 4 7 31 97 80 93 86 49 90 50 33 54 89 98 89 11 90 71 11 75 6 81 16 33 73 15 42 65 30 7 92 90 31 28 14 42 95 48 73 96 19 8 34 41 92 88 46 44 102 23 11 74 21 89 88 86 41 43 93 80 100 83 94 30 72 61 89 59 15 71 100 39 74 3 13 92 101 52 59 54 21 54 5 84
79 5 36 88 64 47 36 75 2 20 53 76 5 9 8 32 66 -1 68 13 33 14 74 57 5 29 94 91 42 36 75 45 73 86 91 6 76 7 59 59 76 86 66 43 32 61 3 56 11 40 87 6 41 85 96 42 22 37 84 41 3 76 20 9 90 -3 101 69 41 69 47 -2 3 48 9 24 6 18 56 68 78 26 5 64 46 9 3 89 40 89 59 91 18 51 31 79 69 19 76 30
10 89 92 54 70 39 82 11 100 92 101 43 33 41 62 63 71 79 77 37 89 73 9 63 60 24 15 21 73 68 55 34 97 52 96 19 49 11 82 100 82 86 46 81 63 30 63 77 99 30 82 57 35 18 62 24 51 32 22 61 93 19 88 95 86 73 27 3 5 57 99 63 37 46 27 54 92 78 87 5 95 41 29 62 101 26 98 84 92 55 14 45 70 98 61 43 59 71 81 20
28 19 36 6 94 89 78 43 18 68 10 83 47 27 46 -2 9 95 81 55 6 54 48 91 49 55 28 42 49 93 73 8 93 49 58 88 89 8 34 36 79 7 58 59 30 91 93 94 53 94 18 86 15 85 92 95 56 1 83 83 22 74 62 94 35 68 59 22 50 38 51 5 37 34 87 52 99 56 86 5 91 26 43 77 32 87 54 27 95 26 44 51 77 83 86 39 64 70 63 41
9 14 59 58 95 89 81 78 5 70 54 6 65 62 22 64 87 42 52 85 77 86 68 67 77 41 36 57 92 55 41 73 31 94 31 68 31 81 82 60 36 91 19 93 46 52 91 80 75 17 93 48 66 75 95 9 102 17 44 17 90 55 57 25 84 66 91 77 68 8 42 11 86 50 7 32 3 18 13 99 28 82 95 88 63 70 11 7 31 1 7 13 75 35 44 34 14 27 30 84
57 73 3 93 41 80 70 4 99 9 63 48 14 -2 12 62 98 47 35 16 41 53 26 16 11 71 94 92 64 18 60 73 94 58 96 45 6 29 51 8 13 44 36 95 58 81 8 80 65 73 42 53 42 18 76 92 49 91 89 49 6 84 89 80 55 74 68 88 34 34 56 45 77 14 79 7 92 39 32 41 66 73 95 20 27 25 97 -1 75 3 33 82 97 32 16 53 61 93 39 -1
100 82 63 74 53 68 52 85 24 84 40 44 88 65 11 91 52 49 15 55 97 88 35 42 72 47 58 66 67 64 75 95 90 43 52 53 21 80 9 83 37 24 23 87 5 88 53 86 36 63 79 89 51 75 99 88 47 6 97 37 73 66 90 17 18 79 65 43 7 81 9 93 17 26 74 31 5 87 47 16 98 56 39 61 35 94 48 80 59 49 61 97 65 98 77 91 71 35 79 6
20 76 51 12 93 63 76 42 37 89 17 2 6 38 29 68 63 0 69 64 24 34 14 54 79 76 60 62 68 71 16 37 29 26 31 76 16 19 11 7 95 39 54 69 59 -1 93 5 54 68 86 15 26 64 89 15 86 73 70 94 59 41 77 40 47 9 23 74 51 83 97 20 9 18 3 12 85 61 23 19 27 69 53 60 21 85 30 86 9 57 46 56 37 44 88 89 62 48 91 24
7 5 51 49 75 31 83 38 76 88 29 21 46 12 80 82 78 60 73 53 57 87 65 70 80 58 90 57 75 45 23 64 75 43 71 78 8 81 15 88 38 93 29 92 66 72 69 90 32 25 37 32 93 98 94 51 19 51 36 30 70 29 87 46 10 74 59 19 16 6 4 29 75 99 75 51 25 89 100 75 80 16 58 2 19 57 65 5 29 63 31 91 11 64 17 99 24 94 44 20
97 4 14 31 87 0 84 8 41 46 14 36 82 72 29 10 90 93 82 26 43 67 79 85 59 41 21 70 11 54 55 -3 77 21 94 2 4 65 22 81 58 11 46 77 101 11 84 48 58 3 46 39 101 0 73 47 22 32 16 33 93 45 2 21 45 18 10 11 37 43 79 96 88 67 58 85 60 80 88 1 25 29 6 34 7 71 88 15 18 31 84 78 92 58 90 83 40 4 12 71
60 26 4 50 3 96 23 70 33 78 70 76 40 8 38 70 27 38 25 6 72 55 57 69 31 22 54 30 49 79 28 34 6 97 32 64 36 67 9 100 45 61 60 9 7 8 46 60 100 70 52 84 35 40 25 82 53 22 21 84 28 86 73 93 7 51 66 9 19 78 11 98 20 19 79 40 26 31 92 25 85 83 101 91 33 98 71 22 72 85 98 37 61 25 92 49 44 2 63 3
36 86 91 20 29 34 26 73 56 -3 47 31 26 49 58 62 30 57 30 15 42 54 85 14 32 51 27 63 19 23 51 66 9 3 53 6 86 -3 10 -3 8 96 71 93 42 73 7 5 28 73 72 63 62 16 10 16 26 41 3 66 72 38 78 4 99 65 34 -1 52 17 92 96 46 17 8 53 45 57 76 62 85 8 9 83 89 24 90 31 53 28 44 57 98 90 76 84 43 76 30 43
71 87 68 15 40 48 23 34 81 24 21 37 58 93 33 17 93 74 21 23 4 22 17 65 9 81 51 72 12 55 41 75 29 44 58 22 17 60 46 77 94 32 31 10 71 68 66 22 26 80 83 4 17 3 87 98 6 100 8 67 87 95 39 44 45 93 42 36 59 65 56 43 21 54 61 25 16 90 56 33 21 10 86 69 92 88 19 63 91 17 88 88 71 83 68 77 73 19 99 37
8 44 78 4 7 45 81 47 68 25 74 5 16 3 26 20 4 77 84 60 89 54 41 59 23 5 65 36 45 38 86 19 14 53 18 89 51 67 69 -1 33 2 59 23 3 57 74 52 64 70 7 51 8 34 16 47 11 15 5 41 27 90 41 87 90 1 7 22 62 -2 2 68 11 56 66 84 92 93 86 18 85 54 21 2 12 92 81 85 95 84 72 68 6 16 100 35 3 93 82 15
61 10 96 83 98 26 57 64 22 85 41 66 93 69 69 99 32 75 64 66 35 17 56 21 98 3 50 92 90 92 91 76 91 32 57 87 101 54 102 52 71 88 102 60 42 54 7 43 84 11 19 17 20 60 71 85 82 21 101 59 90 75 13 25 62 85 65 61 83 39 24 67 13 15 4 68 75 67 55 23 36 55 26 48 32 70 7 54 69 19 91 6 15 68 21 73 16 93 78 50
37 79 47 48 85 18 64 33 95 74 55 61 78 17 4 76 22 68 98 31 75 6 3 63 35 51 51 83 19 46 60 16 76 81 87 13 92 10 24 11 67 20 64 25 33 48 56 20 20 59 17 1 44 3 21 61 90 37 8 -1 79 95 45 47 54 44 58 -3 20 92 3 86 41 68 67 29 77 17 35 73 65 32 100 83 70 65 100 63 31 23 92 52 83 39 5 32 11 11 2 56
91 28 89 55 9 11 18 92 101 44 40 41 65 28 91 48 69 80 67 66 81 21 53 33 69 78 67 25 41 33 56 78 32 18 52 100 71 71 4 90 85 33 28 74 75 90 8 24 55 52 41 78 24 61 64 61 11 48 35 77 89 37 25 7 74 37 78 28 48 65 37 69 6 62 66 62 9 94 51 73 57 49 91 77 19 74 28 7 44 29 51 51 69 61 101 27 77 56 35 95
99 50 65 51 62 58 92 7 67 42 10 42 50 36 3 38 38 52 101 9 97 36 75 6 9 71 90 34 73 8 52 70 76 40 21 93 35 41 14 71 99 39 24 87 20 73 83 37 32 71 51 49 66 67 89 55 24 41 76 62 45 91 42 46 99 93 74 32 57 42 20 96 81 39 41 71 43 89 80 23 15 96 28 5 3 40 28 -3 2 16 99 3 18 61 28 28 54 75 30 96
26 96 31 95 23 64 21 37 102 32 35 75 80 59 72 84 32 96 35 28 36 42 68 84 86 89 12 94 24 25 45 23 26 13 57 32 3 5 52 58 12 1 53 28 34 16 36 29 88 85 41 21 53 82 89 42 58 5 56 45 35 29 58 89 88 28 3 65 23 1 3 70 93 43 10 78 68 78 42 3 89 25 75 93 99 3 33 50 32 12 99 12 37 66 67 99 66 29 78 78
92 85 88 66 47 38 67 67 37 17 57 45 24 39 87 41 24 41 10 46 91 81 93 59 98 27 10 63 38 22 40 56 35 7 70 76 71 44 31 26 85 46 96 2 74 57 14 45 8 28 86 6 31 10 64 41 39 2 85 34 44 51 68 91 20 34 75 13 93 25 19 12 70 71 49 32 45 1 50 56 98 13 11 16 101 61 96 44 76 52 87 28 27 88 52 88 17 12 39 87
28 49 61 99 35 16 33 84 42 39 56 50 86 34 80 97 80 74 47 98 3 40 75 13 24 1 9 25 84 41 87 38 67 68 24 63 96 36 68 55 56 19 92 66 93 89 13 27 73 56 82 72 83 59 58 81 62 3 27 10 68 55 16 60 87 68 65 38 52 91 85 26 84 81 70 16 3 69 71 27 37 49 39 39 88 23 17 93 92 74 39 99 43 76 30 10 86 8 101 49
29 9 47 67 69 41 35 74 93 77 83 28 26 72 14 22 37 34 37 5 39 59 6 1 63 34 75 80 43 94 6 93 39 12 8 18 66 46 77 29 14 4 10 3 67 30 72 2 82 25 81 49 88 34 46 42 47 67 20 48 3 95 46 54 69 16 81 47 34 7 49 25 81 -3 24 84 50 3 85 15 100 76 69 13 76 52 68 11 83 93 44 -1 87 50 16 14 95 9 50 66
54 1 32 59 90 84 19 38 61 8 93 6 25 100 5 71 35 61 45 86 64 54 63 24 30 37 20 19 20 26 95 70 64 63 13 76 64 95 41 43 20 42 88 83 95 18 3 14 32 99 3 24 39 45 74 99 33 30 70 42 38 40 37 73 36 38 91 25 28 43 57 16 62 93 34 22 31 98 65 35 61 70 46 42 3 8 26 33 62 25 12 10 22 12 26 13 58 24 6 2
97 95 24 37 29 39 93 72 35 80 63 12 37 91 89 63 97 17 18 1 43 46 70 9 36 34 38 41 57 57 95 35 101 -2 13 30 99 0 99 10 22 59 60 40 33 4 39 35 47 16 21 35 13 18 28 60 79 18 4 72 38 33 78 12 22 94 30 25 25 86 33 82 62 58 43 53 27 81 76 30 16 46 19 1 65 17 22 74 40 86 62 13 49 20 53 86 73 95 80 87
16 2 45 19 62 61 94 13 87 81 78 8 87 38 85 50 43 96 70 71 92 15 32 71 76 30 37 60 86 71 54 54 27 40 78 30 63 39 72 84 66 5 59 72 69 92 75 37 49 87 14 92 102 73 21 35 53 88 12 49 31 45 28 87 90 47 47 64 70 39 39 75 44 15 44 87 34 24 51 33 79 79 4 77 74 22 52 30 12 59 14 11 69 51 10 74 56 72 9 63
99 57 91 61 71 31 55 84 68 94 23 93 82 76 88 18 9 3 12 61 44 67 34 69 10 77 84 29 69 51 87 52 60 76 29 78 53 3 36 25 61 0 29 9 50 16 47 89 94 90 35 3 95 65 52 80 20 70 10 49 68 43 2 72 46 83 43 87 51 50 90 51 4 55 21 35 20 75 33 44 15 11 100 94 74 0 86 5 28 24 17 48 101 42 33 93 68 51 32 11
13 82 49 100 30 26 93 79 16 37 48 95 97 60 60 80 6 39 82 34 82 34 47 71 82 60 8 3 6 36 41 78 25 94 66 10 64 65 20 86 5 54 46 68 63 70 92 52 86 83 8 98 9 40 8 80 54 99 10 79 76 73 27 77 96 40 38 86 11 7 41 84 88 69 53 28 29 77 80 55 82 45 95 60 15 35 60 22 98 88 21 22 44 47 48 72 54 88 45 61
59 48 42 18 101 23 19 94 10 47 11 70 44 17 88 71 6 56 26 66 46 2 78 86 39 36 79 2 82 12 15 89 17 88 89 44 63 28 93 4 70 81 10 67 50 -1 28 5 29 41 23 17 37 46 65 55 16 26 56 47 69 28 26 85 64 55 64 3 24 18 19 76 69 92 85 40 69 1 55 69 43 66 20 95 82 20 20 16 21 2 30 68 88 22 15 48 37 -1 44 63
56 72 64 27 66 58 8 2 55 30 41 78 15 50 23 4 67 56 74 90 100 15 68 27 102 31 27 51 35 82 93 69 63 18 63 82 21 54 16 77 60 44 42 28 34 46 83 65 72 31 10 57 18 23 61 82 90 26 78 21 52 95 82 6 15 14 97 53 45 59 41 56 82 92 86 19 63 4 30 34 23 61 57 44 14 13 69 53 5 53 54 83 36 23 40 16 11 2 92 1
52 36 59 27 23 22 69 78 5 7 33 90 60 68 94 95 79 92 79 78 52 59 23 88 69 3 21 9 59 16 40 35 57 88 72 82 90 58 96 33 99 81 83 -3 42 14 91 6 53 57 7 18 90 82 86 1 77 41 3 30 95 19 56 62 82 82 6 -2 3 64 27 79 38 82 100 39 61 17 71 45 52 31 97 59 63 23 36 82 56 12 8 11 7 35 41 14 98 51 39 83
43 67 63 1 15 48 68 29 96 34 94 34 18 81 76 72 51 87 58 20 36 27 49 91 7 44 92 45 89 96 58 33 9 73 48 93 89 46 93 2 80 29 69 23 96 11 6 62 53 6 39 65 57 90 95 22 102 63 18 14 35 97 29 100 24 46 5 39 86 76 88 75 5 17 96 27 34 31 85 87 89 36 23 21 84 16 79 42 20 97 95 40 36 97 6 17 39 79 86 85
13 68 81 92 39 74 20 48 11 2 54 59 27 33 67 25 29 38 8 29 34 72 38 35 37 60 53 14 80 -2 56 44 7 32 50 30 79 30 27 62 88 53 42 1 44 89 44 88 19 75 18 25 30 31 3 -3 5 92 6 93 15 13 97 49 101 0 78 88 17 28 47 81 80 66 30 1 96 57 55 19 69 78 39 33 84 9 5 96 6 53 36 83 42 50 39 88 21 25 40 40
44 63 95 96 58 48 37 17 29 43 74 14 94 55 93 88 80 83 74 19 25 28 65 71 9 57 16 9 5 94 13 98 66 96 31 92 78 69 37 82 101 77 12 37 40 69 16 15 37 5 26 1 99 85 83 9 52 90 45 8 44 46 3 85 61 47 52 38 30 88 4 70 43 59 18 64 41 13 102 49 79 96 61 34 89 11 9 96 66 69 32 90 59 59 10 69 43 63 97 65
12 40 69 43 36 87 91 8 99 64 78 43 12 36 92 42 58 13 61 40 92 18 6 6 90 14 10 82 63 40 86 81 35 6 17 68 14 43 28 16 98 -2 98 37 42 4 91 35 95 -1 66 85 38 67 72 57 20 30 67 4 38 67 87 24 47 53 95 9 92 69 83 36 29 94 64 8 2 9 64 37 44 31 81 14 16 35 87 82 11 70 57 23 85 79 94 7 81 44 58 90
21 4 74 64 49 1 73 93 18 85 50 82 72 50 49 31 13 83 75 14 87 27 39 71 7 54 47 31 35 52 31 61 68 10 83 70 63 91 83 91 89 77 44 99 57 87 73 20 76 56 48 11 13 88 26 39 83 17 60 73 69 91 98 76 20 68 19 89 34 79 20 39 5 83 49 66 100 41 23 73 36 83 70 76 29 70 5 67 92 96 91 59 36 3 20 38 9 56 69 9
10 34 90 67 75 96 48 38 65 38 59 5 44 69 30 38 86 34 63 9 65 71 27 5 28 32 73 21 73 70 3 89 90 39 29 17 92 91 9 52 44 57 91 29 42 50 55 8 18 69 54 64 53 79 92 31 56 64 13 59 30 84 86 23 94 46 72 45 16 11 99 1 41 35 45 12 51 21 34 18 39 50 73 93 28 10 89 46 46 38 66 17 83 0 21 87 80 89 53 87
84 7 44 84 89 44 74 4 88 45 80 23 58 75 69 2 101 60 57 19 72 42 45 28 50 59 22 59 71 6 23 35 46 75 93 39 82 46 83 47 8 35 100 89 24 75 78 5 74 77 58 16 95 79 84 21 14 44 97 16 12 73 94 17 24 52 28 45 50 28 81 56 71 17 13 55 101 2 86 66 13 77 96 18 53 12 10 6 9 49 80 8 56 5 17 52 100 5 79 11
36 5 58 82 33 64 73 68 58 95 5 12 43 36 43 17 52 84 30 56 18 29 61 12 69 25 71 76 24 57 80 2 18 1 92 35 64 -2 30 94 91 11 90 18 74 47 11 77 98 5 45 42 6 16 65 45 63 20 92 39 53 54 41 9 41 1 68 95 87 79 3 95 65 35 66 72 45 64 34 74 43 23 91 53 72 15 36 64 50 53 11 80 2 15 45 4 82 72 39 81
46 51 92 92 86 66 91 4 100 10 77 8 64 60 5 84 29 70 61 31 26 67 31 73 42 62 77 61 41 96 97 36 94 87 4 98 92 76 33 6 83 70 76 99 59 31 11 14 102 11 7 70 80 58 18 56 97 15 65 68 52 5 79 13 18 91 13 29 78 51 89 19 62 55 102 51 80 41 40 42 68 82 99 81 22 23 29 31 92 79 67 99 21 85 93 35 71 90 38 99
38 5 10 -1 79 45 43 -2 82 54 65 19 2 29 101 48 46 88 51 45 101 92 57 77 91 65 71 27 44 71 47 52 35 58 67 50 20 1 23 15 94 30 74 28 61 77 46 2 7 6 80 31 46 51 62 -3 31 60 48 20 59 50 95 37 94 6 26 37 12 51 29 7 26 45 48 63 80 71 70 72 31 27 10 40 94 17 101 25 48 9 62 34 77 34 69 72 22 37 65 68
49 55 81 76 91 76 88 59 13 89 85 98 45 40 58 32 100 77 63 77 24 70 83 27 51 48 75 70 55 78 101 76 37 42 13 60 56 75 44 24 73 48 66 39 34 9 7 57 64 14 7 75 79 5 60 32 80 48 42 56 26 32 52 22 66 30 90 52 20 11 88 24 23 70 78 37 26 62 82 4 19 20 87 73 66 38 9 63 14 4 55 48 59 91 23 50 13 17 40 96
12 91 2 65 73 34 13 73 97 76 42 34 37 13 97 70 75 83 6 1 58 58 4 23 88 30 9 35 58 29 21 33 24 46 92 24 16 88 61 85 5 17 5 68 71 0 55 74 81 50 22 47 25 60 74 46 8 58 36 88 39 91 5 79 50 2 27 75 70 52 98 64 44 65 91 72 8 38 89 68 99 22 67 51 92 71 44 82 36 55 11 44 16 -1 88 90 73 13 6 70
72 75 13 19 28 8 95 95 61 48 72 22 76 7 75 15 98 41 17 72 9 84 14 22 77 51 29 3 61 99 47 34 66 94 40 34 96 22 78 3 70 27 65 11 4 72 101 81 57 75 80 2 3 77 98 66 54 67 11 53 88 4 100 70 47 46 35 84 51 16 98 76 47 21 95 84 58 46 51 83 3 63 79 31 81 95 32 56 76 76 29 64 96 8 91 23 6 77 67 45
6 62 47 91 31 81 53 27 62 4 37 88 54 94 32 13 59 71 53 2 39 86 101 17 62 24 83 31 9 86 30 39 80 87 31 62 77 89 20 86 75 22 50 92 6 31 54 67 3 16 54 1 7 21 7 91 5 62 72 39 10 12 99 20 90 51 55 73 61 57 11 70 2 0 63 5 45 74 12 47 46 5 89 76 30 30 45 76 4 73 94 93 65 3 82 52 95 82 55 61
18 97 58 23 40 68 62 4 94 85 12 63 35 32 10 83 93 76 25 58 59 60 69 6 102 61 28 47 47 28 37 24 3 82 99 85 29 68 93 66 72 2 93 3 97 55 19 3 91 4 74 93 55 72 66 2 85 62 32 91 76 12 51 25 74 69 10 18 55 9 44 75 95 22 70 10 40 1 63 5 25 79 77 45 74 78 92 39 31 55 88 46 93 58 89 68 8 12 53 19
50 0 46 9 85 60 82 51 65 61 33 89 26 4 41 5 15 7 7 7 30 35 52 19 29 91 100 51 26 10 48 70 44 51 101 91 16 82 79 45 19 44 3 92 2 7 76 80 47 64 69 88 5 82 39 11 87 7 45 91 64 2 75 37 13 56 34 20 79 11 16 73 58 14 85 75 11 2 10 56 83 24 89 4 87 89 36 36 25 23 62 19 53 45 94 45 81 32 67 69
71 4 99 57 43 98 16 87 57 27 28 39 82 91 29 33 20 42 48 12 63 94 62 54 28 60 102 29 26 84 29 92 14 19 24 26 61 74 63 100 15 63 25 70 75 46 12 2 90 6 64 44 15 18 53 59 64 63 97 66 18 57 75 41 98 41 73 50 69 35 61 26 79 17 6 19 14 67 66 60 81 61 54 62 49 8 85 59 41 67 87 79 86 76 46 42 45 4 9 54
64 24 67 6 31 -1 87 52 50 22 86 24 50 33 84 53 64 47 21 54 21 63 6 17 5 48 39 58 99 48 10 84 78 47 51 71 47 51 37 70 38 34 28 94 37 83 62 53 4 2 35 84 67 66 74 5 10 39 19 19 50 15 28 2 95 57 96 77 8 62 39 26 52 21 18 48 87 75 101 18 83 30 30 81 73 43 60 73 32 32 37 25 66 35 64 75 100 2 36 11
58 55 75 5 46 14 97 5 10 21 16 66 46 41 88 90 24 11 87 57 66 48 88 23 65 80 76 28 45 94 16 4 71 53 40 3 23 46 80 74 54 6 39 5 50 54 34 75 81 18 54 76 50 61 83 70 4 1 8 83 43 73 71 50 52 22 77 60 41 28 53 74 15 78 68 30 72 21 43 90 97 91 90 89 90 69 60 61 99 32 49 67 92 43 41 97 56 87 41 90
36 89 86 28 62 28 27 -2 40 27 51 35 45 73 22 30 92 62 3 45 61 83 11 5 16 91 98 7 39 3 83 40 76 89 69 32 94 29 67 70 93 60 11 80 83 14 81 -1 27 42 2 94 71 90 36 71 37 65 13 -2 33 56 67 5 31 16 82 -2 17 57 79 35 58 63 53 61 37 52 20 47 17 29 23 69 61 48 24 24 67 37 31 51 36 55 100 14 78 43 80 61
49 82 38 2 64 48 90 53 11 60 66 25 53 39 17 37 40 17 93 12 30 34 86 95 42 90 98 90 30 92 13 3 44 43 70 75 64 3 32 22 24 75 95 12 27 38 40 92 27 8 52 66 4 54 26 73 85 78 71 1 78 14 61 78 56 91 48 3 102 65 37 56 68 2 30 21 100 77 13 26 25 38 16 51 92 52 86 81 12 74 37 71 74 30 4 3 10 22 10 7
93 69 81 61 95 92 67 82 92 -1 95 -1 7 72 29 11 19 3 58 85 83 67 56 76 31 50 6 36 7 44 96 53 26 72 55 37 30 92 23 90 90 12 89 57 38 23 25 72 50 38 9 1 93 35 97 4 49 64 38 13 58 90 28 68 100 49 82 29 98 70 12 33 92 49 66 49 12 37 6 27 32 52 8 62 17 94 16 -1 60 10 10 65 32 14 88 31 78 58 68 39
95 14 40 91 64 88 18 92 18 46 46 92 66 85 89 49 88 97 77 71 15 8 42 12 38 58 51 49 75 16 71 57 60 13 33 19 33 66 34 42 33 6 23 41 101 90 33 9 86 34 82 91 70 86 45 34 28 99 13 2 55 79 96 90 100 5 87 1 100 55 8 20 42 2 75 22 56 70 76 41 71 95 37 55 29 68 48 13 26 70 73 67 73 88 20 63 15 16 41 85
77 23 61 24 74 39 81 39 59 87 45 63 25 13 37 32 80 51 30 60 82 64 18 19 28 3 34 0 60 37 72 60 52 59 98 4 72 92 68 11 26 51 16 46 27 70 79 73 81 36 88 -1 56 92 45 -3 47 92 18 68 35 38 31 82 76 78 80 23 83 41 37 6 45 75 97 30 47 96 99 3 54 51 25 42 13 36 98 56 87 6 35 2 90 74 79 68 77 92 29 74
75 78 21 45 3 14 35 100 74 17 30 83 18 38 66 24 57 63 45 80 74 25 52 4 63 55 69 78 97 90 58 17 76 85 65 94 25 72 50 58 59 8 91 52 30 23 96 31 84 21 62 85 53 84 85 18 36 3 42 69 55 26 19 16 47 2 34 18 51 94 101 61 89 2 5 47 70 59 29 88 64 15 58 89 79 70 74 84 28 79 55 24 42 75 83 44 65 62 41 28
23 29 57 35 89 85 23 94 38 46 96 35 39 52 13 68 13 5 76 63 98 87 26 56 25 65 42 72 46 75 3 67 11 62 20 59 39 56 101 74 81 23 58 67 59 61 53 68 67 84 89 37 85 49 14 88 91 79 39 18 86 54 24 28 53 25 44 30 27 64 73 57 43 30 49 52 31 85 35 5 50 3 95 82 66 53 10 3 10 34 15 79 24 22 96 75 25 75 5 88
15 23 72 21 41 52 40 21 99 48 70 34 56 52 33 15 42 80 71 68 22 31 91 35 36 90 33 12 40 79 81 59 41 99 59 43 64 35 23 43 48 9 63 97 67 92 93 21 44 7 58 40 48 93 66 34 47 23 24 55 62 12 56 96 44 79 96 63 3 82 39 63 35 75 83 46 92 5 42 57 77 84 22 49 36 63 49 46 83 66 17 63 54 13 63 94 8 18 21 38
98 22 4 32 40 6 56 48 15 20 64 27 73 90 95 49 13 94 11 0 25 62 22 52 46 26 34 83 34 23 66 27 20 51 87 92 48 80 87 44 88 9 40 30 80 57 22 49 89 96 60 89 12 28 44 75 33 13 90 82 44 92 96 30 62 45 87 47 51 36 94 7 28 58 31 86 71 67 100 9 54 69 45 44 46 14 34 81 90 30 47 42 96 23 65 96 74 49 56 -2
77 95 82 51 54 15 14 30 78 32 61 20 26 98 82 96 45 31 76 46 19 94 49 50 36 97 6 17 10 65 40 85 44 55 35 36 42 16 15 94 52 42 66 58 12 45 7 3 99 65 84 90 18 15 25 24 69 53 41 93 101 56 35 45 41 63 35 39 12 81 90 53 53 97 33 14 97 96 54 62 68 55 42 55 77 12 78 73 59 23 20 74 61 9 89 23 30 71 5 12
27 -3 15 59 54 12 86 0 54 0 60 89 98 61 52 72 94 3 90 42 49 48 81 82 12 87 7 74 73 27 73 73 35 58 11 31 81 86 27 24 91 68 87 78 62 89 21 93 27 58 59 15 12 68 43 92 34 38 98 30 94 16 73 50 18 89 90 37 73 58 37 42 4 52 79 26 23 1 61 96 55 38 50 10 22 84 6 5 38 89 34 38 49 77 55 2 76 39 23 31
62 27 100 85 71 95 36 40 32 93 23 71 78 4 90 31 51 91 97 80 73 6 45 82 33 100 34 11 39 76 38 3 87 59 49 62 64 71 18 20 37 54 49 78 33 1 65 11 89 2 28 54 44 48 29 73 9 92 51 56 90 97 40 43 33 63 48 43 89 80 74 14 30 6 58 86 44 27 61 30 101 29 87 34 71 75 97 24 65 31 76 66 31 100 62 57 84 52 84 16
45 41 91 58 13 9 44 83 84 64 23 -1 90 60 42 67 58 51 32 -3 89 84 16 38 61 36 31 80 12 42 95 93 21 34 76 74 88 43 19 59 79 94 36 23 101 85 88 75 3 5 89 13 77 3 67 36 84 30 66 41 90 -1 20 56 99 40 54 53 74 66 53 64 20 78 33 38 40 19 101 72 11 71 98 52 56 90 76 63 40 76 98 16 22 62 69 81 99 28 98 3
48 42 67 39 12 17 32 19 25 80 27 52 56 6 12 16 44 46 36 99 64 14 21 49 4 44 28 40 42 65 82 4 11 53 29 31 37 92 89 70 53 63 93 54 51 84 67 73 23 88 102 31 64 73 53 54 13 12 75 85 34 29 52 78 81 84 95 72 59 71 90 92 6 74 46 9 50 59 75 81 53 48 39 50 35 3 45 92 13 34 40 96 83 84 39 11 10 85 54 55
34 4 50 18 66 53 14 56 75 22 39 85 86 50 84 24 85 72 90 27 94 19 72 20 38 47 78 72 23 84 17 36 63 78 60 25 71 53 94 28 70 1 93 78 39 43 46 46 96 38 82 40 30 3 41 63 53 6 68 86 89 30 18 90 55 53 28 23 78 11 60 19 67 64 65 48 53 32 18 49 3 95 75 39 66 37 62 74 70 29 39 91 5 35 44 43 24 64 79 6
69 80 5 23 98 78 69 94 13 62 22 7 6 98 87 22 24 27 43 92 37 39 65 66 20 68 97 78 10 34 55 16 68 45 94 50 13 54 15 22 65 93 78 3 93 59 16 34 42 68 58 78 46 72 84 41 72 49 62 25 17 90 47 15 93 16 62 18 34 66 57 11 81 50 95 82 7 24 89 93 36 44 54 18 94 8 53 78 57 6 26 18 96 54 63 20 26 98 21 28
31 48 53 67 28 42 92 76 23 27 36 93 79 9 64 5 74 78 26 33 17 7 101 36 25 3 100 24 11 6 92 79 26 56 56 35 82 58 40 93 59 6 82 76 19 36 68 91 90 41 61 79 64 70 84 4 39 4 67 73 81 22 77 24 11 10 29 90 47 34 29 92 101 3 69 81 8 44 57 12 88 41 36 19 11 43 31 84 70 25 2 35 99 31 36 14 5 6 82 3
15 96 63 29 69 34 102 64 65 92 40 88 29 27 12 57 49 58 71 27 18 15 44 30 37 34 5 6 29 27 45 4 42 83 71 76 88 41 20 7 59 64 62 7 67 68 3 63 28 68 26 9 40 72 8 49 65 42 28 63 4 76 44 64 57 45 63 23 8 17 95 86 23 16 59 75 73 29 84 1 83 54 79 44 82 75 100 38 84 35 23 11 80 63 34 38 86 20 87 58
27 5 49 31 86 14 27 51 65 29 17 41 70 15 45 74 10 3 48 68 69 12 68 94 87 79 21 84 5 53 27 86 52 72 6 46 38 22 30 45 77 72 4 37 35 20 80 18 92 16 62 66 43 95 13 78 10 33 44 58 27 62 21 95 81 53 57 5 8 88 11 -3 45 46 59 82 3 38 14 14 82 14 13 33 71 22 13 46 87 69 49 80 97 80 100 5 6 72 57 24
79 84 56 26 19 3 19 35 98 47 101 19 47 71 49 17 88 8 97 56 41 56 17 72 25 71 64 79 53 59 52 34 22 43 53 61 101 13 63 34 80 19 102 98 6 51 20 93 40 82 45 90 23 59 91 88 39 35 64 33 29 86 17 63 56 55 6 45 15 99 71 73 16 76 94 89 3 90 46 88 67 10 9 67 96 77 54 99 67 69 31 1 14 65 33 88 37 56 50 22
87 44 98 67 67 29 95 34 3 65 95 8 90 82 46 38 29 71 12 71 34 27 12 89 61 24 81 65 60 54 3 65 63 65 80 76 12 82 26 88 9 26 93 13 42 70 81 49 31 48 10 4 4 27 44 91 34 54 68 21 4 95 42 47 48 69 57 14 79 14 83 6 8 3 58 86 10 78 91 80 92 30 72 51 17 54 39 91 60 30 62 33 87 18 98 90 65 76 26 18
22 31 52 92 39 93 57 64 12 38 20 57 67 91 65 7 81 19 9 25 14 6 75 74 48 75 87 96 48 45 23 35 101 9 31 43 86 21 91 54 90 16 11 49 70 79 88 82 71 18 4 33 23 96 51 39 64 37 49 47 50 18 18 6 12 95 91 58 4 79 6 22 38 65 77 31 7 8 94 45 57 41 87 84 102 15 93 48 82 74 34 89 91 17 49 27 16 2 57 27
59 39 20 57 45 79 76 30 21 31 19 49 62 81 18 77 10 16 3 24 79 4 93 87 8 36 72 82 15 41 7 71 99 37 93 10 74 94 36 35 74 73 58 15 39 95 81 4 33 77 63 39 49 23 9 47 58 85 40 43 38 -3 13 10 46 32 97 -1 52 81 78 90 39 57 47 9 72 51 21 1 87 79 20 39 11 2 38 24 19 24 2 58 59 84 88 34 20 35 36 -3
99 8 91 57 36 85 80 74 10 47 15 68 55 46 14 41 46 62 91 91 36 62 33 97 40 75 68 22 80 44 73 11 71 79 5 55 74 10 50 59 17 4 61 63 39 79 21 11 55 26 27 2 78 41 85 89 92 17 21 64 95 91 90 85 36 52 15 82 32 82 14 8 53 42 101 80 49 47 27 16 48 52 84 14 34 90 66 31 74 9 73 38 40 48 75 57 73 34 14 10
60 68 80 37 78 30 62 0 2 73 21 49 49 31 21 0 19 63 41 70 5 68 68 82 11 24 27 4 88 22 49 28 3 37 30 70 83 95 26 5 65 70 21 31 40 67 2 17 22 32 64 57 8 54 49 17 77 13 91 51 73 80 18 21 52 31 49 62 38 27 19 77 99 70 16 80 10 24 84 66 57 76 21 79 74 82 57 61 44 40 17 56 66 10 74 43 21 -1 97 82
77 40 34 66 53 18 38 62 49 48 50 12 61 23 17 60 55 99 68 6 51 61 43 70 58 78 66 43 46 37 97 4 97 21 65 42 60 46 57 17 52 79 51 91 101 89 71 45 77 45 43 86 88 56 4 79 10 43 93 95 13 38 49 16 93 52 89 16 79 28 5 60 60 19 88 91 18 84 51 60 89 87 17 6 45 87 65 15 6 37 5 83 6 14 73 84 7 13 48 44
47 0 21 61 17 93 7 7 87 91 19 45 21 30 94 61 77 43 82 51 22 37 100 72 88 86 70 1 8 31 70 76 65 60 23 91 58 73 25 65 8 20 15 57 86 -1 90 12 2 43 83 54 26 -1 75 45 98 55 17 1 100 61 15 44 97 38 3 46 12 74 76 28 14 36 53 51 82 93 75 48 21 25 78 29 99 76 74 19 77 34 76 56 44 58 39 34 11 42 47 37
48 31 90 65 16 62 55 32 49 14 65 15 57 98 94 23 82 98 84 29 19 72 39 35 19 24 90 29 33 98 85 95 25 55 87 15 61 62 97 92 22 84 16 32 30 89 28 19 51 41 41 4 46 43 87 59 93 26 22 33 26 13 57 77 85 56 6 11 23 94 91 14 31 20 69 71 51 49 38 95 14 69 75 99 14 16 87 13 36 92 45 71 102 98 14 40 57 57 55 90
17 46 85 59 16 5 93 25 40 44 49 72 34 51 61 24 31 0 2 51 42 90 85 66 50 68 36 95 99 42 77 50 38 35 94 18 67 7 73 37 74 12 85 16 76 45 17 22 17 60 35 53 90 64 85 76 100 13 82 31 53 53 62 44 20 90 49 44 92 95 11 8 49 3 30 31 81 64 6 43 71 8 89 75 14 59 18 22 95 48 57 11 32 63 61 57 28 93 74 47
7 16 61 79 86 78 11 13 63 7 81 73 76 62 62 61 15 8 29 78 6 29 10 47 31 28 40 55 72 40 90 5 50 53 79 93 37 7 101 94 28 84 37 59 25 99 54 42 83 12 6 47 59 58 54 52 59 12 50 19 39 100 43 75 30 62 7 33 43 26 65 55 30 99 9 99 72 70 19 3 58 77 74 11 97 57 14 65 102 94 33 48 68 44 56 77 87 87 82 35
94 75 8 17 36 21 75 8 7 94 17 34 5 48 10 52 59 18 97 57 11 47 40 39 28 58 3 52 86 17 58 50 31 13 64 -2 31 19 101 60 59 23 18 42 19 95 89 48 89 27 90 -3 7 82 89 37 36 16 21 89 35 89 70 47 58 93 2 54 32 76 94 0 18 84 2 45 54 82 48 46 65 57 80 10 18 82 27 68 94 35 26 36 21 66 10 92 91 25 62 81
43 74 96 33 90 95 10 41 75 13 86 2 61 41 99 91 43 93 40 29 54 1 71 70 85 93 33 9 31 31 11 26 24 61 88 91 66 55 102 48 40 54 71 10 23 24 94 14 27 6 68 79 3 78 22 66 3 36 87 17 49 15 27 13 91 94 36 76 34 17 53 30 3 27 95 96 80 86 29 3 84 13 65 87 80 87 65 19 10 86 71 38 14 2 13 24 36 55 48 85
94 33 62 94 41 87 34 96 77 45 99 90 25 33 64 67 12 65 26 62 43 51 13 85 35 48 21 73 79 23 58 72 18 65 98 49 13 63 47 -1 31 25 84 33 21 10 82 74 82 93 30 40 100 3 80 20 33 27 23 32 36 72 47 59 18 81 62 57 34 77 89 67 12 10 14 17 84 92 43 88 9 -3 75 66 40 19 2 89 29 91 82 49 21 67 69 23 52 9 72 39
82 35 56 31 51 54 67 27 83 76 25 54 70 26 33 49 90 78 33 22 71 100 71 31 66 19 19 63 47 11 89 97 22 5 51 64 70 92 88 99 74 43 35 26 30 12 82 7 95 52 27 28 73 36 98 6 66 32 17 39 51 51 44 38 67 58 83 30 45 11 41 48 64 54 12 59 14 97 53 41 81 60 47 50 88 94 71 68 60 14 25 93 9 43 15 70 54 100 80 14
80 1 74 69 93 35 45 -2 88 42 14 5 43 12 96 8 3 43 80 87 21 73 77 40 65 70 7 73 46 41 30 91 23 75 23 11 52 22 32 26 80 7 69 26 73 4 72 -3 57 61 7 95 85 74 45 30 87 74 78 43 65 6 58 46 91 68 22 27 6 90 43 92 9 1 81 13 86 9 43 80 85 40 55 52 92 82 27 90 15 19 66 4 43 32 9 65 29 5 57 87
65 47 26 7 59 7 33 35 99 23 64 38 90 77 11 73 64 69 52 36 43 34 65 6 102 35 74 5 97 69 40 8 61 19 29 31 54 97 98 79 13 11 94 10 34 31 29 50 99 8 25 67 12 33 4 89 54 58 24 45 65 87 92 84 66 1 53 26 87 6 47 85 39 6 62 3 61 65 36 37 98 37 84 31 43 5 75 36 40 91 89 10 62 76 80 88 21 87 20 88
44 93 73 52 32 2 44 80 42 56 71 16 9 5 86 69 84 89 61 87 74 73 42 68 17 74 54 51 99 54 78 28 80 68 45 20 62 6 69 14 42 80 39 34 4 78 26 26 90 10 11 37 27 56 24 2 54 30 20 5 93 73 24 95 98 92 85 21 2 69 47 27 15 73 95 13 71 28 65 45 18 94 22 -1 30 49 82 52 90 82 36 15 19 18 50 73 66 56 69 9
49 94 31 88 28 63 58 32 41 99 97 26 55 62 57 44 4 40 41 39 73 97 36 65 60 33 22 59 55 54 59 83 56 18 87 10 95 84 34 98 33 44 31 72 71 98 85 30 8 89 89 62 33 3 69 49 16 90 74 21 100 74 48 34 13 75 11 4 60 62 87 81 31 41 11 2 93 89 47 88 27 4 7 70 72 85 80 9 99 14 40 24 96 53 44 47 27 33 51 21
82 80 13 29 74 88 43 49 7 51 43 1 72 85 3 16 62 62 97 73 38 94 93 38 2 10 69 88 42 80 68 41 62 13 57 55 92 60 67 22 83 15 51 37 8 46 85 70 89 33 61 50 18 47 31 12 87 47 92 57 83 45 15 -3 78 35 40 -2 38 52 35 44 26 93 64 78 8 4 53 22 99 0 64 -1 35 77 68 29 86 30 72 16 18 11 41 82 64 -1 18 51
73 85 29 64 52 18 54 99 36 52 13 45 84 64 26 81 84 94 59 26 96 37 43 96 53 89 23 33 101 22 73 1 55 1 90 55 89 66 65 48 42 5 24 48 90 99 87 89 70 21 52 6 82 94 11 78 46 82 20 94 32 79 10 75 68 30 91 75 102 46 26 87 102 19 67 97 49 4 30 40 43 70 62 15 21 79 87 54 50 18 57 48 17 67 102 48 68 33 16 20
44 73 92 15 65 93 36 20 35 28 28 65 57 -1 68 96 64 7 37 59 80 64 25 34 90 41 40 42 53 92 70 13 37 5 8 61 35 37 57 67 51 68 18 47 57 33 42 18 25 79 58 71 5 -1 20 23 69 24 26 77 68 43 26 37 63 63 100 46 72 11 29 65 26 37 89 48 87 65 94 74 89 12 83 -1 61 79 89 82 60 91 71 16 17 89 76 49 98 11 89 25
25 49 95 32 57 14 10 8 28 32 47 61 60 42 7 32 96 60 18 2 12 27 38 65 21 86 23 69 61 50 30 30 82 52 33 79 60 70 72 21 56 66 34 32 13 4 36 71 34 13 33 13 80 69 91 75 82 7 91 49 84 22 79 17 52 63 76 80 56 64 65 85 26 27 31 29 93 90 73 41 68 7 31 66 26 11 89 93 88 89 65 12 25 71 83 92 67 17 51 30
76 23 66 35 88 2 95 85 20 82 11 74 77 71 38 -2 33 2 88 15 32 43 47 75 80 94 92 4 11 43 52 42 94 86 70 32 18 81 50 3 37 52 71 59 68 20 92 63 55 -2 80 85 62 44 51 34 48 51 4 11 81 90 33 82 84 28 27 47 76 9 75 7 61 43 42 77 40 67 40 42 83 -3 43 90 51 95 7 27 93 63 25 25 52 58 21 95 101 50 17 96
98 7 35 64 82 18 69 3 76 98 75 20 38 50 34 14 96 59 3 78 55 67 61 24 94 86 64 97 90 75 51 91 98 80 30 97 69 95 47 89 61 38 89 54 94 50 92 80 40 82 41 7 70 68 31 54 92 22 93 49 15 61 79 1 11 91 65 58 15 53 57 20 22 80 56 3 23 90 73 65 23 77 33 30 25 56 13 94 7 75 25 6 21 66 53 77 47 22 56 92
94 12 11 54 97 0 36 47 61 7 10 89 48 94 2 22 30 1 100 7 51 36 71 43 12 9 83 52 81 77 48 39 55 88 36 19 24 34 6 61 9 87 97 76 89 60 30 57 26 15 99 52 92 70 88 48 61 84 48 18 63 22 70 80 32 22 70 -3 58 37 15 80 44 51 95 91 4 84 9 25 100 96 39 80 84 85 38 90 39 60 101 70 48 17 4 63 81 72 92 74
15 11 65 26 71 12 68 45 89 50 38 12 45 43 16 97 19 76 88 69 77 52 29 33 63 8 89 8 50 23 79 91 31 17 14 23 87 16 39 92 43 81 23 80 31 48 49 15 5 49 23 37 38 70 15 62 85 10 38 81 57 1 73 12 64 59 13 81 81 52 77 88 78 80 26 98 6 67 85 66 74 14 94 96 38 48 40 17 59 62 98 54 13 46 95 58 3 48 55 65
48 44 4 35 29 48 19 68 27 65 98 4 9 61 83 74 67 40 101 20 28 51 14 33 56 77 63 11 12 14 59 2 43 3 31 87 13 66 75 9 7 28 42 68 98 3 98 69 55 96 60 75 97 15 39 59 16 16 55 95 99 51 74 34 37 71 11 41 93 66 77 23 88 56 8 28 13 93 88 69 45 5 10 66 14 16 46 89 2 91 74 35 100 51 13 52 22 16 29 86
81 59 56 33 47 30 15 95 13 19 90 49 7 19 80 31 83 93 89 38 15 15 60 78 5 12 102 2 30 48 8 72 55 57 50 1 19 51 27 25 75 74 92 40 65 52 43 14 97 85 65 18 85 41 10 9 90 18 65 72 69 35 39 76 15 62 98 21 50 64 93 82 45 7 30 83 60 55 76 92 3 40 27 38 41 96 39 29 93 4 31 53 4 93 49 42 49 37 43 88
69 50 7 91 21 42 7 51 27 69 22 76 80 90 97 88 92 86 48 17 97 87 60 77 44 47 74 96 33 20 76 22 95 93 10 49 55 74 34 43 7 45 93 87 59 4 25 85 45 74 37 56 55 73 5 23 67 65 78 33 57 84 95 16 58 18 88 20 83 37 96 58 71 41 84 1 48 8 52 7 40 35 24 41 23 41 85 0 58 70 77 74 66 69 90 85 49 3 27 -1
75 43 50 33 89 91 26 72 100 91 20 85 18 79 99 54 32 93 97 3 85 19 5 4 40 99 58 72 3 96 70 74 17 12 37 73 99 61 48 39 91 77 89 91 102 63 3 29 76 95 40 54 88 71 92 89 82 72 35 46 89 38 6 9 18 63 32 48 24 68 84 96 38 82 90 88 17 71 30 77 32 81 78 6 4 22 78 59 54 23 66 65 46 61 90 85 34 96 5 70
100 86 89 49 29 45 99 64 27 68 56 1 99 45 13 37 9 19 44 80 12 69 82 26 27 51 81 24 24 8 21 21 36 14 85 38 88 23 37 30 98 31 90 71 68 88 101 4 87 44 70 84 89 20 23 67 83 96 7 77 31 59 53 8 92 25 31 35 52 68 91 -1 84 53 50 83 8 59 69 74 27 73 21 83 86 67 63 71 52 93 53 -2 81 17 28 19 87 82 24 11
El programa tardó 138 milisegundos en ejecutarse.
