86 34 38 86 28 64 50 49 45 80 56 8 42 90 13 27 9 34 35 9 86 53 86 86 98 44 18 90 37 55 87 81 35 15 14 98 62 40 90 8 48 33 35 2 29 31 21 96 10 24 12 99 102 40 32 4 33 50 95 67 72 27 37 61 79 53 25 86 97 66 59 54 62 99 20 70 14 59 6 55 46 84 46 100 80 84 67 48 70 100 38 41 43 81 22 3 44 81 99 84
35 14 81 91 5 65 99 50 72 74 12 63 41 67 41 59 68 59 14 -2 85 4 72 1 16 3 49 19 66 57 60 22 93 43 41 60 77 65 61 3 93 93 101 64 62 46 35 47 79 -3 41 1 60 22 14 55 29 89 80 13 57 83 2 28 10 70 62 33 10 19 67 36 93 68 33 30 80 6 75 42 12 63 52 74 57 22 53 64 17 82 26 40 76 28 80 21 84 -2 7 70
70 51 63 92 64 86 75 85 74 19 34 70 4 8 99 87 19 4 71 43 70 75 66 40 50 5 41 66 35 56 3 87 61 86 4 23 37 37 28 9 48 1 41 40 4 96 19 13 100 16 85 50 8 99 90 56 97 42 65 22 90 52 91 32 75 19 10 37 77 66 90 6 79 30 47 46 74 13 4 66 19 30 10 42 96 87 73 13 95 14 43 55 100 87 4 27 51 66 43 29
4 -3 35 64 87 57 5 44 8 46 80 4 34 6 58 15 66 7 65 89 57 66 70 27 70 49 69 87 67 60 12 45 31 28 23 66 35 72 88 3 90 30 29 5 47 15 47 6 82 71 17 45 48 91 75 64 26 75 32 13 56 84 8 1 34 0 28 95 44 57 13 30 60 83 23 26 28 51 45 76 9 18 19 35 9 -3 59 87 98 91 5 57 40 92 44 74 49 37 98 -3
43 7 12 69 18 98 86 25 74 5 39 63 27 70 72 89 25 38 77 27 37 26 47 56 6 97 50 70 82 94 37 56 40 31 6 80 45 29 84 72 77 23 19 21 56 71 81 80 100 32 26 19 44 6 62 62 82 47 61 73 57 12 9 71 17 33 29 91 55 45 41 26 35 45 5 27 18 93 80 57 74 46 78 61 38 16 26 27 64 65 63 67 87 38 76 11 52 64 53 35
69 60 73 -2 75 6 81 66 12 32 71 60 50 66 20 64 42 52 36 77 49 74 31 32 60 29 48 40 66 27 49 25 16 31 56 71 7 21 66 88 24 53 97 5 60 30 34 54 94 23 92 51 5 86 22 14 65 16 73 7 93 14 79 70 51 42 10 11 2 36 99 41 52 36 35 42 40 38 87 70 83 54 90 17 56 71 68 69 27 55 38 29 76 37 100 82 12 43 13 34
92 58 65 69 67 72 15 89 45 37 58 17 12 35 52 59 98 100 11 78 80 44 3 26 89 20 99 45 89 4 44 90 97 68 25 9 90 55 65 46 78 90 84 13 82 74 75 53 42 60 53 49 59 21 56 56 82 77 57 70 24 81 38 45 84 94 93 39 99 43 82 81 54 9 35 3 10 12 8 4 74 57 41 84 19 40 3 6 54 67 33 26 39 40 85 41 35 84 24 25
59 96 27 96 80 77 11 51 58 14 55 71 52 83 64 34 74 19 63 78 47 18 72 39 80 64 32 29 56 10 26 2 81 78 43 59 66 26 64 -2 3 32 99 53 14 58 90 8 73 62 12 27 72 28 45 71 99 31 33 67 6 13 10 0 96 46 99 13 56 4 46 7 17 50 49 56 22 48 9 77 85 48 34 88 47 35 3 70 44 62 3 2 40 38 48 50 66 -1 62 55
89 6 82 68 83 89 24 35 25 54 26 30 21 9 101 68 75 67 69 89 89 50 10 22 99 35 69 64 13 37 89 24 80 91 66 93 26 7 46 10 49 88 49 35 75 74 84 26 38 69 41 96 80 65 88 86 99 44 76 96 71 29 49 93 32 72 87 81 85 61 70 64 13 14 33 48 97 93 86 21 18 3 34 49 15 32 76 33 70 51 85 78 74 49 65 29 67 84 73 65
89 55 34 8 68 72 23 23 77 39 94 36 42 31 34 51 37 89 81 62 2 25 92 27 53 89 87 37 88 96 69 -2 77 50 38 25 65 68 42 70 74 73 69 80 58 53 92 75 63 11 68 86 27 19 69 27 78 37 85 63 59 68 30 89 32 53 39 83 40 42 87 6 52 95 46 53 26 41 25 63 29 12 69 59 16 53 74 87 100 41 69 82 15 90 45 15 38 80 80 22
33 6 63 67 49 59 68 96 39 31 56 98 70 22 27 79 10 63 97 70 41 33 30 56 98 83 87 4 76 15 42 46 22 74 33 12 68 75 44 19 74 99 71 65 12 42 53 71 71 39 19 3 94 49 16 70 10 100 78 7 26 88 16 20 97 47 102 88 4 83 32 95 57 19 10 71 101 72 20 41 60 32 18 60 59 12 20 48 3 82 100 33 14 15 9 41 43 95 18 90
74 -3 44 41 66 83 72 56 54 20 74 12 39 37 70 29 95 90 6 42 83 4 5 72 64 17 66 86 57 76 99 52 99 33 81 63 48 4 53 61 29 75 73 20 3 46 2 32 2 35 51 83 50 78 73 75 93 8 24 19 90 95 95 83 85 -2 86 76 65 88 6 84 27 61 51 2 24 82 51 42 25 85 13 28 47 46 75 24 18 59 83 87 8 47 56 93 48 57 31 -2
68 82 25 100 17 58 3 36 34 96 59 55 86 50 26 57 54 39 79 61 95 36 15 86 85 35 44 79 56 5 19 48 86 100 52 67 78 17 100 86 26 59 89 56 38 72 21 68 86 12 66 10 75 20 77 2 14 66 58 3 91 47 20 49 58 25 22 3 85 27 32 98 82 12 66 50 48 60 70 36 37 63 84 65 102 97 77 31 54 19 90 35 55 42 26 6 73 93 14 47
99 84 64 89 25 5 44 75 99 6 58 57 32 23 17 59 14 28 38 75 86 94 3 77 74 36 34 59 38 18 41 58 99 6 32 94 98 0 98 79 27 61 73 48 15 13 84 -3 89 84 7 5 14 26 40 57 52 48 56 96 84 58 58 60 24 42 47 0 63 49 38 82 68 0 29 41 55 83 61 74 97 65 76 6 68 82 41 0 32 44 45 60 76 63 100 72 50 37 43 39
32 50 57 99 46 46 10 33 78 20 30 57 96 84 33 83 53 19 11 65 93 83 57 13 68 2 38 97 91 15 35 95 15 78 85 58 73 90 37 31 30 41 48 52 35 40 40 67 7 41 86 72 64 39 30 90 68 61 67 12 21 64 5 14 5 96 95 79 83 71 68 61 57 52 50 48 102 52 33 75 97 9 50 99 72 100 93 22 37 22 16 13 25 87 23 88 71 43 11 39
85 42 11 59 15 94 69 31 72 87 46 58 31 45 52 53 6 43 97 40 12 14 83 52 71 38 80 11 93 64 49 86 51 96 78 24 9 50 85 70 9 42 69 16 99 94 72 14 15 77 78 44 50 38 99 26 17 16 53 6 12 83 90 82 9 85 44 61 40 31 96 83 65 11 13 90 36 70 86 55 21 68 26 51 98 63 4 62 21 50 91 29 6 61 65 40 82 83 46 79
101 36 17 70 23 19 21 23 14 66 84 33 62 27 8 14 91 100 67 61 6 42 34 43 95 25 74 25 46 84 7 3 75 94 101 32 57 47 84 9 55 58 87 62 65 89 85 26 73 55 14 27 20 3 42 83 64 73 27 44 100 83 73 92 76 76 89 59 20 19 102 7 74 70 10 62 34 60 81 92 42 55 94 73 47 54 69 78 20 58 11 3 82 44 87 29 6 89 84 7
55 70 53 43 38 25 35 79 70 41 59 83 24 49 60 -3 25 11 44 65 67 53 81 41 94 35 84 81 37 18 42 4 35 90 97 66 66 55 23 80 18 25 30 56 67 83 83 35 99 30 89 62 14 69 81 39 62 31 11 36 24 3 5 14 17 30 100 96 34 -2 30 23 27 62 86 49 61 50 83 80 89 41 54 26 91 69 76 -3 10 5 67 11 31 -1 39 73 38 94 87 31
20 64 75 95 51 11 55 55 89 6 93 88 99 41 82 75 14 43 26 93 72 77 79 32 98 13 14 96 21 21 16 63 65 81 6 40 58 58 81 72 89 80 40 54 30 80 93 99 52 68 75 18 16 56 89 5 16 21 95 76 10 91 78 6 71 12 17 53 83 18 38 25 62 47 62 64 39 14 8 39 36 38 68 84 8 48 83 46 47 52 71 43 41 87 26 87 6 62 67 61
89 7 56 75 84 80 35 26 7 36 75 47 84 77 93 10 85 46 26 2 44 59 99 11 19 40 24 17 50 19 37 39 67 90 85 79 58 76 41 69 44 75 44 11 57 15 47 77 66 84 43 26 26 48 81 86 36 42 24 29 61 37 13 74 46 -1 66 47 80 50 48 17 8 78 43 58 29 45 27 60 77 72 100 44 44 96 54 55 5 35 65 -3 60 11 83 14 38 22 49 54
42 11 23 40 57 53 4 34 97 49 48 33 13 1 37 84 5 29 23 49 23 76 102 23 49 10 72 79 14 1 20 60 43 14 63 81 22 6 89 57 102 10 80 56 11 33 98 94 94 92 95 83 55 77 50 8 48 6 90 62 83 38 57 50 45 85 63 60 6 43 65 53 89 91 21 32 63 58 17 22 40 86 69 69 49 24 69 96 67 64 19 3 24 66 16 25 41 29 93 60
12 50 83 60 75 0 83 44 43 35 98 88 96 85 17 14 72 73 59 93 87 16 9 33 19 -1 36 82 49 82 12 50 90 47 99 6 63 10 17 59 63 -3 49 11 53 17 22 78 76 5 88 56 84 1 14 94 31 51 71 60 36 2 9 56 9 11 6 65 58 73 40 11 52 34 11 24 66 32 12 10 73 76 43 62 58 83 40 33 84 35 48 63 63 43 50 13 57 75 101 75
27 92 18 56 66 48 40 53 18 27 43 63 62 21 4 44 11 42 27 70 95 25 49 51 56 2 76 87 72 27 75 69 72 86 41 6 11 94 94 82 102 74 89 84 49 54 45 13 22 47 52 45 102 16 15 23 100 48 4 78 78 29 18 17 34 14 55 40 7 90 57 92 29 96 72 81 27 31 63 52 77 98 60 40 48 36 83 64 67 20 68 3 75 84 69 24 25 99 93 95
62 0 83 73 62 43 2 60 48 93 25 85 97 50 15 78 62 55 39 68 53 13 78 44 25 4 69 20 71 78 45 96 85 96 65 7 80 18 61 45 45 83 49 14 13 4 84 89 85 49 7 38 60 15 5 76 87 29 60 6 99 -1 52 33 8 90 29 31 53 96 87 58 61 32 99 42 47 75 33 56 7 47 46 59 82 38 90 69 57 29 87 87 33 9 18 19 45 32 53 60
54 4 7 84 16 22 14 55 32 29 65 32 37 50 91 38 30 12 82 55 49 81 45 72 25 100 54 18 76 24 15 28 95 88 79 13 89 34 57 97 48 11 65 38 99 33 3 38 80 65 92 90 89 28 35 57 102 47 42 56 45 38 58 31 83 50 69 52 38 58 94 11 94 36 86 35 45 14 56 70 43 71 88 78 44 100 62 79 52 15 30 8 101 96 88 35 7 72 46 29
26 91 92 62 69 60 50 71 3 7 44 76 58 85 96 76 70 30 38 54 19 43 49 56 42 36 94 70 40 75 4 24 95 -1 48 20 97 25 80 -1 43 42 11 71 23 29 43 67 87 21 30 71 37 -3 50 16 6 43 90 86 83 25 15 56 42 56 37 34 57 73 49 74 69 55 9 66 27 77 12 13 73 4 16 80 75 -1 73 53 70 60 86 86 14 21 95 41 34 55 86 64
55 37 64 17 39 66 81 63 33 96 28 78 98 59 76 34 21 35 41 53 82 64 84 38 76 51 7 36 51 18 83 19 8 17 63 64 4 19 64 35 66 76 68 28 60 27 5 30 78 35 70 91 16 33 93 61 84 39 78 48 37 26 91 15 65 18 53 88 83 15 28 69 42 31 99 17 75 81 54 10 98 29 17 56 56 78 79 89 63 51 52 30 97 5 11 84 45 84 58 3
49 3 27 1 7 75 36 35 63 88 87 46 31 89 42 71 97 59 33 8 100 90 62 44 101 -3 47 78 97 61 100 8 54 55 88 3 13 73 30 34 82 35 80 90 5 24 7 68 80 65 64 65 36 57 28 0 28 1 19 26 99 10 3 76 66 11 8 62 12 63 74 29 69 27 23 5 22 64 81 45 44 73 21 54 65 82 75 70 21 81 77 82 66 3 20 20 38 89 95 18
79 50 39 70 22 65 65 66 95 13 90 97 7 75 35 73 77 41 88 69 79 59 58 33 92 82 92 42 7 13 24 12 53 93 37 100 91 1 75 39 89 86 81 27 72 99 90 63 6 39 76 28 65 83 60 98 13 13 19 49 102 39 11 44 16 44 5 78 11 68 31 44 11 10 11 30 60 86 16 20 28 79 80 31 44 64 45 97 102 1 72 54 96 55 31 97 83 91 15 92
45 87 34 83 101 14 70 53 62 60 14 86 54 2 88 33 46 4 62 92 77 91 16 50 69 53 45 37 26 28 8 11 63 39 47 42 71 80 17 25 22 51 96 3 79 92 86 44 55 73 3 5 51 29 72 49 5 76 57 87 21 73 59 74 38 23 55 70 44 75 47 65 42 12 53 52 27 70 30 -1 14 83 71 10 85 8 85 3 7 38 98 70 17 69 55 71 69 69 58 28
45 51 87 61 12 95 55 58 46 46 44 84 69 19 89 94 86 85 36 98 40 16 29 31 33 52 11 91 36 73 81 42 90 33 102 31 63 16 64 81 4 67 41 63 24 60 17 3 17 73 68 24 99 29 77 44 76 12 102 49 66 30 11 66 27 75 51 57 54 88 87 79 38 23 74 59 32 74 12 63 43 16 42 25 6 82 91 76 96 8 27 89 44 37 66 13 78 97 41 100
71 37 36 43 100 44 7 31 9 82 98 73 90 33 12 20 21 94 26 49 46 81 88 67 23 77 77 63 20 70 26 60 65 79 33 10 49 55 13 1 67 -3 72 68 40 34 35 96 94 89 46 53 91 22 8 96 87 67 9 36 92 36 22 73 98 84 20 43 54 18 96 73 76 41 23 65 41 16 95 79 25 70 61 48 14 19 62 74 18 86 92 53 13 18 46 96 30 -2 11 90
30 35 39 17 52 28 88 71 51 23 59 73 61 60 79 32 77 83 35 82 93 75 88 57 44 92 84 59 27 79 56 39 96 42 78 36 68 39 23 84 97 98 55 88 13 31 90 96 79 50 11 62 14 19 76 23 57 53 81 5 81 42 39 92 62 74 98 7 91 58 12 58 75 1 76 30 100 97 78 42 64 56 82 73 55 100 72 38 44 42 63 93 77 63 97 99 32 8 57 3
45 96 85 49 55 4 12 82 15 93 44 92 32 90 84 16 37 31 59 58 40 59 70 91 67 74 63 73 42 51 32 55 99 72 75 29 27 60 2 41 22 17 73 53 94 17 56 39 26 51 62 39 81 39 32 24 81 14 41 72 19 69 97 61 72 85 88 80 65 46 10 39 71 52 7 69 38 79 28 6 58 7 21 35 76 10 53 11 49 64 92 61 61 2 14 74 79 43 7 49
13 74 34 35 41 58 60 38 26 61 27 50 89 2 19 78 9 18 30 69 65 56 63 42 48 45 59 60 86 2 20 18 3 95 30 91 6 50 43 13 14 51 12 2 67 29 7 37 71 39 94 94 62 54 20 73 76 15 68 46 98 20 64 79 97 61 71 14 36 43 26 80 101 62 41 92 35 68 82 45 9 58 78 29 21 24 31 49 15 90 14 29 74 70 9 78 49 84 24 87
7 80 18 10 99 39 49 30 51 78 61 10 6 35 6 91 98 62 51 71 91 24 97 72 62 32 54 32 94 24 51 38 47 21 79 73 29 23 64 54 43 38 6 90 82 25 16 81 87 7 47 74 101 32 80 64 61 60 56 22 68 28 46 56 5 22 43 43 43 10 37 58 77 78 56 48 20 89 92 65 92 20 39 44 39 52 21 58 6 19 77 58 43 49 78 80 42 67 81 59
70 67 7 85 61 80 91 78 22 71 37 27 35 45 71 94 60 76 56 82 83 98 62 15 92 32 80 70 51 16 86 3 82 37 79 14 65 57 20 13 81 58 59 9 88 43 5 34 56 73 93 34 61 6 39 61 81 94 45 57 98 65 70 75 100 14 44 8 75 9 97 5 90 8 97 15 29 4 43 1 78 70 36 41 58 35 47 42 84 58 61 59 93 62 8 49 7 2 9 46
65 54 59 86 63 67 51 0 22 32 68 81 56 22 32 8 29 4 85 56 23 87 62 84 78 12 87 96 99 14 53 9 97 25 87 89 96 40 60 24 23 6 18 87 68 45 46 23 75 78 90 95 32 64 10 96 53 44 91 78 55 16 24 87 44 55 97 59 35 51 82 85 7 11 78 19 18 28 55 53 79 48 34 54 46 66 93 60 12 56 10 26 31 49 37 90 40 13 51 17
84 70 22 22 29 41 97 1 45 18 75 94 70 1 53 29 19 4 62 58 15 36 69 79 84 27 17 14 55 65 95 48 28 21 60 2 99 95 37 89 58 84 102 25 7 63 97 81 60 44 76 87 76 61 82 16 14 18 54 2 93 29 27 82 92 66 32 79 94 28 42 63 94 58 93 15 95 11 5 80 101 2 89 35 87 69 44 52 41 89 93 66 17 10 79 55 14 69 11 34
82 95 30 91 4 50 57 18 18 72 8 29 85 16 49 23 59 11 29 16 98 40 42 95 99 1 35 35 47 1 27 58 84 56 17 58 59 29 86 35 6 83 55 50 86 85 33 26 91 68 28 -3 54 -3 7 30 96 60 70 32 92 89 13 79 49 56 57 79 86 92 93 50 15 31 59 50 40 92 91 69 60 50 3 65 55 89 54 9 42 64 9 70 40 50 63 65 60 84 13 77
22 89 89 42 43 66 80 63 18 88 34 89 42 60 68 68 4 92 92 98 83 33 20 43 62 86 28 8 72 23 56 70 101 48 82 81 64 96 19 67 10 70 34 89 51 49 100 8 46 61 82 90 14 34 20 45 98 80 33 83 55 27 74 63 66 56 100 84 94 51 49 82 44 22 54 56 14 35 66 89 99 28 77 83 67 64 23 78 97 41 17 82 86 48 30 9 98 36 35 71
75 30 64 33 24 39 100 61 58 8 87 47 96 83 79 40 96 4 97 32 62 47 100 24 47 55 21 54 73 54 19 51 89 9 55 -3 98 14 7 25 31 92 15 42 59 14 27 6 18 44 58 41 30 47 78 39 64 12 81 34 54 76 23 51 89 36 11 15 44 11 32 67 44 -3 41 33 89 43 2 13 44 88 74 9 75 37 32 18 52 36 92 74 90 5 75 32 69 88 44 76
87 4 93 15 41 34 28 22 94 12 68 51 69 24 14 9 32 19 76 50 3 29 37 32 57 90 14 75 46 31 42 13 35 98 15 11 85 20 66 82 29 67 26 26 57 85 102 74 51 31 20 29 86 94 60 51 11 18 54 47 69 4 40 100 51 23 16 78 88 44 58 55 74 7 8 83 80 77 11 43 79 56 62 36 86 15 72 60 75 76 90 42 63 48 27 20 39 12 5 74
43 23 23 29 23 14 77 15 56 85 77 1 54 8 7 7 50 23 61 70 49 92 18 -2 86 37 70 13 57 20 17 91 101 17 33 84 15 47 74 33 32 47 36 78 42 82 8 54 76 27 44 30 41 45 83 82 20 57 62 87 62 86 62 86 54 28 66 14 67 19 66 22 73 6 84 27 82 87 27 80 12 19 32 61 26 50 49 56 75 74 3 12 71 71 6 6 64 62 87 20
58 43 40 58 98 40 71 79 66 48 35 53 90 63 23 65 31 21 3 10 36 72 94 82 53 82 77 78 98 3 61 4 14 60 7 17 17 62 8 72 39 91 20 70 79 49 27 16 41 9 67 82 12 71 68 62 38 61 86 85 98 91 78 80 38 39 44 50 17 2 12 58 33 1 35 90 70 34 8 16 38 15 58 45 38 18 41 6 68 60 93 7 77 69 16 46 54 63 50 47
53 64 66 88 12 54 63 44 75 54 52 43 51 82 54 77 74 59 84 51 53 84 76 51 34 12 21 35 72 51 30 33 79 51 9 59 57 22 8 19 67 2 66 49 52 55 93 96 51 71 31 84 65 11 42 38 99 17 13 37 96 25 10 15 90 65 45 50 59 54 8 8 25 90 94 55 53 16 96 73 26 84 95 80 52 81 51 76 100 76 21 -3 34 64 69 6 2 80 87 11
57 28 84 46 23 78 61 1 45 97 14 18 72 60 27 18 76 66 72 100 56 19 37 83 49 18 98 27 51 19 18 75 77 86 99 19 29 91 45 88 55 65 100 48 90 71 88 76 80 12 61 98 92 40 97 41 30 20 88 83 10 42 77 65 26 42 52 45 41 98 71 93 33 89 10 27 44 34 51 1 78 61 68 3 91 92 94 15 88 56 40 18 49 95 78 77 82 67 100 43
37 78 29 53 57 83 23 82 24 32 26 50 69 52 60 74 51 68 3 54 76 20 96 42 2 49 40 40 24 28 89 43 64 52 25 25 71 10 91 89 37 2 15 9 79 77 86 28 89 37 48 77 41 36 10 34 72 92 63 37 89 53 32 29 35 91 39 23 37 74 7 42 10 -1 81 83 25 35 41 70 50 74 73 26 85 57 19 14 48 14 2 15 46 95 90 77 63 93 32 20
24 74 10 77 33 35 54 56 101 40 84 78 54 45 54 81 71 39 65 92 61 49 92 59 96 51 97 59 18 64 58 55 15 50 100 3 18 96 53 44 97 21 55 80 63 88 32 66 36 91 21 99 53 14 77 47 3 80 93 26 3 16 7 62 41 94 92 82 89 36 42 5 41 92 41 97 77 60 70 22 42 1 60 89 80 8 81 88 47 80 100 70 66 24 82 44 39 45 86 5
90 41 101 43 58 -2 43 73 45 60 32 58 48 43 33 21 35 96 92 21 98 49 5 60 25 64 90 49 38 28 63 7 28 74 32 63 67 29 92 59 21 23 98 71 6 46 85 0 100 58 79 -1 24 15 85 42 28 18 61 92 66 30 15 20 26 83 77 21 87 18 67 89 16 94 84 46 77 43 87 14 15 16 27 39 11 38 39 30 29 60 93 76 81 69 81 14 16 88 79 28
87 2 58 19 5 69 12 23 83 95 95 24 82 35 100 50 22 90 63 51 98 12 22 66 35 21 31 7 50 71 49 67 41 71 36 52 33 23 79 52 74 93 38 46 84 5 32 42 69 15 35 88 47 80 13 59 53 41 57 61 33 73 69 23 27 87 65 32 69 2 77 17 29 31 27 4 42 92 38 1 20 60 34 85 89 66 88 15 45 47 97 38 91 62 24 72 36 86 29 27
66 6 15 34 71 66 91 61 82 72 55 57 25 87 84 36 19 55 62 80 38 91 86 52 53 77 44 53 12 23 81 44 61 27 85 25 22 35 38 17 41 33 5 0 68 47 19 35 17 69 19 59 36 88 25 76 67 38 88 4 24 55 30 94 86 71 36 67 64 55 38 80 84 45 81 91 45 40 71 15 80 6 3 85 101 33 82 27 32 40 37 84 45 11 40 36 15 51 84 2
43 95 35 24 60 20 63 37 64 38 91 46 78 41 37 43 67 81 10 35 62 13 28 59 77 34 59 97 34 79 48 67 83 31 79 10 71 36 51 46 76 2 87 26 31 17 71 93 65 14 97 77 72 66 95 70 81 1 72 66 28 74 100 21 42 68 91 93 74 42 37 61 24 55 96 37 20 3 47 51 90 81 43 97 94 4 55 82 54 17 86 68 3 32 54 45 74 54 46 5
5 44 86 69 24 50 66 81 15 33 100 56 82 13 51 -3 6 21 3 -1 6 91 27 15 30 82 66 22 28 23 84 81 32 48 56 73 68 92 85 87 29 14 73 1 34 7 56 -2 4 64 41 56 88 70 74 15 13 96 77 78 75 93 43 31 22 96 29 50 44 47 12 91 3 5 61 43 24 87 66 78 80 74 25 85 21 66 10 78 79 92 58 5 44 37 23 87 43 53 80 69
99 20 49 90 7 76 84 90 80 41 41 83 36 92 44 53 66 37 102 72 99 100 100 62 102 31 68 29 92 14 64 28 6 11 28 83 70 49 79 60 53 33 86 21 23 63 20 84 12 67 3 80 25 14 14 43 42 83 74 90 40 18 24 82 74 53 32 73 40 1 19 20 37 96 77 24 101 93 34 52 94 5 87 17 71 12 74 33 13 33 34 30 9 21 40 56 74 20 35 62
62 58 63 2 95 94 8 92 28 0 74 50 30 92 94 30 90 59 63 34 59 31 86 95 68 57 84 26 88 88 69 83 87 47 19 81 23 57 64 5 69 23 20 29 90 46 20 65 9 73 65 57 98 85 10 39 63 59 11 68 92 31 15 73 95 33 43 41 30 95 17 10 35 11 33 19 78 36 11 11 55 73 62 -2 7 85 27 25 61 68 72 92 52 3 18 35 57 20 55 0
48 80 50 82 44 88 89 11 55 17 97 17 38 99 75 80 55 99 44 97 26 100 56 36 57 90 32 62 14 58 88 47 63 14 3 66 5 98 23 32 75 57 44 92 29 9 14 84 39 52 4 36 18 8 43 59 67 45 80 54 81 62 54 84 79 64 51 93 35 16 15 89 50 28 34 76 94 54 66 44 62 76 84 90 19 8 6 86 94 95 53 95 80 100 38 40 98 85 95 77
93 48 81 85 42 81 70 89 26 26 98 29 28 41 94 73 79 89 14 50 3 28 23 20 92 48 23 62 29 85 89 53 42 90 5 11 77 83 4 44 19 82 93 83 62 48 18 44 97 83 77 88 41 41 87 41 45 31 32 65 25 23 88 58 37 68 87 15 83 40 92 47 55 32 3 49 55 8 74 55 12 22 6 22 85 75 29 58 11 25 92 78 34 1 18 -2 33 50 20 31
58 82 71 63 29 16 35 67 40 82 97 74 32 60 101 10 25 16 13 33 40 39 39 42 94 23 77 79 29 56 90 25 57 39 61 63 86 47 53 49 78 19 48 94 80 83 63 80 61 81 102 56 14 81 26 8 29 33 50 27 20 84 101 43 9 86 102 44 93 41 14 27 94 45 56 5 75 81 40 34 34 74 96 78 33 88 78 90 92 34 70 78 93 3 31 33 56 65 100 38
30 10 26 82 10 54 71 52 24 14 79 33 79 19 3 18 13 45 56 13 20 70 79 46 33 19 99 34 20 59 8 49 12 36 30 39 24 43 55 57 52 28 28 46 3 69 28 50 26 61 55 12 20 95 33 56 65 16 76 47 90 1 36 49 26 15 2 38 4 47 87 22 46 65 35 81 81 79 87 52 44 31 19 26 76 3 20 62 10 68 5 70 38 67 71 41 2 72 90 76
6 27 102 100 34 32 98 87 91 64 53 43 28 64 90 49 82 40 11 28 76 26 51 19 60 41 37 6 8 81 73 56 25 53 46 53 79 60 19 34 62 33 18 88 30 100 73 72 98 95 29 99 66 91 78 16 37 63 67 24 63 98 33 43 63 55 72 74 11 35 100 73 53 94 89 87 26 91 36 97 43 63 52 37 18 50 52 63 33 49 20 69 88 56 76 88 29 54 38 3
67 0 53 65 57 41 101 31 67 67 26 20 93 84 30 46 68 2 66 85 99 88 94 88 64 42 53 28 53 38 50 73 77 34 40 83 25 6 63 36 70 65 17 -3 26 56 40 48 33 37 90 44 26 5 97 36 35 39 26 62 43 79 20 8 50 1 32 96 22 88 17 50 7 38 75 72 66 21 51 54 25 8 47 32 97 9 9 3 19 49 41 91 45 33 51 96 8 75 4 8
102 61 38 26 53 38 57 89 83 19 27 96 88 64 14 33 86 3 98 98 54 85 43 44 46 11 48 41 33 63 42 19 9 52 43 95 27 77 25 79 85 37 45 48 57 73 46 69 67 87 44 31 66 48 101 79 92 33 50 87 37 46 84 86 8 4 38 86 82 62 98 24 68 17 50 10 49 8 33 19 59 22 95 53 59 74 73 53 38 54 96 27 68 77 87 52 37 11 81 55
6 10 14 96 63 49 19 81 72 24 67 15 86 80 42 84 40 57 80 80 13 66 5 80 28 70 7 57 82 1 77 31 58 27 34 62 25 29 68 94 65 86 52 4 73 60 32 0 55 48 23 48 24 71 91 37 31 42 25 9 84 61 91 26 17 65 53 72 40 96 67 25 54 90 22 91 56 81 85 8 62 20 4 16 72 33 95 90 67 49 70 44 58 40 91 10 64 56 46 11
60 43 92 86 46 51 100 53 23 45 59 86 19 16 92 85 99 92 45 32 8 76 95 51 56 27 17 69 91 37 44 63 59 6 93 86 32 69 61 33 78 87 19 6 6 73 97 53 56 76 42 31 29 28 57 79 35 14 65 42 27 100 18 73 19 28 101 74 33 69 49 11 35 94 51 30 69 20 86 32 8 73 70 89 58 78 37 14 65 25 11 26 99 97 11 92 38 5 40 61
56 27 91 47 27 0 81 86 82 53 9 60 46 83 34 68 54 1 72 47 56 25 50 68 6 30 70 86 65 73 81 84 86 50 54 95 55 56 40 7 49 76 59 59 42 42 18 87 3 73 27 89 11 3 65 11 33 8 28 20 59 36 18 9 89 45 17 -3 40 69 32 52 15 28 54 95 9 22 68 4 40 47 73 83 98 21 12 37 72 79 89 19 67 82 55 27 58 51 74 39
26 18 48 1 12 73 41 90 10 100 7 58 5 8 8 78 60 46 44 61 85 37 53 99 40 65 39 7 71 79 62 21 83 53 85 23 24 74 30 26 65 13 64 3 8 99 91 85 35 61 43 25 79 10 56 84 62 68 100 43 73 62 3 33 59 65 7 26 84 44 54 20 10 86 42 8 37 27 8 12 16 43 100 54 17 19 44 91 11 48 32 67 100 71 93 93 35 33 24 85
91 70 45 77 63 30 96 37 78 46 60 67 22 24 93 89 43 18 67 95 41 45 82 43 2 7 92 73 19 25 91 13 53 5 50 7 19 20 50 1 68 4 76 40 7 21 14 -2 47 96 97 59 95 71 81 26 16 67 57 86 64 27 44 68 53 42 54 25 72 39 28 78 62 74 52 51 79 41 4 54 31 68 74 50 32 71 86 2 46 80 88 50 2 66 46 57 46 51 41 17
64 3 13 18 41 50 12 82 61 56 21 87 28 22 74 15 91 54 54 97 77 24 7 32 12 99 74 95 72 27 80 12 50 64 34 16 29 31 98 80 60 66 33 28 24 64 4 53 70 15 41 73 12 15 55 66 8 83 16 59 4 46 22 64 101 84 79 70 46 76 84 44 78 32 31 11 18 26 23 44 41 16 22 89 32 77 23 42 60 25 3 4 12 85 43 3 20 97 27 13
83 33 14 75 33 82 77 63 2 52 85 69 76 59 44 46 86 86 99 86 23 -2 65 70 59 23 94 58 91 4 7 90 2 38 68 10 16 89 64 54 65 57 12 88 16 15 96 95 2 79 47 89 16 36 10 37 19 11 90 57 53 17 89 76 54 -2 42 22 65 32 12 35 25 59 84 5 42 39 2 29 22 50 5 31 99 -2 22 83 19 18 7 96 88 87 88 79 36 30 71 91
69 17 80 39 85 84 62 99 96 52 52 42 65 4 13 65 95 14 96 90 6 47 26 84 50 95 4 11 61 19 63 88 94 94 11 68 9 58 29 36 102 9 43 73 12 11 60 92 28 3 90 50 40 42 77 74 4 34 76 44 59 76 60 59 37 31 98 51 34 62 63 60 38 35 56 16 22 13 67 99 87 67 4 33 17 51 33 58 6 61 74 40 98 67 32 83 3 84 74 87
97 74 32 54 10 46 53 19 63 24 79 84 19 68 84 36 4 84 11 46 93 21 7 51 40 24 86 1 9 3 30 25 93 72 12 72 67 25 98 41 81 92 100 42 42 63 53 -1 15 29 7 12 5 47 57 95 11 13 8 22 10 76 59 89 52 22 30 55 27 90 7 91 82 36 38 35 85 25 61 3 101 48 49 12 33 33 42 7 97 92 22 2 49 67 14 90 45 23 37 2
45 29 19 40 42 61 82 26 51 33 68 35 64 45 84 86 88 84 96 63 77 32 81 90 38 11 11 100 21 73 102 61 88 11 92 13 49 50 101 3 11 45 44 35 5 19 80 31 99 39 84 84 62 28 80 68 59 4 34 15 50 33 28 22 50 78 31 50 61 33 76 74 15 41 100 21 92 84 64 50 32 75 37 12 78 73 95 52 92 59 84 91 18 64 101 75 84 13 32 61
94 30 43 31 35 46 45 85 50 70 73 79 38 88 7 69 61 19 44 76 66 40 46 51 22 36 58 55 58 57 56 8 37 61 77 95 31 22 61 60 84 93 43 85 28 32 65 74 84 -3 81 46 41 65 75 68 6 14 83 47 44 57 26 40 82 39 86 32 33 32 8 66 14 0 9 35 59 53 93 50 2 25 2 64 3 87 19 21 14 13 22 70 21 10 50 5 92 29 40 32
68 84 53 28 54 85 42 44 67 77 35 97 31 79 90 36 98 47 53 25 73 33 36 37 13 66 70 35 85 8 23 10 87 55 23 70 93 97 4 100 101 95 48 42 42 51 69 48 80 8 52 42 92 66 58 93 41 24 30 18 45 47 3 97 41 78 87 92 21 3 32 65 5 10 92 70 93 77 6 28 90 64 78 62 3 88 102 27 19 93 82 32 60 43 43 15 66 27 58 21
73 47 40 49 8 69 36 30 69 46 12 74 62 23 2 71 8 17 71 63 48 31 100 65 85 45 16 21 96 32 22 4 91 62 61 60 51 53 2 4 66 71 90 59 44 58 39 73 65 45 12 14 65 59 37 3 29 39 65 15 9 39 92 48 23 70 94 21 23 60 12 64 82 45 89 9 57 44 21 2 90 48 75 22 86 43 87 89 64 14 73 43 85 55 88 41 36 46 91 66
43 46 85 89 48 64 102 53 65 54 82 99 88 66 15 61 3 58 93 64 63 96 67 49 102 64 40 41 64 87 64 35 49 54 40 76 70 34 69 57 83 47 76 76 10 68 8 29 83 23 61 78 61 72 39 29 43 23 15 52 68 97 15 81 23 17 35 11 9 51 25 32 5 27 26 45 32 83 97 12 7 22 15 88 45 78 4 45 47 30 77 67 41 28 96 47 36 39 27 34
80 55 56 13 50 72 78 37 63 18 62 18 28 87 65 17 62 70 70 23 64 76 57 -2 16 13 88 14 18 23 54 39 75 59 97 12 50 44 6 72 74 33 17 88 55 62 7 96 62 58 46 14 52 55 70 61 14 52 14 23 57 32 51 15 12 45 33 50 42 63 16 23 53 7 22 81 59 41 47 76 51 27 57 37 87 60 29 50 12 89 63 73 18 47 79 77 7 42 44 49
101 64 96 44 86 63 36 31 11 71 44 11 83 17 6 96 6 49 12 77 32 51 54 90 89 80 92 60 82 100 72 40 90 33 78 80 63 83 81 89 34 51 86 31 70 99 41 68 68 91 28 98 63 80 10 81 53 85 11 100 77 75 100 75 39 8 32 52 7 94 38 30 93 88 88 74 23 13 61 81 50 86 35 6 3 21 77 56 85 29 49 89 8 87 73 7 49 76 81 21
33 31 69 46 3 44 15 12 8 85 42 51 56 62 59 9 27 8 44 32 71 47 35 2 40 46 34 48 15 96 44 -2 26 66 63 3 62 42 28 31 37 19 85 -1 62 40 54 67 82 -2 12 1 58 64 81 95 85 59 88 -3 83 81 2 94 47 18 96 76 5 51 59 -3 78 60 95 46 78 79 75 15 100 0 63 80 19 94 63 85 27 -1 90 43 24 47 89 50 62 31 36 51
95 50 6 91 93 30 80 72 39 88 88 56 48 62 80 28 57 12 32 94 69 64 56 40 39 43 8 41 102 55 61 39 25 67 56 26 95 48 74 62 15 28 92 31 87 54 66 53 18 6 50 81 10 100 4 67 83 64 71 69 37 44 96 92 59 90 37 39 43 23 95 28 61 78 83 67 74 7 14 81 43 7 50 42 44 13 17 58 22 28 72 13 88 8 91 91 85 66 86 59
47 21 14 1 72 82 22 4 75 45 81 10 37 86 23 96 83 42 33 11 6 38 70 71 53 59 13 11 98 35 47 26 10 4 62 96 82 67 50 81 14 75 99 31 69 31 26 25 9 16 54 63 78 11 15 60 68 13 66 53 17 14 99 44 86 42 51 54 71 34 6 9 29 60 4 25 86 96 18 8 45 80 90 44 92 82 80 4 80 73 33 52 7 55 97 21 67 1 25 51
8 25 90 15 80 62 96 34 64 19 21 13 57 91 18 5 74 83 32 83 59 87 51 65 48 80 50 77 98 28 41 15 17 70 34 60 53 68 17 11 77 29 101 81 75 3 68 25 92 2 23 74 24 87 98 30 8 1 12 42 8 54 62 52 64 4 16 43 15 87 63 46 97 21 85 75 46 22 46 91 66 15 8 55 101 95 18 7 64 1 14 17 78 59 90 38 78 72 78 71
72 24 14 68 9 9 91 14 5 34 63 58 90 -3 84 94 5 15 65 88 27 8 4 14 25 14 13 92 83 73 89 85 73 26 92 12 67 47 94 68 80 7 4 74 88 -2 61 5 44 85 75 84 4 23 25 73 16 -2 84 9 69 41 18 22 17 3 42 72 53 29 4 37 9 69 13 82 87 0 45 74 47 18 54 84 81 34 10 48 99 82 17 85 80 20 43 55 3 17 38 14
82 63 81 95 94 57 8 3 27 44 65 73 24 97 4 84 32 1 4 65 73 97 19 98 28 100 76 18 97 76 18 97 18 22 66 25 72 47 17 87 75 44 4 38 43 74 61 9 48 22 12 67 66 75 32 86 32 39 15 97 21 42 38 9 24 68 49 15 19 63 47 47 95 60 73 30 37 24 73 92 7 70 75 29 54 65 20 83 86 62 31 7 77 6 58 65 34 63 47 52
70 51 66 67 10 67 101 75 36 83 87 42 44 10 65 52 94 30 62 44 48 28 64 37 85 31 44 81 43 22 16 38 72 35 21 77 16 77 51 64 21 56 75 77 73 82 10 19 91 5 82 32 56 73 60 68 57 76 9 22 35 95 89 66 54 45 74 9 100 49 60 35 4 0 74 34 9 64 35 38 75 44 95 86 63 29 16 70 84 94 57 24 25 54 34 69 30 5 65 19
101 62 7 32 36 81 58 51 35 7 46 50 24 22 90 61 8 11 65 64 56 95 79 90 33 29 38 42 21 45 102 14 79 81 4 37 32 9 29 32 79 50 16 24 90 39 21 43 101 93 77 76 6 98 47 66 75 44 19 49 5 7 74 92 22 81 13 80 35 52 42 82 30 6 16 20 69 82 45 48 42 53 90 57 79 58 57 89 91 14 61 1 92 25 88 47 78 70 87 32
88 20 46 25 63 33 58 32 86 69 61 93 58 89 65 78 20 62 80 16 88 25 76 6 23 83 33 53 95 38 37 33 48 26 57 83 10 64 75 -1 5 60 98 27 72 17 62 2 2 96 48 19 11 79 87 -2 96 36 73 12 14 59 24 71 9 15 47 39 30 21 7 94 68 52 4 58 86 35 45 26 58 -3 56 57 39 21 37 36 10 18 51 89 59 74 74 39 61 66 69 63
26 97 36 82 53 37 81 35 5 63 13 97 55 69 101 22 8 32 28 76 46 12 36 7 68 37 21 63 73 6 101 50 75 26 22 67 64 47 27 20 65 70 50 15 84 80 29 63 53 12 78 28 60 9 81 34 48 57 69 13 92 23 8 64 91 18 87 3 43 70 21 32 10 63 8 100 85 39 29 91 84 28 7 83 12 37 13 39 50 100 93 88 78 53 50 46 4 78 5 93
5 46 20 68 75 60 8 43 80 47 33 50 79 42 50 15 14 67 47 23 73 78 45 78 61 40 89 8 72 75 26 28 5 29 84 91 6 33 73 20 49 9 49 65 10 10 88 59 6 87 28 20 91 96 4 90 20 73 44 88 14 38 31 68 13 24 27 96 93 27 78 91 21 40 21 65 81 54 13 60 49 57 85 78 3 91 37 62 87 88 53 88 65 51 91 4 41 0 94 46
40 46 30 66 90 24 5 79 8 10 8 95 59 31 28 10 16 26 93 32 78 54 72 77 68 7 80 97 67 99 62 13 52 29 71 51 56 71 83 8 6 57 59 78 44 65 57 27 40 81 15 10 48 33 88 86 70 53 83 93 4 66 64 29 54 91 11 71 102 37 90 81 20 17 93 42 91 96 101 43 21 9 91 6 77 19 74 63 69 97 55 14 84 39 42 3 27 55 78 73
77 26 75 77 62 34 36 86 58 0 83 59 92 67 10 41 67 44 50 22 65 7 90 24 72 14 22 20 75 17 99 73 24 54 82 24 92 18 99 5 2 12 8 13 51 23 63 29 82 65 86 39 47 64 19 67 2 86 15 -3 16 55 4 41 13 2 56 66 5 75 87 91 23 35 76 10 63 38 52 33 94 24 10 48 99 2 31 80 37 65 43 35 92 29 53 72 14 25 74 11
56 97 37 99 43 8 18 24 85 12 34 94 70 70 63 92 34 15 23 77 58 60 90 23 14 39 93 28 92 77 6 75 7 47 72 11 3 72 62 81 22 26 87 42 74 84 63 64 54 52 69 18 73 50 76 43 25 77 34 61 20 39 92 38 97 4 95 58 90 86 22 13 101 44 5 83 101 53 102 19 35 74 25 49 57 26 59 30 90 46 54 12 28 17 56 70 38 2 92 30
82 47 8 93 79 3 10 57 30 43 64 66 31 3 43 18 13 8 64 22 11 55 28 79 64 17 30 34 38 -3 70 31 30 55 71 35 66 59 96 65 8 21 75 21 15 23 28 64 60 33 30 73 69 87 88 65 97 90 21 53 46 94 22 67 47 70 59 73 76 25 96 84 49 69 62 45 30 72 101 77 40 23 87 44 84 40 90 96 23 54 81 60 22 38 2 28 39 32 8 11
11 68 70 40 71 65 59 51 78 1 6 35 60 19 59 68 10 44 28 11 19 82 27 18 36 89 45 32 54 87 58 74 53 96 23 71 47 44 18 94 23 12 24 22 51 100 81 95 45 58 56 37 101 86 59 20 84 78 93 58 53 28 85 72 4 18 51 61 89 33 58 32 33 74 28 18 55 75 65 9 77 38 49 35 26 56 32 67 41 28 66 46 14 94 73 30 27 78 101 57
52 66 34 66 32 14 50 66 39 57 61 26 44 88 76 26 5 93 26 17 27 62 36 78 50 52 94 -2 33 38 66 24 66 65 34 49 87 75 88 6 31 89 72 56 27 70 9 79 50 96 62 3 7 70 50 28 67 50 31 26 77 5 2 46 88 94 92 66 14 52 15 93 80 72 64 45 63 2 47 84 37 38 29 38 8 64 51 84 31 42 5 18 87 31 68 12 86 94 39 95
15 4 39 79 43 43 32 89 86 20 75 92 101 8 41 78 71 94 52 49 70 89 47 57 19 96 92 63 46 9 71 60 32 43 67 82 99 49 64 31 88 30 37 40 56 34 20 78 13 55 7 22 96 40 80 17 28 64 63 38 93 34 39 9 36 99 9 24 83 86 50 26 18 20 46 47 36 86 6 13 33 64 35 49 59 84 41 41 78 19 48 71 61 24 76 42 34 61 100 57
51 18 3 89 85 66 9 87 63 47 84 86 27 7 46 50 17 88 10 -3 67 69 33 90 62 78 37 28 99 71 41 23 66 67 15 9 13 88 87 31 44 56 49 89 39 70 8 24 39 88 81 11 77 31 94 60 98 1 72 93 36 49 84 61 7 75 26 40 89 4 62 70 83 34 77 59 28 30 24 20 26 74 43 62 53 79 80 23 88 34 16 71 56 7 16 -1 10 40 30 58
66 34 56 100 29 73 42 94 65 32 51 85 63 35 101 68 9 80 34 100 26 62 12 46 96 32 94 10 25 53 101 34 70 7 45 4 38 14 42 57 53 41 27 98 87 94 7 36 44 97 35 75 58 100 52 60 41 53 82 59 7 49 38 3 46 25 27 91 73 93 58 47 78 67 39 67 98 9 31 97 11 74 65 57 92 53 54 1 92 80 31 14 26 23 48 12 17 15 91 30
20 68 39 56 75 68 2 16 71 57 41 15 80 -3 98 17 25 58 47 70 44 19 75 39 3 25 45 36 80 26 25 16 30 9 6 84 31 24 74 25 15 83 27 59 51 18 19 87 4 83 2 11 100 52 55 59 77 19 73 72 16 61 46 85 86 76 84 40 95 86 90 64 43 26 27 60 74 66 65 48 98 20 64 23 98 10 63 94 83 27 60 2 33 -2 51 8 97 52 60 6
El programa tardó 114 milisegundos en ejecutarse.
