34 80 76 97 41 49 34 99 85 69 64 69 17 13 18 84 68 35 65 95 66 28 60 77 75 33 20 66 32 68 38 13 58 51 86 8 23 55 3 60 77 32 21 24 42 33 70 11 34 29 44 56 30 62 36 22 33 20 56 98 67 65 23 55 52 24 78 99 36 78 18 72 25 84 49 47 59 91 60 73 70 16 86 17 52 85 90 90 5 42 98 20 53 94 66 83 45 47 97 6
30 51 17 80 70 30 73 75 76 10 79 89 5 69 6 46 26 13 30 32 49 46 26 23 77 86 42 4 50 79 63 10 92 91 94 84 22 45 44 76 6 8 22 91 21 31 19 5 72 80 95 0 59 18 24 37 23 24 55 59 3 50 25 75 25 93 49 66 97 43 94 7 57 46 48 95 99 49 2 59 37 44 20 82 22 73 46 4 83 12 14 13 27 6 40 69 77 -1 73 75
99 30 25 28 65 55 67 60 101 74 91 53 31 71 29 13 3 10 19 6 100 8 35 21 23 23 75 52 80 65 55 27 6 27 16 17 39 46 55 16 68 50 91 75 72 95 57 60 53 54 58 87 17 48 66 72 82 5 36 54 17 42 13 13 100 74 60 39 37 82 94 71 55 63 25 89 82 54 97 89 44 72 25 43 79 33 38 8 30 51 27 17 18 26 55 74 8 13 27 11
63 41 34 -3 74 86 94 46 79 3 66 -2 25 61 92 86 34 1 41 19 89 7 21 25 76 81 56 48 75 10 43 -1 96 37 83 77 82 73 75 63 17 96 101 29 12 9 45 82 75 61 26 8 72 77 73 89 91 34 71 96 60 26 9 68 34 24 15 35 72 45 30 83 34 45 78 55 88 30 4 67 101 15 29 30 91 18 43 20 38 44 60 -3 55 64 26 0 70 68 14 36
12 41 55 100 40 46 59 30 43 74 70 26 3 34 24 9 100 7 51 72 59 49 50 16 38 92 62 100 96 21 36 89 85 53 38 76 13 1 57 38 27 20 98 69 72 40 93 32 61 85 54 65 80 89 16 61 32 46 36 73 17 10 96 56 77 33 58 19 40 94 34 97 43 36 98 64 44 37 37 18 34 78 55 80 60 4 88 3 14 5 27 73 11 91 83 41 75 83 100 52
65 62 21 54 45 24 52 58 56 36 92 61 89 96 30 32 51 9 83 80 28 46 11 38 97 80 95 39 95 85 92 20 76 18 62 39 80 23 71 62 37 40 89 48 50 96 81 17 99 40 64 68 37 64 21 86 39 52 10 67 34 75 79 40 3 66 83 1 43 4 56 14 13 11 21 48 58 26 15 27 55 71 18 24 90 75 29 93 64 21 66 68 49 -1 8 33 54 77 85 13
61 21 4 14 52 3 51 76 61 40 48 41 23 11 69 13 17 82 63 36 17 86 80 89 57 41 47 30 71 67 69 81 97 59 28 46 19 87 30 38 26 96 35 5 23 81 101 5 54 33 33 31 32 66 78 33 63 32 25 57 5 100 73 65 96 42 5 61 65 38 57 52 84 25 22 71 91 54 26 50 87 46 100 26 33 3 73 96 13 33 102 94 26 39 49 61 32 32 49 55
43 7 49 40 92 81 29 27 91 90 57 33 25 10 56 92 56 43 38 73 73 95 56 9 55 89 52 74 95 65 8 80 40 54 45 95 26 50 51 82 63 22 26 90 96 61 37 60 4 85 31 32 32 84 7 67 16 -1 65 40 4 29 90 -1 38 68 29 21 92 50 86 45 86 32 100 7 65 26 58 55 15 12 28 73 23 92 46 10 18 50 39 47 35 32 6 30 6 49 82 41
67 91 93 57 75 92 56 92 84 50 69 90 64 87 86 50 83 9 16 10 62 10 65 8 83 27 44 50 8 96 61 18 63 29 63 23 97 92 47 27 59 98 46 51 86 36 29 81 25 87 89 7 65 70 64 32 40 38 68 94 37 6 90 78 23 76 35 3 13 32 21 88 52 26 98 42 27 3 71 27 44 70 96 18 26 54 16 59 16 40 43 13 86 44 100 100 26 11 14 91
50 5 46 53 97 43 4 20 18 80 44 54 44 6 58 22 98 10 96 73 58 30 75 24 23 84 70 94 36 18 32 40 93 36 75 66 51 25 73 95 75 6 68 55 90 22 62 14 100 63 50 87 21 59 96 14 16 20 6 32 64 75 24 17 99 3 19 90 59 19 27 -1 21 50 36 56 82 80 43 42 40 52 82 -1 44 44 49 33 59 61 41 71 53 20 32 53 44 28 57 19
55 12 14 42 37 53 29 93 65 8 7 3 80 31 82 31 62 53 19 52 37 88 62 38 3 92 35 59 91 73 72 6 82 88 41 36 35 65 50 69 48 7 68 38 5 63 64 40 35 73 76 10 15 2 60 100 98 56 101 26 80 45 4 88 38 50 36 3 59 47 96 85 61 33 19 85 40 74 38 1 15 42 52 21 46 37 5 11 82 94 69 90 50 71 34 91 46 29 33 53
9 54 38 48 34 58 20 18 73 -2 7 80 22 71 34 75 13 59 48 30 46 77 51 91 78 41 90 3 52 35 81 17 90 83 41 49 97 -3 19 48 17 74 86 58 60 26 95 92 88 22 52 9 41 10 63 80 54 37 81 23 48 49 83 10 86 2 96 13 6 15 86 12 81 39 41 48 43 91 30 66 17 13 31 63 18 44 74 20 64 22 53 79 12 -1 49 87 59 43 90 26
100 4 89 19 86 77 67 74 59 100 39 72 34 63 37 5 95 72 94 52 18 7 70 28 86 100 91 64 74 9 88 60 71 42 74 94 88 63 73 35 48 54 18 59 97 41 53 69 43 98 66 41 82 12 21 30 65 94 22 21 48 82 49 16 75 25 92 82 36 66 12 46 20 11 85 17 50 18 26 3 7 82 6 100 60 74 55 97 26 38 101 86 24 3 67 24 54 85 37 38
56 44 19 45 79 50 28 17 11 15 10 38 39 62 51 88 74 61 36 21 69 93 88 81 72 30 31 29 91 39 8 66 51 96 84 85 89 4 77 24 84 14 52 29 72 48 40 77 92 31 27 71 93 65 33 52 13 59 16 44 85 96 11 85 36 96 42 86 55 77 3 84 91 47 83 70 100 83 18 95 64 83 94 61 83 31 80 67 64 30 93 74 57 31 63 96 90 95 98 68
28 21 37 84 43 59 49 84 100 91 64 47 94 73 40 99 42 34 12 92 21 1 69 24 74 41 42 2 39 32 70 86 44 10 19 98 13 52 60 93 65 94 45 9 30 18 61 15 28 66 98 42 46 6 52 75 100 80 49 29 59 50 52 72 80 70 76 97 65 3 66 61 79 10 95 4 86 64 31 54 34 13 90 12 4 77 37 45 81 64 4 99 12 80 22 50 41 7 13 50
74 54 62 14 97 23 21 47 82 41 6 61 76 88 30 79 4 63 20 22 39 57 56 2 93 7 49 23 61 64 38 63 3 78 7 31 68 23 32 63 15 78 58 21 21 26 82 78 79 91 40 60 5 26 35 17 21 -3 46 31 49 29 14 55 78 21 81 10 67 27 88 82 47 0 32 81 27 57 97 52 78 31 35 66 70 68 6 24 36 9 36 88 35 20 24 29 5 2 56 0
69 67 86 6 29 98 26 49 20 55 92 74 99 10 37 43 61 13 71 82 33 76 45 86 61 45 75 3 7 37 101 44 27 62 57 60 39 80 99 70 85 67 66 54 30 27 81 31 41 13 74 91 16 66 24 89 86 45 16 30 85 58 3 35 101 66 101 8 53 89 6 72 90 10 34 15 29 28 47 7 46 96 57 23 82 17 94 91 24 2 91 84 3 6 23 24 88 90 37 60
39 9 52 -3 33 53 84 50 22 64 20 70 26 -1 14 39 21 53 15 58 99 36 7 34 2 -1 70 25 88 74 86 18 72 30 76 94 12 63 69 41 27 11 83 93 33 76 92 60 56 61 81 34 33 61 35 72 41 72 101 70 99 -3 72 61 79 -3 57 92 20 28 9 64 3 83 24 52 13 73 99 34 86 54 40 27 46 22 31 33 49 88 49 59 28 69 49 16 6 21 45 41
70 55 33 63 25 94 82 25 43 84 51 56 77 98 35 66 102 3 86 78 20 27 69 70 32 100 61 100 13 2 21 61 34 49 32 100 80 26 99 80 73 88 35 88 61 28 77 41 54 24 93 61 18 58 19 54 79 43 15 43 89 62 76 97 21 63 55 87 97 50 23 26 16 50 6 37 70 31 40 17 39 96 51 71 22 75 60 2 45 16 88 87 97 38 21 45 74 29 8 94
92 37 9 47 39 11 97 16 91 11 80 18 81 67 86 46 80 23 79 -3 25 -1 56 55 44 59 16 53 82 38 96 1 48 30 66 4 100 40 67 78 48 16 79 88 29 30 99 62 4 77 44 19 74 0 50 -3 70 92 34 90 38 50 84 89 3 0 14 18 91 61 60 18 4 53 15 29 10 10 37 -3 72 14 78 44 71 95 29 9 69 60 32 96 3 3 76 21 88 63 77 8
26 60 3 58 93 63 58 3 16 25 91 63 76 46 58 2 8 47 91 24 31 36 69 1 3 74 32 86 66 10 93 54 30 71 18 4 76 90 82 25 10 23 19 27 69 44 40 29 7 2 93 84 8 22 29 27 48 43 96 32 9 41 53 57 79 26 67 79 23 10 24 23 67 97 96 98 69 23 19 80 59 60 16 91 12 89 86 62 87 10 65 66 102 73 67 67 49 1 17 43
15 46 40 81 22 79 85 -1 57 15 92 26 90 19 37 28 28 13 80 14 67 3 67 36 62 18 50 96 86 -3 30 49 79 52 8 41 65 95 35 -3 23 8 69 17 50 92 36 49 62 58 30 25 43 49 77 78 89 33 36 89 23 57 84 41 41 68 43 94 39 5 2 21 22 55 95 27 28 2 20 53 5 55 62 78 84 24 47 41 40 51 17 82 91 80 10 39 5 49 45 27
82 7 100 46 65 69 98 65 92 43 85 23 29 42 65 60 34 74 69 89 32 75 6 26 85 93 59 92 63 98 65 90 79 37 70 60 23 86 70 70 53 34 87 51 98 89 75 17 68 17 59 77 55 66 21 99 30 14 95 14 18 9 102 64 51 24 81 5 76 7 64 82 55 33 51 32 23 98 84 76 4 22 69 6 37 92 8 82 94 82 11 94 50 78 24 92 63 39 52 99
64 23 23 86 93 34 98 43 20 76 71 51 10 59 21 52 7 63 69 18 8 70 70 83 88 87 7 2 54 82 99 -1 83 95 30 23 51 36 4 77 10 80 58 8 62 24 69 62 100 26 35 41 23 57 76 45 21 67 14 81 100 11 8 8 86 22 83 87 65 86 68 73 31 39 91 18 8 36 80 36 78 50 47 78 86 90 56 93 24 25 80 43 94 58 33 65 29 75 93 83
17 90 28 96 85 44 51 72 65 9 51 69 80 68 72 26 40 8 86 90 18 54 38 55 60 7 19 1 31 38 19 89 43 14 80 23 3 29 82 87 40 9 36 85 97 16 41 9 52 54 25 39 44 20 59 59 77 63 46 88 56 52 7 41 81 55 41 78 44 13 52 78 81 72 13 37 72 29 14 10 70 55 88 40 78 19 24 51 49 92 10 49 29 37 75 64 33 87 21 70
3 29 30 12 41 17 65 89 22 31 66 80 95 84 32 23 53 23 22 48 81 33 12 54 73 83 8 5 51 61 29 56 68 17 101 24 82 10 96 61 92 78 2 12 90 85 80 60 21 76 64 25 93 87 89 76 71 14 92 11 60 36 8 57 74 93 90 21 87 19 59 61 23 87 96 95 99 81 53 40 28 86 29 19 49 75 52 36 49 26 55 3 90 2 77 52 5 91 24 43
17 29 21 77 57 41 52 44 4 53 43 27 24 74 38 14 18 73 69 7 94 1 49 12 46 64 22 46 9 9 13 37 69 55 45 60 54 63 93 4 102 96 99 96 90 20 39 10 56 30 52 12 82 1 46 100 92 22 90 18 39 64 54 39 85 8 4 75 52 74 75 33 9 53 52 40 96 65 39 49 18 53 92 85 50 33 71 53 76 11 25 40 27 14 68 26 67 60 13 38
30 27 27 58 85 27 48 60 80 5 38 42 87 77 95 18 75 94 47 50 59 21 19 81 72 59 56 38 21 39 91 92 19 1 13 6 88 55 22 15 59 43 7 43 40 96 65 65 91 85 76 6 90 94 96 69 60 7 80 77 37 77 48 21 14 82 18 0 50 65 82 56 50 26 76 12 24 75 94 38 22 -1 32 85 86 86 5 37 6 26 69 76 73 28 91 59 33 8 66 41
83 7 32 33 32 47 57 47 68 37 88 62 46 82 95 90 56 10 61 43 24 57 55 50 88 69 63 56 87 23 54 80 98 57 6 77 25 40 87 100 15 27 14 20 80 82 96 33 33 62 90 65 16 18 22 18 75 79 97 39 77 38 16 7 67 5 43 62 95 30 99 64 85 47 73 68 95 58 96 82 45 6 13 72 95 73 100 1 48 84 11 34 25 55 17 11 98 13 73 43
87 81 16 34 54 81 98 29 48 84 88 73 2 56 49 79 26 87 62 6 26 95 10 76 18 82 57 7 31 29 37 43 79 94 73 43 66 70 80 48 51 1 21 9 13 11 45 53 95 41 63 64 59 94 29 77 85 1 21 42 77 28 25 73 62 -3 58 70 65 77 7 38 49 64 49 20 23 74 27 20 99 27 91 56 74 17 83 83 95 25 29 71 60 46 44 42 44 92 81 22
54 24 47 84 41 52 10 3 80 45 82 22 68 24 56 9 46 97 62 92 80 18 35 12 98 84 12 36 85 18 75 14 75 4 35 42 5 62 25 45 24 91 59 72 102 40 89 69 91 93 33 62 87 9 35 75 6 93 67 82 49 17 5 69 26 74 8 98 74 75 26 13 3 88 100 73 49 37 81 55 93 88 83 87 51 61 8 69 25 25 18 75 84 66 25 77 88 17 42 19
11 3 3 26 10 49 94 16 88 36 36 85 44 75 74 53 94 38 77 88 70 78 6 -2 33 95 39 33 86 66 31 40 30 96 86 -3 57 10 59 48 54 79 59 66 25 94 32 60 53 21 101 57 14 88 97 92 59 66 99 46 73 49 84 95 24 38 41 42 50 2 38 17 78 80 54 75 89 65 53 26 21 17 84 67 83 19 98 22 101 31 22 25 37 30 45 34 34 0 94 73
18 85 37 87 55 40 64 96 92 79 42 55 31 29 17 71 90 11 98 100 60 64 41 38 38 19 43 5 31 9 91 83 43 78 70 41 37 50 22 55 33 80 68 98 47 17 38 72 80 14 34 2 94 72 63 46 60 63 62 22 31 20 61 52 32 49 45 47 52 65 40 11 32 11 58 76 94 23 23 74 16 98 87 45 61 85 76 22 3 5 45 7 30 58 29 12 3 92 68 16
47 48 10 40 19 51 97 86 6 81 98 18 74 37 92 55 64 11 62 32 85 31 8 5 67 36 34 92 99 47 66 93 58 96 40 76 63 1 75 76 99 88 80 83 79 60 85 91 42 76 44 2 84 74 98 73 11 44 85 34 34 59 49 -3 97 32 9 36 9 69 35 95 72 61 38 66 48 84 66 56 64 27 52 45 84 7 56 39 70 13 32 82 51 24 81 42 76 71 50 8
56 7 67 14 29 58 81 29 72 16 92 74 71 12 24 76 73 94 21 41 33 52 71 50 15 3 90 26 49 89 57 52 52 47 12 35 28 88 70 38 18 38 91 54 18 49 17 93 37 39 49 45 24 68 66 63 28 20 93 6 75 8 15 6 12 98 4 66 61 85 61 66 58 63 10 20 70 56 60 49 7 95 62 33 97 58 3 77 67 28 52 46 19 39 62 61 68 30 25 80
46 70 65 74 17 70 72 27 95 65 19 80 10 53 24 71 43 76 66 77 54 63 55 37 65 9 66 9 38 -2 92 19 58 74 40 66 59 10 79 35 5 4 94 23 56 9 35 45 32 72 38 37 40 53 17 93 62 55 38 67 27 11 68 36 72 38 96 15 80 82 16 70 100 56 37 96 43 91 53 74 64 6 22 64 24 13 8 18 87 95 57 75 37 80 96 20 41 87 45 65
38 87 4 54 61 87 96 54 96 77 47 97 70 37 99 9 90 14 13 48 44 70 33 64 26 42 60 98 96 6 55 27 10 69 55 13 42 64 84 34 20 79 61 39 10 89 96 68 73 24 99 79 78 73 84 9 70 59 68 11 65 28 41 2 63 10 76 63 14 35 79 62 87 11 21 53 20 97 97 45 51 35 35 55 19 43 49 52 65 98 67 68 31 84 81 52 62 31 75 75
11 96 36 45 45 29 51 34 70 21 58 1 56 53 7 51 52 44 14 6 43 84 72 77 98 40 51 67 93 17 7 85 17 20 42 26 52 38 29 8 51 38 68 63 19 67 84 8 10 2 77 25 25 19 36 42 96 92 94 82 23 91 45 39 66 66 72 23 32 81 47 96 88 3 16 23 30 92 85 56 88 36 21 49 86 83 23 40 3 48 100 90 64 72 60 31 76 55 95 30
60 99 22 45 74 90 99 96 32 86 92 5 91 42 27 27 54 8 28 66 93 73 25 13 89 100 50 4 5 55 87 28 70 68 7 52 32 8 41 68 31 43 73 21 97 75 4 19 28 28 4 70 12 24 26 61 52 48 69 36 26 76 80 3 91 17 50 47 5 94 50 12 40 67 43 68 54 94 48 67 31 6 31 51 79 54 30 63 40 5 8 2 42 25 27 36 5 21 58 72
68 82 91 87 44 16 33 35 98 88 20 52 74 38 94 44 5 91 16 76 57 31 71 8 8 48 2 65 29 40 97 89 61 41 90 0 89 18 8 27 97 68 60 9 58 24 101 63 51 90 34 62 21 90 8 93 93 34 18 15 24 94 21 41 53 87 52 47 96 67 81 35 13 40 13 28 89 18 8 31 91 61 39 36 90 54 39 17 54 1 66 16 32 33 9 88 28 71 21 24
102 86 78 77 3 49 90 23 31 49 88 76 23 65 55 3 21 78 37 11 48 46 94 78 30 65 47 16 100 65 51 42 23 72 8 24 27 3 43 86 70 25 12 12 83 1 65 56 38 65 4 15 57 94 93 59 13 73 19 36 42 62 7 55 47 21 76 95 5 70 84 6 17 11 60 89 101 57 24 63 46 95 101 85 49 96 22 1 11 6 35 42 58 44 93 51 47 25 7 31
72 57 5 79 24 76 56 28 72 42 95 21 47 35 80 84 53 24 50 44 13 41 73 55 62 26 100 23 23 20 100 25 80 49 48 68 36 22 32 15 61 83 20 87 3 15 59 29 70 28 31 11 33 22 62 39 95 63 87 9 64 66 10 75 11 32 73 62 54 80 7 78 18 9 97 77 5 90 4 29 101 63 89 65 88 68 68 82 59 49 74 7 40 21 48 34 21 86 75 82
40 81 102 35 36 95 3 46 79 60 55 90 100 2 46 43 11 56 23 61 78 73 77 64 17 79 13 26 10 74 14 11 29 11 70 26 17 97 25 44 13 84 56 95 58 21 62 72 79 94 70 86 85 63 48 48 91 94 43 43 10 55 67 22 84 37 64 13 80 53 29 50 11 64 34 71 8 59 7 53 82 52 39 9 38 6 62 90 66 70 96 20 13 51 20 78 62 13 16 66
78 69 47 74 65 0 82 19 54 57 53 28 93 80 43 23 51 39 11 6 30 38 56 79 2 -1 64 11 11 32 50 89 54 61 89 40 69 19 82 19 32 60 101 10 92 95 2 19 62 15 33 83 80 94 60 50 30 72 40 61 94 16 16 87 11 94 83 35 31 86 37 16 82 9 14 95 85 41 86 26 13 38 61 48 57 20 50 63 5 71 82 9 30 96 53 23 11 67 36 36
40 73 49 73 60 89 96 44 74 19 96 19 67 79 100 7 10 69 56 17 11 97 9 62 71 51 69 32 100 21 24 33 30 27 100 5 64 70 81 51 30 13 52 17 42 68 25 65 90 43 94 28 51 100 27 35 91 41 55 36 58 50 6 74 94 98 76 89 94 19 57 73 14 68 25 43 74 64 12 18 60 35 3 49 16 2 66 100 15 8 20 14 75 78 61 66 5 52 6 55
30 85 8 48 101 62 77 68 4 93 84 26 42 51 92 72 77 96 31 14 60 52 50 60 45 19 51 57 70 30 25 21 40 56 85 80 44 38 41 22 91 68 93 48 75 -1 27 91 5 16 91 8 10 81 98 5 98 96 14 92 10 47 74 64 6 92 98 95 56 17 14 83 44 71 13 63 8 63 23 48 10 85 81 69 8 32 86 21 44 52 71 40 57 70 9 79 84 30 40 72
16 80 80 36 90 22 71 58 15 35 86 53 12 29 37 78 81 70 47 90 45 15 68 92 86 71 43 9 83 90 28 78 6 38 57 18 56 20 97 95 34 45 56 78 34 83 46 40 80 66 80 63 21 63 37 51 64 65 16 57 68 92 71 12 70 66 75 30 83 58 100 60 32 50 94 32 19 57 42 82 60 47 40 84 70 50 87 80 30 14 84 67 96 44 72 17 96 27 66 38
62 21 65 77 96 11 81 9 73 92 99 33 71 26 46 -2 16 8 15 43 98 14 37 89 66 3 39 69 24 31 95 8 100 44 89 1 48 28 51 2 37 77 74 63 79 96 19 21 92 31 50 -3 84 45 41 4 5 7 39 36 86 42 2 89 99 58 21 86 85 62 44 2 74 44 56 12 15 9 37 95 28 20 7 82 55 4 2 34 68 82 56 10 53 67 75 76 74 91 40 16
41 26 80 62 91 37 53 82 44 16 24 6 80 9 84 62 12 8 58 24 75 25 98 18 30 10 53 48 89 87 64 47 79 55 68 48 78 65 96 16 57 4 59 97 81 76 68 66 84 76 98 97 57 67 3 10 57 16 38 83 12 32 62 61 9 49 36 57 83 20 73 43 102 88 10 36 14 16 79 89 67 92 99 93 47 5 98 23 47 87 55 48 13 39 20 81 21 6 83 25
98 81 88 11 23 -3 99 77 10 4 33 76 67 31 99 77 78 20 58 15 42 66 18 68 69 26 6 67 57 83 54 67 83 81 40 76 35 13 85 81 76 13 28 77 84 71 85 22 21 53 8 78 3 4 32 60 2 43 75 80 99 14 53 68 5 55 31 79 16 6 69 21 40 21 58 68 8 66 5 62 32 68 35 22 9 90 7 50 41 95 95 24 80 -2 66 53 5 50 96 87
32 19 37 48 28 84 52 63 51 5 19 24 39 79 39 31 97 65 17 54 9 28 98 61 29 66 13 27 98 53 67 38 80 54 15 53 61 96 36 87 98 44 56 40 41 67 100 2 18 12 63 48 30 95 51 3 30 30 32 99 81 17 46 99 61 21 57 90 82 11 23 39 84 11 11 28 48 62 72 62 23 17 78 8 78 98 65 84 20 2 81 81 85 57 18 93 79 71 55 86
4 59 26 22 98 95 62 57 28 8 3 51 69 14 46 28 24 11 16 5 97 89 65 57 37 30 82 -3 55 70 72 96 85 10 97 43 10 96 10 71 94 92 85 82 60 89 52 3 37 63 97 44 65 59 97 30 60 76 11 13 82 16 6 93 25 36 89 94 22 57 44 4 4 54 13 78 92 72 52 -3 83 5 93 52 94 88 67 37 82 38 25 18 89 41 72 45 95 26 44 1
47 66 35 50 96 69 89 78 51 93 73 74 72 48 84 17 16 69 55 47 88 59 11 81 40 81 14 65 82 18 10 75 10 41 49 35 37 8 35 25 10 24 33 19 9 79 65 6 31 17 51 28 78 54 40 69 56 31 37 38 61 29 72 75 75 88 93 39 14 74 43 32 72 93 92 26 94 56 6 86 56 30 17 96 70 60 40 17 57 65 74 27 3 67 24 42 102 40 78 22
30 16 42 18 21 74 24 66 23 76 21 18 85 43 64 43 13 60 65 82 41 48 64 49 93 6 52 4 18 35 14 77 41 7 94 15 16 44 14 24 32 11 73 23 82 42 54 20 33 77 12 63 75 3 68 28 81 38 51 51 26 46 24 29 6 6 11 57 86 28 80 11 54 24 95 21 94 53 30 16 96 45 48 -2 13 60 101 15 55 2 58 94 26 80 84 20 74 84 101 28
75 96 25 49 7 58 48 46 90 13 71 94 6 55 66 36 51 78 91 93 42 81 21 88 73 60 95 61 84 56 40 31 93 65 99 42 6 100 86 44 24 14 67 17 18 77 68 88 87 52 68 52 29 87 82 41 48 85 64 74 95 27 62 47 8 56 12 11 101 30 70 35 35 24 28 44 88 57 77 50 30 84 71 43 19 12 97 92 67 58 35 91 48 100 81 79 44 43 45 19
38 34 83 67 47 83 11 2 35 -3 61 6 10 39 86 8 98 62 68 74 5 0 18 49 41 63 37 64 26 36 2 38 47 92 89 21 25 70 76 32 40 95 101 -1 32 66 7 78 41 52 13 38 53 27 65 40 38 47 67 56 30 16 85 47 50 46 3 10 27 43 60 6 56 66 59 77 41 -3 14 52 29 93 45 56 85 4 52 45 97 59 92 86 72 44 86 29 2 32 95 34
99 60 87 16 58 40 98 14 25 21 94 38 6 29 96 98 74 74 4 37 25 89 45 93 13 44 16 28 51 18 14 49 90 71 90 57 7 31 6 13 26 35 66 93 45 82 45 91 5 69 30 69 60 96 11 42 94 75 45 90 25 56 39 43 91 90 72 61 46 88 56 79 99 70 48 15 56 44 92 49 41 88 94 31 79 69 96 9 96 59 83 80 43 96 59 76 4 44 82 35
15 22 89 70 72 -3 40 31 2 69 36 82 92 64 5 89 24 65 27 44 21 9 74 78 53 82 65 4 23 73 17 28 99 -3 21 20 52 93 37 41 58 14 99 71 21 82 36 86 61 17 68 5 8 2 20 30 95 12 90 64 60 59 57 43 91 1 74 33 36 -2 57 47 76 72 54 21 70 95 57 25 58 12 63 71 53 51 26 -3 86 81 43 46 77 48 12 30 85 87 32 54
66 32 11 47 88 70 96 92 13 95 14 26 95 56 7 17 84 31 74 60 31 91 99 27 53 40 5 58 100 20 27 36 93 99 79 20 31 51 25 3 30 74 8 61 85 2 42 89 27 99 22 13 60 46 88 94 73 61 74 60 14 29 40 27 81 62 26 74 96 28 64 12 18 58 21 60 41 67 75 31 33 82 27 30 92 17 34 35 47 5 102 55 42 33 40 15 19 4 36 84
101 15 94 80 7 16 52 3 50 20 24 4 97 43 89 4 21 90 92 15 45 64 73 48 20 40 36 61 75 25 71 67 94 27 20 89 25 37 90 68 82 33 89 70 26 15 31 64 28 73 38 7 67 7 49 93 33 14 64 85 66 86 62 -2 72 59 58 52 65 86 95 67 17 18 40 49 19 10 88 54 15 90 57 15 28 58 74 43 45 26 89 47 48 34 7 18 35 29 47 85
94 32 25 51 101 33 46 53 74 10 37 4 72 43 77 59 74 33 101 66 81 66 40 88 47 94 20 1 56 32 90 83 72 59 69 94 30 71 9 3 24 25 39 66 56 53 16 50 24 59 49 39 8 48 65 58 93 55 81 12 83 3 15 11 17 45 21 54 51 19 45 9 96 39 16 29 13 80 59 26 35 73 82 24 62 83 17 16 4 16 27 33 66 43 66 57 73 31 66 10
97 92 69 43 92 20 47 16 5 16 61 80 88 95 11 17 86 25 56 5 72 13 59 68 97 27 12 68 14 22 99 51 40 47 23 64 6 6 92 41 81 47 71 46 9 64 27 61 101 95 88 -2 93 20 82 17 100 80 94 49 76 39 67 93 73 61 12 35 43 68 38 46 55 91 81 63 5 57 49 45 97 72 14 23 5 23 61 30 11 28 78 42 2 49 33 95 12 84 81 95
93 43 74 18 24 15 6 19 30 83 7 67 52 68 20 55 65 61 5 23 20 21 50 79 28 65 70 32 32 99 5 49 102 53 83 76 102 26 79 66 70 53 45 87 73 70 74 93 39 63 81 89 7 45 25 16 76 38 76 58 16 88 10 61 90 87 73 36 83 36 84 18 67 24 51 45 68 71 71 13 32 42 47 73 24 95 90 34 88 6 15 41 44 69 18 17 81 78 20 62
25 11 101 20 54 22 7 61 36 64 79 91 26 76 14 29 92 37 65 29 79 32 86 73 89 9 17 60 59 11 40 52 68 78 89 85 22 31 78 2 88 16 30 -2 57 56 31 41 26 26 93 55 12 9 14 51 58 3 57 2 60 81 91 69 66 19 76 12 4 66 2 26 86 9 19 76 8 8 94 23 85 17 50 60 98 38 64 32 38 33 64 9 70 27 92 57 49 27 95 71
98 5 30 100 14 62 43 83 31 91 82 96 42 34 85 85 29 81 85 64 82 1 91 56 67 44 72 23 10 70 29 97 100 20 74 99 68 31 50 14 90 74 15 43 87 26 85 48 24 96 73 96 12 42 83 69 74 72 39 11 17 70 90 84 76 66 91 75 80 80 31 9 41 92 42 30 52 100 61 96 14 48 66 66 52 5 74 35 47 60 87 33 53 39 17 61 44 61 81 13
54 33 21 24 16 66 53 19 59 27 62 44 38 85 62 54 80 22 8 94 80 8 7 95 71 -1 4 30 97 0 20 26 42 93 32 75 58 6 11 36 94 13 18 70 74 0 57 19 16 32 81 92 46 74 49 76 91 74 54 85 37 21 17 87 27 36 11 68 55 84 11 26 8 54 95 0 91 57 11 5 17 -1 12 21 45 62 79 -3 101 48 47 3 42 48 83 60 51 77 22 83
18 81 70 71 37 61 89 56 24 93 44 16 16 83 36 24 96 81 88 52 99 8 47 5 57 2 47 81 51 41 52 75 72 13 32 100 57 70 37 88 79 8 44 83 73 10 23 86 39 88 9 29 54 59 25 7 5 4 73 37 30 44 42 79 85 35 7 65 53 11 57 84 59 15 20 93 56 4 28 95 77 98 70 100 95 20 11 29 32 37 25 12 51 39 51 87 6 22 31 98
23 77 12 50 17 81 59 4 51 1 55 81 26 78 59 85 20 87 72 3 70 4 40 11 51 45 28 -1 43 96 49 16 101 39 96 60 38 25 24 22 89 30 56 23 7 2 31 91 34 77 8 25 26 32 33 49 92 34 30 39 54 88 28 63 5 53 49 89 30 2 64 59 99 72 45 38 48 94 25 24 11 37 84 4 98 74 26 25 20 8 42 61 72 96 90 36 9 31 94 8
65 55 64 63 93 88 48 33 22 31 11 75 80 37 74 73 15 68 4 60 64 41 48 10 48 99 74 85 50 16 3 87 19 51 100 28 70 39 69 49 100 39 65 89 36 34 40 87 98 90 88 25 49 4 97 80 21 65 17 90 43 73 80 12 59 83 42 80 45 61 87 72 42 53 67 3 80 17 36 87 58 68 47 32 45 62 25 38 23 25 71 17 38 36 83 60 40 66 64 40
7 38 75 20 100 60 23 63 77 23 29 49 2 85 21 14 30 51 80 24 87 27 34 43 88 48 52 63 35 65 87 34 2 28 45 3 59 7 14 13 47 29 54 -2 83 39 79 59 91 20 79 18 8 56 13 61 56 52 85 29 89 65 48 41 30 70 16 57 85 86 67 56 74 12 87 96 55 89 97 40 29 54 93 -3 100 37 4 51 31 75 12 49 89 36 85 27 83 64 10 49
18 100 53 88 42 88 48 11 68 70 58 97 15 65 50 46 102 4 8 28 84 77 21 74 77 50 61 49 100 57 72 86 72 95 8 20 98 34 20 58 82 91 86 17 47 70 70 64 93 53 62 76 36 78 85 72 67 1 99 42 42 30 11 35 80 81 87 65 40 75 12 21 7 4 98 78 53 37 23 40 44 71 3 47 64 68 36 57 5 77 54 75 5 61 77 9 43 21 30 10
26 55 24 45 67 49 82 73 3 13 8 -1 82 35 49 42 18 86 47 1 43 30 101 92 44 65 46 32 16 76 62 31 17 76 58 3 95 73 8 3 56 12 65 30 96 87 15 60 80 66 50 5 45 93 54 11 36 95 51 72 23 76 20 50 31 10 31 35 41 23 43 43 23 92 100 75 49 84 43 23 28 74 67 60 8 -3 6 10 53 31 16 51 80 90 92 72 32 85 38 60
15 6 20 91 63 96 50 9 28 16 65 74 44 96 80 66 21 40 94 79 71 33 32 26 62 53 99 94 47 72 22 90 50 45 4 84 101 79 56 83 15 13 86 59 29 31 17 48 36 52 92 62 99 79 48 56 83 89 84 3 95 88 73 59 96 91 9 99 73 2 81 53 83 19 95 76 61 35 65 27 78 23 30 55 38 77 93 37 5 95 41 37 54 58 59 14 33 28 14 31
88 11 33 81 17 47 3 9 67 61 8 88 65 17 30 5 60 51 20 19 72 6 63 28 46 62 73 85 8 18 27 12 31 81 28 5 62 -2 2 23 20 52 97 0 69 47 79 53 11 -3 77 85 73 34 10 12 53 46 15 24 8 81 62 71 69 32 67 88 93 63 47 42 64 23 26 21 84 31 16 74 46 18 100 12 17 75 12 19 46 15 83 23 37 74 36 87 5 25 50 31
9 94 71 96 65 11 56 78 35 21 48 79 80 31 31 7 50 96 87 34 52 90 7 2 46 19 8 96 40 55 100 99 55 57 14 53 82 1 46 20 100 13 95 100 70 52 65 17 79 100 90 39 40 55 94 81 58 36 25 97 64 55 26 52 72 57 91 19 71 38 23 52 69 28 53 50 23 57 19 21 43 64 90 26 31 76 10 19 45 29 5 19 81 73 102 42 65 50 72 21
5 2 65 42 17 70 88 60 24 23 27 87 87 58 60 94 38 90 77 40 12 64 41 74 48 17 76 93 97 86 94 42 28 60 21 -3 8 59 54 82 95 28 62 12 78 22 11 3 29 70 100 18 14 8 31 69 43 78 4 45 18 9 96 77 24 96 40 20 23 31 29 72 70 42 75 29 29 37 26 20 6 67 16 45 95 45 28 3 60 24 3 76 101 26 79 96 19 4 40 26
11 19 86 43 4 76 68 88 70 53 45 25 24 18 74 70 52 70 21 36 24 68 33 98 22 55 93 60 8 89 100 79 63 15 82 4 3 27 87 25 18 7 53 4 26 43 30 21 26 58 40 35 36 20 8 34 48 55 42 29 95 84 64 24 23 97 76 69 80 81 45 93 98 11 9 16 3 11 79 93 17 9 85 97 40 10 25 66 66 26 26 37 80 23 86 94 10 43 73 41
35 6 64 82 70 17 92 33 83 84 100 26 24 74 77 44 18 87 22 64 24 87 96 52 48 2 92 95 69 96 82 55 64 7 46 -1 90 55 76 53 45 28 41 37 13 41 44 -3 10 87 63 81 6 21 46 92 3 -1 71 56 54 51 21 45 80 57 65 26 93 40 22 87 48 6 6 41 99 3 16 13 48 81 40 21 26 4 13 32 4 82 83 57 26 44 18 5 81 4 90 54
101 58 8 19 3 37 97 39 69 4 61 7 35 93 8 91 48 98 23 75 55 81 101 33 80 1 67 18 22 75 28 13 56 35 67 51 48 43 47 86 16 54 32 51 30 100 40 26 33 30 42 7 88 45 71 55 100 72 80 66 21 95 90 20 81 70 71 18 71 62 13 40 8 28 55 42 71 6 15 84 12 46 68 24 102 69 5 85 34 44 93 16 95 76 93 90 65 60 22 79
41 46 67 75 76 39 26 51 14 90 16 27 79 32 36 39 3 4 91 14 101 18 72 79 10 73 76 23 65 58 75 67 73 22 24 75 32 75 45 44 8 25 73 68 19 21 62 52 84 30 35 54 14 65 61 41 66 21 43 64 49 84 90 58 10 29 93 2 4 17 64 72 80 77 9 87 45 58 91 4 18 10 20 29 33 61 43 68 98 41 36 38 47 6 100 45 38 32 54 23
3 36 73 42 57 71 31 33 74 51 92 99 90 10 97 16 45 83 37 90 11 21 27 57 38 1 10 65 25 30 58 60 14 56 94 62 7 42 29 97 24 2 62 10 36 13 95 85 60 97 8 57 32 80 35 11 57 99 19 26 75 88 50 39 11 6 23 65 11 59 16 63 32 2 67 53 31 92 66 100 49 16 15 76 91 2 79 27 31 92 72 88 27 20 24 1 95 42 74 11
53 21 82 33 3 14 96 47 75 70 41 5 86 33 73 22 29 51 40 9 36 29 27 36 52 67 99 9 61 18 62 34 40 31 75 25 82 17 54 33 27 43 26 74 34 23 49 16 30 49 61 50 84 68 60 12 7 24 17 0 87 -3 8 24 41 41 10 43 48 33 64 79 49 83 8 41 40 29 74 84 69 36 60 11 24 25 78 32 80 66 72 36 48 44 64 7 60 63 97 21
33 20 9 49 82 13 97 1 69 8 87 83 100 3 82 83 87 70 76 71 88 26 58 13 60 90 72 75 28 93 6 66 73 55 85 61 44 64 88 93 50 70 98 19 56 2 62 24 30 29 102 29 83 70 43 59 37 82 36 20 15 42 40 23 75 81 93 13 57 3 52 56 58 84 85 24 87 33 26 72 35 38 62 70 92 35 78 99 89 99 34 24 83 34 48 88 19 43 48 94
93 40 48 62 15 62 6 21 5 7 5 35 6 92 36 45 77 53 13 4 33 54 42 36 48 76 56 23 72 60 12 34 53 2 60 15 20 13 47 50 79 74 84 47 14 48 33 70 26 29 58 3 36 53 91 10 74 9 25 12 39 44 55 96 61 90 63 34 97 74 77 80 24 38 70 5 42 17 58 96 58 19 49 75 74 46 43 30 91 24 30 21 34 0 40 59 91 92 6 0
74 12 51 86 45 30 84 73 80 19 11 42 64 54 57 12 29 36 98 98 39 59 71 11 73 96 38 59 18 17 36 5 86 8 19 9 82 77 83 78 26 26 10 12 68 69 5 69 97 77 17 11 34 69 99 44 97 18 51 22 87 29 21 23 3 16 72 92 101 37 8 65 26 77 39 84 14 89 29 74 33 49 86 3 64 83 83 54 19 94 87 65 17 50 28 32 82 100 6 95
92 8 45 42 29 63 22 84 76 2 47 31 14 -2 84 73 4 19 80 -1 95 2 35 79 25 43 4 30 44 20 14 51 3 11 32 83 72 93 21 13 2 93 65 82 34 57 99 74 63 84 56 84 21 35 84 76 75 64 91 5 78 46 5 69 94 50 64 15 89 29 53 64 65 60 94 44 7 35 45 85 48 44 6 57 50 55 46 11 49 83 64 93 66 76 41 15 17 39 51 74
41 92 47 12 58 100 13 31 20 86 24 49 60 66 16 80 44 13 30 87 51 90 94 3 36 3 7 66 25 31 78 61 80 57 7 73 99 85 33 43 88 53 100 4 8 47 45 79 40 54 14 30 28 75 36 25 40 83 98 48 97 68 4 16 29 12 17 53 76 92 7 36 50 91 7 71 57 7 32 71 50 91 66 43 20 80 44 12 57 61 45 40 100 87 83 48 93 10 62 62
3 32 50 70 82 61 77 35 93 67 30 63 78 59 75 37 37 34 10 35 20 83 43 68 63 9 3 59 91 51 74 84 9 33 95 18 39 -2 95 81 21 92 60 24 74 39 10 29 55 46 25 12 70 77 33 52 92 92 64 18 17 11 7 80 48 4 64 63 15 53 71 16 73 14 96 33 97 52 9 15 42 94 69 14 30 3 79 44 87 69 65 25 21 59 33 77 39 72 72 54
37 6 57 63 63 21 67 98 15 38 84 21 7 64 23 36 9 85 93 26 11 52 27 43 18 37 65 32 24 17 51 74 79 68 60 34 42 39 96 59 23 2 59 36 72 86 6 58 29 19 74 5 60 23 36 13 22 30 5 68 56 29 102 16 100 50 10 73 5 74 52 61 95 45 33 6 76 38 44 77 80 56 75 63 77 86 15 42 7 99 16 96 15 13 70 24 15 8 32 86
99 39 34 9 49 67 60 23 94 30 54 14 95 61 93 0 74 15 17 63 86 1 22 2 37 94 45 17 74 46 52 15 71 49 81 81 49 35 64 68 94 47 58 88 53 41 91 33 100 52 47 71 29 71 31 11 84 72 93 74 93 46 26 45 33 91 97 37 23 37 72 38 101 82 22 74 7 53 31 83 6 -2 3 36 83 88 78 26 25 66 96 3 75 89 92 1 59 64 16 73
8 2 72 43 6 37 19 27 35 76 47 27 65 61 46 78 42 1 3 34 50 24 39 81 92 42 52 17 98 24 79 2 21 100 3 93 82 99 16 92 17 78 33 33 89 1 97 39 23 55 45 4 6 20 101 70 61 35 71 83 19 42 40 35 61 25 61 38 40 99 90 80 42 43 61 72 98 36 57 14 83 72 67 49 60 16 91 15 69 3 13 62 83 23 5 25 22 46 39 14
100 40 64 33 29 83 23 3 89 32 46 72 43 18 3 70 84 11 88 13 9 8 90 0 30 11 82 0 45 12 80 14 93 -1 76 44 86 15 99 24 52 56 84 29 57 43 32 65 71 48 30 51 46 28 46 79 3 51 69 55 89 90 72 8 79 6 57 67 81 17 42 13 92 16 72 20 86 84 75 20 67 11 2 22 5 31 51 72 85 43 55 25 24 93 49 43 5 85 54 83
52 56 3 20 90 59 21 21 15 55 15 65 34 80 70 17 89 9 43 58 72 53 58 30 54 76 32 18 72 11 64 84 22 98 65 66 76 65 92 71 77 14 48 24 38 80 25 92 11 2 70 17 62 20 75 4 61 12 86 39 38 68 95 60 67 88 14 92 46 5 68 55 23 95 55 22 61 95 69 15 73 94 78 4 75 25 72 91 81 47 7 43 42 83 63 51 83 20 29 5
84 79 48 68 97 32 101 84 35 65 5 82 43 87 9 -1 99 41 88 27 95 23 32 9 52 25 95 86 91 34 101 59 21 21 69 49 50 35 55 91 9 42 73 10 77 35 36 19 54 52 66 76 56 82 76 25 42 87 75 80 66 74 72 81 15 84 45 95 71 61 41 21 31 40 92 1 57 69 11 21 86 53 11 65 29 32 89 44 89 34 5 15 87 12 99 77 54 93 41 30
45 38 7 60 63 37 41 81 55 82 48 59 86 14 71 67 66 100 42 4 97 31 91 89 17 54 52 12 92 1 66 100 36 91 23 92 12 77 57 24 21 8 23 42 31 30 45 88 99 60 38 34 45 47 58 53 101 24 23 73 98 61 93 62 3 22 10 67 101 31 64 40 6 57 8 49 54 47 18 10 66 29 47 32 69 35 91 14 101 22 74 100 42 55 5 48 25 85 80 47
49 43 21 49 92 46 20 30 38 63 11 20 52 50 68 21 50 89 93 19 38 57 101 -2 98 13 60 3 62 -1 12 93 86 46 2 20 67 87 6 74 33 91 72 6 67 39 13 68 49 66 81 3 84 50 25 17 77 89 96 93 42 0 52 -1 87 45 91 84 3 51 42 51 96 11 78 26 33 5 15 90 48 96 91 26 47 18 10 11 78 24 36 90 67 79 32 4 36 81 13 24
82 13 63 31 65 84 65 59 14 52 67 23 31 46 22 65 15 23 101 64 72 75 45 30 47 92 19 80 15 92 81 63 30 74 17 83 46 59 90 28 54 55 77 83 75 86 97 5 93 8 94 2 7 27 92 56 55 50 86 96 6 91 75 64 81 54 45 46 35 36 9 100 57 8 61 86 84 14 51 90 93 5 27 81 38 80 49 20 20 84 16 61 43 5 40 3 74 67 86 79
60 27 89 63 74 58 46 57 30 61 47 56 30 17 93 41 82 11 8 85 27 83 17 39 60 94 14 9 59 46 3 64 51 64 37 70 33 -2 10 4 37 69 13 36 55 77 92 42 4 6 29 71 55 7 76 36 88 37 81 78 45 95 40 33 29 6 56 66 80 43 41 68 67 43 5 35 97 69 81 68 13 66 7 0 35 69 26 65 59 2 41 71 57 42 97 -3 26 93 29 73
52 75 19 44 58 74 95 85 53 42 82 6 100 92 65 97 32 99 50 80 48 77 17 70 33 45 41 34 31 26 27 92 67 74 31 91 61 46 82 75 78 86 83 10 89 44 75 83 53 83 97 92 31 95 73 29 34 99 25 63 50 43 36 9 57 17 4 4 24 17 39 57 24 93 94 32 22 80 8 32 86 77 35 63 75 21 75 89 87 95 51 90 10 65 22 70 5 61 64 76
86 75 65 33 85 93 3 36 62 66 92 20 53 95 22 69 48 22 57 75 48 77 45 33 67 26 8 31 19 67 25 2 7 59 85 1 79 51 76 73 24 58 21 21 100 71 4 41 60 6 33 61 96 50 62 11 59 64 82 76 30 72 96 18 7 67 53 87 45 55 65 44 29 61 62 1 96 -1 38 72 16 37 11 9 40 78 15 20 63 91 29 23 9 32 18 31 50 23 95 43
El programa tardó 125 milisegundos en ejecutarse.
