92 48 94 21 51 50 71 47 65 94 75 74 60 25 27 25 48 71 86 50 47 20 8 55 33 99 87 80 4 47 91 59 81 3 52 98 25 28 67 81 42 92 70 42 44 47 79 93 100 65 92 78 61 90 5 34 65 18 34 48 10 96 8 27 10 15 46 84 46 48 69 9 17 53 12 56 61 89 86 67 59 20 31 33 44 48 100 56 59 44 102 81 54 98 78 53 95 72 7 23
74 82 70 66 28 20 62 29 55 12 24 22 94 14 5 46 74 58 6 52 67 54 97 19 63 40 77 -3 96 28 88 26 84 1 34 13 79 60 80 16 65 58 80 77 2 -1 57 85 4 11 17 2 83 64 85 76 15 47 62 63 87 60 101 54 83 63 19 9 99 31 46 14 41 94 86 20 77 32 100 18 81 30 49 13 22 21 28 55 71 44 8 31 34 11 56 88 49 74 39 52
40 32 25 30 95 39 83 6 12 72 87 28 3 48 7 78 27 52 62 28 35 89 89 71 13 99 44 69 97 58 38 14 91 23 42 34 67 64 101 39 22 63 96 31 97 68 70 12 96 5 83 1 36 92 72 39 41 13 34 12 64 36 90 6 28 24 98 84 28 69 74 19 96 87 44 51 20 92 21 54 46 58 76 51 39 100 41 34 47 78 102 6 33 66 40 92 75 94 97 31
96 37 73 81 70 -3 29 80 85 38 75 64 83 10 52 41 77 65 45 49 49 4 80 81 64 68 44 90 101 58 101 68 84 54 69 82 27 14 88 3 21 9 56 68 19 33 24 0 12 76 69 74 73 89 36 49 67 14 63 37 37 63 18 21 73 10 12 89 17 10 90 4 38 55 81 96 91 7 94 86 16 76 36 91 86 18 65 17 85 96 51 39 20 31 6 21 2 68 49 12
14 51 46 43 42 98 78 83 25 27 83 20 79 37 24 30 58 21 28 81 13 65 97 80 58 75 102 51 99 34 53 64 82 33 45 10 50 44 30 58 10 91 61 95 46 38 15 15 50 18 91 92 34 58 70 29 26 99 84 71 14 43 87 14 81 87 27 59 54 64 42 2 12 60 32 69 74 93 73 78 24 36 6 2 90 86 5 5 83 72 52 17 5 13 87 20 87 58 62 21
91 51 27 83 95 94 19 24 15 72 35 48 84 0 16 84 66 12 101 29 16 75 32 80 22 65 73 29 44 44 65 57 52 52 30 60 85 60 89 2 26 84 41 17 34 1 74 18 11 87 57 41 9 25 16 51 38 29 88 56 39 55 42 55 100 72 64 70 45 15 91 16 4 39 74 75 66 31 96 64 70 71 18 91 30 67 8 40 86 13 51 27 97 76 42 9 32 48 79 71
84 64 35 29 40 83 37 24 71 97 42 94 58 23 61 11 59 46 17 77 38 50 48 10 9 82 54 73 50 29 52 5 82 94 76 21 4 12 48 66 75 16 4 17 40 72 91 63 21 51 52 84 92 29 39 18 79 55 13 91 64 67 4 64 53 88 41 27 61 62 69 71 5 81 48 70 56 62 81 56 60 47 69 27 6 92 94 81 101 52 47 4 26 72 41 19 20 15 72 50
92 75 45 20 72 3 54 91 53 76 15 49 31 68 13 41 32 17 56 10 55 70 33 32 72 50 23 35 25 66 95 31 66 34 88 13 85 28 95 53 57 25 75 16 19 87 15 28 96 61 23 12 39 68 93 27 10 2 55 51 56 28 16 44 14 70 60 61 86 21 40 87 55 14 41 92 80 65 85 27 88 86 61 -3 5 69 96 2 16 6 99 35 3 46 38 86 41 48 10 39
12 34 75 66 18 87 21 89 10 67 56 59 88 57 34 47 46 34 9 30 61 73 23 13 42 53 8 34 61 52 13 52 81 46 56 79 31 45 102 96 36 63 30 58 5 16 69 75 86 22 51 31 67 76 56 84 34 81 84 81 51 81 44 6 8 82 90 70 70 45 38 46 39 2 70 64 58 40 42 48 13 14 84 24 81 63 95 1 61 50 32 55 42 9 79 51 39 11 27 67
82 67 40 73 91 61 2 7 65 61 84 96 18 25 31 62 80 38 7 32 80 26 46 -1 21 31 15 93 9 84 92 48 7 58 22 19 31 62 49 45 68 69 21 83 84 75 9 33 2 14 82 88 6 56 93 37 70 70 20 84 39 21 36 49 14 51 40 39 49 72 86 93 77 85 30 58 67 43 93 39 87 46 90 37 12 77 78 4 20 64 4 84 36 74 7 58 63 47 77 54
10 68 25 12 43 6 27 79 37 91 8 46 67 31 82 76 65 92 44 57 39 22 15 98 39 65 56 78 5 12 49 27 94 92 18 94 47 35 75 19 14 72 35 23 58 97 93 94 77 39 87 63 35 72 66 91 72 3 59 70 83 78 30 41 67 67 93 3 36 81 22 41 53 7 57 37 98 53 100 10 89 23 7 59 95 69 79 80 41 79 71 77 87 12 10 44 73 8 11 11
53 39 58 54 35 45 21 48 88 32 74 79 75 29 69 95 42 85 60 3 38 32 100 12 4 64 70 73 48 65 45 70 21 34 6 37 99 83 23 50 82 88 85 74 76 4 9 38 21 74 98 48 82 87 10 29 24 82 91 44 72 15 92 29 32 49 25 41 86 72 24 9 77 80 4 42 48 15 40 61 101 4 83 76 80 72 43 62 39 6 75 26 28 31 99 30 69 14 48 54
13 91 88 56 50 22 58 36 50 80 9 97 17 66 59 100 12 4 75 34 96 30 11 79 101 25 26 80 54 6 47 80 73 4 42 79 3 21 85 24 45 83 57 82 19 69 91 53 41 57 86 62 49 56 38 81 90 79 22 3 17 60 8 27 65 87 71 68 47 81 33 72 33 54 21 64 67 99 69 33 59 4 65 19 63 5 65 21 59 35 39 60 96 45 53 51 34 41 27 64
100 90 74 9 6 39 48 93 31 65 27 14 36 38 35 78 18 23 89 75 98 73 57 58 52 12 66 94 52 47 66 30 17 71 49 51 30 24 46 79 30 1 92 35 20 56 5 32 57 38 58 49 23 60 51 14 25 20 60 78 16 54 17 77 42 16 27 14 46 50 46 28 86 59 58 64 38 28 44 80 43 11 39 95 87 62 62 6 94 36 57 84 70 68 65 68 82 80 3 86
6 90 4 49 12 67 79 33 40 31 83 95 55 45 33 4 28 45 10 92 80 6 101 95 56 89 67 91 16 91 13 8 24 12 12 42 17 68 94 55 52 69 36 66 101 86 94 86 31 47 26 14 65 4 91 32 89 55 87 24 15 63 71 70 58 17 51 64 43 34 80 15 76 66 61 18 55 93 92 4 30 25 6 67 40 67 46 53 54 36 66 57 100 75 45 65 20 53 59 66
20 60 17 35 89 34 26 10 28 81 85 12 19 85 99 59 71 89 82 34 33 20 2 8 17 39 37 27 99 78 18 87 55 17 92 14 90 7 19 94 56 42 29 34 101 70 11 23 7 -2 36 17 54 64 74 93 43 16 11 35 24 57 88 76 37 96 17 38 54 63 63 58 9 32 4 43 47 32 32 19 85 5 85 36 63 20 69 86 7 34 26 -3 38 50 37 3 68 7 77 62
23 6 78 44 39 44 65 98 100 81 3 6 89 25 17 16 25 33 54 40 47 57 7 2 8 67 18 48 30 96 10 1 15 37 46 38 40 47 25 70 82 3 89 88 15 79 11 51 48 25 55 98 86 48 29 58 52 3 63 56 59 61 91 24 66 94 22 41 39 13 59 38 48 63 93 44 70 72 53 59 32 50 84 74 34 1 48 100 98 53 101 81 59 44 70 23 85 79 54 20
12 10 31 62 44 80 82 28 90 48 64 10 45 22 64 10 19 53 27 77 63 -2 5 96 37 -3 8 50 46 18 35 -3 26 66 51 24 11 64 53 38 91 5 67 26 20 17 3 0 35 57 15 5 62 56 62 80 61 13 60 32 100 76 80 86 98 17 51 51 90 49 5 63 36 2 68 55 82 51 73 1 21 40 28 0 30 26 63 73 39 39 61 59 5 39 25 10 89 15 89 -1
79 74 51 7 34 26 68 21 93 29 31 2 65 33 75 82 86 84 26 12 33 63 60 44 99 85 56 87 19 47 80 51 86 69 51 89 56 49 94 54 30 77 50 87 28 79 89 65 9 77 41 48 89 78 57 63 73 21 54 4 4 62 47 19 37 95 67 16 89 51 68 89 85 45 92 61 98 13 6 8 46 82 39 26 99 19 87 76 97 3 78 57 25 66 6 15 84 79 47 39
100 22 83 53 83 90 87 66 69 25 43 61 40 42 85 53 81 80 8 14 44 29 59 76 15 94 62 2 51 81 30 56 40 40 23 5 43 23 53 46 46 87 29 59 91 74 2 33 96 0 33 42 65 1 35 7 78 48 46 7 5 13 82 46 56 12 87 67 39 42 30 12 63 59 34 14 28 51 11 74 69 22 68 -3 65 67 92 87 21 22 61 18 43 33 46 -2 43 1 57 20
10 26 47 62 44 64 42 63 24 60 102 70 57 29 92 99 17 31 47 76 27 83 69 52 18 13 34 2 17 40 84 98 76 21 5 92 77 52 38 6 17 40 29 71 29 59 49 45 3 49 41 79 41 50 88 3 70 91 23 29 3 77 89 5 92 89 97 74 17 29 32 16 74 90 29 11 75 96 78 70 71 92 75 44 85 39 24 62 9 92 97 77 65 63 11 88 24 49 42 21
14 69 93 24 64 58 70 31 42 31 54 93 26 -3 53 26 99 78 26 16 96 31 96 0 45 42 57 94 43 54 49 90 66 90 20 74 74 -2 16 55 92 1 66 27 40 70 64 30 7 7 67 16 70 77 8 5 45 90 95 93 56 10 10 32 93 11 30 54 28 2 23 57 81 -3 9 68 88 85 77 25 5 39 40 23 82 3 65 19 7 44 57 76 46 78 4 15 44 73 80 -1
50 8 62 85 76 53 14 52 11 39 70 36 75 2 97 22 73 6 84 39 51 95 80 36 58 51 45 34 23 75 101 95 40 85 56 84 79 7 87 4 99 2 79 12 26 66 92 22 55 1 15 61 6 69 61 12 84 10 37 85 36 10 70 98 83 98 58 78 95 41 89 47 11 29 76 70 62 30 72 28 42 1 35 70 94 79 48 27 4 52 70 28 78 72 100 17 79 44 41 39
7 -1 31 -3 3 58 70 17 66 1 70 88 84 63 44 28 17 48 46 86 20 -3 28 17 29 40 55 74 96 43 18 0 96 69 100 25 97 68 33 34 24 27 45 11 40 6 5 11 85 11 57 52 42 63 31 -2 83 33 98 32 57 59 89 7 61 46 98 94 63 23 48 50 52 24 25 65 70 11 98 36 58 89 33 -3 79 20 95 96 2 43 48 9 37 12 9 53 89 59 24 63
33 81 87 75 74 61 95 37 49 86 99 55 19 32 67 25 70 11 25 60 91 30 76 48 99 59 80 89 33 15 70 7 35 92 10 22 101 32 92 87 14 20 92 31 65 53 101 75 25 62 19 99 98 14 22 87 47 56 75 10 19 37 36 34 59 59 96 4 55 2 44 68 33 100 99 88 38 22 61 3 9 61 20 85 50 30 37 88 9 92 80 19 86 82 89 76 42 92 88 100
2 30 15 25 94 19 39 41 63 51 20 32 32 13 67 39 97 61 46 47 41 4 64 67 40 29 28 58 78 -3 71 84 24 58 94 60 31 36 7 83 25 36 81 80 84 63 94 82 96 44 48 77 59 59 78 57 41 43 87 32 60 6 76 74 100 80 87 80 55 31 84 69 58 85 87 56 74 4 32 62 8 47 20 65 91 8 66 32 8 6 53 93 34 95 99 82 28 78 56 7
33 15 68 50 74 11 56 37 11 48 58 56 26 25 68 99 65 22 16 34 55 29 17 60 93 73 61 19 65 64 68 99 73 40 29 8 3 15 41 22 96 81 49 56 32 55 88 82 101 4 28 41 46 45 41 49 83 46 71 1 84 34 73 80 49 61 93 51 68 31 21 60 56 97 79 22 69 38 64 12 59 71 8 78 85 67 67 9 47 62 42 8 75 88 13 32 41 98 52 96
79 62 100 52 86 1 27 15 48 91 77 48 80 20 88 9 22 36 28 43 78 29 6 35 50 25 47 75 98 34 92 94 58 68 55 28 30 85 18 -3 73 96 53 35 77 58 74 95 84 23 4 89 14 5 70 3 93 8 7 2 44 46 51 91 80 49 87 -3 71 78 84 16 94 28 23 15 32 11 9 25 38 21 90 88 45 57 88 53 15 12 74 5 81 35 4 80 46 79 10 65
65 76 55 50 83 64 23 5 32 6 72 30 71 3 97 17 50 5 69 8 51 33 89 61 44 16 65 20 83 64 59 60 79 44 67 45 37 65 100 56 22 30 97 65 99 60 69 10 60 36 91 19 68 89 70 12 60 92 22 38 57 94 28 72 79 97 9 20 9 30 61 90 87 72 16 77 4 20 39 41 46 99 63 84 14 90 78 6 47 4 95 4 27 72 30 49 20 60 79 52
55 37 39 12 58 29 32 42 89 33 94 0 28 74 97 44 75 84 90 25 30 55 17 79 14 15 79 81 70 73 76 9 16 39 83 84 43 91 11 74 67 35 81 23 14 3 9 44 72 70 5 73 87 6 43 42 96 29 6 49 68 35 15 18 19 51 73 89 78 -2 3 5 62 82 22 6 62 16 43 77 68 96 72 48 11 42 78 80 29 55 87 45 88 29 57 23 100 94 64 50
13 72 85 51 49 59 66 94 65 8 25 98 15 23 43 83 10 21 38 65 95 94 11 77 45 30 85 12 65 54 52 68 13 31 29 45 7 75 57 47 61 14 34 19 13 68 52 73 16 98 29 3 70 7 57 47 12 75 80 19 59 44 62 60 94 71 3 52 9 21 40 75 76 50 10 77 4 31 25 67 38 21 56 57 24 94 12 1 80 29 42 11 74 38 71 67 75 37 85 60
27 13 75 66 82 30 74 79 86 85 97 41 25 7 57 50 39 44 100 62 24 5 26 45 75 82 44 43 56 30 9 20 69 3 95 61 84 53 82 17 54 45 82 47 60 85 58 37 60 61 49 28 7 75 10 89 52 65 5 7 32 57 37 21 30 65 67 23 32 72 100 61 64 13 36 24 77 22 53 50 60 59 70 44 99 39 72 35 97 84 25 77 14 70 51 49 85 47 97 70
57 26 4 18 21 89 73 96 7 8 16 19 39 39 69 57 34 77 17 66 8 65 39 73 91 69 71 27 92 37 51 9 32 64 5 82 93 72 83 44 39 40 26 76 46 35 83 39 74 85 4 24 13 78 86 3 6 87 4 19 26 33 3 86 65 34 4 53 60 26 99 52 23 64 33 25 24 49 41 96 19 72 16 31 27 12 82 25 67 57 11 27 41 80 8 2 102 54 65 31
65 30 65 29 79 2 33 -1 82 45 48 43 24 48 47 2 27 44 3 78 70 44 2 47 50 86 97 2 68 35 14 65 20 95 47 6 50 45 82 76 91 28 96 53 54 68 16 24 55 59 10 93 66 53 56 6 38 8 8 40 35 30 72 34 5 52 57 -1 60 29 19 79 5 90 99 87 52 65 4 3 46 58 82 68 28 13 66 73 89 11 21 13 96 81 95 13 20 17 10 53
12 69 31 45 8 33 53 87 42 46 16 97 78 39 90 27 69 34 8 39 52 6 43 75 86 28 62 14 42 59 4 84 3 94 31 77 81 71 20 59 54 75 72 20 49 53 80 58 60 42 34 83 19 61 96 29 16 5 62 7 18 75 17 31 74 39 66 71 5 8 40 25 70 26 20 25 87 37 100 17 98 94 94 8 38 94 47 90 34 2 34 9 84 39 47 81 72 27 51 17
76 88 67 53 2 18 74 60 67 25 33 15 78 59 80 56 41 38 50 32 15 17 8 60 96 17 56 64 41 91 23 54 59 21 29 53 91 8 77 -2 72 25 69 77 3 81 97 90 13 72 27 93 71 60 89 58 7 66 57 24 49 36 27 53 48 80 11 58 27 78 91 36 66 75 92 68 13 9 56 56 64 37 56 66 85 48 49 77 42 94 13 58 23 87 19 -1 73 68 66 64
6 75 7 74 96 69 100 3 40 2 93 13 45 17 101 61 80 66 57 56 27 6 67 40 21 8 101 26 14 94 54 80 93 50 86 76 20 71 44 29 88 21 12 49 77 8 51 48 94 12 32 71 17 25 93 14 21 3 75 55 49 55 92 94 33 57 22 96 63 92 95 87 42 87 60 69 14 54 5 67 6 12 16 73 74 86 83 68 43 85 30 83 29 88 56 93 69 44 31 91
88 55 38 47 94 16 18 56 25 64 61 28 61 15 75 15 42 7 43 82 93 31 45 66 68 -1 73 74 92 75 62 79 8 16 87 11 4 30 24 7 3 95 43 63 41 54 29 38 76 31 29 44 29 -3 23 62 69 56 72 13 18 7 39 33 101 79 24 -3 75 39 10 41 98 15 44 73 44 89 95 35 74 44 94 50 52 16 48 55 70 68 33 17 83 37 21 62 73 60 69 88
62 94 82 84 75 38 4 34 101 14 71 96 42 67 72 60 27 66 67 50 11 29 78 50 72 30 93 60 31 75 71 92 100 31 102 30 98 39 3 89 11 59 30 24 84 25 78 61 24 22 93 49 32 47 78 35 62 24 75 44 82 27 20 6 63 75 21 83 42 41 88 16 101 49 52 27 22 92 42 76 90 75 47 98 99 47 92 32 3 12 67 52 69 62 96 50 42 35 16 68
21 84 18 69 17 52 70 94 30 16 58 70 36 38 4 22 41 44 22 93 14 94 5 33 15 4 29 76 51 40 60 1 54 55 40 87 34 90 51 29 4 8 67 12 63 7 86 9 33 95 8 86 9 5 58 96 9 61 97 52 59 14 19 86 40 6 82 85 91 30 90 69 47 10 59 25 96 14 57 94 81 22 24 -3 44 16 34 36 99 1 34 17 43 33 70 1 73 26 79 11
55 46 42 76 87 33 3 99 61 44 68 93 49 8 27 100 94 10 22 42 28 8 81 9 71 59 47 59 74 37 21 6 5 60 70 1 15 85 97 92 67 33 100 41 4 75 6 14 46 38 52 75 76 16 41 79 5 54 5 44 49 82 22 81 47 66 20 33 51 60 53 99 38 41 61 83 86 37 76 32 33 49 88 23 50 16 84 71 35 58 25 25 72 93 21 52 52 20 27 22
35 14 98 4 43 6 82 54 7 25 84 22 77 94 37 39 79 42 52 90 31 62 24 44 97 31 7 63 12 87 32 47 43 2 4 92 75 59 55 24 71 88 44 3 65 4 93 38 42 19 9 23 28 31 6 72 91 92 63 67 33 19 44 23 21 -1 41 50 34 21 87 21 19 64 101 -2 49 40 94 77 21 2 101 53 25 16 30 51 86 1 37 90 43 25 5 95 56 86 55 24
55 71 85 27 102 27 10 53 67 18 16 9 81 70 52 33 23 35 100 93 74 62 47 71 29 4 99 1 65 42 74 94 40 1 57 52 73 19 51 42 96 19 79 12 65 19 75 53 73 38 90 76 3 8 94 74 101 67 73 19 4 46 37 49 36 30 54 86 14 45 63 50 24 63 95 98 32 13 21 70 64 35 88 1 23 6 19 83 76 26 89 83 17 48 46 33 25 17 19 29
79 57 4 22 51 69 21 94 101 19 41 20 23 17 63 35 36 56 69 65 92 66 101 80 94 17 46 71 38 5 71 66 67 -2 39 88 14 79 60 94 33 16 78 -3 49 34 64 18 85 44 101 7 47 80 58 12 68 50 34 61 4 7 17 80 15 25 44 66 35 59 61 90 31 69 82 12 67 53 35 46 59 81 99 32 55 85 25 41 20 76 77 41 14 83 75 54 22 5 47 30
94 78 67 70 69 83 58 20 9 88 62 30 29 14 24 83 37 10 36 100 29 10 78 33 18 80 41 35 95 12 86 83 27 58 72 3 42 42 21 33 17 16 40 40 102 14 86 90 28 62 69 91 28 11 43 68 35 56 61 94 16 37 94 48 57 9 14 95 48 12 99 5 79 61 73 6 13 41 43 10 24 71 49 49 100 91 97 77 6 82 48 42 47 62 11 14 39 38 88 26
83 27 41 89 77 57 89 19 27 84 24 46 31 10 72 92 92 20 3 73 55 16 7 39 41 16 14 72 31 2 80 28 80 41 69 71 79 75 87 80 77 73 77 29 63 75 61 32 56 90 26 84 89 43 98 57 98 92 89 6 3 0 37 12 50 60 31 73 33 40 4 42 18 62 39 89 47 60 30 71 9 55 2 81 8 1 10 35 27 52 2 76 48 59 49 64 64 41 101 34
102 5 13 12 16 89 36 81 61 88 100 57 27 50 47 64 53 71 79 95 50 95 18 64 45 75 67 31 57 96 97 86 20 16 39 45 50 20 5 10 96 30 10 38 59 85 84 37 72 55 8 45 15 13 33 2 22 50 36 72 51 9 13 49 74 49 8 100 53 61 41 18 45 100 80 75 66 18 102 59 14 24 34 53 52 13 37 75 61 93 67 91 15 15 98 90 7 25 12 93
64 44 74 53 12 21 80 38 88 1 28 58 47 39 4 -3 34 25 94 4 23 5 16 45 32 64 36 57 47 70 6 72 21 96 61 1 51 64 36 72 36 92 38 35 4 49 88 90 83 71 62 90 97 24 6 20 13 43 73 83 70 16 30 54 57 65 13 5 28 63 48 38 98 55 79 23 45 61 5 74 84 14 17 45 69 58 58 87 16 86 50 72 71 89 49 33 45 35 38 42
4 99 49 24 88 18 28 35 55 83 85 91 35 83 21 84 30 79 58 24 100 53 74 49 79 58 26 57 50 30 22 13 48 77 76 47 7 26 69 88 57 50 44 33 14 72 101 10 91 11 44 32 4 85 5 1 75 79 12 3 14 40 14 42 81 58 73 14 32 59 97 95 63 22 101 73 80 19 66 66 41 78 23 5 50 40 81 81 63 2 72 3 68 6 64 38 26 88 16 75
36 27 47 44 33 58 3 57 91 58 37 61 13 39 3 -3 68 2 50 -2 38 59 25 66 59 91 57 42 4 63 63 17 23 37 51 34 76 60 86 83 55 42 13 73 93 88 63 44 53 56 44 68 99 22 19 59 20 6 97 32 45 38 36 95 93 38 13 0 64 96 54 43 93 42 48 23 36 28 38 71 35 48 66 49 77 34 18 62 40 29 97 14 17 11 12 53 34 29 12 0
75 90 88 46 43 16 71 23 20 27 32 63 89 12 8 45 89 19 27 10 82 87 4 85 97 96 55 8 40 78 39 7 59 4 76 20 75 67 9 7 14 44 54 31 56 75 90 92 20 66 32 99 11 20 47 73 53 55 64 25 39 53 38 15 38 76 74 85 42 65 60 30 87 34 91 34 102 47 31 17 29 89 78 77 61 23 10 51 58 25 54 55 75 11 98 8 17 57 85 9
48 55 70 55 24 32 84 96 88 73 38 72 80 69 53 8 8 60 30 34 23 6 51 63 82 72 48 13 32 84 66 8 50 22 48 94 83 1 52 73 83 68 24 41 97 58 20 4 88 45 20 32 65 24 23 9 14 62 95 12 16 87 66 86 69 47 98 38 59 61 22 17 78 16 47 24 44 59 47 35 24 11 16 -2 90 72 25 20 69 29 67 40 89 91 73 58 45 20 79 50
95 84 98 92 50 51 78 85 31 89 91 13 89 38 50 32 4 23 81 25 67 31 99 49 83 83 3 45 5 66 95 66 94 84 46 92 32 21 92 96 43 12 79 54 87 73 44 75 49 24 77 81 32 14 35 62 77 63 6 51 57 82 96 6 81 64 10 14 18 11 84 41 98 49 39 19 63 15 40 75 71 59 99 61 12 52 59 89 73 66 96 11 16 30 25 49 67 54 48 25
94 60 13 2 27 71 39 23 36 84 44 29 99 0 69 26 15 70 44 27 82 62 13 22 45 22 69 91 54 90 97 65 84 35 67 15 80 46 61 22 60 52 98 93 65 11 36 64 79 37 40 29 49 24 100 33 34 64 51 64 60 34 63 94 33 92 54 5 55 84 86 72 4 59 79 73 32 45 64 8 54 31 69 46 90 78 14 20 86 81 32 44 62 77 29 23 5 91 18 79
54 32 26 59 65 92 23 82 63 2 68 25 26 80 57 46 63 16 53 32 45 14 56 16 77 11 99 11 14 34 82 41 63 73 58 19 95 57 65 85 101 77 55 82 48 86 90 13 60 1 17 18 41 97 101 34 57 91 57 52 72 4 13 3 60 74 101 19 67 13 26 15 90 70 8 94 14 19 89 17 27 38 93 23 59 10 71 47 18 59 58 32 73 67 14 72 44 39 8 30
53 88 95 61 2 88 83 46 40 88 20 62 2 24 53 71 37 6 3 7 81 52 41 56 89 64 43 9 88 88 83 36 41 65 67 33 7 2 38 74 89 82 17 5 93 65 98 3 91 7 7 37 58 79 70 55 2 56 52 59 28 83 34 87 57 45 78 1 54 88 81 40 100 89 41 50 61 78 4 5 53 81 16 83 42 71 91 63 56 61 52 58 57 41 29 34 33 73 84 -3
88 41 45 67 63 84 54 15 42 52 13 1 47 87 83 44 34 5 25 67 29 53 10 14 64 11 6 41 86 78 60 31 77 69 91 59 98 6 25 79 89 4 30 31 85 2 82 67 92 16 80 45 42 52 55 66 85 39 78 68 27 20 14 18 88 55 33 96 82 97 61 6 43 99 68 99 88 25 49 32 8 68 89 64 84 72 34 20 87 3 89 37 97 98 49 58 62 11 92 8
79 29 59 44 22 53 93 1 31 54 40 4 3 17 76 71 62 66 64 58 71 24 79 70 25 48 21 14 32 68 65 93 12 89 88 88 45 96 17 19 18 32 18 55 56 34 42 39 87 21 39 21 6 50 78 96 12 95 51 39 61 5 35 76 50 55 86 29 67 26 96 96 73 72 61 69 50 5 78 -3 65 42 29 61 79 13 28 39 36 -3 35 94 95 68 87 49 20 24 97 64
55 21 66 78 63 54 98 10 47 11 5 34 30 6 37 74 82 60 25 72 92 48 99 36 60 55 67 89 53 60 22 17 73 42 99 43 46 5 68 83 85 79 36 79 98 95 54 13 9 67 89 61 42 74 67 78 67 89 53 49 43 46 92 69 8 8 89 1 41 43 8 55 9 14 64 60 41 3 58 66 96 23 60 70 9 90 67 37 53 52 58 30 41 1 83 53 7 45 54 72
22 17 63 66 13 7 78 32 92 22 26 23 71 93 19 57 77 50 44 47 40 12 55 23 69 81 37 24 49 88 69 15 46 92 20 -1 22 5 100 85 73 93 83 2 39 50 29 28 33 48 15 45 25 5 30 26 60 40 22 9 38 20 30 87 89 32 67 30 81 68 47 15 44 38 55 59 80 84 6 76 16 9 38 35 89 3 54 33 22 76 3 18 17 88 25 -3 27 36 81 49
89 93 22 84 83 64 75 62 87 79 17 82 9 46 11 26 35 51 89 1 29 46 55 43 16 4 49 21 27 95 36 87 43 19 23 48 86 46 87 61 16 83 91 11 41 4 92 46 46 83 6 94 32 63 81 28 15 16 31 7 65 42 38 50 12 7 85 63 100 84 99 13 72 38 75 71 27 71 52 34 79 18 45 98 8 67 79 16 41 54 98 51 82 83 89 18 43 99 46 73
67 38 39 0 9 92 92 52 22 69 43 5 71 26 85 22 14 69 11 74 86 60 51 44 44 1 69 31 74 28 27 41 13 32 56 2 68 86 49 34 8 14 2 90 81 66 48 59 88 67 14 81 51 80 75 95 51 23 47 33 96 53 55 18 36 34 30 62 23 5 44 74 101 54 64 48 47 2 22 28 54 45 21 5 6 32 69 29 44 75 15 -2 16 95 94 1 47 5 14 4
71 17 16 61 85 74 18 48 73 90 15 88 67 29 24 36 96 54 7 57 62 100 52 30 66 32 13 58 13 52 5 69 26 79 15 58 66 92 77 41 43 45 25 32 76 43 44 19 47 27 13 26 5 61 3 45 17 86 69 32 39 98 28 57 64 27 97 9 67 20 73 98 58 85 50 59 17 21 44 42 15 75 76 46 39 20 96 16 39 70 28 30 68 11 61 33 68 40 41 42
24 5 87 30 97 51 6 17 25 13 49 15 56 36 79 91 9 90 72 13 65 24 95 72 12 11 70 15 11 51 95 93 31 36 89 68 4 90 83 15 76 39 9 9 16 9 57 68 94 55 52 93 3 14 88 24 3 53 81 28 64 0 50 95 90 38 16 33 98 24 18 18 50 44 73 79 47 75 74 67 67 73 11 79 46 9 13 -1 66 79 66 35 26 65 26 33 98 17 66 64
15 85 96 10 23 5 91 53 55 89 39 78 101 44 102 10 33 32 91 34 30 49 62 44 75 69 99 75 57 31 25 56 61 36 74 40 77 32 47 8 63 59 28 97 84 66 78 68 15 89 82 50 44 48 13 94 54 70 40 92 5 57 6 10 8 62 40 37 47 38 10 13 9 88 51 96 69 58 63 82 58 77 64 78 43 69 34 9 73 18 88 39 76 26 36 48 101 41 79 14
81 82 17 56 61 4 27 77 43 68 28 10 70 63 7 71 13 72 8 41 44 94 46 26 84 46 40 1 93 64 78 8 34 91 76 35 62 51 97 95 26 40 12 81 46 32 99 82 3 15 99 71 32 19 98 42 34 81 74 74 16 88 56 66 79 47 88 28 94 63 50 48 87 67 49 29 43 19 74 11 46 54 89 90 38 31 55 73 49 15 65 84 56 82 7 10 48 53 13 29
78 4 83 57 97 11 28 85 83 6 83 38 15 28 55 57 3 49 22 81 37 84 89 70 71 33 81 76 99 96 38 94 82 97 84 10 92 6 83 60 70 3 74 31 98 14 48 33 39 5 95 70 66 95 64 85 27 45 84 37 100 31 87 98 77 19 37 90 76 34 101 96 46 4 15 22 101 59 20 89 86 57 80 19 79 14 78 60 60 3 102 93 53 19 48 49 93 81 58 80
41 80 55 0 63 19 25 68 79 91 61 95 90 77 39 2 26 28 33 52 63 18 53 43 26 54 29 94 18 51 46 13 12 53 71 34 84 69 44 77 83 -1 67 72 15 3 59 69 25 84 20 46 98 37 69 24 26 50 37 80 20 19 73 62 16 84 6 0 4 70 13 13 42 83 29 24 62 80 45 1 40 -1 17 52 31 38 84 29 79 11 77 4 79 42 83 12 83 95 60 79
101 80 97 71 63 89 52 45 36 59 40 50 95 44 8 59 97 87 72 91 52 71 87 24 66 60 31 6 64 73 15 81 9 28 12 36 56 13 92 5 19 91 70 51 3 9 34 84 80 86 88 60 90 16 88 65 28 2 33 71 76 55 90 12 21 22 99 13 93 86 31 4 80 81 17 6 30 44 64 80 36 87 53 41 83 79 66 83 11 55 54 19 76 74 30 91 11 34 9 40
78 34 60 17 2 30 6 51 73 74 96 34 18 88 48 19 54 12 74 21 101 15 15 23 58 94 14 64 81 27 10 43 59 1 3 87 43 42 35 89 77 81 79 25 49 92 46 43 77 27 63 18 96 4 23 61 71 0 96 73 40 25 39 31 45 64 50 19 11 3 10 -1 58 68 54 64 98 53 56 -3 12 13 33 11 92 71 26 40 67 80 53 6 101 69 51 78 63 -2 31 22
72 40 18 18 72 92 38 2 100 81 4 35 75 27 16 97 7 55 102 92 73 64 85 24 3 36 16 73 39 60 3 69 78 63 24 9 87 85 9 26 87 42 31 7 23 68 73 85 17 39 56 51 82 57 12 63 62 52 27 54 93 81 68 67 28 65 87 94 6 32 43 23 55 22 21 46 72 16 31 15 37 72 62 97 81 38 19 12 50 67 46 10 72 18 16 82 43 24 8 72
86 47 47 21 47 70 49 42 39 62 34 58 98 67 14 91 95 42 10 69 85 12 58 70 100 94 87 58 76 32 97 87 11 2 47 -1 69 14 63 80 4 94 22 83 80 74 14 64 58 1 2 63 67 26 70 48 60 -3 71 94 40 76 71 22 65 41 72 81 20 47 78 58 97 63 32 -1 44 21 72 95 7 72 21 57 15 55 14 80 90 62 15 0 62 90 67 90 42 58 85 86
62 91 4 73 21 30 34 78 6 39 42 50 5 34 51 18 49 29 91 16 12 24 69 27 70 94 96 91 88 86 27 94 98 41 97 96 83 81 74 48 25 55 77 13 88 64 84 75 88 21 33 11 86 53 52 80 88 100 101 51 46 92 91 21 92 84 38 9 65 28 67 66 29 71 16 86 35 91 15 45 73 69 91 76 89 61 43 98 77 3 64 32 54 40 22 54 100 90 30 37
12 75 87 69 49 11 84 62 64 22 41 39 17 90 50 14 13 86 100 22 84 39 15 26 42 33 34 74 36 64 22 10 50 64 10 86 96 39 33 75 57 40 10 33 81 51 68 18 99 45 100 16 29 20 88 5 75 21 66 35 57 18 69 73 18 91 55 39 46 58 90 17 97 77 68 22 71 23 35 53 81 67 2 79 3 39 79 65 5 87 48 35 74 42 97 82 41 90 71 1
65 78 46 40 52 61 52 42 62 2 67 7 70 92 46 27 3 54 46 28 58 10 99 45 89 41 12 61 17 30 39 66 43 63 56 28 58 49 96 74 47 23 12 24 53 58 59 47 85 51 27 32 40 2 54 32 57 54 19 56 30 16 97 34 73 58 80 46 49 19 70 21 17 32 97 8 23 60 7 38 47 77 91 97 75 24 8 45 75 41 79 43 94 56 3 47 36 93 33 75
101 57 38 69 52 45 86 8 29 80 55 18 34 53 96 57 57 74 89 85 90 59 80 34 12 11 6 20 23 26 70 82 6 -2 46 -1 52 76 70 67 57 94 65 4 71 58 98 74 45 49 63 38 41 95 45 33 76 10 53 32 79 38 96 39 58 53 28 0 82 32 79 56 26 50 3 70 11 84 55 23 59 83 43 93 14 82 49 82 71 44 18 93 65 0 91 17 88 2 44 30
49 96 25 70 25 24 89 77 25 71 86 43 20 49 49 21 36 87 76 72 20 26 57 88 58 17 74 59 100 91 41 95 99 79 55 14 53 51 56 85 97 16 27 86 8 61 74 52 78 78 90 42 49 48 82 2 63 58 78 33 46 44 32 34 42 51 52 57 9 35 48 31 67 60 39 22 46 28 85 3 3 69 41 44 77 89 71 12 62 45 66 50 21 35 16 70 5 47 40 71
85 34 36 0 75 51 17 29 9 -2 43 8 17 35 88 90 28 25 96 66 78 37 55 76 86 43 6 43 99 30 26 12 101 7 55 44 51 76 43 54 57 70 55 94 66 4 53 64 78 81 76 21 72 70 82 90 15 75 96 4 28 76 63 37 52 55 75 -2 13 68 49 47 92 78 44 49 38 17 92 20 11 85 52 64 55 75 74 44 63 63 36 95 2 59 36 13 85 11 90 50
4 86 15 64 47 48 45 58 6 69 97 36 17 78 99 5 36 80 67 73 63 37 52 93 97 96 79 91 8 48 34 25 40 83 86 66 86 46 30 17 88 25 26 68 98 13 47 49 87 75 30 6 48 81 75 44 19 82 9 67 7 96 23 77 98 34 20 71 46 83 55 29 33 17 48 63 16 24 42 44 40 67 26 30 96 51 5 65 14 91 92 8 11 23 26 46 18 60 57 3
91 12 35 65 36 6 23 58 56 73 18 3 100 6 93 52 4 90 94 20 84 62 33 63 56 93 48 96 33 83 11 78 99 86 39 4 72 24 6 41 15 64 11 -2 94 70 53 12 84 87 60 74 41 41 88 39 2 95 55 15 28 29 93 31 69 93 15 45 58 88 62 95 16 43 76 28 33 48 42 86 78 38 17 14 80 20 101 56 46 49 10 6 17 13 52 25 52 61 33 87
40 86 30 11 48 52 50 60 10 73 66 50 12 59 38 50 77 24 68 70 88 84 43 32 49 94 50 38 14 73 66 23 3 49 85 83 31 87 25 58 13 55 86 39 62 96 38 96 13 4 24 87 93 97 35 58 39 12 48 22 17 86 78 30 15 89 51 77 11 13 56 72 74 74 24 66 54 94 91 18 27 83 63 37 8 85 46 59 25 98 35 44 29 19 54 40 80 24 24 79
66 59 89 18 32 59 94 26 81 58 54 69 87 90 66 37 83 57 47 3 47 67 66 -2 56 18 45 80 28 46 15 92 54 87 18 15 30 27 63 66 56 69 42 83 91 63 74 15 24 7 95 10 54 65 38 90 7 92 44 80 31 25 38 64 73 35 55 9 31 10 27 32 74 86 98 56 90 22 71 15 69 77 16 82 34 12 77 94 67 25 77 68 33 0 3 11 53 26 43 57
59 43 24 91 15 15 13 89 39 20 99 72 94 76 25 6 67 1 62 91 15 60 33 25 16 44 42 100 71 87 83 27 70 42 61 31 62 69 58 21 68 77 93 74 34 99 68 45 7 91 70 77 51 62 4 29 84 7 61 25 87 80 83 94 47 54 75 36 49 85 43 32 85 81 51 86 44 2 89 89 92 62 44 54 58 61 67 72 80 27 20 46 17 88 43 19 13 81 15 43
31 34 8 19 97 72 16 65 70 64 19 1 68 58 87 93 88 66 73 51 16 35 27 13 14 -3 57 92 75 58 45 38 83 90 26 49 67 89 97 32 56 16 98 13 50 91 86 66 69 46 79 27 43 7 70 50 93 30 44 53 100 63 84 1 17 81 43 84 76 0 96 28 67 47 9 13 98 24 53 57 33 -1 85 67 27 9 62 28 59 66 95 84 95 14 53 25 28 3 36 72
33 2 84 39 45 79 51 96 24 27 93 47 84 79 16 53 71 9 24 98 83 32 62 76 35 41 67 12 72 50 100 51 91 99 78 6 82 30 24 6 25 17 101 72 74 16 12 72 46 70 77 17 82 76 51 80 101 32 31 52 52 42 55 59 4 62 63 4 27 43 53 38 34 65 82 68 17 5 59 87 55 19 77 36 44 8 61 28 50 56 85 71 49 30 85 8 97 58 25 5
13 -2 21 30 6 87 95 78 19 67 29 75 19 86 57 73 58 25 32 28 10 67 51 55 61 71 96 45 64 35 18 83 8 91 48 11 22 -2 25 40 41 89 61 36 90 21 14 53 89 3 29 35 96 69 22 50 80 77 5 68 100 36 51 60 92 86 67 40 14 48 72 45 78 34 48 87 86 83 97 22 60 61 40 94 50 65 64 33 83 38 43 33 38 8 101 38 60 42 52 4
29 24 76 68 69 22 72 19 56 1 44 40 70 2 8 59 15 72 50 55 55 21 99 25 35 71 50 95 50 40 57 22 101 42 58 87 33 1 39 41 61 20 24 45 34 41 85 87 23 26 16 71 37 44 71 12 63 78 51 75 95 29 76 66 67 5 91 64 24 83 63 95 90 14 20 4 46 91 11 16 17 49 47 37 94 32 58 72 38 43 15 38 100 26 44 42 87 47 96 21
18 57 56 45 98 85 24 27 72 43 17 8 90 7 80 89 14 44 68 3 67 48 24 96 45 6 49 51 5 14 61 43 22 80 58 45 67 22 70 58 65 -1 58 68 60 19 39 87 31 64 57 90 28 18 73 13 14 50 73 21 31 95 84 37 5 33 77 69 89 42 78 45 2 -2 62 40 55 62 90 36 63 87 81 59 58 72 28 84 43 82 59 9 44 29 44 65 56 53 65 24
83 1 34 74 51 1 10 71 35 35 24 85 94 52 89 99 89 50 18 88 5 66 4 88 21 84 96 52 73 71 19 60 27 90 85 92 57 64 40 64 32 10 61 1 59 83 28 71 88 16 45 21 100 92 71 2 94 23 87 76 63 57 97 97 24 1 73 99 65 84 80 96 26 56 90 19 74 82 82 80 38 43 27 99 97 38 38 1 34 37 8 30 86 31 73 8 86 75 84 25
52 21 95 16 29 37 18 70 79 9 29 31 36 64 56 44 75 -3 56 56 50 60 54 59 5 59 3 91 49 93 16 47 97 88 76 16 9 83 58 75 12 30 32 57 14 -1 94 33 11 87 51 34 29 49 31 71 78 9 30 4 6 8 94 43 70 19 32 71 28 35 31 17 97 41 42 14 93 57 79 30 69 25 28 56 80 40 62 19 57 85 100 79 71 63 80 44 43 5 28 56
17 63 4 87 76 65 39 58 53 12 66 84 42 86 22 28 23 85 42 61 29 44 15 6 67 74 37 37 35 37 34 64 61 70 38 14 44 30 86 98 32 60 90 16 90 36 59 54 90 59 99 100 72 79 98 2 32 1 96 70 74 63 7 33 22 57 82 58 31 17 21 26 57 44 55 71 31 35 52 14 60 49 99 93 37 88 102 51 64 93 62 11 88 97 94 44 83 88 70 97
91 96 63 17 86 65 48 52 33 27 14 30 10 16 56 43 63 11 23 19 75 1 39 3 21 28 59 -3 11 77 58 46 27 15 51 10 86 55 78 24 50 92 3 94 99 23 85 55 3 42 55 45 88 68 79 70 70 77 43 48 59 35 84 27 36 77 100 51 33 30 36 88 65 74 83 77 72 51 61 71 88 13 56 -2 37 96 60 13 54 44 36 31 71 86 42 15 76 85 87 17
31 14 86 39 78 84 23 3 90 72 27 80 9 59 52 18 11 80 87 73 101 23 86 51 40 64 95 55 71 88 64 40 67 46 76 94 98 90 3 19 86 16 99 5 22 51 54 31 13 30 12 76 60 98 21 58 59 87 5 70 23 40 91 44 84 61 80 98 77 68 68 20 47 6 24 68 88 14 10 40 49 61 94 51 48 14 12 90 33 3 91 31 65 30 97 44 79 46 61 14
62 39 85 66 17 71 39 23 30 20 76 91 38 60 70 27 11 23 49 0 81 19 13 10 28 78 63 31 28 48 53 51 72 73 39 58 31 24 77 72 14 42 15 9 51 29 56 95 16 0 41 48 90 91 75 -1 41 12 41 14 36 19 86 38 97 69 48 -1 67 27 74 43 59 93 19 15 71 93 74 51 61 37 51 68 76 -1 60 12 49 18 75 49 10 41 12 73 31 0 6 16
31 16 24 52 73 37 56 6 81 93 102 9 21 7 44 12 82 85 87 49 59 58 73 41 60 26 77 57 19 77 46 92 53 17 38 43 5 79 41 28 70 54 47 98 7 14 69 74 91 86 90 53 13 74 85 17 20 100 4 96 39 6 35 12 30 29 51 94 38 27 40 11 79 22 53 29 62 6 65 85 74 24 29 31 83 67 21 84 101 56 11 83 101 23 89 65 76 95 34 17
91 34 86 92 60 91 21 40 73 81 87 88 54 88 21 59 94 50 76 55 63 84 46 58 77 5 16 35 98 7 38 93 56 6 33 93 58 81 64 11 10 45 62 79 4 72 98 50 70 64 2 50 18 74 53 33 54 45 80 55 11 60 69 47 55 92 22 95 30 11 78 54 93 62 64 27 61 -2 87 -1 2 86 82 73 50 90 57 96 6 9 95 35 61 88 77 11 22 37 83 58
74 33 46 81 81 61 26 66 71 14 17 11 47 93 50 54 64 22 82 88 4 64 41 74 84 65 81 56 18 41 58 69 96 50 63 46 83 43 58 69 51 63 52 97 46 21 16 87 64 17 83 60 36 90 102 37 83 96 6 6 55 37 46 86 98 11 89 60 8 41 11 95 94 33 51 46 78 87 35 29 50 83 14 6 67 58 36 24 39 78 60 26 64 23 79 50 86 79 21 1
19 76 51 11 77 85 44 86 21 -3 90 78 42 71 17 67 9 90 67 96 37 35 26 86 74 79 16 82 5 54 96 45 31 63 64 85 9 41 48 94 57 12 2 23 34 23 35 13 30 92 3 87 27 27 83 92 22 55 72 40 13 23 21 59 20 16 85 54 96 62 87 2 87 0 62 71 59 2 46 91 79 53 71 85 97 31 46 -2 87 28 58 63 49 7 16 61 68 -3 51 66
38 85 63 60 80 61 95 45 99 92 32 55 34 29 88 81 84 100 42 87 45 39 58 73 63 67 93 66 24 91 85 22 40 55 23 94 42 25 44 62 98 77 63 76 87 98 52 14 102 99 98 41 58 9 26 77 37 6 59 1 94 86 89 27 64 16 81 28 17 30 80 88 22 97 12 18 40 95 59 72 100 14 67 67 80 26 10 24 59 26 40 98 60 9 86 18 92 94 39 88
2 78 38 66 27 77 96 -3 36 19 42 82 40 43 67 24 89 12 98 54 6 81 33 70 16 55 64 55 17 23 51 55 99 52 80 14 62 31 37 11 15 13 45 65 5 51 58 94 52 56 92 4 53 81 81 43 37 74 65 95 70 -1 3 50 82 20 72 4 89 36 48 41 81 22 2 65 29 1 27 52 100 29 5 -2 12 91 73 78 61 41 76 31 51 38 16 15 95 -2 3 4
El programa tardó 134 milisegundos en ejecutarse.
