63 24 33 28 62 50 23 14 98 81 9 52 46 100 72 68 70 92 29 21 58 14 87 47 32 47 75 50 73 93 56 18 37 70 8 44 90 61 73 70 7 83 27 46 56 21 83 58 85 10 44 59 61 34 43 100 49 40 72 52 20 65 73 66 58 18 93 28 12 53 8 35 66 20 44 19 21 96 63 17 95 28 39 30 94 69 91 41 87 16 16 45 36 96 85 74 46 9 81 70
79 57 44 27 59 86 72 81 15 28 30 66 60 35 99 5 71 4 61 86 50 52 91 13 61 39 29 75 16 93 76 63 58 92 40 78 4 2 94 2 64 86 10 78 24 37 82 67 60 15 55 2 11 27 5 21 75 3 84 13 64 88 18 59 16 3 63 36 29 94 76 82 27 16 6 30 7 96 38 46 75 34 28 19 9 8 23 5 95 67 56 16 65 26 13 21 22 87 83 31
86 38 24 10 11 8 6 37 24 24 76 21 3 76 99 11 69 10 33 32 4 72 97 33 5 73 12 39 87 7 98 51 87 94 55 87 9 62 7 58 18 78 34 11 37 55 79 68 51 42 32 45 97 90 37 57 33 23 97 33 11 33 77 26 62 2 97 34 68 14 70 75 40 18 96 34 59 72 38 26 28 16 36 83 67 67 61 22 43 73 6 22 75 31 34 75 46 73 15 80
70 47 96 61 28 36 11 47 25 80 83 93 76 47 19 70 92 43 87 71 74 70 69 77 43 49 22 38 89 12 58 85 52 65 30 -2 32 69 61 47 92 12 72 24 2 7 76 79 74 42 93 0 46 29 83 38 96 55 59 72 91 90 36 15 41 47 86 94 51 77 28 60 52 -2 39 87 90 69 5 75 82 40 46 74 5 25 98 14 87 67 64 24 63 89 15 91 17 72 2 44
101 98 12 95 15 43 61 99 74 12 24 22 31 1 71 18 9 64 41 45 26 40 41 79 11 31 46 18 4 47 16 21 5 84 50 82 90 92 36 39 31 19 101 82 78 98 43 91 26 30 54 59 82 50 62 88 45 84 11 88 77 41 66 62 12 11 82 81 17 69 96 37 15 40 25 79 56 9 99 28 70 5 66 89 22 40 100 69 17 31 98 59 11 99 24 24 36 70 25 77
2 89 39 39 93 32 86 43 18 84 80 65 49 69 84 80 61 46 66 86 81 34 3 16 34 16 41 21 25 96 81 13 96 41 88 46 27 73 90 22 18 86 97 24 48 67 14 49 55 94 91 95 78 54 51 88 24 94 32 22 52 47 70 63 79 51 72 18 64 50 94 77 8 6 15 88 31 54 100 39 93 73 8 67 46 51 46 59 14 70 71 40 29 61 77 0 87 5 38 62
65 17 70 34 66 54 76 38 70 10 95 33 43 79 86 88 53 57 48 37 38 17 25 75 52 85 45 16 56 91 86 13 47 42 85 39 44 30 31 75 97 43 50 59 99 42 66 36 60 33 65 13 89 25 98 60 62 83 67 44 86 38 21 35 60 18 25 69 47 63 12 15 91 54 38 56 70 27 41 30 5 97 89 91 8 62 19 56 45 26 27 38 44 31 44 78 85 63 21 29
34 35 17 63 69 92 92 29 82 6 47 60 15 26 33 90 101 2 37 47 39 49 52 37 77 0 55 25 52 55 16 -2 43 71 30 49 31 68 79 66 17 11 85 86 42 29 17 24 76 27 51 86 87 78 94 -3 62 73 95 -3 97 19 51 6 39 0 53 51 99 48 86 38 62 50 68 7 17 4 56 52 3 9 62 30 89 46 31 -1 69 20 93 44 23 86 75 4 97 -2 79 80
6 25 42 59 97 5 94 12 43 53 93 3 7 59 53 39 9 63 4 30 64 53 60 98 7 28 87 98 94 22 79 70 91 62 58 48 97 8 34 10 98 94 43 85 77 62 82 67 75 83 64 47 17 17 89 22 15 83 87 71 40 65 12 85 40 18 102 39 71 92 65 24 79 33 70 58 6 79 23 10 37 36 64 9 61 56 98 15 59 35 76 72 30 71 74 85 29 47 84 97
12 17 7 76 51 24 85 -2 58 36 9 50 20 39 53 96 47 49 79 10 62 88 59 85 17 36 57 74 9 48 78 58 86 63 100 30 47 87 75 15 54 67 14 52 28 75 18 82 55 14 92 28 61 1 87 67 15 64 42 17 10 49 68 20 33 7 97 19 62 14 43 62 80 53 53 46 47 53 28 0 96 3 65 20 24 -3 13 66 22 15 9 31 66 76 8 17 2 58 86 35
102 38 90 4 35 15 9 80 99 34 23 72 71 49 31 70 5 56 87 3 76 17 84 52 73 1 23 58 8 13 35 31 33 93 12 79 85 3 88 58 97 45 15 20 29 15 87 92 8 77 55 44 21 59 96 81 64 57 21 54 14 8 64 27 74 35 24 25 60 46 93 39 46 60 22 51 71 97 76 89 94 19 11 42 21 64 74 4 17 43 42 18 37 41 44 87 7 57 9 89
59 91 31 33 55 64 20 23 67 21 98 96 95 20 47 56 76 31 58 91 83 91 20 39 82 80 13 74 5 38 92 86 99 0 37 43 81 80 27 73 98 94 46 89 72 83 50 36 79 49 42 57 40 11 82 22 2 27 29 68 4 36 45 87 65 32 28 2 91 79 6 27 27 45 57 72 77 35 3 89 86 90 35 12 69 11 61 16 69 71 32 67 76 68 2 4 10 88 78 71
58 58 98 80 96 30 101 35 58 70 30 19 22 73 54 68 64 88 43 2 96 4 49 61 49 53 13 33 63 66 25 43 75 99 73 62 39 19 89 97 76 61 51 43 102 9 34 44 52 2 29 72 56 23 9 82 33 46 19 90 65 25 91 59 98 8 15 68 35 64 7 17 61 51 77 83 88 17 78 32 58 23 37 72 47 9 93 32 89 40 51 15 39 14 44 90 11 25 28 81
73 33 73 88 76 22 15 37 59 25 11 42 75 52 13 34 73 74 3 88 11 42 52 51 73 80 67 -3 18 87 62 27 48 19 24 92 21 29 9 14 18 28 77 23 74 18 78 63 49 82 62 66 35 27 32 94 39 47 69 55 63 23 75 78 78 27 20 42 52 15 100 50 11 34 52 51 29 42 93 15 35 49 28 82 74 61 34 25 22 66 3 65 65 40 5 39 53 25 83 81
32 96 11 95 83 73 82 97 72 84 55 32 91 11 49 64 82 98 40 2 95 46 23 29 90 78 86 97 102 5 51 1 99 29 61 82 50 1 49 75 73 63 11 77 62 79 24 60 33 64 93 51 94 58 63 7 37 43 67 67 85 57 62 57 68 50 4 71 5 56 64 59 44 56 6 23 82 56 10 15 37 4 45 12 46 17 37 54 62 17 78 95 18 97 67 62 52 1 87 68
37 17 75 83 65 70 47 35 8 50 34 19 74 18 33 74 96 42 67 27 11 45 3 52 14 88 60 45 11 86 36 94 91 7 17 3 46 84 101 9 79 32 46 34 52 53 80 74 76 80 37 62 97 90 94 85 58 21 40 93 24 85 75 91 34 91 67 43 95 70 6 96 94 95 88 91 95 87 16 78 93 10 68 33 80 63 90 54 91 74 88 58 87 38 54 15 63 31 41 6
32 84 22 96 23 66 88 64 50 67 29 24 40 21 23 75 91 29 85 36 42 47 85 43 34 9 16 95 28 59 4 92 7 39 91 29 34 13 81 20 25 49 37 60 34 72 29 1 69 95 95 17 62 74 34 68 86 25 81 78 81 46 12 24 67 55 36 88 56 13 60 47 49 94 90 44 84 14 37 76 34 63 77 45 99 11 32 7 24 94 60 46 56 49 79 44 25 80 77 65
56 14 41 57 55 50 96 28 74 11 96 81 70 75 51 75 94 1 44 7 88 95 92 12 69 31 61 84 68 70 73 27 53 45 68 57 94 0 66 5 82 5 54 43 51 9 60 70 100 4 16 67 99 40 6 78 42 47 82 6 89 92 95 26 42 20 23 0 68 89 90 42 13 75 87 34 73 65 47 88 20 12 7 6 4 13 4 78 55 15 61 24 32 26 12 95 56 1 80 3
91 20 38 72 65 65 52 57 28 20 63 36 88 25 49 93 52 81 78 89 21 52 84 89 81 27 14 21 49 71 75 66 68 39 79 83 16 89 62 100 88 65 96 11 51 24 28 65 90 84 40 28 87 96 93 66 56 77 51 94 97 21 97 16 18 80 40 67 39 12 90 69 30 10 28 5 100 100 95 13 87 2 94 14 62 98 100 72 47 6 6 24 37 90 17 94 100 5 69 58
40 11 99 0 71 73 14 -3 6 72 99 51 80 -1 12 15 65 93 29 9 67 88 84 52 21 0 30 47 73 80 43 10 23 96 91 35 41 35 91 9 99 68 51 47 52 29 56 60 3 39 79 43 31 10 35 6 99 47 26 65 88 90 89 17 73 21 83 77 65 71 5 36 51 89 96 40 21 30 5 28 71 34 16 79 59 18 89 60 26 74 89 9 90 46 32 17 74 49 16 18
90 53 67 58 6 37 33 18 70 79 24 12 79 4 83 99 5 32 34 40 93 19 13 8 60 52 73 65 50 38 75 63 15 41 32 22 16 33 39 87 90 43 47 60 98 75 46 87 11 45 98 37 83 38 51 39 70 67 82 90 17 23 46 75 70 36 11 5 18 1 37 10 57 82 90 97 43 13 55 19 88 95 76 69 58 6 90 71 72 25 30 25 85 77 90 82 98 26 95 58
24 34 73 22 27 53 88 13 69 50 35 39 17 12 71 37 61 -3 39 4 7 46 32 14 63 39 50 57 76 63 13 87 45 26 32 15 60 65 59 28 2 67 4 -3 82 39 61 42 54 22 61 55 42 4 28 82 2 17 79 76 58 94 15 81 28 83 61 -3 68 15 86 34 81 65 7 70 20 21 91 84 68 60 8 42 24 84 75 95 54 73 82 45 34 66 72 21 35 2 35 27
84 7 34 3 44 1 88 49 3 77 92 24 91 45 99 22 75 100 76 79 63 62 8 7 31 2 10 62 31 54 42 47 65 37 78 84 19 12 69 15 36 46 24 43 69 51 13 26 93 3 26 30 78 78 41 21 21 68 67 95 4 81 84 33 12 60 78 71 59 3 78 79 95 10 46 56 44 36 14 57 91 58 90 91 90 51 32 25 68 4 68 79 13 56 20 1 18 39 55 47
87 22 81 9 76 91 4 19 9 69 92 68 60 96 101 9 99 35 53 67 94 35 39 62 56 23 17 7 40 32 8 77 76 -3 51 17 74 18 59 96 92 27 40 12 52 42 83 59 100 56 73 9 69 49 31 52 65 5 41 -1 2 24 49 43 44 55 51 28 88 74 17 1 59 69 47 60 89 15 101 51 94 42 60 8 28 60 76 84 25 87 58 56 8 39 67 55 88 1 59 19
49 10 8 24 49 77 17 6 99 96 38 98 32 27 7 69 13 29 73 47 18 78 74 100 100 30 10 43 26 16 99 57 74 47 70 25 28 87 17 39 74 91 87 77 70 31 86 78 36 84 83 98 92 47 87 81 21 43 100 20 78 55 11 56 47 45 76 9 78 86 52 94 62 52 84 58 68 15 27 11 76 97 72 47 60 36 79 47 22 56 72 29 69 14 39 93 20 55 71 82
96 88 55 88 71 86 51 8 95 19 17 20 92 48 57 18 14 48 17 82 78 -1 33 61 48 78 46 9 45 18 42 46 32 84 15 5 8 25 78 69 72 58 33 81 69 56 95 84 77 7 95 13 40 40 48 40 47 31 58 70 27 0 13 39 45 58 16 82 34 81 10 8 33 3 88 30 75 84 79 73 62 91 83 -1 6 47 55 88 49 52 22 13 2 12 57 57 81 83 12 41
58 65 85 42 14 34 11 63 65 16 76 49 77 41 18 93 18 22 100 68 98 76 100 61 42 3 48 45 86 17 25 48 35 95 69 47 64 72 49 22 84 25 79 78 37 52 7 78 83 25 95 94 11 42 81 20 81 32 17 76 32 12 58 64 15 72 46 34 90 82 98 50 21 3 87 56 13 31 69 82 29 55 12 30 45 7 29 48 75 16 60 96 81 83 55 77 92 40 5 12
13 60 50 29 66 70 16 32 100 38 83 72 66 26 90 57 60 46 35 4 74 55 43 51 61 66 57 -2 95 89 69 90 63 84 74 80 10 56 23 79 16 95 84 8 95 96 77 7 31 14 21 61 36 18 54 79 80 34 12 39 101 94 46 24 86 40 19 46 55 61 65 62 12 70 58 84 23 85 83 83 63 88 44 0 43 21 64 82 49 -3 85 62 60 47 100 42 85 22 36 38
56 77 80 61 27 36 87 35 14 59 74 43 50 79 42 78 66 63 28 71 48 70 13 95 66 52 52 47 88 35 39 94 89 8 87 89 48 7 102 30 58 98 82 72 44 31 93 72 35 50 92 87 99 28 65 43 34 6 102 94 25 10 74 41 45 46 26 74 13 54 67 33 77 34 40 18 63 87 12 97 53 96 47 6 84 28 53 59 18 49 82 50 54 80 25 29 42 44 5 30
27 92 89 47 38 72 46 19 11 35 63 12 16 92 92 6 67 10 41 -1 39 -1 29 22 92 44 44 38 69 15 87 64 7 38 55 17 9 72 52 83 37 21 99 73 73 49 29 17 59 70 97 42 52 45 84 55 82 88 3 60 54 92 91 26 51 47 83 26 25 17 69 56 97 42 25 86 100 18 79 39 94 7 64 93 26 27 16 14 78 93 64 50 50 53 25 48 33 15 11 43
92 43 10 62 71 9 92 17 11 85 24 38 43 40 53 50 55 82 71 31 60 9 91 57 59 27 40 42 23 89 6 86 3 63 47 18 75 95 5 95 77 40 77 17 34 16 66 64 96 73 46 37 71 14 71 34 65 84 11 99 29 86 92 97 92 49 3 26 21 46 72 72 89 24 78 69 25 78 43 56 26 96 91 66 84 45 71 18 8 88 43 37 74 82 16 74 102 13 60 48
88 89 62 81 33 57 6 0 73 21 33 30 30 55 30 39 87 6 11 91 72 38 101 49 80 75 29 95 86 15 98 23 28 81 100 44 97 24 28 20 51 9 91 36 11 13 13 8 99 43 72 7 3 69 71 2 98 15 95 92 30 20 56 20 86 63 77 67 94 52 62 18 72 77 96 26 22 16 90 89 6 0 17 -1 48 37 28 26 47 19 20 22 98 39 17 84 54 64 93 4
22 42 75 7 50 97 101 73 32 94 7 61 25 44 49 58 25 72 56 65 82 51 19 95 6 36 24 43 46 18 22 21 39 4 92 42 82 34 98 73 3 39 34 45 91 74 83 88 9 16 65 20 92 86 91 97 18 25 10 7 99 90 97 76 71 45 53 25 55 64 24 24 9 59 12 60 75 1 55 43 56 27 59 55 19 48 36 68 74 33 68 31 100 69 35 65 35 49 69 83
77 84 72 77 65 5 29 54 17 7 42 34 37 72 7 89 4 25 81 78 31 40 32 58 34 39 68 37 101 1 20 87 38 75 48 60 93 72 22 5 94 71 24 9 12 77 56 46 54 49 47 55 44 93 93 37 66 18 11 94 65 44 76 20 86 55 31 74 99 76 93 96 6 71 51 6 15 58 56 96 37 59 25 0 54 95 32 7 34 73 53 53 54 28 31 19 39 91 75 65
94 98 67 66 88 64 53 84 74 31 18 54 3 32 89 71 19 60 83 63 81 11 71 86 57 27 83 100 15 24 31 92 18 18 58 45 48 42 60 29 50 94 93 76 27 99 25 46 55 65 20 99 99 48 66 47 75 35 13 50 90 3 90 20 7 14 79 51 38 63 66 41 8 86 80 10 81 29 97 64 14 55 70 22 14 53 37 61 6 37 19 9 78 78 58 61 79 52 56 82
30 60 95 88 2 25 53 41 24 -1 26 42 80 44 47 53 80 70 62 3 43 63 45 12 41 84 47 8 39 6 82 42 44 13 9 39 99 11 25 94 30 17 101 56 92 69 19 80 10 2 20 30 10 -2 60 11 23 80 4 31 22 30 94 11 70 12 36 66 14 9 14 18 24 43 8 5 92 33 90 6 21 83 24 7 6 83 41 74 99 77 48 48 44 10 67 -2 46 69 19 21
81 3 65 43 56 65 95 45 96 14 12 57 14 14 93 92 96 75 101 50 67 28 49 78 95 86 41 66 39 55 97 14 39 32 66 16 93 67 49 4 90 56 23 77 72 85 34 10 102 5 22 19 46 10 16 64 43 56 67 39 55 33 102 5 56 2 13 13 43 60 11 72 61 39 11 94 90 68 65 100 44 91 32 16 14 70 28 76 76 55 88 79 87 67 96 56 65 69 87 31
93 4 6 66 35 14 96 68 22 85 49 34 84 39 93 34 64 52 73 88 54 12 33 46 72 3 12 75 31 82 62 22 88 87 4 63 59 22 47 96 61 51 66 7 17 14 22 88 88 96 23 29 5 67 45 20 81 22 42 8 47 50 32 70 17 83 3 14 90 74 17 8 33 87 92 10 60 78 30 63 79 3 26 0 26 77 25 4 31 65 32 29 45 1 70 50 36 84 33 24
23 20 101 29 32 11 24 63 95 12 96 32 68 89 33 79 21 90 11 98 26 41 14 86 40 16 5 56 13 36 99 36 36 86 28 19 60 10 14 45 12 16 51 61 75 6 37 94 60 97 74 60 16 6 51 40 94 35 29 20 96 80 30 32 65 91 69 93 15 78 38 83 94 73 6 74 99 43 51 74 70 58 46 30 91 17 26 72 12 41 32 92 9 64 69 90 3 41 79 19
82 42 81 27 21 5 90 8 22 5 101 81 37 14 67 38 90 69 36 64 55 27 47 4 72 37 79 30 17 76 51 58 64 48 60 89 99 87 20 32 38 53 48 2 51 53 62 78 44 95 21 55 86 18 46 4 46 0 80 21 4 39 12 46 32 27 55 61 9 42 89 42 16 33 32 28 56 63 33 66 31 44 20 72 28 82 29 59 101 48 4 70 55 53 28 63 99 34 78 5
94 6 93 27 75 65 49 98 41 59 93 55 76 33 44 33 66 10 68 43 9 70 80 76 60 46 42 63 25 83 64 40 55 82 64 26 97 27 36 27 50 83 6 53 52 81 76 27 52 77 52 94 68 47 39 77 24 76 36 3 36 5 83 49 85 55 46 43 55 97 5 10 15 83 71 90 29 14 9 79 57 73 74 52 44 6 57 61 22 13 22 25 81 59 83 46 22 2 85 59
76 85 82 -3 18 70 13 87 29 47 88 78 32 18 37 72 41 66 3 56 65 17 46 32 7 34 53 27 29 29 45 72 16 26 81 41 78 40 12 68 23 38 95 82 3 38 83 4 96 40 33 90 6 62 33 19 59 5 15 78 96 66 57 92 72 52 96 22 59 73 51 74 37 13 44 3 81 27 44 54 100 25 89 27 53 62 43 95 4 85 35 77 70 33 81 8 13 36 28 42
3 8 90 31 92 72 16 51 11 71 32 9 38 54 41 79 24 43 61 66 86 28 69 51 8 83 102 36 36 36 28 20 93 100 65 9 70 71 102 77 33 63 34 59 61 44 35 94 15 24 6 3 94 33 19 31 57 26 46 39 46 58 64 4 40 45 12 50 100 74 91 77 76 84 52 75 86 98 91 20 101 47 69 88 75 8 33 67 57 25 26 29 71 71 28 47 91 87 20 78
72 89 67 75 74 69 51 75 6 2 98 47 59 0 76 30 49 17 11 24 73 68 8 41 85 17 46 57 61 77 99 58 77 71 37 79 12 30 47 52 43 77 59 16 13 -1 78 51 66 91 55 53 47 14 6 76 72 78 33 21 3 58 88 82 67 -2 82 9 83 69 6 90 13 22 43 5 10 55 52 55 80 26 24 28 74 8 97 23 5 23 58 6 81 49 69 55 47 19 38 -3
87 52 79 35 23 10 69 87 14 8 51 61 50 39 28 65 11 77 67 51 54 30 44 25 91 87 25 39 86 10 96 95 43 76 51 66 84 90 14 77 31 44 53 28 62 20 43 21 3 1 77 87 12 86 83 100 87 61 7 90 55 35 27 85 36 99 32 26 67 40 53 36 57 86 60 39 89 47 53 56 38 62 57 63 65 63 93 77 48 13 40 57 91 76 40 64 77 57 53 42
64 9 10 70 49 61 100 75 57 81 10 91 26 65 23 39 63 70 77 37 61 17 44 65 89 45 56 4 100 20 3 81 88 26 48 86 28 36 72 52 54 33 30 12 3 29 25 -1 32 69 33 65 33 29 84 67 10 54 13 78 76 -3 80 54 86 85 72 28 94 31 101 34 50 2 3 74 61 64 7 21 7 81 60 0 21 14 44 69 21 75 88 66 55 12 76 2 90 96 66 83
78 6 29 24 53 92 35 58 98 2 7 23 84 48 15 55 99 39 25 31 62 65 57 36 31 61 78 45 86 48 53 94 15 28 24 27 76 6 11 22 101 30 69 84 5 89 80 25 37 60 71 48 26 70 65 99 35 51 99 28 100 78 73 80 41 7 17 97 50 13 89 22 50 83 92 46 69 24 60 57 16 69 20 6 81 13 33 44 51 4 39 27 32 6 98 23 15 26 70 59
40 -3 11 5 45 16 93 87 58 74 100 6 61 27 73 10 6 44 84 49 57 49 59 35 88 51 62 38 68 -1 51 75 2 65 45 79 61 48 7 64 98 34 39 59 4 61 100 87 52 73 99 55 98 69 92 23 59 14 23 -1 77 78 61 48 56 48 51 51 28 81 96 38 40 19 73 31 64 40 60 61 33 70 87 23 63 40 69 70 7 37 43 63 58 43 55 19 86 51 66 45
32 93 99 61 67 85 58 38 63 23 50 4 37 42 96 66 18 31 77 72 94 36 98 42 95 63 16 22 70 24 26 13 46 10 96 59 23 29 24 51 54 91 81 71 64 96 30 52 34 95 39 25 15 15 11 77 81 37 32 35 24 40 97 69 86 56 4 74 78 65 26 22 90 48 77 96 94 60 12 92 62 23 19 91 79 55 12 73 96 10 19 92 85 32 51 76 85 73 92 97
101 79 16 85 4 0 99 82 70 2 57 96 20 80 53 33 97 75 24 17 3 65 48 78 7 20 45 27 101 3 28 38 77 39 38 30 20 3 97 44 17 96 74 2 16 16 8 20 6 67 66 58 73 84 12 90 94 95 47 76 47 91 46 41 30 7 47 53 90 94 79 43 75 85 93 83 79 40 55 14 8 7 91 75 28 87 10 82 39 88 65 65 41 82 34 80 82 92 57 72
52 82 14 78 64 1 20 22 35 81 84 21 45 34 43 7 16 41 64 70 10 7 19 7 88 92 60 28 43 31 14 52 12 33 54 78 72 78 9 76 93 19 22 36 88 18 40 69 10 55 46 35 46 61 26 64 79 52 7 7 4 68 85 37 65 21 88 44 72 29 73 3 63 99 3 47 65 97 86 42 30 43 49 80 86 49 23 89 29 33 49 10 84 4 91 54 20 62 10 95
54 4 2 76 98 13 36 24 94 88 99 39 89 68 71 80 16 36 96 46 23 41 37 5 76 22 42 88 63 91 23 40 97 20 25 58 63 56 23 78 68 72 77 38 71 50 27 93 49 83 57 5 100 86 25 -2 37 85 17 31 46 81 63 3 49 62 81 61 22 58 78 93 33 54 76 94 22 58 85 52 24 75 22 8 53 27 4 83 90 6 52 6 92 45 44 20 44 55 19 66
55 90 87 31 21 95 21 24 77 68 26 21 31 99 36 8 62 90 76 58 57 95 69 62 36 4 39 19 41 47 36 56 101 48 90 21 83 29 38 72 5 9 34 46 61 23 3 94 42 63 45 30 16 86 13 55 75 52 72 75 84 91 17 54 26 13 85 19 71 46 13 50 84 73 8 70 87 35 63 84 31 71 36 83 86 35 33 97 66 74 47 38 96 6 20 33 12 92 60 51
23 60 80 49 100 12 96 24 58 64 69 -3 84 23 37 29 31 -2 73 85 28 55 97 39 88 8 79 -2 73 0 46 96 87 36 25 28 67 95 59 91 32 69 15 93 11 29 71 30 94 75 94 -3 83 52 60 67 100 9 27 38 2 84 3 14 65 8 20 74 74 50 58 47 20 5 64 95 27 96 81 90 54 33 20 70 7 48 72 22 60 0 53 62 28 33 16 53 81 52 82 31
62 72 65 73 68 65 21 73 28 93 57 25 5 4 10 40 28 72 98 35 80 1 74 94 18 56 36 34 80 73 61 38 16 19 96 49 52 96 18 23 98 1 70 16 67 59 50 78 22 6 75 81 59 94 42 66 82 45 27 7 39 1 39 77 93 70 82 18 9 97 33 5 40 35 50 28 17 55 82 85 60 58 95 53 31 26 69 69 26 3 53 95 21 49 75 82 67 82 46 38
82 84 27 72 28 41 70 12 44 69 44 72 63 26 94 22 23 -1 81 90 12 64 80 0 40 55 55 32 101 69 22 73 7 35 12 54 85 63 73 73 37 85 46 11 90 11 87 59 48 11 98 14 51 64 8 84 59 89 83 12 51 40 89 22 100 1 35 32 89 90 6 18 85 74 58 51 43 25 7 39 12 -2 27 8 19 4 27 34 3 39 83 47 79 11 33 37 92 94 101 67
100 71 94 72 13 33 42 23 10 63 88 16 56 22 3 68 100 78 95 86 11 69 37 13 8 89 33 9 77 79 8 53 14 15 30 81 36 18 88 13 14 54 57 80 20 64 26 61 48 84 44 45 97 54 38 26 89 42 71 40 86 73 9 61 44 59 96 81 48 38 93 17 13 95 64 84 30 77 52 25 85 5 15 61 57 99 82 8 6 37 75 80 93 12 9 61 25 26 102 57
20 34 52 64 95 50 27 53 10 16 89 58 13 77 8 1 75 22 72 28 93 59 75 49 35 0 77 20 37 18 60 39 43 25 84 18 28 27 13 56 28 42 27 71 58 9 67 75 81 16 53 5 87 93 96 23 71 20 85 68 68 53 72 36 72 28 73 52 9 27 29 62 48 2 86 15 36 1 82 44 8 82 68 6 92 94 61 2 46 28 73 38 84 85 48 67 18 55 44 84
52 68 50 61 26 77 98 89 42 15 22 6 96 36 45 95 87 18 34 42 4 12 40 86 38 96 55 44 55 2 55 36 102 91 70 76 19 21 7 20 68 40 87 55 5 3 3 78 39 41 81 79 3 44 57 83 97 72 74 57 44 64 18 86 65 35 73 34 30 60 98 26 46 25 95 15 65 71 87 18 60 47 56 18 77 94 11 89 100 47 7 14 97 4 53 96 73 100 36 36
63 77 48 42 13 90 80 58 42 39 27 24 73 0 12 3 101 29 63 0 31 25 81 70 60 10 46 14 67 44 48 52 18 68 5 31 5 6 30 79 37 17 24 9 15 74 42 53 101 70 48 58 29 77 6 21 16 7 62 47 8 31 68 73 3 64 90 62 68 52 38 59 100 18 54 30 54 72 34 78 75 42 80 52 11 5 29 74 18 64 48 10 11 54 91 34 67 33 22 56
7 46 81 96 76 10 4 95 41 7 65 69 44 84 99 77 32 90 36 90 50 57 95 48 5 37 49 17 71 84 75 47 43 52 29 15 79 58 27 54 80 73 6 61 27 43 28 87 57 9 64 12 101 25 94 40 19 10 37 30 72 78 49 42 14 68 77 55 80 38 36 62 28 82 63 79 47 44 73 7 73 38 49 59 80 93 49 72 94 66 64 62 36 9 81 55 87 90 95 36
32 22 99 25 18 87 38 57 50 38 31 38 11 22 94 6 46 75 83 95 16 88 23 16 79 62 64 17 96 22 13 71 15 38 86 0 7 59 19 24 63 10 32 19 6 15 59 21 65 40 96 42 78 49 94 6 31 42 7 52 21 20 27 11 101 6 16 89 42 59 85 68 64 76 6 68 72 6 81 94 90 66 27 31 62 86 68 38 20 74 5 37 61 31 25 88 49 38 49 94
71 67 47 76 86 44 67 2 7 4 16 25 69 55 58 35 55 51 93 56 90 82 48 23 69 95 49 11 31 54 92 72 49 7 9 52 40 62 33 30 19 17 5 100 79 40 25 35 76 40 49 77 32 47 42 52 77 31 66 62 69 96 27 17 101 28 55 6 70 32 65 27 88 98 74 43 81 52 78 47 44 93 53 92 59 37 69 34 77 96 84 54 8 20 82 88 88 82 63 33
23 10 32 77 36 62 45 35 3 79 38 27 58 79 75 50 84 13 57 10 101 19 78 65 12 53 3 30 2 39 36 23 61 68 2 90 40 88 85 12 51 83 7 38 15 37 95 6 41 11 90 77 47 11 47 50 83 32 71 56 96 38 72 23 72 35 51 95 51 81 66 36 33 -2 75 4 34 11 74 52 17 91 27 96 13 41 88 20 2 14 28 14 24 30 42 73 32 7 12 4
56 17 68 36 23 99 80 28 25 40 49 11 19 64 62 69 68 95 14 100 5 55 44 12 22 86 10 23 78 65 33 75 51 68 86 35 37 57 67 100 67 44 65 23 59 4 95 98 39 11 69 69 68 76 93 44 96 93 62 24 4 1 69 94 53 96 85 49 46 61 91 69 28 72 18 99 74 23 41 19 35 85 99 65 39 1 66 71 53 14 74 96 94 5 98 17 19 32 58 64
7 19 37 -2 90 36 33 50 58 33 49 11 79 62 21 78 72 71 5 91 45 36 96 70 68 46 60 92 9 94 25 60 19 32 70 83 20 5 66 88 29 71 68 72 84 87 38 2 5 24 60 70 44 74 66 2 65 0 24 50 59 56 51 74 4 37 98 59 44 85 19 5 15 5 8 76 38 39 60 73 48 60 74 57 36 68 42 65 32 75 72 76 88 86 83 49 14 27 72 59
64 66 100 20 69 7 55 4 24 33 67 71 4 69 89 68 48 37 72 5 61 95 23 42 27 66 27 47 67 70 11 97 91 49 87 15 5 13 91 48 55 10 84 12 17 50 83 48 91 23 68 93 32 73 63 38 68 91 31 56 98 46 40 44 8 53 37 33 66 55 51 98 51 94 92 2 38 94 26 15 39 8 34 35 94 52 17 61 52 39 14 56 48 42 71 83 52 96 3 68
6 65 96 -2 21 27 53 82 21 49 66 72 20 5 88 72 62 29 38 88 65 21 99 76 66 29 92 37 24 25 89 94 13 57 24 76 89 73 74 29 45 53 39 92 45 18 35 34 51 39 19 19 72 -3 90 7 46 10 90 65 30 81 20 31 34 76 87 50 24 6 77 43 55 48 96 81 52 83 47 89 15 27 37 92 69 71 58 4 75 40 99 35 34 54 43 3 51 22 48 2
17 56 11 100 33 55 69 11 78 75 78 50 31 82 14 75 61 57 63 46 28 23 70 74 47 100 52 58 64 82 61 55 64 52 81 93 90 46 50 38 59 5 96 72 97 63 6 39 67 32 93 97 62 87 63 93 35 55 34 79 98 64 69 68 89 28 3 39 91 76 102 86 52 81 54 14 57 85 26 99 50 52 39 19 58 36 77 91 58 4 49 58 56 3 32 89 83 13 89 75
97 -1 93 18 83 52 65 89 57 -3 73 43 69 52 80 80 73 73 88 31 26 42 22 57 68 47 85 93 68 66 43 89 35 52 54 67 21 21 29 72 15 14 7 14 62 15 9 17 26 1 26 88 89 94 79 31 92 6 8 81 97 48 3 -3 89 11 61 50 73 29 53 91 26 42 33 85 45 17 70 86 2 88 69 73 43 16 81 31 15 80 34 63 58 83 89 7 25 26 47 46
7 19 24 90 84 57 17 97 43 39 29 77 82 21 63 30 68 69 10 77 101 65 72 13 26 85 85 40 35 50 33 84 102 79 93 75 33 84 24 81 44 72 64 18 6 24 66 15 83 76 63 17 48 30 62 98 23 71 44 54 99 87 86 38 19 52 84 25 51 34 88 50 79 86 87 47 51 65 26 43 40 47 78 55 81 78 52 90 13 41 23 21 92 3 7 93 100 40 37 95
37 31 98 78 24 76 85 59 40 28 73 23 27 82 83 59 63 75 101 51 18 44 31 94 94 16 34 83 89 39 62 57 53 93 15 33 33 83 91 29 73 59 41 49 8 51 72 31 34 55 7 82 59 5 18 36 40 51 83 0 84 20 34 79 60 5 11 1 86 86 70 6 84 92 14 78 79 36 101 66 75 -3 57 56 24 32 75 32 85 79 99 85 2 94 98 94 2 52 32 68
73 70 46 81 27 39 96 76 57 64 15 73 94 75 6 21 55 96 67 65 4 21 45 80 86 46 11 35 6 59 92 16 95 77 36 39 74 71 7 43 86 3 93 82 41 94 78 85 69 95 82 83 4 41 5 77 18 57 97 56 7 43 85 25 94 23 26 81 57 65 9 19 77 46 31 24 48 95 97 73 97 81 25 32 78 4 26 26 75 86 41 21 97 31 25 40 10 2 60 28
20 33 44 60 66 63 30 87 89 37 34 60 53 78 9 71 68 20 69 29 97 48 98 76 5 55 12 21 52 36 58 71 3 14 16 84 99 23 33 39 72 48 93 76 25 58 98 50 63 46 99 94 91 38 30 83 96 17 24 56 14 56 63 54 47 52 76 96 43 -1 62 34 50 57 2 85 89 0 54 73 16 78 88 81 43 55 68 39 95 29 27 57 92 76 2 52 30 29 51 82
21 39 102 86 60 92 50 40 53 17 19 24 91 100 52 1 76 81 97 57 42 28 20 23 45 35 85 10 18 22 86 6 69 19 92 23 83 65 34 18 20 70 24 84 29 34 7 15 14 51 69 45 60 71 93 89 72 17 20 73 52 53 16 21 29 74 56 17 41 27 40 21 85 49 17 14 47 42 57 92 90 94 41 38 67 4 25 44 15 53 59 77 56 16 64 43 52 5 50 99
99 0 41 71 46 39 17 19 56 22 100 55 59 46 35 21 91 5 94 28 90 90 61 31 62 79 60 3 35 33 34 7 17 82 32 53 52 44 2 79 7 62 62 83 53 43 29 16 33 4 20 1 43 35 93 56 80 54 92 73 86 90 78 81 100 23 74 52 63 95 4 55 56 77 54 8 48 78 61 50 30 66 28 82 23 73 40 9 65 44 68 61 2 -2 78 47 94 72 75 50
45 34 48 76 63 16 61 62 67 38 74 84 63 62 36 64 91 62 54 74 35 63 21 87 85 12 10 59 98 32 95 30 83 72 101 95 9 53 42 30 96 26 69 44 81 11 73 17 44 6 15 42 97 38 25 31 70 58 3 39 99 25 67 94 28 21 59 30 44 44 72 55 40 46 4 1 54 1 19 52 76 97 32 51 9 87 43 65 96 28 39 70 42 20 58 42 59 13 48 76
52 75 97 31 88 71 92 47 47 80 68 70 50 46 56 21 58 64 99 51 82 66 76 90 13 39 37 33 77 57 55 72 53 59 18 66 20 82 50 31 22 24 20 77 10 67 29 39 72 85 75 16 43 9 3 32 55 41 88 14 23 37 88 91 13 31 100 12 18 77 53 73 62 77 95 79 100 55 42 35 44 23 28 1 20 22 4 55 5 67 27 21 12 -2 52 38 95 94 5 76
25 61 23 51 23 65 72 45 28 20 37 25 100 79 39 81 48 89 67 47 58 72 62 65 9 96 54 92 29 85 52 31 7 12 41 72 10 93 53 56 35 19 21 34 69 34 84 71 28 96 101 100 53 34 66 84 12 39 34 56 99 43 98 33 62 19 84 12 77 10 59 22 8 42 10 97 101 71 31 100 55 83 91 70 92 28 80 79 77 92 27 59 75 40 50 14 33 6 88 39
55 57 36 85 4 -2 96 32 92 83 58 65 36 74 68 7 71 93 44 23 51 66 33 48 47 5 97 46 62 -3 30 82 2 81 4 76 7 44 45 85 47 35 5 52 65 77 13 51 53 50 48 39 47 69 33 40 101 -1 71 72 63 18 49 33 77 25 15 67 3 18 7 51 54 18 41 38 98 55 78 14 46 12 4 55 29 41 11 62 10 80 25 26 12 91 73 43 43 88 45 74
89 18 66 65 102 66 58 58 67 80 34 30 23 58 57 33 30 60 15 51 55 31 49 9 80 92 85 82 92 95 13 82 93 86 101 82 99 61 97 63 14 61 47 82 57 92 4 78 94 23 34 47 67 79 96 58 73 94 11 81 95 69 11 69 42 50 89 22 43 2 93 44 53 44 80 11 88 71 56 20 44 10 6 48 3 80 48 85 8 79 29 53 81 71 81 99 30 50 13 98
97 64 42 36 55 95 13 96 6 19 4 75 70 18 48 53 35 83 93 94 10 38 8 81 32 31 96 0 23 14 12 93 99 10 7 89 58 47 96 0 72 94 34 71 53 64 13 63 72 61 43 62 40 22 73 89 20 24 82 96 95 65 46 68 90 -3 26 16 100 27 20 6 50 54 45 54 94 71 66 68 3 26 56 3 32 89 82 71 42 48 50 32 74 18 90 64 73 34 70 14
85 52 18 6 71 71 3 69 94 17 96 5 70 7 5 2 75 9 49 13 12 54 67 62 27 50 52 66 101 64 7 87 58 14 88 94 24 50 22 14 34 80 39 89 55 19 52 31 4 61 70 83 47 72 43 21 56 43 12 59 71 37 100 78 29 24 46 9 67 2 62 79 99 35 40 32 10 93 65 37 31 93 95 97 5 4 48 70 38 9 98 42 71 63 28 70 95 54 96 80
68 5 62 49 16 51 31 22 94 -2 49 7 84 69 8 63 30 91 50 19 70 89 73 37 25 43 36 69 10 13 30 0 68 32 89 85 27 40 38 87 48 17 5 4 88 78 45 96 30 55 82 14 53 17 58 52 87 54 100 43 66 60 57 45 65 52 13 84 68 90 8 23 84 15 10 80 53 21 22 5 75 13 31 11 95 68 68 32 34 34 29 51 3 10 47 79 33 4 13 92
97 68 70 3 8 61 31 55 8 75 5 56 26 70 51 11 37 73 87 72 12 15 80 41 45 9 5 30 58 75 7 47 29 12 8 64 62 55 54 89 36 32 90 19 83 87 6 85 11 18 54 21 81 61 9 26 58 82 75 43 99 90 95 9 6 82 75 67 100 3 48 16 61 18 21 80 64 21 31 69 15 17 91 56 6 58 41 33 43 68 59 13 81 65 46 73 86 6 19 41
74 90 43 64 33 79 25 38 2 53 28 33 21 59 35 27 60 0 65 36 34 19 70 86 5 43 96 51 63 63 36 64 63 8 44 34 60 50 72 65 79 69 78 26 6 23 17 81 59 23 59 51 46 78 9 40 90 92 80 24 4 3 59 92 8 67 60 67 51 88 62 50 64 34 77 90 96 78 44 55 16 40 31 9 27 26 56 34 31 87 75 78 19 59 55 69 87 75 66 70
90 83 39 8 101 25 6 54 55 46 25 47 24 27 92 3 45 8 101 33 93 61 87 97 52 27 60 6 12 24 85 55 30 53 24 74 102 54 19 3 84 51 12 65 63 3 52 19 98 37 88 18 18 35 48 61 93 23 32 43 39 80 96 88 23 8 83 71 76 61 59 24 52 44 65 47 32 80 45 32 52 71 97 57 69 28 44 89 26 20 33 88 26 49 71 94 64 95 7 58
81 86 95 31 48 94 51 68 10 91 69 91 96 71 36 71 92 37 71 86 93 59 37 25 90 16 30 57 61 89 27 22 99 3 93 49 66 64 57 2 32 80 64 59 35 18 70 54 5 90 11 37 86 27 58 -1 12 49 28 72 41 25 53 6 34 44 100 89 97 51 36 72 101 81 101 42 94 21 68 74 7 74 30 93 60 15 3 74 50 91 60 86 60 9 33 31 42 78 60 78
74 100 74 68 18 60 8 85 55 84 79 52 23 39 11 22 80 49 58 61 86 8 98 7 64 7 40 78 81 5 57 9 7 10 79 45 35 41 14 49 15 69 24 17 59 75 102 43 82 98 88 36 93 39 47 93 52 10 81 61 82 54 75 87 82 1 8 100 46 8 23 62 76 12 35 31 101 77 99 35 69 61 73 20 34 100 31 18 80 74 40 64 58 55 93 52 51 67 102 23
88 80 4 48 51 40 89 4 18 67 41 21 25 26 59 46 77 78 99 9 78 39 38 65 23 83 97 76 64 71 58 95 77 56 23 24 6 36 94 60 9 7 48 18 60 1 44 89 48 84 65 59 7 14 17 19 49 70 23 27 28 86 24 28 58 40 77 75 9 93 81 95 61 67 62 74 70 21 77 71 89 94 57 14 20 41 53 25 36 -1 17 11 80 10 10 87 97 29 74 94
25 39 32 100 38 85 31 65 34 24 93 48 61 51 9 28 70 27 96 65 16 65 30 92 96 62 38 79 79 13 25 34 21 36 25 68 94 96 8 82 28 21 65 71 58 61 62 9 22 70 23 19 77 26 25 87 13 54 6 36 45 81 64 67 5 66 13 73 17 39 83 89 68 18 91 16 58 47 9 28 14 40 37 62 16 14 29 31 90 37 82 55 51 97 99 5 82 83 24 32
83 37 32 56 76 38 89 5 86 95 40 14 17 51 70 27 16 38 88 33 85 26 25 28 43 47 80 10 44 19 80 3 53 54 96 63 71 93 43 83 17 58 38 10 46 95 23 46 43 41 62 84 57 89 24 35 73 65 96 60 77 24 51 39 82 20 81 80 86 45 42 74 86 42 80 11 68 59 27 65 75 46 38 54 99 21 69 13 25 28 97 1 96 -2 26 10 57 28 89 18
9 34 72 18 39 64 73 74 61 6 33 30 50 68 70 56 87 83 41 3 73 25 37 71 10 82 17 100 63 39 69 80 49 91 15 81 98 93 11 9 81 46 14 56 43 12 42 93 61 27 32 72 64 12 46 99 96 45 75 98 67 100 89 30 30 20 83 38 62 58 62 39 61 73 16 72 70 38 63 80 30 92 88 13 25 32 32 82 24 31 49 44 37 14 50 25 4 63 74 44
21 41 75 47 37 86 8 33 10 7 78 38 101 76 77 19 96 24 94 40 82 92 54 61 76 7 3 20 95 11 50 40 4 32 14 79 93 71 78 15 58 -1 11 61 33 82 85 29 87 82 74 39 42 83 75 60 89 52 8 53 67 50 46 10 46 68 16 35 31 68 34 76 99 -2 25 59 16 33 27 46 57 17 26 85 39 45 84 12 69 71 6 93 11 -2 98 8 84 31 76 23
75 5 54 92 12 62 17 74 72 69 96 30 28 63 13 1 88 43 98 2 10 13 27 74 63 4 96 68 78 62 52 20 86 15 35 80 89 64 28 76 87 15 28 80 6 89 22 80 12 7 45 58 44 13 12 2 48 39 71 93 52 82 3 44 18 26 88 87 95 13 88 34 65 34 97 73 51 70 23 5 10 25 71 56 9 20 69 38 45 54 95 12 66 75 48 92 85 35 47 64
38 50 80 62 6 42 32 95 49 37 28 62 37 30 58 -1 35 10 51 57 76 12 14 18 11 53 43 56 61 20 8 81 75 7 26 35 14 11 63 35 26 0 95 2 18 42 80 74 59 54 56 75 28 -2 6 79 31 91 2 5 4 96 87 87 29 57 7 82 17 27 84 49 75 43 45 -1 79 1 70 69 57 81 55 59 91 -1 57 15 60 34 16 53 100 57 12 47 47 15 98 49
31 43 49 15 19 98 10 65 12 59 23 83 16 100 48 98 22 56 69 58 99 84 24 84 39 82 28 58 78 59 39 62 30 94 87 48 83 94 102 57 51 63 21 2 16 9 31 69 42 5 87 90 5 60 87 78 10 31 38 39 62 58 16 11 58 98 53 3 12 81 12 52 96 9 81 52 47 73 14 67 48 82 61 51 18 36 5 91 27 8 67 100 72 58 87 91 53 32 87 55
99 33 30 0 38 66 30 35 46 87 34 13 57 13 22 30 96 58 44 25 74 4 44 88 50 61 11 23 2 56 11 18 41 20 92 47 24 82 3 25 61 -2 19 34 74 62 90 15 96 24 3 63 81 8 18 93 97 57 25 46 24 70 50 11 23 52 48 33 40 56 71 49 38 13 57 17 78 71 2 37 57 43 86 77 18 -3 91 46 60 42 22 87 67 62 68 4 21 -3 65 60
21 83 85 32 37 71 102 39 46 59 70 65 30 73 23 18 20 94 83 74 68 11 72 97 41 26 43 38 42 4 39 67 87 92 52 34 66 4 100 77 85 10 57 2 10 30 90 77 32 12 16 50 76 25 62 77 72 60 54 24 70 34 47 12 4 41 38 49 49 70 44 86 7 34 90 40 22 77 83 23 87 68 27 5 48 53 59 71 79 33 5 12 61 62 20 26 69 5 89 97
11 53 48 63 17 -3 84 2 101 89 89 24 99 78 7 25 50 95 101 39 82 42 63 51 40 50 32 36 19 3 78 44 96 48 55 73 32 34 4 44 21 83 5 27 89 13 61 12 85 73 15 96 28 21 30 96 38 92 31 68 71 66 88 81 99 11 57 55 17 24 36 42 35 34 62 21 28 43 93 25 35 91 49 33 44 42 35 14 48 43 76 16 72 86 100 71 34 82 53 96
El programa tardó 117 milisegundos en ejecutarse.
