989 909 287 696 873 757 538 175 439 329 732 392 298 541 70 936 623 565 461 793 75 405 77 703 223 918 315 280 820 476 715 142 924 40 555 10 736 546 730 481 183 145 203 984 766 31 807 261 886 278
412 527 916 379 513 412 551 959 90 604 567 365 214 191 987 802 233 543 766 936 519 688 559 841 716 101 824 592 142 961 494 743 490 968 737 469 260 13 857 126 430 96 207 562 701 133 135 612 283 486
320 795 596 345 574 398 461 308 135 850 300 966 668 406 636 465 766 6 715 566 503 387 368 45 686 355 347 764 806 454 236 191 332 136 687 678 916 939 191 348 280 114 782 992 43 595 113 989 514 198
81 918 506 479 785 176 602 725 907 563 845 94 763 653 788 146 154 394 963 550 857 236 292 973 49 901 726 891 210 759 365 269 96 639 665 845 178 862 870 71 523 173 696 583 506 283 431 442 853 692
20 312 501 543 435 109 430 286 602 735 184 111 412 846 8 121 914 761 659 503 603 114 752 77 825 945 137 857 722 549 231 515 808 546 371 921 213 326 281 257 884 228 454 569 537 544 800 979 948 743
216 209 270 82 854 547 396 146 683 748 52 651 678 63 214 381 322 928 659 901 408 562 927 263 51 242 757 876 671 703 92 222 228 752 98 189 348 888 216 345 104 453 209 627 135 592 281 536 446 76
856 143 734 913 281 875 315 434 809 387 767 560 421 456 217 702 716 282 786 851 903 334 105 288 85 264 944 398 453 329 948 110 702 175 202 529 990 793 835 468 980 985 149 693 116 648 856 860 54 790
797 345 318 256 210 373 638 762 945 85 61 964 285 556 949 29 952 3 156 324 652 835 202 609 28 554 99 392 233 941 497 923 384 417 256 606 89 908 108 518 839 113 78 91 554 551 468 961 732 377
743 449 705 551 389 101 244 542 891 332 362 504 287 116 458 428 364 422 121 617 475 91 783 532 105 558 120 856 776 994 563 452 629 128 522 734 13 301 984 862 730 27 930 88 158 683 625 510 326 754
219 488 169 453 242 -3 610 441 499 156 806 728 648 368 914 934 168 497 955 452 768 699 943 152 315 670 252 791 232 281 298 400 906 788 40 529 98 71 433 362 497 639 943 442 551 463 478 892 449 59
586 833 677 612 566 899 849 340 261 646 659 810 585 882 627 272 564 906 998 708 520 986 593 763 285 369 600 322 783 559 348 85 99 595 823 138 202 599 311 184 822 898 848 780 568 628 324 662 300 847
953 13 914 803 562 301 175 262 553 104 928 364 721 295 103 923 83 721 150 671 701 499 177 367 106 979 893 478 262 406 614 546 202 304 12 195 379 676 975 239 521 155 959 238 257 360 459 409 77 850
771 772 245 209 66 976 137 9 896 404 97 663 635 645 301 335 42 686 334 472 88 815 127 803 424 424 660 975 365 662 392 431 100 171 648 506 872 909 334 195 283 443 191 505 462 940 482 818 814 471
424 232 233 214 917 438 171 570 96 220 689 181 56 430 719 444 606 808 31 83 318 834 64 954 194 436 632 423 260 209 713 224 990 541 972 968 36 875 416 113 902 209 566 512 278 796 879 375 572 929
676 836 733 643 735 87 863 128 835 531 278 727 944 126 593 293 482 694 137 899 40 835 518 908 226 596 414 571 860 98 754 483 531 831 280 431 699 466 122 373 863 612 411 581 19 114 150 233 578 164
539 92 143 707 689 252 83 389 197 275 592 499 374 555 71 279 6 87 959 196 398 352 836 711 121 528 504 451 324 782 988 631 658 951 861 21 916 539 75 774 220 591 528 912 191 659 915 375 856 781
44 83 187 118 659 571 62 636 16 506 152 80 886 399 659 179 410 703 143 3 250 655 656 217 756 987 242 876 476 970 447 400 184 65 871 300 729 849 924 266 457 751 927 253 650 598 373 266 395 901
708 675 597 329 239 6 367 851 859 275 860 503 116 252 748 972 793 122 901 652 541 376 514 79 335 993 901 289 467 340 369 858 543 530 142 151 496 396 80 547 932 623 18 230 214 52 925 487 583 636
705 288 248 34 404 337 845 362 772 769 860 245 636 1 614 812 280 371 216 17 106 657 410 272 146 623 640 94 648 355 720 186 798 232 472 152 856 69 327 796 428 107 375 837 305 256 619 646 360 267
179 578 259 211 62 332 325 60 626 702 779 842 355 148 680 411 596 535 369 592 950 445 848 986 672 595 598 677 935 917 526 534 145 49 339 879 488 130 437 798 795 970 540 498 393 944 663 705 55 148
696 267 314 718 849 773 401 458 411 287 818 382 805 916 65 15 741 340 379 843 299 128 432 685 196 86 801 244 70 675 691 614 586 7 822 44 351 793 619 858 104 143 842 997 436 47 569 320 318 945
17 427 68 811 31 523 975 802 183 453 704 569 352 977 783 84 329 960 911 927 458 93 574 713 599 559 464 609 690 976 512 644 46 824 895 804 92 547 263 784 608 479 563 599 752 754 267 168 18 401
498 430 42 903 552 469 648 573 579 712 845 312 717 139 475 345 820 161 150 869 26 792 673 685 797 416 567 167 746 584 537 232 507 954 641 264 157 703 706 320 193 481 56 322 889 263 930 350 917 228
69 610 489 179 825 124 917 853 784 658 396 846 373 43 44 901 99 500 707 647 97 256 786 971 433 348 425 668 174 189 701 96 587 133 76 147 941 58 269 965 319 693 864 473 503 235 448 979 493 614
774 827 450 622 491 291 903 974 281 737 866 374 779 290 100 467 583 182 139 661 731 247 852 742 503 986 265 277 62 3 50 846 483 619 642 271 927 943 179 122 329 699 556 969 737 680 702 14 606 775
850 2 684 130 938 545 862 190 491 257 258 953 304 500 76 126 993 809 289 486 996 492 985 78 957 298 302 696 479 516 230 409 151 316 223 769 362 667 444 741 901 716 717 321 527 58 715 274 722 956
688 413 589 192 81 348 452 868 738 773 49 266 960 783 323 455 619 10 736 224 683 894 728 658 946 645 379 475 535 138 631 137 728 235 409 601 968 803 845 505 490 1 345 526 888 248 674 626 25 645
351 905 192 534 604 851 55 314 829 759 950 533 54 343 355 903 115 547 896 753 379 816 91 100 663 267 139 556 618 395 445 927 287 271 265 497 695 406 787 673 323 830 216 893 63 271 937 418 794 687
633 927 993 858 309 606 952 119 548 837 993 921 947 326 760 237 608 62 87 544 782 302 193 572 226 336 904 653 603 702 439 141 325 100 822 24 540 280 345 547 582 778 627 411 114 494 719 841 337 738
410 641 109 572 325 153 569 0 693 865 823 714 676 377 619 32 968 259 468 824 960 335 532 133 163 887 770 552 712 279 222 317 736 560 40 504 78 648 844 681 371 825 260 860 746 385 34 620 502 470
960 826 934 292 939 437 136 176 934 589 981 174 185 153 702 169 72 787 440 828 205 637 893 63 843 591 729 37 573 296 724 188 209 910 714 168 271 946 283 104 29 383 810 58 28 665 896 137 200 105
448 237 166 685 673 85 106 271 15 729 592 671 670 487 144 210 595 899 858 886 123 22 351 429 135 173 442 150 494 -1 444 706 859 564 670 582 289 20 786 342 49 302 927 487 876 191 75 55 519 54
77 931 777 537 781 199 397 487 246 819 144 462 628 231 55 179 381 583 422 441 646 665 293 158 249 732 384 261 589 891 102 520 770 878 32 468 738 600 635 928 871 39 92 909 392 732 211 970 245 288
51 478 566 146 455 640 689 49 994 468 702 470 931 459 935 658 674 108 400 765 850 932 115 908 575 243 477 25 711 438 293 755 906 213 886 644 975 721 711 433 786 352 263 314 108 543 657 553 53 713
164 51 604 215 135 29 453 924 252 254 820 27 707 851 162 256 987 66 749 851 220 94 870 361 596 380 33 373 283 643 901 220 353 259 864 749 678 512 88 240 472 670 584 672 106 804 378 606 128 745
97 101 934 624 392 270 400 989 442 184 852 529 406 224 183 164 118 65 589 290 479 884 320 726 6 659 122 90 705 781 534 82 7 594 9 431 806 891 909 55 711 836 783 335 542 256 976 268 719 770
549 653 655 759 675 393 463 710 195 524 325 181 737 425 603 105 897 368 368 964 278 486 380 980 802 893 625 225 618 783 492 291 61 992 293 980 631 690 359 268 627 570 148 663 154 159 868 963 469 639
900 322 235 875 948 512 117 211 143 160 267 875 578 894 705 867 613 220 279 527 50 121 894 975 758 434 931 123 631 202 381 974 806 358 990 469 923 315 860 231 829 228 330 206 550 982 624 289 513 242
733 776 13 225 202 605 616 168 32 226 796 960 700 42 321 655 375 327 97 177 758 760 978 933 658 645 756 577 268 232 945 689 393 543 244 748 282 514 494 321 563 297 804 87 760 69 20 919 243 760
91 992 66 694 17 604 14 272 919 88 387 412 550 126 478 769 939 438 459 318 180 787 376 242 378 67 286 782 584 162 125 37 156 255 752 519 333 162 794 662 3 363 278 359 551 370 805 42 407 195
952 792 428 754 895 419 494 163 770 569 809 134 124 323 196 726 924 996 339 75 974 353 303 916 274 657 875 6 801 639 225 885 425 678 139 774 202 232 602 773 71 846 851 956 63 838 68 389 507 139
793 587 327 594 796 451 484 482 540 187 784 842 662 418 800 816 822 169 382 39 114 108 299 755 752 81 887 328 119 674 182 445 379 245 895 385 759 656 797 415 299 709 492 532 344 107 312 486 289 629
106 281 130 78 931 65 191 466 318 751 982 914 563 369 519 595 686 689 606 190 117 445 510 282 849 969 166 216 811 985 591 61 462 819 405 407 170 301 488 959 741 185 604 11 623 11 444 173 644 939
994 949 853 244 271 73 992 858 454 789 314 469 222 691 51 600 587 52 570 181 872 8 363 49 546 429 382 117 523 756 858 804 184 613 674 740 818 543 550 690 390 761 824 81 568 467 322 524 697 845
910 274 988 584 615 542 524 399 834 305 831 849 32 194 633 386 491 860 142 454 164 282 666 256 374 263 596 627 153 558 845 369 296 875 646 318 790 295 189 331 127 490 965 389 181 478 850 5 704 569
879 172 258 578 404 164 333 352 801 562 691 107 213 92 544 194 843 958 953 346 175 563 995 648 121 762 606 14 500 35 696 169 450 247 74 757 326 5 971 453 413 962 447 674 290 800 794 761 16 41
90 331 392 307 441 782 418 41 107 909 761 379 580 830 436 178 939 506 161 974 255 508 829 143 619 703 337 196 374 70 550 798 496 881 554 821 660 105 458 434 432 974 912 16 182 340 212 462 784 591
308 268 906 633 315 652 687 703 121 797 921 476 534 321 438 352 980 900 228 547 158 55 1001 21 201 48 290 176 837 912 932 683 764 704 712 751 957 167 251 660 896 112 751 392 780 26 49 754 631 573
533 475 821 913 865 356 944 972 153 780 188 202 115 428 280 511 76 404 851 571 114 628 622 990 476 663 71 287 476 931 401 45 443 627 448 105 913 500 866 156 212 60 333 635 744 722 771 410 823 845
549 311 619 604 447 272 868 216 673 360 279 986 647 893 252 365 318 344 340 220 720 644 102 203 176 226 441 314 992 963 256 406 762 48 241 690 438 710 985 10 98 592 85 14 998 559 856 145 807 684
El programa tardó 48 milisegundos en ejecutarse.
