100 100
45 37 55 24 10 7 47 85 43 37 72 5 11 10 77 93 94 52 84 54 76 93 67 67 85 8 30 50 29 87 20 24 89 7 1 5 19 93 65 92 72 28 4 30 88 71 1 54 43 26 45 81 8 10 28 2 90 54 51 18 45 6 68 59 99 44 60 16 47 18 41 8 35 24 49 19 64 68 52 37 38 58 60 26 49 3 7 98 69 34 74 32 0 44 55 28 0 43 21 92
38 82 26 83 33 11 28 58 37 2 21 94 96 90 60 12 43 43 61 24 56 19 77 7 51 21 14 8 33 2 42 72 30 75 47 92 17 68 38 54 19 22 73 2 19 14 71 98 18 17 99 19 5 48 86 91 61 59 82 27 96 71 10 19 42 94 61 78 34 72 3 20 29 1 11 69 45 30 83 13 91 69 48 50 51 42 47 57 15 82 75 80 13 20 14 66 96 91 38 27
1 22 65 69 23 41 62 63 27 25 39 10 98 55 50 98 91 39 24 17 52 26 85 71 19 29 56 82 57 50 71 70 99 87 92 44 41 98 92 65 36 79 53 52 50 31 79 72 93 59 24 59 30 83 11 79 75 12 71 76 4 75 4 1 91 84 13 71 81 39 46 51 87 0 49 20 17 60 89 42 31 90 40 15 12 65 8 54 13 59 91 8 21 21 91 31 77 75 81 34
99 19 7 96 92 77 32 42 27 46 80 0 43 2 27 46 79 93 63 29 95 3 16 42 15 35 79 57 55 97 54 75 33 82 89 6 37 60 75 58 3 98 97 48 15 82 2 59 64 17 94 68 7 16 23 11 62 29 13 63 23 5 9 24 53 93 48 68 85 73 40 96 14 8 45 10 89 1 59 44 17 56 78 28 72 28 90 16 70 81 70 43 1 54 75 50 35 89 20 34
4 38 14 83 57 66 36 62 97 96 27 40 88 58 2 57 90 68 57 44 77 50 17 51 75 96 94 34 58 55 87 24 19 35 80 78 63 92 61 1 19 89 34 24 43 98 38 6 3 36 99 16 66 29 88 70 65 3 6 75 33 33 60 56 87 82 7 30 30 93 78 24 70 18 9 24 99 90 45 72 86 98 32 53 10 15 99 16 30 21 61 17 48 44 0 1 3 43 66 60
72 54 38 46 3 4 4 58 86 28 90 69 63 98 42 78 37 6 71 59 79 45 51 95 45 48 50 62 28 59 72 69 6 41 28 28 48 38 44 2 31 54 9 18 42 10 39 30 28 20 97 70 25 13 72 18 19 14 0 81 37 2 51 71 54 38 37 45 68 92 94 73 75 44 72 63 84 2 39 12 30 48 16 98 53 41 11 67 38 31 79 66 0 59 30 52 75 9 57 70
43 59 61 47 8 28 90 14 93 31 60 63 2 21 24 65 15 64 53 24 1 31 62 47 82 37 56 53 21 78 97 82 79 12 19 98 26 29 40 17 31 63 60 52 83 9 4 94 54 16 19 21 5 44 15 56 74 95 34 74 15 41 31 6 42 95 51 62 25 31 15 42 53 14 87 96 85 42 88 52 49 29 22 19 45 77 52 33 41 2 97 12 61 99 65 72 15 35 24 25
10 64 0 4 80 22 55 10 7 59 32 27 85 58 60 8 42 17 29 52 5 12 96 17 68 20 34 1 85 78 89 39 29 27 73 2 84 40 55 74 87 78 29 28 50 31 17 35 90 57 54 79 41 79 15 74 14 21 21 17 48 53 1 57 40 22 33 88 0 52 77 30 59 92 38 3 57 25 6 54 30 53 26 52 8 83 16 11 19 80 1 83 45 58 70 4 93 27 45 62
76 22 69 2 56 94 41 93 91 64 25 6 51 98 0 84 3 86 2 35 54 66 10 61 20 75 28 61 44 79 24 82 26 59 13 41 22 23 29 4 77 46 42 15 12 29 72 93 36 17 11 83 73 3 42 99 5 6 32 81 94 94 29 16 29 11 32 97 56 35 3 3 77 93 9 22 92 53 96 59 30 74 31 15 64 54 67 42 25 37 86 26 45 9 91 99 39 86 14 11
83 99 12 46 16 26 92 29 67 0 21 99 56 60 42 12 34 27 74 66 36 22 86 34 94 44 68 34 28 93 73 38 44 21 7 22 20 62 36 81 5 4 53 78 76 34 82 13 13 13 46 42 81 1 97 8 39 96 13 3 46 15 20 95 15 93 21 29 94 45 49 67 94 4 46 34 30 99 41 78 84 45 48 20 75 32 45 29 19 51 81 15 19 98 75 24 49 59 82 74
16 92 9 44 88 69 13 35 31 1 73 59 39 79 51 44 13 59 45 93 73 28 55 67 57 73 90 95 47 17 42 91 56 68 3 91 86 60 65 59 94 66 42 21 60 8 75 79 4 95 48 81 31 46 91 42 94 99 5 22 48 38 31 98 26 88 88 84 25 99 76 96 93 53 85 65 23 96 59 84 30 37 10 42 22 9 0 22 60 31 28 10 50 15 45 62 49 41 70 2
10 78 70 81 32 38 6 91 32 34 56 87 28 5 93 10 13 26 47 33 62 17 38 24 48 36 48 3 55 40 24 45 60 85 33 48 52 18 92 81 69 27 52 3 1 98 89 46 69 54 76 12 5 13 15 88 10 76 10 15 3 98 19 96 85 57 54 8 56 44 52 2 80 3 10 70 51 92 64 96 42 55 62 96 29 27 91 0 61 25 57 15 26 27 85 89 81 60 86 57
64 76 88 47 79 49 42 4 37 43 33 84 82 98 85 46 77 91 32 82 9 30 58 19 5 64 98 18 59 89 39 3 87 65 83 84 76 66 2 91 57 30 57 26 72 65 32 81 80 53 44 48 84 70 31 37 61 20 85 55 92 1 86 21 33 60 18 46 37 61 4 97 63 16 67 69 92 97 26 52 77 95 94 0 4 52 75 98 81 57 67 11 89 64 8 35 30 39 15 35
59 47 71 2 88 36 9 54 7 60 71 32 52 80 74 49 73 33 26 97 58 86 11 6 96 37 53 21 83 64 2 58 82 87 99 62 5 9 21 6 73 32 32 31 0 15 73 60 98 69 42 74 71 93 22 74 17 71 28 35 51 64 5 80 13 44 58 96 18 75 27 49 82 21 34 43 16 52 82 22 29 81 7 5 71 88 50 87 69 44 8 72 44 41 65 11 88 75 5 96
60 59 62 44 17 8 89 8 11 0 27 44 29 59 64 30 10 85 25 11 50 4 80 44 57 0 79 15 46 33 33 61 37 60 17 52 42 8 48 10 51 76 19 74 68 81 75 1 85 93 20 78 43 56 0 82 22 8 67 39 42 6 42 65 78 60 16 27 14 64 72 87 24 66 32 47 40 58 98 56 6 51 33 89 37 60 88 72 78 72 61 71 69 73 28 34 25 62 9 26
19 62 40 82 28 26 14 54 5 9 99 16 97 70 98 42 78 63 35 2 83 50 27 27 22 93 7 64 38 56 99 50 31 71 67 2 84 96 6 37 59 58 79 8 13 15 23 84 46 49 47 48 36 76 0 56 72 8 58 52 31 5 87 10 7 10 63 17 81 46 6 8 27 53 39 16 92 98 46 85 47 17 4 77 31 22 56 72 76 84 94 62 30 55 46 12 88 37 3 73
37 45 38 0 79 16 51 54 17 9 23 42 45 90 51 75 32 77 98 16 5 67 55 7 55 75 18 74 45 66 29 35 92 54 67 30 76 12 78 63 23 63 38 4 8 34 9 3 81 54 80 33 99 68 27 61 29 21 37 66 37 8 77 56 18 43 18 1 35 51 93 35 8 78 39 26 80 20 18 79 18 19 40 85 52 73 91 98 17 21 78 71 95 37 29 67 64 40 36 16
24 5 48 63 88 70 94 43 85 95 95 78 42 51 72 82 12 77 87 47 76 87 28 76 41 77 86 98 19 95 62 30 81 54 48 12 61 82 83 73 49 93 24 67 80 22 18 39 14 42 11 85 46 56 84 87 16 23 70 15 1 77 40 16 53 66 61 21 8 36 1 44 48 55 73 56 94 0 80 61 37 86 38 43 53 51 76 67 50 79 51 92 75 89 43 61 70 85 50 22
13 1 1 45 85 87 27 78 10 86 65 49 83 88 60 43 49 65 15 0 44 23 97 99 89 18 28 88 32 58 32 94 7 1 47 2 87 39 55 98 66 67 52 33 81 23 61 60 65 82 67 80 83 0 49 24 40 96 18 1 31 79 55 32 41 34 3 82 30 3 96 36 93 98 79 32 22 23 8 11 96 5 49 28 73 36 23 12 67 2 98 54 93 65 12 46 85 27 44 17
91 49 74 28 13 8 66 35 10 63 74 57 14 25 50 26 2 79 37 34 62 75 55 47 47 48 67 88 43 7 88 57 18 71 38 2 74 32 52 9 44 66 80 50 95 7 83 85 28 64 59 76 13 58 22 47 15 2 15 96 4 4 61 47 31 69 21 85 95 67 61 32 27 40 67 85 81 0 56 35 91 8 85 62 66 71 64 34 34 87 64 73 12 73 75 28 48 52 30 31
47 53 97 52 89 39 87 94 67 81 68 34 48 18 40 92 17 3 78 69 96 19 43 78 60 49 48 64 31 65 64 76 55 80 58 69 51 44 27 48 2 9 33 13 36 40 0 7 26 28 23 92 19 72 32 56 15 16 30 91 64 41 43 20 26 19 79 43 0 76 50 2 31 20 31 38 60 18 51 91 60 52 75 41 36 97 20 86 61 13 68 0 51 85 82 29 99 78 97 27
97 28 66 50 47 35 73 96 2 89 55 76 52 82 4 99 17 69 87 50 73 55 92 33 37 71 72 66 25 85 42 24 6 24 29 14 78 1 7 15 61 96 60 94 95 16 83 61 10 59 13 36 10 83 21 10 62 73 94 46 69 92 57 71 51 7 51 54 95 50 37 99 12 33 20 38 58 69 8 34 10 33 7 60 40 43 4 84 35 16 62 15 37 8 35 48 96 44 52 2
47 90 69 92 93 3 45 59 22 8 61 51 51 69 66 13 80 84 76 16 29 58 82 56 27 54 89 8 50 65 28 29 18 14 86 70 21 18 84 79 48 28 84 26 26 10 57 38 76 79 43 75 9 91 41 18 11 46 42 38 98 18 44 23 10 42 48 54 23 7 18 36 65 44 86 14 27 34 25 26 90 82 95 67 82 70 23 70 32 0 44 38 59 58 56 8 55 80 9 48
2 62 91 52 89 6 66 13 15 47 23 38 30 0 41 85 68 62 43 83 33 64 12 34 60 50 54 73 44 9 71 3 20 1 58 22 56 47 77 84 15 11 69 60 88 91 66 87 1 33 16 32 12 75 98 7 50 12 31 38 89 98 50 9 15 58 62 34 94 53 95 94 29 87 32 67 18 93 21 97 55 42 39 28 98 38 82 51 24 68 81 39 9 39 82 6 34 1 36 11
7 53 28 85 84 9 34 31 26 71 27 32 89 76 10 71 51 35 84 60 81 35 15 37 31 15 37 25 93 73 25 77 95 37 48 77 98 77 86 38 97 94 19 52 28 98 63 33 95 54 10 29 6 30 7 55 31 81 73 51 72 54 44 49 90 7 35 78 73 87 43 39 37 34 97 40 54 30 33 59 62 50 17 95 72 10 64 41 89 82 8 14 16 57 46 59 24 38 69 38
13 70 88 24 47 92 17 0 38 53 42 98 80 17 1 88 74 25 21 51 76 87 13 0 80 38 26 88 17 75 22 16 66 67 37 19 17 46 0 86 84 37 18 59 66 7 22 17 83 7 58 63 57 53 43 93 88 43 50 41 92 53 95 73 95 27 72 11 48 30 68 54 6 90 26 90 58 49 36 79 27 76 48 11 30 15 75 38 18 67 1 35 15 40 70 98 70 28 98 97
0 31 0 35 26 45 35 81 68 14 67 88 95 79 26 44 83 94 88 32 19 51 58 18 63 3 85 48 85 22 27 53 59 14 24 43 1 54 9 97 58 93 97 38 71 45 80 19 77 36 61 35 40 93 94 11 9 8 46 23 99 12 81 40 37 73 21 96 67 20 15 33 41 3 84 83 86 72 75 5 55 78 89 10 0 90 8 73 39 32 47 56 11 44 29 20 92 8 66 69
20 54 65 88 13 19 1 43 0 35 98 21 76 31 37 89 69 7 66 99 93 11 31 39 45 31 41 12 74 21 83 71 8 45 79 76 99 32 4 41 9 22 23 0 73 96 10 61 84 63 86 29 30 10 66 67 74 0 69 57 97 45 32 50 63 71 72 55 37 26 22 59 72 92 8 70 38 99 54 86 80 49 36 0 15 13 48 3 60 64 59 25 32 90 23 14 44 21 69 78
76 88 78 21 71 61 17 72 31 55 74 34 60 68 56 4 38 42 33 83 22 18 79 32 34 24 44 86 15 54 41 77 4 41 24 99 88 10 62 86 11 57 83 50 74 3 16 86 51 5 90 27 32 64 75 94 82 66 28 80 42 74 73 65 5 93 13 51 11 20 72 3 95 84 79 43 36 3 84 61 34 61 76 91 29 53 60 94 54 17 35 2 20 32 45 66 27 28 86 73
68 32 91 3 47 45 37 99 57 4 35 52 85 17 46 34 65 60 12 88 24 7 62 79 19 56 54 72 96 4 93 86 77 32 93 70 79 35 34 20 11 67 70 64 34 42 80 15 74 83 13 22 78 71 80 6 62 6 45 21 33 89 31 42 32 58 30 27 90 29 1 93 20 43 70 70 85 16 35 13 59 61 3 85 67 49 94 29 21 49 79 3 14 17 12 57 5 36 2 96
24 88 86 70 62 65 72 31 78 96 25 71 18 23 64 81 72 10 24 41 43 64 19 86 43 66 55 71 79 41 48 86 50 3 63 92 15 66 70 40 83 12 26 69 82 58 25 25 6 4 23 11 99 68 45 77 58 70 0 26 99 78 71 2 77 52 45 22 12 13 39 85 11 81 6 18 84 16 96 72 28 38 6 38 59 73 92 97 53 45 53 82 60 95 76 84 81 93 39 9
34 80 88 47 55 57 74 80 53 26 22 61 98 71 12 21 90 62 12 86 36 48 50 40 5 15 46 64 69 71 14 82 16 35 35 10 57 97 66 13 31 46 71 89 41 46 91 69 81 92 63 37 5 59 50 8 61 97 33 55 58 60 1 59 87 55 7 10 95 54 43 44 19 31 34 14 45 33 12 21 92 22 23 46 48 84 50 80 92 19 79 62 90 24 17 90 34 71 69 0
99 97 23 62 39 35 64 71 86 10 99 1 30 68 30 93 73 90 27 45 80 89 58 15 60 3 9 16 82 28 70 41 93 55 35 39 33 29 27 27 67 60 92 95 46 79 41 49 60 60 6 20 31 79 51 36 74 29 29 66 13 80 23 18 58 85 97 75 79 50 89 51 98 97 29 49 59 42 24 3 36 75 50 7 3 84 35 17 41 62 32 64 99 4 5 88 19 66 20 71
32 72 20 15 83 16 64 0 9 10 70 19 83 18 76 77 68 6 6 39 70 50 0 71 63 42 80 43 68 20 38 19 97 4 26 15 50 67 91 26 27 54 32 14 59 8 97 76 85 66 21 2 14 22 85 51 70 63 56 1 95 51 62 30 16 10 11 22 89 59 15 23 38 41 88 63 54 54 92 62 10 34 72 88 23 94 87 56 35 59 53 27 59 20 58 71 90 58 51 53
30 79 31 3 80 39 28 31 67 39 90 58 26 93 76 50 29 14 49 43 61 57 11 73 75 34 50 42 23 92 10 71 35 47 35 28 62 47 71 25 9 26 93 38 97 23 98 19 53 18 81 14 0 62 11 47 31 67 52 68 86 28 63 9 20 89 61 54 28 41 0 75 28 85 15 34 50 5 91 41 45 21 5 76 43 21 28 3 25 2 21 22 12 74 62 18 3 37 40 14
65 61 27 39 66 57 50 70 81 64 73 39 33 29 32 35 27 14 8 59 33 4 35 67 17 83 11 39 73 56 87 15 23 7 79 31 30 26 60 16 84 21 14 99 15 78 58 8 76 70 66 41 98 9 95 28 38 19 79 5 88 92 8 67 64 71 16 81 1 36 97 78 7 81 62 81 63 94 84 61 60 8 13 49 43 46 60 90 4 55 26 62 93 47 39 35 37 92 66 7
56 12 37 97 33 44 81 52 60 80 68 75 84 3 9 48 14 79 95 14 29 99 66 16 72 81 1 13 81 29 87 25 25 24 55 90 87 35 28 54 56 33 95 34 97 75 36 88 43 77 55 84 30 35 45 12 11 36 92 28 42 67 59 79 65 64 10 4 63 68 41 81 52 78 77 41 34 9 0 44 39 8 84 80 68 0 49 25 4 86 94 68 30 47 97 93 64 55 64 99
83 26 64 98 9 31 72 54 70 89 56 84 2 57 48 70 20 79 40 92 65 12 5 30 86 17 86 53 70 79 26 56 75 74 87 74 83 88 36 54 15 68 62 63 61 69 86 32 68 26 6 53 80 1 5 98 88 8 48 10 38 39 11 11 80 94 20 40 83 37 94 30 20 61 51 37 46 21 93 98 20 13 49 29 77 76 38 46 70 44 29 11 15 33 41 11 84 41 83 80
54 93 37 97 15 55 33 8 70 13 18 27 51 0 90 19 19 38 23 64 77 63 10 55 35 67 55 0 69 30 30 40 85 66 44 33 75 53 23 89 47 87 0 98 73 33 1 24 30 50 89 10 32 75 50 70 53 82 51 22 99 43 91 62 45 43 34 43 99 41 90 1 33 73 16 33 27 67 62 95 39 28 36 83 41 37 47 18 93 12 56 61 21 68 42 51 40 6 35 49
31 75 31 82 91 56 63 37 99 11 45 8 50 76 18 32 16 59 26 29 28 66 15 91 99 54 0 51 97 63 81 5 89 99 77 37 77 69 64 77 70 1 17 58 40 26 56 75 24 30 52 49 78 33 7 66 67 98 45 68 73 17 38 34 30 87 14 3 61 15 90 68 73 96 78 91 80 22 73 56 59 75 71 27 45 15 88 21 12 52 57 96 89 51 50 94 38 5 37 40
62 8 23 1 98 2 12 43 80 14 52 19 47 26 70 14 59 80 57 11 77 63 96 85 88 39 11 65 33 6 23 48 17 42 27 85 1 17 73 20 61 84 24 11 65 32 68 96 57 48 48 67 94 24 89 20 17 86 66 67 13 43 35 11 64 88 58 16 52 5 93 95 51 1 75 6 90 86 27 47 88 93 43 77 36 65 53 42 41 89 28 94 7 10 46 65 68 8 89 77
0 89 10 30 7 88 85 62 80 75 93 9 37 79 20 95 4 62 37 73 71 27 33 83 70 7 89 86 50 4 67 52 70 78 28 26 60 31 87 91 66 61 58 1 81 9 15 74 25 68 95 84 24 70 5 0 92 35 37 13 57 81 88 78 77 11 98 97 87 95 49 66 78 85 49 41 61 17 12 27 87 74 79 81 12 19 61 55 34 4 99 85 54 46 7 12 71 30 28 65
7 82 89 47 99 91 39 6 90 63 66 4 95 98 58 13 41 69 28 44 91 82 48 13 35 26 61 26 5 75 10 89 1 2 8 27 32 84 88 13 79 74 36 3 48 85 63 7 54 94 95 6 76 56 72 69 63 8 25 28 27 10 82 10 60 73 50 18 6 5 7 19 87 92 59 4 48 50 59 36 84 64 84 21 38 23 51 3 38 13 95 8 1 65 6 25 56 48 87 43
95 37 43 54 1 63 38 26 31 36 34 98 39 77 46 18 91 7 53 89 86 85 85 9 46 13 79 85 38 64 32 72 72 30 96 75 38 37 58 8 17 92 24 28 13 26 87 15 82 98 69 89 70 16 62 21 7 62 63 21 50 15 71 65 79 57 55 48 71 4 29 20 98 91 57 37 16 85 13 85 75 21 53 45 37 82 95 0 48 82 41 89 83 57 24 55 30 91 63 47
84 48 52 95 39 61 19 73 36 22 6 47 64 23 5 98 77 18 39 19 66 46 3 48 43 30 31 47 31 7 2 90 46 28 10 84 9 42 52 3 19 34 17 73 7 91 73 31 15 11 36 32 42 10 49 54 45 8 63 43 36 14 11 90 16 86 86 43 37 74 74 29 83 16 93 35 93 91 71 34 26 15 43 71 0 1 23 86 40 73 55 98 13 2 23 38 72 76 1 40
94 6 20 18 45 41 24 64 24 35 38 97 75 0 90 72 6 45 71 93 56 19 68 94 51 29 26 3 58 25 87 84 97 28 15 71 86 77 13 41 29 73 10 27 83 17 56 11 87 14 20 70 70 74 74 41 79 14 54 66 66 8 71 90 38 33 68 2 32 24 78 14 99 6 22 94 15 94 71 83 67 93 89 54 7 50 65 5 17 75 98 75 39 58 95 55 45 2 90 52
61 77 71 30 53 28 32 91 94 53 51 91 43 83 20 51 59 20 91 59 52 74 48 20 93 99 61 70 56 10 41 26 38 11 28 7 20 91 76 33 46 55 46 71 73 20 32 79 30 16 16 61 34 1 52 43 76 98 89 51 29 62 97 51 77 97 39 17 54 98 38 71 59 71 25 36 97 19 8 47 11 57 9 53 5 76 8 65 41 49 18 99 70 57 48 65 19 38 51 5
70 15 57 35 77 71 72 44 77 54 98 49 72 96 48 90 43 72 75 42 50 80 15 80 91 64 14 28 45 30 85 24 3 16 47 2 12 46 23 97 70 47 53 92 88 95 59 91 39 78 14 45 2 83 21 35 89 39 92 54 6 54 88 3 0 45 55 87 87 52 16 59 13 93 85 42 78 28 78 16 97 67 47 61 84 69 15 14 51 55 24 78 86 83 2 33 28 9 29 60
99 79 69 2 52 9 41 96 85 6 30 66 57 8 50 30 50 53 7 30 87 63 95 37 83 25 66 83 13 92 24 90 9 42 89 78 73 3 19 84 65 22 45 13 45 88 64 93 23 56 54 45 82 78 47 83 18 81 35 39 99 98 27 12 57 3 93 11 82 71 95 91 11 33 92 47 47 67 33 76 20 42 2 78 80 85 30 20 68 36 29 65 38 14 6 18 3 13 70 22
88 22 83 5 0 55 37 56 7 58 71 91 8 68 51 35 87 76 65 64 27 70 9 99 0 4 88 76 91 82 57 70 26 21 14 90 63 90 30 28 56 29 44 70 82 70 48 71 5 10 45 28 88 95 67 61 10 21 61 69 37 74 40 24 1 65 44 87 82 78 16 76 54 29 88 17 61 67 3 71 82 94 51 36 51 20 58 93 11 52 95 66 50 21 87 59 53 77 90 36
9 66 70 90 72 46 48 90 23 92 30 55 98 96 96 56 57 35 41 27 49 77 98 14 65 72 1 79 52 29 81 24 16 18 53 13 85 81 38 2 54 53 16 17 68 79 98 62 51 27 54 70 85 69 88 52 12 61 98 54 16 87 45 59 62 28 4 45 0 52 32 55 26 6 8 77 73 60 70 21 58 16 13 19 34 2 97 58 4 97 13 1 52 88 13 68 93 82 46 67
5 26 76 92 97 70 33 68 14 91 45 3 98 19 32 4 25 95 95 10 53 88 25 71 26 32 53 24 61 23 23 94 40 67 27 78 43 52 40 42 97 75 16 17 16 33 73 45 86 76 42 85 12 82 17 74 59 6 28 88 70 59 59 53 3 15 16 5 8 8 61 4 33 96 9 73 43 55 20 48 62 77 63 73 34 35 48 24 37 31 73 89 48 83 44 82 66 95 36 21
79 19 12 67 73 80 75 67 79 14 71 15 45 43 49 19 68 7 65 7 62 34 10 19 43 25 43 56 31 36 59 84 95 3 0 39 60 79 9 93 1 34 68 86 38 79 82 90 72 82 23 79 16 44 73 57 46 27 35 44 2 32 67 45 66 43 69 30 13 80 1 77 97 25 39 0 44 13 90 70 50 7 47 84 54 15 69 18 32 43 67 79 83 18 23 48 34 44 68 81
30 40 97 41 25 91 75 86 75 85 17 73 21 64 6 3 26 72 60 27 36 64 45 66 4 69 55 65 43 16 39 28 20 46 99 87 97 73 25 78 92 66 27 91 9 66 20 20 14 85 68 15 50 69 43 2 70 37 70 47 46 77 36 79 57 0 83 9 87 6 18 52 63 96 31 54 53 70 87 21 4 64 9 47 39 98 35 33 35 93 94 6 32 87 64 26 64 25 45 29
65 11 15 93 52 53 35 31 52 28 38 12 81 82 50 67 92 54 59 29 1 17 34 16 77 3 49 78 13 4 68 55 56 5 78 81 31 40 18 38 29 49 14 67 39 19 90 71 90 28 1 84 44 91 65 49 22 62 26 14 61 36 18 72 21 38 69 7 15 3 32 87 19 98 74 96 35 41 68 11 5 47 4 46 60 33 48 25 74 85 58 72 3 24 66 52 71 60 71 12
27 71 29 51 86 10 21 39 48 88 94 10 18 53 5 66 44 51 62 93 38 11 76 55 51 80 27 85 97 3 40 51 83 22 9 58 60 41 56 93 76 4 10 19 68 99 96 74 84 16 74 35 64 51 48 61 45 62 37 47 29 99 74 82 0 74 0 3 6 30 58 49 55 77 67 83 22 76 5 84 91 71 23 99 27 70 65 44 77 36 40 82 19 11 10 79 42 0 55 97
12 93 89 69 99 18 34 46 71 64 11 18 42 54 32 49 31 95 63 97 51 54 14 12 52 2 53 75 72 68 81 30 3 50 20 79 71 53 32 72 53 5 78 58 60 56 53 50 33 43 65 57 60 70 12 79 80 20 14 21 46 9 87 66 81 57 86 87 74 44 88 91 96 5 12 23 11 95 24 67 98 82 40 42 98 70 30 97 75 10 93 81 20 7 62 57 92 86 70 33
70 43 20 76 91 57 52 73 26 23 61 1 74 7 5 5 82 35 10 46 21 52 69 39 90 13 77 87 16 9 97 55 24 54 42 41 89 94 75 29 57 51 67 38 99 51 31 20 14 22 47 80 16 24 26 45 52 86 6 42 77 26 73 89 69 40 97 64 20 62 34 33 41 6 77 34 23 14 94 89 58 76 46 62 10 90 2 75 91 64 82 97 90 1 33 86 2 37 16 33
41 20 18 20 10 4 17 14 63 18 34 72 50 63 83 27 60 10 57 21 89 44 71 37 21 37 22 57 3 6 96 25 8 65 36 18 10 58 91 8 82 93 52 50 22 31 3 65 18 82 78 8 66 10 71 98 77 65 98 46 73 2 10 99 68 85 30 79 47 3 0 1 89 78 21 4 62 92 41 37 34 1 94 27 38 64 41 36 26 66 64 25 7 73 39 25 87 30 6 28
71 51 73 16 67 56 35 24 96 34 63 7 97 48 29 5 7 98 51 16 31 14 18 11 85 81 28 26 88 14 98 42 65 71 38 15 25 9 67 44 88 56 39 3 87 3 74 93 72 80 56 32 16 44 33 16 92 49 69 58 29 41 52 47 75 86 5 35 77 99 67 97 76 24 34 7 61 79 82 77 65 73 99 48 60 46 63 15 56 33 8 4 96 54 36 50 60 9 80 34
44 75 75 98 24 56 33 60 64 92 94 21 11 75 37 67 8 87 71 42 22 19 77 1 24 9 75 87 62 90 7 80 80 5 65 54 5 37 81 5 61 42 85 29 21 85 89 19 12 50 83 10 43 45 51 83 46 78 12 3 8 96 27 49 27 31 8 95 6 47 52 40 92 26 37 33 97 92 15 84 96 5 64 56 96 49 31 63 60 72 94 48 36 19 69 59 88 50 69 33
56 21 49 11 64 81 38 13 72 93 17 31 45 4 29 13 27 38 49 24 29 90 78 12 41 96 62 22 35 22 16 47 85 40 19 22 51 40 3 27 71 30 61 85 24 97 65 3 21 88 3 45 0 98 74 67 50 68 74 24 33 0 68 84 4 32 99 66 32 23 21 84 1 62 33 22 11 81 88 62 89 66 11 51 49 24 96 52 24 56 77 32 93 89 60 99 7 11 86 92
52 52 31 28 56 49 11 81 69 61 22 78 94 74 97 85 57 90 56 71 80 66 31 24 49 22 31 11 8 37 29 86 1 82 18 52 61 74 68 14 31 52 4 69 87 24 95 7 2 53 67 18 38 14 2 37 63 72 47 84 90 98 55 88 23 69 35 42 29 76 96 46 17 93 10 74 80 33 80 17 80 89 84 33 1 83 98 58 48 81 34 37 90 21 6 22 54 56 51 34
51 25 61 70 73 91 13 74 35 48 31 6 53 86 59 74 51 99 33 20 26 14 53 75 2 7 13 61 76 86 26 10 5 4 71 67 39 92 56 38 87 87 5 24 22 75 33 22 72 34 15 33 99 45 86 49 10 88 90 10 6 38 4 7 95 32 88 44 33 73 64 94 81 18 53 85 19 75 37 8 2 37 60 43 59 60 54 37 41 15 55 20 96 91 42 59 11 98 41 3
72 62 67 23 47 52 45 86 29 72 37 61 6 81 30 8 6 90 59 54 46 64 70 24 78 12 53 62 18 33 90 35 9 81 55 81 86 64 28 58 39 18 88 87 76 50 95 4 10 66 52 82 9 73 15 93 11 67 79 60 66 97 91 34 98 16 59 44 93 43 14 39 8 52 19 73 55 34 25 56 84 0 19 32 72 0 83 30 75 61 92 59 27 94 2 41 84 9 54 75
0 64 80 71 60 59 50 7 84 63 0 88 83 96 4 22 96 8 94 74 74 98 13 72 58 16 10 13 18 80 87 25 39 81 4 25 11 35 17 39 82 57 49 10 40 73 47 90 37 75 47 40 68 70 64 77 86 8 80 12 99 66 32 51 42 54 21 50 10 95 41 48 40 6 15 18 9 30 51 21 54 27 86 79 39 69 36 6 22 54 28 25 34 94 69 59 55 91 6 46
13 93 11 50 46 71 41 23 50 22 75 12 40 0 91 63 67 25 89 66 97 0 28 3 34 73 88 79 80 24 78 61 79 77 90 25 38 16 87 11 27 67 46 49 75 22 6 99 43 69 76 71 23 90 34 32 25 15 18 57 46 5 39 16 88 58 55 62 74 56 63 16 38 78 6 17 10 23 78 60 1 19 88 7 78 32 30 24 87 76 79 76 2 27 22 56 94 14 56 44
34 41 98 31 65 22 78 35 71 69 24 53 78 97 30 26 24 91 9 34 25 24 66 1 32 71 82 17 88 16 2 45 42 54 23 32 52 96 52 8 88 26 35 97 98 58 17 57 38 2 73 1 51 39 48 54 2 79 96 32 1 75 68 56 19 43 91 39 11 38 8 18 52 35 85 41 77 63 94 42 75 13 57 17 4 24 99 1 25 49 0 48 20 20 33 39 53 72 9 90
45 55 53 26 97 34 84 95 61 58 89 6 57 50 80 19 89 56 51 79 55 61 42 81 40 94 43 3 2 1 3 51 0 82 90 6 3 79 42 95 84 91 83 44 83 6 25 7 42 47 76 41 6 18 69 82 29 85 87 6 14 87 9 39 49 62 8 5 27 16 67 88 48 51 8 32 67 61 35 84 19 47 86 23 94 26 30 44 26 70 20 81 83 14 86 86 85 52 2 22
62 55 83 39 37 25 69 72 97 17 41 26 11 54 65 42 6 81 10 17 67 96 86 86 16 47 50 10 57 56 7 22 11 88 76 72 47 91 94 50 25 68 13 71 85 66 21 14 90 99 87 64 24 74 86 84 38 7 42 25 18 80 75 62 99 17 60 31 46 27 3 31 78 90 34 40 49 42 67 4 80 61 14 29 82 9 63 44 11 76 15 68 2 11 55 53 0 17 77 62
57 51 9 68 94 54 4 78 40 1 22 92 29 82 24 39 29 48 6 65 89 28 47 57 29 30 19 44 95 20 13 27 68 84 42 44 85 71 65 18 42 42 44 69 88 12 67 26 86 56 94 30 89 75 79 67 30 38 99 26 48 23 45 40 66 34 92 37 23 55 48 80 22 81 81 61 90 55 63 76 44 13 48 83 89 55 80 39 1 11 54 68 17 24 6 28 91 11 84 7
49 14 56 81 0 27 51 69 74 18 85 1 41 45 23 28 58 27 34 3 81 87 61 72 83 82 86 15 26 66 79 10 18 66 58 82 34 73 45 43 24 82 67 42 57 68 13 60 97 2 53 43 52 69 34 60 1 98 47 35 4 52 90 39 52 80 19 54 36 13 59 78 41 98 37 85 33 67 91 11 21 98 17 66 69 56 63 78 88 30 69 68 37 10 36 88 30 41 50 71
17 91 43 31 32 10 70 19 20 95 64 31 55 15 36 15 11 0 79 32 24 22 21 1 81 84 12 39 3 41 82 26 44 63 86 69 32 5 74 0 50 96 63 90 56 43 39 94 58 86 53 44 82 67 52 12 18 60 88 79 25 96 69 72 36 96 14 39 43 78 98 57 29 60 52 1 68 82 87 24 95 44 2 35 87 89 16 85 61 23 27 36 21 86 15 94 76 86 25 64
5 35 59 12 62 93 59 75 91 6 12 25 38 72 38 33 94 57 11 42 91 51 41 47 67 17 21 97 52 0 37 62 90 13 6 28 98 21 45 94 84 31 81 17 89 97 34 6 93 12 52 7 17 23 58 43 8 19 64 24 22 48 71 91 16 27 94 84 99 11 79 19 85 27 80 52 9 57 10 22 41 35 67 89 56 58 19 67 93 55 97 1 2 71 56 21 94 40 99 74
40 25 57 10 66 37 35 70 25 7 58 28 19 23 10 96 44 79 6 11 32 67 75 0 85 66 52 31 92 65 46 30 28 94 33 81 4 40 43 75 54 47 74 61 10 7 15 71 69 99 85 80 92 37 5 34 78 30 10 23 33 81 66 69 46 16 77 75 78 22 40 44 58 81 32 80 5 78 58 50 31 34 79 82 0 82 23 76 65 21 51 76 11 85 80 68 30 84 67 68
99 82 87 53 19 1 73 22 33 55 55 50 23 41 71 41 85 65 94 96 2 61 65 9 31 59 3 63 59 34 92 94 56 60 85 36 44 88 20 89 20 60 81 81 43 81 18 39 39 41 40 34 29 51 43 82 82 72 81 72 81 23 94 97 89 90 13 60 90 46 22 53 65 38 14 81 23 3 7 77 2 18 87 87 10 13 32 12 26 0 44 42 56 24 22 8 91 80 91 34
19 60 19 87 50 83 7 77 95 62 23 66 75 52 44 32 98 62 14 20 20 71 88 26 29 56 21 46 31 10 66 36 73 72 33 29 65 0 79 69 66 53 50 38 58 59 3 62 25 98 6 3 54 39 87 77 26 32 42 44 4 68 31 69 78 95 87 59 70 92 38 47 34 76 89 92 9 58 66 60 17 26 96 29 26 82 19 76 72 33 76 3 5 95 58 40 71 38 43 11
71 66 23 19 18 20 10 51 34 35 92 84 35 0 88 53 27 22 27 78 44 13 15 68 28 72 65 66 53 65 72 2 26 70 75 80 15 81 24 53 97 37 78 92 38 89 91 71 66 71 99 86 35 15 37 26 89 13 2 3 63 75 43 93 78 51 33 91 91 92 79 70 55 83 57 78 75 75 14 81 9 6 77 50 55 32 17 38 79 3 66 2 88 12 40 71 9 39 49 95
80 95 85 40 25 9 24 42 98 69 2 84 47 66 88 88 50 73 62 88 37 44 38 85 81 91 4 57 20 59 40 51 26 19 60 35 65 29 87 81 3 55 84 4 93 69 2 40 48 69 68 60 44 39 47 54 21 58 1 40 37 64 49 96 35 1 3 51 91 33 43 10 95 62 58 33 96 64 12 36 33 95 12 38 58 90 60 20 87 70 9 30 44 92 46 29 65 18 92 20
9 96 80 0 77 52 90 99 84 4 44 98 36 20 56 37 51 30 91 57 61 2 40 48 33 54 45 23 30 52 9 49 81 19 2 45 67 45 46 65 37 36 87 61 62 86 85 50 94 74 44 80 55 78 77 30 90 44 50 64 34 75 84 88 9 1 78 59 35 59 44 48 74 30 51 24 32 2 68 27 50 98 75 52 64 27 44 59 98 70 24 7 33 67 68 12 48 22 21 89
70 79 35 63 73 23 50 21 56 74 41 76 99 43 80 16 45 66 95 24 69 14 82 65 17 48 36 44 42 65 87 59 70 54 6 95 17 92 7 22 30 54 19 90 91 42 6 45 15 3 30 7 97 21 13 22 16 44 2 86 88 52 2 36 57 11 8 95 59 48 87 55 54 12 30 0 15 73 94 23 84 73 41 82 41 2 23 62 38 72 73 90 20 12 13 25 15 4 11 98
15 63 56 56 81 41 77 48 4 39 40 53 3 89 73 57 30 73 7 38 24 55 18 40 22 72 60 82 57 79 85 71 84 12 59 40 89 79 20 91 52 70 82 83 43 27 19 26 92 14 40 54 36 59 70 73 66 73 83 63 13 69 1 83 88 50 33 1 73 60 93 30 73 51 17 64 99 34 35 54 14 51 0 77 60 54 41 14 71 7 44 81 48 14 59 97 46 2 33 38
70 88 29 57 65 76 34 26 15 53 81 85 15 68 10 71 45 3 80 43 93 88 80 11 99 2 47 96 59 93 92 97 5 38 30 34 18 26 85 87 38 86 91 76 60 40 11 61 59 76 37 82 34 40 74 95 41 42 16 24 33 90 6 52 61 83 46 96 32 70 65 78 93 70 59 51 85 93 52 18 72 85 65 7 81 12 64 94 79 53 84 58 24 74 35 0 73 39 89 74
71 98 31 3 91 88 60 88 54 89 14 69 68 46 42 94 68 21 62 49 57 89 67 3 1 40 38 83 54 47 66 51 34 70 40 15 49 98 89 27 39 35 51 35 75 70 21 75 59 15 8 76 6 75 33 15 41 15 35 38 38 65 40 35 55 97 8 22 49 89 31 97 28 16 62 90 24 75 95 36 65 67 44 83 3 84 78 40 49 8 79 74 52 2 14 63 30 40 5 18
11 62 46 83 53 58 87 48 38 19 6 22 77 88 18 13 61 25 33 93 97 81 71 63 13 61 45 27 62 45 62 36 97 39 92 0 46 9 21 73 33 69 59 83 31 68 6 8 49 62 92 46 99 47 92 72 46 17 75 23 39 90 14 27 41 91 63 9 20 51 66 19 56 84 73 34 90 42 67 5 26 64 68 53 95 89 54 4 35 16 93 34 31 65 61 67 96 97 58 44
77 30 93 85 44 29 54 48 63 84 15 53 11 66 66 93 76 10 88 76 91 3 21 26 15 79 56 88 16 24 69 70 32 24 45 6 6 15 91 66 33 17 21 53 69 68 94 40 25 3 51 18 48 68 23 75 25 81 23 28 56 34 0 71 76 17 48 60 32 56 82 39 27 57 42 27 26 51 89 63 84 52 52 94 87 23 40 23 26 20 87 14 1 14 8 54 51 19 62 7
29 63 79 91 98 78 68 9 14 23 70 41 47 45 17 49 78 5 53 50 12 19 45 67 19 35 70 81 60 89 48 52 76 51 60 10 39 6 97 63 30 86 19 9 83 33 68 90 55 94 64 77 32 82 52 32 34 29 73 29 94 7 63 23 9 82 29 58 16 27 43 27 28 33 83 31 69 92 26 75 10 71 9 95 39 16 32 30 34 1 33 75 88 48 80 92 31 23 40 15
37 35 52 77 36 60 5 97 70 25 50 44 15 88 95 13 65 93 19 41 96 56 33 97 5 97 31 3 46 35 41 40 32 96 61 23 93 20 78 36 22 82 91 63 70 68 55 37 16 19 20 6 37 56 93 15 38 82 79 39 15 87 47 62 68 36 69 21 14 83 20 69 56 9 72 1 68 34 38 71 3 45 3 61 95 3 60 43 41 33 12 2 42 92 43 91 85 58 42 20
84 32 84 76 39 17 98 25 0 57 16 44 86 88 10 85 29 45 23 75 85 68 61 30 80 70 99 63 57 87 33 30 67 87 84 92 43 82 90 26 68 27 23 62 53 93 97 87 44 5 57 91 41 1 47 30 70 37 25 98 82 28 39 10 52 40 46 26 37 65 35 66 38 63 12 83 13 2 94 7 51 41 88 94 80 77 49 39 94 15 39 92 91 63 73 85 11 34 95 10
4 60 77 54 5 26 40 20 26 63 98 46 35 24 87 59 10 31 97 11 61 71 66 33 84 64 67 96 97 46 50 65 88 65 16 42 95 78 81 68 50 58 82 20 66 46 81 28 27 74 98 27 16 80 62 34 95 33 97 58 52 16 59 99 59 79 46 49 81 56 59 53 15 52 37 44 21 53 2 7 97 0 72 31 74 14 60 5 76 71 34 57 49 83 51 28 6 28 10 10
33 67 11 14 25 77 32 30 38 97 45 7 62 24 28 92 78 48 45 38 11 66 17 68 62 58 15 19 55 3 82 50 88 17 67 99 76 32 5 24 93 21 68 95 71 36 58 92 82 7 47 20 50 7 61 93 46 19 3 64 16 41 73 82 45 63 66 95 14 9 76 54 4 65 3 82 32 93 52 31 61 22 71 74 75 31 75 34 62 24 62 70 44 19 66 30 88 83 88 78
3 52 84 17 56 94 98 31 98 20 49 68 43 19 38 24 82 82 19 80 10 61 86 86 38 72 71 79 30 80 15 90 24 30 50 75 58 60 86 85 69 53 0 81 71 34 62 82 96 6 76 28 97 14 93 41 58 48 7 46 88 5 16 43 6 44 70 94 12 79 74 31 24 90 69 54 84 46 46 64 8 64 53 25 27 58 34 23 66 70 11 83 75 8 59 41 67 51 22 93
27 37 62 77 75 83 49 85 23 46 5 28 34 75 10 31 14 76 16 65 93 43 69 94 22 15 43 37 93 23 9 24 34 25 81 65 49 42 7 23 73 16 12 39 6 80 9 17 25 4 63 75 39 69 70 90 27 23 61 5 37 19 19 79 49 93 64 2 93 74 53 33 13 52 77 56 78 35 88 79 42 0 88 72 82 97 96 59 25 30 84 45 43 92 16 20 44 32 32 16
6 38 38 77 4 93 36 50 71 22 66 82 52 39 1 66 28 93 20 65 80 83 72 6 95 18 54 30 52 77 16 42 91 32 70 26 99 86 79 40 25 96 63 25 66 28 39 44 75 40 45 72 14 54 8 44 89 46 13 98 93 45 95 28 40 2 59 99 71 76 99 58 94 46 59 35 54 56 14 97 8 57 58 93 45 38 61 90 39 77 60 19 30 87 63 69 35 79 89 21
78 17 61 39 54 88 61 84 13 54 1 64 17 47 12 61 65 80 67 60 93 70 46 27 41 68 24 65 84 32 10 10 44 9 1 34 41 80 12 31 53 0 35 0 38 70 35 31 32 27 43 76 89 68 10 49 24 76 1 0 71 59 59 87 67 61 49 49 12 62 10 92 19 27 41 73 26 38 59 3 93 98 20 20 24 50 24 84 28 56 86 57 41 93 4 17 54 79 78 12
31 23 63 25 25 75 90 87 40 40 81 67 29 87 4 10 59 13 52 8 99 58 1 45 2 39 17 61 78 77 75 58 84 91 65 55 19 55 79 22 71 85 43 81 27 90 63 4 38 70 40 5 62 27 90 59 59 30 60 71 64 18 39 45 12 50 95 15 77 45 31 8 77 77 38 66 76 52 34 21 40 83 31 20 20 4 39 65 65 14 16 95 96 74 5 95 77 78 42 7
15 7 27 22 53 11 45 32 89 42 61 98 54 15 0 41 87 60 12 3 8 63 24 17 51 12 90 55 42 15 59 4 29 36 60 4 28 95 83 26 48 56 52 67 76 7 22 0 35 52 24 24 11 7 55 15 59 12 67 88 93 54 38 58 61 20 11 4 77 95 97 5 74 39 69 51 35 81 56 7 71 2 26 47 64 95 2 49 85 99 62 87 65 54 9 49 89 42 57 55
70 12 60 35 29 39 34 96 42 69 59 3 45 6 28 41 81 77 4 71 37 9 78 13 12 85 67 50 39 95 98 65 36 75 10 12 28 76 67 22 63 68 27 40 75 66 33 35 79 14 86 61 3 75 40 63 90 89 23 16 30 26 11 39 56 62 5 16 93 49 43 95 22 16 56 85 94 42 11 46 86 16 33 90 6 39 73 51 69 74 82 8 34 7 29 25 85 51 4 79
22 55 82 37 20 94 31 49 36 38 85 43 67 96 82 3 91 93 92 34 70 28 38 30 71 25 46 82 90 88 77 87 82 43 56 44 89 57 42 46 35 7 51 27 84 58 43 31 30 37 33 38 27 62 7 97 18 5 45 79 22 88 33 3 35 89 22 43 64 88 16 68 48 80 17 38 75 7 41 29 60 71 95 34 77 72 73 30 54 51 51 11 7 53 84 13 81 93 90 68
81 71 87 93 15 27 71 90 58 79 89 36 37 5 15 19 65 35 65 71 23 15 12 50 65 21 17 2 30 8 0 58 5 99 81 11 31 33 74 28 66 7 81 59 25 95 65 33 86 18 59 25 23 94 4 10 52 37 12 54 0 88 36 91 79 3 30 85 53 7 70 9 97 99 13 85 99 11 76 1 45 24 3 29 22 44 55 45 30 53 66 72 34 62 62 26 92 0 10 24
