100 100
21 76 98 39 49 64 72 52 39 18 26 48 15 54 16 15 31 93 4 90 18 84 90 29 74 96 14 38 17 41 66 11 53 48 14 94 79 53 26 34 33 60 11 11 10 66 31 40 36 46 8 65 53 45 81 36 60 7 55 30 32 59 91 50 43 45 38 96 48 95 40 94 92 92 94 33 39 23 96 56 8 54 36 18 93 10 99 40 82 11 16 45 46 38 66 94 42 15 73 97
13 84 51 18 85 88 40 60 50 80 69 44 13 7 1 2 9 36 74 11 57 17 30 30 79 9 38 86 71 35 49 25 86 55 86 20 15 5 82 9 15 74 68 14 65 43 6 75 82 75 93 42 17 69 17 16 42 77 37 79 86 9 53 8 48 50 5 91 94 38 61 49 68 61 19 11 10 64 87 45 31 62 50 16 1 6 30 12 75 59 23 49 73 92 89 22 99 25 55 74
37 93 90 7 46 63 16 55 30 63 84 25 77 28 19 89 61 54 36 22 10 56 73 44 65 33 54 62 26 70 60 69 92 96 39 97 74 59 17 91 71 87 33 17 26 37 50 11 3 45 13 85 65 48 82 55 86 48 54 43 5 65 27 59 89 20 51 77 65 85 60 78 2 23 88 32 75 49 92 58 46 56 80 43 56 12 88 9 20 20 29 26 14 46 84 58 9 35 82 23
49 68 1 93 92 4 66 14 49 8 43 5 10 70 42 35 38 65 33 91 99 18 12 60 88 17 41 93 90 90 58 40 22 83 85 65 20 45 13 13 57 53 19 5 30 76 73 15 67 32 38 90 30 43 13 62 82 63 72 3 46 13 72 90 27 30 36 35 1 5 3 63 77 57 55 13 89 77 10 90 98 43 7 69 28 5 24 11 74 9 28 64 20 43 91 43 53 47 70 36
47 67 56 94 64 89 26 17 83 33 84 90 90 49 58 57 92 14 53 75 81 92 71 44 56 79 95 62 66 35 42 1 41 49 80 71 86 3 97 7 4 29 68 62 51 68 74 76 95 6 79 56 9 59 34 78 0 63 45 7 60 19 11 99 48 40 45 54 79 47 92 64 56 62 54 84 6 51 83 81 99 88 35 67 21 96 8 70 22 77 65 60 34 28 28 89 42 60 77 83
34 6 95 71 91 59 55 8 79 80 67 31 4 11 17 28 36 75 51 18 69 78 60 86 94 98 57 6 64 40 72 90 2 60 71 55 67 17 27 31 14 81 81 88 14 67 12 91 50 31 21 69 36 47 53 9 83 9 13 68 2 38 48 33 32 72 14 50 39 71 25 81 15 74 17 34 26 10 59 87 78 62 43 92 66 67 47 18 29 37 31 7 96 66 12 61 28 5 22 89
72 80 74 39 6 39 77 16 53 3 31 3 31 51 86 83 75 28 18 96 27 39 57 30 66 56 53 95 30 53 91 11 71 48 74 79 27 9 78 22 67 92 37 75 8 21 78 89 2 56 20 76 39 54 63 0 75 41 61 45 27 10 39 8 49 59 24 39 45 90 84 67 63 0 62 16 21 7 42 62 80 64 33 19 21 40 90 43 2 66 76 39 88 52 58 85 13 48 71 6
94 4 55 21 55 51 18 64 35 56 52 32 41 30 18 23 79 29 14 85 51 21 55 92 21 54 78 52 74 91 91 41 42 60 30 54 96 17 28 54 48 54 24 14 35 3 12 46 40 3 39 4 80 3 65 83 59 25 74 32 83 15 84 17 81 46 30 2 14 89 36 16 79 75 20 30 82 29 38 67 62 9 9 19 59 95 6 76 64 72 83 9 96 47 3 88 38 48 87 64
90 75 32 1 92 55 89 62 44 5 42 62 56 84 56 92 50 84 52 47 65 86 53 85 60 74 6 78 21 92 96 27 42 19 17 29 46 94 22 31 28 56 61 10 39 13 61 67 9 87 24 50 15 57 17 72 22 36 29 4 79 19 98 4 48 53 82 60 59 80 42 95 9 40 6 24 15 12 48 22 21 16 83 3 75 9 90 7 69 41 89 13 93 72 79 10 90 65 11 96
12 39 12 78 76 75 81 5 73 33 0 56 53 60 49 96 23 63 90 89 88 6 9 53 94 18 5 56 15 98 23 1 62 11 69 21 10 95 16 18 18 94 2 97 38 96 48 32 86 29 90 45 55 23 68 62 97 91 70 66 39 70 17 55 97 50 87 58 83 21 34 5 20 37 4 30 74 22 78 83 0 10 85 17 42 48 80 89 74 62 80 30 55 24 64 19 98 47 60 19
80 75 37 7 96 11 15 61 61 17 8 77 95 48 96 80 61 20 89 33 36 32 51 65 82 97 10 43 44 84 13 57 52 97 23 22 7 74 21 98 53 25 93 14 1 83 88 76 20 99 3 11 52 52 47 19 30 18 7 82 26 4 40 97 87 7 19 85 91 29 23 55 42 66 23 93 84 40 19 83 11 32 39 52 90 64 25 85 96 30 74 49 99 18 57 15 11 78 49 74
10 76 5 92 58 69 89 83 4 41 15 2 23 45 98 12 78 72 18 50 79 39 73 87 47 21 96 39 9 43 20 34 32 96 27 67 4 32 79 2 95 47 63 68 80 58 71 20 97 37 41 64 25 82 24 67 86 52 9 76 82 19 38 40 31 59 38 20 12 7 0 30 82 16 40 97 99 25 62 39 97 93 16 37 95 27 31 13 79 61 7 62 13 64 41 72 15 49 22 84
20 8 19 46 6 90 55 43 80 1 38 64 33 92 27 57 56 93 40 49 87 13 17 42 71 53 69 18 78 30 61 14 80 48 33 88 89 15 25 88 17 32 6 38 32 75 1 36 3 99 26 74 37 14 70 68 33 81 48 9 79 17 27 49 88 94 67 41 13 68 73 63 35 71 15 92 84 61 12 83 98 36 92 60 20 58 10 28 36 94 4 70 42 89 0 91 41 56 90 43
33 28 47 76 49 18 78 14 55 72 6 96 41 60 9 73 12 3 29 97 49 39 4 0 86 19 8 13 13 97 61 27 7 59 73 86 56 89 28 43 30 71 60 85 60 19 68 27 18 74 27 13 73 45 14 80 74 30 96 97 68 61 0 79 56 27 25 88 43 99 92 81 72 35 58 14 33 98 63 52 47 84 2 79 65 23 93 99 96 75 13 86 83 40 78 26 49 31 21 25
25 88 88 43 19 46 96 77 28 91 2 96 5 87 50 93 88 96 5 8 66 45 34 70 8 53 44 42 10 71 49 34 6 53 58 16 95 13 9 87 72 95 32 47 18 50 11 92 85 54 54 7 51 2 96 92 46 59 63 91 53 35 14 1 68 19 12 57 49 12 30 2 44 39 4 84 76 59 24 36 79 30 52 40 26 31 68 83 57 91 87 83 39 8 9 58 81 26 8 9
24 57 64 65 93 24 48 45 7 35 10 7 95 2 4 33 47 24 43 21 91 13 54 61 62 16 15 93 38 50 53 43 43 97 94 80 84 98 86 31 72 95 90 34 13 24 24 43 58 86 52 8 41 6 2 15 54 80 22 91 22 38 26 23 25 26 9 5 59 54 60 28 86 17 12 48 38 79 69 41 16 68 6 84 25 79 18 14 24 12 78 96 88 75 32 3 28 38 60 68
37 50 92 55 64 46 15 56 3 55 9 16 42 19 66 58 92 2 2 69 11 23 61 4 77 78 75 40 7 86 38 22 29 56 63 37 92 18 16 44 91 51 10 5 1 71 28 64 50 63 69 19 73 61 76 73 52 10 60 39 13 83 76 6 81 27 24 4 25 10 16 2 87 2 49 48 6 47 45 48 25 58 64 42 91 73 81 64 62 18 22 18 0 15 82 47 45 1 25 16
5 13 38 78 49 35 53 65 39 86 68 71 41 96 6 91 7 97 31 5 24 3 72 2 70 91 91 75 65 18 74 8 11 37 89 53 9 46 62 65 10 4 9 46 22 36 61 54 78 69 51 81 41 7 75 42 34 6 40 74 5 68 16 69 28 29 39 45 96 4 17 73 32 76 36 93 27 44 34 42 64 63 38 47 33 32 51 51 6 40 81 47 82 65 45 35 41 31 38 31
90 78 73 87 23 40 87 25 2 80 88 99 35 53 78 68 4 78 1 80 15 71 2 17 43 43 33 16 62 48 48 3 89 91 39 55 33 28 15 51 65 5 93 36 3 4 98 82 25 11 58 2 46 25 83 41 51 76 88 42 70 53 4 43 14 99 41 81 99 26 49 16 7 19 91 98 84 78 37 90 46 52 61 34 7 42 79 62 7 26 34 39 88 11 98 25 31 91 9 56
19 49 92 51 24 16 92 42 78 77 45 70 37 93 58 79 12 67 17 74 93 17 22 27 73 27 91 41 0 24 89 12 56 56 32 63 73 73 94 54 83 6 1 17 43 38 33 92 6 76 33 21 38 31 60 43 42 23 48 54 53 66 88 0 68 71 87 37 55 56 28 84 23 54 70 5 78 69 53 74 96 11 18 15 11 26 69 87 17 38 96 74 86 85 30 98 56 51 69 75
15 55 27 5 8 14 66 79 32 38 47 86 22 57 3 83 43 90 67 2 95 53 14 57 91 45 48 38 44 55 78 47 76 45 22 0 21 19 56 67 8 79 5 95 43 31 61 37 66 7 77 65 45 39 36 38 1 36 96 62 80 62 16 80 97 71 58 74 23 0 79 20 87 52 5 39 54 2 34 70 82 57 54 17 30 38 96 75 64 29 90 4 67 93 32 61 48 54 43 89
89 79 99 75 11 8 65 19 25 34 92 73 57 38 50 8 50 55 77 33 46 52 66 88 9 72 83 75 19 29 15 25 66 78 70 46 99 78 16 20 68 57 6 87 39 12 89 69 20 89 6 78 51 95 76 66 96 10 31 59 51 2 37 68 55 60 42 39 80 92 5 49 24 61 56 66 99 75 77 15 56 81 60 12 74 36 95 68 0 3 57 84 90 36 18 17 24 89 76 86
56 16 20 2 80 10 60 78 2 60 37 67 7 90 99 18 72 97 60 82 6 72 2 69 66 62 56 23 35 18 99 15 90 21 41 62 6 93 24 23 98 51 60 98 93 91 32 40 65 20 39 61 65 13 36 8 4 7 8 52 10 1 71 36 15 72 16 8 26 86 26 78 42 38 92 9 81 2 96 83 61 71 12 50 67 82 45 28 50 63 85 66 9 33 86 57 77 43 64 66
1 51 19 69 34 82 39 27 78 36 72 40 5 69 89 44 50 3 52 77 26 63 72 36 43 11 94 21 87 60 95 68 48 53 56 65 90 17 1 29 56 70 16 46 52 37 47 64 20 91 58 26 14 96 71 81 4 21 48 71 19 64 67 52 80 3 49 99 35 70 25 88 92 51 21 52 66 83 93 65 11 20 4 6 61 37 72 25 26 50 77 41 11 5 60 72 68 27 45 14
19 6 93 50 48 20 3 25 48 2 53 64 56 94 70 65 5 11 48 85 69 28 85 67 10 55 75 47 34 62 31 32 60 5 24 32 58 58 9 82 81 3 87 97 94 60 82 48 38 76 75 81 24 86 73 28 31 49 63 23 66 73 64 51 14 53 10 43 55 66 54 32 7 65 23 93 96 36 65 10 79 29 73 75 52 44 85 12 43 53 72 67 54 95 22 65 69 69 68 35
17 64 82 59 25 11 23 88 14 70 97 45 86 45 79 26 40 25 84 0 80 51 27 87 59 6 87 7 59 49 30 74 35 14 48 23 16 17 75 46 65 18 12 44 83 34 43 84 83 94 48 86 82 64 27 70 4 19 45 23 10 39 42 43 13 73 32 84 91 34 99 19 29 53 9 82 15 29 43 94 96 18 91 10 51 89 75 52 81 0 18 66 8 32 0 60 83 63 72 58
67 47 90 26 75 95 95 20 31 89 34 36 46 53 14 30 45 67 25 10 3 12 17 15 92 90 10 31 61 79 25 88 68 48 81 55 21 68 53 41 88 38 13 84 10 59 77 3 82 69 61 77 58 86 21 23 70 90 63 22 9 7 51 50 43 43 31 96 1 81 35 10 83 26 21 95 61 39 95 4 82 17 95 88 4 11 81 86 64 98 48 55 36 78 27 79 23 79 39 94
76 36 73 53 6 8 52 14 74 95 62 66 27 20 95 44 86 56 47 37 79 64 82 36 17 41 77 19 88 97 79 32 57 56 26 67 24 60 10 18 61 23 99 39 49 46 36 8 70 15 27 71 94 44 67 2 42 65 36 1 73 10 69 29 58 43 44 52 82 6 67 72 32 21 26 84 40 6 74 17 13 70 62 83 80 49 74 91 83 63 34 44 89 7 54 77 76 62 58 70
38 85 66 15 72 28 60 86 90 72 47 28 51 92 29 46 46 14 46 46 95 42 6 83 70 80 24 92 90 42 1 27 18 30 37 72 59 89 39 92 50 20 5 87 13 54 74 2 3 0 34 35 32 77 28 19 52 80 49 94 91 12 45 82 93 81 41 92 88 37 68 76 15 94 55 16 64 78 64 84 60 8 54 2 99 15 77 95 71 90 42 13 32 55 70 77 88 16 42 6
38 10 90 28 40 95 41 34 67 5 65 60 40 35 66 36 19 96 15 1 85 35 53 17 7 91 56 0 12 15 0 13 50 88 91 67 76 1 42 97 73 83 47 6 27 37 85 76 28 4 4 99 25 5 75 70 55 80 96 63 13 40 91 96 38 55 13 84 27 2 1 71 38 94 14 97 27 35 10 28 2 44 32 71 69 9 86 8 85 58 42 11 57 47 52 49 25 87 11 2
45 73 73 14 62 91 57 34 70 30 82 20 98 40 83 2 43 55 12 46 28 90 67 58 38 19 49 48 95 62 17 65 36 57 4 5 53 72 31 83 19 53 67 70 26 63 18 78 42 54 18 7 16 51 62 42 4 28 76 30 85 2 46 56 96 86 27 75 18 68 63 48 21 35 64 86 49 74 83 13 83 44 15 77 85 37 46 8 14 16 68 6 86 33 12 34 80 19 94 85
79 68 79 67 69 8 33 93 99 11 48 0 74 47 5 86 1 91 14 16 20 8 52 0 82 74 81 98 79 10 22 9 8 59 56 32 99 23 58 77 25 75 67 90 22 46 40 9 12 60 98 77 71 44 11 5 8 45 40 74 41 98 71 58 99 96 5 34 6 99 23 60 66 69 61 91 47 88 14 1 28 80 63 4 44 38 84 71 31 13 96 34 0 21 44 18 53 96 73 33
89 93 25 1 45 36 30 98 40 13 71 48 21 79 19 4 0 66 82 20 60 46 0 33 43 57 14 20 96 57 70 56 16 0 1 15 93 43 85 40 31 6 50 49 54 11 66 77 64 72 34 75 82 6 94 70 97 94 75 32 13 0 28 14 19 71 88 25 91 75 16 61 93 76 43 17 30 7 61 57 31 2 56 27 17 62 81 82 36 13 16 72 23 41 75 48 13 65 5 34
44 65 67 19 64 61 87 16 76 65 4 62 96 68 47 16 3 21 27 56 22 13 22 59 60 83 41 3 38 16 60 26 77 41 56 13 95 51 73 7 39 48 63 83 10 28 5 48 8 99 82 68 67 42 4 70 91 33 88 17 26 34 81 85 55 1 2 37 29 47 92 34 16 19 8 90 59 98 77 25 57 3 27 47 16 72 45 41 57 50 62 49 95 23 73 48 32 15 90 54
94 36 89 27 8 0 81 64 74 83 26 11 96 47 49 64 64 82 77 78 37 11 74 17 70 32 4 75 18 49 57 97 32 96 59 32 95 47 87 56 57 43 22 12 77 87 34 49 88 79 83 5 38 6 2 75 19 25 7 50 78 14 98 0 49 22 55 65 39 62 11 68 38 71 69 96 59 83 97 25 13 36 24 26 10 56 23 3 28 78 14 4 53 44 5 45 83 81 31 92
13 21 57 66 55 4 44 20 49 91 22 78 94 58 86 19 85 57 62 32 91 98 14 63 5 94 27 41 11 90 2 33 50 33 19 5 62 60 68 96 59 72 41 41 34 73 59 56 44 49 77 84 28 79 35 22 91 63 51 25 69 18 33 95 25 19 68 94 57 97 3 76 88 29 29 12 14 50 39 41 5 11 58 49 29 62 50 43 55 51 18 88 1 16 53 24 55 18 72 76
38 94 66 64 31 72 24 89 60 36 48 82 40 78 60 74 21 42 12 78 52 25 56 30 37 69 95 85 25 23 35 34 85 63 81 48 14 5 82 39 29 23 92 77 11 86 53 89 62 84 5 20 93 28 38 31 86 75 56 67 42 30 64 29 63 85 43 68 53 38 43 85 17 40 34 37 40 39 4 47 59 72 33 74 18 97 71 59 68 48 87 12 14 26 62 52 57 67 15 95
35 24 31 18 2 68 91 28 95 7 81 1 11 83 23 57 90 17 3 91 57 44 7 73 49 92 42 12 21 27 47 46 28 23 79 39 0 79 68 33 9 41 79 91 74 79 59 21 18 95 62 67 59 19 40 91 87 34 73 40 65 3 21 20 18 90 73 25 55 4 0 49 14 16 79 74 62 33 39 99 0 60 11 69 9 4 81 99 47 42 39 25 57 90 19 56 62 83 26 11
51 24 36 5 12 5 20 59 56 76 55 86 0 87 38 19 98 7 79 53 9 68 38 69 54 97 21 24 75 9 78 12 46 85 34 0 60 68 11 88 52 66 3 28 37 52 66 6 20 44 59 89 14 35 95 74 58 31 23 32 40 79 15 57 38 35 89 74 90 74 54 23 28 86 13 52 14 99 82 42 46 91 50 0 91 67 5 44 96 9 78 62 37 97 22 55 49 97 85 98
43 41 1 70 39 71 7 14 55 48 8 33 25 63 58 39 12 47 95 24 29 89 73 35 6 78 49 86 35 54 69 92 41 10 31 26 30 45 82 68 87 15 75 82 8 16 46 53 68 94 23 54 76 36 16 91 30 78 14 12 29 66 52 70 69 34 57 45 85 4 16 71 25 63 42 20 97 76 56 38 70 77 87 53 74 97 62 6 41 62 24 17 95 14 36 2 96 0 51 38
92 3 0 1 2 80 26 52 20 92 38 14 80 36 73 26 60 18 54 25 58 89 22 72 24 60 65 10 14 71 1 90 35 86 95 9 11 76 65 37 27 13 23 34 60 50 18 1 72 76 92 22 41 26 61 24 34 43 99 84 99 57 90 7 15 29 15 90 78 8 1 88 20 96 2 10 49 8 99 80 83 38 30 90 79 85 1 10 20 90 19 25 7 7 97 87 91 10 36 86
54 32 94 0 97 27 47 74 71 23 55 29 56 46 96 47 94 83 34 95 5 62 45 14 84 28 31 12 47 12 21 2 44 77 52 2 30 79 46 52 55 57 27 80 21 27 34 75 81 37 26 40 33 15 96 98 7 29 79 75 91 39 87 62 44 46 95 31 63 90 64 70 94 84 22 69 88 25 74 83 60 67 96 85 78 93 61 14 52 91 91 18 64 68 79 79 20 40 40 35
34 66 39 85 18 65 5 88 71 65 29 87 64 41 12 68 82 45 0 30 79 58 79 6 91 15 81 53 1 9 10 2 29 6 85 40 97 58 19 76 45 32 13 27 46 34 10 64 16 61 70 8 52 61 49 24 45 38 49 97 97 24 70 9 53 60 40 43 71 50 21 17 28 86 86 1 15 17 49 46 70 43 78 1 74 55 54 95 40 57 64 82 52 84 86 99 30 4 24 71
0 10 55 84 87 92 23 24 90 70 77 77 58 94 54 70 56 93 74 25 51 97 18 16 10 33 13 83 27 44 27 1 43 73 38 85 66 81 10 16 88 17 30 23 63 31 53 22 6 20 18 75 56 67 20 36 13 17 3 66 5 47 26 66 59 45 78 57 44 36 61 15 31 90 58 93 91 30 82 83 41 88 54 57 5 51 27 35 21 53 39 1 91 89 21 31 36 36 16 65
13 1 66 9 80 20 72 1 66 89 49 85 31 2 64 50 11 33 3 12 60 34 0 63 79 37 97 0 41 15 96 43 86 11 58 98 95 43 13 58 33 19 42 88 62 89 22 52 69 44 0 43 92 53 42 51 53 50 16 48 0 91 48 44 29 58 8 83 14 42 54 84 2 62 24 18 25 93 98 46 1 32 65 79 13 50 8 16 39 10 29 72 0 21 13 28 10 73 48 74
68 12 19 50 7 26 65 38 34 91 87 96 21 61 72 73 70 90 68 14 74 73 11 72 15 39 80 68 88 33 11 26 10 39 36 37 91 59 90 39 62 39 64 68 31 32 80 25 13 65 74 76 11 48 31 58 59 15 53 86 11 99 1 3 76 23 3 31 23 32 56 55 10 40 61 75 34 30 15 57 59 12 48 19 42 0 33 76 66 34 44 5 51 73 92 61 68 6 93 33
27 61 50 9 92 39 73 48 86 96 77 11 97 73 90 64 44 77 55 65 89 4 88 36 61 86 42 59 63 42 71 1 53 41 20 76 56 39 86 33 55 25 71 75 1 60 18 95 57 66 66 39 26 86 86 87 50 0 44 99 46 82 43 11 57 20 20 81 19 50 31 5 18 85 66 27 81 63 22 30 80 70 27 84 80 52 68 93 93 53 88 81 69 84 32 49 13 81 92 12
34 50 63 23 81 69 75 12 52 70 54 26 1 10 83 0 27 66 91 74 60 9 63 94 36 54 72 25 56 65 60 61 80 88 66 92 17 61 65 41 34 22 37 5 38 55 72 43 27 87 47 21 72 49 70 24 8 8 31 9 37 6 64 97 75 95 80 62 39 39 85 11 65 81 97 3 22 72 68 13 44 6 14 99 80 75 73 94 43 60 63 0 11 2 1 53 21 34 58 50
91 91 29 56 58 38 31 51 90 10 41 57 4 97 13 86 75 50 63 18 47 31 74 12 55 1 12 46 62 63 41 81 64 67 13 21 62 32 82 74 12 98 49 97 70 4 8 25 13 54 58 95 64 92 25 86 95 21 74 18 78 34 67 64 45 48 82 60 66 4 59 19 39 75 46 88 44 42 16 11 74 68 17 15 81 21 54 36 75 86 29 4 2 9 93 82 77 45 46 58
16 69 66 4 80 44 25 92 97 29 51 98 41 86 89 96 65 97 22 7 43 96 36 24 54 4 58 16 59 17 36 82 61 20 63 99 98 49 80 91 16 48 92 28 6 48 80 46 17 6 87 66 60 16 45 99 11 60 55 88 60 25 84 52 27 49 55 23 36 78 94 10 89 20 74 97 3 1 50 48 60 84 0 17 38 90 1 99 94 34 36 33 66 96 30 42 11 98 97 73
67 94 51 73 2 17 0 30 59 78 30 72 46 75 32 40 3 86 64 0 87 20 44 96 41 26 58 2 2 37 34 78 66 85 78 88 67 90 90 93 77 17 69 11 88 24 15 54 81 57 66 86 70 90 65 48 29 99 49 7 30 62 58 71 12 42 6 42 78 28 40 25 43 86 1 40 24 82 21 7 8 34 84 63 92 66 6 34 65 35 66 31 34 18 94 93 10 66 57 42
82 34 21 96 54 49 44 4 93 53 59 90 72 44 41 97 53 14 2 45 22 61 58 43 57 54 13 19 43 92 61 61 89 39 89 90 74 46 14 31 51 49 93 78 67 45 32 90 26 60 43 10 76 10 96 35 74 93 61 13 42 46 92 23 94 26 29 13 17 7 73 63 0 79 94 89 89 97 75 62 92 34 27 19 4 40 28 67 31 36 27 98 92 19 32 3 32 91 24 23
50 82 99 20 48 67 12 78 40 52 87 78 9 43 41 67 95 84 59 41 18 85 23 65 47 74 57 63 52 24 41 95 22 4 81 87 94 81 74 52 68 65 86 85 96 61 64 25 1 19 62 1 69 93 94 93 90 73 56 1 26 11 52 96 27 69 33 23 34 3 4 4 30 40 13 78 55 48 97 36 97 67 10 55 79 41 57 7 99 28 63 35 70 74 76 99 73 52 47 98
98 13 77 80 76 96 87 96 7 96 15 32 81 12 28 26 50 36 60 48 49 84 26 4 0 17 40 10 0 37 57 53 6 1 82 71 63 52 81 39 56 95 49 87 88 51 83 22 65 37 63 81 38 17 90 3 7 14 78 32 0 75 35 89 53 8 31 20 92 49 18 7 82 29 87 78 35 63 84 36 84 6 54 18 34 66 15 30 62 16 40 45 80 73 12 73 16 84 72 70
67 86 2 71 54 96 4 87 87 10 18 70 62 81 83 69 51 83 13 75 43 76 40 11 39 2 20 79 92 81 43 21 85 91 68 61 70 48 18 19 53 54 5 85 98 77 18 22 46 16 8 16 85 12 19 15 74 29 64 48 50 60 43 22 47 4 54 89 23 63 65 48 1 8 83 72 6 12 37 43 48 7 30 57 59 87 35 13 10 79 17 69 22 32 28 86 93 3 9 87
89 36 7 86 3 4 14 50 11 57 32 99 0 23 25 75 77 10 85 23 57 17 34 99 6 22 37 27 67 33 11 75 44 3 59 82 3 96 12 92 68 10 48 18 41 10 93 6 15 75 41 27 92 64 7 91 1 50 35 26 0 82 22 54 4 79 42 38 9 74 8 74 11 96 42 58 0 67 54 46 68 13 20 9 60 20 24 58 69 52 93 20 26 66 65 24 87 30 66 57
11 20 24 45 24 92 69 11 22 56 32 83 26 73 72 10 7 36 69 61 15 13 78 14 15 45 23 23 8 66 28 13 28 71 87 28 35 81 90 31 18 23 74 51 79 31 1 10 38 90 44 17 96 28 79 22 36 68 65 99 88 61 47 45 69 23 57 43 40 21 13 85 39 57 84 7 43 18 3 38 93 98 6 36 57 94 59 33 46 32 96 0 98 93 14 81 31 49 84 56
47 50 44 28 75 65 89 41 10 81 35 6 55 52 44 84 87 20 18 97 0 79 35 88 23 20 73 79 18 46 93 53 47 6 80 8 79 75 25 4 29 58 3 61 82 75 71 64 5 64 2 39 86 8 15 89 52 67 23 99 79 12 88 36 14 84 18 90 16 67 52 60 8 91 83 77 60 9 42 35 68 99 17 0 91 16 8 52 92 48 50 2 81 34 88 49 20 4 88 7
40 24 93 67 39 53 58 55 83 23 0 39 2 96 80 3 84 66 77 46 10 8 79 64 0 20 79 26 87 18 12 40 90 11 94 86 53 5 88 58 63 45 47 68 65 39 93 36 31 75 52 79 94 96 52 27 39 38 99 64 55 28 95 17 16 75 19 4 96 79 1 72 56 28 36 50 29 63 38 72 27 32 29 34 49 52 34 65 71 91 48 23 78 41 29 40 27 82 54 94
32 82 7 87 19 26 92 56 87 17 4 5 65 38 98 41 6 35 43 84 7 15 13 46 48 43 33 36 67 59 55 92 71 30 41 1 90 11 58 40 88 48 29 18 17 68 93 70 64 57 0 36 90 1 33 11 37 0 11 38 15 80 4 4 19 3 33 61 98 4 61 99 99 19 77 65 46 71 69 44 58 58 12 74 14 39 74 5 74 78 35 80 6 66 2 32 59 25 92 14
84 32 10 57 81 42 35 94 47 73 0 85 44 0 72 11 63 92 42 19 33 2 62 28 83 17 79 34 50 72 30 92 69 20 15 79 5 44 34 78 5 31 9 79 18 82 94 24 82 95 12 75 62 21 61 32 69 57 36 99 59 4 98 21 23 91 30 4 82 51 99 85 84 88 13 72 52 88 61 73 72 72 85 71 27 17 79 99 72 22 4 56 7 20 56 53 77 9 24 10
22 4 21 64 37 69 6 81 63 51 6 42 2 88 71 58 79 25 25 99 0 57 39 99 53 39 62 25 55 32 75 96 20 95 54 61 43 97 56 42 0 53 17 14 60 17 97 38 56 85 80 89 19 47 26 46 90 7 92 39 22 1 92 96 61 29 37 56 72 31 29 76 62 40 66 63 14 44 37 85 0 14 30 64 23 66 26 18 80 30 77 72 72 47 54 12 56 14 46 32
66 34 45 79 32 64 62 80 9 80 71 96 7 12 30 37 33 63 36 42 99 27 74 12 31 26 85 79 3 70 61 55 58 62 48 40 51 57 30 11 84 14 65 64 94 82 87 38 24 57 74 80 19 14 51 9 88 77 49 47 63 71 68 99 2 82 13 85 98 20 16 31 14 85 83 75 98 81 72 40 72 71 1 89 10 10 14 63 47 12 63 95 78 3 81 78 39 9 66 45
13 47 15 43 81 77 11 34 97 97 52 14 29 82 48 95 65 66 36 31 13 18 50 65 99 54 86 10 83 78 39 44 32 63 25 91 64 41 22 11 55 48 53 2 23 0 91 0 55 24 35 58 95 97 2 27 45 29 21 13 30 26 45 20 55 97 27 12 59 42 54 19 93 7 45 20 81 73 31 14 5 99 56 38 37 22 80 57 90 81 65 10 1 16 78 66 34 74 88 0
20 34 18 6 87 52 52 87 80 12 10 6 98 81 96 94 71 24 29 57 67 81 70 76 98 74 39 98 88 35 91 10 30 53 30 83 88 40 87 73 18 48 50 86 0 72 37 88 3 0 24 85 7 0 1 95 92 52 87 47 44 79 88 70 92 40 69 72 69 10 12 76 19 6 17 8 15 38 19 52 13 48 43 21 91 24 12 57 37 26 15 73 2 35 80 31 48 89 57 79
95 7 22 29 52 12 8 4 61 91 31 48 89 27 56 45 42 93 44 67 5 3 51 15 23 53 18 36 19 20 68 91 19 30 61 18 82 19 64 32 72 99 22 50 81 40 49 59 25 61 49 82 50 70 86 50 47 22 38 16 80 72 62 4 5 9 48 41 46 61 9 63 26 13 48 51 83 43 66 13 88 85 33 83 90 53 19 91 29 19 10 10 46 29 37 66 73 4 46 81
50 30 14 80 0 23 39 97 37 85 83 72 17 34 34 57 25 12 38 1 10 73 17 10 92 64 14 54 71 34 42 8 93 82 85 13 42 44 84 45 63 58 94 1 19 35 17 14 69 55 21 37 98 59 62 33 0 16 46 72 68 20 60 8 21 63 77 87 78 20 56 44 19 92 41 73 33 27 97 27 13 80 59 16 92 19 95 15 20 78 46 74 80 66 94 30 95 62 29 10
38 52 46 47 76 54 51 9 63 53 88 94 15 37 7 9 16 7 67 31 71 28 49 13 14 57 69 69 94 91 34 70 8 61 35 39 26 92 9 38 35 71 74 28 7 23 64 56 89 52 11 42 53 71 89 13 38 85 29 61 38 87 19 71 9 62 83 98 13 88 51 81 84 93 7 72 35 98 68 12 7 60 42 64 92 13 10 71 79 96 41 16 39 40 66 83 95 76 44 78
87 44 85 64 60 45 33 38 19 22 26 10 67 25 92 65 9 57 95 77 42 70 37 62 74 46 46 25 87 60 12 15 89 94 37 53 61 59 34 70 42 22 65 55 0 79 56 84 12 25 27 65 61 17 72 31 83 87 83 70 21 61 83 62 48 36 16 18 95 80 6 34 60 84 5 43 42 56 78 75 13 5 67 82 63 5 5 54 96 34 45 70 26 0 49 45 22 92 13 12
61 10 53 31 37 69 61 99 17 90 53 82 76 23 66 95 71 6 17 87 81 71 52 17 28 78 13 46 44 91 19 92 59 64 13 40 14 52 72 50 58 31 55 30 77 41 91 7 21 77 39 69 18 54 20 20 77 5 34 15 10 82 68 45 24 62 3 77 86 89 46 13 44 89 90 48 5 77 86 6 8 54 17 93 0 88 22 9 96 60 87 95 79 65 11 57 81 41 93 86
23 6 41 14 65 6 78 12 75 55 56 45 62 84 95 9 54 25 75 65 64 69 61 89 9 54 5 93 34 90 4 56 98 17 63 29 12 46 55 18 73 72 68 32 38 66 27 53 93 0 57 77 16 13 72 35 7 56 39 13 73 17 30 56 57 63 95 53 95 14 4 77 23 1 90 60 42 36 10 93 91 79 41 19 68 61 6 19 12 89 71 5 4 33 87 2 2 80 44 92
77 5 4 32 84 8 42 54 73 59 45 15 80 37 62 56 74 22 83 7 3 5 6 46 14 65 84 44 1 87 17 77 44 64 15 9 60 3 84 40 98 59 24 13 75 66 3 75 98 29 54 0 26 61 84 90 49 96 21 83 27 1 27 12 93 90 80 83 51 7 17 51 46 67 37 27 24 98 10 37 24 48 10 21 50 97 2 77 26 23 15 7 23 84 13 38 48 46 51 75
19 55 20 45 31 96 12 87 82 60 28 59 76 3 29 19 50 44 59 71 66 51 43 56 82 0 94 24 96 8 49 73 77 12 6 56 95 43 70 91 10 55 70 19 72 38 41 7 10 65 27 19 51 1 16 15 62 12 44 87 60 33 36 76 12 25 2 65 83 13 14 10 0 59 97 82 8 96 20 14 56 9 42 38 12 47 81 22 27 96 93 33 79 51 25 65 26 92 58 4
35 66 37 12 23 57 38 62 49 24 98 72 7 97 25 27 32 82 37 10 0 81 54 24 30 85 5 0 5 60 80 73 13 99 57 12 6 89 27 93 68 9 11 23 62 32 29 2 83 4 88 74 58 14 72 71 68 98 97 37 9 47 85 92 40 40 83 54 27 33 64 42 91 28 59 49 1 33 7 55 86 27 15 54 41 54 98 51 84 54 33 77 95 89 83 75 78 74 90 6
45 7 5 32 76 34 6 36 16 96 5 45 91 23 69 55 85 85 98 51 4 20 59 34 56 9 87 26 19 97 39 93 42 95 77 3 17 62 89 51 69 74 83 4 88 78 1 83 90 56 68 30 98 82 65 31 92 21 42 66 10 86 7 43 6 4 13 85 71 58 64 53 69 92 62 76 41 87 6 10 3 50 94 18 22 85 38 21 99 44 85 77 95 3 47 69 22 40 17 9
8 37 68 25 82 79 89 78 46 59 92 63 32 72 22 28 81 9 42 32 93 56 23 81 92 18 77 66 3 11 55 34 93 64 17 34 56 27 35 85 14 62 87 38 80 64 63 3 23 56 20 37 47 58 44 33 84 60 86 41 34 55 62 1 84 60 18 8 83 75 12 39 80 81 53 40 10 50 15 78 50 74 27 50 62 81 50 50 42 92 73 62 51 95 88 13 62 35 9 51
74 20 23 91 38 5 38 45 28 98 17 76 58 98 81 47 63 99 7 54 72 9 3 38 35 18 55 43 82 41 30 72 68 53 25 57 98 44 49 93 99 10 24 26 7 20 41 11 10 80 38 50 84 67 98 16 44 72 49 60 52 57 13 44 59 12 26 3 71 61 47 99 82 42 5 1 5 81 13 99 47 58 18 23 91 31 41 13 53 2 33 84 35 93 97 86 58 76 7 63
78 41 72 91 90 39 75 89 24 92 80 44 68 30 18 60 30 49 17 63 36 0 83 69 75 23 71 72 65 66 64 66 80 72 92 80 81 8 40 85 44 80 53 71 10 76 52 1 4 53 66 97 60 82 56 4 50 39 38 64 83 84 78 4 42 62 72 42 65 2 77 5 12 48 53 41 71 9 66 10 59 88 79 42 15 91 71 45 52 35 11 69 41 69 10 16 13 75 73 37
45 37 30 34 38 81 12 27 53 45 43 77 75 53 96 50 56 29 32 70 86 13 26 20 56 88 21 97 38 95 79 47 76 37 42 87 5 56 5 4 31 99 34 39 92 85 50 49 84 6 59 57 99 10 83 91 11 37 18 36 86 10 37 39 52 95 1 6 11 86 1 73 46 9 14 26 51 55 26 18 42 22 51 90 32 61 17 21 57 83 18 77 15 30 37 55 21 66 20 76
36 97 46 3 21 84 70 43 72 94 42 90 39 67 82 89 97 77 84 77 50 18 50 6 52 19 5 27 17 82 33 65 26 11 62 5 5 73 2 58 42 42 64 81 1 49 7 64 83 50 80 38 2 47 69 59 3 62 29 15 26 93 24 95 16 73 79 25 45 62 57 34 43 25 36 35 45 51 1 96 77 86 85 97 64 95 4 59 87 50 4 70 70 33 79 31 62 91 91 66
72 99 88 72 95 52 48 9 76 5 28 39 23 64 23 2 29 43 27 79 91 95 7 27 20 10 59 0 12 6 30 31 25 38 32 88 27 46 14 68 16 99 21 54 95 10 61 6 67 87 45 29 61 64 92 15 33 21 2 35 92 86 74 96 91 14 23 10 75 86 86 16 48 2 5 61 0 12 21 56 74 23 23 61 3 45 17 99 14 95 49 37 25 43 73 6 73 36 19 2
1 89 87 44 93 19 27 17 8 44 20 97 59 57 27 10 22 32 88 43 1 59 95 73 64 80 6 90 86 13 62 11 41 6 73 11 12 69 22 27 2 29 43 7 47 35 95 57 79 41 32 98 80 24 65 90 67 58 60 13 71 98 57 43 76 50 19 42 23 86 6 67 58 15 29 56 7 9 29 7 72 43 97 20 17 7 15 59 76 89 29 43 41 60 83 61 27 43 28 54
58 53 80 42 42 83 87 83 11 17 16 10 51 31 75 3 27 67 56 39 41 56 49 48 49 84 24 6 77 94 63 12 32 47 79 66 44 79 41 13 16 96 75 87 44 4 44 51 53 72 8 75 54 57 51 14 78 91 24 49 18 97 16 4 48 26 28 67 27 70 97 81 64 11 22 1 23 83 50 58 82 91 74 10 18 74 34 91 64 83 71 62 19 57 82 38 12 25 31 15
4 26 29 96 17 21 69 35 82 46 97 33 83 9 40 29 33 67 78 68 34 18 4 19 28 42 79 77 93 88 88 78 44 26 1 22 10 58 40 7 48 90 71 27 66 68 3 27 15 90 67 60 77 8 46 16 86 53 79 83 91 20 31 1 93 87 6 84 36 41 19 5 16 23 94 8 70 31 21 3 33 38 45 36 37 36 57 24 78 28 67 98 35 66 88 12 33 24 34 6
44 6 17 49 6 71 88 44 73 75 89 72 75 17 94 62 31 6 23 57 6 68 27 45 14 13 70 52 57 30 60 61 77 68 68 75 45 21 78 18 34 5 37 12 38 32 40 69 91 17 57 76 78 84 57 53 20 21 87 28 70 80 66 63 25 8 47 49 81 77 14 69 48 97 63 29 43 14 78 51 31 55 32 10 36 75 96 12 24 71 82 93 17 68 79 67 2 76 18 99
11 54 18 54 38 60 76 51 73 55 32 85 45 21 44 5 99 23 91 43 78 49 2 53 38 57 35 8 57 32 99 81 44 89 58 40 64 30 77 43 42 86 28 76 20 73 85 95 34 26 80 10 36 46 76 94 43 63 77 54 1 0 62 60 80 76 42 14 61 86 56 52 82 62 2 28 80 99 57 5 54 42 1 37 4 87 39 39 14 64 68 91 66 58 48 26 23 29 47 25
2 87 24 71 59 87 27 37 57 16 3 72 38 65 27 63 15 84 62 27 34 25 29 34 81 41 12 24 15 73 62 50 81 42 55 36 10 56 69 17 80 89 60 94 78 27 31 23 31 13 20 18 39 63 14 54 81 84 97 22 91 54 61 78 28 97 72 38 13 24 63 38 98 83 48 2 48 23 66 41 60 20 79 20 95 18 92 41 35 71 24 92 63 77 3 29 46 55 38 68
74 97 20 2 16 28 70 62 4 58 76 65 13 49 10 48 1 70 71 82 5 29 12 23 33 68 53 89 72 11 89 84 42 58 54 37 70 22 48 94 0 25 35 14 73 91 27 3 16 63 35 74 24 32 28 55 24 62 32 79 61 24 83 5 49 2 36 16 17 49 82 26 40 7 1 55 99 68 48 75 11 62 14 54 2 37 47 43 36 17 85 39 4 3 74 24 75 11 76 5
53 28 28 62 45 95 9 6 46 30 88 72 49 38 71 57 57 42 57 43 34 49 86 47 59 25 14 55 39 46 21 29 56 85 5 84 50 46 75 63 16 91 69 79 83 72 23 1 69 76 71 20 56 98 52 53 16 75 80 96 13 66 92 73 55 50 32 74 27 53 32 49 33 75 61 33 89 87 80 91 64 99 76 85 44 12 98 48 82 12 24 27 62 70 30 98 23 77 82 66
31 48 93 94 42 98 42 30 11 2 11 56 16 46 98 59 4 62 8 51 95 60 48 19 7 70 82 90 94 93 61 13 66 26 36 33 32 70 88 58 48 18 39 4 79 80 4 55 93 77 30 23 59 23 6 84 21 80 99 25 5 70 21 90 89 92 12 38 86 23 88 44 46 19 53 8 44 80 14 92 22 10 0 5 7 24 31 39 36 39 68 72 70 20 90 19 26 43 81 64
58 67 79 40 35 8 53 8 16 49 51 29 93 25 93 86 85 77 82 99 88 52 68 6 64 20 27 13 21 61 72 28 68 64 14 28 75 61 13 53 23 47 6 28 58 7 92 89 68 71 24 91 82 61 44 59 49 56 5 53 3 45 72 12 29 33 45 46 37 7 76 50 46 56 38 38 1 1 86 85 96 86 28 3 79 36 16 86 14 97 23 84 90 53 29 87 95 80 41 43
2 38 71 51 73 56 89 7 49 76 93 33 31 41 93 44 14 96 3 65 40 92 28 41 99 84 95 66 37 48 22 65 91 38 49 64 79 43 32 20 1 10 12 46 50 50 4 43 34 55 83 12 99 90 83 97 4 75 80 83 39 98 28 51 19 39 56 78 35 58 37 55 94 5 89 77 54 21 0 60 63 85 67 32 69 88 43 35 98 28 41 90 29 12 3 69 68 5 19 27
37 47 68 73 80 24 17 34 5 65 82 33 92 15 4 86 75 4 61 48 95 56 92 87 18 18 7 68 93 33 68 74 58 48 5 31 39 51 64 21 88 43 34 44 97 46 12 86 62 74 26 61 48 63 37 72 85 47 60 59 48 91 72 12 35 0 83 11 8 84 12 2 97 24 76 8 74 0 31 18 84 70 14 82 97 41 32 18 69 10 2 19 38 70 11 4 69 74 66 88
46 41 37 85 48 86 38 97 6 84 0 85 22 54 75 72 38 97 71 78 97 99 81 23 98 65 61 38 60 36 39 11 14 4 2 44 15 22 65 75 55 84 65 79 32 43 36 49 22 1 93 4 31 21 67 94 94 86 17 8 58 32 30 20 81 76 82 53 94 85 37 71 74 88 4 75 5 12 35 6 75 63 21 7 45 44 90 87 51 84 31 25 48 93 54 75 65 73 14 51
85 55 26 68 48 25 83 54 69 9 79 60 42 31 21 29 21 80 6 93 7 9 78 50 51 74 79 20 84 35 63 33 9 27 66 21 60 38 37 45 0 10 27 32 62 20 85 44 76 87 81 68 86 93 50 48 60 13 28 72 45 60 27 61 42 28 60 1 80 75 68 97 68 85 91 36 61 58 47 88 12 96 6 88 6 56 71 77 91 11 91 29 51 75 56 7 78 59 99 60
77 8 81 75 6 98 77 9 77 61 9 10 85 67 40 29 2 35 39 90 65 49 75 4 33 14 99 15 13 58 21 22 66 80 32 80 0 25 35 60 2 38 11 44 12 66 64 70 81 43 90 71 15 16 71 90 12 39 81 87 62 91 77 7 67 69 14 94 12 8 45 39 54 11 11 18 88 64 79 28 99 48 93 92 13 70 48 46 80 70 95 5 91 71 43 64 95 84 51 51
16 20 22 37 75 67 96 75 41 74 13 5 63 81 67 98 32 24 76 4 10 55 30 63 82 95 36 45 81 88 39 31 73 66 49 14 53 34 15 26 2 95 62 76 56 68 18 12 17 55 66 10 88 50 15 35 17 12 70 97 3 33 88 84 20 4 36 41 65 78 46 30 10 98 53 87 96 85 10 67 2 39 45 80 74 40 93 62 93 13 32 75 58 37 11 69 89 90 98 76
49 31 74 90 27 22 32 88 8 38 52 70 29 7 46 91 85 69 21 68 56 46 81 88 49 74 23 32 52 54 66 67 2 43 6 84 98 10 78 88 25 74 21 79 13 35 29 89 4 6 88 96 64 57 76 64 2 93 68 96 84 94 16 68 99 51 3 15 18 55 40 34 23 6 97 11 18 49 27 24 11 34 68 79 74 58 23 45 1 64 80 83 64 99 31 92 43 84 41 87
34 81 3 17 66 75 33 79 62 62 15 17 46 59 88 20 54 15 55 1 59 43 55 61 83 93 76 84 30 87 1 10 68 51 74 98 86 28 45 48 50 30 3 37 87 51 30 13 20 62 32 76 5 69 58 10 98 14 10 20 51 69 70 22 68 85 95 67 87 26 31 17 27 43 57 19 67 5 50 80 95 49 65 52 99 83 53 24 90 3 19 27 10 81 85 43 82 22 85 23
69 75 9 25 63 28 45 99 0 27 29 34 0 99 69 42 71 70 56 25 65 32 69 38 71 16 89 52 56 96 98 73 85 80 85 89 53 85 4 72 41 50 43 71 63 4 37 10 89 28 12 13 66 47 91 59 29 30 16 89 60 37 17 71 15 32 47 60 50 50 35 81 75 70 62 79 57 41 43 7 45 63 3 33 22 42 88 72 8 99 3 80 35 1 63 63 68 7 77 3
