100 100
84 45 19 12 16 48 11 36 79 55 37 26 76 45 46 81 36 88 72 16 53 67 13 87 34 0 10 28 95 16 36 50 58 50 84 78 15 44 87 52 13 50 55 15 67 67 16 94 58 60 48 73 87 38 55 40 53 19 90 11 0 0 56 90 28 56 13 80 5 58 26 21 1 11 5 61 95 21 82 77 17 51 39 71 85 17 33 88 81 81 9 32 30 89 66 52 5 78 50 44
76 95 90 2 94 94 19 4 82 7 65 58 40 99 64 72 76 58 25 33 0 80 27 77 58 87 61 15 76 1 23 95 68 90 40 86 28 95 17 67 55 58 55 31 74 43 92 21 33 84 48 30 76 60 60 24 19 51 51 70 3 98 76 78 68 43 27 96 30 24 53 30 55 31 6 98 2 47 87 71 87 41 62 96 78 95 40 29 22 98 66 78 46 65 37 94 35 93 2 1
47 98 80 28 73 37 59 52 73 56 85 40 67 83 98 40 21 0 92 35 0 41 91 62 10 88 2 70 56 7 63 62 99 61 46 69 3 82 85 71 65 69 94 84 61 69 9 17 26 59 39 4 77 51 27 15 17 30 44 45 18 96 12 0 59 30 9 85 24 48 59 50 71 43 13 7 4 0 46 12 18 89 37 80 67 44 73 41 8 48 55 92 9 61 51 91 59 66 84 2
9 87 56 42 7 17 91 82 93 67 65 48 40 19 24 70 85 89 35 16 59 28 5 52 45 58 95 84 12 68 5 37 57 46 71 42 49 68 92 11 26 37 50 11 94 0 6 57 1 47 57 75 35 54 28 3 21 89 11 45 75 96 26 22 48 15 65 82 93 83 98 98 64 55 67 12 8 35 62 33 5 32 87 28 59 94 37 51 85 22 84 26 22 13 31 47 30 1 38 55
38 64 35 54 18 72 43 69 28 41 71 55 0 93 50 93 11 14 57 47 41 33 7 59 49 58 85 35 20 26 23 71 1 52 20 27 67 3 65 9 35 27 71 36 26 30 67 63 50 19 89 22 75 71 96 74 6 40 94 39 39 51 9 27 46 80 35 53 91 6 12 99 83 7 38 50 2 29 83 88 64 16 98 61 3 52 28 44 46 60 5 64 71 24 86 6 52 53 27 34
37 84 3 10 72 30 92 67 95 20 26 93 39 3 21 87 51 76 9 52 9 53 19 10 42 57 18 10 89 42 36 44 8 20 76 89 31 38 29 14 17 65 92 15 62 85 7 78 53 69 62 89 22 64 38 51 28 17 36 0 37 17 36 52 76 26 93 71 43 48 72 59 42 72 54 63 38 10 79 12 77 52 41 68 31 37 31 26 88 57 62 78 16 97 17 83 18 28 63 9
80 64 57 17 53 26 95 4 41 36 18 26 77 31 76 68 53 40 26 64 22 60 54 84 46 25 81 89 84 66 99 28 74 6 36 92 11 51 65 84 86 17 78 14 69 14 30 9 56 11 30 28 49 15 78 24 38 73 68 55 81 29 90 12 6 68 8 28 47 0 69 54 27 23 20 36 29 56 96 37 64 23 73 92 19 16 2 15 95 66 2 27 87 3 9 5 23 3 73 0
87 61 72 44 81 72 77 63 24 23 8 52 82 84 72 34 42 80 20 67 58 32 68 68 94 58 37 43 79 29 15 20 90 98 32 40 74 98 36 41 58 88 82 43 56 56 28 58 47 4 97 75 55 83 12 31 64 48 18 12 4 66 6 72 25 6 63 6 11 42 56 82 52 46 83 63 46 3 42 44 63 32 40 52 97 16 64 66 24 44 32 32 91 85 39 73 57 4 14 16
82 61 0 81 40 54 10 22 33 55 61 16 26 57 96 75 79 35 85 47 75 85 3 56 18 2 78 54 76 38 83 16 75 72 98 55 0 5 15 2 51 11 41 41 11 42 67 59 23 9 46 24 32 61 22 8 84 78 46 75 34 26 43 17 33 12 36 8 1 11 44 6 34 54 43 53 92 70 66 59 32 44 24 6 88 15 2 35 81 55 24 54 19 12 10 1 18 32 65 26
82 31 96 24 1 98 54 96 19 20 80 97 79 86 29 56 3 78 56 93 79 12 86 29 47 54 19 64 15 7 38 86 50 3 21 26 56 61 22 99 29 59 69 8 17 49 51 29 13 16 95 49 50 51 52 44 84 38 35 76 53 76 74 4 7 20 26 84 20 54 34 70 79 71 90 16 12 65 32 17 74 17 61 13 3 3 69 54 89 9 90 67 51 8 44 95 3 14 24 13
85 10 2 22 97 6 37 39 5 61 73 30 21 91 75 98 55 60 19 63 85 37 37 43 94 89 80 67 7 80 91 40 90 22 82 16 72 49 18 6 98 62 50 3 61 3 19 95 19 35 46 85 50 98 37 24 28 39 17 35 13 17 63 0 26 17 21 37 56 21 48 14 63 15 69 17 81 25 35 86 24 43 14 23 44 90 64 1 84 47 50 63 63 91 44 54 68 51 19 85
98 5 72 98 76 43 37 60 90 18 51 71 52 11 85 83 45 66 44 29 24 38 23 29 99 34 52 31 27 29 28 6 0 89 9 37 79 22 64 98 81 37 38 27 10 9 29 7 23 96 10 40 18 63 42 16 38 54 80 99 25 50 67 28 1 46 25 73 68 80 85 83 20 57 86 86 18 8 49 33 37 52 84 75 37 10 8 25 73 84 88 57 8 80 65 42 81 27 30 64
96 26 9 79 61 31 2 45 24 65 43 77 50 20 91 53 77 46 84 23 1 44 16 57 66 43 30 95 97 86 95 59 16 0 98 19 78 73 46 95 52 28 77 47 74 37 88 54 10 80 77 1 69 38 26 45 93 44 42 14 37 31 4 99 34 51 58 75 38 54 73 79 59 72 97 73 45 49 28 33 53 51 52 67 55 66 68 29 63 16 68 47 5 96 20 39 2 39 72 72
80 40 22 71 36 53 57 71 10 1 34 60 66 45 71 64 67 71 64 76 34 87 12 45 24 39 86 2 22 61 45 6 37 42 6 84 19 95 75 21 54 45 21 79 78 32 49 10 69 3 30 30 80 77 76 51 73 64 40 50 83 0 77 6 66 99 52 2 30 95 11 83 37 78 16 97 30 31 47 61 30 16 12 54 40 20 57 23 40 74 68 90 23 6 65 4 17 81 42 36
47 59 78 30 70 99 29 98 51 98 80 4 2 77 53 99 3 5 64 86 6 41 71 90 14 98 26 46 20 17 0 3 94 55 67 2 8 2 26 77 57 42 56 72 21 18 78 2 6 53 61 96 54 5 61 40 68 83 49 14 98 53 87 36 56 2 5 0 68 81 47 8 69 62 34 87 32 95 19 98 68 5 34 46 97 98 86 19 78 19 64 84 7 32 32 11 22 71 38 86
74 68 33 26 66 14 16 23 41 85 42 71 40 47 86 81 37 93 71 96 76 82 46 0 95 95 87 9 51 24 32 24 28 95 86 43 52 97 57 95 88 4 24 17 88 57 56 46 49 78 93 60 17 73 37 80 95 14 97 92 66 70 5 37 3 80 57 85 61 70 0 81 51 44 34 42 93 71 57 62 86 52 76 65 89 43 97 44 37 47 11 12 65 47 85 91 65 34 49 54
72 89 38 56 71 46 54 77 83 79 51 19 10 51 11 7 53 44 76 66 85 16 3 43 67 28 89 5 14 5 54 15 64 72 4 62 3 89 15 25 86 48 34 99 54 96 6 26 97 8 16 53 3 11 28 35 79 61 27 87 57 31 10 12 83 89 79 98 89 9 63 31 7 66 64 24 99 65 51 26 25 45 72 48 40 23 96 96 83 17 34 90 2 29 86 0 42 74 32 34
65 41 52 70 36 14 93 27 81 93 21 31 66 74 66 59 46 98 80 2 56 82 26 1 75 9 91 13 46 66 78 52 81 84 52 71 74 58 45 49 29 97 92 56 10 71 56 12 11 12 37 22 13 59 80 46 68 6 6 48 34 74 70 16 55 95 98 61 88 71 3 60 16 21 89 8 67 47 40 27 24 84 67 79 69 4 41 27 7 43 44 80 59 62 6 55 47 10 46 29
90 80 28 10 43 12 59 14 53 52 76 23 68 98 83 29 32 82 48 82 46 15 33 97 79 69 68 86 62 79 69 26 41 35 5 95 49 19 63 66 2 96 35 50 25 64 20 72 23 52 95 68 89 3 24 66 85 43 84 51 75 37 72 78 79 5 6 59 38 13 3 0 99 6 74 33 25 94 60 74 13 71 10 69 32 8 28 17 46 8 14 82 80 99 25 36 76 96 89 14
40 40 61 94 38 1 35 60 97 5 84 33 92 32 58 35 34 14 71 58 81 53 63 96 69 73 38 39 13 0 11 85 92 91 77 96 15 93 68 79 70 57 49 56 59 20 74 39 11 70 78 12 60 44 15 5 31 2 43 12 86 65 75 87 46 5 41 69 28 13 84 28 76 97 91 65 39 91 19 59 57 7 85 78 24 67 99 62 79 36 12 82 35 86 93 17 96 85 17 72
22 66 26 90 93 47 54 28 27 87 58 91 86 67 69 23 33 88 74 23 98 21 98 24 0 31 85 78 45 56 85 55 42 3 69 67 12 6 41 19 50 63 70 82 6 71 8 89 41 45 37 38 27 14 98 29 95 83 94 26 78 29 16 88 23 27 46 87 15 79 90 94 62 48 72 92 7 1 65 35 89 61 67 71 51 31 44 97 16 13 30 43 74 8 69 9 98 17 95 33
1 32 79 3 59 27 81 73 89 9 97 97 34 84 82 34 36 11 16 58 70 71 34 31 34 8 7 99 31 78 35 90 14 73 54 15 20 48 90 83 97 60 88 76 93 49 26 59 74 6 86 14 26 12 78 38 45 5 48 83 84 25 64 33 11 55 77 82 76 57 78 19 0 87 7 52 15 70 82 85 60 3 78 6 98 38 80 1 55 10 35 55 94 75 85 19 52 10 7 13
99 55 35 79 80 78 95 20 80 53 10 73 94 64 63 15 46 68 43 20 83 68 32 27 91 81 53 25 9 96 4 84 19 78 23 39 53 90 68 54 24 35 5 51 6 93 68 72 5 35 30 55 54 81 43 6 28 80 51 94 9 84 52 69 65 12 52 73 13 82 56 93 84 48 88 76 10 28 24 8 41 7 52 49 50 55 62 93 42 71 91 20 92 61 13 98 35 16 90 79
3 76 60 56 68 8 15 26 72 59 21 20 30 29 90 71 97 75 42 6 41 16 34 45 5 57 7 35 83 91 90 42 8 47 33 76 61 29 15 15 20 73 6 65 58 98 33 93 71 6 91 36 14 68 42 90 12 2 13 84 37 54 45 18 78 27 94 65 41 64 53 34 64 14 96 80 57 56 51 84 29 11 94 14 65 19 51 9 32 8 93 26 41 50 75 44 68 49 56 3
26 67 14 20 50 83 16 26 51 9 85 31 67 5 60 19 73 83 75 65 5 68 49 70 23 83 23 73 9 1 90 47 54 85 16 39 33 52 62 56 41 74 68 91 3 23 90 98 79 91 21 36 79 91 0 35 83 78 94 29 6 18 5 72 73 66 47 11 81 5 0 8 6 52 63 56 81 25 78 17 96 22 49 40 22 54 82 58 12 57 5 99 53 90 56 30 67 7 29 42
99 8 70 26 36 17 37 56 7 14 28 39 43 53 38 92 63 84 77 25 32 54 70 36 81 95 82 41 6 10 0 98 79 97 32 1 78 43 51 77 3 88 0 18 6 36 89 78 53 61 65 26 66 43 0 95 25 66 61 4 13 77 30 88 79 3 31 44 25 45 77 9 92 10 86 32 22 99 50 61 55 46 1 40 24 99 40 96 21 76 95 35 68 19 56 87 21 86 84 75
11 53 43 21 4 11 2 27 93 75 64 9 58 42 20 35 24 78 19 4 24 44 20 30 26 2 45 69 17 7 99 45 46 3 1 54 4 11 10 93 15 50 41 49 11 67 61 5 31 29 33 41 54 75 36 50 68 3 79 80 23 19 10 81 68 62 19 42 58 67 64 68 46 42 62 42 93 62 20 25 24 21 54 19 64 23 68 38 72 6 67 24 11 84 46 50 21 68 1 66
7 48 82 58 85 3 2 88 95 21 31 30 90 7 52 0 36 71 52 53 11 13 84 81 72 16 19 57 61 8 26 18 77 32 43 90 84 44 76 57 40 46 63 24 36 4 59 83 99 49 40 33 76 82 32 47 41 49 40 64 84 6 22 1 13 31 6 87 84 88 16 37 13 23 53 11 34 99 44 9 76 64 34 85 23 95 24 98 49 25 56 29 80 47 54 55 32 39 56 67
75 47 73 17 34 33 53 50 86 86 24 98 52 64 47 96 47 43 0 85 97 18 22 83 11 23 44 95 10 7 79 69 83 21 33 86 37 77 13 37 17 22 88 8 68 26 84 69 81 44 61 44 60 71 81 14 17 1 14 93 86 36 55 3 75 29 78 66 91 32 78 12 90 8 57 20 43 60 55 89 13 79 32 44 8 67 87 96 43 19 54 67 93 9 78 25 0 56 48 61
35 32 19 89 46 2 64 47 17 55 3 7 42 57 48 45 63 16 42 24 96 11 17 8 20 33 5 35 47 33 50 36 39 72 85 14 74 46 59 68 21 31 66 57 42 6 67 94 69 78 61 89 21 43 31 24 88 14 28 7 30 37 78 22 97 37 79 46 2 27 38 89 69 30 60 88 68 85 6 38 98 3 62 68 4 94 51 13 62 57 65 35 97 18 63 45 40 58 61 61
10 60 3 26 84 27 90 31 73 23 3 66 71 98 80 46 7 42 19 62 81 90 88 8 68 53 45 74 69 89 79 86 77 96 37 14 35 62 79 87 59 85 2 76 13 19 8 58 15 92 62 65 15 8 63 13 94 17 78 6 24 18 13 56 40 53 13 45 15 7 31 34 46 61 70 63 26 89 63 56 20 17 7 72 48 53 26 59 41 91 48 63 72 91 62 93 94 75 26 21
25 46 11 71 76 78 28 35 93 40 75 8 21 29 28 63 84 9 76 24 5 84 27 25 16 67 40 11 4 18 43 45 5 92 57 78 28 41 15 56 99 81 99 11 56 76 9 40 81 22 97 35 38 88 44 82 37 1 6 54 43 52 90 28 71 18 12 3 72 96 77 9 87 88 60 40 56 60 40 56 6 58 6 64 19 51 88 9 60 47 16 44 68 98 52 23 86 20 84 74
39 22 75 90 32 26 16 12 23 86 37 53 19 67 21 57 32 84 28 74 33 89 1 68 2 85 8 84 57 4 26 40 20 40 24 21 40 85 46 86 31 28 81 43 77 86 61 81 79 83 66 64 52 92 69 83 57 32 83 51 53 96 51 31 86 58 55 91 77 53 67 74 63 28 87 99 72 64 63 98 15 79 8 36 90 87 30 45 69 59 33 61 49 76 60 43 40 31 2 22
16 3 74 92 56 13 99 78 80 7 31 71 6 24 67 1 67 73 53 71 74 15 45 80 97 45 2 59 86 50 11 61 17 16 2 24 86 46 8 72 53 52 8 82 18 80 84 21 33 45 42 13 90 40 72 65 19 4 60 75 29 61 80 94 28 19 22 20 70 90 92 74 15 69 68 87 27 57 80 41 86 55 35 69 38 45 86 47 30 70 58 74 96 98 22 88 4 53 50 10
95 8 87 77 3 80 43 89 49 58 27 40 6 82 35 16 84 23 61 39 79 9 94 5 86 51 45 55 68 68 89 52 71 79 80 0 22 12 63 38 8 56 52 13 23 48 63 59 4 80 74 73 18 99 0 1 41 54 72 46 78 36 95 99 12 48 25 30 23 65 31 58 14 0 56 69 2 39 32 22 76 91 42 59 2 15 26 14 44 1 74 62 33 96 66 93 40 96 87 94
16 17 21 95 78 36 69 62 57 64 53 45 97 89 73 69 2 42 46 77 42 80 29 99 98 23 56 84 12 30 13 60 97 42 93 92 46 63 18 46 90 34 60 23 23 66 48 46 56 7 95 93 94 43 16 12 54 14 17 74 75 12 19 56 10 62 46 92 58 8 31 49 56 65 63 58 36 8 25 39 32 44 27 50 44 92 19 4 74 13 62 85 45 95 15 17 25 19 83 58
35 27 62 80 46 12 26 42 39 58 73 63 28 77 97 53 18 95 69 47 24 49 57 54 13 1 40 59 47 73 14 30 89 32 34 56 8 19 69 60 66 90 23 82 91 35 70 91 46 23 5 15 90 2 34 52 69 14 40 72 48 28 68 92 56 45 22 53 78 2 98 29 28 25 54 21 58 84 56 22 12 15 60 56 27 98 31 25 63 98 51 47 24 78 51 79 61 72 45 88
48 52 50 45 80 59 94 97 28 88 69 88 26 68 72 82 34 28 60 68 75 45 25 20 77 82 6 0 96 3 94 20 54 67 81 72 10 23 51 81 58 0 9 50 18 51 21 80 62 84 92 14 30 45 68 43 23 61 15 86 40 44 80 77 86 4 59 43 56 64 72 82 80 67 72 53 69 43 93 60 28 32 76 56 16 81 11 84 22 24 21 66 84 64 10 14 32 61 97 95
48 57 21 58 48 69 80 13 50 98 65 14 77 3 77 88 46 51 2 46 37 14 71 69 98 76 85 84 35 78 4 23 76 32 83 45 6 83 49 28 0 35 18 9 51 9 42 76 34 9 23 17 18 83 88 48 14 31 23 49 88 75 61 63 79 37 98 23 82 60 60 17 23 49 71 7 94 84 87 53 99 42 34 39 2 89 68 29 38 55 12 3 41 96 27 98 62 20 16 97
11 47 78 83 8 54 47 98 74 57 18 33 93 58 43 7 56 24 3 88 82 91 79 26 43 98 61 86 39 32 73 7 75 15 82 99 80 47 56 72 38 37 65 60 57 14 96 90 21 55 22 49 26 84 96 64 6 50 80 24 97 68 4 63 76 24 23 22 73 92 9 7 83 37 49 76 0 55 96 79 8 4 67 12 4 75 97 31 92 65 34 20 92 19 68 4 30 7 6 30
24 41 54 84 63 9 73 11 0 88 47 57 94 46 89 98 14 34 36 36 24 56 7 8 59 55 6 82 86 84 4 84 98 68 40 30 9 20 36 6 38 76 21 97 60 26 63 31 53 7 51 40 31 14 47 72 60 39 18 73 70 92 88 19 38 37 98 82 83 36 72 55 46 60 52 87 45 18 45 32 75 96 72 30 3 10 17 7 45 50 77 10 57 54 85 51 35 88 60 80
55 44 18 74 92 2 53 71 32 88 32 48 81 58 40 25 86 34 73 0 49 50 48 44 63 59 66 18 24 53 91 78 99 94 99 97 80 57 61 25 52 2 66 0 25 35 61 3 93 37 66 34 3 63 53 26 66 77 47 44 12 94 54 91 26 65 49 90 80 68 1 54 16 40 51 60 51 2 76 54 42 23 69 21 79 81 48 18 50 90 33 22 22 69 93 55 27 58 45 99
82 88 84 12 74 53 3 48 53 45 60 59 20 44 32 59 56 2 27 28 77 58 67 32 65 19 49 21 56 12 76 18 76 23 23 50 95 33 16 60 62 64 52 93 70 38 55 11 10 82 56 70 76 3 19 73 41 84 93 71 25 49 32 83 54 1 75 90 78 10 63 17 52 99 98 54 7 78 96 13 33 24 26 46 71 22 94 32 61 39 90 56 36 38 19 89 43 74 9 17
79 78 14 40 79 78 30 15 54 52 93 7 71 80 34 57 16 18 66 65 91 65 86 64 24 91 95 35 52 30 3 7 70 43 84 51 41 2 60 0 6 73 20 93 96 89 90 37 73 66 33 15 30 28 20 10 42 75 44 95 59 47 55 68 25 94 4 96 62 37 10 95 21 2 63 14 89 32 45 14 2 97 7 45 5 4 59 53 54 61 56 7 8 54 34 17 20 7 16 98
1 49 59 66 27 7 23 61 67 13 51 93 82 10 17 4 92 9 60 34 65 86 48 98 45 35 43 73 73 63 96 30 91 48 16 20 69 43 42 5 16 74 34 63 54 6 45 15 69 69 59 43 71 46 3 21 64 45 12 84 93 0 99 15 96 71 21 80 63 55 59 51 61 20 9 39 94 53 86 84 85 7 81 13 36 17 33 31 93 55 18 67 69 84 28 52 97 82 68 89
94 8 83 24 58 82 2 13 5 66 31 40 55 57 79 28 89 93 71 72 96 25 29 87 74 9 36 67 5 95 57 37 20 41 99 70 7 96 12 44 38 25 71 98 91 4 91 72 55 54 84 1 97 98 69 49 96 23 43 85 90 31 65 16 19 50 93 92 0 16 87 65 33 4 40 46 42 49 32 91 4 62 16 30 43 20 12 22 99 71 81 35 49 92 46 97 46 90 5 2
82 43 33 16 96 39 65 56 70 93 4 82 23 73 48 93 76 84 3 85 0 72 69 69 84 61 57 34 23 6 9 6 42 82 43 11 85 8 53 26 48 60 31 12 24 82 95 44 39 6 95 3 82 17 7 16 19 33 8 91 55 85 10 10 34 29 51 11 38 46 2 36 82 27 24 56 65 92 14 72 5 14 25 15 19 94 97 58 30 62 31 98 66 41 78 48 17 77 16 44
9 79 32 42 58 95 66 66 99 2 47 47 34 72 0 68 42 34 89 28 6 41 87 24 62 15 95 41 17 47 23 31 45 88 42 84 17 75 23 58 58 28 87 88 46 24 19 52 12 85 56 33 39 2 84 87 20 7 35 80 26 48 21 55 77 88 98 28 50 2 83 31 45 44 65 56 29 65 14 82 33 12 84 11 27 43 28 77 4 32 68 28 12 61 69 33 40 48 39 23
24 75 16 5 66 48 69 76 69 37 20 87 83 19 98 97 14 81 99 11 97 96 82 56 65 44 24 39 19 21 12 94 27 22 61 88 76 57 80 77 0 48 67 37 71 0 5 32 51 27 51 10 73 3 43 93 59 65 45 28 17 8 28 52 41 87 40 68 59 21 38 62 87 18 97 90 18 7 68 81 77 87 31 7 76 88 65 17 50 64 19 99 48 42 50 30 41 46 91 25
28 69 34 5 27 50 11 61 64 57 0 87 34 91 36 67 42 64 16 50 85 32 23 83 64 99 98 49 17 44 35 77 48 72 22 66 81 25 31 19 2 48 87 46 97 43 78 49 30 10 49 0 50 19 2 46 88 37 84 4 23 65 55 40 92 41 62 35 24 22 98 14 35 10 33 5 40 98 94 77 93 70 46 9 31 70 72 29 97 54 70 78 47 10 18 24 10 38 82 3
27 64 89 16 56 80 30 89 17 64 61 48 58 86 3 39 10 79 54 4 3 75 56 74 12 25 2 45 38 21 70 54 62 88 59 95 57 0 58 51 73 28 52 59 47 51 29 78 79 73 30 61 85 63 80 87 96 28 65 66 17 15 88 87 28 41 8 14 61 38 2 45 82 9 4 56 10 90 73 68 84 25 18 14 24 55 60 82 82 82 27 66 46 97 11 54 5 99 78 48
77 40 2 28 5 33 25 22 90 65 80 67 86 77 87 40 79 24 50 15 29 76 85 28 62 18 94 35 37 15 67 38 86 2 18 86 73 36 10 68 14 3 62 24 59 7 77 35 79 63 21 63 70 48 50 52 33 45 63 29 32 86 75 58 44 67 36 82 1 90 98 72 2 51 8 91 2 8 62 99 41 98 73 93 36 19 4 4 91 28 24 72 91 52 70 13 18 53 80 31
24 53 41 25 9 59 6 50 85 95 29 48 19 22 67 45 3 55 93 73 80 91 9 81 65 12 82 60 39 96 63 3 53 50 4 14 86 80 99 73 10 41 80 45 69 60 86 48 65 61 35 66 30 50 40 27 33 76 21 59 88 27 56 44 62 71 92 20 68 5 57 0 5 32 70 62 48 49 14 55 30 96 59 23 61 57 16 23 3 28 21 40 1 70 86 29 1 98 99 53
92 12 87 47 43 50 52 61 29 55 51 7 46 4 64 59 9 63 29 45 45 27 6 3 2 65 56 38 27 59 77 98 30 50 54 38 79 85 69 10 49 5 40 21 46 88 10 27 73 17 8 79 42 23 84 38 59 17 93 51 67 0 43 99 53 43 38 61 20 61 50 11 79 49 32 99 23 92 24 12 96 75 77 84 73 8 65 74 66 68 15 80 2 94 98 60 24 20 8 47
15 2 48 61 16 48 64 71 24 20 43 42 61 51 51 92 11 79 7 50 53 0 32 13 79 60 78 71 5 68 27 80 71 7 90 40 3 83 73 55 77 72 72 35 21 75 47 21 58 42 77 13 16 52 64 93 44 19 29 66 1 11 77 26 96 63 59 17 77 90 25 44 37 8 73 60 47 94 26 24 94 23 52 36 71 73 90 17 3 70 5 98 20 22 13 91 64 77 3 83
33 24 78 19 58 41 72 27 7 85 57 53 61 23 32 71 44 96 16 59 9 91 93 40 62 42 42 99 9 32 61 16 25 44 61 87 93 47 4 9 61 96 9 59 61 82 85 16 71 33 72 25 68 67 63 21 32 43 21 3 37 74 22 60 81 23 86 44 13 6 68 75 95 16 61 3 92 74 13 15 32 0 37 23 81 38 40 71 81 5 90 12 73 15 2 39 47 83 82 60
60 66 16 61 65 68 48 8 97 32 50 79 9 69 78 65 96 82 6 2 67 20 18 52 22 67 52 88 63 62 51 97 13 30 65 59 76 21 22 20 42 92 74 31 70 36 28 93 0 10 23 15 42 24 88 42 66 5 91 12 51 90 55 40 93 76 35 32 83 39 44 10 26 58 54 82 72 24 79 29 26 96 83 21 68 49 92 5 75 42 54 76 35 11 21 64 80 90 6 56
15 43 97 85 5 7 16 25 96 2 4 48 91 31 80 2 57 4 63 95 54 44 82 7 91 11 78 21 65 32 14 85 29 8 27 38 46 0 38 58 2 39 2 81 51 93 13 82 28 82 28 60 5 56 20 33 12 82 14 52 18 28 52 42 82 76 8 12 9 34 66 29 13 73 69 38 92 55 8 35 2 86 81 14 20 68 51 44 2 9 60 23 92 78 14 35 36 0 32 97
49 9 59 13 23 13 98 59 36 10 68 14 12 86 90 53 99 91 51 72 1 79 97 92 39 4 56 95 80 11 25 51 45 26 56 2 26 58 96 87 80 20 45 98 41 99 22 78 90 68 69 1 23 18 95 90 64 4 79 47 83 12 83 35 56 3 69 33 75 51 31 74 52 96 44 78 90 91 96 57 55 7 36 7 30 53 65 40 92 50 46 98 70 94 42 93 95 26 1 33
63 48 5 98 2 96 45 54 58 11 61 6 62 37 89 10 25 94 47 92 70 97 14 49 23 76 64 38 40 15 90 89 35 20 48 19 4 57 49 66 63 44 98 91 4 93 32 64 72 53 17 85 89 24 99 43 4 77 55 73 57 22 76 46 11 74 41 53 1 42 57 49 78 89 46 63 36 24 14 63 42 70 22 35 30 98 63 24 12 3 3 37 59 50 94 33 51 3 61 70
57 18 70 8 93 65 57 15 45 24 38 77 79 83 38 48 38 62 24 33 50 70 43 71 78 99 94 2 34 58 52 21 47 59 7 20 4 44 73 61 40 91 85 14 97 7 51 58 20 50 92 21 35 41 47 13 79 36 82 9 67 49 22 88 65 70 60 70 27 99 27 41 67 11 77 98 2 52 72 87 67 28 33 88 19 98 41 17 79 91 87 3 12 66 65 57 60 41 67 93
37 90 69 59 56 63 51 85 32 51 63 38 1 56 58 54 40 29 42 96 7 77 59 52 51 28 6 21 98 24 12 62 31 65 25 32 81 55 71 93 29 28 3 99 51 75 28 44 97 50 24 92 82 36 80 91 61 60 71 5 45 31 45 86 12 94 66 74 55 80 53 65 33 80 68 92 48 27 97 8 56 45 8 70 15 8 15 92 25 85 85 12 75 66 37 40 11 17 17 4
46 1 23 51 3 91 36 25 46 89 70 58 70 33 79 35 41 29 72 59 64 54 94 4 12 73 51 17 19 30 81 75 19 54 97 18 61 65 30 84 76 40 94 38 33 64 22 77 71 48 3 55 91 90 8 97 84 11 43 7 50 88 92 32 99 88 89 84 60 88 69 48 12 49 64 12 54 29 89 41 71 75 14 46 99 65 75 89 12 61 86 0 34 33 94 93 69 18 38 80
80 15 52 24 72 89 66 78 60 10 90 19 66 50 15 72 62 95 77 11 18 50 15 17 27 51 41 54 81 8 65 31 48 81 73 6 40 77 34 14 20 42 6 70 71 40 85 46 70 66 50 97 61 1 11 57 49 50 26 22 99 82 53 68 82 36 48 71 17 38 39 39 98 9 31 63 41 58 63 75 87 84 30 89 98 12 90 81 51 68 33 70 67 53 54 61 61 7 76 85
87 92 2 5 27 56 34 45 56 8 72 7 29 42 25 63 67 57 33 12 98 97 16 20 97 85 20 79 20 82 23 41 22 73 26 13 10 39 52 39 18 57 54 4 79 28 12 74 2 10 35 65 87 44 98 48 92 72 56 76 67 25 31 26 98 62 65 56 46 85 3 57 85 30 48 37 10 39 57 34 63 4 77 0 84 7 2 15 79 48 0 96 32 8 51 4 49 57 4 80
83 89 27 49 25 30 71 11 47 38 60 12 97 98 29 99 86 80 1 25 83 21 35 14 32 74 3 31 35 59 76 78 90 29 50 69 90 81 49 7 51 20 29 61 28 86 68 69 11 86 96 6 13 28 11 89 71 23 57 92 42 85 94 6 62 8 73 69 26 5 49 59 22 16 76 63 61 21 36 73 10 27 20 15 82 21 6 53 53 23 43 62 6 10 17 20 42 24 93 18
99 10 55 50 31 15 34 10 22 66 6 81 7 67 63 70 47 71 6 18 32 44 87 97 58 31 36 48 75 58 33 48 50 16 55 31 81 12 8 0 15 71 87 48 62 37 27 6 78 5 9 13 81 24 66 45 96 53 83 74 82 97 15 19 71 95 63 71 88 80 45 63 11 78 47 19 58 61 2 58 43 62 55 40 83 48 94 81 89 7 72 60 62 69 48 17 15 48 62 27
84 73 28 12 52 41 59 54 15 18 66 66 33 76 85 62 55 67 30 74 90 87 57 79 16 19 39 67 19 95 70 44 55 44 1 17 94 83 80 85 30 13 18 6 98 84 19 8 89 27 12 73 94 13 21 91 3 93 40 86 62 97 35 72 94 99 10 8 61 72 47 93 39 88 26 47 13 59 61 12 25 33 15 16 4 25 88 22 7 59 5 41 41 3 50 18 85 65 79 95
34 21 4 8 3 50 7 32 75 67 30 73 43 38 35 73 29 92 57 92 46 51 88 53 78 18 1 16 8 94 4 22 59 14 49 44 27 25 27 86 12 51 19 32 84 46 98 8 12 53 68 43 95 35 50 8 46 1 29 21 76 83 76 41 84 62 8 46 94 39 29 45 32 40 71 92 93 59 95 61 71 81 87 17 36 97 6 4 26 83 31 38 87 22 22 13 18 75 39 68
29 23 90 11 83 79 84 43 92 26 36 68 76 74 15 38 35 67 85 21 84 13 68 61 8 72 85 30 16 64 49 84 88 40 90 40 49 89 48 28 71 41 40 92 46 66 31 30 42 59 22 15 75 29 18 51 81 58 10 70 91 72 50 7 73 44 22 41 64 49 93 24 9 43 40 91 72 69 46 59 18 34 74 32 74 54 37 29 59 95 74 66 48 20 28 46 67 55 15 10
56 5 75 54 20 61 15 3 62 35 98 0 85 0 57 58 26 14 55 1 59 39 27 13 44 89 47 87 99 70 90 89 10 2 80 18 19 70 53 59 19 46 57 23 2 23 12 84 30 87 94 4 46 57 66 88 74 17 70 91 33 86 33 43 63 41 50 55 22 77 33 18 32 29 66 13 67 71 99 3 39 70 12 76 38 24 27 1 81 28 9 26 82 58 1 70 17 65 49 29
60 35 33 36 7 93 1 10 41 83 4 24 92 77 67 56 41 53 12 72 91 84 1 19 44 82 48 29 85 64 31 33 28 77 62 47 6 97 58 71 0 59 85 20 65 57 16 3 6 39 30 28 73 61 6 34 67 94 79 98 52 7 56 31 51 76 24 80 26 34 67 68 11 79 38 96 52 42 27 46 10 31 74 33 27 49 29 74 36 2 24 58 72 5 15 9 84 35 97 93
94 51 24 95 31 44 81 83 69 13 27 54 60 35 9 33 88 84 75 14 89 41 44 93 80 88 87 67 24 94 41 38 93 80 57 16 38 46 72 56 82 3 68 34 31 35 1 33 69 91 18 47 52 56 56 29 37 17 18 25 61 66 38 51 2 13 12 27 74 54 52 75 63 11 18 51 21 41 60 98 15 70 2 69 6 99 89 84 94 15 31 56 45 2 44 57 79 82 65 48
28 39 5 63 66 46 85 78 32 64 9 77 92 91 68 78 73 68 55 51 85 25 51 49 82 74 75 15 51 77 56 37 33 11 50 88 32 7 53 65 76 15 84 54 95 24 98 3 29 54 59 7 43 94 65 91 50 86 16 78 41 84 53 34 95 89 56 91 21 66 54 39 11 25 55 22 87 88 94 60 43 24 21 43 39 81 0 78 49 10 56 79 14 52 43 24 38 92 84 26
62 0 62 23 94 98 67 84 52 32 75 26 43 29 31 18 56 86 28 48 66 50 44 47 47 78 34 27 87 57 47 29 33 26 7 84 67 83 19 77 88 31 3 45 99 27 24 42 71 15 1 40 73 22 74 42 35 24 1 16 64 78 4 12 67 79 23 7 62 70 54 24 13 19 30 54 42 44 87 85 77 55 0 83 45 73 94 17 4 55 43 59 16 81 74 83 79 5 13 89
32 17 83 8 1 33 73 40 98 50 81 3 25 90 22 99 3 10 39 8 66 4 71 80 65 8 76 87 20 80 41 62 11 97 29 70 44 98 15 15 55 64 97 0 87 25 81 41 88 64 91 45 87 60 21 54 86 38 92 80 58 57 53 41 93 71 3 38 33 22 28 18 47 86 33 4 51 54 40 54 51 77 60 91 89 82 89 19 3 30 60 17 79 36 19 95 42 89 94 75
74 26 23 49 72 51 95 78 36 32 67 56 76 11 96 3 68 42 92 21 20 90 87 74 19 61 1 45 22 10 94 54 18 95 23 16 28 8 26 47 32 93 15 49 22 85 21 20 47 83 59 77 70 59 90 91 16 35 45 82 56 53 45 58 25 54 63 16 75 23 58 59 68 77 29 53 95 36 87 76 43 12 38 66 90 39 59 42 89 73 2 20 6 70 5 8 46 72 14 40
28 14 88 62 7 87 75 68 42 6 61 37 70 15 37 44 23 26 50 29 43 66 65 65 83 44 51 7 38 85 34 96 65 0 82 14 54 78 96 54 69 50 33 67 59 92 82 88 43 84 97 96 99 81 46 11 76 12 96 20 93 50 42 67 69 87 4 12 5 59 90 44 87 75 49 7 7 26 6 57 7 32 55 82 46 79 62 63 9 17 36 75 3 22 12 89 89 64 65 48
13 27 22 79 82 2 72 99 46 69 61 87 30 67 60 80 18 59 54 85 29 77 20 84 45 54 7 51 31 43 0 93 73 28 49 62 9 46 65 15 48 56 54 3 87 2 25 38 4 33 33 69 4 85 49 94 89 24 20 26 70 6 77 1 46 38 77 50 10 35 97 22 41 48 9 64 35 33 51 74 72 17 47 36 63 36 96 65 32 89 51 22 87 89 17 40 98 68 42 58
65 41 78 71 59 92 53 24 71 36 68 22 25 53 71 55 50 69 50 67 65 58 9 64 35 84 48 51 63 3 16 96 51 40 21 9 17 9 30 26 2 79 99 99 81 56 31 91 3 46 90 8 50 97 31 93 24 71 87 27 42 55 35 26 46 5 22 15 5 15 36 18 46 68 53 1 73 81 39 76 68 50 82 81 36 54 37 96 40 71 38 21 10 47 59 50 45 7 69 66
13 54 81 90 62 9 36 19 82 22 71 9 26 3 96 40 92 9 1 59 77 30 19 74 67 22 49 18 5 60 77 20 80 63 77 44 98 9 93 86 90 29 50 74 51 23 56 2 67 54 49 48 4 16 19 77 96 76 74 61 14 77 45 32 62 63 47 82 66 85 73 44 58 57 72 88 93 92 8 70 78 94 86 5 53 56 70 46 63 13 40 51 85 58 43 91 35 73 67 23
46 11 18 38 32 33 45 76 85 54 20 83 14 72 48 86 31 87 52 35 24 33 48 89 79 99 17 82 15 48 22 44 7 84 81 34 68 55 57 65 76 42 1 95 79 19 67 5 61 39 23 60 76 36 73 8 45 32 23 73 7 43 96 44 65 13 60 66 92 7 70 5 84 25 47 67 46 38 81 19 43 34 67 62 17 54 69 13 94 80 91 30 75 5 83 37 52 45 69 1
73 11 41 20 85 81 12 3 48 97 50 27 41 22 73 85 40 14 3 38 91 51 99 51 45 82 24 65 20 96 24 35 31 92 58 75 14 96 5 88 82 60 12 1 3 33 38 81 48 16 6 32 74 41 92 34 22 68 71 41 68 29 60 12 65 78 14 79 99 88 13 74 48 40 52 36 90 57 95 46 98 43 55 66 3 74 8 56 41 62 67 15 89 37 69 67 5 16 99 2
20 53 41 74 11 72 5 33 48 48 63 72 65 92 82 70 22 65 41 97 40 60 68 63 51 68 69 94 94 19 18 21 89 42 91 88 80 16 76 97 91 56 28 30 35 37 98 90 63 0 23 65 55 70 71 1 94 61 89 43 90 39 30 98 58 60 54 53 25 87 95 69 16 78 43 76 22 6 56 76 56 55 33 71 48 49 78 33 57 18 86 35 98 59 22 73 51 83 30 20
8 0 87 78 42 42 54 84 8 91 25 88 83 25 31 6 46 68 87 8 28 95 85 9 18 14 0 85 21 16 78 53 46 53 73 18 72 10 57 99 8 83 0 31 39 88 15 61 25 0 0 16 24 16 46 89 31 39 5 21 33 58 83 52 92 25 94 53 83 7 71 22 67 26 30 18 34 91 9 60 98 36 59 3 84 20 50 77 97 34 59 87 69 6 56 7 52 4 60 45
38 76 43 13 70 5 76 48 8 62 66 26 43 25 11 8 4 26 16 76 89 68 31 8 62 78 53 70 14 39 26 6 25 61 76 26 89 47 90 23 74 43 4 66 49 35 91 37 82 26 41 29 43 89 30 44 53 56 22 56 11 14 88 78 20 5 77 62 47 62 18 77 96 54 69 85 89 43 39 43 94 1 66 90 40 78 26 41 71 69 72 70 5 55 11 33 77 88 41 51
7 93 37 36 75 78 12 22 18 52 32 50 97 64 62 18 8 16 89 4 46 83 74 52 99 50 75 6 37 74 48 62 95 6 5 6 71 73 99 16 97 26 48 92 55 29 50 97 53 78 61 91 32 28 78 58 73 6 53 45 74 97 92 28 33 92 43 79 50 4 51 89 37 58 53 75 89 99 37 76 8 56 44 35 73 49 60 58 40 24 6 89 49 62 35 8 14 5 42 67
53 10 94 63 76 57 10 72 51 88 85 42 21 3 24 96 78 73 93 59 36 99 11 73 7 76 84 64 88 15 91 67 87 86 47 95 74 61 22 37 30 61 95 11 50 4 9 26 34 16 46 57 25 49 8 54 85 4 92 72 81 95 37 37 49 95 32 40 36 81 86 46 70 1 28 50 97 70 2 69 35 98 1 14 42 64 77 68 52 46 85 48 34 26 60 15 68 5 5 37
63 57 86 61 30 3 41 16 61 61 90 86 38 99 3 52 45 87 33 4 71 44 19 11 72 32 82 43 78 48 16 27 19 57 2 24 53 89 55 30 16 31 61 95 49 26 28 86 5 10 54 8 91 12 50 56 96 37 97 36 7 9 91 84 34 83 48 70 71 51 39 67 16 94 53 51 26 16 81 68 16 8 30 16 58 88 43 67 96 48 26 61 2 32 45 82 24 15 31 69
26 21 35 78 25 25 17 37 14 60 16 64 28 81 34 98 51 17 97 48 95 63 99 48 70 63 11 80 39 73 43 93 26 58 88 30 67 79 12 88 2 46 86 55 10 40 27 48 50 55 97 73 17 2 58 25 51 6 99 38 38 5 68 2 21 70 16 79 12 33 22 39 2 39 8 63 32 2 77 75 21 97 92 76 74 70 91 76 8 10 83 50 82 7 21 65 98 55 0 61
70 62 1 94 61 76 63 96 81 22 11 41 33 35 97 52 87 34 83 26 53 80 9 9 62 53 8 98 14 66 97 13 32 30 37 28 88 90 17 30 87 39 87 8 90 33 21 88 25 35 1 52 83 14 24 97 43 69 17 31 39 7 80 13 13 11 52 3 15 59 67 4 94 58 99 21 3 36 20 24 73 17 98 16 60 65 42 93 41 13 26 97 42 47 5 54 39 37 12 20
79 81 13 47 37 47 94 7 69 0 71 27 21 91 43 25 97 23 21 14 13 95 39 51 83 65 1 34 45 65 77 88 25 68 50 28 55 69 25 5 92 43 81 6 83 12 76 13 80 30 77 74 89 17 52 4 42 14 81 76 9 76 64 21 44 74 94 32 28 28 26 20 19 29 7 37 39 89 90 55 18 14 13 76 14 32 38 98 72 19 86 75 3 91 43 62 25 43 28 57
34 49 11 99 1 68 15 20 98 19 37 99 3 51 81 24 23 37 56 90 70 86 48 58 73 22 54 28 41 79 70 43 38 80 94 39 84 50 51 63 93 44 57 25 12 51 66 55 35 85 91 69 85 51 82 90 42 36 52 83 52 50 72 20 99 15 48 8 22 0 50 88 96 33 33 31 26 68 91 9 83 27 16 97 35 47 98 82 40 57 69 36 44 5 38 83 6 51 66 3
14 55 59 60 59 91 74 40 70 38 54 13 54 73 76 79 66 90 43 41 59 80 16 60 76 31 74 93 40 60 74 31 69 67 91 45 81 93 19 36 87 36 88 93 67 84 4 44 24 5 64 38 31 22 95 41 72 17 58 1 56 94 46 3 95 41 1 90 3 39 69 27 31 67 38 12 69 83 54 71 54 61 2 0 29 88 41 50 23 59 34 0 98 8 55 72 8 81 91 33
16 40 38 22 88 76 77 35 57 98 63 24 32 43 1 30 2 71 97 39 19 83 36 96 30 18 51 80 78 73 36 29 11 22 42 45 19 80 38 14 26 23 41 18 7 42 54 52 24 67 99 65 9 90 33 14 96 68 56 38 83 92 36 11 42 65 95 72 28 34 68 99 45 7 81 12 88 72 64 77 76 25 99 34 79 34 0 19 11 43 92 32 7 30 94 67 18 54 47 84
63 13 19 82 48 72 94 23 34 15 34 99 47 14 7 75 64 17 14 65 63 84 26 46 44 48 18 53 17 66 35 57 27 28 49 53 63 48 74 66 87 85 85 14 67 22 60 37 76 13 77 77 56 51 49 18 45 60 51 16 31 79 67 67 30 56 63 91 58 38 82 24 19 22 92 62 58 73 11 10 63 20 59 41 64 90 72 20 75 38 18 56 33 1 24 30 54 5 67 74
13 9 60 33 13 8 52 99 14 74 53 72 90 29 71 37 21 42 52 58 5 36 8 6 63 31 93 57 51 1 52 21 17 6 67 99 56 12 73 87 3 85 56 63 50 25 64 87 29 63 40 2 24 53 78 39 53 39 23 38 60 94 6 49 91 87 41 45 71 55 88 15 1 16 42 79 90 11 45 29 92 83 57 38 76 5 72 96 59 77 4 55 51 99 42 67 40 95 85 67
68 2 95 43 41 45 70 96 72 52 25 17 79 75 91 48 28 36 84 48 35 12 72 16 0 56 63 82 19 38 79 32 15 81 25 70 94 64 62 16 55 57 93 47 9 65 24 12 52 44 29 71 21 80 43 10 75 12 43 41 34 10 18 90 43 25 28 29 73 51 40 39 2 70 9 7 57 50 80 36 45 36 45 59 60 73 62 98 65 39 32 93 68 28 73 16 72 36 88 5
63 64 97 60 10 95 24 53 96 55 97 7 61 11 24 48 41 46 93 16 17 65 96 74 23 95 78 78 59 83 69 78 71 61 89 94 70 49 33 6 53 9 33 68 79 60 64 80 63 47 16 15 10 34 73 23 94 91 41 22 75 14 70 93 11 46 54 17 47 30 37 82 93 48 81 24 89 0 42 78 28 78 62 16 48 98 55 18 72 85 81 93 10 3 24 55 3 41 56 42
89 17 46 36 33 35 27 70 9 27 24 57 56 80 68 0 80 23 98 38 59 78 92 73 91 12 9 46 6 79 49 16 57 96 98 43 76 20 20 43 16 94 84 51 32 33 55 10 45 25 59 51 22 62 27 50 39 88 86 67 66 26 74 41 85 7 4 94 70 13 69 1 17 20 62 73 62 98 38 92 40 34 47 29 61 12 11 2 43 78 68 13 2 24 77 21 58 16 21 24
