100 100
29 27 27 82 97 98 98 15 60 29 64 19 84 27 86 82 61 73 69 97 95 91 60 83 63 69 42 28 6 88 38 15 7 73 92 25 36 21 72 71 22 99 63 68 57 35 26 10 96 12 95 72 7 62 51 44 44 93 48 40 77 55 2 38 47 81 51 25 87 53 62 67 95 40 48 40 84 12 57 82 76 5 44 99 19 92 95 59 92 1 85 65 89 83 47 59 89 46 15 35
67 21 54 2 25 76 8 3 27 12 50 32 31 52 51 75 50 67 2 54 32 41 34 22 83 36 25 36 20 83 79 94 64 67 29 19 9 81 3 40 44 40 92 96 25 75 7 8 75 55 75 17 77 95 22 1 33 74 14 68 45 90 72 36 9 35 70 6 71 1 23 21 74 1 8 56 27 96 30 44 6 7 37 9 9 8 2 49 41 12 47 62 80 37 50 33 74 87 4 1
60 94 83 95 36 67 2 13 29 32 63 18 5 79 82 87 0 45 54 72 50 4 66 16 72 68 1 51 95 39 59 42 77 1 35 7 59 75 25 87 72 19 96 28 19 91 47 57 47 68 12 67 90 50 6 24 47 49 76 43 18 32 54 27 29 33 8 47 37 45 71 34 4 62 9 33 38 98 11 56 32 42 18 82 41 27 97 15 71 19 51 59 75 13 12 6 99 91 76 15
10 29 91 96 64 8 45 84 83 95 21 54 18 66 98 92 24 51 97 14 55 82 12 85 79 55 91 99 54 9 45 15 63 75 39 71 86 45 6 66 15 42 42 79 54 26 65 11 23 56 48 19 68 14 58 3 47 92 54 34 64 20 66 74 59 32 38 14 34 23 76 82 69 16 27 75 20 75 48 17 18 6 54 17 82 3 41 83 49 88 48 12 58 50 80 90 92 59 74 55
60 7 63 46 19 86 22 77 88 39 40 15 60 23 88 19 47 8 21 89 80 22 21 3 96 32 81 93 64 82 17 45 81 45 74 10 57 20 86 13 8 45 81 13 57 48 23 14 77 42 51 26 59 2 56 55 74 51 5 45 92 55 57 34 91 71 10 16 6 5 43 39 25 77 56 31 91 25 88 57 77 91 84 92 49 9 35 38 46 10 43 58 37 60 79 62 91 29 86 70
57 2 53 83 17 58 25 32 63 5 45 79 85 42 9 74 7 54 24 13 77 25 86 34 55 28 52 83 48 16 79 41 28 24 16 31 55 49 76 78 55 81 1 20 41 48 9 56 56 76 86 14 18 38 88 40 78 80 50 12 74 61 99 88 46 35 93 24 94 83 99 10 25 50 30 89 82 12 44 59 85 46 18 73 8 62 51 97 18 3 91 99 37 22 84 9 64 76 55 92
89 20 92 59 22 86 39 49 62 2 60 1 65 15 9 55 99 48 50 99 96 43 10 22 87 8 21 16 90 22 60 4 28 26 85 71 27 60 38 24 97 82 24 88 6 72 35 26 7 76 61 60 95 24 49 11 22 29 93 34 49 51 50 44 97 75 97 70 20 61 54 39 33 76 78 23 24 38 61 44 87 75 37 82 40 94 74 97 63 70 53 31 72 52 77 21 71 85 9 31
72 65 55 71 42 54 30 46 38 77 87 71 35 62 91 45 3 97 21 80 63 88 13 60 0 49 50 90 25 65 70 96 63 9 12 43 43 42 57 98 97 35 1 20 16 11 12 30 30 68 64 29 39 37 74 43 24 54 11 9 73 1 20 98 18 3 73 27 43 59 41 2 24 6 73 15 10 47 7 64 95 51 4 2 33 15 63 63 43 39 35 17 32 60 50 21 80 65 75 78
10 75 27 86 91 20 64 85 90 58 66 82 80 49 93 95 87 40 14 95 52 45 53 38 8 16 69 79 98 72 68 99 64 3 7 9 15 58 62 78 25 44 47 29 81 90 71 11 55 44 55 54 48 4 1 6 13 9 16 24 44 52 76 21 2 5 29 33 83 90 45 5 5 79 99 74 31 23 40 62 36 2 35 69 66 90 96 21 1 21 82 78 53 83 75 14 37 28 29 6
98 41 68 99 88 6 94 54 60 42 53 84 27 78 70 85 46 99 33 25 30 84 64 88 94 34 0 20 71 71 92 75 52 78 74 14 81 54 99 46 73 28 31 92 8 97 10 86 7 48 12 11 56 9 43 6 58 15 72 15 89 61 35 26 24 24 31 35 38 78 60 56 51 18 12 43 48 46 39 48 68 3 84 41 39 39 86 0 74 67 58 92 78 74 16 42 1 1 94 19
88 31 19 42 82 6 13 42 39 96 96 11 75 31 30 10 87 32 72 79 52 65 51 69 72 66 64 95 32 89 92 65 84 50 58 58 14 58 26 56 50 53 19 81 67 74 56 17 17 63 48 55 50 53 71 28 23 33 44 56 91 19 39 99 78 80 56 18 37 62 35 69 11 26 18 54 57 54 19 70 43 54 1 21 65 4 3 68 91 1 36 36 84 85 72 94 25 11 87 95
84 93 60 45 22 33 71 69 46 98 75 18 91 31 66 60 46 96 43 96 71 33 45 43 65 84 13 10 7 47 27 37 60 13 25 32 80 18 44 78 57 90 57 97 37 0 52 71 44 29 90 32 30 67 36 73 88 81 53 57 83 0 3 14 98 89 50 83 42 5 39 50 91 46 71 15 69 56 90 34 68 49 41 46 82 79 91 26 79 96 68 90 67 5 50 82 35 41 69 99
2 66 64 95 21 19 19 50 75 11 16 82 86 15 29 13 81 65 91 35 29 20 52 20 27 64 4 81 20 8 76 4 3 24 29 15 93 23 53 85 61 47 73 16 34 74 74 7 39 54 31 38 27 54 81 59 14 10 18 51 39 47 89 42 64 75 67 77 69 87 46 51 84 99 33 27 62 72 66 98 73 46 46 56 95 72 0 84 8 4 1 79 72 54 45 99 42 35 83 15
80 27 92 17 16 57 57 63 99 89 69 97 75 68 75 16 72 11 34 26 97 49 82 64 72 6 20 48 9 16 21 52 19 55 31 83 37 98 67 1 46 93 54 11 2 65 44 81 6 85 24 89 78 34 3 14 64 34 67 25 66 23 63 58 44 98 97 14 43 39 49 58 90 26 51 25 1 10 71 13 75 25 91 87 83 0 28 65 83 16 89 20 68 80 50 13 19 54 93 92
88 19 85 23 46 10 33 16 53 36 3 66 41 41 21 15 26 33 90 21 17 2 30 5 84 73 26 18 70 70 90 95 43 0 98 9 26 81 21 88 37 4 77 92 18 13 76 33 86 81 50 27 98 54 93 77 83 30 11 15 72 38 53 98 91 0 37 41 28 47 10 25 34 83 98 85 71 6 36 88 1 96 93 60 95 21 84 32 33 15 0 37 60 28 89 1 35 48 73 55
52 69 33 83 36 63 50 38 38 6 52 50 98 3 37 51 51 29 78 61 40 54 77 84 65 35 20 88 38 63 31 35 45 72 32 94 1 93 31 32 79 87 42 81 42 88 75 26 31 9 15 72 3 83 67 25 69 58 83 96 86 55 40 67 64 76 72 3 14 38 13 53 50 99 97 24 14 23 42 75 7 35 16 38 95 20 6 18 99 3 59 26 79 63 14 19 68 53 67 29
89 70 19 23 96 83 19 19 8 99 3 48 57 98 26 67 71 66 37 65 27 4 13 69 38 2 47 51 37 12 35 45 80 74 40 66 80 7 85 42 62 0 68 72 96 2 82 1 1 26 30 87 14 81 77 55 53 47 48 44 11 6 83 91 36 88 63 97 24 35 30 77 4 94 31 95 31 82 10 37 25 61 29 19 66 14 45 39 36 35 91 56 56 66 6 8 61 63 32 31
88 14 62 98 30 47 38 54 37 53 36 75 39 56 24 42 20 44 98 98 18 98 91 4 60 55 24 98 15 46 33 24 65 87 98 91 6 68 76 74 65 74 35 88 96 25 47 27 54 2 53 61 57 18 7 70 43 55 34 4 31 96 97 34 3 32 25 93 94 79 83 79 67 53 96 19 43 31 91 13 24 56 40 62 77 0 70 33 3 76 91 25 60 17 42 7 52 30 89 56
98 0 97 41 53 57 16 7 79 33 59 9 20 93 97 21 36 86 37 27 81 84 13 51 40 18 25 92 42 50 2 41 46 75 12 48 69 65 20 29 32 64 34 15 56 18 97 42 7 79 66 16 54 61 15 14 94 3 27 80 74 64 85 30 90 5 73 97 1 36 99 73 70 24 75 75 80 82 97 47 98 0 17 10 50 90 60 84 44 78 66 62 47 87 24 70 26 24 91 13
3 4 83 39 32 11 39 51 3 32 12 24 86 66 84 87 87 62 43 70 59 90 24 20 4 42 64 37 53 85 81 94 52 96 33 55 86 60 26 22 67 86 15 9 82 97 46 54 46 5 92 57 27 86 12 37 7 47 12 26 43 81 27 79 28 85 56 29 11 26 51 12 28 41 60 87 21 43 41 31 58 48 7 67 43 99 50 40 31 31 80 70 45 86 74 41 17 50 53 18
2 76 41 38 63 93 32 21 73 43 72 50 19 0 5 41 35 62 74 55 89 72 46 77 9 21 40 7 39 82 82 26 3 15 53 84 8 92 22 6 80 1 33 92 36 59 9 52 6 41 76 2 82 61 39 97 38 49 59 1 2 95 54 24 68 34 25 6 20 20 26 47 25 91 64 43 91 45 50 34 3 94 56 0 67 93 51 13 64 90 43 14 84 78 54 3 37 84 42 51
56 87 67 59 14 90 23 73 33 58 97 48 13 66 10 11 57 79 75 59 48 65 75 97 35 62 75 37 48 76 37 10 91 64 49 1 95 29 95 43 93 59 15 60 81 87 38 2 46 86 69 54 7 60 21 81 4 18 96 88 66 0 9 94 49 31 26 25 91 75 14 39 28 82 43 56 57 21 74 27 52 2 35 77 62 23 72 19 96 74 69 24 41 78 71 33 63 56 7 54
67 34 17 24 87 63 1 72 62 17 51 46 94 24 41 49 20 78 8 55 50 64 40 66 92 36 19 99 60 93 75 88 18 85 25 22 99 0 20 58 89 1 79 60 87 72 50 55 67 70 88 20 43 95 90 61 12 2 30 62 75 13 38 30 82 28 41 24 96 34 98 57 15 85 57 73 68 28 85 80 1 27 66 48 20 46 3 79 99 30 83 58 83 52 7 43 76 70 77 20
48 60 81 21 50 2 7 79 40 3 16 80 77 59 30 24 44 85 63 33 19 48 6 93 58 91 90 20 65 27 12 55 35 58 67 38 6 70 28 79 46 23 71 66 87 71 64 47 82 17 66 30 79 35 44 69 61 56 17 97 43 53 64 7 32 49 39 0 92 75 87 12 68 44 73 28 61 6 46 28 1 53 68 40 43 13 59 32 52 42 95 75 54 98 93 1 33 82 17 79
32 82 21 24 48 91 1 68 88 13 53 9 3 5 51 92 57 75 48 47 18 69 75 74 24 83 32 30 88 40 42 42 11 76 74 50 38 24 81 69 73 39 9 5 78 9 15 98 13 34 93 99 41 59 55 14 28 10 36 22 69 70 80 83 45 16 57 32 70 22 91 86 8 46 47 73 81 66 0 0 25 94 28 18 81 32 4 14 77 87 60 14 64 48 53 85 75 25 27 51
57 6 1 63 78 54 95 7 35 18 24 42 38 51 37 31 82 38 13 26 34 87 64 61 92 53 94 2 85 1 1 94 12 69 40 69 80 7 98 55 65 38 55 65 64 14 77 31 13 7 64 81 48 25 38 66 45 83 28 69 50 53 87 41 98 46 71 71 81 68 55 67 47 54 2 32 32 55 21 85 25 26 35 74 19 63 52 40 54 83 77 36 2 60 40 74 1 0 16 15
90 31 81 58 91 93 33 72 77 82 30 52 39 38 23 63 88 41 41 78 82 4 92 29 28 60 53 19 27 38 84 52 57 70 1 5 41 52 20 53 43 41 52 41 52 74 89 99 51 31 99 69 39 87 8 35 88 57 58 7 26 51 34 73 6 2 63 68 7 91 5 81 15 31 40 76 76 0 38 77 92 18 12 28 22 69 23 8 59 64 65 60 36 75 66 73 76 78 78 29
19 60 94 19 80 63 99 5 96 95 17 17 54 2 8 48 87 20 4 7 5 55 18 7 60 82 28 47 6 6 87 65 2 34 75 36 5 26 58 22 57 52 36 69 20 31 37 87 33 93 21 53 74 57 78 17 63 95 56 3 31 87 47 38 85 94 61 77 46 88 64 14 74 9 21 33 32 53 69 68 24 16 98 16 13 62 36 68 93 26 35 2 8 87 49 19 30 16 57 63
80 20 8 42 65 93 87 21 28 99 25 18 31 95 95 21 17 59 42 26 29 40 83 25 69 27 57 26 80 92 57 9 60 44 64 37 15 4 36 32 1 83 29 16 94 46 16 88 96 95 66 67 56 44 69 63 95 99 75 98 44 79 56 75 2 7 68 23 56 11 85 54 96 38 85 81 15 56 36 83 71 65 79 6 61 4 44 33 18 13 32 85 1 64 98 36 88 80 7 76
85 84 10 93 13 66 78 77 79 64 59 13 93 21 68 67 53 79 4 20 47 58 1 69 23 65 42 77 98 78 47 89 90 41 25 26 55 17 3 39 88 71 96 26 87 7 62 66 19 91 81 39 15 99 39 8 36 48 54 20 70 14 73 76 19 26 81 83 85 1 20 38 34 68 75 50 24 21 96 23 87 8 48 30 63 93 49 1 95 71 29 66 81 68 64 1 58 13 85 42
17 7 25 55 88 1 67 53 12 0 92 4 30 64 61 72 33 32 73 90 90 60 30 70 51 88 88 22 46 29 56 67 29 69 57 92 14 47 44 26 19 34 70 80 86 95 21 23 97 6 7 70 72 99 57 36 82 13 25 68 9 9 97 52 1 37 27 0 16 26 58 94 16 99 78 14 9 2 55 87 9 3 35 37 12 52 42 40 6 22 8 43 20 70 91 7 80 86 65 38
99 35 50 45 46 18 56 79 37 44 36 3 79 19 4 58 74 10 65 78 77 4 0 44 83 15 31 55 64 46 2 54 64 2 76 0 22 49 14 88 93 49 13 62 76 3 6 62 25 60 97 37 69 64 89 17 45 57 64 67 20 53 71 88 24 70 65 86 41 96 45 62 7 54 76 49 50 28 95 62 58 80 72 91 16 39 6 31 31 73 71 7 23 35 32 9 44 7 99 53
34 42 57 16 64 70 43 5 86 75 28 94 52 60 73 23 62 49 73 76 5 80 59 16 14 11 30 67 9 37 20 7 33 15 31 71 77 70 70 22 81 59 29 92 45 48 55 74 49 72 78 87 53 36 92 15 93 24 68 75 14 0 58 67 64 68 5 94 84 3 91 56 42 64 81 76 45 20 89 14 21 43 63 1 93 67 38 31 30 95 10 18 83 32 90 52 72 96 85 56
69 36 75 68 11 18 37 76 52 74 27 39 56 75 53 24 15 19 42 50 5 1 8 79 8 74 17 89 60 67 75 24 14 13 18 90 22 76 64 73 17 54 95 91 26 8 99 36 37 35 27 98 71 84 60 3 17 6 70 49 61 87 39 71 69 50 51 16 70 46 4 66 16 90 13 8 76 83 47 14 89 54 16 43 41 77 77 71 64 4 43 5 33 83 83 17 51 44 78 19
14 26 68 70 61 74 39 95 31 42 39 82 28 43 85 20 3 60 96 9 48 23 48 16 80 18 63 86 63 17 40 89 5 72 48 34 23 52 32 20 31 50 30 90 70 43 35 90 59 39 1 24 51 5 94 40 92 20 20 98 49 74 96 0 35 93 59 82 89 46 52 36 87 44 37 6 52 48 90 14 85 53 77 51 8 13 93 64 17 52 39 82 59 99 43 0 13 65 1 84
38 97 72 30 60 5 8 51 13 9 25 58 22 2 89 42 97 86 91 66 60 91 30 10 53 64 46 30 67 75 53 50 50 38 24 93 73 59 19 41 12 55 13 19 91 2 82 70 55 24 24 0 95 41 42 61 19 72 3 59 68 89 84 47 31 90 68 16 41 99 97 66 55 51 97 83 26 65 9 60 19 96 97 1 15 71 90 11 23 17 30 56 82 40 95 47 67 78 83 17
27 35 63 89 62 70 96 98 44 4 87 44 97 74 92 28 99 74 20 43 83 77 75 75 45 52 86 90 6 83 84 81 25 65 6 73 47 98 21 79 29 61 69 46 51 87 96 13 9 55 87 85 63 26 55 75 67 77 39 82 59 5 70 37 67 75 77 28 32 57 31 39 44 65 48 84 23 7 59 55 7 38 69 73 1 73 13 59 54 65 42 15 30 65 86 53 58 65 12 87
80 60 6 37 76 10 89 6 69 58 73 23 0 6 96 40 52 29 12 40 60 55 23 5 71 21 21 60 27 91 77 9 56 86 41 60 92 60 74 42 31 45 76 94 13 62 12 25 62 93 40 29 64 92 14 66 60 15 24 95 16 46 39 0 13 82 79 27 32 77 86 89 23 14 86 10 79 11 57 13 67 65 54 57 71 70 48 3 4 46 45 77 80 54 63 66 1 89 52 13
20 79 7 13 53 38 56 65 63 77 78 99 15 91 33 10 34 1 65 29 70 59 7 0 26 95 34 86 3 97 63 7 5 18 48 85 62 18 53 12 0 33 58 73 15 22 73 96 11 3 58 11 39 72 97 61 66 52 1 13 95 15 77 85 22 85 0 34 88 22 62 99 74 67 79 33 7 3 95 38 36 22 37 37 82 18 85 1 1 88 50 0 31 79 53 19 79 39 14 32
64 41 21 29 5 64 4 23 61 92 82 88 24 70 17 10 69 14 64 78 25 41 98 50 55 77 89 1 77 63 98 95 26 71 74 43 71 20 88 98 2 94 40 66 91 95 34 70 92 61 23 68 61 47 19 88 34 99 98 98 39 45 51 19 64 20 51 29 54 78 7 6 54 27 86 30 12 75 85 34 26 62 36 83 18 94 82 66 17 13 4 30 82 79 11 35 79 46 75 59
8 87 20 7 15 12 62 64 91 30 95 65 0 65 83 19 69 89 32 84 25 71 74 72 99 97 33 88 82 8 93 47 53 87 53 4 56 88 67 91 64 67 2 68 8 38 89 27 63 62 79 43 59 31 57 85 77 25 94 48 6 53 28 33 99 26 6 13 40 46 23 22 28 50 75 9 34 61 97 13 52 84 20 18 32 13 66 65 32 62 17 37 49 26 64 92 84 89 87 45
72 0 60 11 85 88 57 57 8 47 59 57 55 21 90 57 35 70 77 27 75 81 28 87 44 96 49 71 48 63 73 19 73 72 26 55 24 54 23 53 83 88 51 62 33 4 28 13 17 95 47 3 97 67 26 23 41 20 28 46 28 24 89 2 75 7 27 5 21 29 75 5 43 28 24 24 1 28 74 83 99 46 71 72 87 62 94 65 35 25 93 9 74 44 23 72 47 12 90 6
60 66 56 6 24 52 61 31 58 77 93 94 8 96 51 13 66 52 20 66 99 12 71 73 98 30 52 2 37 20 43 67 91 83 91 80 79 13 80 82 45 72 19 96 36 12 99 85 54 71 54 61 55 94 25 12 40 84 9 76 53 83 36 47 0 85 46 45 48 71 47 39 26 43 27 90 28 54 57 28 55 26 82 53 63 51 85 15 65 90 60 23 54 77 68 75 13 99 27 15
65 72 20 92 95 30 26 76 89 4 51 93 74 56 29 18 40 14 3 77 82 23 16 86 76 52 58 86 21 45 87 13 88 35 18 64 12 4 88 33 21 18 62 93 51 13 89 38 99 72 37 1 87 88 67 1 77 89 26 90 32 30 73 15 53 75 11 26 54 17 85 12 84 0 27 83 28 63 74 54 16 4 52 39 36 79 37 17 15 91 6 64 44 63 84 24 51 52 45 48
2 76 67 67 81 6 63 63 37 15 94 49 24 41 55 47 36 65 73 31 40 98 85 63 49 95 64 57 34 38 74 70 46 42 53 2 66 70 16 6 11 83 59 56 27 45 47 72 68 2 50 48 19 26 61 64 58 92 20 68 43 11 41 97 17 48 56 47 81 56 34 9 25 56 6 87 41 16 5 60 28 68 6 72 85 29 34 34 50 23 58 92 61 79 60 24 45 58 30 58
17 31 70 78 58 12 49 90 63 31 87 92 0 25 1 18 8 93 14 13 51 78 46 12 96 24 41 84 41 29 36 43 98 74 3 22 81 40 61 33 59 95 64 42 48 5 97 48 94 43 62 39 32 12 12 54 80 71 29 13 3 19 43 10 93 97 88 89 73 1 75 4 86 29 74 61 39 18 75 37 7 90 46 82 36 10 50 4 0 87 75 55 49 4 46 43 47 97 31 13
55 4 9 49 26 72 4 90 82 95 59 55 15 88 35 12 30 81 65 55 55 97 28 80 77 30 17 6 47 36 88 99 57 11 21 24 61 22 94 89 4 42 81 84 68 31 3 92 80 74 38 73 28 31 52 31 40 85 69 60 2 38 89 19 6 69 85 80 57 87 68 3 41 29 63 57 90 57 74 88 50 22 12 95 99 98 71 97 60 0 59 20 58 21 90 47 38 62 95 66
84 71 91 40 58 1 26 15 5 98 76 16 33 6 13 40 66 74 34 10 57 69 5 27 30 42 41 6 35 94 92 62 59 82 47 84 94 14 22 98 84 36 34 3 95 51 84 61 3 31 13 65 7 99 34 50 62 82 91 50 94 91 13 34 8 63 47 30 31 96 94 59 17 96 79 82 55 44 53 10 38 76 16 70 22 84 52 9 15 40 12 68 9 32 74 19 63 54 58 42
90 31 61 98 12 59 83 4 88 69 23 33 59 22 33 16 62 5 40 25 76 63 46 9 88 3 70 24 74 68 61 37 50 76 25 27 18 3 26 79 46 84 88 86 39 88 3 74 61 50 80 99 90 99 79 37 90 78 2 68 51 6 27 95 93 88 4 59 71 63 77 45 10 5 68 84 94 14 8 18 88 64 92 6 27 71 44 10 90 23 27 29 34 86 26 96 71 95 92 15
67 26 11 55 69 30 79 65 59 11 90 72 30 24 15 25 61 80 39 81 64 26 41 27 82 2 58 74 4 72 44 69 61 40 42 95 18 77 22 87 94 26 93 79 96 36 96 89 83 31 84 29 8 51 79 37 87 7 7 9 99 62 81 3 90 54 86 23 84 51 97 44 13 45 37 4 51 60 14 55 37 86 90 8 70 19 41 11 21 20 21 28 94 2 26 3 19 86 48 38
80 40 41 13 35 5 1 48 71 55 27 9 79 40 60 32 17 13 44 42 99 60 19 45 25 94 65 63 16 9 35 66 76 29 97 21 68 45 51 3 30 58 41 92 60 21 12 70 24 7 3 39 71 4 23 21 27 84 24 28 46 63 91 79 2 43 3 40 9 74 76 18 1 78 10 45 43 18 31 82 85 19 31 39 38 68 8 45 48 73 87 56 99 0 60 35 76 16 3 3
74 70 61 99 93 20 51 88 31 34 42 67 54 95 67 36 94 17 89 44 95 60 19 5 33 42 70 44 52 80 92 51 53 93 76 30 4 37 96 18 31 62 7 42 4 9 26 36 95 98 24 21 5 93 35 43 50 77 50 59 99 86 79 1 88 40 97 21 9 99 60 38 38 84 52 47 20 98 82 38 46 97 42 11 38 66 76 92 92 65 62 87 95 43 75 40 77 6 49 78
59 96 40 0 46 1 18 72 12 12 65 46 20 21 3 65 99 19 23 82 63 85 66 40 63 87 12 43 4 88 71 1 21 57 32 88 83 83 30 12 50 96 91 92 0 7 76 62 80 83 25 47 80 92 5 89 14 75 79 16 93 98 12 8 31 3 81 12 73 45 2 42 30 95 15 0 44 55 44 45 29 35 64 33 44 13 17 63 25 97 89 68 83 13 48 77 75 15 50 37
16 53 56 21 62 84 5 62 78 87 38 74 50 89 35 35 34 56 73 62 43 25 69 2 40 44 27 25 0 40 17 30 4 43 76 25 83 20 50 47 11 28 87 17 15 2 55 62 37 52 37 98 4 74 73 35 78 31 34 96 44 7 97 39 54 81 78 92 95 27 81 30 77 14 6 55 16 15 97 23 91 18 55 57 92 99 26 41 18 66 84 93 93 81 87 89 68 32 16 7
30 94 31 53 2 26 92 19 28 8 49 42 57 46 65 97 10 10 84 23 64 33 43 17 61 33 37 10 17 69 97 3 37 13 4 0 96 46 65 51 9 94 98 91 22 18 34 59 80 15 28 2 9 85 71 42 3 41 46 84 56 93 37 89 95 24 83 10 68 44 15 82 17 22 36 59 14 44 20 7 72 87 76 38 64 33 86 13 42 11 86 24 53 89 35 2 52 5 59 3
68 82 88 50 55 18 0 32 57 27 62 96 56 55 25 75 11 73 61 67 28 30 44 72 54 1 69 88 90 68 75 38 54 47 88 27 39 46 22 13 41 54 84 64 71 24 14 10 82 25 41 78 20 34 97 24 65 35 24 3 10 96 14 95 83 11 11 83 98 90 20 54 16 5 42 42 33 16 16 84 63 8 85 32 91 10 5 80 66 83 37 41 49 92 94 83 30 14 98 71
86 70 4 21 24 98 76 2 58 37 53 3 24 34 35 23 66 19 35 20 42 78 76 91 14 61 99 67 23 69 14 31 34 75 8 84 35 48 4 17 14 69 34 81 74 26 10 76 73 43 4 3 46 66 36 9 51 17 28 27 17 97 61 31 12 24 51 23 30 61 31 54 93 87 19 12 34 68 21 89 26 60 54 94 84 15 65 28 27 10 78 41 81 87 98 22 33 56 22 72
92 45 84 91 19 5 14 57 50 72 19 13 37 44 46 10 23 34 13 80 50 80 41 87 17 74 5 25 63 33 83 80 34 50 79 55 66 37 81 69 16 75 58 41 41 86 80 1 31 28 4 53 2 40 34 80 99 50 60 39 73 86 8 96 41 32 2 90 16 94 80 37 26 57 90 37 59 41 43 46 33 76 41 69 5 79 51 20 40 97 45 76 4 67 42 83 49 41 23 45
28 1 34 49 62 92 85 76 78 8 81 77 95 32 23 86 9 92 41 85 86 45 77 21 64 41 81 58 36 39 37 95 46 35 18 92 89 11 71 23 57 20 94 34 41 47 1 28 5 33 11 25 31 52 64 16 48 95 82 51 50 36 18 74 18 99 75 67 88 3 4 25 61 76 55 37 82 30 48 33 63 99 49 2 57 17 82 68 79 73 98 95 57 52 12 48 53 10 56 36
9 32 59 34 16 82 60 84 78 15 60 40 99 31 83 44 2 8 86 87 82 40 35 38 9 14 46 2 92 14 84 86 51 86 53 55 94 31 99 80 23 68 78 86 56 45 55 25 52 22 37 41 78 64 39 79 46 60 66 55 12 36 43 29 65 43 81 18 18 96 47 87 59 14 43 33 24 86 21 73 56 69 60 46 0 31 99 33 16 86 98 4 51 39 96 17 85 70 90 75
94 59 93 94 5 86 64 26 77 10 85 98 68 79 21 69 41 78 85 17 26 7 34 87 57 20 24 85 78 42 68 19 70 53 79 24 20 2 21 71 33 88 45 54 16 32 35 68 23 55 7 65 11 47 47 75 67 31 87 24 27 88 66 35 16 41 76 55 92 69 87 32 47 33 74 15 88 23 97 49 93 13 97 61 35 53 25 85 7 13 21 70 33 60 36 72 32 15 78 71
41 8 80 67 22 58 21 87 55 36 37 49 37 13 15 7 11 31 34 28 16 69 46 27 45 29 6 35 81 12 25 35 61 6 35 76 46 56 38 32 7 59 0 49 33 59 90 6 52 16 3 64 99 57 11 8 12 8 64 12 44 73 45 94 75 91 4 81 60 2 37 30 23 15 51 7 13 68 71 77 40 59 38 2 1 3 55 5 64 93 85 20 6 8 32 0 25 38 83 31
40 85 59 59 61 17 9 15 63 46 17 92 27 37 59 11 11 46 2 83 17 36 69 76 58 99 34 62 77 90 54 26 15 62 85 0 75 55 96 88 40 6 99 41 54 98 59 63 83 7 69 98 99 41 10 92 32 22 81 18 62 13 69 74 6 36 58 72 55 0 26 69 15 99 42 13 5 22 95 96 92 76 13 42 5 81 89 2 59 96 30 41 31 74 42 68 86 67 37 82
98 42 3 68 48 80 75 18 72 11 95 8 8 34 90 12 78 50 93 6 50 57 32 59 45 39 75 88 68 94 76 12 92 43 57 17 79 90 22 16 59 3 99 69 93 94 51 0 10 24 57 40 2 54 32 6 80 3 11 32 25 94 22 24 41 21 96 57 44 70 6 83 1 12 19 66 35 68 51 19 74 66 33 76 32 79 90 99 68 38 3 65 18 61 50 89 0 60 88 47
30 95 83 2 15 89 25 66 91 59 92 41 74 41 82 46 32 5 27 35 53 74 15 2 70 12 6 47 45 41 67 99 33 35 5 69 69 16 59 5 66 78 88 66 29 60 92 81 55 70 92 22 77 98 51 8 47 15 93 85 61 3 62 37 61 43 98 35 81 16 69 9 17 89 54 20 74 55 24 92 18 69 67 21 91 79 97 28 73 42 69 45 64 19 54 81 49 62 75 68
46 96 74 30 72 71 21 71 88 73 75 61 35 82 79 27 92 24 98 38 72 56 73 56 37 11 58 56 6 68 66 41 76 6 48 14 88 15 79 71 51 94 75 67 77 16 52 67 80 53 61 27 25 6 82 89 1 81 24 28 83 24 81 41 79 33 33 90 22 42 35 30 20 80 5 28 50 88 76 26 44 98 74 94 66 66 87 38 2 67 72 64 69 70 90 12 55 13 78 90
33 39 10 5 38 40 37 78 5 13 4 96 74 32 59 84 88 82 91 29 32 27 46 15 10 31 33 13 18 71 97 82 10 32 51 22 54 32 5 63 70 37 72 51 95 23 44 36 85 58 43 48 67 46 92 23 54 57 54 10 43 83 55 45 20 79 70 16 88 80 98 58 5 79 47 49 27 5 64 61 18 56 85 99 35 73 68 62 20 82 60 82 41 69 88 50 85 80 11 6
0 20 74 22 86 7 96 55 71 85 84 49 96 30 36 86 8 73 74 92 94 8 4 68 56 3 28 86 85 29 38 83 2 67 11 63 12 38 84 91 18 65 49 94 99 76 85 19 17 13 3 45 44 21 92 19 87 55 76 91 79 73 53 32 81 18 66 40 36 58 95 14 88 98 58 48 5 18 28 42 96 72 26 35 73 21 22 95 36 55 81 25 61 10 31 74 56 65 74 80
24 73 76 14 83 63 64 99 66 7 14 97 45 68 97 91 80 87 36 72 80 79 55 56 33 2 89 36 59 44 64 31 36 83 12 36 81 64 97 76 86 52 25 96 25 23 83 20 62 64 8 81 72 68 9 80 6 20 75 47 34 6 5 28 31 79 20 37 39 62 17 75 39 78 78 34 71 39 17 88 27 71 52 70 59 65 15 57 26 13 83 50 68 9 67 94 4 65 68 56
33 22 80 14 6 3 53 20 38 12 83 29 42 36 55 94 35 76 96 81 28 94 92 56 47 43 22 61 40 12 27 15 14 91 49 8 43 42 46 28 62 60 19 83 6 64 36 25 7 65 31 67 7 63 32 2 34 71 59 16 94 27 35 45 99 1 8 77 60 41 42 85 57 86 49 53 35 13 30 90 1 65 97 70 20 49 72 52 71 3 23 74 4 51 99 36 76 95 16 70
44 26 25 74 28 55 36 90 93 14 96 35 78 14 30 22 15 72 39 17 10 88 91 73 19 86 15 12 41 77 81 22 91 88 98 63 12 6 65 2 29 3 50 11 84 27 11 4 79 43 54 90 68 39 59 99 54 41 10 29 60 92 61 29 73 85 40 67 49 85 48 88 48 80 27 88 24 79 78 29 15 74 97 24 2 73 62 33 79 6 21 4 50 22 84 51 24 70 83 27
67 99 55 2 8 0 61 92 58 19 62 62 43 26 1 24 18 85 17 18 20 53 82 63 95 21 1 45 55 51 12 12 3 5 67 29 38 80 95 65 25 15 52 62 23 73 62 60 97 43 91 62 94 54 53 14 76 58 57 12 91 67 95 57 46 12 60 3 82 37 15 60 90 10 77 44 12 94 82 18 47 7 94 58 66 35 62 52 34 1 94 78 36 94 34 16 98 18 8 37
70 49 10 43 17 17 21 73 32 94 34 66 88 76 99 27 28 48 77 80 57 13 74 1 61 74 44 43 69 65 17 82 12 39 51 41 66 34 61 77 80 41 48 48 52 57 81 97 13 66 3 61 84 81 28 91 14 69 54 1 93 24 75 14 16 90 6 97 19 76 25 90 45 38 33 0 10 63 87 95 19 13 2 91 48 69 28 69 65 44 33 89 71 3 37 41 38 76 69 62
22 47 81 15 64 12 11 99 31 29 33 70 71 6 40 2 29 92 92 47 64 70 47 2 34 78 30 40 44 28 20 5 62 26 50 20 97 34 82 29 59 60 15 41 3 34 58 87 45 20 1 25 30 52 31 11 38 52 83 16 10 16 11 52 65 80 39 46 28 58 19 76 14 5 56 67 65 52 69 46 60 2 56 22 68 86 97 71 76 38 81 82 41 63 71 50 17 5 8 55
89 92 78 45 26 44 75 46 51 9 77 66 19 22 46 32 1 38 56 49 27 68 49 76 14 78 41 49 11 88 52 92 15 86 40 4 85 16 77 38 63 93 26 18 8 70 51 0 41 50 75 82 14 24 53 90 49 21 33 22 22 0 17 75 14 55 76 55 24 61 75 7 87 4 68 85 39 49 64 22 72 67 51 60 2 95 35 30 1 85 16 98 4 6 32 13 73 16 36 27
17 90 29 98 5 57 62 7 63 97 44 79 65 95 15 30 11 65 67 3 85 10 19 26 12 7 75 46 82 57 64 95 15 84 16 32 23 1 95 61 2 43 85 87 15 79 61 29 58 14 30 26 15 18 71 60 51 2 59 11 85 31 39 20 94 9 23 29 31 70 26 61 12 80 19 75 7 8 96 39 24 57 22 57 76 73 56 78 47 79 41 31 54 70 41 25 39 65 66 51
84 56 58 79 63 68 40 90 4 44 16 70 48 98 87 57 19 68 97 11 46 29 64 33 94 31 37 83 43 56 32 81 9 7 37 0 58 63 53 25 58 79 14 63 37 14 70 78 81 38 65 13 38 84 13 86 66 61 99 38 41 86 44 14 38 50 69 92 60 65 47 68 49 13 3 25 15 64 0 64 28 92 13 44 0 81 6 72 35 88 43 50 60 77 63 81 63 43 68 11
56 97 96 87 52 59 67 86 84 21 94 94 25 76 36 87 76 54 4 69 55 42 96 60 2 15 94 95 22 44 29 24 43 4 83 28 21 73 46 75 18 28 87 37 32 60 51 79 68 42 49 73 60 96 80 90 41 25 41 26 1 11 21 56 36 83 47 47 2 9 29 31 79 86 87 36 22 49 9 81 62 38 24 36 95 29 36 54 62 58 65 96 71 28 10 73 4 35 63 60
78 99 87 34 58 57 60 19 27 16 28 58 77 42 40 34 67 25 55 10 6 19 83 99 42 50 6 72 32 35 34 22 22 56 26 59 43 98 31 36 6 67 52 0 34 59 52 53 18 86 50 23 55 9 86 50 48 79 30 16 3 44 22 32 97 7 62 60 10 21 14 12 42 24 32 53 56 9 90 11 30 76 39 60 31 95 79 59 49 61 17 76 11 26 91 60 58 44 22 75
37 74 72 38 59 39 38 84 93 66 22 93 45 87 68 12 30 9 51 24 69 11 31 11 97 5 87 98 0 8 77 55 50 49 94 75 68 26 92 67 63 23 46 20 23 33 45 34 73 61 68 56 50 59 14 67 4 43 36 44 15 89 90 26 84 15 2 95 37 26 23 1 34 82 95 39 12 66 5 14 84 95 90 23 34 29 59 1 68 35 63 99 83 60 92 66 80 78 81 32
85 92 59 40 13 67 78 39 53 16 5 72 99 48 15 24 71 29 0 31 26 43 50 98 87 31 90 11 98 61 36 76 2 97 26 60 74 64 39 91 2 66 32 71 90 54 49 89 52 83 40 13 51 43 3 65 45 24 91 90 61 12 68 72 92 76 87 46 4 84 48 14 85 34 50 67 19 62 95 93 64 74 94 41 13 3 55 88 82 87 53 79 18 39 87 66 46 79 3 6
77 53 8 66 70 98 58 76 20 78 72 11 73 20 61 69 63 86 91 23 12 13 67 81 38 68 36 53 34 66 9 5 51 26 95 59 71 36 86 66 4 41 62 85 31 72 18 64 45 75 92 24 54 5 55 35 27 22 49 71 23 11 30 30 88 26 18 2 71 92 7 79 81 13 74 23 11 37 45 81 30 23 18 94 69 48 99 45 69 35 34 5 27 41 12 78 7 10 9 62
77 70 75 72 23 5 37 21 59 28 68 61 75 35 99 65 27 17 94 40 90 78 72 23 72 96 79 67 53 53 29 61 91 49 95 88 37 17 21 8 78 35 31 58 14 65 64 0 90 9 26 50 52 24 56 35 93 19 20 75 96 69 11 85 15 29 9 49 69 11 78 22 40 27 95 90 59 44 88 22 28 92 72 18 72 25 40 78 51 59 96 1 54 44 18 32 72 96 12 75
38 8 11 3 9 72 53 11 45 31 70 67 58 90 30 26 56 23 23 26 82 14 72 55 40 6 31 71 64 12 92 26 84 5 64 15 6 87 82 13 82 92 26 60 9 87 69 56 75 83 52 23 61 92 78 68 36 10 61 37 42 37 95 73 51 23 46 98 88 14 13 51 45 0 20 24 4 53 9 69 47 49 54 44 3 91 94 32 87 50 85 44 7 68 16 94 90 76 69 34
54 14 25 94 85 60 9 2 81 3 24 10 60 28 94 78 76 15 55 60 31 7 9 28 41 9 11 88 86 66 16 47 81 92 68 98 60 63 19 14 25 76 63 43 14 99 52 39 52 11 85 76 38 4 55 12 51 58 40 20 16 7 41 23 75 50 7 7 98 64 45 33 38 39 12 4 80 45 27 0 70 26 62 27 90 99 70 96 52 31 30 92 24 64 75 60 60 53 99 78
83 80 71 89 20 14 64 85 1 9 74 51 38 94 91 19 76 99 66 73 61 0 68 38 28 30 82 39 80 34 80 33 63 17 27 99 88 40 24 37 3 80 55 86 47 50 23 80 12 2 80 70 27 61 9 36 47 18 17 17 34 12 94 32 88 26 56 17 11 45 37 7 36 0 19 9 16 64 82 52 94 53 63 15 83 29 26 61 55 81 26 56 32 47 37 71 66 75 17 16
78 56 41 86 44 96 9 73 66 1 26 96 68 43 88 25 18 49 65 46 63 59 58 64 75 7 27 14 53 53 8 86 80 27 41 99 53 38 95 35 9 9 33 36 25 17 92 22 79 46 42 81 18 49 14 70 69 71 0 35 60 95 18 69 27 92 16 5 91 23 24 45 72 27 4 18 31 13 31 78 0 86 55 29 36 99 11 20 48 51 33 99 91 35 96 6 87 49 42 33
26 82 5 51 39 27 1 0 67 30 74 74 48 73 23 71 56 31 76 98 38 40 89 58 1 84 56 18 48 60 50 34 35 12 15 37 23 67 6 61 6 15 11 97 3 63 54 76 15 83 65 75 36 87 88 81 79 29 98 10 6 86 96 65 95 38 25 78 57 85 3 44 12 76 89 53 57 6 33 91 58 85 5 82 19 93 4 98 67 58 57 97 80 37 72 95 97 90 60 32
19 4 86 14 57 23 76 5 41 17 37 64 61 47 64 2 73 37 86 81 84 19 81 60 49 52 24 38 93 15 77 41 69 71 94 46 76 32 47 43 72 66 73 87 90 85 41 96 54 25 4 39 94 88 26 21 16 10 14 4 56 9 72 71 27 17 71 42 33 33 97 75 35 93 48 62 75 64 85 50 68 61 19 47 89 77 82 49 97 52 91 87 76 75 10 69 63 44 46 61
25 24 73 39 80 54 55 99 20 71 41 46 76 46 82 94 0 57 23 88 31 40 95 67 76 5 81 51 15 35 45 91 99 13 44 44 48 88 88 31 26 5 15 56 33 4 52 58 28 12 81 7 25 35 84 41 51 88 80 5 39 90 24 27 4 79 81 40 23 6 84 60 49 4 67 70 37 28 45 8 12 15 43 82 9 4 90 84 37 45 12 32 73 89 26 90 62 63 70 6
8 11 86 27 79 85 30 40 16 54 5 27 8 26 81 97 31 48 91 25 2 84 25 2 37 75 66 64 66 80 51 65 23 41 35 2 40 18 53 50 34 62 96 63 0 27 95 74 70 56 17 56 62 84 62 38 47 67 42 56 2 60 80 24 36 33 82 7 25 20 72 15 23 93 28 4 38 64 90 25 68 88 77 64 21 5 45 29 65 95 63 85 98 15 12 43 10 20 31 57
44 76 95 5 40 8 2 79 97 31 76 31 2 77 11 85 43 18 78 60 65 65 12 94 95 20 17 25 80 41 2 30 7 81 29 88 49 50 81 81 61 68 92 42 65 59 66 87 35 63 80 76 27 36 31 89 49 35 16 28 53 93 22 61 28 18 18 2 31 52 84 18 34 88 55 11 86 28 2 77 72 35 37 60 62 42 23 1 48 41 39 10 35 90 37 61 50 44 13 58
9 54 10 90 77 31 32 43 61 18 15 31 32 87 86 52 50 19 95 73 63 4 17 93 83 59 59 59 4 18 63 55 13 56 85 88 65 37 44 74 25 5 93 48 68 69 20 75 15 72 8 73 21 65 91 53 78 57 22 73 85 44 36 30 59 88 29 15 75 51 88 74 32 36 92 38 93 80 17 96 15 57 66 30 1 54 51 37 27 12 78 3 58 38 58 29 53 12 56 43
94 47 85 78 74 88 40 23 4 55 96 15 65 97 23 1 59 28 93 5 91 94 11 51 84 30 88 5 30 42 94 84 58 82 55 35 16 44 60 68 18 71 98 71 81 11 17 54 72 37 12 91 32 1 76 62 77 78 3 42 5 95 29 91 8 70 18 90 63 0 29 41 39 80 94 75 48 82 27 81 17 10 8 98 92 82 62 96 81 17 20 96 56 65 82 82 75 87 18 82
45 92 49 92 52 68 10 73 16 37 61 41 62 76 30 14 94 77 86 20 76 29 41 72 36 18 98 93 97 95 70 80 32 54 54 61 39 37 88 30 21 64 60 14 92 93 28 48 64 83 6 26 5 37 17 20 99 20 72 49 46 94 35 29 71 98 35 4 18 12 62 35 27 44 34 95 58 23 51 2 87 50 60 79 29 29 42 55 59 81 94 68 92 0 22 33 52 13 94 59
13 76 67 42 95 11 19 7 47 12 48 56 80 93 33 80 7 98 76 8 77 34 19 83 89 45 10 54 95 3 21 18 42 27 69 24 82 44 65 32 82 9 13 89 92 41 44 66 96 16 79 93 59 29 66 94 84 7 96 45 60 36 95 38 36 61 20 62 56 70 39 81 43 6 44 15 32 96 65 23 86 30 88 8 96 57 36 44 53 55 74 99 93 25 13 72 80 78 38 51
44 7 63 78 15 98 28 51 21 35 57 35 48 78 4 54 18 1 60 16 59 33 29 31 82 35 43 25 79 20 11 36 99 21 70 71 64 75 55 9 62 17 37 47 19 41 14 83 76 8 69 60 42 58 65 77 50 9 98 35 50 22 34 71 96 14 89 75 27 38 54 8 50 34 69 65 1 8 31 73 49 86 92 44 22 45 52 25 64 28 45 78 38 0 58 2 53 34 53 30
46 32 55 19 87 73 74 72 91 73 63 20 78 32 77 26 44 65 2 70 79 84 24 5 57 59 71 83 71 10 34 88 4 17 77 27 44 11 78 71 37 57 8 63 20 75 33 57 27 12 67 87 97 92 8 89 58 20 9 0 10 17 1 30 6 54 37 25 29 30 69 55 18 51 69 29 33 54 9 7 60 15 65 37 57 14 75 15 21 86 79 40 79 57 2 0 75 17 90 27
89 62 92 1 41 89 0 9 82 13 81 11 4 57 27 99 49 16 15 83 68 21 23 69 55 73 77 68 71 37 88 10 39 53 62 89 80 39 72 49 71 28 83 46 32 31 74 15 51 49 52 38 7 55 90 46 34 84 85 21 43 62 69 79 12 59 3 44 21 29 66 77 0 54 43 33 87 14 13 77 92 53 3 28 1 24 48 55 91 49 70 71 2 49 68 60 32 61 16 6
47 90 93 48 48 97 64 61 70 69 65 22 43 84 50 85 54 19 11 65 84 48 39 93 14 76 52 13 19 6 66 27 39 23 36 16 79 14 11 34 46 75 12 67 27 73 45 32 31 79 96 12 67 96 75 91 27 82 87 73 11 78 98 83 6 2 16 30 74 38 41 52 82 74 71 59 62 5 36 12 98 89 5 16 39 78 67 84 18 33 17 18 17 87 78 24 40 86 89 59
