100 100
79 30 90 88 15 3 51 76 58 49 1 86 51 71 1 15 88 24 66 77 93 81 6 93 50 46 94 60 13 91 72 70 58 38 44 9 6 26 32 56 79 32 99 40 48 33 97 91 21 55 88 10 10 59 5 26 91 92 56 25 81 31 54 86 78 38 57 66 28 58 19 51 25 65 18 86 92 8 11 0 73 71 88 24 13 21 4 4 94 84 82 41 16 54 47 48 70 25 81 76
11 78 51 31 60 77 38 63 81 72 94 76 61 0 23 85 73 82 98 34 81 75 82 31 9 40 72 87 56 4 10 89 71 56 17 58 76 63 57 0 53 42 46 99 27 2 13 41 60 17 60 21 41 43 54 26 4 8 74 64 22 1 32 35 42 47 10 46 87 50 41 6 25 26 74 19 32 2 4 65 85 59 94 37 36 65 52 69 59 69 89 3 32 97 95 75 33 96 95 52
33 89 2 88 61 87 67 98 74 28 44 32 76 28 26 28 20 19 69 43 15 14 35 47 53 87 99 95 15 82 9 94 21 72 94 95 59 41 0 82 27 88 94 13 74 75 11 40 92 19 53 27 4 11 30 43 11 66 23 11 25 75 86 82 86 68 44 84 66 71 69 97 17 63 59 5 50 62 71 68 72 58 47 79 77 45 32 50 76 34 63 9 7 28 98 89 79 95 1 11
21 75 36 66 6 35 43 73 54 63 51 35 93 98 50 35 49 71 5 70 60 38 3 5 63 90 36 40 75 4 11 50 16 34 15 60 17 27 36 29 88 84 8 92 33 63 5 42 88 92 14 7 56 23 12 29 40 38 1 21 16 1 18 36 88 3 74 64 73 81 15 26 99 16 20 48 61 74 15 13 5 72 35 52 86 23 62 40 39 46 31 23 65 84 91 30 35 36 62 72
70 49 82 86 0 11 21 17 9 97 78 6 93 63 4 85 88 69 73 57 51 69 47 4 1 10 76 13 54 21 66 13 62 22 18 43 20 80 61 97 78 26 54 29 69 60 78 16 18 20 82 26 9 56 25 77 25 84 68 2 6 58 87 89 86 71 64 23 71 20 94 73 54 84 50 70 62 87 31 35 78 27 37 1 78 89 96 30 98 77 15 94 8 45 47 52 4 20 32 37
47 63 83 40 65 49 37 51 4 1 64 1 79 15 19 57 61 43 68 57 6 66 43 32 44 5 16 93 68 47 32 8 43 51 39 61 49 14 82 8 69 21 53 46 15 92 86 25 32 78 70 27 41 0 6 96 11 20 67 68 16 2 36 18 5 37 83 34 57 56 22 96 15 89 14 11 71 86 40 56 99 46 32 73 19 90 64 25 77 10 55 42 87 54 53 80 94 9 26 4
78 47 40 22 69 48 91 0 54 2 25 4 81 33 76 7 12 23 83 54 77 18 19 57 70 65 39 42 91 41 84 83 85 78 88 91 26 50 76 68 48 8 45 37 22 21 44 53 14 7 58 83 23 36 13 30 64 87 32 5 13 68 8 2 11 14 22 97 77 84 50 23 93 44 8 76 22 72 42 21 23 34 70 71 47 43 62 71 78 80 5 71 57 85 52 93 49 70 62 19
62 39 49 66 94 55 97 53 98 45 12 86 57 71 54 52 66 80 36 31 45 66 48 24 78 73 50 83 76 20 88 54 46 78 55 40 50 54 64 98 64 31 35 12 90 75 8 76 71 37 58 71 67 94 80 19 80 51 32 27 2 16 45 74 23 50 13 22 6 3 50 51 44 18 50 82 10 36 14 78 40 76 30 59 81 40 76 13 39 45 58 56 43 49 87 2 43 18 72 26
42 23 30 96 2 76 1 69 12 40 87 72 83 76 91 87 55 31 26 10 48 96 75 55 24 26 40 18 66 16 54 34 68 31 79 24 5 70 11 22 6 63 59 64 2 99 92 19 5 88 17 33 91 80 7 65 98 68 87 90 33 32 41 59 63 97 74 18 0 99 81 79 52 81 69 96 82 83 2 62 36 0 42 28 34 60 63 10 0 44 84 28 79 11 96 26 28 29 6 64
31 59 11 11 28 20 0 14 10 64 37 60 12 23 29 81 52 58 70 45 21 24 99 63 50 91 1 77 64 82 28 88 65 26 48 80 12 10 20 62 8 20 13 13 49 96 98 73 73 62 38 37 3 52 72 53 62 55 27 9 81 96 26 17 56 75 60 33 92 87 65 96 5 36 27 26 33 94 49 46 48 43 43 67 68 56 8 13 78 15 21 27 27 48 12 62 26 15 31 14
10 1 35 26 21 2 58 78 64 99 61 11 46 9 35 53 65 69 87 67 6 18 28 30 44 46 41 34 75 48 89 3 18 60 25 87 87 27 99 16 20 93 29 61 80 83 76 3 45 90 3 33 32 74 27 19 46 30 63 76 14 64 46 82 64 96 69 29 79 90 8 74 56 85 20 30 50 97 1 92 60 56 28 22 67 19 1 28 32 12 84 27 23 46 79 21 11 53 25 33
90 3 90 26 17 53 56 57 14 21 0 66 88 48 0 71 31 90 27 81 6 32 66 3 38 12 20 95 64 5 65 55 15 4 1 47 83 21 20 91 84 12 32 64 82 19 38 98 48 34 95 81 41 45 46 17 54 78 86 23 41 98 10 95 67 83 73 14 41 54 87 14 50 89 57 74 43 48 76 80 80 41 45 9 57 30 79 4 64 42 22 29 52 12 78 85 18 18 71 26
68 76 84 84 21 36 97 6 20 15 31 61 75 96 38 66 25 23 9 92 16 1 75 35 18 55 57 9 62 48 74 45 61 25 71 16 3 20 24 98 38 8 91 76 47 66 44 24 97 77 62 82 94 85 91 75 2 77 9 47 8 66 75 75 72 17 47 76 90 49 65 36 40 50 23 12 77 0 62 12 68 48 69 59 31 21 41 29 74 10 96 36 92 38 11 47 77 48 84 6
85 43 44 14 69 50 21 85 40 66 58 22 48 3 5 34 41 21 64 95 96 36 29 70 17 48 20 49 74 16 81 70 51 34 37 3 60 84 58 44 61 4 33 45 72 54 67 97 76 95 43 72 36 78 45 13 20 62 15 65 95 63 50 33 78 93 57 60 72 0 84 3 87 9 15 27 32 19 58 7 12 86 2 76 3 11 8 40 63 28 93 46 52 53 21 54 78 77 68 46
30 38 35 92 94 35 77 51 28 7 17 6 56 35 29 80 9 9 35 10 42 92 60 10 6 66 74 13 11 8 20 86 5 95 70 42 13 29 73 47 53 23 56 49 82 70 23 79 57 6 46 50 33 41 89 58 57 18 98 56 30 70 4 41 9 92 39 86 80 88 11 23 96 9 34 68 86 13 66 75 51 89 39 80 54 74 93 20 65 15 70 74 47 37 44 10 23 84 65 89
17 36 40 24 74 98 49 60 73 25 23 96 34 15 95 52 57 95 37 26 93 16 64 96 36 19 2 58 43 88 66 6 34 34 68 16 84 3 60 95 65 62 65 32 51 46 99 16 41 30 60 3 71 36 84 16 50 41 16 66 58 33 84 58 53 11 6 91 91 21 29 51 34 66 12 2 33 21 93 15 91 73 32 93 95 66 20 40 69 42 60 12 46 39 55 36 66 19 29 2
25 74 94 80 61 78 13 38 11 46 54 0 47 56 33 99 40 21 30 61 71 97 29 65 98 23 96 38 6 16 73 20 18 61 61 90 17 74 36 5 51 6 91 73 89 38 58 57 7 9 46 54 26 73 50 19 73 26 14 14 56 70 47 19 56 51 23 57 80 27 99 39 19 7 72 57 56 30 43 28 88 33 11 5 22 0 13 40 63 62 51 53 71 93 78 80 61 84 7 62
57 98 9 6 64 44 77 83 85 35 21 24 62 9 28 54 5 69 39 45 2 3 45 86 33 97 76 27 96 14 43 49 52 44 42 99 31 91 72 11 73 16 2 46 8 13 51 74 56 64 57 4 84 78 15 13 30 71 26 84 95 59 57 16 47 60 37 46 1 15 10 71 71 93 75 61 55 55 86 63 84 7 22 63 14 3 78 61 53 94 3 60 22 93 94 21 7 38 20 50
47 17 57 34 96 61 37 95 45 75 24 75 46 33 44 2 81 31 88 63 31 63 15 51 47 54 57 23 20 58 52 59 27 99 43 95 74 31 49 50 27 65 1 61 97 93 50 4 63 35 97 62 76 48 71 81 52 76 84 37 50 97 99 47 90 54 39 2 0 4 13 58 78 17 78 50 60 75 72 64 42 9 42 43 67 75 67 52 67 48 35 26 25 70 33 32 17 84 55 90
34 59 77 40 41 92 47 40 17 60 55 10 63 95 63 82 47 34 10 32 19 5 18 9 42 88 56 17 83 35 69 49 12 78 64 13 97 21 67 29 41 90 90 58 0 37 40 34 53 7 52 63 14 28 31 96 4 53 42 50 39 70 77 22 85 82 25 0 57 22 15 57 29 75 80 88 62 60 53 33 69 26 64 91 48 86 29 51 77 62 15 17 29 52 67 16 88 10 20 85
79 53 75 83 85 12 19 44 11 75 73 19 3 55 21 25 29 93 25 80 74 50 45 53 25 67 21 48 28 3 20 74 15 80 42 85 10 41 8 63 19 1 76 1 87 95 22 21 39 90 2 36 63 54 70 84 88 61 44 8 96 29 38 99 71 74 51 78 22 13 84 25 34 26 80 28 10 17 29 88 13 59 64 61 2 94 44 90 56 5 8 58 12 24 79 32 10 34 41 69
7 99 88 31 86 78 9 1 64 14 39 25 42 54 3 43 95 91 12 92 55 88 35 44 88 64 24 33 62 34 30 26 87 5 42 3 7 35 83 97 26 91 69 73 8 61 93 5 81 5 5 69 36 31 94 40 16 54 32 22 72 94 28 78 17 32 66 11 82 48 25 28 57 61 74 1 36 85 10 14 37 94 63 98 38 28 28 14 84 51 68 72 65 81 64 39 5 43 8 28
24 95 9 19 33 84 93 16 75 56 78 18 15 2 85 14 73 14 3 23 19 6 58 30 42 23 49 57 61 69 10 2 74 63 16 11 96 21 9 93 5 66 37 7 0 76 98 3 38 52 87 28 45 34 68 61 95 63 52 86 66 30 86 59 20 48 24 96 30 13 47 31 67 26 39 98 91 98 59 14 54 51 50 38 83 7 7 23 53 29 10 83 67 86 40 30 53 82 25 65
65 91 84 42 19 55 66 48 16 52 76 99 24 7 86 73 55 71 58 57 47 30 63 38 3 16 94 5 39 89 57 94 5 5 95 53 14 83 76 88 59 8 53 79 25 68 71 64 32 94 30 10 5 80 5 14 45 11 55 6 15 63 74 45 77 82 19 44 11 91 73 85 23 38 68 28 14 22 33 62 95 32 38 82 71 40 71 28 72 7 96 91 20 70 29 96 15 6 49 1
98 69 98 28 11 51 66 93 69 19 54 88 28 23 8 93 45 97 42 46 65 27 65 79 36 76 91 99 54 24 49 1 55 97 55 39 37 56 84 29 50 7 99 92 27 7 3 79 54 55 78 4 28 63 25 2 71 2 82 55 64 78 96 22 30 60 50 10 58 51 1 66 85 98 63 52 49 68 80 17 45 63 73 63 37 72 11 84 52 0 39 22 1 63 46 72 45 79 62 61
34 35 5 95 80 61 48 91 67 6 67 63 99 55 42 77 5 4 16 40 51 59 6 45 83 6 26 51 29 72 40 30 10 44 95 86 63 35 66 13 68 27 69 28 79 27 22 93 86 49 2 2 36 29 43 7 92 74 49 30 71 37 20 81 25 16 4 25 34 72 62 77 65 64 95 73 97 31 9 78 91 13 32 76 43 79 69 16 5 2 60 61 2 62 72 43 49 78 43 77
65 1 67 87 33 22 13 24 4 1 13 60 36 20 37 10 78 72 20 1 41 54 96 11 99 60 65 66 37 56 80 77 2 20 73 8 82 45 29 25 11 94 39 11 11 36 92 4 36 70 43 49 43 3 82 17 19 29 68 12 15 17 30 45 4 12 32 11 40 8 91 5 33 69 97 36 81 18 36 32 59 61 5 55 81 34 46 71 50 34 65 65 90 28 85 22 10 83 87 37
71 41 17 71 53 76 32 4 1 90 99 94 2 12 34 5 74 80 60 27 94 20 1 66 78 45 57 38 19 32 17 91 15 68 52 33 18 87 82 94 67 44 68 95 37 50 80 78 48 75 10 36 74 44 52 73 73 25 52 96 4 37 15 62 52 79 42 44 59 34 60 67 87 63 69 44 74 60 7 81 9 37 81 99 61 34 20 50 19 67 68 93 53 75 93 58 93 22 44 77
28 88 60 65 72 73 79 82 15 19 2 95 50 75 80 57 33 75 51 75 27 68 19 54 24 59 1 81 93 23 48 15 72 52 91 37 65 16 59 34 23 45 18 62 76 17 74 92 53 21 80 78 5 16 82 97 36 9 82 16 93 29 39 74 22 84 34 86 79 55 17 84 27 78 32 90 55 71 57 63 76 21 3 2 18 1 66 22 80 35 47 48 85 77 70 48 15 45 23 40
76 91 92 80 39 82 40 76 98 3 41 66 80 89 69 89 71 52 16 29 57 60 77 3 98 89 67 78 33 69 50 55 58 21 65 54 12 72 63 69 60 44 76 14 20 80 0 88 18 0 33 52 36 56 46 19 21 88 60 48 74 63 4 37 89 8 93 84 7 69 92 44 68 21 86 43 8 6 36 97 97 66 20 25 47 13 76 36 33 46 37 10 43 24 21 87 42 83 68 59
95 78 46 9 74 17 39 51 23 64 7 17 84 74 56 73 84 27 7 14 77 49 19 20 72 91 69 81 72 72 7 91 84 91 66 34 32 46 38 52 35 2 21 45 84 86 96 22 53 17 5 72 42 93 69 19 61 16 57 63 8 42 57 35 63 15 22 8 98 65 39 57 67 98 93 79 33 69 91 44 23 66 83 62 85 3 19 18 49 57 61 70 78 77 35 41 80 25 55 17
62 2 87 87 72 73 82 60 35 77 36 17 21 86 52 54 67 74 23 28 4 5 91 83 52 83 83 36 42 43 44 46 98 14 90 1 37 25 62 25 21 69 44 12 37 10 99 59 18 44 38 99 42 29 63 98 16 6 58 20 36 40 85 16 39 66 4 58 17 85 20 3 31 44 42 15 68 5 88 69 28 85 26 92 71 48 12 25 68 87 41 95 80 67 12 31 86 42 54 96
91 8 73 17 24 4 96 58 74 16 84 21 61 23 84 76 58 25 24 11 36 35 68 15 99 4 35 63 27 72 74 45 39 76 13 25 11 39 58 88 66 31 4 97 96 81 98 47 24 95 89 91 27 28 98 67 20 41 99 54 97 90 73 53 50 36 76 80 13 45 37 55 22 68 93 34 92 50 23 73 59 9 88 57 99 37 92 67 2 82 75 48 52 14 25 51 51 58 39 18
48 59 99 24 17 97 29 70 77 78 84 67 67 3 98 63 54 78 26 91 80 71 75 44 71 55 90 30 65 22 38 62 33 18 88 18 91 74 40 9 62 96 9 78 33 0 25 42 63 86 25 23 43 46 87 76 84 46 52 54 89 23 10 69 27 52 76 79 31 14 66 18 86 54 79 14 19 29 56 59 8 13 24 37 31 16 40 20 24 1 85 90 2 10 67 79 81 95 33 60
87 74 25 38 72 97 11 90 77 73 52 81 57 57 54 93 62 69 95 19 8 92 47 65 93 44 91 13 28 21 27 36 5 76 18 29 27 54 58 94 98 40 43 80 58 9 50 65 78 95 52 43 33 59 96 50 18 79 48 74 85 8 45 44 93 41 58 40 49 58 42 83 74 60 70 52 61 32 89 95 20 39 94 66 9 42 29 71 82 78 38 88 96 25 43 51 2 62 15 97
72 91 3 6 96 11 33 68 62 54 48 70 31 85 49 71 10 31 53 37 40 42 63 65 82 44 16 37 45 86 95 22 27 54 84 48 70 58 84 49 79 2 89 19 76 52 78 81 48 58 70 0 34 72 20 84 28 81 97 13 26 38 41 77 35 55 31 0 59 32 22 59 45 44 74 44 92 29 87 11 80 92 1 39 41 52 23 3 93 54 82 59 11 58 58 28 22 35 23 55
54 25 36 35 27 70 93 70 65 23 68 52 36 78 23 66 62 61 48 99 43 73 74 90 5 64 65 39 56 8 24 27 63 10 55 32 77 90 30 22 27 38 60 73 65 92 35 60 20 5 98 23 7 53 56 42 71 49 70 90 14 29 68 0 33 91 34 97 1 56 44 27 79 82 39 49 18 19 51 24 96 78 5 93 66 49 94 88 64 92 70 19 73 92 56 93 92 73 57 68
53 19 85 40 44 91 31 21 52 63 18 71 80 43 42 97 55 22 52 78 92 99 78 87 23 44 88 61 15 57 74 96 60 96 21 96 39 85 49 71 49 78 55 26 56 49 73 38 3 24 46 2 5 72 75 74 7 33 18 12 19 68 56 97 67 78 7 86 76 42 60 30 80 20 21 65 5 56 20 86 87 14 14 78 7 95 84 94 86 72 32 53 81 97 75 21 5 50 65 60
82 9 69 4 71 37 3 70 36 2 61 73 20 90 13 68 89 55 70 36 32 40 53 60 81 73 16 56 94 40 93 52 54 21 34 33 15 64 40 11 40 85 42 97 55 57 45 18 95 78 71 35 38 92 65 75 69 63 4 44 55 0 6 34 30 62 6 70 92 65 56 56 75 70 32 59 22 11 1 19 7 97 41 61 61 11 77 25 60 91 64 39 66 0 92 89 89 37 91 83
26 83 32 3 66 28 84 30 86 55 36 98 57 43 34 38 87 72 90 68 49 88 3 72 26 58 96 18 74 81 38 86 63 24 96 38 42 91 35 28 30 32 65 33 63 60 98 86 19 37 12 65 58 61 16 53 53 85 36 61 46 83 52 97 68 61 40 17 83 41 22 38 64 92 90 91 95 45 6 88 94 74 79 70 1 91 20 97 7 67 32 53 51 40 35 11 59 68 59 76
10 14 28 39 59 78 41 93 53 16 3 81 23 2 12 57 78 55 8 69 36 56 70 96 26 37 47 14 54 74 21 63 83 39 55 75 5 37 56 0 90 99 85 77 52 57 99 61 93 75 34 56 43 3 86 66 21 48 94 3 54 47 56 93 36 97 11 30 96 59 71 34 38 50 99 2 59 88 92 52 99 85 21 74 89 5 76 37 44 66 43 48 39 99 74 37 30 4 38 51
38 42 52 9 80 87 66 63 62 77 44 26 63 34 87 79 9 80 32 33 44 56 60 69 1 15 7 24 37 20 50 72 81 75 33 0 27 63 38 44 63 79 56 29 59 4 11 27 58 68 4 3 3 31 74 41 94 13 71 77 41 85 6 86 80 54 96 33 38 56 67 18 11 95 59 1 90 57 8 41 87 53 79 25 63 58 63 23 10 25 65 70 72 77 6 22 80 16 66 96
53 78 9 93 94 63 22 46 27 10 39 12 35 19 99 33 76 85 68 14 85 99 81 12 60 0 7 61 19 7 34 79 52 26 54 81 53 77 72 28 79 28 43 21 51 19 91 65 76 94 36 32 24 38 48 53 16 88 68 73 68 64 3 40 50 38 67 83 19 33 56 93 86 49 94 89 40 80 29 45 83 81 75 22 55 48 99 19 37 43 23 74 86 34 66 91 0 91 74 15
83 97 17 11 35 30 84 49 36 23 22 79 20 57 50 78 2 26 62 68 39 94 72 14 4 3 96 17 36 13 58 45 84 95 97 48 8 18 27 46 97 19 17 87 69 75 93 7 94 62 77 74 8 83 5 88 36 67 77 9 30 23 83 59 21 40 67 63 44 50 96 62 24 59 41 50 42 89 42 3 90 72 36 34 87 70 39 75 11 14 44 33 83 1 50 60 97 67 83 27
36 70 75 59 12 56 60 90 83 26 2 52 27 56 50 4 73 71 97 92 30 40 63 17 37 73 69 78 83 9 60 67 47 80 45 58 17 73 61 70 86 92 38 65 5 76 42 52 56 17 96 88 52 83 22 66 5 32 62 17 5 85 82 40 56 12 90 36 54 67 67 23 54 0 85 31 83 64 63 45 70 39 67 47 4 90 60 1 43 76 86 20 64 22 27 23 23 22 28 48
17 70 67 97 63 25 88 95 11 54 31 53 74 75 5 32 11 2 9 23 27 73 89 61 70 1 22 40 82 14 69 77 29 84 81 42 71 77 63 66 80 39 2 88 59 7 33 41 58 66 72 1 73 53 79 65 14 21 22 2 63 89 98 7 5 10 43 3 34 9 88 43 99 48 56 55 77 19 97 95 69 75 16 88 68 26 31 47 51 95 13 81 29 10 79 23 59 99 11 50
61 46 16 76 99 58 20 40 97 83 89 46 23 26 99 59 36 17 11 83 19 70 45 3 51 8 93 31 17 20 3 29 86 33 12 38 60 23 2 14 86 67 91 18 82 15 14 78 20 37 24 97 78 69 81 68 94 99 88 12 66 69 57 41 67 19 17 35 63 27 65 69 15 70 41 64 50 43 65 81 99 72 95 84 75 61 78 0 40 29 67 88 24 88 15 41 12 54 38 35
69 72 13 76 88 81 31 55 60 56 63 97 22 96 65 48 34 55 92 12 31 50 91 30 40 18 38 63 25 23 59 22 18 78 10 65 0 64 26 88 80 8 47 82 69 18 20 72 69 18 6 2 33 17 14 72 9 73 33 77 86 98 79 74 60 20 21 35 13 68 7 25 46 49 37 87 41 41 40 8 29 19 83 79 34 7 40 66 25 40 23 62 43 13 80 72 6 79 79 87
67 60 45 50 25 34 2 44 69 55 77 97 56 98 49 1 58 67 1 54 46 5 23 7 44 70 7 27 5 27 75 80 9 87 88 60 92 65 59 83 51 58 54 8 82 60 90 50 10 88 71 64 95 2 58 41 80 67 93 35 47 32 77 18 46 57 90 73 47 54 96 67 15 86 92 9 37 94 89 25 46 98 91 38 78 88 92 82 63 50 85 57 91 90 68 53 27 51 48 66
39 6 21 63 7 90 59 57 96 16 74 67 62 90 32 75 31 47 92 13 23 93 16 24 16 80 16 22 50 57 74 31 34 34 31 23 0 18 49 13 39 40 99 97 14 63 73 12 93 7 14 87 34 1 91 68 1 47 64 0 91 29 93 68 93 97 16 6 30 35 80 91 40 68 50 92 61 96 11 13 99 97 9 50 63 35 98 72 22 7 46 89 61 71 56 93 82 65 75 10
62 66 22 19 89 12 70 80 36 46 91 2 5 23 63 96 45 70 50 57 88 80 29 22 84 49 91 72 6 0 67 40 76 54 45 33 23 39 15 57 32 70 65 5 31 60 52 40 80 70 47 81 84 43 80 97 5 21 70 85 68 74 87 0 74 58 0 96 97 34 37 36 28 70 73 27 33 85 35 24 59 91 62 71 56 17 56 33 20 2 3 10 52 7 55 1 23 67 14 38
73 2 80 16 25 67 49 47 99 24 55 39 12 13 58 77 10 67 24 58 30 44 56 36 31 25 49 2 12 38 19 26 32 79 14 77 20 97 56 47 73 28 81 81 87 89 26 55 39 38 97 10 24 47 2 97 5 51 44 78 43 64 4 53 18 81 89 2 95 33 41 55 97 71 66 24 42 24 44 67 77 8 5 76 83 94 84 35 51 19 92 4 38 65 87 57 99 71 14 19
39 33 17 22 84 77 32 24 74 82 73 12 75 74 85 45 12 10 12 84 18 6 13 74 83 2 19 65 60 53 58 76 85 10 72 19 16 71 82 45 67 8 61 84 6 53 98 97 93 45 83 83 25 2 23 35 80 20 11 56 18 90 83 33 85 31 99 61 61 52 31 10 69 86 91 48 88 16 70 2 68 89 27 11 2 91 81 55 42 13 80 58 57 52 95 84 97 36 55 56
24 93 71 80 86 16 36 47 43 44 57 64 43 97 73 48 45 66 57 12 3 11 30 62 2 77 25 1 8 91 41 77 14 68 54 51 11 16 54 31 66 10 40 67 20 58 47 60 2 69 37 5 52 2 49 64 99 73 32 7 74 53 12 63 44 0 3 87 70 52 97 12 35 84 38 69 52 74 89 12 79 50 40 97 96 68 38 37 38 31 33 67 89 70 5 39 48 40 47 65
99 90 52 43 35 67 53 2 21 71 99 6 77 56 68 77 49 55 60 16 86 74 53 15 77 4 1 70 30 60 79 58 43 75 1 24 11 44 33 8 50 33 9 34 47 46 80 49 43 57 17 23 59 20 11 92 15 77 4 28 37 87 46 31 78 33 15 31 43 65 66 98 27 61 71 74 77 23 87 47 61 39 48 3 6 81 19 21 66 42 48 95 50 44 56 71 63 1 60 71
54 57 94 31 62 61 84 94 98 3 77 75 5 73 59 94 27 78 11 4 59 81 31 85 9 32 13 40 11 79 44 63 33 49 59 28 72 48 35 91 20 96 60 69 77 7 72 20 14 88 1 35 73 28 71 93 58 29 79 45 94 8 72 38 88 31 63 98 79 84 68 51 90 25 46 87 96 51 0 7 12 10 55 54 60 15 86 69 17 11 57 49 61 74 41 78 24 36 66 1
49 37 80 36 74 60 37 24 31 98 49 25 11 62 3 12 85 40 8 14 77 5 5 90 91 37 47 60 48 46 99 29 41 66 41 95 69 81 52 52 64 63 45 57 64 96 62 69 96 73 6 7 21 67 66 36 67 81 31 43 90 20 4 14 89 28 36 98 32 65 75 79 78 46 81 89 21 46 95 13 17 70 50 52 73 75 34 62 73 96 36 71 62 57 6 62 11 14 40 0
44 2 29 46 66 27 98 30 98 93 83 5 65 22 91 51 66 62 34 51 22 79 98 2 33 71 99 7 36 11 5 24 89 27 72 35 72 77 80 51 66 63 38 51 95 30 65 2 39 59 36 19 2 64 58 63 30 1 64 1 60 81 88 76 67 87 19 9 47 4 87 55 67 40 22 97 66 98 31 24 58 76 90 68 53 72 5 32 68 41 14 14 27 75 88 76 25 29 91 81
44 14 98 69 51 17 12 48 34 57 25 7 65 97 81 66 64 94 31 38 0 97 54 72 37 67 21 25 13 8 89 95 20 6 95 59 44 58 68 16 72 11 41 82 45 9 24 43 98 87 29 96 97 68 79 15 71 11 12 84 76 30 90 49 81 83 56 75 36 98 46 87 11 12 39 20 24 51 64 19 43 13 97 57 47 51 86 76 52 27 16 91 54 9 70 27 41 97 88 18
98 56 22 21 10 51 79 59 92 89 19 60 84 80 84 93 87 76 18 94 23 10 61 95 21 61 51 67 5 12 71 30 18 84 46 67 48 86 77 50 45 13 35 49 3 30 51 97 50 58 29 42 53 68 19 16 40 11 75 49 89 96 41 12 71 33 24 12 42 86 84 27 62 68 75 91 5 36 55 16 49 81 77 88 68 73 0 33 51 34 3 10 48 36 85 70 6 46 20 51
89 3 99 15 94 99 26 39 64 36 69 4 73 4 39 77 5 57 74 91 77 17 35 82 45 81 69 77 61 80 84 82 38 70 95 44 93 31 39 45 0 78 18 1 18 91 53 40 95 9 9 44 55 43 59 56 33 3 91 69 3 47 10 26 77 22 84 3 51 63 82 37 79 8 40 43 39 71 86 25 67 21 50 10 2 10 23 72 68 92 52 59 93 85 9 72 58 43 88 10
76 98 34 22 34 64 76 83 27 14 22 56 77 39 5 58 92 65 34 35 49 70 63 83 78 50 19 50 33 40 58 14 86 91 86 10 16 12 86 55 12 41 82 15 68 53 70 21 67 64 81 49 75 32 66 65 3 36 29 23 29 37 96 17 32 25 85 67 71 93 82 46 89 55 64 53 46 2 73 32 72 66 82 87 35 13 87 9 52 18 37 10 35 97 21 22 41 10 87 93
32 6 98 7 72 96 9 18 90 13 40 84 12 39 55 76 18 75 9 18 13 23 27 30 23 74 44 8 92 8 49 22 54 8 70 80 73 24 96 17 78 55 94 14 36 3 19 12 51 27 80 36 69 19 73 72 92 77 78 25 7 87 32 49 54 43 59 49 98 24 52 96 44 30 74 19 45 89 14 2 61 63 31 13 12 40 68 93 34 75 71 24 76 88 42 81 88 98 82 29
82 38 98 51 61 77 75 88 29 29 51 23 60 29 30 99 80 26 79 35 29 12 62 97 0 35 88 15 54 76 77 63 38 21 17 58 45 9 24 63 20 65 84 18 61 14 60 62 29 93 24 73 60 60 63 59 67 52 68 40 11 3 94 52 33 22 40 33 85 72 72 29 82 91 6 2 8 63 15 29 17 25 80 84 59 86 67 41 41 16 77 60 31 57 6 16 95 93 69 14
97 31 11 20 15 14 74 9 44 23 31 55 19 97 7 43 75 53 80 16 92 35 46 51 74 16 49 67 34 15 13 68 8 75 24 59 91 40 57 50 96 1 34 13 71 14 4 43 64 37 75 46 34 43 99 35 87 44 82 18 1 60 56 25 62 57 48 16 12 89 7 6 85 64 16 11 31 84 91 42 12 80 81 57 2 28 39 80 24 86 80 11 61 70 52 36 45 49 76 97
92 29 56 41 65 47 37 38 73 8 7 30 74 58 82 35 44 82 61 30 4 3 45 71 97 61 36 57 47 31 71 52 69 44 43 40 84 97 50 27 97 2 45 28 41 80 56 55 45 76 83 53 76 21 44 89 37 60 70 54 38 95 12 13 38 17 57 76 70 39 51 51 72 41 2 7 40 7 28 22 74 58 8 22 26 11 72 23 9 55 7 38 77 84 66 56 8 45 12 95
44 67 58 38 1 23 60 32 45 2 53 52 50 83 11 13 94 92 43 30 12 81 83 22 39 49 79 83 85 75 45 35 57 57 8 12 9 70 89 35 21 1 25 63 45 57 47 33 31 58 1 20 27 24 34 4 74 35 98 37 83 68 38 61 51 9 86 63 62 41 77 8 96 11 5 6 99 16 87 72 69 34 58 37 38 53 38 78 85 90 16 38 59 85 67 31 46 17 74 41
1 78 81 27 52 28 83 10 73 27 78 79 17 52 60 62 86 77 79 60 35 97 40 40 67 2 72 86 52 52 28 66 12 78 12 92 41 89 58 52 11 8 30 64 95 54 73 44 49 24 43 53 79 40 86 22 44 47 58 63 6 84 78 78 13 79 32 2 31 42 44 63 47 85 23 26 73 21 97 55 39 52 28 25 13 79 0 94 21 58 15 34 32 19 54 0 72 87 89 48
72 41 2 45 16 60 45 2 52 27 6 67 38 74 92 22 65 69 99 40 54 78 68 70 31 68 37 33 42 16 67 35 90 72 1 25 8 17 50 44 60 16 9 62 39 21 16 94 91 87 46 71 82 63 49 31 91 34 37 70 31 56 66 26 7 97 96 23 35 43 46 23 78 6 38 56 36 17 97 58 10 96 41 17 13 20 93 80 24 31 89 39 90 69 8 14 79 24 36 54
27 82 4 55 90 16 65 58 16 92 62 82 61 29 41 35 32 71 65 22 26 23 84 76 26 7 63 14 70 11 97 52 57 5 92 50 53 21 36 49 92 6 13 87 79 96 5 47 34 39 2 69 68 89 16 7 46 56 5 89 40 82 40 16 82 16 36 91 3 28 38 85 54 12 91 85 4 20 65 97 83 62 91 26 5 16 61 74 17 4 90 91 67 73 89 86 18 71 7 37
73 82 86 27 46 33 68 35 12 98 18 44 96 30 64 9 12 14 75 74 61 37 60 31 87 11 45 39 36 34 29 47 46 92 35 99 70 71 65 28 68 82 47 67 51 47 20 84 47 54 23 27 67 55 75 79 65 4 11 15 80 48 14 31 28 85 20 65 12 36 90 90 8 92 66 4 22 20 76 27 41 39 26 65 31 17 60 79 84 65 53 65 17 35 26 30 49 84 19 32
94 3 9 20 44 48 90 9 36 70 36 17 2 88 41 55 21 11 92 98 68 61 82 22 7 24 61 16 83 12 43 85 54 96 35 46 97 31 27 46 58 70 93 50 60 59 59 37 68 47 0 96 21 84 61 3 97 0 61 17 5 20 44 37 45 92 43 7 46 66 2 92 99 10 47 76 25 83 32 93 80 75 92 18 99 45 35 31 44 78 48 72 56 38 61 12 64 50 15 64
19 33 96 77 50 81 56 66 71 36 23 38 84 31 15 21 97 0 92 83 63 4 84 5 49 57 77 45 7 72 6 27 88 1 22 44 42 89 8 97 56 25 84 40 86 3 27 13 74 95 41 66 96 78 57 27 92 30 12 21 41 83 30 19 7 86 14 36 25 93 18 72 49 4 55 58 66 26 6 26 93 40 21 11 7 9 91 65 34 98 31 18 12 35 86 57 63 39 50 5
84 68 52 54 0 17 89 14 92 4 79 11 86 2 35 1 5 84 79 10 45 50 89 98 68 40 90 58 60 50 95 52 65 91 74 31 22 64 5 81 57 47 71 62 52 31 5 17 91 75 49 95 10 94 89 2 15 27 49 75 21 89 73 82 39 56 19 8 3 90 64 5 47 47 90 54 74 3 53 12 29 56 44 1 56 64 74 87 92 23 47 50 22 60 57 96 86 8 89 20
47 99 68 43 30 68 29 20 59 98 10 12 37 60 31 75 1 48 37 78 73 58 65 5 45 88 94 98 98 11 79 69 30 99 87 30 71 64 91 42 10 89 48 35 18 50 44 90 29 39 63 47 99 99 21 40 61 29 47 33 20 28 23 89 92 66 9 77 71 27 50 77 17 72 38 42 96 22 36 16 87 16 87 19 24 2 38 75 34 3 63 49 2 42 68 39 45 33 18 81
33 51 25 95 73 6 29 12 96 27 69 25 11 47 91 1 96 98 31 2 50 54 70 79 88 86 66 10 11 7 94 74 52 30 85 55 24 91 58 37 32 25 22 17 76 14 9 39 62 97 32 70 76 34 98 55 22 14 8 72 86 11 35 84 29 72 80 99 27 60 81 50 36 54 29 70 69 71 68 95 87 21 21 92 39 14 20 47 82 78 59 32 23 47 14 31 13 50 91 71
54 4 32 69 97 39 34 17 89 18 55 51 18 57 2 80 29 16 22 16 39 50 42 25 47 90 52 47 63 62 14 63 0 17 0 72 38 7 83 51 69 6 1 44 51 41 88 2 36 77 2 7 41 56 26 32 89 1 18 9 40 34 61 88 34 72 44 99 10 46 29 47 31 67 94 14 39 65 20 62 98 26 84 58 21 36 57 11 52 69 57 17 21 31 89 73 62 12 16 70
11 74 69 17 53 64 21 91 18 6 10 13 88 1 66 36 30 36 1 71 93 75 39 79 39 7 53 76 21 76 27 38 36 42 7 84 75 69 31 93 62 83 4 84 15 81 90 97 98 20 16 52 38 86 35 32 50 67 88 40 2 45 22 59 45 58 33 87 18 72 19 58 54 41 76 46 55 41 34 72 16 3 55 46 17 68 20 82 20 69 13 55 83 14 93 93 62 38 40 5
37 1 44 4 96 52 44 85 12 44 33 81 45 19 83 32 28 28 95 73 41 37 57 59 8 88 5 27 94 81 53 8 94 82 65 99 31 53 13 18 90 46 24 65 51 7 28 42 21 78 44 78 71 6 12 56 73 7 59 23 78 68 95 38 56 14 5 75 98 96 36 23 7 29 16 52 59 21 53 51 12 29 3 18 0 93 19 60 46 89 70 93 52 87 70 4 23 71 41 52
10 34 12 95 17 66 84 35 44 73 53 88 20 4 65 2 37 87 65 69 11 4 77 95 52 86 70 16 71 34 14 95 54 25 1 32 74 0 87 93 33 89 79 78 26 79 5 96 29 73 15 59 34 72 72 58 33 44 16 32 34 42 70 95 19 65 62 41 8 56 15 19 44 2 85 5 64 48 30 14 98 71 66 1 59 82 61 30 13 75 14 34 97 70 22 69 52 40 22 73
30 75 59 85 41 61 2 2 28 18 57 38 7 6 24 13 23 42 42 55 46 49 41 32 25 31 40 96 30 14 70 77 63 76 3 27 17 71 32 65 13 19 13 55 50 6 10 24 1 50 16 65 21 45 59 93 8 10 63 67 65 31 67 88 2 34 46 58 9 56 76 90 75 49 57 31 65 14 91 75 74 90 15 8 76 28 44 86 39 8 37 68 34 47 96 30 87 96 46 99
22 42 79 40 18 37 38 98 77 38 29 33 22 54 64 97 53 42 51 63 11 30 79 83 26 86 19 53 16 14 87 45 97 77 1 33 6 35 66 74 63 15 62 42 40 91 58 81 61 43 97 62 43 80 68 23 26 24 77 88 68 1 78 49 90 60 18 57 99 35 13 3 37 8 10 93 83 77 75 44 79 44 73 31 27 94 52 83 9 91 2 31 68 19 72 35 80 12 44 7
15 5 41 25 72 25 4 15 36 13 1 31 70 92 76 78 5 94 93 22 77 6 59 51 57 88 6 28 5 59 77 51 20 60 51 67 33 60 34 0 3 45 93 93 36 70 74 53 66 61 27 64 4 33 13 23 5 19 76 25 19 42 74 19 33 52 61 60 48 64 38 45 27 15 60 64 80 16 87 45 72 42 52 31 17 60 21 87 41 76 29 71 77 62 48 17 71 83 5 81
94 40 96 27 33 28 67 56 12 80 0 11 7 80 45 99 98 5 46 27 4 57 83 76 44 36 88 66 3 46 58 23 15 59 66 91 97 54 71 85 58 95 97 27 51 63 94 73 9 54 4 84 28 6 72 51 26 89 12 66 44 94 91 83 56 4 36 81 38 45 75 20 20 80 21 64 78 3 68 97 49 8 23 85 46 46 14 64 31 63 35 84 60 26 42 81 37 42 0 73
34 86 12 54 35 60 60 91 83 44 2 81 28 71 41 3 21 43 10 33 54 56 71 72 11 9 19 5 34 16 67 55 71 65 53 5 79 23 57 0 30 82 10 55 71 52 20 38 99 81 59 31 81 88 52 2 9 12 29 75 1 61 87 20 4 71 37 38 85 89 45 61 25 27 25 51 43 2 86 29 96 81 2 27 29 81 77 32 4 75 22 35 5 53 4 83 56 13 28 13
89 15 8 93 18 73 61 8 4 64 98 82 94 32 98 44 97 79 84 97 1 2 72 73 95 76 40 30 32 71 0 61 4 15 65 72 25 9 3 97 87 58 38 29 82 48 12 43 57 83 53 18 91 70 78 62 86 12 92 88 63 68 40 81 13 15 82 52 79 41 19 83 99 86 28 15 2 55 38 41 60 11 19 46 15 78 87 27 81 65 66 20 76 62 84 63 91 25 6 20
2 48 98 0 46 66 71 0 37 2 42 40 68 90 29 24 54 6 47 37 7 5 30 43 85 72 72 38 51 40 25 74 7 61 15 56 91 83 19 97 13 92 33 92 13 65 9 78 34 9 82 22 80 30 93 77 10 27 31 49 18 65 53 20 22 63 19 66 27 75 64 26 30 43 58 82 85 39 66 28 70 34 93 18 97 70 8 15 19 32 81 53 20 67 43 2 38 21 45 2
82 40 52 0 17 74 19 44 34 34 6 29 22 55 84 31 46 96 0 15 99 70 68 42 16 46 18 53 81 38 54 76 43 62 28 29 14 10 20 91 9 81 87 36 85 46 14 30 54 70 24 26 45 19 22 92 35 39 37 72 19 29 94 45 13 72 0 58 76 24 35 80 15 27 85 93 3 67 69 66 45 14 40 26 80 7 36 39 51 42 72 26 77 28 93 39 86 29 31 22
6 87 6 98 96 81 0 45 98 80 68 13 31 98 21 1 98 75 77 72 81 63 28 73 94 11 67 18 49 23 60 27 7 61 59 71 43 70 72 78 40 93 86 36 32 67 77 34 34 80 17 62 0 95 69 19 91 57 62 48 11 11 33 63 68 4 48 0 30 27 33 86 30 20 6 80 8 77 12 26 54 15 88 8 96 18 84 92 77 17 15 11 52 69 82 32 61 5 29 26
73 8 75 56 13 80 92 93 31 72 4 46 73 55 66 11 31 22 74 42 67 26 45 30 7 77 7 9 81 43 50 10 10 25 55 86 13 2 95 65 71 68 7 95 1 30 77 73 47 57 53 73 34 24 65 27 61 23 97 23 95 74 75 49 12 12 11 19 97 77 74 93 13 82 80 7 10 23 33 18 80 11 94 88 86 14 18 1 82 34 71 67 26 37 25 9 18 10 11 14
59 14 50 79 95 68 42 67 24 90 81 47 10 7 83 70 59 38 46 33 71 36 42 28 56 93 48 90 92 81 31 29 37 39 81 42 74 91 51 56 42 8 95 1 31 30 6 82 47 80 74 17 37 31 14 48 60 79 17 5 7 44 45 40 44 3 60 64 15 17 8 21 76 48 76 71 46 76 59 96 50 97 22 14 7 4 92 5 58 96 44 98 53 42 53 75 33 29 47 55
10 35 85 72 26 68 86 14 92 27 83 40 46 69 49 31 45 58 29 21 97 19 32 78 72 22 29 84 82 74 15 45 11 0 80 2 63 42 6 4 80 53 24 80 92 77 13 26 10 66 86 97 57 27 37 77 16 55 89 22 10 23 27 4 1 98 94 33 58 98 19 3 74 35 21 17 49 11 57 41 29 54 33 66 82 70 67 40 31 71 94 70 7 98 37 81 80 47 39 83
16 98 14 67 79 15 12 19 31 92 27 51 6 9 56 82 34 46 2 35 64 20 70 67 3 9 17 75 83 11 65 67 51 32 21 59 69 73 72 65 78 30 9 48 42 8 3 24 73 13 36 86 2 60 56 81 48 10 7 22 19 44 10 12 74 37 66 6 30 26 73 30 56 98 89 45 91 75 52 30 67 27 49 39 22 73 77 92 30 96 89 18 32 59 87 5 14 48 56 68
30 52 68 81 81 40 48 6 40 62 0 55 18 97 99 44 83 97 42 10 9 16 92 59 99 25 81 66 59 70 82 39 19 43 2 6 72 95 69 98 7 57 78 53 17 69 45 69 30 94 68 14 76 13 14 6 37 83 81 36 27 72 55 68 46 76 49 64 17 54 78 76 69 14 96 88 30 41 89 34 28 34 24 15 45 93 75 79 47 87 36 6 56 10 61 12 8 18 69 64
82 35 6 82 17 10 9 61 98 92 46 71 25 10 7 44 62 12 93 78 80 81 28 57 23 76 45 2 20 45 96 66 29 86 83 80 32 23 7 75 71 44 42 14 28 72 40 69 44 95 82 18 22 84 83 31 89 69 14 50 13 0 45 5 66 17 42 6 88 46 30 12 61 45 26 6 19 95 92 33 35 74 82 3 16 14 94 28 65 89 75 67 52 60 52 47 24 50 66 52
78 9 16 44 25 79 24 39 84 61 28 17 0 55 9 13 94 32 80 26 3 64 88 13 85 41 30 62 54 98 46 68 67 44 57 66 69 3 2 11 75 76 81 31 34 9 27 26 48 9 62 25 20 92 47 71 12 22 57 26 52 68 72 93 72 59 3 52 79 3 61 14 90 5 50 26 97 87 53 55 19 18 66 20 36 18 94 46 83 96 83 52 10 91 44 11 59 49 68 40
76 80 62 45 87 35 24 37 77 61 83 22 9 59 56 94 44 27 42 86 19 41 69 36 85 72 14 25 76 27 76 39 99 58 64 42 11 65 25 41 80 91 39 44 23 96 84 38 4 68 39 33 57 28 47 36 5 71 45 72 4 78 29 60 6 21 97 46 58 13 87 53 37 12 49 54 34 30 73 1 57 98 48 97 22 36 0 75 91 6 5 41 30 42 94 79 11 71 57 83
57 62 50 35 41 54 45 41 74 92 17 54 73 60 51 53 23 12 80 65 1 77 74 39 57 19 25 14 31 14 25 80 77 13 84 38 15 81 92 20 46 61 11 89 18 74 88 62 75 37 38 61 15 27 86 61 25 5 99 36 75 64 11 1 65 80 36 65 91 56 35 21 65 9 8 41 44 61 7 27 43 35 84 37 23 14 92 1 67 40 87 3 46 87 22 2 98 0 2 60
27 33 79 9 27 70 93 30 9 91 51 59 16 89 77 86 59 16 50 82 84 97 42 15 69 51 63 25 75 70 28 22 40 72 85 25 90 31 93 31 22 55 63 79 1 1 29 49 41 59 35 5 51 86 18 99 52 16 49 1 17 10 30 47 73 78 1 54 0 54 0 75 8 59 17 42 46 58 46 65 55 70 77 35 40 82 12 15 61 42 54 93 9 51 42 88 77 71 10 16
21 20 29 61 3 50 79 83 84 36 84 50 46 59 30 3 77 86 26 93 30 24 79 55 53 47 89 46 24 73 5 84 7 95 96 11 71 60 86 93 7 28 37 94 48 16 55 35 15 4 64 85 90 49 49 15 51 14 86 86 46 26 93 29 87 26 20 31 47 80 52 17 58 88 45 94 29 43 34 11 39 55 45 53 24 86 28 89 21 90 57 71 92 31 18 81 85 61 57 13
