100 100
25 24 63 51 48 98 20 1 69 30 51 49 65 53 78 3 87 62 12 33 5 65 74 7 12 33 99 64 29 64 71 74 32 33 27 39 65 24 26 20 99 32 41 59 65 53 44 34 17 39 54 53 63 89 4 83 39 67 46 81 55 53 32 64 33 70 31 96 79 35 58 71 65 31 3 57 66 14 76 0 20 18 30 6 75 38 92 22 68 48 75 60 55 10 34 62 26 21 33 92
79 64 56 90 96 6 29 78 54 21 66 18 60 2 21 46 91 59 48 34 75 3 88 64 96 41 70 32 92 34 10 33 29 82 88 23 96 49 61 90 11 52 99 27 44 93 83 27 99 37 93 86 28 82 97 76 60 23 15 42 26 46 80 37 4 52 25 76 87 41 16 27 54 84 35 4 69 25 83 81 76 56 47 71 40 51 62 45 94 19 15 86 96 30 51 35 51 3 39 97
65 62 36 47 4 31 15 94 93 27 59 41 60 91 37 91 40 7 54 56 90 30 12 27 23 68 85 94 74 33 25 76 94 13 73 7 77 97 90 73 30 8 1 73 49 20 42 82 79 23 53 20 90 61 79 74 91 49 4 68 43 35 56 77 16 79 84 80 99 61 75 30 65 70 63 39 20 64 46 49 53 14 51 98 15 17 96 75 77 95 2 74 31 51 52 88 94 4 61 75
49 84 34 80 4 41 94 84 82 53 31 30 53 29 3 41 19 24 37 41 6 6 97 91 75 44 83 98 69 95 83 2 26 46 83 91 42 39 98 53 45 12 84 95 44 67 84 60 69 76 91 93 40 39 1 86 58 5 90 7 53 56 98 47 38 95 19 54 56 55 17 23 18 77 40 53 64 23 86 21 43 1 3 33 78 0 12 63 22 75 37 44 41 39 16 84 20 40 79 58
25 67 41 68 34 33 35 95 50 53 24 62 70 63 47 41 91 71 43 40 2 0 86 32 49 26 47 3 78 53 19 5 77 75 38 48 95 80 3 64 87 65 86 38 72 76 11 0 80 59 62 45 86 6 91 55 78 31 44 64 51 2 17 42 58 61 19 19 48 22 80 42 90 39 89 89 53 52 23 37 57 68 66 46 3 2 30 69 4 35 88 87 4 11 9 23 22 77 15 73
79 78 44 65 96 68 75 34 96 72 89 0 52 0 74 99 28 4 47 27 85 34 86 46 47 43 40 88 57 52 91 97 40 25 76 64 98 23 24 92 96 82 65 55 47 74 52 23 23 89 32 33 9 26 99 13 74 5 47 81 27 35 76 66 90 60 48 36 92 51 93 22 12 12 44 3 29 79 60 98 94 72 17 19 48 8 98 5 29 85 63 77 40 48 25 51 77 90 34 26
51 87 82 96 48 19 81 32 76 45 16 96 76 6 2 51 55 13 34 68 0 6 48 44 46 79 98 59 29 46 47 50 31 98 24 88 54 63 31 88 64 44 2 25 45 10 2 54 68 60 49 87 33 12 46 28 54 88 74 93 77 21 98 32 93 50 99 99 58 99 22 71 97 10 76 7 52 18 24 66 59 36 99 13 75 74 63 63 76 47 82 42 7 38 90 70 55 2 75 94
18 98 40 56 63 91 26 76 83 60 66 19 87 1 4 19 42 23 75 5 0 97 58 96 28 33 22 29 68 22 73 77 2 91 58 43 23 19 36 7 47 61 40 39 93 16 31 86 5 9 58 88 83 36 33 76 74 75 30 53 17 29 55 80 93 42 68 25 9 12 83 64 83 66 20 75 13 99 94 5 13 83 41 15 67 33 37 4 22 1 48 9 45 59 42 86 14 42 58 89
62 95 61 72 94 97 21 54 13 3 80 9 30 7 91 63 32 59 38 88 46 84 94 53 9 61 50 69 87 29 99 36 89 52 23 22 14 23 95 55 54 27 2 32 4 82 15 17 56 49 95 32 82 17 83 17 48 10 61 67 10 36 67 27 43 93 57 94 86 68 54 19 84 35 79 88 57 12 92 33 18 93 46 78 34 33 65 28 92 54 6 70 58 56 83 57 28 61 78 7
76 32 22 69 44 22 36 75 4 82 29 19 9 39 13 66 89 41 82 46 81 77 84 46 18 43 85 51 39 49 51 94 8 46 10 70 12 86 32 14 89 69 40 47 87 37 40 22 71 88 60 35 23 94 3 78 37 31 15 85 11 49 36 2 22 50 12 5 66 37 11 96 59 74 52 85 38 93 50 72 10 54 20 47 62 65 39 40 7 76 43 36 4 31 62 19 62 91 31 75
70 23 83 71 49 78 39 60 73 62 25 76 42 61 10 42 84 42 33 83 62 31 7 50 12 35 21 19 86 50 30 35 89 90 23 51 3 28 71 38 51 52 20 95 29 13 74 28 43 34 4 59 14 40 84 42 93 99 88 46 99 97 3 37 27 57 0 38 12 43 0 38 18 67 95 76 10 65 33 25 9 96 84 66 2 55 77 16 27 4 72 4 16 66 77 17 89 23 30 89
83 49 64 61 83 60 72 64 71 4 0 59 47 53 90 11 74 88 39 14 97 52 79 89 44 54 35 94 74 97 51 89 30 33 18 58 6 27 19 42 44 70 15 75 14 37 10 9 88 74 15 87 97 58 18 36 97 51 66 98 81 51 30 62 90 29 85 3 23 15 64 93 31 92 10 77 89 56 18 0 44 72 7 90 64 82 15 96 25 91 39 26 55 2 83 99 63 26 46 14
86 54 18 85 50 52 92 97 21 87 15 93 37 85 70 7 37 70 62 35 82 29 2 17 45 16 37 19 84 0 37 78 40 26 45 87 8 76 54 83 7 91 93 35 36 0 31 98 34 31 87 59 2 39 6 57 94 37 99 46 6 71 82 19 7 42 39 5 97 47 19 17 91 58 27 4 86 67 26 68 66 36 52 63 19 48 56 8 54 42 63 17 25 88 50 73 14 62 34 44
23 44 93 52 92 74 87 29 41 85 77 66 62 39 72 10 94 78 85 58 23 21 36 14 15 34 36 8 37 25 38 97 45 7 57 83 51 11 81 34 14 30 76 7 34 30 63 26 80 33 50 4 6 84 91 19 99 62 63 49 65 11 93 56 55 25 79 33 11 46 16 6 60 98 13 18 50 2 12 29 6 92 61 49 9 86 44 97 39 53 17 42 0 29 56 53 73 50 47 71
18 2 92 87 76 74 7 13 49 57 75 78 88 40 27 38 47 86 58 1 50 96 99 41 76 26 9 17 68 39 36 51 42 19 15 99 33 26 86 84 70 21 96 47 62 21 33 4 86 26 66 2 45 96 8 10 0 24 95 66 8 14 89 81 33 41 36 80 26 33 71 30 9 2 52 26 46 9 36 50 2 32 30 51 0 11 45 66 25 82 71 19 34 55 34 12 94 36 20 58
61 20 1 98 0 57 30 47 26 16 93 52 76 51 12 52 47 6 43 33 47 80 0 33 53 11 18 51 85 41 30 45 48 37 69 59 25 91 17 31 64 14 7 87 1 99 81 77 88 38 26 26 16 30 51 64 68 41 69 5 43 22 45 52 41 50 98 3 43 84 24 66 36 90 3 83 26 43 39 88 36 61 86 65 89 16 37 57 16 78 85 48 41 73 3 35 84 61 26 61
51 36 33 9 90 21 27 5 12 7 72 4 88 64 90 6 98 49 75 58 51 18 42 8 56 32 60 67 92 57 31 54 63 42 64 4 31 75 73 48 28 3 30 73 6 23 10 0 40 57 66 51 35 33 35 83 75 21 83 27 59 78 69 61 16 92 79 40 33 39 25 75 61 80 27 85 43 89 81 82 3 96 8 21 62 13 36 85 18 15 66 19 82 11 46 22 7 91 93 20
75 69 40 64 54 11 71 96 81 93 75 73 5 85 26 41 9 26 83 4 92 32 69 21 16 13 8 52 46 11 30 66 98 70 42 88 69 92 14 95 94 79 17 22 67 65 32 87 3 12 93 97 63 54 81 47 55 56 59 95 39 63 87 40 92 95 47 18 79 75 31 74 46 64 5 61 9 92 8 71 25 94 95 6 61 68 11 48 35 97 9 94 95 94 35 97 6 70 14 51
74 22 21 42 3 17 72 90 65 37 17 7 29 15 94 98 2 31 8 23 64 71 35 84 61 14 36 58 86 49 18 66 10 84 37 54 75 72 65 89 29 34 35 1 88 10 61 30 40 65 90 71 71 16 78 22 75 43 93 12 30 92 50 97 62 8 35 67 84 58 50 50 29 32 8 55 74 86 38 42 47 72 21 52 93 17 63 24 50 81 19 39 78 60 40 42 18 64 54 20
55 55 43 35 17 85 40 15 46 42 80 69 7 80 92 88 72 72 36 47 80 14 34 64 19 47 7 85 92 1 19 45 33 80 66 65 89 63 98 27 82 6 16 86 47 4 41 76 90 94 38 77 76 31 86 26 27 34 36 56 61 28 64 92 21 97 26 26 31 88 46 24 19 1 34 69 84 47 90 35 17 27 96 59 18 75 96 82 23 56 73 3 29 16 91 92 52 42 22 6
89 92 6 46 33 32 94 92 6 8 12 76 93 93 39 37 40 16 31 34 60 15 51 0 16 30 42 31 77 89 76 50 62 8 40 67 30 0 65 34 68 32 19 92 34 63 43 31 36 52 0 75 31 98 39 72 69 85 4 65 82 29 88 50 22 78 58 66 73 42 87 30 21 71 80 78 58 49 2 30 94 27 74 65 5 34 20 50 3 21 35 43 30 79 13 51 62 89 54 12
29 98 57 27 60 80 58 79 39 31 13 20 50 86 33 34 88 69 84 49 65 14 20 68 26 14 75 86 59 35 62 74 41 94 41 83 3 36 75 54 88 94 4 22 75 44 38 2 9 66 57 70 19 98 42 78 13 25 88 37 75 2 43 65 24 62 11 75 90 76 4 69 54 6 69 73 75 87 26 35 30 33 47 31 62 29 91 52 81 5 19 18 72 80 90 95 94 76 7 47
9 65 83 23 59 9 40 16 29 94 29 15 78 75 23 15 60 59 88 40 16 50 64 85 60 0 63 69 8 17 24 71 47 91 53 83 43 41 80 28 46 85 26 44 9 72 9 55 16 39 38 22 64 0 56 68 64 93 51 92 42 62 24 38 67 80 27 59 51 81 98 61 43 99 9 66 94 78 12 33 53 54 7 85 17 91 94 36 23 75 49 9 87 98 69 76 8 39 76 96
34 18 98 18 56 84 82 19 25 47 69 6 32 77 26 34 40 40 0 76 2 62 73 70 71 61 91 91 9 24 47 91 76 50 40 50 69 32 80 10 54 89 24 67 84 45 16 23 3 56 98 7 45 4 91 13 8 2 70 28 63 31 0 41 52 2 38 75 75 15 18 13 50 42 24 15 82 66 43 7 54 65 22 9 37 44 82 81 71 74 52 67 93 13 75 6 4 70 78 28
55 70 58 97 87 78 46 64 23 50 94 27 5 76 44 89 7 8 17 57 89 46 81 36 49 24 81 10 44 94 57 31 85 88 12 75 55 24 45 66 42 61 81 16 53 61 29 59 39 12 74 27 68 45 67 53 36 86 14 54 90 53 56 92 72 46 54 79 91 20 28 70 55 1 64 31 19 60 20 51 23 2 65 67 44 16 67 90 69 79 90 62 9 85 29 23 4 49 75 59
44 91 57 97 16 10 10 5 18 18 39 48 21 12 0 60 49 15 98 66 41 61 17 49 7 31 23 93 42 5 49 10 57 51 65 41 9 98 65 34 44 42 20 45 63 50 67 25 15 21 76 62 30 10 83 18 25 8 23 94 16 27 30 21 79 29 16 3 62 1 60 80 92 82 62 32 68 13 42 88 90 76 78 59 23 88 66 74 71 2 16 42 67 52 75 50 98 21 70 39
82 59 36 5 99 42 15 6 85 17 23 66 94 47 26 9 65 39 84 72 76 92 86 99 98 93 89 25 5 65 88 42 24 21 96 23 8 8 78 3 67 63 88 79 86 20 99 20 38 1 48 82 69 89 33 14 58 10 93 68 76 45 54 41 72 76 88 86 60 13 36 59 61 20 80 88 60 9 73 76 61 51 61 88 84 13 15 5 49 10 28 46 84 16 26 33 59 6 98 86
14 13 13 93 32 40 15 60 76 98 81 76 14 71 31 2 88 87 16 47 59 70 68 46 33 57 7 37 2 66 87 92 84 98 51 18 6 88 14 51 99 4 98 99 91 42 7 10 33 52 39 98 17 86 72 73 18 46 49 66 66 92 38 99 7 27 20 74 36 8 63 24 77 68 56 97 75 60 49 39 40 21 26 47 79 46 52 80 14 65 73 38 51 25 32 17 36 81 42 91
5 7 0 81 36 67 80 10 40 78 15 56 99 42 98 83 30 29 68 12 81 20 20 99 9 72 58 71 55 51 54 68 36 67 17 31 4 54 46 2 73 74 75 80 98 99 24 94 20 27 55 85 3 1 27 77 80 82 30 37 21 41 82 85 44 78 98 73 61 20 74 36 30 44 55 30 79 26 15 87 20 98 64 87 45 53 24 62 54 49 50 95 30 5 53 41 1 5 80 12
7 90 36 56 11 17 99 94 15 60 44 39 3 32 33 99 43 79 58 9 62 49 76 12 9 4 18 7 34 69 29 95 62 28 93 8 56 98 59 20 16 7 83 64 54 57 88 49 8 66 45 64 88 86 32 49 33 87 14 15 42 58 56 73 90 84 59 78 77 39 9 38 57 35 77 14 98 59 57 84 68 40 42 20 9 79 31 91 65 99 42 66 43 67 48 90 46 51 83 59
5 26 89 2 32 1 35 97 61 31 25 72 23 38 46 93 55 62 28 2 24 18 73 64 40 55 27 96 47 62 68 41 68 99 66 60 31 92 46 29 51 44 96 28 32 13 23 26 0 15 0 11 75 8 77 78 21 33 31 82 73 97 1 27 91 93 26 45 50 96 26 2 62 52 97 61 25 60 48 19 76 22 44 13 48 4 81 22 74 76 28 44 87 26 19 77 20 8 85 99
13 96 84 81 11 9 93 53 36 66 90 79 10 45 10 5 76 20 49 70 31 55 46 72 82 75 94 65 78 97 38 11 29 95 13 29 93 20 39 54 63 89 4 99 87 34 48 39 66 81 84 84 45 3 31 62 58 8 45 80 36 88 12 91 72 57 13 52 63 16 46 13 54 56 57 65 38 55 90 4 84 84 67 81 75 98 33 51 17 49 77 35 14 21 65 61 85 80 30 69
41 51 79 23 20 97 80 78 57 41 47 33 80 75 1 9 12 75 15 83 84 17 39 10 12 23 99 73 6 87 23 13 49 25 81 0 66 86 39 13 34 80 44 35 21 64 2 65 22 61 85 95 59 91 13 18 54 90 96 56 25 54 64 52 64 32 15 80 51 29 35 94 23 11 65 51 64 51 99 23 14 39 53 29 86 0 26 94 69 13 88 82 63 50 48 32 3 38 37 47
80 56 29 97 28 61 36 33 44 89 66 98 38 29 21 72 52 35 87 12 90 17 45 61 73 6 40 55 27 75 93 79 4 54 93 79 16 95 23 54 91 66 77 25 0 5 84 15 11 90 47 28 78 28 87 62 73 16 44 70 74 63 38 29 66 15 80 34 58 96 63 37 72 10 87 74 12 26 70 44 31 26 88 40 78 64 29 50 96 54 93 1 21 66 85 19 51 17 28 66
89 75 15 12 60 25 38 84 57 98 93 51 65 59 33 84 89 57 43 65 74 17 70 90 58 58 74 69 80 19 81 95 99 93 35 96 18 49 88 17 86 65 43 71 51 77 84 49 69 90 49 6 36 3 50 68 1 25 68 47 15 94 39 86 44 21 85 2 25 33 71 49 38 12 89 47 34 75 85 13 58 67 28 56 42 96 65 55 22 88 78 40 95 78 34 0 88 21 53 71
10 54 69 76 82 7 16 14 14 23 4 16 34 6 65 24 35 97 4 83 6 53 3 61 99 46 26 76 63 45 10 21 24 45 27 48 91 61 83 14 18 52 52 44 80 52 12 14 19 62 23 37 35 80 7 67 27 15 33 30 58 70 87 39 26 54 79 32 31 11 6 35 98 71 12 50 95 26 78 18 65 75 96 34 93 87 10 14 14 68 74 84 34 49 74 79 6 24 1 93
86 35 68 70 56 3 9 90 10 87 44 37 38 44 77 15 97 71 15 30 63 12 45 21 60 95 54 97 19 7 98 3 99 85 50 6 86 54 88 93 49 26 4 21 54 19 94 69 59 55 50 16 6 46 23 63 78 82 47 8 59 91 4 80 44 50 94 39 54 95 34 50 96 82 28 43 55 41 70 80 64 66 37 70 91 71 83 73 93 77 96 64 45 61 15 42 18 43 82 8
92 84 3 29 2 88 53 88 18 10 64 98 77 27 97 39 88 9 53 85 81 93 63 63 40 80 45 97 64 7 48 59 17 0 88 16 6 34 0 76 77 80 39 39 79 88 62 90 28 62 87 53 34 71 60 82 92 98 6 46 13 56 10 34 89 9 2 80 91 61 10 1 84 81 56 1 18 69 26 17 61 82 62 36 19 83 0 28 0 87 11 23 54 36 31 81 72 51 93 68
55 80 11 6 85 64 92 16 97 34 14 58 45 77 3 95 66 62 73 23 7 95 9 52 29 7 0 93 40 58 78 15 15 12 9 70 23 70 80 23 78 95 80 52 50 37 37 24 86 58 54 12 15 30 39 33 53 57 39 73 98 91 7 87 34 54 1 33 69 29 83 59 17 26 29 10 99 84 59 5 3 16 23 91 27 71 8 49 59 40 45 16 25 3 51 48 66 76 15 38
75 74 81 87 15 21 58 17 26 51 40 81 24 84 22 63 13 97 0 1 67 31 38 26 55 31 8 49 38 33 78 95 53 94 93 38 7 62 34 55 59 81 44 64 21 36 33 22 2 45 5 72 77 18 52 53 67 6 47 46 50 12 0 82 78 0 20 89 65 20 85 55 37 56 83 63 50 36 77 60 0 99 74 4 91 9 41 54 13 98 65 36 97 96 96 61 20 19 9 52
33 76 24 74 36 46 87 33 86 11 45 93 29 87 2 12 57 73 14 82 62 75 76 28 23 58 20 20 96 19 51 5 81 71 95 90 37 90 6 57 85 58 48 24 94 26 31 21 40 93 91 98 76 93 22 32 97 76 35 44 48 51 98 30 89 82 43 30 7 93 33 51 79 73 94 19 75 70 80 17 11 61 91 8 7 15 10 72 13 78 97 8 48 21 2 93 55 16 9 21
11 56 55 84 80 8 95 18 45 99 3 41 76 81 36 29 17 41 74 32 15 9 75 98 29 83 89 36 23 37 56 64 48 24 24 43 28 49 87 60 9 25 70 93 11 13 88 70 28 83 61 15 51 22 91 51 35 65 47 99 45 11 11 32 7 68 60 99 47 19 91 49 71 23 70 66 38 26 6 51 96 45 43 41 45 95 81 26 4 6 49 70 63 85 35 1 59 82 73 21
37 12 81 24 28 92 43 10 17 90 31 38 8 42 57 57 0 75 87 98 68 34 91 54 11 79 26 93 61 12 14 97 85 44 97 75 81 38 34 10 66 85 94 6 1 38 60 81 24 43 73 77 87 59 64 72 51 16 31 56 94 5 48 90 7 37 63 67 85 77 76 2 8 36 48 25 14 11 24 65 80 10 63 51 98 90 44 83 32 65 1 61 25 91 52 15 9 17 44 3
5 76 95 5 36 76 32 74 63 40 41 89 63 30 9 55 97 85 13 28 67 17 55 31 88 79 44 44 73 52 24 0 18 2 38 76 10 30 46 81 30 21 64 74 0 44 76 65 42 21 99 5 44 86 81 86 98 85 27 35 77 1 6 97 22 11 33 3 79 27 70 80 94 5 65 26 74 49 63 18 81 86 48 67 56 27 54 23 84 88 66 79 26 95 41 89 79 56 66 8
22 39 89 2 76 65 28 95 81 88 37 53 11 2 12 38 62 88 86 13 52 99 87 87 21 43 81 79 86 15 86 82 19 35 55 91 11 80 53 74 98 68 2 83 48 70 73 68 62 85 93 27 65 72 3 86 43 60 55 62 61 55 41 49 45 74 74 33 45 55 99 11 90 2 88 88 40 40 80 0 11 96 93 86 60 21 59 53 71 25 71 30 60 9 26 45 92 11 7 27
63 55 44 47 33 78 64 31 92 9 22 66 49 89 28 36 78 78 10 64 16 57 46 6 24 88 69 32 10 38 13 66 29 73 70 85 64 48 82 6 17 36 17 13 54 68 9 49 26 69 19 71 88 23 56 97 37 14 36 26 81 41 99 57 63 16 77 83 61 49 37 5 22 93 35 48 33 48 89 47 63 12 83 13 80 63 14 77 27 75 60 67 8 85 9 50 41 23 19 64
40 42 61 11 6 30 35 9 19 51 55 51 11 50 79 35 87 51 74 94 73 10 94 92 41 32 32 8 12 99 65 60 81 83 36 17 92 77 39 62 10 32 54 61 85 94 40 47 39 71 56 99 54 17 0 52 15 69 35 89 52 86 89 77 82 9 33 74 80 59 21 26 25 27 38 49 61 10 55 0 68 23 0 5 12 84 44 45 26 73 20 63 31 44 77 88 31 64 82 52
27 43 25 17 84 26 32 90 55 10 95 90 96 52 44 66 43 51 36 73 21 98 11 47 14 73 68 44 10 34 53 42 48 8 12 20 17 74 34 10 37 88 56 86 45 1 23 88 16 87 79 28 21 82 60 68 84 47 13 19 19 16 80 67 50 43 24 88 95 89 34 59 65 65 41 82 81 97 3 51 13 3 52 4 61 87 82 51 88 78 63 74 27 15 96 35 82 65 80 62
87 15 62 14 44 70 53 79 73 49 26 77 94 82 17 27 66 59 14 32 11 11 82 48 51 54 98 99 15 62 89 19 44 96 59 5 12 37 25 82 81 81 92 2 93 39 45 16 40 13 98 95 75 30 82 72 50 20 39 55 46 71 2 42 5 72 69 61 53 38 63 36 73 87 60 87 28 3 79 71 88 45 89 34 56 3 84 14 59 33 42 62 28 64 71 22 28 2 66 88
28 29 26 71 61 9 77 50 49 23 6 77 61 67 91 42 41 46 8 41 34 36 39 83 23 76 46 74 49 18 97 68 38 29 23 87 66 43 27 16 2 3 69 40 24 69 11 23 91 8 83 9 30 10 38 57 82 47 94 88 62 90 55 85 7 23 36 53 2 70 13 9 16 62 94 52 55 5 51 27 47 88 83 82 2 23 10 88 47 92 42 99 29 32 73 76 96 86 72 39
97 8 55 47 29 12 50 67 56 3 6 20 47 75 90 73 31 89 8 70 81 99 42 84 9 22 47 3 34 34 35 64 22 94 20 83 20 70 21 14 8 3 8 61 78 10 81 4 75 68 2 26 24 45 67 85 18 51 80 54 82 6 26 78 64 87 75 53 82 86 23 36 33 17 78 25 43 77 38 4 42 78 48 79 69 47 27 56 9 98 56 71 13 60 69 67 7 0 63 64
10 9 24 41 91 13 10 34 67 16 86 19 97 38 76 46 67 28 16 34 80 24 35 97 30 3 58 74 49 53 5 98 19 62 6 92 1 30 83 19 12 62 58 58 81 40 7 54 58 14 74 36 7 4 73 54 94 39 32 62 39 53 29 41 85 53 44 18 84 11 95 15 28 11 76 52 66 33 89 89 22 54 86 83 98 64 71 37 88 52 75 82 40 0 22 44 13 10 10 43
33 64 16 65 28 6 65 53 30 49 65 60 59 68 95 43 79 67 43 48 2 0 40 85 21 15 6 98 25 35 6 47 8 51 77 63 82 54 92 40 59 38 64 96 93 11 50 7 99 2 13 38 42 47 98 45 65 97 42 49 81 89 19 56 55 96 78 13 41 65 27 71 69 41 11 63 3 78 71 85 63 11 40 88 67 14 11 14 11 99 58 20 15 0 99 44 52 22 20 20
85 14 27 37 62 79 73 8 75 13 41 26 88 38 57 5 46 54 36 0 16 39 0 74 7 96 68 72 75 13 64 1 96 32 50 62 99 69 20 31 79 66 26 65 87 3 48 48 47 53 43 70 45 23 8 93 72 62 49 44 0 99 16 22 55 18 93 14 0 72 15 72 78 54 20 0 72 99 43 83 47 61 70 79 82 5 24 85 78 23 20 97 12 65 35 62 66 83 51 48
72 53 33 37 53 62 9 81 92 14 39 48 63 38 92 21 69 61 13 13 82 53 99 5 60 92 65 0 2 8 7 69 60 79 94 39 59 61 66 40 88 85 44 63 18 34 25 10 70 3 19 56 5 7 45 15 21 15 97 25 81 38 41 25 21 34 34 65 2 55 69 31 70 67 51 51 21 93 48 84 62 97 42 84 16 79 90 8 94 7 51 79 57 93 68 22 25 62 93 72
46 48 44 8 32 31 32 87 82 71 53 27 42 30 40 70 55 85 97 84 24 96 83 15 53 9 99 65 83 32 29 7 39 45 34 16 80 91 63 73 44 0 19 30 70 80 56 21 68 71 36 66 42 93 22 88 98 3 30 24 97 33 58 48 69 67 90 19 90 51 65 43 43 52 10 64 33 24 72 28 79 46 93 43 39 62 26 63 7 57 52 22 34 91 22 74 42 0 91 42
88 77 79 81 97 51 1 86 30 72 85 57 78 40 2 22 55 97 67 57 77 39 88 56 29 9 74 60 88 63 86 47 60 98 61 77 12 92 30 65 88 14 9 46 39 86 94 16 4 42 39 1 8 38 53 33 10 39 97 93 85 6 62 25 85 27 2 99 19 0 65 38 0 8 4 43 61 30 85 53 16 18 94 26 52 31 47 37 50 66 41 19 19 28 38 24 86 13 76 93
35 99 10 86 87 77 29 59 35 59 77 10 9 92 96 74 87 67 60 21 42 36 91 12 59 22 82 93 22 10 11 9 47 19 27 36 87 45 17 52 36 68 89 74 78 59 9 41 12 87 10 21 97 90 55 63 64 49 56 50 83 80 84 52 24 22 83 95 70 87 78 30 37 32 17 23 22 51 5 35 73 61 10 99 77 33 78 4 9 31 80 87 35 13 44 56 49 49 30 94
74 14 29 83 54 21 6 41 84 79 95 64 7 49 49 6 39 30 84 51 41 69 30 87 66 79 55 84 82 5 98 77 70 73 42 43 9 34 65 47 20 89 91 53 18 97 5 74 13 19 41 70 56 95 52 70 75 98 71 52 46 52 24 95 49 78 27 62 24 49 91 57 97 51 87 73 74 44 84 33 6 55 48 75 6 34 9 69 76 40 30 81 34 43 97 39 38 67 28 18
38 16 26 67 11 66 69 14 28 65 81 48 23 77 55 42 26 7 45 24 33 49 76 73 45 67 39 94 34 80 57 47 46 55 41 67 31 8 51 63 68 36 65 90 21 2 96 56 87 48 81 4 14 92 4 9 49 32 96 11 72 62 41 2 66 98 36 69 70 81 29 25 88 21 93 23 84 38 62 82 79 47 31 55 73 31 33 72 66 62 69 20 10 97 4 31 34 40 76 71
77 3 67 54 87 85 45 19 23 32 84 54 11 25 46 74 60 23 1 4 79 24 59 49 46 61 65 83 13 25 42 39 60 25 6 19 92 38 90 2 4 33 52 95 40 29 85 0 53 40 85 74 68 85 45 82 50 98 68 43 45 56 14 19 30 58 98 90 3 94 64 12 98 84 53 63 28 47 2 41 12 25 50 81 75 80 80 38 36 32 36 85 7 21 76 69 67 38 65 53
71 62 93 95 54 44 38 20 20 60 68 22 62 57 20 81 81 21 16 69 42 90 45 55 11 60 49 21 19 15 79 44 88 63 21 20 6 25 9 23 46 9 14 51 4 56 71 33 23 21 57 96 51 62 27 77 14 39 41 60 20 59 75 16 20 63 76 19 92 62 37 43 52 92 98 22 41 1 54 78 29 43 27 55 22 77 0 82 63 65 32 43 35 98 84 21 43 45 56 53
9 6 99 14 53 80 99 34 40 84 42 36 72 83 75 79 58 10 18 70 61 16 80 23 28 79 89 29 27 91 40 4 91 37 46 96 13 71 34 37 13 81 3 33 63 64 96 0 96 9 51 85 60 97 47 17 58 55 13 61 26 99 27 86 2 13 89 69 48 51 3 8 22 48 89 51 57 71 80 79 14 56 82 26 72 26 59 84 0 95 23 53 4 23 94 94 71 31 20 58
56 97 52 43 13 51 66 2 88 93 91 56 76 38 42 77 18 42 87 39 87 20 66 42 81 38 87 60 37 22 45 68 69 91 74 83 75 7 54 29 31 10 60 32 89 60 57 60 89 35 48 85 80 64 29 84 8 25 31 51 26 70 53 62 36 70 22 60 16 63 1 31 88 85 13 69 0 70 27 22 39 5 38 75 64 60 21 83 63 89 66 83 52 51 6 47 22 96 50 67
77 92 78 12 94 99 21 19 0 13 28 38 4 49 90 92 69 54 82 63 75 97 10 59 47 2 52 97 40 49 86 55 61 18 3 59 57 97 69 79 67 16 41 43 37 61 52 63 9 34 14 47 71 42 45 38 3 14 68 97 5 49 25 60 89 63 81 37 16 65 65 69 32 88 3 87 84 72 90 92 59 99 47 77 48 32 29 25 57 45 20 10 12 1 41 44 84 22 82 22
27 37 53 31 61 50 84 20 66 5 26 17 42 40 16 45 73 3 34 84 86 71 58 73 41 66 37 70 78 60 34 41 73 16 71 63 74 94 91 94 3 59 85 99 55 52 70 62 2 63 6 83 35 43 29 11 85 57 10 96 44 37 44 56 97 25 21 68 80 58 96 98 51 13 82 28 12 71 9 39 33 50 54 58 70 87 14 89 4 55 43 3 52 55 44 59 66 90 71 35
42 33 84 11 69 64 25 59 10 35 43 5 74 24 58 0 47 17 0 74 6 62 24 35 52 34 64 0 56 36 74 42 64 92 37 86 13 84 45 70 29 70 70 43 43 82 12 77 23 79 63 30 48 65 93 77 82 8 26 34 58 15 26 81 8 47 29 56 49 1 53 49 47 99 91 50 90 96 78 73 72 19 85 40 67 33 2 46 98 49 68 99 19 60 32 14 25 25 62 63
98 5 18 1 88 80 42 28 47 77 80 48 41 74 96 48 33 40 16 18 33 17 86 14 96 58 11 52 28 77 11 18 0 89 78 84 90 68 50 97 97 64 11 37 28 88 38 24 29 6 24 72 78 33 10 7 48 54 14 56 73 2 5 80 7 96 64 67 99 99 18 28 73 40 72 61 76 58 53 67 55 73 90 66 91 74 97 59 40 78 83 68 74 10 29 61 98 10 60 17
91 1 37 10 83 68 35 69 5 98 0 14 56 95 14 27 27 4 51 89 84 94 15 58 44 93 50 61 22 63 82 5 15 31 16 36 57 60 26 2 61 33 94 89 75 60 27 79 95 16 75 43 94 80 69 13 55 37 73 23 64 64 82 44 61 37 39 16 16 60 40 86 92 16 72 74 35 39 14 88 41 7 35 28 76 28 86 28 29 48 14 12 35 59 84 46 59 43 56 13
75 63 77 47 46 67 81 95 43 51 47 33 57 78 63 56 33 70 39 43 50 6 6 24 91 15 32 7 95 57 84 10 62 51 3 52 1 49 96 51 14 62 65 6 9 58 70 23 5 30 9 93 3 49 24 17 74 28 77 18 55 13 43 91 68 61 37 73 16 49 55 47 31 4 57 29 99 49 1 8 27 3 84 87 37 72 39 66 78 52 79 97 99 27 19 58 20 70 66 80
1 5 31 74 21 21 85 6 41 4 2 96 15 52 80 9 52 62 94 47 37 62 39 50 52 88 41 70 74 12 76 56 26 41 15 93 59 39 28 92 75 22 14 33 76 41 95 50 16 51 8 38 49 34 52 56 24 61 93 0 45 13 18 37 41 40 34 61 99 61 46 92 94 74 98 94 42 80 80 58 0 94 3 58 12 55 94 75 56 34 50 29 50 64 94 77 29 32 94 69
23 89 77 79 3 48 79 91 33 5 41 17 43 75 56 17 91 53 18 82 88 67 31 54 82 99 70 43 82 14 37 18 28 67 53 46 2 29 20 91 39 82 62 53 40 40 77 1 12 56 95 30 54 90 89 26 7 18 8 24 1 90 40 3 23 54 42 76 90 90 14 72 34 28 50 57 54 45 10 74 75 77 61 30 5 4 14 16 89 21 34 78 22 42 22 44 61 19 19 37
3 21 7 93 7 67 20 42 59 43 62 16 98 20 1 65 48 22 71 99 34 74 20 93 69 17 92 18 92 58 59 7 63 75 47 98 27 5 82 22 96 82 55 73 85 11 57 18 19 31 55 67 66 99 0 83 27 50 5 36 43 44 50 19 68 42 50 38 22 33 75 11 69 41 4 43 13 62 53 40 76 75 80 71 25 87 2 96 43 1 59 33 22 95 43 34 94 49 0 26
97 52 10 55 52 80 18 79 51 46 56 27 23 67 81 75 87 37 16 64 56 25 7 89 46 69 16 37 29 79 70 4 63 24 48 85 32 24 29 22 3 12 54 33 47 26 52 54 12 20 74 60 42 67 98 70 95 87 66 60 31 26 65 53 99 53 98 92 72 64 43 57 72 12 60 5 95 37 6 96 22 71 66 95 93 72 40 0 94 75 32 29 7 63 98 8 39 81 40 34
93 87 18 95 51 65 45 40 64 38 53 50 90 97 77 31 19 35 92 54 11 37 33 35 24 46 83 17 80 19 78 62 98 35 69 78 44 34 96 73 22 30 14 80 70 24 47 21 72 62 79 75 92 48 38 30 39 30 54 11 20 96 10 75 2 79 89 11 3 38 88 81 54 13 53 57 43 55 57 78 96 69 29 18 12 79 60 54 55 26 19 3 14 36 31 94 98 31 8 20
94 83 0 23 29 48 35 72 87 62 45 62 5 90 42 24 54 36 73 74 7 67 22 19 63 63 54 73 46 63 69 30 94 19 38 98 97 44 9 69 77 99 39 97 84 31 78 5 15 36 56 65 65 13 46 42 24 22 61 18 86 75 26 73 0 27 93 27 7 65 21 16 9 42 19 14 13 26 70 71 31 98 58 98 68 68 29 90 41 35 79 48 77 63 79 22 79 22 24 64
53 70 41 82 44 53 8 12 19 36 69 71 37 67 96 70 82 36 17 17 13 76 76 69 58 32 18 41 27 90 59 33 42 73 28 59 86 69 75 54 52 65 3 57 40 58 69 44 80 87 26 34 71 74 88 77 38 20 8 74 63 42 29 84 90 27 10 93 74 15 84 78 85 3 71 88 27 26 3 28 50 62 47 65 93 37 67 88 12 57 87 46 47 0 22 77 42 40 93 52
8 47 44 42 40 89 56 38 91 62 19 65 28 91 62 17 39 5 53 93 95 44 93 94 22 3 64 96 13 4 96 9 98 10 4 86 42 8 68 49 87 12 25 59 55 46 90 82 10 30 81 30 86 55 21 27 76 43 25 77 65 62 10 56 33 34 61 26 89 9 4 92 13 25 35 23 58 12 64 64 35 71 95 95 59 69 96 7 38 19 50 76 92 92 78 44 81 43 97 66
58 40 42 69 9 21 11 47 57 87 18 24 77 26 5 62 75 26 75 52 94 21 11 43 49 17 10 42 13 94 43 42 28 26 54 23 90 89 34 98 99 4 16 62 74 82 59 45 21 3 80 69 26 38 93 42 89 41 10 27 48 48 64 87 33 51 45 90 96 4 94 42 13 80 96 10 96 90 42 68 70 25 45 11 79 95 96 77 37 14 39 96 28 50 69 21 36 82 23 61
78 74 7 88 95 91 37 64 31 71 99 75 75 86 94 60 56 3 65 56 86 12 98 3 12 50 54 66 31 10 82 81 94 13 62 63 12 67 63 28 92 38 87 53 78 12 46 27 32 49 50 75 11 52 36 23 6 37 55 88 68 13 22 66 43 32 88 9 34 22 57 92 60 49 49 89 49 36 42 92 92 0 80 27 17 28 83 36 2 9 44 64 4 56 86 46 18 62 44 4
94 94 11 32 37 85 9 45 53 6 95 54 5 37 75 34 10 70 10 46 58 56 33 69 81 0 27 34 83 99 41 7 70 26 97 37 33 52 4 65 32 10 70 15 9 13 72 13 90 30 14 12 92 79 17 95 23 52 97 22 81 74 83 34 88 60 60 55 79 4 26 99 26 37 85 84 31 36 84 53 70 98 21 14 5 26 30 91 67 26 62 97 58 49 34 51 59 63 46 69
59 0 1 60 2 51 37 12 29 77 76 28 21 30 29 42 29 58 39 27 6 39 42 85 23 36 14 1 32 75 39 1 72 76 85 0 29 0 61 45 53 3 76 34 42 15 55 4 1 38 47 87 76 26 76 24 20 46 15 44 80 79 41 32 17 49 91 12 55 44 98 9 45 33 1 41 56 60 32 67 59 44 39 83 45 85 11 53 38 54 45 36 5 7 62 56 3 44 37 63
28 10 4 11 47 24 17 88 28 0 4 20 67 9 35 98 47 42 19 33 37 99 96 21 70 57 44 53 83 42 22 43 31 70 78 76 50 76 15 81 7 32 71 60 60 85 84 48 32 44 35 89 2 3 35 56 57 43 7 89 18 63 21 44 46 49 7 0 56 69 18 38 2 82 42 4 18 32 73 78 38 76 23 82 25 15 26 55 47 70 19 43 58 62 15 63 44 54 54 30
68 15 15 40 72 85 18 28 65 33 62 70 94 3 66 2 4 82 69 65 31 32 94 54 54 59 36 32 96 28 50 77 13 46 12 21 45 98 6 30 88 32 49 93 48 40 79 83 75 48 70 59 39 36 11 0 95 89 44 71 12 27 31 38 77 19 14 75 68 40 45 16 91 99 54 62 14 40 52 54 67 68 37 61 97 49 63 93 65 78 23 63 6 31 82 61 75 52 31 91
69 45 73 13 61 18 35 31 52 14 13 99 79 59 91 89 13 72 25 11 30 48 10 61 81 70 20 20 41 77 10 14 58 55 2 10 71 4 18 9 63 74 19 60 84 67 16 34 78 40 53 42 49 40 41 16 47 77 96 25 45 28 88 25 43 29 36 13 99 38 66 98 23 97 69 48 61 64 22 48 4 44 4 60 7 67 26 26 55 72 18 52 36 45 73 55 78 77 97 41
78 34 62 65 26 20 46 92 44 69 42 74 78 79 81 29 78 91 47 19 63 64 10 0 5 10 51 19 29 24 87 33 69 28 20 25 66 58 82 7 5 89 49 88 42 20 5 24 9 25 86 54 24 83 84 71 81 4 15 74 69 94 72 88 55 92 26 63 33 43 46 84 56 97 95 72 8 19 14 83 27 59 72 51 98 31 45 78 41 86 23 2 2 21 90 26 71 70 95 70
42 94 61 15 79 21 86 13 80 27 80 81 82 11 53 40 93 66 18 76 61 9 75 23 0 88 83 79 42 48 59 13 83 7 41 31 81 67 71 23 20 47 57 33 0 5 1 46 24 4 99 16 73 45 21 27 81 84 61 98 67 40 83 22 97 76 61 76 70 65 58 86 23 2 52 14 70 72 30 84 9 50 37 30 61 46 92 36 98 92 78 96 6 0 97 9 76 32 42 96
62 37 62 30 28 38 22 13 56 76 50 96 71 53 31 36 80 30 53 85 60 0 47 8 9 66 57 4 90 11 68 63 6 95 70 25 53 44 94 8 34 68 39 95 89 84 60 68 91 83 86 34 77 38 72 79 65 20 38 27 39 46 26 12 45 59 36 4 43 3 12 65 45 59 44 53 52 44 35 33 33 96 95 1 31 35 5 76 69 79 40 74 24 87 71 18 87 5 96 12
62 66 7 61 88 26 4 96 51 91 76 94 13 22 36 23 67 12 31 26 23 9 27 35 55 38 16 84 16 34 15 73 94 49 96 40 27 35 98 35 92 94 18 75 20 59 72 39 16 85 76 81 61 64 90 32 70 30 45 60 13 66 50 94 78 55 99 81 24 93 22 22 36 16 32 90 72 56 55 1 39 8 43 1 92 51 29 88 90 10 57 92 20 65 49 80 62 27 89 4
5 29 89 25 59 18 82 5 75 48 32 7 95 30 67 69 76 18 72 18 96 59 26 84 11 78 65 86 91 16 61 91 40 88 48 31 44 87 2 15 22 16 73 60 36 83 3 30 22 67 7 40 24 33 95 98 99 11 99 88 7 87 29 40 54 66 40 77 89 92 98 49 4 64 30 57 30 89 29 51 7 98 43 21 97 34 90 66 65 20 72 76 85 32 47 35 67 54 68 0
53 63 74 8 56 31 13 91 0 3 85 12 30 67 2 40 74 97 57 43 11 37 14 83 91 31 55 51 47 23 97 19 14 97 87 13 18 25 0 92 98 69 31 12 77 78 24 78 23 13 32 66 41 9 82 24 62 14 52 76 0 16 80 33 58 87 22 94 32 77 66 83 99 6 27 16 27 0 11 37 27 66 25 55 63 72 6 77 15 67 88 63 81 83 4 54 93 77 95 91
55 28 38 65 18 21 44 9 69 1 82 78 5 5 42 29 20 46 55 70 75 52 89 3 25 27 69 59 89 41 84 87 2 31 74 28 58 45 1 89 49 14 65 86 66 31 18 50 40 56 32 12 39 60 3 28 10 86 84 67 37 90 75 65 13 93 75 84 77 93 16 76 49 30 6 65 84 21 87 93 20 76 88 33 51 76 68 34 45 29 91 42 44 99 45 89 42 24 7 28
84 51 98 53 80 4 6 48 99 62 68 37 28 99 70 61 14 87 13 29 72 86 17 23 39 63 61 10 76 25 62 18 59 84 48 28 3 3 86 43 42 28 84 87 30 36 86 17 22 0 74 15 11 0 44 77 18 78 11 97 75 94 37 91 96 77 1 17 83 65 67 95 86 62 99 17 48 31 99 35 12 91 45 80 13 0 16 76 2 44 51 96 42 60 41 92 75 92 78 63
56 88 91 77 23 3 83 38 35 11 44 12 53 80 45 28 49 8 52 99 29 96 88 6 7 40 22 39 53 57 70 69 30 47 48 9 67 21 4 91 81 55 74 80 48 29 17 30 20 62 8 66 66 56 79 92 52 22 28 1 88 75 52 65 6 32 47 96 71 87 41 69 43 87 24 1 69 66 49 94 89 68 40 83 46 17 60 10 47 73 81 13 82 60 11 90 27 10 96 94
91 67 25 59 97 1 7 88 14 32 19 69 46 78 10 26 36 47 99 69 19 74 89 5 46 98 8 9 49 18 17 99 50 35 3 10 17 2 31 56 86 57 67 70 90 92 10 45 19 14 70 7 41 74 72 68 4 35 60 49 43 73 81 67 46 20 29 28 81 79 44 92 5 54 88 28 40 80 9 87 13 47 60 2 51 75 19 33 4 87 51 62 10 14 74 53 74 70 79 94
98 0 97 49 35 50 62 61 72 40 27 52 6 13 93 0 95 41 70 84 66 75 62 11 38 67 77 74 82 46 89 9 65 32 42 75 46 26 88 82 75 73 37 74 19 21 85 74 88 27 20 91 55 87 33 86 68 31 85 2 39 38 22 62 40 87 51 51 93 97 66 17 42 81 88 19 99 53 18 3 10 44 48 67 67 63 46 38 94 94 38 81 44 10 58 24 53 91 51 70
22 8 87 57 75 96 53 17 26 19 48 81 21 34 77 59 60 7 30 43 86 73 87 65 46 61 7 68 30 80 4 33 8 57 55 35 24 35 6 13 57 36 25 43 3 83 50 51 86 25 2 91 38 74 77 87 98 27 51 11 50 23 88 67 6 44 36 26 44 70 18 48 85 31 53 30 26 51 40 0 73 82 19 97 39 88 62 44 32 89 8 83 23 62 24 76 34 47 26 70
83 35 85 59 31 77 62 62 40 33 75 0 10 89 65 38 74 0 42 21 59 19 21 21 92 89 15 10 84 16 47 22 92 52 75 9 53 41 13 48 91 39 99 58 72 17 58 17 42 29 22 23 97 50 76 92 66 36 14 66 50 0 74 29 58 78 1 41 90 66 25 19 62 4 50 14 62 30 86 50 9 92 99 47 20 64 39 28 70 97 20 5 87 93 72 30 67 90 26 53
21 78 27 81 41 19 65 64 84 48 64 80 77 97 79 72 35 12 20 4 28 75 93 4 94 12 74 79 88 76 78 4 55 12 35 99 12 90 12 30 32 31 16 11 84 50 5 69 80 53 68 26 62 51 96 22 19 89 77 99 81 73 10 44 44 71 58 0 71 22 44 38 15 92 90 75 24 2 29 51 56 25 81 52 27 80 69 4 92 99 58 51 38 10 66 61 21 1 18 9
68 24 82 29 0 31 82 17 98 6 89 31 71 37 47 36 60 9 14 97 82 10 27 41 38 89 84 65 66 1 11 1 71 46 19 93 79 98 3 7 84 12 28 16 20 84 11 96 61 28 21 1 81 51 91 40 33 85 20 91 90 48 79 85 64 31 49 32 68 78 61 79 39 78 28 21 87 89 64 9 97 34 5 36 7 16 57 36 61 72 97 22 53 55 13 11 55 6 25 38
