100 100
9 48 37 20 65 34 51 28 77 7 10 58 35 35 94 13 33 65 9 33 11 9 19 47 95 33 14 59 22 23 2 54 76 1 3 48 59 20 1 62 61 53 41 30 28 0 6 18 98 87 2 70 8 53 54 57 75 3 6 66 52 7 18 17 19 16 0 90 9 90 10 65 13 12 10 96 64 7 31 83 39 59 37 7 12 74 60 36 77 30 94 56 27 79 85 95 23 18 86 53
79 40 0 24 18 29 86 83 15 97 24 31 82 92 64 75 15 53 18 37 99 31 75 89 72 42 9 29 16 74 98 12 73 8 44 98 28 0 90 62 71 0 30 71 68 54 8 35 76 37 35 85 35 66 98 52 12 91 64 75 24 71 52 85 4 80 24 70 24 11 3 74 13 91 42 12 29 55 83 63 6 60 9 42 55 85 80 5 53 80 58 28 57 21 69 34 78 22 3 29
12 90 92 93 1 81 85 99 84 61 27 67 61 83 20 1 3 92 53 58 92 27 35 76 23 81 21 98 7 34 31 78 36 96 71 11 99 24 25 79 61 35 67 30 69 63 45 8 33 50 32 61 46 34 90 71 58 10 8 46 52 27 71 63 21 21 76 45 19 56 0 84 46 2 1 73 87 43 97 0 58 91 3 34 14 34 20 29 90 44 58 49 80 31 51 33 38 27 75 75
88 54 82 47 54 33 15 46 69 72 89 80 30 70 47 6 51 70 94 58 22 97 48 91 59 24 45 17 98 3 96 0 46 23 60 40 29 66 17 47 72 46 27 6 48 31 79 91 84 87 47 8 44 88 57 93 66 86 69 33 67 47 85 25 62 6 48 31 66 41 97 59 79 75 22 14 82 4 19 88 37 61 4 42 68 94 35 66 29 80 14 18 8 74 82 69 82 24 18 81
57 64 21 16 52 74 34 58 28 22 82 96 95 45 25 41 86 24 11 91 88 55 96 88 47 51 34 0 96 29 59 47 68 0 32 96 6 84 29 81 88 73 99 65 78 41 75 27 58 24 7 21 84 77 35 12 63 51 16 95 35 0 64 27 31 80 96 36 13 11 79 10 76 64 59 70 55 3 24 12 22 0 97 10 73 85 55 27 9 41 95 23 89 45 32 16 72 49 61 70
23 95 70 71 42 20 75 2 74 56 63 75 28 72 74 67 64 68 13 61 49 84 8 55 50 43 9 1 54 23 42 99 20 2 42 38 31 4 81 96 17 47 54 60 97 52 52 31 84 71 52 98 27 76 64 0 88 3 42 68 55 82 33 78 93 39 60 95 59 60 47 75 86 18 0 4 10 41 91 78 61 27 77 52 57 5 78 64 37 49 63 41 62 82 48 34 41 0 96 39
18 87 24 22 5 4 42 85 17 60 47 47 46 7 59 75 41 29 28 31 22 34 1 44 94 97 77 8 98 32 50 88 4 32 9 78 59 58 77 97 70 1 44 93 42 5 61 93 10 88 33 78 98 73 10 93 50 80 77 15 81 25 86 36 73 10 42 62 43 97 10 51 84 2 74 68 76 39 90 56 87 36 57 5 24 4 35 0 86 54 82 41 70 32 1 12 19 53 22 21
51 79 17 1 24 48 22 20 80 82 79 24 87 97 43 97 56 77 88 21 4 24 40 56 5 12 11 82 77 75 51 98 81 99 52 91 16 1 14 25 9 18 81 70 25 52 67 7 64 64 64 10 83 21 76 54 15 93 67 61 52 73 99 35 65 12 57 33 77 49 95 38 78 19 6 15 61 43 21 68 83 92 68 10 24 61 77 21 68 67 96 61 77 42 2 88 28 83 15 6
82 85 23 72 27 54 65 80 66 5 13 23 75 7 78 68 18 37 5 23 45 11 67 60 86 26 76 78 70 63 22 81 44 4 97 2 4 14 54 71 16 31 2 90 29 60 29 66 54 30 32 25 43 21 76 94 22 83 62 64 75 80 76 70 27 37 6 90 87 70 52 83 3 46 54 40 79 18 17 92 31 54 7 27 2 86 68 76 65 83 95 35 38 71 8 5 82 93 1 44
14 52 51 33 81 20 19 13 48 98 40 20 13 15 34 35 51 79 70 39 85 32 93 37 26 26 19 34 2 47 96 89 51 52 8 16 34 2 40 48 20 31 48 28 99 1 94 49 90 71 61 10 23 8 81 19 62 62 58 47 15 31 94 78 80 59 20 86 61 73 82 45 29 44 36 32 20 98 73 78 85 78 61 96 93 43 27 3 27 21 13 29 89 69 33 13 10 6 30 60
97 34 87 48 87 76 44 51 64 27 29 82 1 24 42 10 13 7 17 81 95 96 38 29 67 21 62 2 20 57 54 55 56 9 56 54 21 11 96 94 22 12 78 38 43 36 73 9 57 39 45 41 90 78 92 67 31 69 40 39 17 7 30 39 93 84 54 50 48 39 59 72 61 63 4 30 43 61 84 69 36 84 29 7 69 28 18 55 84 8 62 3 28 15 99 15 98 59 40 70
64 44 22 34 23 96 98 64 52 8 52 72 98 68 58 19 26 78 33 47 61 83 6 87 11 56 6 27 14 33 23 80 71 11 11 35 47 69 18 12 71 15 21 30 64 92 56 23 27 54 50 18 66 31 6 55 96 3 28 90 75 15 44 89 14 68 16 16 14 47 78 71 98 39 39 27 75 53 80 97 67 23 30 57 29 67 56 16 47 31 25 49 75 51 78 81 57 41 57 25
26 90 56 64 9 80 24 88 75 89 34 98 52 69 45 1 95 77 32 29 49 45 20 57 59 88 68 76 75 45 60 47 98 69 36 44 54 15 53 72 14 49 13 31 4 89 79 77 30 51 38 32 25 39 99 85 39 52 80 16 70 91 73 71 82 7 64 44 86 71 79 93 77 89 72 50 94 19 49 81 61 32 88 92 69 71 40 51 36 59 80 71 23 25 92 76 18 35 42 39
9 17 67 62 37 92 18 74 3 79 51 80 32 92 96 88 16 73 64 75 45 45 45 74 57 88 29 46 2 93 33 35 58 76 64 55 35 15 29 43 98 52 27 31 93 37 7 10 23 74 15 64 31 29 91 84 37 2 85 3 89 32 0 88 94 75 86 11 87 56 97 80 43 76 70 39 6 29 46 90 91 61 58 16 40 90 28 68 85 79 70 73 10 64 70 45 37 6 31 45
5 54 95 96 31 73 36 25 85 41 88 54 94 57 12 53 42 79 40 8 28 61 26 74 23 18 19 5 12 22 25 98 60 4 72 7 39 95 96 29 52 32 62 98 51 22 98 73 0 49 94 42 64 79 94 27 87 33 83 15 24 51 79 0 54 7 68 83 13 98 5 37 25 51 71 98 6 91 19 38 60 16 66 17 62 39 92 93 57 73 97 82 64 43 88 68 30 40 60 21
71 40 97 28 27 60 45 30 51 18 61 76 66 39 99 75 77 31 29 38 7 63 54 18 30 33 37 23 96 47 29 38 42 5 11 50 22 88 15 29 55 67 21 12 3 30 87 66 95 71 31 18 82 55 95 99 80 34 46 35 81 64 52 99 15 52 32 21 75 9 10 64 33 7 59 27 66 86 72 80 6 55 10 94 63 19 19 63 9 56 36 91 14 65 24 56 25 88 63 55
36 39 81 44 34 48 76 37 45 48 81 3 95 50 38 68 72 52 19 21 47 49 15 88 28 27 96 29 64 66 25 7 53 69 54 43 51 94 18 0 47 80 83 10 64 1 61 46 91 23 47 1 86 65 96 53 91 31 43 97 5 10 73 55 5 12 3 56 64 23 99 50 37 83 64 64 74 73 32 25 10 34 96 8 32 58 34 89 55 79 65 20 66 63 47 95 62 78 46 76
99 91 57 48 1 24 34 60 19 4 69 8 3 7 16 24 81 94 94 38 39 41 94 90 87 58 39 68 72 84 72 98 19 61 32 68 43 92 62 80 15 99 39 37 19 5 51 13 17 98 41 80 33 25 45 98 43 21 92 12 71 71 93 44 39 61 66 1 95 88 26 74 24 35 65 61 13 63 95 71 42 19 51 52 25 74 82 35 70 92 20 33 17 61 12 23 60 61 31 87
64 26 98 77 99 1 64 21 86 60 87 85 23 25 56 87 57 81 9 12 26 73 54 8 50 34 28 1 34 79 84 74 96 68 44 40 48 56 0 60 65 1 16 29 71 17 5 89 1 42 91 7 71 2 16 8 79 27 58 10 54 9 38 92 68 83 63 86 35 18 74 67 95 36 63 76 39 71 55 20 66 21 95 38 78 54 9 51 93 62 83 75 68 80 75 67 3 30 33 0
97 73 25 32 63 98 59 40 51 10 89 26 28 47 58 58 58 60 46 76 91 97 31 67 12 29 61 50 15 63 99 37 88 11 73 39 50 65 72 42 51 93 50 76 79 35 82 81 24 60 90 40 50 4 68 78 80 13 9 70 72 69 74 53 49 88 68 79 97 53 23 99 78 29 12 33 11 30 52 22 72 72 27 49 3 71 25 30 9 35 51 22 89 20 73 69 5 12 82 83
8 26 18 43 69 26 66 46 17 79 75 78 83 96 63 2 54 25 48 0 92 98 41 66 45 61 66 53 80 53 13 88 71 40 12 59 83 56 35 71 22 27 53 16 62 32 47 69 12 88 74 74 17 88 83 63 24 15 59 30 45 79 17 24 4 2 95 53 54 43 19 14 34 32 75 2 89 33 13 94 49 51 25 22 32 74 84 31 81 16 1 16 88 21 75 26 32 62 6 38
66 85 52 99 28 20 31 44 6 76 52 14 90 78 39 7 31 44 31 25 33 69 14 80 7 51 65 72 81 27 66 56 52 97 97 63 45 45 62 65 23 60 13 12 18 28 13 9 69 54 93 43 78 31 46 25 29 3 83 47 1 1 43 15 21 74 61 74 23 92 22 0 47 33 16 96 12 15 81 80 99 12 48 58 34 18 55 97 57 99 65 27 15 46 39 54 12 85 34 75
52 95 74 19 43 35 7 91 9 73 14 21 36 80 39 78 7 42 14 26 38 19 55 95 94 75 98 39 65 92 53 56 52 80 6 73 13 79 23 70 86 70 42 87 47 5 44 18 81 64 41 77 58 79 84 77 48 63 47 70 25 92 91 40 77 40 79 64 7 42 89 4 70 26 3 14 61 74 88 19 37 80 51 40 62 50 78 6 57 88 56 29 66 82 78 10 42 27 88 46
52 92 44 34 76 67 21 70 11 92 63 67 92 27 45 38 97 86 96 8 11 96 25 45 44 53 34 50 83 73 61 45 8 39 79 74 67 4 0 39 93 89 83 57 65 20 7 60 84 93 84 13 90 87 96 81 71 6 35 12 29 35 73 4 54 4 16 33 37 31 53 19 61 51 61 73 73 3 40 23 11 7 61 0 57 32 89 51 17 97 8 11 9 69 93 59 93 18 0 69
23 56 49 52 33 70 14 94 42 39 19 55 54 13 28 48 79 10 65 64 34 1 41 46 84 19 46 33 84 50 20 60 38 46 87 79 34 27 87 22 52 12 71 5 20 74 1 36 83 74 14 85 11 7 23 41 95 45 15 58 1 51 59 9 35 12 98 13 58 97 6 45 2 65 83 76 18 97 69 44 20 41 61 30 45 34 13 15 46 61 50 25 10 30 59 63 91 5 66 49
56 78 57 12 3 54 33 86 51 16 80 1 66 3 10 79 45 72 25 76 8 10 16 51 83 49 24 69 13 42 78 87 53 46 88 44 92 32 42 54 41 6 46 40 47 68 4 15 56 51 46 38 47 60 61 81 26 52 35 44 81 63 1 89 78 34 36 62 76 59 56 6 69 16 81 89 84 24 6 96 13 35 76 69 76 20 8 7 37 10 1 81 0 2 78 54 36 38 78 45
96 33 53 11 43 31 56 83 66 28 19 40 13 35 91 56 38 89 73 16 87 94 27 67 92 93 53 22 94 46 12 11 23 47 74 41 0 58 85 1 48 21 19 43 18 53 34 99 8 26 7 59 30 76 14 38 4 94 24 5 91 93 57 25 68 73 74 54 19 39 33 31 76 66 15 17 80 53 32 32 22 45 68 56 31 51 74 54 39 38 10 35 80 41 79 26 30 72 8 7
68 86 49 54 30 13 40 62 94 48 31 67 31 35 9 8 29 85 82 97 24 13 59 49 89 84 48 88 57 23 35 86 72 37 26 58 2 86 60 50 69 17 66 61 79 5 0 49 12 91 44 97 89 61 64 85 13 76 11 98 41 82 47 66 13 52 83 78 89 1 10 45 37 55 48 8 11 56 70 21 30 23 97 82 81 5 19 15 23 89 97 67 33 69 24 2 41 16 76 55
20 3 60 40 69 30 80 64 96 75 72 64 24 6 23 54 97 3 89 99 6 89 42 55 88 70 18 27 27 76 29 26 1 30 96 28 34 84 97 85 86 57 82 43 84 79 2 87 44 19 12 57 30 45 46 30 23 73 57 98 27 6 95 34 88 0 37 87 72 43 29 99 92 47 11 93 33 70 83 54 27 32 22 80 31 55 44 54 20 25 72 48 78 90 40 69 85 32 70 0
91 65 95 98 90 17 53 92 28 96 73 77 58 57 98 54 26 2 15 80 31 17 61 74 22 33 47 30 70 77 10 93 1 5 14 60 48 52 50 57 2 86 66 3 88 99 38 11 51 35 4 93 29 89 58 42 41 99 55 8 36 88 90 2 59 7 47 86 84 80 85 66 10 27 88 98 73 30 62 14 26 73 79 59 69 65 51 30 38 69 18 6 70 5 69 64 44 21 62 79
38 10 3 7 21 41 63 82 54 90 30 53 44 33 5 11 81 8 2 78 22 30 83 70 47 74 73 33 63 47 21 29 84 7 51 46 17 84 15 71 72 13 98 79 80 88 47 51 86 7 10 78 34 85 4 56 55 82 54 18 72 1 0 35 53 85 47 28 34 63 87 57 98 79 86 54 35 46 0 88 40 83 85 83 89 88 74 14 41 21 79 52 31 7 25 50 88 29 74 97
8 95 86 3 98 92 82 28 96 53 38 86 96 21 62 40 46 5 83 5 85 82 37 82 76 15 38 49 28 39 96 42 68 69 55 74 16 80 66 46 24 22 93 54 1 28 22 50 1 3 2 35 98 62 83 82 23 43 89 22 5 2 4 73 35 55 72 83 85 24 57 76 70 92 60 43 6 19 55 53 12 59 94 17 42 11 94 98 91 44 45 95 76 85 82 13 61 21 66 68
60 4 86 56 11 5 18 87 13 20 37 37 35 93 42 64 82 89 59 10 56 0 39 70 80 57 99 23 78 82 67 92 82 84 1 82 14 12 89 52 40 5 38 71 1 36 15 95 55 60 88 26 24 37 26 97 12 37 30 46 89 76 77 66 61 7 86 2 26 98 13 21 12 52 48 69 10 8 47 77 72 3 53 96 35 67 79 69 29 58 98 85 68 64 63 2 85 25 14 51
84 46 48 99 77 25 38 68 46 36 45 84 34 55 45 50 84 59 1 36 81 67 40 93 97 46 83 86 59 47 19 99 57 8 2 44 47 86 37 45 25 87 27 89 87 71 65 69 79 27 66 55 60 47 5 0 18 18 28 79 62 22 94 34 7 14 82 25 67 23 39 44 64 28 76 74 91 16 33 73 9 50 83 52 87 58 64 57 21 42 95 43 34 36 21 62 78 2 73 3
6 10 33 40 76 13 28 67 17 77 25 36 52 13 89 22 5 8 62 8 49 43 83 89 85 36 12 36 11 71 39 36 69 90 59 23 90 95 76 7 73 3 38 28 94 74 59 44 21 52 81 91 26 35 16 54 30 91 93 10 79 62 52 11 47 84 89 6 93 61 8 27 49 72 71 82 87 57 49 28 48 10 33 54 20 68 85 99 52 58 94 16 53 62 45 0 74 21 30 61
3 94 63 74 89 75 45 81 18 70 62 81 91 11 79 7 23 3 24 36 85 91 79 68 90 35 87 42 26 0 59 77 61 57 17 38 94 34 30 75 18 48 34 0 49 67 74 89 56 10 0 78 22 65 94 89 45 76 86 52 33 68 75 47 54 6 88 22 39 40 15 26 77 14 54 95 46 64 31 72 5 90 43 13 57 28 42 69 13 90 20 44 24 31 80 73 55 25 74 26
21 17 92 67 6 81 0 30 80 86 19 76 75 26 83 6 39 76 80 34 86 97 85 98 89 88 86 5 96 89 9 58 37 10 64 98 5 62 5 92 8 61 75 20 74 54 27 20 59 59 45 59 48 65 73 34 76 87 44 99 62 47 47 77 77 2 89 99 67 15 47 86 46 26 54 91 17 64 55 71 60 2 4 91 84 60 76 20 1 5 2 1 9 34 71 49 47 51 37 70
7 10 65 53 98 29 90 46 64 22 38 1 76 61 27 1 22 27 16 4 97 64 82 54 12 10 27 41 21 55 78 2 4 20 98 12 15 45 95 27 72 19 85 77 86 99 87 68 91 99 90 72 73 55 88 40 32 15 83 27 7 40 92 59 86 42 49 34 66 23 75 15 77 45 18 18 4 85 82 76 17 21 54 25 13 2 37 30 9 62 12 33 50 77 11 3 27 35 76 30
49 57 69 97 6 85 63 44 87 23 90 45 27 8 24 91 85 41 13 76 86 42 99 91 54 16 75 27 72 90 10 74 15 80 26 64 4 47 75 50 71 4 36 86 98 24 1 50 89 34 47 16 51 65 79 37 28 58 22 26 89 19 87 44 28 85 89 36 94 7 82 11 31 82 99 74 9 86 27 97 18 92 26 10 8 17 92 13 59 34 98 85 47 78 21 94 35 70 18 4
57 84 57 99 68 75 28 57 40 97 59 16 53 42 20 0 68 48 67 11 12 30 96 96 12 4 90 45 81 10 33 6 43 36 13 41 15 90 98 83 79 95 73 94 81 6 39 94 74 84 34 36 50 16 17 98 77 84 51 4 27 52 79 22 97 90 28 90 77 81 83 47 60 41 94 47 31 9 13 76 42 60 53 88 84 20 55 42 12 48 81 10 13 32 23 98 23 82 86 25
88 19 52 80 31 13 43 79 45 12 99 38 31 85 76 81 42 8 11 84 38 87 42 1 31 26 68 89 61 36 52 78 98 95 97 42 40 48 19 59 68 71 9 44 39 23 29 78 74 4 31 99 30 92 71 9 33 15 2 36 95 63 66 81 83 51 80 56 44 85 0 36 64 19 70 8 22 10 22 52 66 28 62 22 43 23 92 78 58 85 58 58 89 81 66 47 79 26 9 62
57 54 68 61 60 73 98 12 38 85 82 76 93 59 46 13 60 5 60 7 84 44 14 79 38 66 33 61 44 35 36 89 4 76 66 50 9 70 11 32 18 53 12 33 93 24 28 50 73 38 26 22 12 70 7 69 56 25 61 15 42 73 82 66 14 94 74 60 83 20 52 3 57 73 74 58 59 16 92 43 78 46 21 66 67 79 80 24 77 93 58 52 54 37 86 45 34 28 7 0
92 94 52 1 40 64 97 95 68 26 26 74 5 40 79 21 26 23 44 53 96 60 60 41 13 82 81 54 65 53 49 61 19 30 5 54 80 47 13 91 24 14 6 65 66 12 72 50 74 6 76 10 14 17 83 80 63 93 89 81 26 7 3 70 96 62 76 75 94 2 15 1 34 95 8 66 36 52 76 65 82 37 38 34 32 29 92 19 48 94 50 68 43 20 64 74 85 86 31 23
90 54 40 32 4 54 47 73 46 91 59 25 11 91 15 23 51 35 97 13 17 66 70 50 62 64 30 47 2 36 92 85 95 87 76 3 61 83 38 68 15 67 2 49 44 13 86 32 7 72 76 91 63 3 93 99 89 40 21 16 58 95 19 89 92 77 1 33 5 49 81 85 1 18 32 66 33 32 19 94 24 21 19 64 84 92 3 5 49 79 39 26 21 26 16 35 95 55 34 52
76 80 74 98 72 99 90 78 85 12 84 67 4 85 98 43 63 6 48 84 81 70 37 13 11 32 58 57 42 92 27 43 56 80 51 43 11 25 21 58 64 16 2 6 26 81 68 95 85 40 87 99 43 21 31 15 16 40 51 5 14 11 66 97 89 70 42 52 41 38 91 67 17 7 7 62 82 69 83 12 66 56 67 18 60 31 20 2 33 3 8 59 80 21 12 11 30 48 60 22
76 97 21 99 31 66 45 98 37 0 48 17 20 63 22 90 79 99 40 33 34 40 60 58 66 81 54 89 20 84 15 4 95 0 58 48 13 37 88 44 3 86 83 87 36 16 96 49 62 57 46 37 60 89 82 62 51 82 94 90 78 28 48 23 45 23 61 3 91 0 79 64 55 3 24 99 96 48 92 43 98 16 6 20 34 92 51 36 86 65 58 83 30 54 95 13 66 86 19 69
45 61 97 53 56 11 45 13 7 14 50 86 41 54 38 93 5 5 23 63 38 47 27 40 53 21 70 87 44 50 89 6 58 80 56 60 20 4 1 65 59 74 40 35 75 18 54 33 14 24 46 72 61 92 97 45 49 63 83 24 82 29 61 2 1 8 16 36 88 85 99 95 14 92 93 98 0 52 45 63 84 52 83 1 89 90 63 32 43 6 73 90 7 36 48 65 30 67 32 5
43 59 97 99 15 63 45 57 49 53 77 56 40 73 70 83 56 72 28 49 3 2 68 73 89 49 2 42 21 35 18 59 33 66 26 1 21 63 16 24 20 54 21 68 45 68 98 54 43 44 33 47 92 97 76 53 99 3 53 62 21 74 44 84 35 20 31 52 66 30 4 17 48 21 6 96 72 42 19 84 44 48 20 88 40 19 94 88 80 8 74 10 25 74 50 4 36 87 45 62
46 61 14 66 86 93 98 56 93 85 72 43 62 50 17 86 37 93 47 37 49 91 70 11 85 20 90 54 37 86 90 40 30 42 5 41 21 27 97 93 96 52 44 82 31 50 39 69 62 77 47 93 24 62 97 59 34 92 3 77 88 7 87 78 94 98 66 3 15 84 71 8 25 76 49 40 56 17 30 66 28 31 83 54 75 8 96 55 46 81 3 44 44 62 15 48 79 68 11 83
64 33 2 18 49 96 31 83 88 50 18 21 52 3 28 11 97 12 62 77 8 38 97 5 48 60 73 24 80 12 10 86 87 79 70 37 52 17 96 63 13 66 98 29 60 42 83 66 13 90 34 74 28 43 30 58 36 4 78 36 56 31 34 19 45 17 50 80 49 91 70 98 76 11 41 98 1 41 33 68 2 62 5 86 65 0 54 46 72 15 91 45 62 25 27 44 71 16 43 96
28 30 77 86 24 93 32 40 2 0 35 87 47 44 71 87 79 58 16 80 4 79 56 40 12 63 12 57 40 18 27 25 20 32 44 39 76 45 20 80 36 11 30 96 8 66 86 51 16 56 81 86 45 24 77 66 64 93 11 90 53 75 32 78 83 44 33 40 16 13 11 95 23 78 83 91 32 11 60 52 3 95 73 77 82 15 13 74 30 58 94 39 53 95 49 43 24 44 99 29
16 63 70 77 50 53 39 33 69 87 68 78 88 30 44 49 5 79 94 94 10 59 54 18 63 31 50 18 42 45 63 13 76 19 58 21 21 1 15 10 30 14 95 76 85 94 65 2 69 53 77 37 54 24 8 39 48 77 46 67 89 36 26 1 0 26 91 34 28 89 9 32 57 45 95 20 57 41 48 91 72 60 6 20 47 11 21 11 7 6 61 1 64 29 96 60 82 33 21 78
51 99 36 40 30 10 89 9 21 18 84 94 65 3 18 13 18 37 50 73 79 19 36 83 31 54 41 2 35 6 46 30 77 70 94 57 87 76 71 80 73 59 16 12 79 94 57 19 76 28 28 43 91 25 56 62 61 56 74 97 29 61 44 68 52 58 47 44 81 47 54 55 46 7 27 87 90 96 26 72 70 95 53 99 14 51 4 25 92 35 56 99 62 29 34 86 52 31 36 94
49 78 34 12 87 58 64 53 96 4 53 61 77 37 21 81 53 65 36 86 30 1 28 13 57 41 54 30 80 77 22 52 20 16 78 72 61 31 76 7 22 36 90 80 8 68 70 19 64 35 83 83 59 59 65 76 79 37 76 64 87 46 40 48 33 69 40 26 82 67 84 3 60 63 35 6 44 67 55 88 87 9 82 18 84 12 57 68 81 3 33 51 27 16 91 69 97 0 2 73
64 43 74 80 16 53 75 96 99 55 50 85 14 17 27 5 97 0 17 44 73 34 86 72 21 78 51 47 58 41 37 92 1 25 17 1 3 49 61 13 3 99 70 30 74 3 43 60 73 56 6 97 18 18 99 62 59 54 10 75 7 35 0 34 73 33 6 32 39 60 0 77 14 36 20 98 49 79 93 0 78 85 97 39 49 46 54 70 25 34 34 48 1 7 44 41 72 36 33 36
83 95 82 39 51 23 71 72 9 5 4 79 18 79 45 13 15 52 81 47 38 41 48 29 16 55 58 92 59 78 74 94 92 2 19 82 54 21 57 17 81 93 18 41 4 42 2 27 54 68 21 65 33 18 53 39 23 63 32 69 41 17 12 55 5 46 21 45 74 87 3 88 30 38 72 6 39 55 42 13 79 18 3 43 52 48 58 73 88 50 48 52 74 0 77 4 45 8 93 75
77 9 71 56 79 74 98 70 40 54 21 9 9 20 59 22 70 84 46 40 99 32 96 40 94 55 17 64 57 8 52 98 83 53 35 61 44 48 51 41 78 40 50 75 2 31 55 44 42 24 59 31 16 18 11 89 73 15 89 12 60 50 76 25 26 40 82 91 98 33 63 96 41 13 11 21 34 1 49 66 76 89 8 8 47 24 40 89 92 60 77 30 33 3 75 73 38 50 32 85
58 51 18 57 32 26 78 69 90 62 76 2 32 47 12 19 48 18 31 50 50 89 36 77 20 92 87 16 60 45 95 62 3 31 59 4 79 74 79 38 81 39 57 81 40 45 62 40 52 85 49 27 92 16 61 86 64 25 98 59 78 25 37 71 7 90 8 2 81 94 72 52 93 86 31 35 56 78 2 41 17 22 16 58 62 89 77 81 60 41 90 41 79 0 83 76 3 32 24 57
71 6 54 78 54 47 16 15 25 74 45 76 1 53 73 40 82 36 60 32 42 86 11 58 45 98 45 50 77 85 82 1 13 66 91 78 31 41 89 26 86 13 9 98 65 72 74 16 58 36 78 22 89 6 73 14 54 83 64 10 73 53 68 95 10 48 71 4 47 76 99 87 93 61 80 2 2 10 99 97 5 14 61 43 55 77 69 94 20 15 88 70 40 92 14 62 54 58 89 98
25 80 99 26 61 38 95 88 78 28 94 7 5 60 93 21 26 47 25 67 53 21 74 16 87 21 47 42 88 59 46 30 63 66 3 84 41 6 58 54 20 34 35 49 86 79 29 63 7 16 66 9 43 0 7 10 79 48 66 76 97 35 89 60 21 19 72 59 15 81 75 9 7 24 21 1 21 54 41 27 23 29 15 54 72 49 53 20 44 25 46 9 28 71 56 20 48 2 22 67
22 77 14 19 2 52 84 34 64 48 83 19 55 3 15 71 47 11 31 72 16 31 65 23 29 63 64 21 21 96 58 27 2 64 97 64 1 20 35 57 98 22 85 16 94 74 70 60 62 58 16 29 95 70 55 94 14 47 13 92 18 63 29 76 75 64 6 39 6 97 24 82 18 80 73 15 27 72 25 78 82 88 59 93 39 9 82 73 58 62 14 39 11 24 20 8 31 58 23 61
32 57 32 23 32 38 9 99 42 18 53 93 55 53 38 33 73 27 46 91 12 28 48 25 86 80 51 31 57 33 91 16 27 55 85 13 95 24 62 41 60 47 82 56 46 12 33 41 33 97 9 91 44 58 44 86 87 39 18 61 85 37 3 21 26 9 97 46 55 94 98 20 92 60 40 99 96 3 25 8 23 89 51 86 5 90 85 58 89 85 48 32 64 76 9 14 27 25 29 46
39 80 1 74 21 92 24 66 10 52 20 25 7 4 42 38 24 40 41 44 87 59 84 33 58 25 57 75 89 35 86 66 54 59 13 64 12 16 99 58 67 94 98 18 23 23 46 65 20 95 22 93 20 69 94 71 67 68 53 60 63 66 26 98 18 48 6 80 39 63 18 8 52 25 88 92 20 93 51 74 44 9 57 13 14 31 2 57 78 59 50 73 36 32 3 27 10 26 72 56
48 74 69 87 20 82 67 19 21 25 20 16 50 46 4 2 52 28 50 24 34 17 54 51 15 53 32 89 53 79 41 20 32 68 44 21 78 43 85 34 13 29 66 65 82 32 79 11 69 92 81 58 35 35 70 83 19 92 77 75 17 69 27 65 46 45 37 47 99 51 12 65 58 68 59 30 91 40 8 27 70 22 47 64 60 20 56 52 13 30 70 44 47 32 92 49 33 10 67 86
54 69 16 88 33 35 49 82 80 97 14 79 76 15 41 54 13 60 11 97 54 52 44 67 17 96 42 12 85 19 18 43 74 58 60 5 95 62 23 9 66 19 17 81 95 28 61 58 97 11 92 6 69 65 6 97 9 27 45 25 23 51 18 33 34 72 25 43 65 44 77 4 72 65 67 82 12 65 86 63 12 12 45 31 52 44 19 65 21 99 72 64 4 12 29 30 65 92 62 90
45 2 24 64 49 24 98 58 15 88 92 72 79 22 68 31 97 97 26 94 89 93 67 5 54 55 71 42 88 73 66 41 56 54 17 26 10 21 12 15 34 52 81 0 83 87 2 32 44 56 80 48 46 11 39 46 26 28 70 12 73 25 73 79 0 24 3 21 2 50 81 29 13 68 42 75 53 28 37 24 53 97 17 97 99 28 82 55 80 49 24 43 29 9 88 78 48 75 4 56
94 32 79 3 6 86 35 86 52 55 51 76 10 79 41 11 34 58 14 40 93 4 4 48 6 68 30 34 57 57 12 22 95 98 37 50 94 8 96 39 5 7 75 70 50 14 43 83 46 49 49 47 86 72 73 25 41 76 11 13 2 92 22 23 98 96 26 7 31 25 75 49 47 13 75 76 9 60 36 69 88 9 89 85 87 69 32 56 8 18 29 32 47 75 85 32 40 25 58 63
13 76 93 48 90 87 67 37 97 35 24 55 58 44 42 68 12 27 93 34 11 88 0 63 28 8 80 75 1 95 21 26 75 34 26 26 29 36 50 84 4 61 90 57 94 34 63 89 66 91 71 13 87 17 3 61 66 52 23 37 15 4 32 99 5 20 13 93 58 5 75 83 21 32 13 36 12 25 27 18 85 41 13 81 50 27 51 15 11 6 89 89 13 52 18 98 96 35 89 67
21 34 24 93 94 5 5 40 53 53 14 23 85 39 35 61 44 3 0 28 0 14 69 50 93 70 22 81 11 23 47 84 84 54 25 61 98 18 77 78 65 86 37 17 47 8 0 39 30 99 63 21 45 95 43 67 4 80 34 9 76 59 18 38 32 99 91 38 39 32 31 9 7 94 78 29 26 25 9 9 99 62 64 59 51 94 86 17 72 77 45 29 6 55 82 45 95 43 80 18
78 0 72 65 77 49 58 4 80 50 29 52 3 85 16 7 53 66 95 44 33 38 30 87 43 2 1 26 89 66 78 5 86 55 49 89 68 40 31 21 30 68 32 34 21 84 11 5 74 81 38 13 3 51 51 60 30 27 75 24 98 44 18 2 17 32 21 12 45 22 99 45 38 69 70 34 37 95 53 74 21 48 35 90 72 81 88 15 3 78 32 39 62 60 13 28 6 8 45 40
47 86 61 92 20 40 71 90 56 11 4 42 93 78 62 51 15 43 98 95 13 41 31 92 9 48 16 61 2 69 95 75 24 51 74 32 72 96 59 76 37 21 57 0 23 56 72 11 39 17 89 27 69 69 97 10 95 51 10 98 12 4 94 59 81 91 51 10 32 21 2 3 54 97 38 77 40 52 54 83 46 79 33 58 6 48 82 44 82 18 18 51 81 18 89 45 63 74 79 90
59 48 80 44 80 89 27 45 54 47 6 56 26 58 91 13 84 80 47 2 32 9 43 60 91 82 32 87 60 34 58 30 42 52 84 81 99 55 11 47 75 89 40 3 71 19 70 82 4 97 69 11 33 41 24 34 90 93 1 60 29 69 72 76 32 80 39 86 39 14 57 52 49 73 9 15 22 72 5 26 55 94 77 9 46 52 28 20 37 68 36 7 57 60 84 88 96 91 44 15
35 16 9 29 21 45 59 51 29 4 64 13 82 92 12 52 75 85 60 86 83 66 9 2 33 16 49 84 5 37 49 37 11 52 16 54 21 32 5 27 47 38 79 79 79 22 6 59 67 7 98 47 70 22 6 51 56 43 62 13 35 60 49 81 95 75 78 36 85 99 38 16 51 14 97 9 14 40 95 67 37 45 59 97 56 23 51 4 63 42 23 50 4 11 3 14 47 54 23 72
83 26 47 82 77 98 69 51 69 58 52 21 11 55 82 78 70 93 38 3 81 28 31 21 26 5 85 42 29 50 4 24 93 11 74 36 89 17 48 46 11 9 42 91 2 4 42 74 82 16 1 50 8 78 3 50 94 89 51 30 80 17 27 22 79 7 92 20 72 13 23 91 86 32 12 2 7 90 84 19 6 73 3 0 19 96 13 28 88 44 38 56 33 32 96 94 12 69 7 8
45 28 75 22 39 80 93 5 28 79 90 45 30 14 49 81 90 13 68 11 6 7 83 86 49 42 88 17 8 38 84 42 6 11 56 21 62 61 41 56 23 69 60 46 60 48 29 36 56 6 93 44 21 22 71 74 76 42 55 97 85 45 1 84 96 53 95 56 56 96 87 35 78 79 29 64 2 60 78 95 88 44 52 6 66 9 4 84 35 79 47 70 59 40 28 4 93 44 28 36
34 5 28 81 1 65 97 13 58 54 73 66 98 56 94 82 36 66 0 46 30 77 61 33 52 48 24 78 25 53 57 97 34 21 33 55 50 57 1 12 56 21 42 54 68 30 17 61 24 92 12 24 82 88 13 95 33 48 71 27 16 40 24 12 68 21 77 29 76 24 90 54 97 28 5 7 4 32 62 59 78 34 74 23 94 71 44 58 81 77 22 68 49 87 24 23 90 90 97 94
2 63 48 98 34 41 44 84 14 50 32 60 82 64 76 9 29 90 36 15 74 63 79 98 58 56 31 5 89 10 80 4 13 14 21 82 72 62 84 45 13 64 35 98 62 72 55 62 26 43 68 86 0 74 99 99 46 72 52 45 13 64 71 33 85 96 87 67 94 98 16 78 51 46 51 45 20 95 18 48 35 15 87 62 97 5 15 71 24 31 14 56 9 77 3 67 29 77 38 98
9 55 32 34 68 76 28 36 91 64 91 24 72 52 6 91 17 77 96 88 81 34 64 9 94 78 58 13 65 57 91 99 33 53 94 2 74 88 95 18 26 74 85 59 10 63 33 78 14 69 17 76 74 42 0 94 52 82 54 38 21 88 30 88 87 69 21 0 51 41 9 19 96 88 98 85 88 49 17 12 56 73 69 24 41 61 30 3 50 2 48 35 54 6 62 16 21 4 2 95
82 16 23 48 25 56 32 72 44 52 22 23 65 73 78 13 49 50 50 39 87 89 72 3 0 3 9 33 69 77 41 47 7 35 76 14 51 67 39 31 76 33 27 55 81 51 65 73 55 54 48 55 59 88 94 67 41 10 15 81 22 40 20 75 99 3 16 73 4 20 96 34 30 73 53 75 46 16 19 64 1 61 40 6 55 26 97 11 12 14 86 7 30 21 87 56 71 86 37 4
14 23 98 68 7 0 6 96 24 58 2 81 28 85 18 41 79 24 93 42 15 98 51 4 29 94 72 40 3 0 53 2 44 19 79 8 99 42 59 33 34 29 75 90 19 75 38 5 93 33 51 81 72 3 48 79 87 65 30 93 99 34 87 99 45 30 61 20 49 0 46 83 16 47 49 78 65 46 21 83 85 92 62 67 96 17 39 43 87 97 1 71 61 95 90 16 43 36 22 81
40 54 86 23 18 26 65 39 58 39 84 49 68 18 17 5 88 91 41 23 22 44 2 7 97 78 85 32 41 69 94 35 99 87 37 44 11 33 98 79 4 3 99 58 92 14 19 21 62 79 92 9 25 28 43 36 48 62 35 79 52 36 85 63 37 36 67 98 26 63 77 45 68 2 68 52 99 8 16 51 91 98 40 15 16 21 66 35 43 30 35 67 59 75 22 88 6 73 51 82
18 47 48 87 38 50 32 96 84 11 58 59 80 22 48 70 81 70 11 94 80 17 32 30 94 18 25 94 89 0 2 40 54 84 42 33 19 67 3 36 93 4 84 65 63 91 36 37 73 37 3 7 24 73 63 99 47 98 4 81 5 83 13 88 26 88 82 0 48 63 16 86 42 50 27 18 29 55 42 50 33 64 70 96 42 69 32 96 98 68 75 41 46 96 38 69 92 79 11 22
35 45 11 33 64 31 53 75 64 36 7 83 49 68 82 48 55 8 93 59 72 51 13 53 39 6 85 34 35 76 43 10 30 50 41 77 74 6 11 19 32 17 90 36 24 58 16 91 16 76 77 89 26 14 18 11 29 66 45 41 56 36 39 28 15 5 97 87 68 97 26 93 63 56 1 58 82 75 45 80 16 9 28 18 49 66 14 74 92 49 39 85 82 4 13 7 21 7 69 85
41 5 3 67 84 27 66 80 93 63 53 24 9 93 76 12 1 80 70 42 65 95 94 51 11 94 57 68 67 33 25 57 29 39 60 21 63 82 12 86 19 58 79 25 71 80 26 88 66 44 45 55 14 90 40 94 70 94 93 84 30 70 14 90 85 84 88 59 79 41 79 1 0 6 74 47 77 33 81 62 34 34 58 18 11 67 36 40 5 96 53 60 33 78 0 25 66 82 37 49
29 5 57 8 43 9 99 11 4 1 81 23 13 11 88 50 51 32 20 14 96 48 78 39 64 68 17 46 59 44 19 84 38 98 49 89 58 85 35 14 62 11 71 30 54 46 93 62 83 15 81 95 92 40 50 31 17 11 46 91 22 89 47 66 19 29 56 90 2 67 24 72 44 89 97 30 14 69 55 56 73 52 60 93 78 1 39 76 58 75 26 80 55 99 93 25 36 82 90 10
58 16 36 89 11 4 22 10 34 40 54 47 86 78 74 53 62 36 83 17 16 77 81 81 93 13 67 54 10 27 11 21 37 67 55 52 92 44 70 64 50 51 61 18 99 61 65 82 86 76 95 12 1 68 75 93 28 32 33 68 35 66 86 6 0 92 99 48 11 2 92 96 21 47 63 93 38 49 75 4 69 59 80 64 44 43 97 53 54 56 35 97 28 91 80 22 12 97 54 9
49 6 62 35 90 74 4 35 32 51 43 36 67 35 98 78 65 73 60 70 31 47 63 97 4 74 66 98 16 35 44 82 13 59 95 88 63 56 62 75 4 34 34 93 62 97 36 38 64 60 38 91 89 14 31 84 72 85 60 43 38 51 20 19 47 10 86 10 18 90 42 59 78 53 84 17 76 33 9 21 35 23 18 78 38 24 89 3 57 27 87 93 5 48 71 0 60 50 82 97
37 71 97 24 18 0 75 27 8 9 93 21 13 7 80 20 19 37 54 9 49 2 63 72 5 79 70 75 76 33 75 16 63 41 74 98 83 84 36 0 0 71 72 10 34 11 5 68 73 69 73 86 73 0 10 84 55 66 33 32 18 20 18 44 80 60 88 27 16 31 67 73 23 78 19 17 33 51 5 97 30 77 2 78 93 13 93 31 8 41 16 94 10 52 69 45 23 11 15 23
55 9 87 72 91 51 97 37 53 41 77 84 38 71 17 56 27 75 78 53 75 15 20 33 4 42 58 66 11 13 13 38 62 81 9 65 0 61 87 57 96 98 83 23 0 47 47 6 2 23 25 89 77 65 42 19 37 98 84 56 99 80 74 68 94 83 39 39 91 26 38 20 79 81 61 59 45 51 35 39 20 91 94 75 22 59 31 85 10 65 28 18 66 89 85 73 76 25 1 6
37 45 49 99 35 43 48 44 27 66 16 29 60 21 84 55 3 92 84 22 88 3 0 77 18 79 34 33 21 16 88 26 60 53 67 8 22 19 42 25 38 19 34 78 2 1 98 22 28 57 57 0 34 71 4 77 22 75 27 18 60 16 30 68 66 99 17 32 70 29 77 51 60 21 68 0 70 35 24 87 67 36 7 8 62 59 32 8 63 38 32 90 5 15 2 82 8 51 56 83
45 13 33 10 26 24 94 37 8 24 49 65 30 16 57 25 11 26 84 45 26 35 55 29 32 32 42 2 78 26 44 81 39 93 66 86 23 12 70 94 77 87 0 95 67 34 84 16 57 71 10 26 2 43 31 83 93 45 1 81 16 48 53 62 90 48 60 45 7 9 42 4 79 96 99 77 97 41 36 44 35 33 75 49 22 67 51 40 49 38 20 35 54 20 94 8 21 27 13 45
48 14 80 12 1 43 56 41 51 99 71 23 98 6 58 89 14 90 4 32 35 80 30 28 73 38 63 2 8 82 36 67 0 63 34 93 92 26 74 35 58 92 23 80 92 87 64 50 84 50 48 58 38 29 69 74 94 14 28 14 70 24 90 80 97 19 21 84 59 67 94 45 38 73 90 50 63 47 72 35 21 34 8 37 14 55 42 62 95 33 23 2 87 8 39 20 72 76 30 51
90 47 50 28 31 33 50 99 85 27 99 41 36 4 99 77 20 92 86 13 42 35 80 47 40 37 27 3 98 0 59 72 1 74 58 86 49 84 3 61 14 53 97 87 11 45 67 80 75 17 76 55 60 17 80 7 78 1 92 59 63 88 74 55 10 71 31 53 51 89 32 14 65 88 67 54 87 40 64 69 44 52 43 31 16 62 31 0 11 28 86 90 64 57 87 72 32 86 10 8
40 93 95 67 21 0 5 60 70 63 43 31 51 86 30 21 34 96 71 10 24 73 40 55 21 49 71 21 7 39 30 23 96 98 40 87 56 57 71 59 58 11 81 98 11 31 62 99 35 69 94 17 22 22 39 81 28 73 93 18 43 79 7 21 21 52 45 32 95 46 77 58 7 45 22 45 92 99 46 13 98 56 2 55 92 27 30 94 21 64 68 4 89 78 45 71 19 64 82 32
87 22 11 70 6 70 50 16 2 98 97 83 49 89 86 94 97 62 50 85 69 68 47 86 37 43 80 3 92 52 9 73 13 76 76 81 87 26 86 73 95 67 84 32 77 12 24 43 94 7 86 86 1 53 27 1 39 54 37 48 72 7 83 20 14 31 59 48 57 18 7 70 10 22 8 42 66 59 10 85 73 59 50 86 41 48 77 97 60 30 15 6 66 84 0 63 47 60 26 25
54 63 94 57 30 32 99 27 67 62 9 31 22 57 89 62 86 0 7 55 46 19 7 32 38 21 61 80 57 37 37 4 31 62 3 1 65 25 42 39 79 77 32 3 25 48 14 40 97 62 44 18 26 10 27 57 2 83 61 38 91 3 93 90 62 98 60 40 66 11 25 96 67 43 36 38 71 67 55 80 18 7 43 59 32 73 79 25 55 26 4 3 19 61 99 0 72 63 84 53
59 37 11 37 97 55 57 23 1 41 43 84 23 56 22 66 48 23 39 62 26 90 44 94 93 99 62 79 0 3 31 66 5 59 45 95 2 79 59 47 70 31 14 31 84 48 19 57 82 10 71 63 49 19 50 44 21 35 5 55 76 94 67 72 83 49 68 6 69 72 11 87 44 78 40 35 63 21 77 14 64 32 61 10 68 98 93 97 77 85 13 2 27 39 64 83 4 16 76 36
54 41 93 9 10 98 86 35 40 24 52 48 70 75 80 13 58 27 66 28 25 63 1 46 16 91 20 7 46 63 86 28 17 23 17 5 23 81 87 96 47 52 46 89 67 76 70 73 82 7 17 82 76 94 3 80 91 4 5 46 10 60 44 91 90 92 88 44 69 28 60 51 46 9 66 91 88 15 55 79 61 63 22 48 66 69 95 14 75 4 36 21 9 49 39 94 61 81 73 59
60 8 26 56 20 95 10 80 30 25 83 14 80 81 70 53 59 8 38 48 65 90 68 22 79 65 61 99 89 46 9 47 46 41 72 77 90 12 73 6 74 35 79 6 9 79 76 76 78 56 41 64 71 54 18 85 10 95 74 12 46 40 30 6 61 6 32 98 68 7 80 38 38 31 40 85 56 96 27 96 58 8 59 56 69 34 11 90 12 48 9 63 72 21 14 88 84 73 87 54
17 25 47 75 42 48 43 81 47 14 43 58 24 51 9 69 86 84 51 88 95 62 95 8 73 77 70 82 38 62 99 95 51 3 67 81 13 81 81 34 18 95 68 71 97 34 13 76 3 73 17 49 81 27 8 58 28 87 30 20 0 26 68 66 55 75 9 51 5 28 27 38 50 54 83 22 21 65 68 73 94 11 84 37 42 37 40 32 28 97 86 5 44 59 11 21 27 13 65 97
