100 100
14 41 82 73 3 5 81 74 92 82 94 29 54 1 72 77 46 55 81 52 31 10 68 52 9 4 56 61 66 62 32 95 44 85 66 87 42 79 62 35 14 44 30 38 91 42 88 17 62 32 70 40 64 76 86 63 21 73 83 1 98 9 0 60 15 77 80 67 56 66 74 54 4 52 13 62 14 19 61 68 86 58 45 37 6 95 50 64 73 20 33 61 60 13 12 13 80 77 47 40
95 16 85 54 17 42 29 41 48 90 34 40 66 99 65 47 57 16 49 16 68 63 42 94 22 90 86 77 76 77 87 47 8 85 41 91 32 24 31 17 80 67 31 87 83 72 33 36 70 83 20 53 39 90 59 36 21 68 96 85 35 98 13 93 58 58 11 85 64 35 47 48 80 95 22 95 76 60 1 96 73 61 10 19 68 32 66 24 92 86 49 77 14 17 50 29 52 3 64 71
3 18 97 36 38 63 96 87 84 44 6 31 19 13 59 36 42 49 17 41 22 13 71 19 51 12 84 41 4 46 69 80 75 31 58 86 32 33 71 62 15 66 27 71 56 80 20 92 26 50 99 81 29 97 27 55 50 35 32 85 22 72 17 38 36 71 29 82 21 2 23 52 45 18 67 8 26 99 86 61 66 36 29 47 66 29 67 77 85 16 39 31 13 55 72 98 77 33 43 0
60 82 40 5 30 45 67 59 89 41 58 39 13 66 61 69 50 45 90 19 34 80 99 42 25 6 43 93 70 88 90 34 40 12 7 99 58 90 36 57 67 78 32 11 73 48 34 46 16 41 41 85 35 0 0 71 1 52 89 11 28 89 69 56 59 83 8 73 16 49 9 57 23 67 7 47 88 62 29 17 93 23 26 88 71 69 96 87 69 36 36 1 94 99 70 94 8 6 55 86
82 60 32 79 51 69 25 9 30 95 65 52 16 74 55 31 74 96 2 27 48 46 31 2 53 47 70 42 92 85 49 5 49 13 73 71 6 86 32 97 32 12 12 74 45 50 13 96 57 36 20 68 89 63 14 93 72 9 64 89 69 35 57 10 66 86 51 91 46 23 63 16 38 48 30 3 28 2 48 70 72 31 78 29 27 42 20 74 64 7 18 74 18 6 16 33 10 7 97 24
9 84 57 62 75 26 33 21 71 21 97 94 96 89 7 98 76 9 1 68 75 49 45 72 29 44 69 13 80 37 40 21 9 77 91 41 60 97 84 70 52 8 21 28 30 80 34 77 31 93 76 50 96 75 9 97 19 78 14 84 16 86 10 57 57 61 45 9 20 10 5 68 42 67 76 55 38 61 3 60 7 73 5 98 5 38 50 32 78 21 90 83 45 44 79 21 14 6 84 38
49 2 16 53 62 29 10 1 2 23 24 36 0 57 88 74 28 13 37 90 30 7 79 84 48 46 14 30 55 83 76 6 76 17 7 56 63 98 73 79 2 64 44 9 70 82 93 27 27 25 49 89 26 50 38 60 58 56 60 63 77 78 22 13 76 47 19 89 27 17 67 64 27 91 37 50 52 44 97 19 15 99 72 67 64 24 57 62 76 78 56 27 15 32 24 22 84 1 66 67
0 66 13 91 5 41 36 73 94 45 71 80 93 49 32 2 25 71 33 35 21 92 61 44 91 5 69 26 58 93 72 52 43 85 39 71 58 28 67 34 11 74 71 86 15 73 41 81 45 36 84 49 92 17 16 61 88 65 38 34 45 66 36 21 12 13 6 47 90 20 31 58 77 6 66 62 74 91 80 70 1 23 70 59 69 94 27 92 46 0 49 93 88 29 20 59 61 66 43 57
87 35 93 86 31 29 86 10 19 94 0 29 31 81 59 88 32 99 74 75 88 61 14 25 49 25 68 81 73 24 22 38 56 66 6 53 13 97 96 62 87 27 49 37 77 6 99 39 1 80 46 64 63 24 28 92 60 27 46 71 13 61 47 43 75 30 59 85 28 5 99 61 75 92 22 53 47 81 28 30 11 14 97 42 22 78 79 89 2 50 0 57 6 82 71 92 82 38 42 29
23 92 55 59 22 79 42 93 9 29 4 49 3 98 32 55 18 44 89 61 0 98 54 97 43 97 44 39 79 98 51 96 7 67 34 49 22 21 64 41 8 96 59 42 46 55 13 76 21 7 69 39 54 26 23 7 7 19 77 76 62 36 0 45 79 59 88 18 69 72 94 78 6 63 80 25 80 77 96 95 74 86 12 8 90 38 49 97 32 78 36 47 81 45 76 74 92 98 53 25
12 13 53 37 51 75 18 10 86 77 89 28 61 21 1 1 31 1 70 44 77 71 62 2 23 59 1 51 36 13 70 3 50 82 45 87 64 99 13 74 82 83 31 58 6 85 50 9 2 88 8 84 31 35 9 63 17 50 37 63 50 59 37 87 42 30 63 37 61 9 53 38 41 45 9 93 98 29 60 25 56 45 86 33 44 33 19 27 65 55 3 90 57 70 83 69 45 96 18 69
90 94 54 76 34 71 84 59 33 41 11 11 22 83 65 30 81 84 9 82 3 21 18 5 22 36 65 78 80 17 88 94 1 89 65 54 6 90 55 9 93 35 69 85 83 98 11 2 99 5 93 58 79 79 79 1 42 1 96 77 19 57 0 34 35 32 1 85 63 37 39 63 41 70 30 39 78 9 84 65 52 79 24 98 64 44 52 39 51 95 91 97 98 59 28 26 39 51 95 15
97 63 83 68 41 83 73 80 25 27 54 38 19 53 60 55 81 38 96 24 59 81 42 86 53 25 22 56 15 69 78 33 26 72 93 86 13 59 53 96 72 49 41 86 60 60 60 13 64 38 8 5 10 36 21 94 90 26 60 12 76 37 91 6 70 83 99 9 98 14 12 43 77 74 77 93 93 59 1 34 38 52 94 1 68 48 97 65 68 24 28 71 46 93 9 35 39 14 34 95
60 17 13 67 3 45 0 52 2 11 19 33 30 12 66 49 28 46 93 78 13 34 20 99 73 44 97 46 56 96 42 30 9 21 5 38 49 16 67 88 59 71 83 70 96 3 62 81 51 51 56 90 58 99 65 87 70 74 97 91 2 5 18 17 46 32 8 22 97 45 93 96 84 11 80 76 84 9 94 23 22 52 56 20 5 96 80 4 83 76 24 90 86 27 59 86 39 98 23 67
93 11 18 15 22 63 39 98 10 89 16 20 40 7 13 50 13 66 51 83 81 15 6 87 34 40 51 35 17 20 76 20 39 58 95 20 46 90 72 73 70 70 26 89 23 72 44 54 16 71 28 20 74 2 31 34 18 29 81 91 98 95 71 70 30 58 7 41 88 82 42 21 69 78 81 89 47 51 39 50 53 70 60 13 55 10 34 1 94 20 64 99 30 78 81 10 95 7 4 6
92 76 56 73 81 79 45 26 3 72 59 80 39 24 42 14 62 3 1 14 71 42 7 29 70 73 61 32 80 43 73 10 92 2 85 10 28 58 62 73 87 91 60 13 49 31 96 11 77 94 97 6 11 9 91 22 78 42 83 37 44 84 22 11 17 54 3 43 88 18 52 26 5 16 45 71 34 73 72 34 35 30 23 12 44 40 78 47 42 53 97 82 87 99 97 46 22 83 59 5
31 96 30 75 11 61 34 85 58 4 74 89 72 97 99 71 15 84 49 89 23 36 20 42 3 99 26 77 38 18 69 74 69 23 55 4 69 21 68 71 61 46 16 10 85 56 67 62 53 89 56 64 31 74 46 1 52 54 76 57 54 15 33 22 45 85 96 20 34 74 31 35 48 28 97 46 29 97 19 65 64 87 13 55 20 23 86 68 62 36 52 29 18 22 79 84 35 34 37 98
65 8 97 2 2 32 1 61 31 26 60 45 53 0 0 75 13 43 24 19 55 87 5 39 72 78 30 56 84 1 89 59 60 72 10 63 25 81 31 69 32 71 83 62 68 82 99 53 47 66 9 62 1 8 74 84 98 34 98 19 60 50 41 70 14 57 76 64 95 36 56 91 53 15 73 2 68 77 50 49 50 86 65 25 89 79 52 77 2 93 2 82 38 52 33 69 10 87 96 98
62 31 90 34 87 53 43 41 22 6 37 92 34 72 29 76 30 4 76 46 20 89 13 58 7 81 47 14 22 60 7 41 56 28 95 99 16 78 86 28 23 77 98 39 20 7 8 63 83 70 39 49 40 74 17 58 2 39 31 59 56 86 62 3 29 93 8 12 51 83 58 92 35 22 53 65 88 53 74 75 8 48 35 18 63 45 13 14 61 2 46 55 6 74 25 4 15 4 92 80
0 2 80 81 64 58 71 77 43 38 69 40 36 5 18 30 76 84 29 29 5 99 35 72 42 27 1 80 20 78 19 71 59 61 71 17 51 72 46 49 23 73 43 36 76 50 98 98 63 31 63 42 49 4 23 54 20 72 80 11 36 30 63 25 28 65 3 84 93 33 9 85 11 90 20 30 38 97 50 93 26 82 57 31 33 66 31 89 16 13 12 71 78 48 36 79 53 2 83 34
85 29 63 8 90 5 79 50 83 59 60 85 46 5 84 35 77 51 32 12 87 1 10 12 50 1 37 29 92 81 57 26 94 27 39 73 14 9 70 71 4 69 84 14 58 86 70 95 65 21 13 30 57 45 70 61 29 69 29 7 9 85 38 82 48 56 81 0 3 81 50 32 17 16 42 84 55 3 32 32 52 30 77 71 25 30 24 54 83 94 43 91 85 59 70 70 61 24 57 44
70 29 42 76 99 17 32 77 21 17 55 44 95 46 63 60 3 75 10 84 5 64 3 33 66 12 97 18 73 50 87 75 65 51 26 16 29 8 69 5 78 96 74 23 12 3 88 18 75 5 76 82 82 16 81 18 25 55 79 47 25 26 6 96 52 25 48 28 69 58 52 72 73 56 3 5 62 74 27 89 82 57 2 20 76 67 73 44 56 56 15 29 47 2 48 80 2 27 58 64
64 18 49 70 76 38 69 44 54 66 99 88 31 3 48 40 44 65 4 29 87 23 4 71 84 1 52 29 18 64 72 91 66 83 20 1 10 97 85 6 79 47 96 77 34 4 31 6 74 75 50 40 27 16 23 28 36 49 98 64 84 44 57 64 87 85 50 14 9 27 42 90 64 95 26 67 65 84 22 81 46 76 95 55 27 71 31 33 30 40 64 40 36 60 45 8 76 12 15 81
92 1 28 80 59 67 83 39 46 37 73 34 24 0 8 36 76 70 3 60 15 23 11 80 61 10 69 40 15 49 77 88 70 49 68 10 41 4 47 97 57 46 64 63 69 78 45 46 15 12 83 6 79 10 90 37 16 29 24 6 50 45 92 50 73 46 95 69 46 48 1 44 74 42 77 54 74 26 73 68 77 30 66 4 96 11 79 86 82 59 55 48 39 9 55 62 7 38 42 16
29 96 80 77 24 75 97 55 30 46 30 72 57 18 4 52 95 1 39 32 33 36 69 96 31 19 61 63 29 84 62 29 42 69 40 20 76 20 37 80 16 58 95 91 3 92 35 78 55 1 95 51 33 5 70 83 60 75 1 31 54 27 67 80 44 16 58 66 46 0 84 39 9 54 93 27 31 72 38 21 22 90 53 51 61 57 22 83 80 57 68 2 84 91 0 29 32 31 47 58
37 41 77 91 24 78 25 87 64 90 16 42 60 41 25 58 57 95 39 82 9 22 6 14 59 99 24 46 0 7 9 86 96 47 3 18 76 30 17 32 6 23 0 56 12 84 92 32 96 23 89 63 8 22 69 76 41 21 46 58 18 6 3 15 99 0 23 35 72 96 99 66 26 51 80 96 2 88 88 3 85 60 38 25 81 41 13 61 12 43 54 24 42 59 38 29 66 90 24 12
21 5 7 37 78 39 61 94 50 77 8 34 87 79 9 26 1 71 11 25 8 61 88 26 43 90 0 15 89 65 87 31 71 4 11 70 44 46 43 92 19 63 39 6 67 72 69 43 60 95 93 52 72 5 33 97 68 63 96 54 98 6 91 64 79 69 66 24 95 58 24 74 84 7 23 34 66 37 41 65 48 10 9 21 29 82 38 66 19 59 23 55 45 33 38 74 91 30 92 74
89 44 38 30 27 5 38 5 96 94 40 13 50 68 24 3 97 46 56 27 62 68 68 95 11 27 99 45 63 27 74 14 83 43 2 34 56 1 9 36 69 25 37 73 72 42 25 75 8 93 15 40 57 20 25 5 46 85 88 36 92 90 91 93 76 66 1 62 49 21 37 66 37 35 44 69 98 22 70 69 70 85 9 52 19 29 46 62 26 94 68 57 87 45 67 65 77 35 94 19
24 35 65 67 71 44 24 49 56 26 45 37 40 93 19 42 95 67 5 16 40 35 65 72 50 42 50 79 94 35 43 1 37 43 54 82 56 0 33 2 28 49 59 46 31 64 51 94 76 64 5 43 0 8 26 32 97 10 12 78 51 4 68 80 96 85 96 88 14 19 77 0 70 26 58 0 39 25 10 97 25 29 87 17 73 86 91 20 89 37 82 33 30 34 29 15 9 78 48 81
50 49 2 62 66 24 61 76 99 93 89 61 37 3 87 11 48 87 88 38 0 77 90 99 38 7 33 81 54 78 89 92 29 56 2 45 3 64 33 3 63 30 88 70 21 28 99 22 14 81 63 5 4 75 52 98 0 54 60 37 71 64 5 22 71 43 61 62 69 58 65 47 5 7 59 49 5 47 76 23 76 14 27 85 89 27 69 23 69 35 23 1 84 48 95 7 72 87 11 19
86 78 98 36 48 0 71 65 69 29 48 33 86 59 29 43 94 57 54 71 77 50 46 67 46 18 9 4 55 4 19 83 52 49 58 99 20 15 3 45 4 16 73 25 6 96 59 22 73 20 85 97 93 70 72 35 5 89 2 3 44 34 2 72 25 68 20 39 31 28 68 28 93 95 3 42 94 7 69 45 86 37 85 0 20 95 89 72 3 96 23 67 55 61 59 73 18 41 2 25
79 59 47 32 15 2 83 55 8 11 21 44 7 44 21 23 8 38 91 98 94 4 18 92 27 51 36 79 27 55 78 10 79 65 65 54 84 40 69 34 50 10 66 16 67 77 31 90 99 31 56 92 87 42 68 96 62 11 13 56 82 70 16 77 14 63 79 91 98 28 81 47 22 68 42 97 15 72 81 59 90 61 51 31 18 66 46 31 6 86 16 35 26 32 47 5 20 72 99 86
28 79 66 90 8 9 95 65 8 99 38 5 26 23 62 44 43 42 0 22 39 65 49 28 7 22 50 66 81 86 27 3 21 95 1 33 91 52 31 74 23 13 75 26 18 9 53 1 59 61 63 27 2 29 64 66 15 16 71 41 67 71 33 20 35 88 10 94 83 52 91 0 96 37 95 74 81 11 44 21 47 74 87 27 44 6 39 67 24 84 62 66 84 80 39 54 92 35 9 44
87 85 47 26 85 66 88 10 6 57 16 5 43 51 0 38 96 68 99 26 73 3 46 0 51 2 42 7 66 48 85 29 85 45 32 38 59 94 7 89 44 66 44 98 33 69 89 48 64 39 45 31 64 99 3 18 8 34 57 38 83 72 81 19 43 73 82 60 12 73 67 62 29 34 48 72 71 21 15 79 58 39 19 4 91 19 93 33 44 73 83 59 61 7 28 86 48 9 17 4
97 91 79 11 17 40 80 36 23 55 36 76 37 46 92 64 86 17 88 35 47 37 99 58 60 64 82 2 73 64 37 46 98 74 94 5 52 79 25 69 41 33 77 21 79 84 73 24 1 76 42 62 90 14 80 48 69 27 3 65 54 30 45 35 8 21 90 76 58 21 32 83 52 17 5 65 84 38 48 98 4 49 78 98 28 26 38 33 10 64 44 49 8 98 0 17 52 55 66 35
56 92 72 3 82 82 42 98 93 97 42 51 8 23 4 84 32 30 95 11 73 40 80 79 63 15 89 86 16 5 73 92 5 84 15 78 98 47 98 30 37 11 4 56 17 19 54 69 42 36 74 95 70 71 46 29 22 59 26 71 21 8 69 24 69 87 39 20 80 44 29 8 11 85 20 93 10 0 53 73 44 55 15 56 21 98 14 54 43 42 78 28 1 41 93 47 8 48 58 55
11 96 22 53 67 93 49 57 34 21 3 85 74 63 19 0 56 83 87 29 56 33 13 79 24 76 65 27 93 50 79 15 4 35 2 19 43 15 86 4 35 90 3 82 51 4 20 60 52 33 21 36 94 15 75 55 26 60 22 9 52 26 84 44 39 31 66 84 8 3 49 15 6 67 86 68 27 6 72 24 88 49 71 55 54 57 81 84 75 16 61 78 31 85 29 32 38 59 43 65
32 71 89 87 65 74 87 49 66 28 70 76 27 1 60 93 81 18 51 87 63 77 23 32 89 78 85 75 58 84 77 49 91 4 28 48 52 43 27 24 51 28 95 71 22 24 79 36 82 72 51 7 14 42 93 99 15 72 84 63 8 67 36 59 80 4 20 97 60 81 33 1 11 64 77 33 53 42 6 18 57 64 70 69 26 48 24 57 67 65 4 84 98 7 43 45 70 50 40 74
85 62 79 47 76 6 95 73 77 20 51 28 63 81 20 48 34 85 99 1 40 17 76 60 6 2 40 89 74 88 94 45 96 46 46 52 52 90 88 42 15 32 32 31 97 55 59 80 96 18 97 15 55 4 10 10 73 28 67 50 49 46 54 21 45 17 15 24 32 82 3 95 59 62 63 18 4 94 43 88 9 46 3 87 81 8 55 30 24 59 72 22 17 72 25 0 84 58 81 10
19 79 59 98 2 31 86 83 19 27 96 33 47 78 34 33 71 18 77 5 10 97 46 23 11 99 27 27 23 34 95 36 84 22 45 38 96 39 5 22 20 89 11 96 24 43 90 57 32 68 65 42 79 37 80 10 53 32 9 92 2 16 25 79 42 50 34 82 35 44 68 59 19 11 76 77 80 15 31 32 14 90 62 32 73 47 51 11 46 67 86 41 92 23 50 61 58 64 28 41
61 57 57 95 67 60 24 29 0 71 83 8 28 4 21 30 42 88 25 91 0 26 98 19 24 83 73 64 74 24 25 68 97 68 11 82 95 80 2 4 46 69 60 37 87 17 85 70 96 41 1 43 79 21 1 31 34 35 61 79 66 72 14 83 2 93 72 28 68 74 76 37 25 53 23 38 74 65 91 95 66 75 58 94 74 45 77 42 45 37 9 70 21 74 90 19 58 48 57 16
76 5 52 47 76 82 51 72 31 63 4 18 7 28 47 45 99 87 70 83 64 13 32 73 40 92 0 92 71 49 50 57 41 21 27 65 82 89 47 52 76 94 69 8 12 22 96 38 17 69 48 98 12 22 80 10 69 79 9 99 8 30 32 66 52 8 64 88 9 55 66 71 46 11 95 96 60 97 45 35 86 10 91 6 68 46 74 36 54 1 94 40 50 1 18 61 28 67 87 55
72 17 65 62 64 78 58 15 83 71 4 39 29 17 3 94 52 9 77 4 15 80 63 67 79 13 33 86 99 15 11 56 20 97 83 75 27 18 31 52 60 28 36 27 38 99 44 33 21 20 79 66 56 64 95 53 80 60 7 67 21 10 89 53 51 59 41 90 26 5 43 38 43 29 70 13 91 3 2 18 98 39 13 85 91 27 12 89 77 2 97 80 8 7 83 38 50 83 70 40
86 66 57 58 93 46 26 37 3 83 67 30 21 72 98 81 98 84 70 9 89 15 31 55 94 31 69 8 51 77 65 74 31 16 75 81 55 26 84 77 98 87 54 35 19 85 0 0 97 40 75 34 12 63 82 1 15 78 59 72 29 2 62 36 81 17 72 22 52 74 60 86 5 67 34 91 14 48 24 10 56 57 32 45 23 96 64 57 26 46 47 77 10 27 39 69 62 57 45 28
2 66 19 54 83 28 96 96 46 0 28 15 22 54 7 81 19 74 50 64 29 83 89 59 10 13 44 51 49 63 2 84 68 86 5 99 69 80 36 47 25 46 63 4 69 25 22 58 68 18 21 66 35 64 99 27 1 12 49 49 37 32 62 52 19 83 3 75 49 39 66 37 5 71 41 16 81 81 74 20 95 80 37 38 55 95 73 61 95 0 25 99 27 86 86 24 35 62 22 13
56 32 54 67 85 80 19 37 57 26 79 8 85 43 33 33 2 35 41 42 61 32 46 13 46 58 35 13 19 90 2 82 93 40 85 86 37 72 20 16 36 52 37 58 19 44 38 58 31 53 37 5 62 20 17 14 86 2 46 60 43 36 51 77 82 63 44 60 56 25 68 9 56 55 26 23 31 26 25 73 98 3 3 19 16 40 24 87 72 18 45 66 20 33 98 32 37 8 34 62
35 19 55 52 27 83 24 20 87 4 80 20 47 23 11 88 92 60 15 63 55 20 70 56 99 57 84 56 57 3 9 83 66 74 35 48 43 7 46 0 95 71 98 69 18 65 12 79 13 96 97 25 24 12 30 61 79 47 64 0 56 35 35 80 66 21 29 94 2 16 15 50 36 19 4 94 82 43 9 78 2 90 71 41 53 96 87 25 61 35 46 36 4 17 79 36 29 91 76 16
66 37 56 9 20 85 1 74 2 16 62 64 43 17 78 17 61 10 58 44 12 8 45 81 5 75 22 55 1 35 91 45 39 80 12 19 71 30 40 17 22 83 6 18 68 14 79 79 12 81 49 26 64 96 71 24 90 64 91 73 80 64 56 8 70 11 90 96 33 31 16 12 70 11 2 44 75 33 56 85 24 9 7 68 30 83 34 95 47 5 27 4 44 17 36 46 82 43 25 26
99 9 89 3 98 91 14 29 58 25 44 46 12 78 5 75 49 39 82 51 58 49 66 2 0 55 21 59 27 61 76 87 73 77 31 88 43 9 6 18 80 38 77 93 59 83 44 87 60 87 54 89 82 69 54 51 60 77 87 75 63 62 44 99 50 13 97 44 8 53 66 15 54 56 69 51 2 95 83 43 89 84 69 81 48 73 84 85 43 59 86 45 62 33 14 91 21 56 20 81
77 34 56 17 61 45 18 47 52 36 0 63 78 35 30 39 77 40 57 25 0 29 65 57 33 39 22 1 10 36 35 12 47 43 87 61 85 37 28 46 33 95 65 61 20 28 64 5 31 90 69 47 66 52 3 87 83 47 51 99 26 14 21 56 90 23 18 8 80 36 68 0 51 56 52 74 35 94 73 57 88 67 21 70 34 50 76 61 90 71 48 32 48 63 77 63 36 74 78 42
54 44 44 33 83 55 66 24 65 95 24 52 35 58 59 74 58 46 47 54 10 44 65 95 33 63 15 63 86 80 20 0 88 20 5 49 98 68 0 6 88 36 54 88 95 30 35 43 76 27 82 5 6 8 30 32 44 24 80 42 47 57 91 24 66 55 69 61 90 13 13 91 68 96 5 88 73 93 92 22 64 42 89 64 0 43 38 53 12 38 1 41 89 32 32 40 50 81 76 47
54 87 42 67 23 95 84 19 27 93 76 19 12 14 83 60 55 3 70 84 15 47 57 83 35 46 6 63 56 0 64 34 73 24 23 92 18 74 44 21 71 22 77 12 20 85 77 93 76 93 37 40 86 48 78 21 67 79 42 23 76 36 72 0 32 73 56 84 87 14 94 79 90 59 84 96 31 83 95 54 43 64 44 19 46 10 62 13 63 0 13 16 14 18 70 11 66 12 79 28
76 63 32 3 95 35 77 41 74 13 13 70 59 27 90 24 59 27 22 27 61 48 35 90 48 84 9 73 19 78 78 9 15 3 7 43 94 20 39 93 48 77 25 72 36 9 79 15 18 92 61 58 35 29 88 39 20 9 96 14 43 26 12 75 8 35 98 31 84 39 87 80 17 14 31 88 91 12 67 73 46 91 63 84 14 46 71 37 48 61 2 91 8 9 76 19 58 90 24 36
84 12 41 59 39 67 54 61 84 19 30 5 34 32 17 40 15 51 70 89 67 82 87 23 47 89 76 89 8 63 81 56 72 13 8 79 14 77 76 99 64 6 56 59 95 89 62 17 0 16 63 11 87 93 51 44 24 71 35 22 12 75 97 32 67 67 90 73 62 0 10 35 55 92 62 76 49 78 62 87 66 43 41 32 89 18 11 86 21 55 26 6 30 62 15 81 20 58 29 71
26 46 82 26 53 9 40 60 25 55 94 56 50 84 57 20 32 48 9 88 57 27 26 60 46 82 7 64 40 69 60 45 91 53 52 72 59 94 24 76 98 40 79 33 69 97 3 40 93 14 32 21 30 59 98 47 14 53 1 67 42 50 4 72 43 73 49 59 36 15 80 69 43 64 21 37 79 19 7 30 34 93 69 51 82 49 94 9 27 13 44 20 17 3 78 26 40 92 40 26
79 13 29 13 22 45 80 19 58 70 58 2 83 40 87 16 93 72 88 23 14 8 87 32 33 98 31 90 13 71 20 62 29 70 86 86 83 83 71 10 19 79 55 73 57 42 35 35 95 69 29 88 54 0 87 53 58 11 6 2 93 15 23 23 96 12 31 62 99 88 82 0 43 38 82 18 90 94 69 36 13 53 25 33 27 8 48 61 2 90 27 19 63 66 66 75 13 19 1 35
24 25 21 35 42 72 8 47 6 11 7 17 35 38 46 55 80 62 77 77 98 43 13 6 32 15 9 66 18 82 7 65 71 88 87 45 42 50 8 9 99 50 3 22 1 2 56 72 23 95 64 1 93 53 10 53 37 52 53 16 57 64 78 53 26 2 67 92 92 3 18 21 55 72 53 54 17 70 65 15 46 51 98 76 75 14 59 16 66 27 47 39 12 98 30 35 72 39 58 44
5 81 2 18 81 17 21 99 5 16 17 31 67 24 95 73 17 0 76 81 15 45 31 85 54 12 56 6 54 77 10 79 11 29 57 37 75 8 92 87 58 4 88 23 2 14 57 5 55 51 69 57 57 83 3 10 26 68 48 62 55 63 0 6 47 85 38 13 14 86 46 74 41 39 20 3 55 17 60 66 80 88 74 91 47 32 5 70 43 35 38 81 8 19 28 18 66 12 1 13
63 60 66 43 2 53 75 83 43 36 59 92 65 52 14 9 48 65 41 36 22 86 66 11 23 63 36 65 72 46 84 88 18 90 63 43 18 14 20 82 37 16 20 47 11 69 89 78 80 28 16 44 38 16 73 98 49 56 58 57 81 75 1 49 68 87 27 38 55 56 26 58 32 3 85 41 18 37 86 5 96 59 99 59 0 89 20 30 53 78 86 85 4 36 70 72 81 50 5 94
67 40 3 70 44 35 49 62 88 43 17 43 84 27 18 73 59 8 30 8 29 26 73 75 61 49 64 25 20 14 6 80 8 35 55 65 29 49 74 40 42 99 79 39 92 5 68 19 32 9 57 48 28 35 46 59 13 63 77 24 83 34 26 6 72 25 59 80 23 17 17 36 71 10 44 96 81 57 57 19 59 83 79 98 19 32 59 81 24 33 33 8 62 88 98 73 65 44 73 85
19 11 96 56 7 61 67 66 98 56 69 50 83 21 14 85 65 2 62 15 44 26 5 44 33 7 78 57 92 34 62 36 57 82 66 83 23 28 25 62 77 30 51 40 50 87 66 92 36 95 96 22 24 42 64 55 70 30 36 18 74 25 60 64 44 80 33 45 55 24 78 4 67 24 32 86 44 6 92 48 38 41 14 18 46 70 57 71 86 84 93 26 93 47 46 79 99 83 88 1
47 59 59 81 82 98 62 96 34 93 95 57 73 5 31 82 85 61 3 12 89 89 70 21 55 59 50 12 23 61 60 53 27 28 79 41 77 40 75 61 59 93 40 39 15 60 91 74 97 36 17 87 80 86 62 92 79 11 85 68 95 59 6 82 5 28 71 12 47 8 81 49 28 54 2 6 24 80 63 88 26 3 64 24 58 93 47 89 23 22 3 13 89 15 15 16 92 96 47 36
57 1 79 20 52 21 29 55 75 69 67 30 38 17 26 23 62 88 7 44 14 92 72 84 19 87 47 11 52 73 89 39 87 48 1 71 96 56 37 97 16 10 16 13 87 53 9 33 35 6 86 39 24 34 87 24 11 22 86 69 73 94 54 20 14 27 72 11 58 86 30 95 47 33 85 84 94 8 61 57 13 78 64 79 54 30 95 37 95 37 26 71 64 0 19 69 8 7 1 44
73 71 40 42 34 18 16 76 62 30 25 81 33 77 60 0 57 16 54 78 25 31 82 44 78 80 38 4 62 14 99 97 46 0 96 58 32 20 30 80 8 64 12 23 78 6 61 5 74 90 15 60 27 23 19 45 62 33 29 40 40 25 16 60 98 11 18 7 50 11 76 48 25 35 2 17 38 95 71 14 4 42 21 88 62 10 16 76 26 60 88 78 53 84 8 56 52 38 35 50
30 60 7 17 65 46 65 10 97 39 93 49 96 17 46 21 27 57 45 20 44 73 22 21 62 46 23 32 36 79 27 13 54 29 68 56 55 6 12 96 47 44 29 40 60 91 43 52 73 3 82 5 76 39 16 15 0 43 22 83 7 95 92 86 74 97 24 48 24 81 72 66 28 13 5 55 17 87 32 22 46 3 40 90 13 43 15 16 28 74 13 91 11 26 45 44 76 6 2 83
70 71 86 86 89 50 29 57 58 1 97 53 61 82 30 80 55 76 40 77 7 29 22 95 60 38 27 93 53 38 65 88 42 12 35 1 78 87 64 88 39 64 25 4 96 29 41 59 3 50 21 67 1 23 75 89 34 98 55 46 19 14 6 73 51 1 91 66 56 42 33 70 98 21 56 62 10 0 50 59 86 35 60 13 0 69 21 34 13 60 88 14 40 13 72 11 5 50 86 93
32 97 43 41 94 46 65 47 86 60 57 43 8 29 20 59 76 69 67 6 27 96 20 33 88 24 4 34 70 61 13 34 32 1 43 9 78 67 69 46 7 42 44 18 17 40 35 66 52 30 46 67 42 32 98 9 25 20 18 59 55 29 56 85 80 6 96 33 76 28 54 75 43 33 55 74 10 5 46 20 10 8 2 52 56 25 63 88 13 55 92 41 22 67 30 10 19 13 84 33
17 71 37 64 76 83 8 48 47 27 63 76 12 73 12 94 33 56 24 59 39 87 93 42 19 60 63 96 43 59 35 16 65 46 39 62 43 46 29 6 8 40 56 25 51 5 20 65 55 48 43 68 80 28 18 38 46 37 91 33 66 20 77 36 89 39 96 76 4 37 9 63 57 98 60 81 32 7 5 48 2 18 61 71 82 16 73 40 36 81 85 16 5 39 12 74 56 35 87 29
40 18 87 13 46 88 17 1 65 50 69 24 57 39 34 5 63 18 60 45 63 45 98 72 97 81 23 46 46 99 89 44 70 11 62 99 34 72 35 23 97 39 54 99 31 44 8 80 52 46 5 10 85 12 39 15 38 14 95 32 92 82 62 53 95 34 24 95 39 48 76 30 62 7 81 41 22 37 6 10 43 10 3 55 95 70 77 24 41 15 74 33 49 57 48 34 70 60 12 21
6 42 69 46 54 30 14 56 90 48 49 51 76 95 84 85 15 10 60 46 32 96 43 53 84 76 8 66 98 5 0 80 5 18 44 48 30 72 53 74 63 97 98 78 46 50 18 43 98 57 65 21 57 62 20 6 94 52 72 20 49 37 6 23 61 24 96 6 36 49 45 73 66 91 24 82 33 23 27 81 71 19 76 42 23 90 90 46 46 66 23 61 4 15 22 30 90 47 70 52
57 23 25 23 76 46 99 88 63 98 40 65 89 64 80 28 63 33 58 23 44 4 3 88 27 48 77 32 83 13 77 69 93 22 84 50 96 29 15 9 86 80 56 96 24 22 92 28 20 49 20 65 20 9 39 92 58 81 17 40 96 89 24 5 62 75 55 36 67 34 27 9 85 82 47 63 73 15 5 51 66 61 76 87 52 71 4 38 30 6 18 13 77 35 82 17 22 88 29 33
90 70 21 9 8 59 74 16 97 1 63 16 34 28 46 16 5 28 97 80 20 0 15 43 12 56 70 33 24 30 98 12 82 87 6 1 25 50 36 68 74 57 61 36 88 59 30 55 94 2 43 89 12 83 63 69 96 0 65 48 89 53 14 26 59 22 34 1 11 53 42 18 94 80 72 14 6 34 84 58 83 59 30 17 98 6 23 14 38 68 46 33 8 33 87 6 33 64 43 18
51 24 3 4 60 12 91 77 96 68 21 39 93 88 62 79 91 61 64 47 72 55 45 82 65 40 90 84 47 54 21 51 74 2 59 73 30 90 14 26 34 83 39 4 50 11 39 64 74 20 5 72 17 12 43 74 94 27 9 29 26 3 7 13 10 55 20 88 73 26 33 15 28 17 74 7 49 16 63 69 69 90 67 40 41 39 79 64 48 47 99 22 57 41 0 75 71 53 41 47
57 9 66 56 4 50 76 29 45 15 68 59 30 7 61 84 62 92 84 1 6 99 82 50 92 82 9 40 59 71 15 36 56 28 1 43 22 66 15 90 69 25 80 50 67 38 95 88 72 32 47 66 93 93 56 19 78 23 17 40 0 8 96 6 91 28 72 10 14 24 3 71 73 78 88 19 82 25 5 67 82 81 99 39 38 41 37 5 11 65 77 58 95 36 46 67 83 80 60 7
46 69 52 82 91 53 62 39 49 42 20 85 97 14 27 89 41 78 24 16 15 55 28 72 9 78 4 20 44 93 16 3 7 59 46 33 37 36 71 40 2 82 40 90 14 75 6 92 84 99 90 94 45 60 37 32 76 99 84 3 84 30 10 13 22 21 48 46 16 97 48 91 54 67 47 79 39 12 69 70 47 32 95 25 16 60 71 53 28 37 95 65 48 67 5 56 93 31 27 85
68 7 67 7 47 85 40 82 46 46 86 53 66 26 27 89 60 71 87 38 56 48 88 72 76 66 58 27 59 15 6 13 33 61 48 92 18 53 89 78 37 58 81 79 6 71 66 26 1 86 52 27 91 78 28 25 87 77 42 5 86 86 45 72 46 45 89 89 92 98 25 30 51 99 66 1 61 37 77 32 60 50 82 66 10 65 86 15 90 67 99 79 78 92 40 90 50 11 18 71
7 74 45 50 77 38 2 31 84 46 19 76 88 52 16 6 70 60 66 97 21 70 9 0 20 99 52 13 38 92 81 48 54 91 44 85 9 18 91 6 31 60 92 43 13 50 4 23 64 77 48 87 99 62 94 65 39 96 58 60 19 29 39 0 46 84 78 29 18 49 81 78 44 1 97 8 25 10 29 67 2 66 60 92 17 66 40 12 90 22 31 5 15 32 6 39 18 94 46 62
43 23 7 33 48 91 27 21 77 82 46 34 21 11 71 58 47 76 48 53 73 25 39 84 68 64 97 93 42 78 97 14 22 50 54 24 77 23 83 36 15 91 54 62 14 53 18 43 78 10 5 30 70 38 76 26 91 44 17 15 72 51 64 48 37 25 39 45 26 47 13 47 31 61 88 50 90 43 50 20 76 87 88 85 8 87 10 8 26 87 59 16 16 40 28 78 83 16 26 17
26 95 78 59 44 59 34 13 53 8 94 1 67 26 83 71 48 17 67 39 42 55 39 28 29 74 92 1 73 76 64 5 45 18 41 86 2 66 75 46 13 57 61 87 53 77 40 76 96 52 26 64 50 44 51 86 31 96 98 66 52 88 46 60 16 52 81 62 12 70 61 24 15 0 58 43 40 70 43 79 48 68 51 96 42 92 46 37 57 94 59 56 54 24 96 82 84 18 36 92
93 90 96 26 98 95 39 0 2 90 10 25 44 4 44 73 59 9 39 75 19 69 13 2 67 33 83 12 84 31 65 18 57 17 63 78 73 30 76 75 69 82 20 31 64 89 19 38 84 37 38 3 8 16 12 23 35 62 58 49 43 46 38 12 11 91 62 28 39 10 53 28 30 77 59 11 39 97 8 47 56 34 3 13 9 35 31 87 81 89 12 89 5 25 53 97 88 90 79 42
4 90 90 32 75 42 97 34 86 25 85 0 13 79 22 99 47 70 95 98 50 89 66 90 79 30 77 87 97 52 82 25 51 18 87 75 52 58 83 99 77 2 21 96 59 7 19 91 56 67 45 9 89 23 82 68 20 37 4 62 7 23 35 69 16 12 96 85 54 20 77 38 24 17 61 15 52 67 86 12 76 65 20 60 39 55 1 4 25 84 53 55 50 25 44 27 96 55 16 79
25 67 91 44 93 69 25 26 27 4 35 66 69 0 61 40 60 86 2 93 65 32 80 76 45 53 24 4 81 22 19 41 3 31 69 29 44 57 38 16 31 65 81 43 66 45 52 76 78 20 92 5 27 63 16 54 59 93 92 87 10 26 88 18 73 13 82 94 89 73 81 47 93 38 48 60 38 72 73 43 58 58 16 76 98 92 35 6 81 69 85 85 56 94 95 48 54 87 58 39
89 42 67 38 15 3 98 13 85 37 86 4 4 4 93 26 64 13 40 30 30 15 4 5 32 61 95 9 13 25 24 89 59 69 45 71 87 18 86 67 63 89 44 73 78 11 80 97 31 66 84 24 80 66 80 46 19 1 46 97 95 50 88 46 12 26 29 23 31 29 44 64 23 8 22 98 50 40 58 22 82 26 4 32 15 85 70 25 31 67 59 19 87 12 32 70 19 48 47 21
65 98 82 56 83 68 81 80 69 55 43 13 51 26 89 10 11 1 72 20 91 71 62 26 2 88 41 79 0 71 20 24 97 66 22 65 23 17 45 7 64 30 24 77 22 93 69 21 36 85 70 45 38 80 5 58 89 12 47 80 35 84 67 29 39 32 54 70 3 96 17 16 63 94 24 58 56 19 31 55 83 41 3 44 65 38 74 23 69 24 10 19 6 6 27 5 51 63 12 14
9 67 5 82 44 93 86 1 43 54 57 72 19 33 54 15 69 20 42 92 93 47 11 64 54 95 17 43 5 26 83 36 22 82 87 31 5 80 87 45 76 20 91 68 69 21 73 59 38 97 36 29 30 91 82 4 75 74 6 46 79 46 41 37 13 60 92 77 63 26 74 36 54 57 28 75 18 41 17 46 55 43 38 38 78 75 50 78 27 89 18 27 70 92 93 60 61 8 7 84
78 63 24 71 7 86 28 74 38 93 18 17 35 54 1 40 95 86 15 30 72 88 60 46 40 77 70 99 2 49 15 54 99 48 35 61 44 6 58 42 45 67 78 5 73 96 1 71 63 46 48 86 39 23 74 65 79 1 25 37 93 86 49 40 36 48 32 21 35 7 56 20 76 83 87 81 38 82 2 11 71 22 15 57 12 83 16 27 98 0 67 1 10 90 81 83 61 59 9 91
6 16 21 6 96 66 62 26 70 67 57 30 28 48 26 68 40 49 56 66 46 36 18 50 68 8 25 76 27 43 88 70 67 61 25 76 23 40 22 29 17 74 26 62 95 81 13 10 84 72 7 35 50 99 87 84 63 0 74 49 18 93 7 84 66 67 59 26 84 48 73 8 93 40 25 13 46 71 23 20 70 76 77 65 81 45 86 76 44 99 58 84 22 20 31 82 58 68 94 41
94 95 33 57 55 93 95 75 57 68 48 83 85 94 46 45 49 49 49 35 7 2 30 51 27 68 89 43 12 55 70 90 60 24 72 20 16 49 0 88 11 48 70 59 87 16 70 28 16 94 98 87 14 73 68 73 47 58 36 22 36 40 14 44 10 7 80 85 75 31 45 3 37 64 39 40 43 74 6 62 40 71 15 86 38 86 17 10 64 43 41 16 25 49 78 19 47 66 61 6
72 27 26 92 65 20 70 25 96 41 67 51 38 20 54 52 33 82 43 75 7 5 97 51 38 38 5 48 28 20 50 54 72 56 99 69 21 77 68 23 48 67 97 28 81 83 67 22 29 58 15 68 46 66 58 4 0 37 16 70 67 55 56 84 74 67 78 37 27 79 77 85 79 32 76 69 10 87 63 44 49 74 20 42 17 27 1 35 29 20 30 53 65 19 31 35 40 67 53 70
41 0 55 50 79 22 46 20 76 53 87 80 57 94 91 91 66 33 15 61 82 89 1 36 65 39 65 51 52 66 38 9 19 27 73 34 19 38 62 55 7 32 24 42 27 42 66 58 26 61 9 41 36 0 81 98 29 75 98 29 97 50 45 85 95 57 38 21 33 25 73 57 0 56 33 53 35 93 77 76 14 37 52 98 87 0 15 53 44 82 69 88 72 84 75 74 98 28 45 2
33 25 22 24 38 27 0 30 82 79 51 32 51 70 33 50 75 98 50 67 47 8 82 70 17 29 43 69 79 64 49 20 51 59 72 2 30 22 20 95 35 29 51 51 12 22 47 86 36 51 80 3 86 17 98 60 72 96 22 81 80 60 66 54 96 30 63 38 78 26 0 6 2 30 29 11 99 93 12 51 77 91 9 88 92 31 56 32 57 16 14 64 13 76 96 18 49 54 86 66
70 91 94 21 21 8 14 80 38 37 97 61 79 58 41 12 86 2 12 23 84 43 51 65 72 69 72 94 71 14 84 7 94 19 54 80 82 47 17 76 1 2 93 48 20 72 92 41 10 9 10 27 84 71 8 99 70 42 37 78 45 40 85 8 81 69 14 15 72 17 66 62 56 91 94 22 28 24 36 62 77 74 74 21 67 89 58 49 97 22 39 67 36 16 50 91 72 89 93 83
46 41 68 48 36 53 11 65 54 96 67 55 53 11 26 10 4 49 35 92 6 61 59 55 85 3 49 41 9 76 27 27 16 78 87 39 41 99 6 41 77 99 85 84 58 96 32 97 32 70 36 49 24 61 61 65 15 4 70 7 50 59 27 63 78 34 58 91 59 39 59 44 28 41 18 18 1 61 63 83 90 56 39 57 86 30 60 2 75 35 40 36 13 4 51 82 52 2 14 0
12 44 52 60 39 23 57 71 25 17 96 88 71 50 53 74 95 54 29 29 1 32 80 28 41 51 22 93 52 16 55 15 32 42 78 55 23 54 23 75 94 95 28 98 10 2 84 2 9 1 20 72 6 86 83 21 93 67 46 78 83 43 19 76 56 24 82 98 69 89 56 72 94 21 19 35 85 73 35 35 52 49 12 48 91 90 16 91 62 33 79 75 57 92 2 77 50 90 22 93
75 6 31 33 60 8 60 59 55 53 25 37 45 33 87 20 84 24 46 89 17 53 98 92 42 49 86 53 58 9 55 52 93 89 96 2 34 81 69 83 13 16 38 40 70 28 29 70 7 57 94 94 67 81 14 38 27 40 97 90 71 8 49 83 7 50 40 64 41 15 4 27 69 86 89 72 55 45 48 8 58 79 13 97 53 83 95 84 20 16 92 68 29 89 18 3 36 71 80 42
94 13 12 84 59 42 28 4 80 61 31 97 29 55 88 5 67 21 30 46 67 63 64 19 41 68 87 83 55 68 77 9 23 97 91 20 73 38 54 27 20 69 13 7 45 4 67 72 91 58 4 97 95 42 82 17 34 34 79 14 51 89 77 42 29 29 88 98 19 54 63 50 99 55 80 95 22 4 10 59 65 92 4 99 84 43 39 89 25 47 23 92 96 26 73 80 63 58 15 20
98 67 24 27 75 2 89 2 62 22 67 13 77 14 51 63 60 78 49 54 20 42 94 39 47 60 0 26 31 89 92 3 15 49 67 9 57 12 23 91 63 71 83 70 82 92 56 35 14 89 44 85 34 77 73 43 77 28 45 62 19 78 14 74 9 95 11 13 31 63 60 91 55 84 24 92 39 77 99 4 49 84 13 97 43 93 37 22 17 15 88 93 53 54 47 91 14 67 7 29
28 79 76 82 69 26 26 23 82 36 35 36 48 98 63 58 53 2 65 15 43 70 69 18 74 64 44 95 36 69 11 39 5 41 65 93 21 18 80 63 11 13 25 37 69 80 96 29 0 4 82 1 66 51 77 22 43 42 88 75 63 48 77 72 56 3 96 34 27 96 27 86 6 8 91 31 64 3 26 26 70 25 14 34 65 89 64 94 70 6 60 70 99 13 82 77 49 52 77 47
42 86 89 59 70 86 98 75 25 0 3 5 51 80 80 14 36 86 86 72 67 78 34 90 17 86 69 23 83 81 63 85 22 15 21 10 95 10 58 94 52 26 82 78 2 65 2 74 68 23 66 15 30 29 93 60 42 76 22 24 77 91 77 17 12 34 90 98 55 3 59 34 50 43 99 49 53 69 40 97 43 11 88 91 40 48 72 97 61 77 58 88 77 18 58 53 62 79 74 30
20 22 27 54 44 34 82 77 26 13 57 59 61 55 8 99 92 42 28 3 53 90 50 97 94 84 38 98 63 46 91 86 1 76 99 31 30 32 87 63 85 14 2 91 93 46 95 12 52 52 32 88 46 76 73 0 62 75 39 32 10 99 54 74 12 50 31 95 40 89 51 63 5 76 27 73 59 76 96 48 33 0 85 18 99 24 78 45 24 42 99 13 94 99 42 18 65 69 32 89
