100 100
78 65 7 94 35 83 27 40 93 90 7 30 18 45 92 27 94 9 63 50 65 89 91 26 8 75 91 49 78 80 17 46 23 37 73 86 55 29 16 10 46 19 4 63 81 8 26 92 43 0 49 23 93 98 89 5 53 4 48 73 8 71 90 42 57 97 30 47 17 18 83 91 29 38 95 51 80 82 87 1 19 43 89 56 92 77 94 64 38 53 87 50 84 85 89 23 43 16 39 39
96 55 95 43 41 19 66 75 28 62 93 0 65 42 94 49 57 99 55 64 91 10 74 69 78 96 34 92 92 65 23 20 1 99 59 48 54 89 80 69 24 61 44 29 1 50 63 70 52 7 10 54 97 46 81 73 34 90 87 41 30 74 25 50 45 53 26 98 92 48 36 82 31 54 46 73 9 46 53 82 89 15 11 71 91 50 60 44 59 23 84 16 94 19 88 36 42 76 32 10
25 12 61 79 78 47 54 32 36 31 74 98 41 36 68 73 65 80 42 8 39 4 88 95 50 34 70 86 33 21 59 68 5 76 27 54 94 77 35 18 28 54 13 48 76 33 30 88 13 45 71 63 83 1 72 4 41 44 75 5 31 3 22 91 6 14 86 78 57 29 67 78 91 59 78 86 20 93 83 94 88 9 52 43 84 77 21 46 53 28 7 3 93 87 80 16 9 87 41 64
77 82 53 37 65 56 71 13 39 36 68 22 96 20 29 92 16 44 67 65 10 7 63 31 20 99 74 24 98 94 28 65 95 79 65 76 39 27 81 24 49 32 40 85 6 67 90 75 49 51 41 25 96 51 34 50 80 69 88 73 86 34 42 90 17 24 16 25 78 42 10 88 55 60 36 28 89 56 92 5 88 86 57 28 98 17 40 10 54 94 36 67 68 98 65 48 67 0 44 86
83 10 14 44 7 82 73 10 81 21 12 6 43 15 13 38 76 11 94 72 9 26 74 46 95 91 40 19 64 17 42 79 72 54 80 29 90 44 80 8 74 46 28 86 18 35 26 50 57 73 78 36 97 86 37 1 75 69 56 44 26 81 89 17 86 8 15 27 28 3 39 38 25 26 20 51 30 58 84 68 56 87 57 13 76 7 99 18 2 10 65 49 2 89 29 98 23 42 74 43
26 82 64 18 99 45 97 31 47 22 31 16 18 19 11 4 60 93 63 38 1 3 21 83 23 51 54 32 96 9 3 6 24 41 99 40 29 78 51 38 57 20 66 76 92 77 94 19 90 12 70 53 9 68 47 94 82 34 31 86 12 17 8 91 88 81 42 73 6 24 30 50 60 60 82 41 21 97 16 12 32 7 38 19 75 99 20 14 38 33 39 55 80 33 57 69 15 74 95 95
90 62 47 13 83 48 12 8 65 55 55 42 0 38 23 98 83 26 93 86 47 65 39 58 45 2 95 87 74 10 38 43 54 26 3 76 21 94 18 77 43 2 89 65 4 45 2 24 5 14 28 2 11 93 69 66 45 94 97 60 58 74 28 93 40 13 39 43 5 47 92 96 5 24 52 41 22 36 94 89 80 77 66 78 62 66 58 39 90 84 30 6 80 53 25 64 53 14 17 59
94 53 87 13 24 31 22 77 99 4 86 68 6 19 15 39 65 96 72 10 72 45 58 85 73 54 38 41 73 64 19 16 89 35 76 62 20 66 29 87 69 64 4 50 76 3 64 47 43 48 82 71 97 73 60 85 32 64 3 35 90 28 78 79 77 6 25 77 98 40 86 78 1 16 94 9 24 45 25 40 38 61 57 1 41 36 73 13 72 22 80 58 74 0 25 50 95 95 8 19
26 97 49 66 77 37 34 96 98 26 96 99 82 97 79 12 33 48 69 26 12 21 78 26 56 38 73 41 26 12 30 43 20 96 2 11 82 94 77 50 68 42 52 49 9 9 92 20 61 66 47 80 88 36 3 87 47 12 13 90 10 27 86 77 74 22 65 82 35 84 3 42 46 63 61 70 78 36 64 43 5 16 54 1 86 76 35 76 75 93 48 83 88 77 43 33 94 27 26 40
30 95 15 39 39 32 20 44 29 22 82 22 94 37 34 92 3 58 27 93 44 50 39 17 69 3 41 44 77 84 2 58 13 0 46 99 24 77 26 27 62 67 75 70 90 60 99 52 32 11 25 3 31 82 87 77 22 4 27 19 0 81 22 51 78 65 95 79 52 58 60 37 43 91 49 40 90 4 22 29 73 2 24 68 91 74 35 46 91 20 11 30 41 22 35 43 90 96 93 82
70 30 6 78 30 34 59 25 64 97 61 96 69 88 35 99 0 77 92 33 35 45 44 23 24 74 44 54 32 97 85 22 73 40 88 80 27 72 5 82 9 31 3 48 62 92 92 34 18 11 89 31 99 52 26 50 89 19 65 13 80 59 46 11 81 39 38 69 66 69 43 74 30 28 40 28 85 6 70 40 74 95 55 0 2 59 33 29 87 46 10 91 98 79 16 80 39 29 84 64
8 39 36 43 52 45 58 82 65 15 37 44 85 4 21 69 55 4 77 29 95 59 98 72 63 96 60 15 44 27 65 89 73 49 15 12 45 92 63 25 65 51 30 84 90 47 44 73 3 60 86 78 68 13 85 33 12 54 59 26 92 59 70 26 95 35 78 0 88 85 29 50 39 70 50 89 15 71 64 3 87 65 4 0 4 78 26 61 12 95 18 34 59 76 7 74 1 49 3 75
48 18 61 47 19 51 89 79 59 91 76 94 42 76 30 72 39 21 55 88 64 69 3 92 1 98 88 51 12 28 94 21 85 61 1 56 27 26 82 97 14 49 37 24 11 59 67 12 68 20 99 54 21 75 8 23 76 80 46 8 75 93 49 39 88 81 43 41 9 28 74 61 95 86 94 54 84 94 6 83 89 98 7 99 34 26 34 82 99 4 77 75 16 64 53 65 32 99 82 91
94 71 27 41 8 56 32 75 68 4 27 32 71 85 11 67 32 38 6 54 14 99 0 30 20 9 94 21 56 53 81 45 81 51 39 63 39 46 52 98 76 20 39 49 51 6 7 52 12 42 10 64 1 79 52 89 34 15 8 85 75 3 73 41 47 70 97 37 64 39 80 53 45 59 24 48 54 87 69 57 67 25 51 22 95 13 0 31 96 82 48 87 8 54 80 92 86 90 48 11
92 90 86 26 78 31 26 81 34 98 78 80 30 94 44 83 40 18 83 38 88 41 75 32 38 2 57 85 67 12 2 49 24 30 41 14 8 77 53 70 49 6 81 28 50 65 23 44 67 73 74 64 19 5 76 50 93 10 65 8 17 70 51 33 42 99 95 1 93 24 9 67 50 68 77 58 89 78 79 57 92 65 73 31 23 34 9 60 55 6 68 99 37 68 25 94 27 97 75 74
27 65 46 37 3 38 24 33 43 34 21 67 40 54 20 43 92 35 69 77 88 5 52 22 30 21 61 61 90 66 18 45 90 73 52 71 37 5 75 15 90 60 64 84 2 67 34 37 32 78 84 26 98 58 74 64 69 42 4 43 42 97 21 14 6 30 48 16 8 53 33 76 65 1 42 67 5 12 83 46 36 44 29 93 17 29 30 65 75 35 33 31 79 53 16 47 38 84 23 39
97 46 36 34 56 29 40 44 17 24 67 96 93 98 72 95 4 87 54 62 34 26 8 25 95 31 77 83 8 35 92 9 28 43 68 18 28 87 60 51 70 31 39 21 13 76 41 78 86 37 37 72 26 14 45 90 23 38 44 66 31 40 71 4 14 30 90 53 68 51 8 1 11 45 40 12 86 15 18 40 4 62 74 85 89 49 15 31 95 97 77 99 88 51 85 53 27 81 0 76
61 17 2 68 81 81 69 84 56 92 55 76 7 1 38 92 3 30 71 97 35 75 34 30 15 65 0 85 90 49 17 71 86 20 14 9 13 99 66 67 29 98 20 51 50 45 71 34 3 35 92 12 66 40 71 55 18 13 77 24 99 69 88 31 39 70 27 2 58 71 36 28 0 32 62 97 30 61 8 80 8 71 62 26 55 41 72 47 19 67 53 92 66 3 23 49 82 16 26 12
36 71 80 16 5 21 7 33 44 42 24 24 89 53 69 92 70 10 99 19 16 70 46 43 93 93 53 27 12 35 6 82 14 97 67 24 6 64 74 17 67 79 3 12 47 1 26 71 76 94 73 99 81 98 87 28 59 53 15 15 65 50 11 49 4 11 20 93 87 8 19 12 65 60 35 89 30 71 23 60 40 10 73 40 72 39 74 74 45 76 60 76 31 63 96 84 92 4 30 22
90 37 1 86 23 93 41 78 62 6 0 45 77 23 65 51 78 5 52 96 80 74 86 67 11 26 12 58 84 90 0 17 67 95 80 34 1 56 11 80 8 11 50 81 6 53 53 51 81 59 22 32 4 33 96 61 79 22 22 31 87 28 8 56 56 33 29 27 21 70 83 94 56 54 37 91 45 3 60 52 52 81 68 98 70 6 85 75 90 88 30 74 7 54 95 88 88 76 81 76
71 95 35 73 30 97 49 97 21 15 27 68 64 43 14 81 58 20 45 39 96 47 52 0 77 59 82 47 15 24 98 40 36 57 7 97 23 43 73 74 9 47 40 41 39 22 5 39 24 12 2 82 96 76 97 39 5 74 12 99 66 64 58 40 57 97 49 70 58 14 95 28 94 84 87 0 5 31 11 43 67 92 70 44 10 94 79 23 51 90 9 7 22 22 80 9 16 39 89 53
76 56 18 96 63 60 29 43 98 77 59 31 23 26 42 14 73 78 58 2 29 1 75 30 23 33 65 63 34 95 32 4 39 59 20 78 15 18 8 45 70 45 88 96 86 50 90 91 63 97 96 89 34 69 98 39 98 34 61 99 14 86 79 60 75 15 22 89 99 89 72 82 38 4 31 95 55 7 5 75 44 83 49 21 88 19 97 60 14 84 59 16 92 88 75 36 29 91 91 36
82 96 27 98 43 40 17 82 98 3 54 77 41 15 75 51 20 54 86 45 62 12 12 62 19 9 79 50 55 33 62 24 31 83 16 77 47 18 6 67 52 97 63 57 38 36 73 67 68 98 62 63 54 87 74 9 70 89 61 69 23 90 87 80 31 71 20 53 47 59 41 3 38 12 27 86 99 90 44 26 98 65 22 23 57 10 72 43 76 16 24 90 54 67 14 13 24 38 86 45
19 51 31 96 11 68 40 37 20 88 79 28 64 48 2 15 46 41 98 93 80 84 47 39 83 3 79 82 67 23 81 6 80 83 55 34 24 48 60 93 95 96 68 99 78 39 41 77 79 35 25 76 21 60 58 92 41 72 36 11 25 56 64 9 83 99 92 52 26 78 88 86 19 51 41 11 11 69 74 95 9 24 55 67 39 84 33 28 68 6 5 7 84 13 98 55 34 88 80 16
82 44 76 63 10 97 25 24 22 80 44 15 5 1 80 96 9 94 12 6 45 53 44 21 88 96 66 99 31 81 92 28 16 23 64 68 55 52 35 48 5 9 42 91 10 48 82 73 94 75 49 61 59 48 50 19 2 36 34 10 33 96 46 66 79 49 39 59 84 96 83 33 70 15 74 52 20 80 45 34 36 27 82 33 83 19 87 94 2 26 21 51 47 86 31 40 49 93 14 43
67 84 17 92 39 13 49 99 87 12 4 9 51 73 28 12 89 11 27 85 89 73 4 88 51 28 66 78 46 79 41 42 38 89 81 33 72 47 95 19 48 58 8 26 74 73 8 21 85 37 31 36 23 79 48 18 31 29 81 34 77 20 44 75 41 61 3 29 23 78 99 31 79 50 16 25 4 79 88 6 70 59 48 74 92 45 53 25 49 58 19 25 9 75 75 76 6 21 6 10
10 5 72 57 75 86 14 12 96 6 53 72 27 83 35 8 97 2 37 65 34 6 69 87 58 37 2 28 41 70 46 75 20 5 37 14 54 95 59 27 61 29 4 23 24 93 10 64 66 66 34 69 99 67 21 64 16 48 14 29 62 35 71 37 32 1 48 30 84 36 45 43 4 12 78 45 57 96 25 32 92 16 24 78 81 45 49 12 88 27 57 76 34 25 12 83 70 54 23 94
40 19 99 85 76 50 94 0 6 3 67 46 97 98 85 93 10 91 11 38 67 39 91 79 47 27 91 71 76 80 19 20 78 50 96 80 58 45 24 56 22 31 79 89 22 59 70 64 99 58 86 57 27 77 74 0 17 17 61 42 17 95 12 42 47 98 5 29 71 8 90 34 37 24 12 21 37 99 10 91 60 83 24 79 40 71 72 13 0 99 66 60 1 77 18 34 9 96 54 1
4 78 86 85 98 13 99 30 82 49 40 57 48 97 30 15 26 31 93 96 50 72 26 83 39 64 30 53 1 56 27 58 72 70 22 88 29 85 53 11 28 81 55 85 24 57 69 13 19 0 43 36 83 15 53 45 13 65 88 8 7 20 76 1 1 54 95 76 16 90 94 70 68 32 81 17 49 4 96 19 60 46 11 75 80 3 86 82 79 11 59 53 69 24 73 41 31 49 90 89
16 64 93 55 29 63 86 25 99 47 11 59 23 69 78 67 9 47 51 63 94 12 63 6 9 0 68 97 51 45 94 44 93 84 54 1 11 36 99 37 9 68 41 52 52 39 53 69 70 58 50 62 66 59 5 97 89 91 89 18 55 58 48 37 79 42 6 18 49 20 68 96 35 58 45 38 36 60 26 50 73 36 73 48 30 34 45 29 84 0 60 30 25 98 15 72 58 48 31 86
3 22 37 43 51 73 44 46 1 48 57 31 30 81 32 99 49 54 84 78 95 57 38 7 37 70 79 4 76 56 15 89 71 41 44 18 62 20 76 71 31 51 82 48 79 39 27 41 40 43 83 11 66 18 88 70 93 95 62 20 79 15 17 67 25 44 55 99 44 58 81 87 12 79 47 39 38 59 30 19 24 19 98 27 48 84 73 5 81 62 74 37 70 49 74 90 80 78 11 52
16 39 99 83 2 66 69 55 68 87 95 83 3 10 50 29 75 46 71 16 52 99 82 26 95 54 20 68 75 93 7 13 27 62 8 18 24 59 16 1 77 77 2 7 61 4 11 16 66 56 21 91 32 74 8 65 55 29 40 73 94 2 98 98 74 55 73 10 89 27 17 94 43 34 9 27 87 8 21 3 54 20 88 2 51 15 50 9 41 22 43 97 98 57 20 31 41 85 34 42
37 95 98 56 58 74 47 9 30 46 28 63 45 23 58 29 3 61 24 97 90 15 58 27 91 56 48 3 72 89 2 98 9 9 38 22 3 14 29 38 74 72 53 97 89 71 56 0 25 36 41 71 76 17 64 49 10 71 69 51 55 33 1 22 40 21 53 80 47 89 84 34 36 15 77 31 94 62 88 72 6 45 2 29 18 97 34 79 36 5 90 65 44 98 12 5 82 96 6 31
67 90 23 93 95 46 61 27 43 83 11 21 18 1 15 2 15 31 12 11 32 71 60 20 95 81 63 91 42 54 40 82 98 24 25 55 40 71 81 36 60 26 22 66 75 70 46 47 4 84 14 99 8 94 24 31 39 33 30 12 59 27 35 54 4 10 46 90 50 45 98 60 80 40 81 19 13 46 87 82 50 5 46 61 11 46 3 36 70 16 66 48 94 47 96 19 77 88 58 17
91 17 41 49 58 96 53 51 98 51 56 27 54 60 63 3 34 97 93 2 61 85 61 14 52 56 56 65 58 61 13 45 42 97 30 19 96 85 71 94 59 56 14 86 87 79 33 77 56 95 95 56 5 97 19 66 25 42 16 86 90 56 25 37 51 49 11 96 97 38 36 63 44 32 11 41 51 36 44 55 9 72 65 41 85 42 67 36 62 0 98 87 82 17 84 1 4 7 19 85
45 71 33 98 2 22 64 83 66 47 24 34 60 73 94 96 63 5 81 93 64 21 31 29 14 18 94 7 29 15 76 64 9 54 70 42 91 38 43 59 77 2 94 68 30 13 9 67 96 43 46 26 5 97 61 88 59 99 35 26 23 1 98 2 69 11 52 34 9 90 1 45 94 12 38 13 30 52 0 33 78 98 33 54 72 63 83 44 25 35 47 99 1 62 36 4 76 36 69 32
54 26 16 52 46 85 5 13 24 5 74 67 8 27 7 62 40 54 0 92 36 23 44 21 74 87 46 79 25 38 18 60 2 15 62 44 71 33 33 99 17 68 32 12 81 62 57 58 65 94 6 80 23 94 49 66 46 93 75 33 62 15 45 82 16 39 6 95 27 95 99 18 71 76 69 94 1 91 51 58 2 4 99 75 50 55 61 19 44 0 75 92 13 49 9 95 79 18 31 59
21 86 90 87 41 78 6 46 27 67 17 97 50 42 6 44 61 54 32 46 68 18 46 39 37 23 83 54 49 60 78 73 77 82 6 71 38 49 37 72 40 41 49 62 23 59 51 73 54 64 91 88 64 64 98 89 5 68 65 19 46 34 22 79 16 12 85 85 21 12 13 20 27 17 36 52 44 89 32 1 77 6 71 68 29 8 45 80 6 35 23 23 52 66 64 79 67 91 47 24
4 98 36 97 9 42 19 62 66 59 35 83 50 77 74 39 32 37 16 93 72 90 67 76 47 66 54 4 6 70 74 15 3 24 97 93 72 5 71 94 12 24 63 80 16 23 60 47 72 49 94 93 38 33 36 80 68 76 40 21 10 12 7 97 89 98 17 43 40 76 3 88 50 30 97 68 11 26 56 23 45 69 88 3 14 42 19 81 88 42 32 50 48 94 68 20 87 48 35 5
63 64 95 88 85 97 79 77 63 15 94 98 54 93 14 92 95 49 0 37 23 13 7 23 88 34 13 79 82 79 2 65 36 95 49 17 79 35 23 56 15 10 74 41 27 54 16 99 85 30 22 18 67 64 22 52 34 41 7 63 59 51 13 74 39 25 73 97 95 73 43 57 70 80 47 30 72 14 5 74 57 28 82 27 47 48 67 32 83 96 18 34 68 83 59 99 3 70 85 74
70 26 21 48 69 40 31 39 53 83 20 47 25 96 51 47 4 63 31 66 17 49 46 33 12 84 4 6 4 65 42 84 3 81 79 55 82 58 45 54 90 59 24 21 53 72 14 12 3 58 1 14 4 47 71 3 58 9 86 68 77 47 99 35 81 1 98 19 38 98 74 16 84 97 15 96 83 69 38 5 64 51 84 72 42 87 27 46 81 37 48 92 59 62 87 16 22 72 46 86
68 83 51 85 70 0 65 5 89 0 70 80 18 80 49 65 13 90 3 3 18 75 86 83 53 99 19 32 42 53 39 20 77 86 74 30 89 39 91 88 53 20 48 10 91 75 3 79 72 8 62 51 67 90 29 16 24 48 20 65 51 70 23 40 46 40 39 46 96 90 36 86 74 97 48 55 9 60 85 8 55 42 97 37 93 64 42 49 10 81 86 56 75 23 84 82 51 82 2 93
77 9 92 57 93 11 54 64 33 72 86 28 17 4 4 29 68 70 52 53 71 63 59 15 99 24 82 89 15 13 70 67 6 16 34 22 50 69 45 93 12 11 98 99 88 85 76 94 37 82 1 66 45 81 37 58 33 58 7 21 73 91 8 82 21 18 90 34 60 55 19 56 70 16 83 91 62 60 33 1 4 0 23 77 50 7 4 62 14 65 66 93 79 42 78 94 20 49 28 68
19 96 34 92 9 61 70 31 6 16 70 50 45 9 48 32 94 75 82 53 20 58 91 38 23 0 99 36 91 38 70 47 34 63 74 66 44 78 75 80 96 3 30 26 49 55 28 63 19 94 17 16 15 54 72 96 80 74 39 88 63 0 35 79 73 85 46 88 57 10 51 34 74 7 4 75 76 52 88 47 67 77 80 25 22 35 13 25 82 31 18 64 80 56 0 30 49 0 95 65
83 77 54 47 37 57 56 8 53 12 6 87 70 4 0 9 14 37 23 37 20 17 55 31 2 72 96 15 20 22 46 66 15 83 42 82 47 50 69 33 82 98 17 16 69 97 19 28 36 60 15 65 59 91 21 46 31 29 15 20 20 37 78 23 36 31 96 87 65 0 27 99 78 7 35 33 56 37 73 93 48 2 49 46 95 93 32 26 65 14 58 43 12 26 10 55 76 80 68 93
10 18 5 86 38 70 10 53 36 89 95 90 95 22 85 37 18 29 56 35 67 37 94 64 69 5 23 9 94 11 46 41 46 11 0 99 21 86 2 93 23 65 50 47 5 25 68 52 18 91 53 3 74 73 51 40 76 3 4 38 88 32 60 32 93 11 76 0 69 74 89 80 56 7 87 15 2 76 37 22 5 88 38 62 16 32 35 21 58 49 11 94 22 97 92 1 62 25 42 62
42 57 87 75 38 89 21 78 55 31 58 85 53 19 64 19 73 47 64 96 38 99 66 51 89 54 31 17 11 14 49 44 80 60 9 36 3 58 39 88 49 1 85 99 79 56 34 39 45 96 37 63 12 77 76 54 88 25 41 11 38 91 15 98 94 46 39 98 10 86 28 24 76 40 40 77 37 61 43 65 56 40 24 19 55 50 75 88 33 97 56 21 84 50 74 94 79 67 34 78
59 55 34 77 56 50 24 54 41 23 34 60 81 93 78 83 50 19 92 76 87 48 4 71 73 17 50 76 52 47 53 4 28 67 40 58 82 23 53 69 12 25 87 67 93 13 77 36 41 40 40 2 16 0 49 72 69 29 58 38 12 84 10 80 48 70 75 36 90 1 10 83 55 31 33 6 44 21 89 93 13 74 43 58 74 84 66 41 64 30 26 28 37 79 50 55 84 26 39 92
52 59 35 11 52 0 85 87 61 39 62 96 95 51 70 13 6 46 38 60 86 5 47 78 86 96 51 42 61 86 64 8 97 17 31 90 86 27 7 50 75 64 37 31 91 70 9 13 87 68 72 43 36 26 50 52 48 35 54 39 99 0 90 76 57 80 99 64 91 6 95 31 70 53 91 75 31 16 56 3 71 15 51 41 48 29 3 32 99 42 13 91 84 51 76 30 32 93 94 97
20 19 94 55 61 48 0 61 52 10 36 73 80 10 99 64 72 21 34 14 91 37 72 70 56 13 24 8 90 32 12 9 51 51 28 48 92 10 29 77 2 74 46 28 7 32 85 35 88 99 82 40 67 68 71 83 28 33 40 34 83 11 97 41 98 27 69 82 65 93 47 79 70 30 21 90 50 43 36 60 38 9 71 51 1 90 70 98 25 37 14 30 93 22 74 42 70 79 19 35
89 33 68 39 35 20 28 16 66 29 91 32 88 17 10 64 56 75 1 6 54 69 20 49 1 93 9 82 38 35 25 90 56 66 14 13 52 51 86 43 60 81 64 57 13 14 17 77 77 34 50 2 93 41 54 35 84 76 92 86 34 30 11 41 42 70 7 34 51 64 5 68 85 90 49 98 6 40 66 94 3 78 54 87 7 22 85 8 30 57 47 2 71 48 47 41 34 33 84 30
69 31 57 37 76 69 33 58 16 38 66 82 6 96 32 3 90 43 38 72 88 90 65 86 96 86 30 66 78 45 33 72 1 77 71 70 11 6 47 73 5 31 55 48 53 58 37 90 35 32 96 50 32 63 59 13 60 41 96 3 58 14 64 36 81 20 45 7 87 35 37 42 36 22 30 39 94 47 30 62 19 68 35 44 61 81 55 17 14 28 62 69 97 11 95 4 86 48 94 84
33 34 58 76 81 19 90 77 78 12 89 20 26 70 77 19 16 76 94 53 36 15 82 50 78 35 66 79 66 10 17 24 38 48 98 72 58 92 16 5 90 50 29 81 83 98 71 13 23 45 71 86 74 89 36 69 2 6 83 29 94 37 91 63 9 41 20 11 90 45 67 69 13 8 61 31 31 91 98 72 67 9 88 98 23 47 44 71 59 82 80 56 49 91 84 95 56 66 39 91
92 18 5 23 19 17 65 12 14 23 4 7 82 4 43 34 19 6 98 48 30 3 9 91 20 29 7 46 94 64 12 66 79 17 45 51 79 40 95 24 95 86 52 82 75 84 36 57 64 47 28 69 11 53 56 10 31 5 71 68 80 90 65 32 1 62 29 27 6 61 3 57 0 99 5 18 66 65 3 41 75 74 88 54 71 62 80 84 99 84 92 63 66 60 35 18 9 66 25 90
13 79 97 50 82 38 31 35 60 81 74 80 53 9 67 62 18 12 80 40 13 94 98 32 86 22 42 18 31 35 50 47 7 48 13 70 14 98 34 6 45 71 59 28 85 99 24 5 7 88 82 59 34 92 81 41 57 60 86 36 89 96 24 2 97 25 20 17 5 71 7 43 4 92 56 60 61 64 55 92 63 41 56 97 28 60 59 25 18 12 69 65 34 47 39 7 35 53 50 61
42 61 17 6 67 52 80 60 30 51 74 92 33 81 54 23 20 27 72 3 81 22 39 84 1 38 59 47 83 64 44 92 55 7 6 39 75 74 31 34 65 33 29 25 60 94 78 93 69 12 99 33 15 13 64 86 2 65 50 33 92 9 34 2 11 52 27 26 79 80 68 49 64 16 37 80 86 88 66 42 78 98 2 75 58 84 25 25 29 5 22 40 24 15 45 99 28 17 93 82
58 4 23 92 73 81 45 54 78 52 12 2 16 24 92 96 40 36 39 93 93 60 5 52 89 63 23 26 17 13 62 54 61 24 36 59 35 50 20 16 76 59 1 48 78 5 26 86 49 18 5 22 84 41 55 48 4 92 84 29 52 73 42 63 82 28 9 71 58 72 58 1 74 72 76 63 62 83 20 10 7 2 76 3 57 63 67 99 85 30 95 31 55 12 21 58 50 98 93 6
19 35 20 25 13 98 29 37 72 89 97 73 79 82 52 43 39 78 34 99 59 48 77 42 17 6 21 5 50 19 95 67 82 15 97 23 16 44 13 81 47 47 51 27 8 95 7 36 67 20 17 18 5 42 27 86 42 2 83 93 70 19 14 64 46 27 94 20 32 17 86 75 16 88 42 83 66 72 28 64 48 88 45 79 13 34 78 64 4 53 66 69 65 27 96 33 23 26 45 14
16 40 73 35 78 97 16 64 43 13 92 24 45 42 38 64 76 6 69 30 50 70 85 99 58 60 22 67 27 12 47 1 26 90 55 4 4 86 42 76 50 80 61 73 84 34 59 40 1 50 54 98 9 13 60 53 56 33 13 83 7 75 20 7 54 71 89 76 66 87 88 3 51 25 0 8 93 59 87 10 50 53 25 77 35 92 2 10 96 97 66 9 84 58 1 60 71 4 41 38
93 72 7 31 22 40 26 67 59 29 16 98 99 98 67 24 75 3 13 98 13 0 13 97 34 44 48 78 9 41 57 35 47 0 60 93 31 23 80 49 17 75 79 46 34 94 31 23 59 86 22 51 36 72 0 56 77 71 80 84 55 13 48 71 31 88 57 45 48 87 20 66 57 79 97 44 54 35 45 98 19 6 37 93 8 33 4 21 6 73 42 48 84 93 12 22 14 2 24 56
76 73 45 22 60 19 57 84 18 73 33 40 25 63 27 48 29 35 59 38 32 43 86 55 5 91 63 81 87 84 99 38 4 8 41 6 59 48 7 38 5 28 71 64 59 25 27 73 28 22 18 74 56 22 85 91 39 71 8 30 43 92 48 86 97 70 51 25 24 98 80 62 4 17 63 89 0 85 68 23 54 9 38 59 69 11 73 60 18 89 28 30 79 73 7 56 97 94 70 48
73 2 49 20 23 6 48 48 44 41 36 27 99 3 84 46 75 16 2 28 14 66 97 41 24 57 53 58 57 91 69 83 6 51 94 44 32 92 22 16 45 11 47 4 43 32 69 0 34 5 32 85 86 80 20 67 98 80 96 77 98 96 40 78 63 66 6 7 27 10 90 68 82 60 57 97 19 9 8 8 40 4 41 39 59 76 2 25 85 25 94 25 92 46 69 46 17 3 11 27
12 58 51 59 46 58 91 27 14 17 2 19 19 4 65 27 25 18 32 36 42 99 3 8 67 75 26 13 74 78 17 99 19 53 91 32 64 69 99 84 82 21 51 7 46 8 53 62 66 51 1 47 24 19 37 26 43 37 95 96 18 17 91 43 45 15 16 49 36 49 34 34 95 4 82 57 98 89 63 91 6 93 45 73 41 43 66 93 85 57 12 2 64 38 56 85 12 67 5 46
0 89 63 52 7 25 11 77 26 81 66 95 89 54 3 67 34 8 35 85 86 3 44 50 45 47 16 59 59 65 84 15 29 66 92 82 54 10 25 39 51 94 87 97 78 77 13 13 84 2 1 14 76 85 77 28 27 67 8 38 55 57 30 12 40 29 26 26 68 60 93 36 89 54 65 4 81 7 25 44 35 61 9 19 54 79 45 62 36 90 70 85 34 59 98 86 43 6 44 45
27 88 98 78 95 63 42 78 0 83 38 90 51 88 79 95 43 74 70 16 26 54 49 28 63 59 76 36 4 37 12 2 20 77 95 94 40 93 71 20 13 52 70 41 96 1 26 35 73 47 36 24 61 43 17 72 28 50 59 94 35 32 7 14 46 73 97 78 7 98 58 90 68 15 45 45 37 98 4 5 89 61 86 31 22 15 25 18 47 85 53 27 13 55 76 44 29 88 81 50
13 53 19 46 12 95 9 26 72 57 74 39 83 90 42 75 48 52 78 21 8 53 2 76 20 28 15 4 66 41 25 39 57 18 69 10 43 25 67 25 83 57 94 62 49 63 49 83 94 41 30 68 36 85 42 4 12 70 78 92 97 18 62 2 96 27 34 59 81 69 53 74 21 19 43 36 69 43 53 98 14 68 11 80 77 88 76 82 8 49 1 53 96 59 70 57 36 6 87 41
78 61 17 86 3 81 58 34 17 24 88 30 76 53 79 42 14 94 77 94 5 70 64 61 95 65 73 47 62 4 11 14 32 77 38 74 44 89 4 33 92 50 4 28 92 97 89 53 3 42 19 71 25 78 69 29 24 39 83 29 81 67 85 15 48 23 68 98 11 21 70 42 74 72 11 83 82 58 94 8 39 85 22 42 76 94 43 47 86 45 52 83 96 18 95 46 10 55 95 30
2 33 84 44 11 14 51 51 57 56 74 98 44 17 39 20 47 75 75 33 47 92 57 54 5 79 72 95 79 17 34 50 51 24 55 67 18 74 91 5 31 97 78 41 79 27 50 7 22 89 65 29 57 49 14 12 21 4 53 73 25 16 38 63 54 39 45 89 17 49 50 10 57 26 3 33 82 84 92 24 24 34 8 99 96 79 4 40 24 47 70 81 73 6 43 47 25 81 59 50
89 83 38 19 82 2 91 27 34 34 17 70 79 59 99 72 44 98 38 47 30 49 59 1 80 10 31 16 77 65 65 4 59 38 35 6 40 3 57 38 44 38 59 1 9 33 63 97 72 65 34 5 89 54 98 10 37 63 20 19 21 81 34 93 99 96 80 8 55 48 34 67 67 19 46 37 50 20 11 31 64 91 34 11 10 47 69 24 94 75 77 56 99 95 12 38 68 81 97 5
81 53 48 59 38 48 23 93 88 91 21 43 63 74 31 78 8 17 44 60 13 27 62 22 38 66 10 68 60 6 38 17 62 5 20 78 35 47 4 37 34 55 43 53 38 63 31 42 74 50 97 31 39 87 88 78 26 92 24 59 93 51 59 34 14 65 88 12 72 15 50 70 6 16 30 92 82 41 35 6 78 39 44 55 5 53 16 40 19 83 78 14 12 56 10 61 38 93 59 99
9 90 74 33 54 61 91 82 25 37 49 96 87 24 98 5 58 18 67 6 69 50 89 56 23 47 59 94 54 2 77 82 91 20 65 36 96 62 77 49 88 62 16 54 15 59 63 65 6 66 61 90 78 35 66 47 51 88 41 22 64 33 31 89 11 77 42 17 86 12 82 58 45 72 79 49 94 99 42 29 0 87 86 0 75 47 20 42 18 47 25 52 31 58 73 32 99 79 32 25
7 81 74 69 21 52 57 11 75 13 72 12 29 17 81 24 24 39 16 55 56 1 10 57 98 3 68 38 36 49 69 21 85 2 53 25 10 26 61 1 49 25 93 90 48 11 61 56 50 0 34 59 35 58 52 53 15 7 73 1 91 96 28 14 32 76 29 60 22 96 25 90 91 78 26 70 31 31 46 32 94 75 65 7 21 4 2 99 4 89 29 62 84 15 71 14 14 5 30 33
51 0 63 80 41 23 90 77 43 63 35 9 92 14 30 79 58 76 83 21 43 58 92 10 76 19 28 16 37 52 29 87 68 1 57 33 94 31 39 72 44 63 90 47 79 40 21 55 78 63 85 62 77 37 78 12 84 97 97 6 71 24 3 37 46 95 59 43 28 37 21 91 15 21 54 38 18 43 70 9 27 30 86 58 52 11 40 64 13 88 76 91 87 76 13 74 98 50 32 15
46 1 68 11 5 53 89 45 53 3 43 35 29 63 97 38 75 9 66 72 27 91 8 56 23 47 8 6 50 66 4 83 56 94 5 42 11 21 42 69 91 34 54 92 62 45 33 51 1 3 3 55 32 91 67 45 77 20 58 9 37 58 53 44 63 19 87 41 78 74 36 50 0 54 14 74 71 54 12 10 42 36 6 70 91 17 54 69 25 0 4 22 21 73 17 26 95 46 65 56
23 13 84 77 47 85 97 10 95 86 74 75 4 69 15 67 64 19 27 34 58 24 47 46 33 19 24 68 50 77 66 86 89 89 27 38 43 64 28 87 28 7 28 47 44 67 51 71 70 73 52 1 54 96 48 85 48 35 55 40 65 34 11 77 16 14 1 88 27 98 10 92 98 19 22 96 56 90 42 77 73 14 84 67 66 42 58 5 76 66 26 75 21 76 49 36 48 6 29 39
70 29 60 88 76 67 40 11 86 27 72 88 0 86 65 67 37 94 78 16 82 83 95 34 61 34 18 70 54 57 31 84 2 32 79 9 7 58 24 72 61 46 57 59 77 27 55 11 48 98 33 83 31 17 99 96 36 80 33 56 82 25 67 39 66 32 47 86 71 8 20 57 53 69 40 82 92 68 81 35 78 48 87 60 59 16 8 65 84 13 0 25 32 49 2 8 1 55 39 86
57 20 46 59 61 74 19 86 84 69 17 90 96 41 62 49 66 35 16 13 22 73 47 85 61 95 96 85 40 91 68 92 79 81 94 41 26 25 97 65 56 67 86 38 83 63 3 87 35 47 41 38 70 82 91 56 3 21 17 63 42 97 55 96 3 82 45 10 63 17 53 34 13 63 89 93 68 94 56 52 78 76 65 55 3 6 25 41 26 68 83 88 49 12 20 22 5 72 21 18
20 59 43 5 29 22 51 70 96 43 70 0 7 63 90 8 16 47 25 12 3 82 26 17 58 5 0 72 53 27 51 85 67 75 24 88 28 1 9 73 20 8 31 22 24 46 24 6 30 55 91 27 16 51 82 24 31 45 95 0 17 53 71 50 4 26 5 25 6 12 2 95 18 53 18 32 46 75 86 89 8 67 9 72 82 74 8 7 23 96 33 4 95 4 43 47 97 65 18 39
63 92 11 53 33 20 82 73 46 50 42 9 7 72 34 27 1 56 16 40 33 36 62 57 76 36 2 5 37 16 21 13 67 16 2 45 42 62 51 54 25 74 64 50 50 2 5 54 34 21 46 40 85 5 74 44 22 76 29 70 26 69 20 93 48 19 7 29 43 0 62 9 2 49 13 62 22 40 83 15 4 59 50 57 34 77 42 41 68 25 42 60 89 14 19 17 4 60 28 29
77 4 18 78 42 78 48 24 94 67 8 14 21 87 9 98 91 48 90 9 65 76 23 37 5 88 92 68 43 91 61 69 66 6 62 22 92 10 60 31 72 21 91 58 32 49 73 68 79 64 86 17 27 69 60 9 73 52 88 54 48 73 50 28 80 27 92 55 55 93 28 8 65 88 23 52 1 25 27 41 15 64 62 86 19 60 22 51 91 95 50 6 62 95 66 22 29 39 85 1
86 63 7 45 90 17 11 14 4 82 77 49 6 49 55 67 63 19 52 61 72 58 66 11 3 39 8 8 80 46 54 84 6 58 34 65 90 54 42 14 61 33 70 8 87 77 75 31 70 57 88 31 76 89 43 65 1 52 29 18 96 94 29 31 54 50 61 4 80 15 70 41 80 34 30 57 70 88 98 98 96 74 13 47 69 16 8 49 66 53 92 14 7 0 63 12 51 6 18 31
26 68 25 94 40 3 27 25 22 45 86 77 25 29 21 17 13 50 31 33 69 65 43 70 98 15 62 97 95 79 90 79 37 49 53 97 87 57 61 32 75 4 27 43 76 41 19 18 72 12 73 5 61 67 17 78 24 1 40 39 84 12 32 14 90 2 76 41 62 82 83 1 47 12 7 32 37 14 41 74 48 86 63 24 12 78 65 80 58 45 0 87 59 80 99 18 79 42 79 45
50 26 30 6 2 28 0 63 19 84 3 54 44 93 97 96 67 54 5 23 51 89 41 18 73 47 5 2 86 48 22 56 58 16 96 38 28 65 86 87 40 90 65 98 45 93 57 82 44 25 99 42 25 84 87 97 84 55 8 46 77 71 78 54 16 98 15 1 37 63 95 54 30 78 34 64 31 15 71 21 41 49 59 63 92 83 42 62 79 33 20 60 30 77 91 1 0 8 80 29
0 84 76 17 67 20 83 11 13 5 75 87 77 87 70 41 94 37 73 32 16 33 35 72 79 11 69 2 86 62 83 33 96 31 90 46 31 64 96 89 90 2 22 65 53 13 45 7 69 38 11 45 92 93 95 39 85 85 90 99 24 73 78 65 95 96 25 82 87 9 40 72 39 44 2 55 43 40 3 60 42 70 89 11 42 21 69 88 39 93 41 83 41 94 71 17 58 28 41 5
93 0 63 5 18 92 90 2 7 78 68 64 44 96 89 4 55 7 60 75 82 49 82 37 64 86 40 35 69 29 42 34 30 55 12 79 10 80 25 45 28 12 1 84 51 62 30 66 18 59 47 75 50 54 29 4 73 9 66 67 88 76 61 44 61 13 81 29 77 96 4 0 76 6 50 42 52 37 67 45 90 64 33 93 52 82 67 72 75 38 5 31 30 64 85 18 13 6 84 66
47 80 11 58 97 34 26 99 39 61 28 52 94 73 38 4 65 95 90 94 7 12 78 4 70 77 95 17 83 58 45 18 25 51 64 19 26 37 8 58 24 36 65 45 34 15 2 12 55 82 58 29 62 90 79 50 70 87 34 76 70 8 27 13 29 60 86 42 24 96 71 98 84 31 36 42 44 29 18 42 28 26 86 5 37 55 23 55 33 68 1 27 37 62 73 75 46 67 14 21
44 45 35 33 21 15 10 53 57 27 98 48 3 90 58 11 12 24 6 0 85 47 70 47 83 61 79 48 22 41 11 94 17 96 45 85 59 13 99 39 96 81 47 53 6 30 59 13 48 91 99 55 78 70 29 29 61 85 91 50 72 88 26 66 69 94 73 1 57 92 12 96 98 34 79 12 95 38 41 94 16 97 58 98 14 2 54 77 4 73 23 46 10 1 61 66 52 98 46 75
54 70 38 70 57 33 47 0 10 5 8 22 46 20 66 56 6 44 95 31 81 71 6 47 16 39 74 21 17 84 96 10 30 43 48 82 91 93 4 21 41 8 29 38 2 94 0 77 55 79 3 13 87 10 60 37 17 27 3 65 94 79 41 99 5 47 27 97 42 82 84 51 29 25 72 71 87 49 20 24 51 43 63 98 39 98 88 21 0 83 13 61 10 10 86 27 49 44 32 0
91 34 12 96 89 78 69 84 63 82 80 90 5 21 72 14 17 52 95 5 43 70 75 58 29 88 47 7 27 21 68 14 4 81 41 82 55 91 2 33 6 44 74 46 2 67 22 58 17 36 42 88 80 73 59 69 7 12 9 35 63 33 99 27 3 17 3 66 57 82 13 62 80 62 98 8 79 47 27 51 35 45 9 94 85 97 64 74 92 97 2 71 34 54 73 56 59 84 0 76
13 81 43 18 41 80 39 31 32 13 62 1 73 95 94 21 79 2 64 46 28 31 99 45 87 61 82 29 12 81 9 71 58 60 93 90 57 24 90 29 43 98 29 8 70 54 38 12 69 45 83 7 97 52 51 89 76 45 39 96 16 3 18 31 86 7 12 78 65 97 94 15 32 32 56 83 62 83 64 60 8 63 95 7 83 58 30 93 34 42 88 64 10 99 82 67 29 8 4 80
44 95 4 77 39 93 7 91 61 17 54 30 78 72 49 22 59 30 18 86 60 88 29 53 7 62 7 61 48 67 74 10 15 52 74 63 30 77 35 30 67 56 43 11 1 95 16 88 2 92 97 44 40 7 79 85 23 34 63 27 61 39 79 39 68 1 77 7 18 86 39 24 94 96 41 89 78 13 65 52 29 88 88 20 82 18 48 92 11 47 10 99 88 99 23 58 14 72 40 70
27 60 67 44 30 71 78 50 41 41 60 50 63 89 94 98 91 62 47 47 40 85 65 44 25 28 65 73 59 9 14 8 62 13 28 57 20 33 75 1 49 31 90 10 18 20 84 81 54 70 21 28 84 63 79 0 39 30 57 18 6 9 61 68 21 7 37 98 73 43 42 24 87 98 12 79 17 17 92 90 57 36 97 3 43 47 51 37 98 70 6 93 80 92 68 6 17 48 83 67
92 0 97 51 10 71 28 81 26 7 45 0 31 30 73 32 88 84 56 45 8 36 59 38 80 91 92 29 37 4 21 50 34 91 16 61 0 72 84 91 20 10 16 93 13 33 18 13 31 63 10 50 97 31 18 13 55 71 17 66 19 55 94 64 88 57 99 6 51 15 95 37 71 73 3 45 41 89 6 30 19 5 49 45 2 87 73 24 1 74 51 63 54 58 69 35 89 99 69 64
78 32 95 34 59 19 26 25 71 92 68 45 53 71 39 58 2 3 68 55 94 78 38 98 20 45 13 89 41 98 94 11 57 29 7 31 16 34 62 31 14 93 77 6 33 0 9 39 57 9 84 42 35 98 98 28 33 45 79 77 83 65 32 22 78 59 47 93 81 66 92 46 8 33 49 79 30 67 14 71 87 56 52 55 28 0 92 57 23 24 30 21 65 12 1 95 38 24 49 4
97 58 78 19 5 0 76 10 78 72 12 6 66 29 92 21 80 41 13 28 44 63 78 87 59 53 78 6 45 4 8 92 20 98 72 69 93 13 83 8 91 49 77 32 46 88 73 61 28 40 99 46 1 48 53 81 87 28 19 77 58 4 61 88 55 8 35 20 30 31 5 55 16 4 33 58 7 33 98 58 90 67 74 18 0 90 98 70 83 49 3 80 43 37 83 97 25 39 95 55
17 81 96 42 94 76 8 27 24 87 20 42 40 64 14 23 33 76 83 31 71 75 6 62 62 21 12 9 56 7 22 98 86 23 56 26 59 19 25 53 72 17 74 16 9 84 35 7 77 33 55 22 75 12 98 96 80 5 98 19 91 43 32 20 18 28 90 15 57 19 4 83 41 72 43 86 12 59 9 1 27 26 97 80 49 32 59 53 4 26 78 88 29 80 13 73 85 86 86 79
90 24 0 89 93 44 44 34 96 94 3 63 46 80 28 41 37 29 31 4 40 79 76 17 85 49 80 42 13 40 24 81 87 13 59 73 25 58 37 6 19 83 47 50 50 23 19 88 49 83 87 47 77 25 23 49 84 16 47 27 79 48 2 43 97 72 4 13 74 89 66 26 51 50 20 11 5 58 36 23 77 67 27 52 4 13 13 2 71 32 37 54 22 56 93 24 8 13 41 20
35 0 15 40 95 19 66 4 58 56 8 66 20 65 97 41 37 32 73 17 50 15 2 2 90 16 30 30 95 8 96 25 14 2 2 83 46 5 35 43 97 81 17 71 44 25 40 86 87 91 61 39 46 56 82 59 0 13 5 54 86 46 71 97 94 50 86 61 58 29 49 62 21 31 25 81 64 28 65 35 37 19 96 23 96 45 76 6 36 26 3 30 59 26 28 75 39 53 6 79
53 65 89 15 50 8 5 93 50 90 40 61 59 89 2 54 60 29 50 23 61 8 58 19 62 61 99 34 13 12 39 72 41 4 11 89 52 19 20 59 62 84 17 37 48 72 84 8 61 92 62 18 62 97 32 20 52 21 18 71 29 90 92 75 73 47 88 53 97 91 9 8 2 89 80 37 79 17 28 28 48 56 14 85 12 45 20 1 75 87 83 19 22 92 12 13 17 22 70 23
35 18 7 90 2 61 9 61 94 44 24 26 84 15 31 86 66 81 85 62 50 44 36 82 46 89 20 18 59 27 81 58 5 32 89 50 28 38 84 85 16 81 17 12 59 89 61 57 74 89 6 19 95 84 71 1 98 51 79 66 29 98 29 77 56 98 39 26 10 56 1 35 77 6 80 46 30 1 6 37 26 20 67 12 71 51 73 39 63 12 72 47 51 97 45 4 8 35 40 69
