100 100
31 19 32 34 64 66 46 94 47 76 81 94 94 67 34 64 96 48 33 28 51 78 37 53 70 30 86 35 53 26 42 98 89 92 3 34 68 86 29 74 88 26 86 29 45 77 61 9 55 1 7 96 81 50 87 94 6 20 36 94 26 48 37 4 99 7 29 39 45 4 55 83 29 75 74 84 80 23 1 52 58 46 99 8 0 43 41 40 71 28 1 93 15 84 65 56 65 74 37 53
93 24 37 47 99 69 98 39 16 74 63 10 80 29 53 25 59 20 4 51 54 99 27 75 78 64 4 9 21 93 64 16 32 92 88 1 9 8 73 81 95 36 62 34 58 2 74 8 16 14 10 6 9 26 75 84 37 64 76 89 5 45 65 83 81 11 81 60 35 92 91 52 70 24 96 29 79 25 54 17 26 58 93 80 56 5 54 25 74 90 30 23 55 1 56 50 58 85 39 13
15 87 64 18 6 64 42 11 87 92 20 41 49 45 97 56 89 23 72 52 50 91 49 4 31 66 70 89 3 88 54 43 86 25 93 70 19 13 74 74 23 83 10 52 96 1 95 50 23 63 20 74 48 97 88 81 67 37 47 17 36 51 22 65 34 23 62 44 29 10 14 98 79 40 69 83 88 94 48 72 60 36 79 88 44 74 25 69 38 2 44 84 25 87 12 3 73 27 52 65
42 51 97 68 89 68 76 29 42 65 80 6 78 40 44 43 3 18 54 88 62 43 76 88 93 26 54 78 49 84 91 27 58 80 74 28 36 66 94 81 91 77 79 15 48 46 88 23 94 58 86 23 21 84 71 22 40 86 54 29 70 37 14 80 5 22 26 54 89 72 41 71 18 0 29 76 78 0 37 55 40 0 87 15 11 50 62 31 96 65 32 57 61 45 63 61 93 27 18 55
60 45 92 57 17 14 57 30 78 59 75 43 86 80 35 73 10 57 97 10 96 58 92 93 38 29 1 32 98 41 64 97 96 64 3 23 88 40 13 72 50 50 79 29 91 56 4 8 81 29 77 14 80 99 8 92 18 43 56 62 69 12 25 53 81 56 59 8 45 91 73 48 7 52 72 80 50 17 74 1 91 35 16 5 22 27 38 53 46 66 89 16 59 4 31 83 76 46 50 60
58 57 65 94 13 4 2 91 39 19 63 86 60 51 29 10 77 82 70 61 48 28 89 80 83 53 28 26 80 36 69 11 12 7 24 88 50 34 51 25 83 46 84 67 36 53 43 20 59 19 78 59 8 51 88 8 1 39 45 31 12 4 38 87 99 16 65 33 9 25 63 70 52 97 35 49 88 30 36 99 41 51 21 35 78 20 5 94 23 81 97 4 24 35 54 28 32 27 91 62
7 90 0 25 81 93 0 10 34 21 95 28 84 17 51 52 3 80 17 68 42 65 99 87 34 65 67 45 79 25 14 72 29 86 24 8 12 21 89 78 83 84 7 70 82 74 55 79 73 56 46 19 93 89 17 52 89 66 78 2 31 42 14 78 94 43 1 91 66 86 91 53 15 79 68 62 43 14 24 70 7 97 84 42 32 41 37 33 48 43 62 12 88 90 13 95 45 21 32 59
37 4 63 38 71 87 19 27 88 6 36 54 54 49 32 10 46 91 64 71 92 62 19 70 74 13 76 43 69 99 9 95 11 9 36 6 81 46 13 19 76 65 76 52 22 47 66 68 83 20 38 89 62 0 48 5 71 69 42 81 34 76 95 90 14 90 49 83 11 17 95 88 56 41 75 24 33 39 37 61 10 68 84 98 16 24 46 58 88 31 74 63 60 7 29 78 75 55 6 67
34 74 19 67 44 41 72 36 1 28 83 76 95 4 86 14 16 93 31 85 48 21 38 17 7 63 59 92 26 10 65 58 29 16 82 93 22 65 9 56 38 45 73 15 15 28 74 14 39 81 96 88 99 65 3 52 95 9 94 53 22 79 40 28 2 7 87 43 63 81 42 70 80 44 77 93 86 93 55 9 10 31 76 63 52 67 71 93 40 16 88 75 81 32 38 2 39 39 29 2
85 9 82 26 42 20 60 59 22 54 53 45 63 35 54 82 50 20 29 31 28 92 44 5 59 52 20 77 70 24 10 57 24 46 60 7 1 58 95 44 18 41 84 26 29 28 82 95 49 33 25 10 99 40 44 75 38 18 80 52 75 6 68 4 37 3 17 19 93 1 12 33 52 60 48 66 42 21 30 61 38 87 73 30 69 43 5 96 55 14 55 0 4 1 50 99 27 74 19 14
46 47 60 60 26 11 56 63 76 51 62 95 70 13 76 82 69 68 61 57 37 72 63 45 21 61 87 14 94 28 98 32 36 67 8 32 13 43 69 1 8 57 35 52 35 97 84 98 11 2 66 68 77 25 56 85 84 61 17 37 9 29 15 71 61 53 54 76 47 24 75 73 98 82 23 29 39 13 67 38 81 10 25 16 25 98 6 22 35 17 12 80 18 71 50 80 49 88 76 7
27 37 83 31 3 98 65 91 23 73 20 95 57 15 54 49 12 20 13 28 29 24 48 25 66 56 19 79 85 39 95 34 49 12 45 63 11 61 42 26 0 11 89 26 45 9 54 85 88 53 42 31 78 18 84 86 50 76 12 99 66 80 69 70 63 65 0 92 3 86 73 22 17 86 25 7 52 85 20 49 98 62 75 29 27 67 82 2 91 37 59 57 79 37 14 91 55 78 49 1
35 48 43 73 45 9 59 17 72 94 71 30 73 94 4 28 46 84 37 52 38 97 19 46 7 57 41 97 57 92 46 82 50 10 50 5 93 4 7 41 6 29 8 69 53 95 29 3 60 68 42 96 93 39 97 52 54 6 33 17 75 39 25 16 15 72 79 28 44 82 95 6 3 33 89 64 24 39 1 86 92 68 75 41 61 55 80 4 4 86 28 29 49 81 41 65 77 52 3 17
20 49 16 31 26 29 40 5 99 97 75 78 37 70 10 31 29 71 5 36 98 84 46 3 33 88 46 3 53 83 6 14 71 36 1 16 43 83 83 38 3 16 95 90 59 12 53 62 63 85 51 85 35 39 25 79 4 40 80 67 37 43 32 55 86 49 25 41 43 84 92 45 98 34 6 0 16 24 7 24 35 35 49 11 5 39 95 60 94 42 97 27 36 6 63 26 34 57 35 3
81 50 73 54 23 15 81 46 6 92 54 67 76 94 23 35 42 44 65 33 46 82 8 89 31 18 12 38 25 90 2 68 39 65 70 77 69 11 86 35 39 47 70 92 48 81 59 14 3 25 46 22 95 97 54 21 63 98 51 35 1 70 98 56 24 33 97 64 71 45 62 83 37 80 63 64 50 12 90 33 70 42 94 52 79 75 1 2 40 67 63 15 47 68 96 45 78 66 90 93
26 26 31 76 54 78 32 56 38 59 14 21 83 32 72 52 69 80 61 96 75 96 11 90 30 83 4 3 24 87 94 73 42 83 32 56 28 92 54 12 82 47 33 98 88 37 53 75 25 95 41 54 45 87 39 61 64 47 8 44 30 63 59 86 3 26 79 39 47 23 97 39 36 70 18 43 24 43 28 45 78 3 10 39 79 71 98 22 96 51 61 10 3 67 79 41 65 31 48 46
56 41 57 26 44 35 97 89 20 53 56 28 40 79 97 75 64 38 95 86 21 6 74 79 2 57 45 61 78 54 79 72 69 17 20 77 62 24 75 38 27 84 28 29 35 16 15 20 82 84 66 43 20 19 51 91 84 87 23 91 28 66 15 69 26 93 47 84 10 95 68 11 71 83 64 16 54 77 3 73 72 93 75 35 22 98 38 11 66 37 64 33 8 11 59 59 62 70 87 13
50 90 72 10 35 77 26 67 40 62 98 91 13 36 40 58 96 83 4 5 20 72 31 6 11 95 57 73 3 19 14 25 85 84 51 17 59 41 67 39 91 10 32 45 35 96 82 92 59 99 38 49 87 27 54 30 52 98 10 16 92 24 89 9 82 48 54 10 70 96 94 67 99 24 57 92 56 23 98 56 19 37 81 60 19 10 17 36 10 6 3 47 34 46 45 55 31 45 52 10
38 23 63 85 0 17 81 76 38 8 62 84 38 61 77 52 49 42 53 0 0 78 65 0 72 7 3 42 11 44 4 44 54 17 97 75 61 87 52 54 77 88 47 26 17 32 48 18 75 6 86 1 67 26 56 18 81 12 3 51 99 65 49 47 31 51 30 37 84 13 43 44 9 68 78 82 13 69 2 36 86 39 77 9 4 28 71 14 93 82 69 11 91 45 18 73 40 74 73 87
39 82 80 1 49 75 3 49 73 24 55 99 94 33 11 92 99 66 79 60 46 20 99 60 55 28 77 43 55 32 11 78 24 37 87 19 49 38 93 6 5 90 87 74 9 73 99 49 4 87 75 2 53 2 71 39 5 87 88 15 41 10 14 47 43 48 54 53 84 83 67 9 57 29 16 81 24 90 10 74 26 84 69 93 2 90 80 7 6 63 2 74 50 8 89 90 15 12 38 72
62 64 42 27 39 29 5 0 34 47 27 38 54 13 94 60 80 67 8 78 95 33 75 52 56 30 39 53 6 77 80 32 59 15 5 91 54 78 86 4 80 48 26 95 96 28 38 88 19 10 99 93 34 3 2 76 7 11 65 60 86 90 54 75 81 24 15 73 66 79 12 13 10 68 83 23 54 38 1 36 68 71 80 7 86 24 91 31 1 56 75 57 12 72 36 59 47 37 25 88
89 68 38 76 76 12 3 80 17 97 86 70 92 95 95 5 16 35 43 56 96 15 36 83 32 14 2 4 98 82 32 26 97 78 20 79 48 98 79 87 77 15 98 31 97 58 63 42 18 30 75 65 34 78 35 71 23 1 49 66 39 25 54 1 62 14 43 72 53 65 66 40 82 91 85 19 73 33 73 11 61 53 56 88 97 91 76 64 42 63 39 41 90 43 24 32 22 59 77 33
46 7 95 46 96 78 94 7 68 77 86 33 71 10 72 40 85 8 96 69 11 45 75 89 78 25 20 45 66 5 48 40 1 28 98 76 0 65 54 77 91 44 81 71 30 15 18 18 22 57 10 22 26 10 91 82 47 3 9 0 49 5 46 86 24 28 62 57 11 90 86 86 27 29 11 72 98 56 11 17 82 35 76 90 84 56 77 81 87 0 25 48 26 56 51 3 96 10 17 78
23 79 37 49 90 29 90 34 69 89 31 72 48 33 93 92 45 73 25 35 2 6 69 5 23 1 84 24 43 10 34 21 82 0 37 56 94 30 8 93 46 54 83 32 84 75 13 43 11 8 1 7 92 85 30 59 19 60 85 61 22 60 58 29 74 55 83 5 49 25 66 43 37 14 94 50 45 94 91 29 36 69 36 24 61 95 34 95 61 87 16 13 42 67 67 82 51 90 50 70
90 53 37 74 90 30 19 4 3 24 45 5 56 49 55 51 55 43 23 48 5 44 88 97 1 24 48 12 73 30 22 84 16 59 56 40 33 47 89 38 2 24 57 12 45 69 17 94 23 62 52 87 75 12 16 4 58 38 3 34 75 38 51 54 69 89 27 47 58 12 68 34 36 17 85 30 1 58 88 20 0 13 9 11 55 18 91 79 20 95 83 8 68 6 44 99 31 99 62 69
21 18 52 5 55 67 9 45 49 47 41 14 19 9 72 80 3 88 88 31 61 35 40 23 52 61 66 9 43 98 46 92 63 73 76 12 92 72 99 49 77 95 70 46 43 68 77 69 82 32 88 60 63 67 11 3 65 6 78 38 58 9 19 75 66 87 58 10 18 83 8 61 90 36 41 78 31 92 23 48 35 41 36 18 79 97 17 49 49 75 95 11 10 61 90 45 26 93 63 16
21 51 88 75 93 53 63 86 17 66 88 79 63 25 17 87 32 88 3 90 49 25 68 66 12 0 74 11 54 90 93 3 8 98 36 28 98 79 84 11 25 83 88 50 45 64 53 84 24 44 87 72 30 43 96 16 82 33 53 3 5 7 1 18 39 9 62 3 59 16 9 32 2 1 44 27 73 85 38 98 83 14 40 69 21 85 54 33 87 87 64 40 25 98 35 28 76 58 78 46
24 86 50 69 79 15 86 31 15 72 87 41 26 30 97 13 85 34 59 64 17 99 9 22 29 58 95 86 63 47 20 16 20 5 98 6 55 60 74 41 8 93 13 31 50 60 83 56 17 88 48 70 83 36 94 40 99 67 32 28 31 83 92 55 63 82 15 44 8 40 49 24 65 55 31 99 54 96 69 55 59 71 89 84 40 24 89 24 17 54 57 87 29 69 29 87 83 40 56 71
33 75 7 87 18 83 82 21 73 57 55 80 45 68 13 1 35 23 16 4 6 92 82 45 74 23 96 38 87 66 20 67 97 82 98 55 80 29 91 72 50 24 72 51 76 87 75 90 79 7 59 0 14 16 86 92 30 29 1 84 40 85 16 28 27 75 51 75 33 94 40 8 25 0 18 93 6 44 38 35 44 84 4 43 11 62 6 28 19 3 40 21 71 57 59 13 23 89 24 45
40 91 72 76 53 88 7 24 72 76 79 93 87 34 99 10 15 37 47 76 39 90 68 68 4 4 97 22 87 37 75 63 89 20 18 39 45 4 55 65 27 74 24 81 99 70 38 93 45 10 30 30 28 84 88 80 19 55 50 97 88 83 65 13 47 73 50 38 33 8 80 71 21 48 7 96 74 32 79 88 95 29 49 23 36 74 68 2 30 18 86 45 48 46 80 59 59 66 59 70
62 60 40 93 86 8 53 43 10 98 76 14 34 67 64 17 34 13 91 39 96 86 16 88 47 22 83 80 53 92 55 95 9 5 81 65 62 81 88 4 31 23 41 48 34 81 19 29 40 15 15 52 49 52 13 40 64 41 85 21 82 2 98 68 23 81 24 5 41 41 72 24 35 5 35 97 21 16 77 68 74 75 72 80 54 63 62 3 33 41 46 71 88 6 46 96 89 51 65 59
31 76 56 23 65 73 73 83 50 10 88 6 35 14 82 89 90 91 28 99 31 72 99 67 88 10 38 18 23 61 9 56 59 67 68 33 8 2 69 63 3 45 77 76 10 49 99 40 59 33 55 14 86 18 0 21 89 65 91 11 88 25 26 92 84 6 22 64 18 51 90 67 22 12 61 83 98 90 77 92 15 34 84 75 16 52 1 73 26 48 30 23 33 28 29 40 44 28 50 86
65 27 47 68 52 1 88 56 66 58 64 17 23 34 1 51 85 15 51 72 26 66 41 28 63 64 80 85 27 74 59 47 4 76 9 66 22 20 1 10 28 35 22 54 42 44 9 76 89 11 20 76 96 90 49 9 27 92 23 85 64 75 21 7 77 95 33 8 45 39 30 46 49 26 64 73 29 44 23 3 69 41 46 83 35 5 17 60 38 17 37 52 47 64 74 2 31 74 31 30
43 54 4 63 73 65 31 81 74 6 90 75 45 48 12 81 74 91 75 24 11 3 19 63 79 13 62 33 72 56 58 19 96 82 95 9 79 27 76 36 58 41 38 26 73 98 43 30 40 30 77 45 32 0 86 97 38 93 90 76 32 31 18 7 23 75 78 44 58 77 88 0 30 76 46 9 36 82 35 61 41 33 69 49 50 4 8 89 72 59 9 20 69 46 5 83 78 66 27 38
19 39 33 5 20 49 38 41 50 40 98 8 84 96 2 52 89 43 66 21 25 64 23 32 91 46 67 37 78 36 22 86 16 96 25 57 68 35 9 83 0 12 34 59 10 80 52 92 96 81 26 25 74 93 26 41 2 39 86 26 54 2 97 56 3 1 11 51 82 93 65 38 2 20 36 36 59 14 74 83 4 53 51 23 2 23 58 54 74 82 96 62 27 39 1 55 13 33 0 23
19 43 2 76 87 63 12 95 57 30 81 99 21 19 28 83 92 13 90 92 49 0 15 30 7 20 88 24 61 61 97 21 94 57 93 83 9 49 33 59 30 10 47 76 52 55 24 5 49 9 32 51 56 20 13 25 22 84 30 56 76 39 77 99 11 91 16 39 85 43 11 67 45 72 31 51 37 53 67 30 40 85 67 93 63 41 92 26 66 29 63 40 50 31 73 42 20 29 0 15
53 45 94 53 68 72 33 9 17 58 54 74 68 4 8 57 47 15 3 75 76 27 45 31 24 53 0 14 98 57 91 2 54 94 93 53 57 35 70 71 29 24 76 88 64 1 86 95 95 71 79 4 33 68 51 44 82 43 93 24 61 61 53 56 50 89 30 26 72 8 78 99 19 97 78 43 9 95 54 38 23 45 99 69 89 28 86 69 92 58 76 31 89 54 88 77 50 46 13 16
18 42 39 27 85 27 39 39 73 27 23 81 26 52 76 16 14 59 25 20 51 96 58 61 90 20 82 8 78 74 35 22 4 96 36 14 42 93 77 40 95 18 22 94 52 68 64 76 77 7 75 1 66 37 49 53 77 89 74 60 53 72 0 6 31 65 28 31 18 70 78 30 65 59 77 66 95 49 2 74 44 57 73 1 60 16 1 36 76 37 58 60 3 63 69 22 11 39 54 65
64 4 54 3 54 17 25 60 24 69 69 79 4 97 91 10 1 19 81 21 62 10 97 31 97 39 36 65 98 77 58 48 0 25 24 70 55 75 45 6 26 85 74 59 19 11 85 69 53 4 58 25 11 69 74 89 8 40 28 53 57 17 44 18 82 77 14 91 48 92 16 10 79 23 68 80 3 96 51 32 58 41 28 18 86 65 63 66 97 59 30 28 50 2 52 96 88 78 96 40
4 89 5 96 54 95 80 19 20 8 25 63 39 90 51 96 42 42 21 64 23 63 31 85 51 40 63 94 42 3 38 83 96 59 68 63 32 38 80 2 11 22 87 56 29 93 21 76 58 52 15 29 78 48 2 25 79 76 23 47 50 88 84 92 49 4 91 78 57 76 64 76 44 32 12 77 24 91 62 19 96 11 65 49 49 15 93 35 71 3 95 70 68 69 65 80 6 97 45 82
6 13 66 92 92 63 24 32 63 75 41 76 81 71 14 84 1 73 57 89 61 90 42 35 96 35 22 55 26 65 72 38 84 44 98 28 32 16 97 65 34 55 14 62 9 13 28 8 90 63 2 75 99 37 24 85 89 12 69 12 2 4 91 80 55 93 6 24 69 33 59 71 99 53 97 50 81 80 13 93 94 10 63 54 87 52 25 56 5 74 68 35 5 12 32 14 80 83 63 51
93 94 42 45 50 24 51 98 55 16 65 4 79 4 2 30 43 62 12 43 66 71 38 38 54 50 98 22 97 17 76 2 49 26 38 49 89 4 8 89 36 47 37 24 79 94 32 60 90 36 5 72 54 92 82 19 11 31 45 0 16 2 28 5 40 54 96 4 29 78 10 8 74 74 40 5 9 23 66 81 68 43 83 14 23 42 49 50 2 28 91 26 40 77 32 65 53 64 34 10
28 77 78 39 4 2 60 46 98 74 94 59 73 34 11 12 45 55 5 81 58 12 52 43 16 86 25 32 10 94 78 94 37 97 5 83 98 82 8 88 55 47 79 72 23 41 94 40 72 27 49 77 88 11 0 73 7 63 79 87 43 56 28 71 85 44 74 11 49 91 86 42 45 63 81 12 40 11 50 80 32 68 36 80 73 99 46 53 87 49 33 64 97 72 48 43 76 7 2 29
81 27 89 38 9 91 10 11 70 63 18 35 43 93 34 88 83 2 47 1 70 27 59 84 53 47 82 20 26 50 6 80 74 32 23 3 92 97 99 98 18 60 80 54 54 23 9 68 26 41 43 0 48 89 47 25 79 58 91 55 10 35 98 66 27 42 51 57 5 21 99 73 13 22 20 91 13 21 23 92 14 87 14 14 74 25 20 12 11 74 22 25 46 69 2 91 41 61 66 40
15 80 9 13 93 51 93 88 57 51 74 91 59 50 63 23 53 38 65 32 46 93 93 12 95 67 98 36 20 58 83 62 47 97 24 1 24 86 36 79 30 59 41 46 92 91 27 86 67 80 1 75 74 16 13 34 95 56 91 57 8 92 69 78 26 47 6 77 32 85 89 21 25 82 73 91 11 52 9 29 23 18 61 1 27 35 19 78 10 92 98 3 46 59 77 90 36 36 89 16
71 29 50 53 47 79 92 55 45 27 35 59 27 26 8 26 53 51 40 79 10 3 75 68 52 67 29 67 2 6 96 33 11 51 55 74 9 91 21 12 52 38 43 98 77 94 66 47 20 17 91 4 77 63 55 59 29 34 3 1 2 58 96 11 49 91 74 54 45 24 42 76 38 54 84 49 90 70 88 71 40 6 83 78 35 86 14 93 98 11 61 80 5 2 74 52 50 76 46 58
54 56 78 0 2 21 65 84 51 23 42 90 19 0 67 26 99 47 71 22 54 30 90 84 28 40 28 60 6 24 24 10 64 68 95 21 7 26 99 52 81 37 16 68 37 11 96 40 59 26 98 78 47 81 77 17 21 62 0 39 32 75 60 72 27 7 35 9 69 84 93 21 38 15 64 58 43 22 18 76 81 79 70 45 94 6 3 54 80 74 21 22 71 47 99 45 31 64 70 60
85 47 58 40 37 28 63 39 86 52 87 67 37 35 29 57 5 25 64 13 80 52 84 29 38 12 16 10 46 84 85 0 70 40 38 25 4 76 99 87 63 55 7 76 59 14 76 16 45 84 19 60 36 14 46 39 81 4 61 76 86 99 81 24 32 24 74 73 40 75 82 63 96 27 94 57 20 73 96 47 11 29 60 32 88 28 55 98 72 46 37 64 6 85 6 51 63 79 84 97
26 72 80 28 31 58 67 51 33 79 91 61 45 5 9 87 11 34 90 44 15 9 8 17 13 47 13 10 60 19 72 93 42 86 83 85 68 92 64 7 85 1 56 59 63 76 38 79 53 94 46 62 90 88 21 26 11 23 38 52 72 24 65 24 15 71 87 46 7 27 79 23 89 31 70 48 12 80 15 59 90 76 26 61 13 8 59 88 65 22 5 81 64 4 67 35 94 6 9 20
28 24 31 16 62 32 13 95 51 96 77 98 16 47 70 78 27 53 22 89 97 76 58 15 18 84 45 88 45 8 22 29 88 53 50 18 31 5 7 91 62 45 25 40 52 8 0 9 12 22 26 10 96 31 20 70 49 13 39 25 76 69 18 52 52 63 94 91 60 86 90 54 79 16 45 76 77 38 97 54 27 11 32 56 66 45 64 72 48 5 94 60 82 26 94 85 38 70 90 73
7 68 4 49 45 12 54 42 97 77 1 6 70 11 97 14 86 28 30 87 56 96 18 86 22 46 61 39 97 76 97 46 99 44 14 34 97 22 74 48 23 21 34 45 69 45 54 36 8 99 48 82 57 28 68 14 11 39 88 48 12 12 94 30 39 76 55 35 70 23 24 24 81 56 47 72 95 19 11 42 69 66 94 14 95 69 56 38 50 3 56 17 25 3 2 5 34 97 92 38
30 2 42 98 55 4 0 59 99 1 81 53 34 38 74 32 23 37 85 21 65 80 50 82 87 63 15 50 50 23 22 16 32 4 35 95 38 4 57 30 75 29 35 49 63 52 29 18 69 72 7 6 89 54 69 4 34 12 73 12 88 5 87 72 1 6 47 62 21 10 10 62 52 40 76 46 2 38 63 41 33 14 5 56 52 56 63 82 89 14 46 5 92 95 16 15 42 17 54 20
7 18 31 14 2 20 47 8 98 96 99 46 4 18 6 17 10 11 94 98 86 51 51 24 75 44 97 53 66 97 88 34 39 21 45 79 85 92 50 73 44 8 61 61 8 92 8 3 86 98 25 78 22 12 95 91 74 23 69 17 55 13 81 21 67 82 30 65 4 15 9 14 43 69 81 32 76 50 46 9 49 40 28 87 34 6 34 23 31 65 36 8 36 4 40 66 27 37 38 96
3 13 39 15 99 43 26 83 36 9 70 53 10 18 25 40 97 15 67 26 93 39 17 68 97 87 37 80 59 24 51 41 72 36 50 82 35 52 55 0 39 90 58 31 41 13 48 46 52 48 51 13 43 42 9 80 10 75 37 71 32 29 48 66 90 32 80 75 33 77 1 40 97 61 45 11 29 63 26 76 56 46 38 51 55 24 80 85 95 28 38 45 16 67 8 15 87 58 39 58
5 95 74 66 56 94 86 44 43 61 95 46 59 89 45 26 73 28 90 32 98 29 45 31 57 86 37 11 32 8 94 88 76 34 93 8 91 54 37 0 36 62 38 42 5 45 38 39 13 66 32 51 2 76 70 30 93 86 10 82 48 63 66 15 9 61 43 43 24 6 67 31 66 27 45 52 54 35 50 25 92 9 1 47 55 12 45 92 87 77 51 22 50 81 62 18 43 84 53 9
68 57 87 60 42 85 0 39 39 23 22 96 86 10 88 24 29 71 74 16 91 54 34 59 4 90 22 59 57 89 2 39 1 10 11 92 0 22 93 28 36 38 66 8 3 52 93 32 4 49 5 75 24 98 99 68 24 27 1 65 66 94 51 18 56 57 42 54 99 94 56 21 71 13 56 59 93 14 77 38 70 9 20 63 90 3 10 91 77 89 71 33 35 38 98 69 40 84 76 54
45 71 27 41 40 52 41 7 72 67 19 23 67 96 64 74 7 27 26 95 27 12 45 65 21 83 58 62 85 10 39 72 35 96 34 94 63 25 89 9 79 97 21 5 33 94 84 2 73 70 97 50 93 78 35 20 40 50 69 50 11 51 45 69 36 75 9 63 58 83 48 96 54 49 16 85 93 93 7 62 46 76 96 31 44 41 23 97 57 74 21 25 23 97 80 30 77 95 23 22
47 1 36 63 43 98 15 20 63 92 30 46 57 58 59 45 9 89 68 43 5 92 16 6 31 34 10 20 75 57 51 76 74 44 59 91 24 43 79 20 84 19 45 93 46 48 67 87 11 15 33 82 23 46 42 49 95 73 14 78 81 48 53 28 61 62 51 88 66 27 3 66 77 83 85 91 19 80 43 16 41 28 36 73 27 19 86 77 94 11 45 24 55 21 94 71 84 6 32 57
2 85 44 63 26 44 91 3 37 85 74 62 35 80 28 89 96 91 57 42 20 23 11 0 61 16 72 1 72 68 9 94 40 15 56 10 87 15 16 17 25 20 62 47 95 24 94 27 95 22 48 12 98 64 85 32 92 98 86 57 33 53 81 4 85 67 64 93 16 82 40 19 5 23 99 45 24 88 84 37 11 61 12 75 31 14 40 18 15 18 22 92 7 68 84 45 97 71 53 14
30 55 15 95 59 82 66 59 90 85 63 77 20 80 72 80 70 34 5 39 48 7 62 58 37 37 56 98 69 80 87 30 88 43 44 55 14 46 57 21 17 40 88 97 85 29 45 91 9 51 51 96 55 84 23 26 78 50 25 58 33 36 54 34 97 48 68 85 50 45 28 23 92 47 12 46 62 19 5 73 1 74 98 78 67 2 19 21 14 25 25 59 85 74 32 42 45 91 95 20
39 41 71 70 11 47 10 99 50 33 59 2 9 25 51 42 35 7 45 97 14 2 35 8 41 32 84 24 58 61 40 45 0 12 14 56 37 32 32 18 56 57 54 1 68 4 55 31 96 29 94 17 9 59 47 66 19 7 73 45 84 89 0 20 92 45 47 70 89 78 82 30 80 37 5 98 86 71 81 10 76 98 89 77 87 57 51 30 37 17 7 39 94 45 49 29 14 70 67 25
60 97 17 37 43 65 56 7 63 60 37 28 13 77 47 42 26 5 53 60 47 2 10 8 24 61 58 59 50 5 58 7 49 18 78 42 17 81 56 45 29 16 96 6 0 36 64 16 39 52 17 20 87 39 7 39 23 82 46 94 24 37 84 55 28 91 40 11 98 14 66 61 24 52 61 50 63 32 32 26 54 6 24 48 60 95 51 56 40 37 43 46 86 25 19 68 29 17 91 50
98 34 90 94 83 38 42 89 53 27 68 46 12 76 69 45 37 89 62 90 28 41 94 1 23 20 92 28 61 3 33 15 58 34 28 65 62 12 72 36 77 28 83 30 96 38 69 3 90 93 92 75 80 14 76 95 93 25 65 54 41 44 11 40 90 45 61 78 79 15 34 76 35 50 62 84 77 29 8 38 41 52 26 70 85 31 44 17 88 64 28 84 65 22 64 96 46 61 53 60
87 52 24 81 5 5 84 52 95 61 1 70 44 25 92 10 6 0 6 30 14 90 28 75 93 41 3 70 9 1 84 18 64 79 35 43 29 16 51 36 57 69 81 7 87 62 7 70 93 54 15 22 9 7 16 31 60 82 14 73 7 92 3 24 38 14 60 42 43 57 55 31 65 72 18 70 25 95 49 72 11 77 91 85 71 24 20 57 20 77 85 71 56 77 11 27 27 72 34 28
25 17 61 98 63 71 56 35 29 57 42 97 99 56 69 9 22 33 47 40 4 22 59 43 28 44 64 81 12 25 85 40 63 89 22 48 18 60 81 0 67 34 84 41 53 48 70 12 92 5 5 48 13 99 9 56 40 89 6 11 29 92 23 37 56 82 16 63 16 75 5 83 10 28 79 79 31 83 95 87 29 24 55 57 27 37 44 81 72 97 25 96 91 47 46 66 37 65 3 31
91 56 89 38 57 57 15 69 85 88 47 80 38 35 81 13 46 87 34 16 8 48 29 76 29 55 76 45 18 27 19 18 76 42 76 97 94 73 52 67 20 33 79 86 34 18 95 98 53 29 63 47 4 54 58 87 67 34 15 79 67 69 81 55 77 89 61 45 69 11 38 80 75 6 64 80 34 95 56 45 2 3 7 28 75 14 8 24 13 41 29 98 3 13 29 53 74 8 77 6
96 54 59 36 32 10 90 60 65 53 24 57 33 63 36 86 17 95 93 21 78 83 59 15 17 50 84 49 48 37 12 69 86 34 1 80 44 89 84 28 97 98 30 65 7 53 42 56 46 46 21 63 23 53 54 19 25 94 37 63 33 33 50 28 2 46 45 94 97 75 54 87 6 30 77 6 72 17 91 33 65 24 1 21 27 89 26 84 35 80 62 97 90 84 32 50 34 1 85 51
87 60 66 68 59 44 66 24 51 29 98 56 53 58 73 9 84 63 39 8 49 73 48 47 6 58 50 72 6 90 73 78 33 99 33 77 23 59 43 1 55 41 34 14 86 28 66 69 18 93 15 78 83 7 66 43 25 67 61 18 5 84 84 62 3 30 43 74 2 68 76 8 21 70 53 77 75 73 75 84 32 74 68 50 18 54 55 16 94 58 25 43 33 50 9 63 77 22 1 70
94 15 50 85 76 1 38 51 35 26 68 7 78 42 63 72 70 6 28 90 42 33 73 2 89 1 77 68 25 50 2 55 81 98 94 41 27 14 88 64 72 71 19 26 45 63 98 12 85 95 19 95 79 92 93 43 70 62 94 60 16 96 26 44 36 92 33 87 70 41 11 66 6 26 59 43 88 39 16 27 71 31 35 8 25 94 50 29 0 70 13 15 47 68 61 57 57 6 56 86
32 46 61 65 8 49 61 87 66 45 35 49 36 64 48 22 56 59 20 76 89 90 26 24 6 49 47 15 32 54 22 31 34 31 81 81 67 75 42 50 13 93 9 95 65 74 9 34 82 76 60 28 6 63 84 41 50 75 48 68 19 62 79 51 77 60 87 28 83 69 95 41 34 16 13 9 18 88 76 59 51 51 95 48 84 76 38 54 12 29 49 41 60 90 15 36 60 22 70 23
83 13 46 74 25 78 48 20 54 13 86 75 71 72 36 35 53 58 7 82 33 67 76 16 16 86 34 91 14 3 17 11 61 12 33 80 15 13 77 33 75 7 36 87 60 3 16 73 90 98 74 98 24 64 44 25 25 64 55 17 65 98 74 27 47 28 11 34 37 83 83 41 99 65 95 15 28 0 57 95 0 93 99 73 42 90 26 78 87 3 33 10 27 34 13 77 96 34 84 24
24 66 53 61 65 31 44 14 69 53 60 77 17 18 68 52 97 9 51 17 79 74 12 93 12 30 42 41 7 4 59 26 26 65 87 97 44 42 33 12 97 52 20 62 39 19 57 50 92 99 23 82 84 92 98 66 67 74 29 6 61 14 29 21 57 46 32 30 97 87 74 77 88 85 66 97 75 38 25 71 70 4 69 20 57 97 59 87 44 30 53 24 93 81 76 26 64 1 38 29
42 2 45 7 59 48 24 8 30 52 35 57 3 7 10 6 4 46 47 72 79 63 86 91 76 14 2 52 20 27 45 85 54 78 36 46 73 91 10 89 4 51 93 63 98 26 58 92 99 49 50 28 11 1 92 55 47 4 88 92 46 45 92 82 88 4 2 24 57 88 43 22 25 27 22 47 24 42 35 85 15 17 65 2 23 8 55 46 38 25 68 29 54 30 45 75 25 31 57 24
60 22 86 25 1 99 48 99 78 42 19 46 84 38 98 60 98 94 32 32 51 75 41 71 17 77 64 11 46 60 79 72 24 9 10 14 98 53 23 84 60 96 20 14 86 77 88 91 14 41 30 4 45 25 98 6 64 84 81 60 30 55 55 53 90 37 84 4 48 19 66 14 83 58 69 57 53 10 56 36 52 59 10 78 55 10 79 96 1 61 8 83 75 85 33 52 17 34 90 20
74 61 33 46 4 82 45 49 13 65 78 40 39 67 11 27 29 31 52 76 50 71 76 13 48 89 20 18 38 60 64 48 44 2 7 7 82 79 19 66 40 10 88 30 9 96 6 40 3 90 21 96 28 90 89 76 56 58 82 56 36 26 60 0 53 64 18 33 60 84 24 14 49 44 1 19 92 22 77 2 81 49 53 75 32 89 10 22 47 59 91 46 42 34 39 10 25 43 86 50
72 59 55 78 99 32 58 34 27 14 20 99 63 12 39 92 65 48 68 90 26 67 81 75 61 44 87 49 42 3 91 63 76 12 84 97 32 51 6 70 0 23 68 49 79 33 67 89 77 95 93 96 12 32 36 12 27 70 51 73 0 96 60 85 9 52 13 68 32 70 96 65 9 79 50 64 58 48 37 8 39 59 75 44 1 67 3 95 74 92 7 92 84 7 92 80 70 55 41 63
11 52 5 9 51 25 61 23 18 34 82 51 33 65 45 65 72 64 27 45 39 4 49 58 75 25 98 34 30 68 61 86 18 77 86 66 35 69 72 84 86 91 30 66 72 39 89 80 5 31 14 8 89 76 2 92 80 40 67 55 59 32 82 47 77 98 46 31 22 67 50 15 37 52 82 51 50 46 76 86 30 57 19 23 69 48 67 23 83 60 63 94 86 27 73 58 42 12 40 9
86 26 17 46 59 13 19 95 3 52 19 69 0 3 55 10 81 52 79 55 25 58 41 91 83 49 37 64 89 70 97 13 7 33 22 57 47 94 32 33 12 7 60 44 88 12 32 85 83 45 4 66 10 46 90 48 69 8 8 88 20 95 73 98 77 11 49 79 20 18 74 33 17 59 76 12 11 53 16 4 14 85 48 25 31 62 2 24 41 49 66 10 3 41 21 13 46 99 37 27
60 22 48 2 66 91 16 54 76 81 21 27 49 18 0 33 26 0 65 62 37 5 90 65 29 63 89 76 81 56 42 57 79 91 6 26 79 78 57 41 57 29 16 8 68 99 97 96 56 48 78 28 11 65 27 66 99 23 52 80 54 91 5 48 15 11 83 25 48 74 87 69 85 21 64 11 65 29 14 15 10 63 99 91 47 80 86 61 36 18 52 22 58 17 61 5 40 56 50 39
53 28 19 27 79 10 83 51 68 29 77 9 33 63 10 16 84 77 63 99 14 25 79 53 44 34 64 94 10 96 99 36 11 13 16 78 87 46 33 62 91 28 4 56 81 52 11 84 80 16 82 38 25 85 67 59 86 29 38 96 25 28 42 50 38 92 59 79 66 59 28 84 12 79 72 60 98 59 38 44 89 58 73 66 61 1 20 63 64 8 59 91 25 33 48 37 54 1 23 13
70 80 73 79 70 6 4 52 23 15 5 81 71 69 63 52 24 64 59 54 85 54 51 61 5 62 95 61 92 61 93 51 84 76 26 76 97 68 85 99 18 43 73 16 22 37 98 19 65 6 99 39 15 0 19 24 56 43 52 3 51 18 88 47 63 14 84 30 63 51 1 58 18 82 44 24 34 24 90 50 38 78 47 22 48 41 99 88 31 12 81 96 61 95 31 41 7 51 95 20
53 89 9 35 17 31 77 85 74 41 89 5 90 50 27 9 88 57 37 35 38 73 75 84 79 87 24 4 62 52 96 60 71 0 17 88 68 20 34 54 94 44 78 80 69 36 29 33 68 74 88 25 55 81 5 6 7 68 60 96 39 21 71 40 63 60 10 39 10 3 43 57 60 58 94 72 62 49 81 7 86 39 47 30 75 46 7 8 41 27 57 57 64 71 45 93 69 90 81 21
27 84 98 15 12 26 76 90 51 76 54 6 67 28 99 86 66 73 85 74 37 30 17 15 49 14 89 85 99 76 3 46 24 55 70 92 45 83 33 71 4 79 78 69 55 74 0 79 69 14 41 86 4 5 6 31 90 71 59 33 31 12 13 0 30 72 57 62 16 53 43 35 77 24 2 24 23 21 74 50 11 51 31 13 29 53 69 54 93 14 58 43 44 65 32 61 30 50 44 11
75 75 74 58 59 29 57 43 12 7 46 24 47 9 48 13 17 87 58 12 16 28 25 74 59 68 99 41 17 80 5 57 26 49 28 74 23 46 64 25 97 65 90 70 28 83 22 75 63 88 94 25 47 3 43 34 23 39 44 58 71 76 14 97 3 10 15 98 20 56 53 90 72 57 10 77 91 1 58 72 46 95 49 42 99 46 78 92 7 19 70 29 65 49 91 78 84 28 47 79
82 1 17 15 66 24 39 69 74 2 85 50 49 15 54 3 33 22 40 21 32 46 73 88 90 95 71 96 17 31 59 70 61 33 82 84 78 70 70 25 61 48 40 35 0 58 38 27 7 15 71 60 18 40 80 29 14 23 93 18 82 53 58 35 87 93 6 66 44 63 5 48 49 54 71 70 50 0 78 27 46 20 55 9 64 26 14 78 57 96 25 25 70 6 93 67 58 9 10 19
25 69 36 34 32 49 73 72 58 67 90 41 44 58 58 41 44 73 83 83 97 3 99 91 91 83 48 44 43 26 18 20 17 3 44 89 28 55 36 15 18 47 35 3 84 10 84 48 38 63 0 35 98 52 86 72 7 76 67 0 24 57 38 13 94 11 27 51 12 99 32 46 98 25 53 25 84 87 69 99 78 82 14 13 65 95 84 34 87 31 0 28 51 57 61 92 67 74 58 55
89 41 16 12 14 47 19 11 75 17 88 38 27 38 85 51 23 68 39 97 92 13 72 4 33 28 80 4 76 37 52 8 78 38 61 24 24 2 32 94 94 59 93 96 79 3 64 31 19 68 88 9 79 13 81 34 42 45 46 75 1 66 78 98 38 23 10 39 45 37 19 0 8 39 74 33 86 81 18 4 54 40 25 41 38 68 17 35 52 6 37 64 2 26 82 24 0 12 55 74
99 90 72 36 62 22 48 0 6 99 60 34 35 4 95 9 41 6 12 32 99 11 60 41 80 85 39 55 41 39 51 32 84 50 4 1 55 93 69 38 81 26 23 63 54 1 15 23 34 28 7 81 65 61 76 91 68 49 35 9 71 16 35 71 66 50 34 22 30 75 66 86 39 13 43 11 93 55 11 58 36 97 52 24 89 87 47 43 45 7 61 59 50 9 91 82 1 69 97 22
5 70 4 22 17 62 77 89 53 80 93 49 75 69 24 59 2 99 13 21 69 21 50 67 33 55 26 1 80 74 74 1 16 19 70 36 13 20 44 47 7 91 41 17 45 37 75 43 89 67 87 23 47 26 23 37 31 86 75 43 95 78 55 55 90 92 88 12 64 91 87 40 79 55 30 10 86 6 1 19 71 18 84 25 21 57 68 0 8 94 37 62 37 29 20 9 46 7 50 49
42 82 65 24 50 57 67 83 96 94 44 60 17 66 69 9 78 11 44 15 93 9 22 34 15 19 47 80 13 61 86 0 87 72 69 73 84 1 65 87 56 51 4 50 79 62 29 16 92 21 6 7 24 12 40 68 99 19 50 68 81 1 42 38 50 0 57 24 84 24 29 97 93 10 94 82 55 69 76 24 90 61 60 20 14 60 99 40 94 42 32 65 75 11 0 48 75 85 26 47
72 47 82 55 59 61 6 82 69 69 68 51 32 80 39 95 43 53 44 52 27 29 72 94 47 24 7 38 97 68 96 35 89 43 0 44 41 47 9 59 84 84 59 84 33 52 5 83 74 11 4 17 74 59 35 71 6 66 44 87 68 76 27 28 28 31 87 85 89 93 69 85 39 31 76 32 97 59 77 73 92 83 78 69 2 86 1 94 60 14 7 3 9 22 61 51 88 99 64 58
78 47 98 88 6 98 16 4 79 95 84 47 77 82 40 95 36 99 29 55 91 90 24 22 84 14 83 89 48 48 89 48 85 60 21 81 77 43 68 12 79 94 41 63 87 40 66 0 59 8 36 76 54 73 86 17 3 1 15 77 78 62 98 22 0 81 76 11 75 26 68 1 49 88 54 61 84 92 94 82 27 57 10 74 98 39 16 39 48 41 28 18 63 6 76 19 57 80 33 36
87 55 70 99 35 84 45 96 65 86 4 53 15 57 40 46 14 26 47 88 21 93 82 30 58 43 46 76 91 1 40 23 25 68 43 97 41 70 4 92 38 13 20 65 88 51 77 85 7 19 43 99 22 30 94 13 69 81 92 76 18 31 96 73 14 30 1 53 15 44 70 22 8 66 44 71 93 95 16 14 98 70 29 60 51 90 23 45 55 43 97 16 49 0 47 74 98 62 47 20
63 71 30 21 94 23 10 13 81 73 8 52 39 32 55 50 31 34 91 95 57 65 17 7 12 5 4 70 78 92 52 98 89 59 46 10 74 55 65 28 53 32 89 98 69 28 85 10 60 45 16 76 54 11 68 97 17 57 94 70 72 32 49 11 55 67 13 54 47 58 74 83 22 44 43 47 81 35 5 27 90 40 84 4 39 24 48 14 36 58 27 64 98 81 61 16 75 36 29 47
27 12 54 37 20 87 80 24 22 4 63 55 22 18 35 0 26 93 77 41 10 95 96 79 88 49 51 24 21 36 1 16 59 66 24 21 4 63 53 52 17 92 28 53 35 23 75 3 76 49 69 12 79 67 92 53 20 9 93 59 68 58 74 50 59 38 88 53 11 32 85 33 13 34 81 51 41 37 25 20 54 87 23 34 41 32 60 33 80 76 74 30 53 7 82 61 86 60 42 66
25 68 29 66 55 24 21 44 51 99 75 86 7 9 38 34 37 80 61 2 48 7 18 43 68 38 23 61 25 24 5 74 67 51 55 81 84 39 7 1 86 45 83 68 65 97 63 32 53 35 71 29 3 27 33 21 66 12 66 73 11 72 69 51 21 78 53 4 57 67 17 13 97 78 85 75 77 6 59 36 55 73 5 44 68 84 89 61 9 71 75 56 65 4 87 45 74 95 72 44
96 80 36 53 16 56 37 8 55 84 94 66 44 75 61 36 60 20 14 11 20 45 62 68 67 6 73 10 89 58 76 3 63 19 67 72 36 15 77 26 64 23 62 98 42 97 91 83 81 77 20 76 84 85 66 43 38 13 36 64 97 26 29 19 53 10 69 8 7 7 19 40 17 22 26 41 95 74 95 97 29 24 52 42 50 11 54 98 67 88 35 77 18 63 2 23 22 0 17 35
65 67 66 32 10 85 84 28 9 38 49 0 28 6 63 32 78 99 49 68 44 34 56 78 6 81 7 31 32 26 90 20 82 11 49 1 73 45 64 42 3 67 44 28 94 21 12 85 95 79 83 57 33 24 22 92 17 96 58 52 23 0 83 22 41 45 94 28 47 5 41 64 93 63 60 51 17 24 89 54 91 72 73 21 58 58 23 95 4 17 52 31 11 24 45 0 38 13 10 71
95 10 83 38 0 47 64 27 73 52 64 43 25 37 23 76 23 49 69 3 41 58 80 7 14 33 36 61 8 64 5 88 23 42 13 78 83 82 28 74 56 74 64 51 70 58 54 31 53 29 73 79 58 70 57 4 96 53 20 19 74 40 26 75 41 41 9 81 92 23 77 74 43 72 65 57 70 44 57 37 60 83 54 70 21 5 86 40 42 94 73 91 27 98 23 37 36 50 16 80
54 91 60 93 75 39 26 19 35 59 65 77 33 5 72 60 21 2 36 68 52 64 20 11 22 53 41 84 79 86 95 13 78 70 46 35 70 6 32 5 47 81 60 67 58 83 78 65 94 97 55 37 71 7 99 68 6 38 32 46 54 35 85 20 89 33 45 16 59 97 68 45 7 77 1 89 57 5 99 32 66 59 2 80 28 67 45 76 70 4 98 21 14 71 1 66 83 87 54 64
