100 100
66 68 41 8 50 68 18 0 21 63 3 11 9 62 39 52 43 5 65 97 62 22 47 1 78 60 41 14 68 64 37 75 69 70 41 26 27 39 14 13 46 31 97 82 71 86 47 5 20 76 55 50 17 56 19 87 98 44 95 65 91 24 37 41 15 94 49 13 42 37 86 40 59 16 34 33 32 88 64 23 32 30 10 21 59 94 15 16 74 86 38 70 44 27 42 18 43 6 92 71
6 31 82 16 24 23 57 61 88 6 71 12 20 10 10 3 19 66 21 59 33 17 69 16 17 80 92 54 57 45 60 11 80 68 47 24 20 16 30 86 6 9 91 7 64 49 15 83 49 70 64 17 44 28 29 27 97 81 21 43 78 16 47 91 27 3 16 18 95 76 87 45 88 72 91 56 46 80 20 7 94 3 19 58 82 29 60 87 44 8 62 14 21 11 15 86 93 40 37 69
53 69 97 22 52 77 8 23 38 64 28 57 79 18 40 73 26 41 87 67 89 31 90 44 94 46 86 86 11 0 8 38 54 45 67 96 45 43 93 11 14 41 55 56 23 5 14 67 81 2 26 97 55 54 79 3 23 34 54 9 26 21 49 70 53 64 58 16 80 74 93 21 92 15 60 5 88 3 40 59 16 3 20 47 6 76 94 17 6 72 27 49 54 77 94 21 55 41 35 3
90 38 42 27 94 58 91 32 40 32 41 25 38 54 97 43 19 83 99 59 85 60 90 41 60 21 8 2 94 24 34 72 20 67 92 81 33 36 68 80 41 47 86 54 89 64 54 3 83 62 94 66 53 47 98 60 60 59 31 49 45 88 62 86 34 86 59 40 34 67 84 8 68 27 54 31 58 56 63 0 21 37 79 79 71 91 88 36 49 42 48 24 53 61 19 25 50 63 97 18
63 2 32 28 51 78 6 50 34 0 9 52 36 38 38 7 28 58 22 97 60 90 77 35 89 74 37 95 1 84 99 69 95 26 55 55 44 69 0 43 71 78 44 31 88 86 54 20 9 36 47 44 39 34 92 83 38 28 62 43 21 58 21 84 5 90 30 93 10 86 12 48 81 66 76 99 86 8 43 66 3 78 89 35 49 88 65 34 98 3 39 17 54 43 30 25 75 65 63 40
47 20 99 85 60 48 74 79 18 79 17 6 23 70 70 14 3 46 32 16 20 71 42 33 89 95 81 72 37 23 20 19 18 71 76 69 25 50 1 34 91 83 72 87 61 20 40 49 11 0 88 41 59 52 16 79 21 47 12 8 36 42 82 34 27 84 21 46 91 3 75 83 9 2 97 27 60 81 51 0 66 84 4 53 60 84 49 41 38 11 72 18 16 32 16 52 6 4 10 50
59 26 53 38 70 33 13 35 19 88 40 18 45 49 70 96 61 22 67 48 28 4 71 17 35 96 85 11 33 59 66 89 40 41 39 70 87 25 34 46 17 27 48 59 36 56 65 19 32 62 57 56 16 97 50 5 6 3 68 47 73 72 44 52 98 5 14 89 36 45 56 94 62 30 58 29 95 95 48 88 24 89 15 38 24 98 83 45 53 99 18 54 42 89 37 48 20 76 1 65
31 63 63 97 71 89 62 57 26 33 76 41 58 52 10 16 55 46 3 67 8 33 36 66 5 38 5 61 11 93 45 59 20 71 71 77 66 97 47 80 80 82 50 56 28 61 89 9 8 44 47 91 19 12 77 58 84 16 27 36 12 91 23 92 6 20 85 96 5 20 15 72 90 97 77 48 33 10 92 7 5 8 36 89 88 82 73 84 9 90 91 90 46 37 75 24 0 84 88 24
29 87 19 81 19 93 72 94 39 27 1 73 59 42 67 55 39 33 90 30 74 35 89 45 89 90 68 76 88 49 51 34 40 5 29 99 44 95 65 75 54 49 11 68 56 43 45 14 3 26 1 94 38 93 54 86 61 86 73 61 32 29 72 9 0 5 24 59 59 5 56 52 40 16 24 98 66 26 27 47 29 53 92 96 37 49 16 49 48 51 79 49 92 4 37 90 58 7 5 49
0 96 72 64 44 98 73 94 75 75 97 45 30 12 88 5 23 47 77 29 48 37 25 55 73 81 5 38 2 14 32 60 6 39 69 43 56 43 67 8 51 21 70 87 38 13 5 1 38 18 23 12 38 81 59 50 1 89 24 27 33 26 96 54 91 39 45 71 88 49 63 41 25 44 8 45 97 8 29 50 96 37 50 37 67 93 18 0 16 90 62 58 66 86 4 55 52 15 83 42
85 66 60 89 3 96 78 9 76 48 15 16 9 12 22 83 82 67 45 29 97 17 73 0 59 47 93 72 97 89 22 66 54 16 23 23 99 58 19 43 7 60 21 87 21 86 49 71 68 15 13 5 10 41 86 56 58 60 76 39 0 7 47 90 24 42 27 88 0 13 48 64 47 50 51 36 80 71 97 6 16 31 92 53 82 58 9 55 79 98 98 87 79 88 11 40 26 84 28 24
46 49 78 40 69 40 42 0 23 8 15 32 23 74 25 93 95 5 73 64 4 91 34 36 99 91 73 99 99 74 63 22 43 86 72 24 72 14 61 87 1 49 91 20 6 81 45 3 13 96 91 34 10 99 0 15 3 11 69 2 27 63 67 95 98 25 14 4 23 4 33 8 14 63 33 73 52 3 1 7 26 91 44 62 20 2 94 4 65 2 7 55 91 67 19 78 80 29 12 84
19 93 94 30 78 73 75 63 84 65 22 85 27 80 97 81 75 18 61 4 68 18 80 87 53 42 17 56 2 21 18 82 73 43 69 61 21 8 7 93 55 54 97 14 4 1 29 79 40 44 81 34 11 87 12 18 65 82 71 14 36 13 81 65 31 54 73 57 95 93 31 76 71 27 88 26 69 76 0 38 27 24 86 41 36 5 29 58 97 43 25 6 45 55 20 97 9 37 42 50
18 52 40 48 33 50 60 3 1 81 37 99 46 41 1 56 80 56 45 28 99 89 5 65 42 16 21 19 56 28 80 5 43 41 28 3 9 55 39 82 21 25 44 55 82 36 6 52 59 60 86 8 78 69 86 19 80 81 66 53 41 7 40 4 48 7 14 49 24 33 0 96 90 76 42 65 93 48 27 43 66 38 33 8 11 17 93 47 58 80 80 29 72 63 26 50 52 73 3 96
87 37 72 37 31 90 26 92 42 83 54 4 7 15 83 66 71 67 19 51 60 39 1 39 25 67 20 98 57 43 64 65 27 25 74 43 75 83 57 76 40 4 74 12 47 32 53 67 88 11 71 58 10 58 89 15 16 79 35 13 15 35 37 21 70 15 71 10 37 14 70 17 27 51 44 15 97 98 88 95 31 68 44 42 62 11 40 32 87 80 92 52 18 40 60 32 29 76 60 31
14 3 13 97 73 81 75 27 11 59 12 0 14 84 16 80 8 73 43 37 16 22 22 66 17 6 31 56 25 36 78 57 2 69 8 16 2 39 50 47 20 90 88 0 27 54 66 20 16 74 50 99 58 11 93 37 61 43 82 49 35 18 37 85 52 93 38 60 42 44 61 3 85 19 19 97 96 70 26 85 84 71 78 94 11 12 66 31 66 57 88 98 54 5 79 72 36 12 57 91
4 12 80 19 71 72 63 29 64 99 46 1 33 53 31 1 99 77 68 79 2 11 99 84 97 21 64 70 48 25 33 63 80 97 41 10 61 41 72 41 96 76 97 39 12 68 49 34 88 2 95 85 15 2 92 63 16 42 75 92 26 39 99 65 72 55 61 3 75 84 67 78 16 31 84 97 34 72 86 94 26 4 43 58 67 75 51 78 42 39 55 97 0 30 52 81 37 41 76 76
30 38 27 12 57 36 1 98 40 9 6 50 4 27 58 64 99 51 79 92 59 30 63 2 65 34 56 87 72 22 10 30 16 74 7 89 51 79 96 16 78 10 8 37 44 75 12 14 26 88 21 48 96 73 61 22 77 60 81 62 5 24 61 86 2 58 82 95 29 63 67 22 19 20 76 89 16 61 8 64 53 63 24 53 48 71 16 33 80 27 68 31 29 95 18 95 65 53 16 59
60 30 89 65 88 52 53 90 72 90 6 50 17 79 16 89 18 15 44 54 47 34 12 32 48 99 1 91 41 38 54 74 2 7 54 69 28 60 39 53 11 65 77 45 50 0 12 44 91 39 58 69 59 43 76 4 54 33 23 55 8 50 38 42 87 81 46 56 81 44 18 20 70 14 77 36 74 6 46 76 25 8 59 55 1 97 26 2 29 70 88 9 87 59 55 46 29 0 34 1
4 74 5 98 32 46 55 36 19 80 22 95 70 31 43 51 81 57 95 44 70 25 93 36 75 60 1 48 55 92 96 3 98 45 22 4 69 31 73 9 60 11 0 71 18 95 31 43 85 68 68 67 40 50 82 25 92 96 74 13 59 17 64 89 73 48 96 46 4 5 68 34 84 30 99 73 67 25 34 77 42 48 95 27 42 46 1 37 67 1 96 52 92 38 97 34 28 79 83 28
0 98 19 79 87 68 28 24 17 73 31 96 28 99 27 8 25 13 90 1 39 74 51 95 61 23 74 15 70 59 19 78 69 92 57 12 83 38 39 86 91 27 81 5 85 50 77 68 5 10 2 30 85 68 57 91 66 65 16 85 39 91 94 99 18 99 90 31 51 43 13 72 80 47 55 56 69 20 11 1 17 49 38 70 78 19 57 26 54 31 34 74 75 32 49 47 7 63 55 19
0 9 60 81 11 27 98 61 25 7 53 27 91 17 15 64 59 83 38 73 5 38 0 11 3 97 3 38 37 94 97 27 58 42 54 52 41 82 6 30 83 1 29 13 56 13 55 48 48 12 73 62 35 50 41 77 40 89 2 72 66 24 67 82 94 13 86 54 78 55 42 36 82 25 24 8 60 16 0 69 71 48 90 77 32 2 61 82 31 41 91 90 49 80 57 13 52 65 44 94
28 57 66 96 15 99 68 12 26 81 50 31 12 43 67 80 8 45 91 58 11 5 18 48 95 94 45 14 25 45 22 49 59 28 92 92 5 26 55 64 24 50 33 60 92 3 43 56 88 26 52 92 92 43 53 25 61 34 77 18 42 63 45 29 0 19 78 2 1 12 70 63 75 2 88 1 76 62 71 84 10 82 60 71 65 62 38 47 64 53 68 11 85 73 32 60 59 9 26 66
2 0 59 2 77 12 87 36 1 73 79 39 64 65 42 60 47 57 67 41 18 74 30 58 32 84 69 93 69 34 23 73 2 35 10 39 53 52 70 29 26 33 64 8 41 89 84 99 31 97 80 17 99 94 22 62 21 90 19 39 55 55 97 72 68 58 69 83 27 0 11 90 19 25 12 40 25 5 0 31 78 20 85 67 32 10 31 42 47 32 54 28 32 40 0 13 30 12 75 16
28 88 10 76 51 89 42 18 91 2 32 51 22 63 16 94 6 79 72 44 70 75 3 94 20 76 16 5 12 88 21 27 15 67 5 5 35 19 69 53 43 24 67 82 11 10 0 66 11 95 18 69 63 20 43 84 95 3 99 7 74 85 43 83 25 98 15 0 72 83 4 13 69 24 88 73 61 73 58 94 2 93 49 32 79 36 96 94 53 81 27 41 88 4 29 16 53 74 1 61
35 64 64 62 22 36 39 25 48 93 30 38 86 80 31 40 37 18 65 26 8 68 86 26 32 55 58 41 49 57 60 55 71 40 25 35 30 74 28 43 11 62 25 28 40 92 20 0 42 70 85 74 8 38 84 44 18 2 63 96 46 48 38 37 30 69 79 38 25 53 43 9 94 81 94 25 42 68 87 53 28 12 7 34 84 12 76 27 35 26 13 8 12 79 70 95 19 15 37 65
4 42 99 80 1 33 31 95 40 62 72 23 22 15 4 37 17 23 32 68 26 12 31 82 22 30 44 16 82 93 40 48 6 34 13 21 86 84 93 12 40 66 60 8 34 55 98 8 35 97 13 60 80 66 24 20 64 70 94 82 3 40 6 29 25 44 96 44 58 14 55 90 16 68 85 80 79 0 18 54 27 72 84 59 61 52 51 59 60 28 12 86 35 6 97 55 36 37 74 94
20 62 82 31 53 35 57 16 14 17 83 69 96 26 48 69 53 57 8 38 21 81 87 81 56 81 10 2 57 71 39 41 28 11 27 8 4 11 14 59 4 3 0 72 20 41 0 58 30 80 36 87 18 75 76 43 43 35 0 21 29 74 15 8 78 80 56 64 86 50 0 94 17 44 4 64 54 91 17 95 60 47 64 46 90 63 86 69 82 91 17 9 23 43 55 22 13 59 99 44
89 74 67 58 38 98 5 14 44 50 61 8 22 47 67 3 62 77 94 94 94 21 80 10 73 65 67 90 61 56 22 46 13 48 1 72 13 5 76 67 76 31 19 79 56 2 51 60 2 16 87 37 89 63 65 30 34 66 52 95 93 77 27 98 36 85 79 92 10 16 53 83 43 43 54 51 37 52 71 24 92 68 23 64 45 70 25 93 60 88 84 24 10 24 79 67 97 81 42 96
18 52 68 87 40 81 95 67 71 67 62 25 34 48 26 91 13 79 36 3 17 81 0 17 54 22 50 78 15 63 97 89 58 89 4 65 83 37 43 35 17 92 4 51 73 66 97 94 44 6 59 49 9 35 22 45 41 75 98 78 23 73 50 32 25 65 76 65 56 31 5 12 38 7 7 22 45 22 56 59 47 69 38 25 40 19 6 6 21 39 64 3 32 73 52 1 59 12 37 35
79 78 53 17 71 19 25 72 59 21 5 47 62 29 18 71 95 63 11 52 67 22 98 92 23 70 79 67 29 14 7 80 3 72 7 74 24 72 88 72 95 14 23 90 69 63 83 56 46 52 96 39 81 15 4 6 55 78 38 2 58 89 30 52 27 93 44 66 3 90 73 64 28 70 72 9 17 60 31 66 83 50 41 3 32 42 23 87 7 92 87 13 58 2 53 53 49 52 33 30
54 40 80 34 82 63 47 59 73 40 62 27 75 50 92 57 14 35 21 36 42 96 94 94 97 91 35 73 29 43 92 64 42 21 50 98 2 92 34 95 7 0 99 57 49 45 34 22 34 39 24 12 91 90 11 11 97 29 72 49 87 34 71 70 43 79 3 16 62 25 1 70 92 85 27 34 98 31 86 70 21 33 59 64 71 49 79 7 41 6 58 48 22 75 65 11 71 42 96 39
81 61 16 51 36 82 68 92 12 23 24 3 58 89 34 83 22 97 51 33 22 37 62 78 55 39 41 5 22 92 10 70 83 27 84 61 32 42 66 48 38 14 25 54 49 43 35 83 68 18 49 5 6 94 37 24 4 77 2 30 51 47 66 54 68 95 13 54 41 23 12 42 60 38 38 10 98 0 48 97 9 80 41 86 23 66 45 4 71 9 70 68 65 78 57 99 13 21 4 3
93 65 82 17 6 75 83 62 24 58 14 13 32 95 41 89 88 39 19 55 68 31 92 65 52 48 11 10 99 15 65 22 21 79 8 6 81 73 69 82 92 60 98 24 50 95 35 13 37 7 40 42 57 55 77 18 22 77 82 61 62 32 54 7 6 72 72 66 23 96 44 22 76 74 91 5 66 39 41 97 95 3 42 95 24 65 51 89 83 31 54 81 70 92 38 9 66 94 19 14
87 99 59 38 44 92 35 18 61 40 79 0 69 57 43 64 69 10 44 41 39 32 87 72 19 18 91 24 53 1 5 5 51 24 75 41 68 55 69 41 5 24 74 11 65 79 5 9 30 7 99 4 14 4 70 48 65 6 0 15 84 59 64 29 48 24 73 74 58 8 5 17 2 7 89 76 28 68 7 3 24 84 1 58 96 33 14 5 72 18 13 52 98 58 99 28 22 16 10 9
23 75 31 39 45 98 72 58 7 43 56 72 19 37 41 47 12 56 61 5 87 96 99 84 30 60 3 51 13 47 81 73 59 60 28 46 9 35 36 17 49 3 16 52 28 17 97 20 27 76 22 99 41 8 39 34 19 72 0 18 62 0 23 1 54 77 26 56 66 32 59 14 17 8 63 74 28 41 43 90 63 4 38 61 80 13 42 12 33 36 14 22 44 11 31 6 28 97 74 19
19 65 15 48 26 89 66 73 6 30 84 22 51 17 67 58 6 53 85 66 28 52 61 49 24 23 9 82 91 27 43 93 67 74 25 6 16 78 94 23 27 65 12 46 2 53 97 41 63 72 75 45 24 26 69 26 40 56 35 31 27 12 45 47 96 93 31 49 37 69 44 95 30 80 92 95 2 20 79 57 32 59 43 97 9 35 18 91 12 7 62 9 9 61 89 94 90 3 5 16
71 0 98 46 45 67 71 69 41 41 96 93 57 11 57 86 67 27 11 93 70 73 37 3 27 0 50 36 67 18 71 56 71 58 3 22 43 15 9 18 55 14 41 41 99 29 61 34 36 40 68 11 14 0 51 32 56 47 70 52 48 82 61 84 27 16 78 96 99 69 39 59 0 1 36 88 10 35 41 95 82 46 39 4 95 56 2 72 36 12 83 92 41 4 87 64 59 90 43 29
92 21 55 14 53 44 65 33 33 14 16 44 9 24 52 79 24 30 0 2 84 29 65 12 56 10 53 12 34 20 74 51 21 14 12 67 30 5 37 25 28 78 50 98 80 53 77 91 1 57 84 87 29 3 4 24 43 25 71 31 4 79 87 73 54 82 67 59 38 27 73 33 27 66 97 58 79 33 25 66 75 61 67 70 72 88 6 74 56 76 23 65 76 6 38 21 91 12 34 95
44 26 17 34 3 51 60 81 84 33 59 44 25 36 11 2 72 89 14 47 41 23 33 81 3 65 60 92 65 29 71 84 78 2 73 26 77 92 84 71 75 56 43 53 66 39 19 90 57 88 59 95 48 13 71 76 97 25 14 46 57 3 84 99 47 83 69 76 40 95 72 1 61 40 4 9 83 17 61 75 56 99 35 87 72 60 81 7 78 72 69 8 46 93 63 72 93 85 40 79
5 8 21 52 35 75 32 32 88 53 14 27 63 37 97 92 14 49 33 48 32 37 13 6 72 2 44 96 59 2 42 52 84 37 92 85 51 50 94 97 0 41 40 75 20 29 88 80 72 69 99 72 7 59 77 31 34 63 87 70 89 21 90 49 89 90 96 38 31 23 76 5 54 83 75 53 29 32 82 49 51 63 59 57 31 63 96 18 13 54 89 60 49 61 16 1 53 41 12 37
92 16 54 82 35 16 59 81 83 93 68 79 5 10 24 17 49 73 85 61 9 31 13 87 78 38 60 83 90 27 23 46 0 35 85 95 28 55 72 57 33 18 41 13 96 33 92 58 92 41 48 43 18 90 53 36 57 51 80 4 61 62 85 34 50 17 28 7 11 74 14 89 68 79 29 56 88 22 24 61 71 5 7 95 21 53 12 97 12 99 88 24 82 78 15 69 69 0 82 43
51 95 97 42 27 38 44 6 55 96 46 84 87 74 58 85 7 78 16 30 29 22 13 91 48 97 5 38 47 16 60 88 45 21 65 14 34 0 54 4 23 76 77 1 80 37 51 24 18 97 41 46 9 59 88 11 80 20 64 86 88 14 76 12 70 79 44 34 59 88 85 19 31 96 82 51 89 91 97 0 16 75 79 24 38 42 61 38 7 43 83 91 90 7 68 14 72 94 10 90
2 47 41 42 22 27 49 23 48 2 96 41 78 98 15 49 83 10 31 86 64 4 21 56 52 37 39 93 66 89 86 79 5 69 57 22 52 39 90 62 0 90 95 95 19 82 40 72 18 47 12 75 16 45 26 25 98 75 25 50 76 9 66 80 84 45 73 15 36 71 72 99 41 33 68 42 33 11 86 99 69 44 20 92 12 8 71 31 34 41 90 5 84 66 56 53 93 41 31 64
1 46 65 8 83 1 22 30 62 97 78 5 88 93 80 87 61 51 18 61 27 46 39 46 18 18 49 70 9 2 2 2 83 93 22 89 48 16 24 31 96 66 24 67 53 98 70 82 28 90 13 53 10 66 67 1 57 62 20 59 38 75 35 78 39 6 82 73 84 33 61 27 87 67 23 33 84 14 78 18 67 66 94 12 6 37 25 33 62 62 48 81 55 64 27 14 79 23 96 52
8 47 21 19 96 15 95 6 0 13 88 17 67 40 38 57 89 73 10 66 37 93 59 32 62 6 30 80 39 30 80 37 67 28 92 65 62 43 42 53 84 70 97 73 28 5 19 88 58 14 88 29 7 21 4 66 74 70 69 0 61 90 93 40 38 79 2 33 98 94 33 52 83 81 47 71 63 35 6 79 42 96 34 28 25 93 47 45 29 88 93 78 13 1 38 78 36 17 67 90
9 31 11 45 35 1 88 23 28 45 69 99 30 45 1 43 10 70 93 16 23 3 50 51 20 72 90 7 63 82 73 12 37 69 27 32 10 6 67 36 63 91 26 54 26 97 13 53 95 67 28 9 69 46 88 70 35 32 49 76 67 69 86 16 31 45 98 80 87 84 36 5 77 79 5 57 24 48 82 78 18 32 95 62 86 41 74 0 23 53 19 9 41 89 78 19 42 92 93 62
50 49 92 23 46 14 33 21 17 17 53 55 23 43 91 75 6 29 49 51 76 14 6 15 34 48 82 25 41 62 38 21 14 81 37 28 37 67 54 79 21 49 70 33 96 30 83 79 11 17 0 28 50 73 50 11 95 57 77 34 67 54 53 54 67 88 68 65 60 60 65 26 34 30 72 94 18 27 58 42 91 61 58 13 29 75 73 87 38 64 90 76 92 76 10 28 48 96 83 77
46 93 86 91 12 34 8 5 53 41 92 88 31 63 26 65 14 81 62 83 36 12 27 68 20 36 16 16 41 65 24 21 45 79 44 27 71 96 81 82 48 54 49 55 22 0 22 50 35 26 66 97 36 24 32 2 2 48 21 60 2 26 33 10 52 15 93 33 23 2 16 95 71 47 0 61 95 72 61 95 93 92 28 13 98 8 62 55 85 68 54 58 3 45 44 79 61 74 51 94
23 16 56 85 66 45 71 12 81 85 49 62 16 20 32 62 67 92 95 19 81 59 78 77 4 15 92 70 37 20 66 56 49 17 74 11 35 92 10 21 96 45 10 57 57 36 87 1 59 79 63 64 59 73 78 91 56 66 52 58 19 54 7 14 12 80 22 26 44 53 90 64 54 92 32 54 99 4 25 18 82 33 4 23 66 67 68 44 19 6 96 81 46 77 74 33 76 63 95 68
57 32 23 49 99 46 45 50 97 11 29 67 75 88 44 98 72 31 22 35 11 89 85 14 6 85 47 92 20 28 27 88 94 24 11 20 66 87 20 44 44 68 86 21 73 76 4 98 40 57 37 36 82 97 79 55 16 86 42 55 11 94 8 94 9 89 17 83 68 56 90 37 53 41 66 53 2 87 28 97 20 20 14 21 9 59 74 41 17 43 5 59 13 96 25 20 2 46 58 51
4 79 2 64 77 4 20 48 96 56 39 19 69 94 68 38 22 89 62 91 5 39 27 40 12 91 33 31 47 3 28 25 97 25 91 44 42 23 14 27 32 65 22 44 93 82 60 90 49 51 20 72 79 70 84 70 72 71 46 36 54 2 47 90 50 73 80 61 13 56 75 8 5 79 26 49 23 79 58 50 93 45 23 85 18 65 1 32 13 13 59 41 43 90 26 42 34 25 3 66
84 86 72 84 14 3 99 63 0 63 20 0 23 26 76 87 81 24 41 9 18 47 84 19 61 23 70 38 2 22 54 5 87 73 19 34 78 65 38 52 7 99 99 91 3 40 81 26 35 89 23 7 57 52 25 7 8 87 93 69 14 5 63 72 33 37 98 51 84 25 75 28 1 79 83 31 36 86 20 12 2 34 60 93 45 76 67 27 95 44 70 65 9 83 93 88 78 61 19 97
45 7 79 86 90 81 51 99 39 12 69 3 41 82 24 72 18 82 95 36 26 12 2 14 83 42 67 5 6 21 88 89 98 56 87 62 29 58 53 82 39 23 36 25 41 51 34 73 40 19 39 93 8 55 18 15 98 66 16 30 45 41 18 1 15 22 61 15 34 46 24 37 97 21 17 9 53 16 77 74 32 16 38 63 77 15 93 57 26 94 53 84 6 72 52 98 52 69 69 42
28 1 17 80 54 73 91 58 40 5 41 40 22 3 38 30 65 53 94 10 99 92 71 77 46 98 17 90 6 6 87 6 16 61 57 95 8 97 26 39 50 15 83 98 29 58 6 53 70 29 54 59 0 56 73 12 56 64 98 17 16 44 33 1 72 31 31 78 6 74 17 98 19 54 21 25 61 73 75 32 72 97 65 48 73 42 14 12 74 32 45 51 72 83 23 33 64 93 93 93
71 94 49 0 96 10 45 73 52 56 10 7 65 27 99 60 57 10 78 74 23 64 1 31 61 16 48 32 96 46 97 63 47 13 82 94 97 40 58 6 9 44 7 80 6 60 59 12 45 11 82 51 78 19 48 16 31 63 83 83 80 62 58 83 75 46 67 8 75 91 44 74 95 54 2 62 7 72 44 85 74 79 91 46 49 90 91 69 85 31 14 91 27 75 35 57 88 81 75 58
27 40 55 6 30 53 22 43 36 83 49 69 28 64 76 50 98 56 57 64 95 94 99 58 71 93 40 57 33 17 68 95 15 61 25 26 24 48 49 93 51 72 86 45 81 80 85 90 76 60 24 14 45 0 44 0 9 30 71 18 22 28 79 68 19 20 12 0 26 16 13 81 59 29 27 78 52 86 40 9 87 17 72 29 96 10 8 76 74 71 69 44 4 55 27 12 14 88 65 4
8 37 13 22 93 30 80 45 92 80 66 66 77 43 63 98 80 49 38 50 29 57 5 48 60 15 53 70 69 89 7 18 66 78 57 51 24 33 82 86 93 35 34 69 45 9 39 97 14 92 22 76 87 94 88 15 28 46 82 29 75 60 58 43 49 76 31 16 92 2 22 78 26 43 44 27 83 20 55 14 44 74 68 5 53 91 97 91 50 66 8 87 91 51 70 47 15 67 93 5
61 57 83 37 98 97 17 24 41 21 28 13 7 17 12 21 97 23 41 90 46 66 10 42 27 36 93 33 6 28 89 90 5 46 19 38 42 90 20 28 11 28 12 10 30 93 47 2 46 10 42 39 11 22 84 12 40 59 66 33 58 48 0 99 10 45 49 73 20 40 20 16 46 80 9 84 38 8 82 1 6 38 43 35 37 35 10 72 59 0 29 27 25 23 5 14 11 79 76 18
64 46 54 28 92 20 85 1 2 4 16 59 4 86 46 35 62 95 33 21 41 68 67 86 35 75 77 91 47 73 36 38 37 62 31 44 59 1 33 79 3 95 50 37 60 93 63 69 40 69 79 73 43 15 73 43 68 2 2 12 42 25 67 12 12 99 53 90 1 13 44 64 21 29 15 75 81 39 8 76 43 19 90 71 23 85 37 83 62 44 19 49 14 3 8 80 88 51 67 64
35 43 11 37 58 62 26 80 79 63 99 67 82 36 88 31 66 74 62 67 40 79 90 68 7 72 17 21 23 48 40 88 80 47 57 47 73 75 66 32 18 91 97 14 53 7 58 3 37 28 4 71 65 45 94 49 47 37 19 53 96 33 56 91 15 62 87 66 52 1 88 21 82 4 59 62 11 4 64 68 55 56 37 58 18 87 43 29 25 24 78 57 89 60 40 8 73 31 67 70
97 84 48 3 70 18 27 64 69 98 82 48 94 75 43 70 4 21 26 80 4 71 91 25 0 26 11 8 51 61 23 47 47 66 61 88 17 0 36 47 19 99 65 49 9 76 25 47 78 37 76 4 50 55 10 41 77 18 53 50 50 2 70 26 15 88 79 49 36 2 42 0 80 17 27 27 86 17 50 73 3 13 66 52 91 43 89 75 80 95 14 61 36 49 69 38 55 28 98 53
90 22 88 82 73 55 59 79 22 41 13 42 24 66 24 74 98 61 55 11 62 82 34 36 34 76 95 90 57 57 88 26 86 88 85 66 14 22 60 56 19 15 24 55 78 19 77 91 94 94 3 99 85 5 89 69 34 88 49 79 59 24 52 33 92 75 18 94 43 70 3 9 17 1 28 35 17 95 21 90 81 12 19 25 52 35 71 7 34 0 78 16 92 60 0 89 86 34 84 72
65 62 22 48 38 46 42 74 65 43 9 47 3 15 25 16 66 72 82 24 2 47 34 90 45 14 60 93 25 58 47 79 28 57 21 40 69 3 18 99 99 77 76 75 26 9 49 60 19 39 63 30 67 8 46 42 56 11 8 90 34 64 26 4 19 27 13 18 56 65 38 70 48 51 77 96 44 3 24 64 98 17 40 93 27 61 25 78 29 32 19 52 33 10 97 9 87 96 81 26
36 44 24 95 26 54 55 35 13 33 8 20 24 88 99 99 93 69 90 95 76 26 55 88 79 23 36 20 89 2 64 84 82 52 83 74 86 26 38 44 5 11 30 11 10 20 87 25 46 77 23 41 84 39 63 81 32 68 68 34 65 90 73 76 86 25 64 72 96 9 54 52 95 0 60 34 47 62 34 42 35 47 44 92 5 75 12 46 55 28 56 59 35 22 20 71 52 64 59 8
45 15 73 29 64 7 6 52 16 73 5 49 79 11 16 66 73 76 43 12 31 19 12 80 21 18 89 57 26 2 8 76 72 19 80 94 32 14 39 65 17 77 69 19 15 50 68 45 44 35 55 37 9 24 23 41 98 20 15 14 50 96 43 88 21 86 61 25 17 20 31 16 39 33 8 83 55 0 52 39 68 21 4 37 69 53 18 62 60 84 0 98 30 42 55 45 16 8 29 16
15 20 36 9 36 42 29 28 77 81 18 62 74 44 41 49 25 32 45 72 25 88 49 61 44 24 80 28 71 82 60 43 8 0 76 67 43 73 24 31 40 54 17 42 89 35 62 13 36 14 85 76 54 77 33 92 65 73 16 19 14 0 65 63 96 59 71 99 9 11 39 7 18 97 30 51 80 54 92 84 56 10 82 43 99 22 73 78 11 67 63 44 42 73 82 37 55 64 80 8
58 38 74 91 67 13 18 61 22 23 86 64 3 57 2 12 77 16 52 2 23 40 86 40 3 73 95 74 17 16 74 9 74 33 6 38 13 58 99 24 86 83 66 63 52 98 20 39 66 81 57 49 63 33 10 54 96 7 76 6 79 56 32 84 9 98 44 56 63 96 54 83 56 79 71 84 54 98 26 51 30 11 34 59 45 56 28 56 3 10 52 83 35 80 62 55 25 10 94 52
46 80 50 99 75 67 41 30 85 76 57 39 64 36 77 81 79 79 45 86 41 67 0 97 32 95 48 85 46 99 68 17 76 55 99 8 5 47 21 42 10 70 60 69 69 10 45 72 52 55 45 22 42 56 67 25 53 90 20 2 48 47 2 26 38 90 26 4 23 19 91 55 81 17 72 19 49 27 89 7 29 57 75 75 58 21 6 7 25 32 49 50 69 18 8 67 5 30 79 43
36 69 24 84 56 72 31 42 33 57 24 24 73 49 64 7 86 67 52 37 49 94 72 63 41 6 45 93 73 78 56 78 24 74 63 34 44 37 8 54 25 13 7 87 5 73 65 73 29 77 11 89 57 0 35 67 57 14 25 3 27 0 51 12 3 39 30 34 75 26 68 47 74 39 56 79 72 74 12 93 66 64 77 62 99 0 67 4 48 57 29 42 28 52 41 79 21 49 56 97
90 50 51 26 73 26 82 16 50 36 19 45 65 36 80 52 43 69 72 82 0 85 63 31 27 38 79 53 70 57 32 3 69 28 82 69 83 48 52 87 74 52 90 82 5 91 48 51 12 28 54 49 84 37 30 20 1 88 28 80 31 91 98 9 68 24 4 21 78 26 79 22 84 15 60 79 35 42 4 66 39 97 61 95 20 17 28 66 21 63 12 29 39 84 41 84 92 4 39 98
19 23 28 82 0 36 59 97 49 59 82 69 52 64 58 77 63 97 75 37 37 84 91 79 75 34 28 70 92 28 69 35 55 52 58 72 30 87 4 83 93 40 74 65 76 86 22 69 7 39 60 38 91 91 66 23 81 89 65 63 79 57 45 38 38 15 81 88 88 67 11 84 92 8 92 94 69 14 63 34 28 56 15 69 59 17 6 98 5 50 71 24 72 91 23 79 81 74 49 75
48 96 40 93 7 27 65 49 81 35 70 29 40 77 16 96 9 95 98 46 63 9 89 15 68 28 20 6 20 30 68 23 23 29 52 17 9 54 57 24 30 55 85 28 80 58 7 60 95 89 29 88 34 4 14 57 35 51 99 79 20 49 32 82 60 1 8 72 87 4 8 87 13 89 94 70 20 4 48 5 65 48 85 38 74 0 50 14 34 42 76 37 95 89 86 2 68 96 76 1
77 47 6 78 39 91 52 37 2 23 90 27 5 86 80 30 61 2 89 4 60 11 58 81 55 74 13 95 74 34 77 18 13 30 75 25 84 97 31 54 96 98 77 57 97 87 5 74 58 86 17 31 15 65 96 88 77 76 47 36 91 93 47 76 9 20 95 99 74 3 86 11 90 96 66 61 12 31 12 40 4 53 48 48 1 90 74 51 10 36 6 65 22 48 26 62 62 75 49 80
92 62 53 17 94 90 78 70 18 56 10 63 35 17 72 39 40 59 13 38 87 96 58 40 88 41 75 16 81 42 84 58 10 6 73 74 81 9 74 32 26 32 97 73 22 12 42 28 18 76 9 83 83 69 7 96 77 73 15 74 39 75 10 52 46 96 36 73 43 19 52 90 44 67 9 54 38 23 79 17 56 30 87 95 82 24 0 36 19 19 94 37 56 77 15 58 48 97 50 27
80 24 72 89 76 40 0 24 48 43 0 39 5 83 90 99 75 3 73 51 89 70 72 65 1 80 8 21 97 73 42 13 8 89 6 98 24 50 44 39 31 60 74 50 61 83 84 96 85 61 3 53 32 7 41 97 19 31 90 33 43 13 75 53 91 96 12 68 35 1 59 30 16 63 4 34 17 98 90 53 12 23 3 51 12 83 63 93 89 15 43 54 62 80 98 12 11 16 33 8
63 4 66 54 48 72 33 38 26 78 50 13 11 85 27 31 91 48 34 3 0 5 52 58 35 82 13 20 41 17 20 90 53 9 61 78 86 2 72 31 99 39 3 34 81 16 12 81 27 89 76 61 55 26 43 6 58 72 74 30 66 84 86 76 57 55 19 85 12 39 57 91 25 79 98 52 97 6 39 26 4 97 50 7 2 53 58 45 73 74 7 83 10 76 75 70 77 56 23 4
77 53 31 12 13 8 25 67 51 26 15 94 77 58 96 25 87 35 41 25 24 26 58 17 3 98 63 98 18 3 12 68 66 29 47 40 65 11 77 60 29 18 91 11 54 74 1 17 34 33 62 50 43 59 61 85 61 8 83 13 87 93 66 96 91 25 99 30 68 39 30 22 6 9 96 11 90 0 85 93 44 96 55 51 54 92 37 13 98 38 76 18 99 82 0 96 6 55 81 34
14 11 55 27 70 52 98 81 22 17 18 94 33 56 91 77 3 56 16 66 64 50 61 23 21 72 98 0 46 98 62 9 46 57 49 11 70 86 95 25 10 21 59 33 77 46 66 24 21 46 77 55 1 11 37 24 28 8 62 19 0 27 96 49 27 78 96 89 88 29 19 55 21 39 22 61 97 46 23 78 1 88 27 60 29 93 9 3 1 11 90 22 97 73 50 49 32 29 49 92
38 93 81 6 24 74 65 70 59 56 94 87 9 45 94 78 60 3 34 59 32 34 79 47 25 3 62 85 74 33 39 29 87 16 29 78 19 74 7 0 9 88 65 58 12 35 46 2 30 32 95 60 66 38 52 29 71 29 19 27 41 17 8 76 3 37 34 2 89 17 63 95 18 88 77 82 39 81 40 17 58 35 4 21 66 2 12 56 89 43 63 73 71 68 72 85 30 75 4 28
72 37 15 60 70 83 33 78 60 86 94 29 35 26 25 7 96 47 15 54 91 73 25 5 45 29 99 27 82 49 18 44 64 60 98 64 58 47 51 64 96 30 78 13 32 13 20 63 41 98 79 88 62 66 75 77 7 99 18 49 70 16 93 14 46 74 17 55 21 2 26 58 49 93 43 86 35 44 28 65 41 55 5 0 5 96 6 25 6 77 60 65 47 35 64 46 33 21 85 4
92 33 26 95 60 8 58 12 6 85 62 0 55 4 36 57 4 96 40 99 69 19 6 70 81 55 1 82 52 15 90 74 79 37 9 80 91 26 92 24 69 23 32 69 50 47 26 41 17 21 58 22 96 25 79 72 52 32 44 13 38 81 83 15 68 93 66 52 32 23 99 75 18 90 97 13 16 52 52 49 92 22 52 77 76 52 50 60 79 63 64 20 68 26 94 79 55 56 89 90
34 21 48 10 55 18 39 69 0 38 33 27 9 62 12 17 34 47 71 90 61 58 53 40 3 32 72 70 98 79 64 29 64 32 64 72 49 13 60 47 74 75 89 27 48 46 26 95 1 9 33 96 57 21 30 57 71 67 51 8 93 55 90 6 90 38 1 22 19 59 9 33 21 19 13 86 76 76 15 28 8 76 52 29 77 69 85 17 64 36 36 25 85 94 23 37 85 86 38 93
49 40 28 19 49 62 80 34 69 38 84 80 4 34 77 21 9 71 34 68 65 39 24 82 89 12 39 13 62 13 3 61 19 98 32 54 28 16 65 27 49 10 7 70 5 58 22 68 67 9 11 30 98 73 37 15 53 54 33 15 29 93 12 48 67 6 2 21 56 12 5 97 53 92 28 10 57 65 27 50 60 70 77 78 6 42 93 4 26 38 35 72 73 11 48 47 76 69 12 45
45 37 72 43 25 65 97 59 39 7 39 59 95 62 57 67 50 0 93 63 73 31 51 24 66 62 52 69 79 54 79 17 36 83 75 28 30 74 20 13 74 80 26 72 95 47 5 64 34 23 35 64 97 34 34 24 96 75 47 24 2 37 39 50 36 31 87 17 97 38 44 11 80 58 2 29 48 10 85 20 60 97 59 78 94 14 75 56 27 62 84 15 16 84 40 55 84 51 0 28
86 79 61 73 36 56 95 53 83 48 88 58 99 35 3 44 35 41 23 88 79 88 10 67 29 50 73 45 34 36 3 20 78 83 35 53 80 17 24 83 62 82 67 89 95 25 3 62 67 61 26 36 35 74 69 74 91 8 17 64 75 57 79 91 93 81 66 32 25 19 11 40 9 98 96 51 88 88 1 16 43 93 0 68 75 18 19 79 33 98 17 39 65 38 38 18 32 59 61 20
6 16 14 9 52 9 64 81 71 78 86 11 77 47 24 22 31 43 82 68 27 4 80 59 96 66 67 7 41 90 47 94 47 97 84 61 1 47 78 96 58 98 62 50 20 72 53 54 69 73 12 99 68 59 1 78 81 17 9 75 4 89 97 58 60 70 51 79 42 76 7 19 89 37 36 20 69 24 67 12 0 31 91 52 88 66 11 43 69 15 63 62 59 1 86 26 60 75 34 32
59 29 39 11 56 45 32 16 90 61 36 29 8 59 55 2 89 56 53 49 83 7 13 54 41 5 77 32 14 22 68 54 88 76 72 41 54 21 33 84 76 67 10 48 6 71 34 22 4 59 80 14 84 70 81 47 47 50 18 63 7 47 72 60 82 10 22 79 56 27 42 86 27 95 46 67 25 25 27 5 83 10 82 84 55 43 2 22 29 10 78 23 37 3 25 85 13 62 61 6
13 40 78 1 50 35 41 13 14 20 96 16 1 73 30 62 23 77 30 56 7 68 3 12 38 68 79 43 94 43 81 59 81 8 87 36 91 16 7 39 74 23 91 67 97 94 56 59 87 18 62 51 14 24 94 38 21 82 90 17 28 3 77 94 73 52 81 78 86 18 61 41 19 14 90 15 29 76 48 77 91 14 94 91 63 28 12 52 44 9 78 74 78 24 62 79 33 75 7 53
45 26 42 14 52 59 77 93 64 82 77 4 6 38 94 24 36 40 12 6 9 21 13 95 66 32 3 11 38 12 32 31 52 92 59 16 77 15 33 52 87 63 47 50 45 49 9 66 99 7 97 40 80 10 19 47 98 39 81 50 22 90 62 35 94 39 53 67 29 44 59 41 35 7 64 98 2 69 88 36 51 78 96 87 27 25 12 63 7 5 82 92 31 27 81 91 17 73 96 75
30 71 24 6 57 17 44 79 17 88 40 8 80 32 75 12 96 32 54 57 31 25 2 57 94 43 13 95 5 36 2 76 76 50 33 18 2 11 27 79 59 94 5 98 63 37 62 69 6 99 42 66 6 49 93 5 26 8 18 5 82 70 77 14 37 66 25 16 26 53 35 66 47 29 62 63 80 36 5 88 64 10 13 6 93 16 15 74 56 5 98 63 41 16 83 30 95 60 94 89
31 0 44 42 81 67 52 40 54 49 54 80 16 98 80 61 22 20 30 52 74 25 48 38 1 35 33 90 99 74 34 74 19 79 80 26 10 19 33 96 18 11 63 74 8 8 88 0 68 99 13 59 9 82 11 93 84 50 7 28 46 27 14 79 86 94 45 48 20 63 60 13 6 29 25 80 91 82 0 11 47 51 82 73 30 58 73 80 18 21 97 22 89 11 69 36 24 46 71 87
44 1 79 95 74 62 24 67 30 71 5 62 38 69 71 60 73 68 79 60 68 36 75 86 71 19 24 74 62 86 86 20 5 35 65 96 36 33 16 75 57 69 51 93 33 9 7 50 87 52 67 45 88 33 84 96 80 88 41 20 21 97 20 97 76 74 66 78 30 58 37 53 38 76 5 25 7 77 26 19 15 96 41 69 3 48 58 37 31 78 87 25 7 89 26 50 70 62 85 92
17 8 32 12 63 85 37 1 19 46 12 10 94 69 54 78 9 80 67 70 74 66 35 12 12 29 30 20 54 38 82 88 88 87 7 16 75 90 24 43 32 91 52 72 80 95 28 55 5 93 78 36 26 73 80 52 56 93 8 5 84 8 97 40 12 44 18 87 6 23 92 47 62 54 32 27 96 41 89 56 47 29 56 72 27 9 89 66 45 39 79 46 72 56 12 5 2 6 69 40
49 17 67 89 50 39 41 57 14 39 37 86 25 61 79 62 26 49 69 47 55 14 36 24 73 71 16 9 2 32 44 44 57 91 63 67 62 18 10 25 52 23 32 89 69 59 79 8 81 32 68 12 46 78 92 91 99 1 19 44 8 0 67 8 58 59 88 61 8 73 76 11 99 3 13 67 75 83 12 24 0 84 90 77 92 54 54 25 55 36 72 9 8 12 76 84 98 68 82 21
94 64 68 82 69 49 31 27 65 11 54 63 90 64 46 55 45 7 24 2 7 10 22 58 49 30 35 10 18 59 70 83 89 13 18 80 75 15 24 45 58 78 11 59 43 41 24 86 21 46 23 7 66 32 90 89 26 29 59 61 41 54 50 99 31 20 95 36 29 79 97 63 82 47 72 3 46 91 84 80 7 49 37 56 2 40 72 44 4 86 73 43 95 64 99 9 41 5 74 15
70 9 43 8 96 9 69 38 6 20 80 98 97 15 97 53 86 81 67 44 52 84 91 92 58 28 10 22 77 65 16 80 14 59 81 33 48 98 74 82 13 14 5 52 54 41 75 67 47 17 30 43 17 45 23 16 28 72 47 30 4 73 83 82 30 80 22 90 55 38 17 72 20 13 66 25 96 24 7 35 68 53 50 13 10 89 4 53 15 97 30 46 92 82 75 75 40 69 56 20
3 17 29 40 50 5 75 26 1 88 46 90 93 93 50 45 25 19 52 54 63 88 45 68 40 72 91 59 46 33 71 75 78 76 7 9 29 56 74 63 49 33 34 14 69 19 15 87 81 22 44 90 93 50 77 64 21 11 14 45 79 81 91 60 23 35 11 11 42 53 80 43 78 15 0 19 7 96 49 93 86 10 26 95 74 74 66 88 60 42 27 44 80 41 39 1 10 37 81 41
15 81 56 98 69 47 89 45 74 3 44 11 31 73 42 16 19 13 97 13 24 3 47 85 92 5 32 41 53 15 79 23 24 22 5 35 60 23 4 95 1 86 92 84 5 64 90 3 99 5 1 97 52 60 86 55 96 94 90 59 27 93 58 9 26 74 98 12 78 73 90 81 27 38 4 84 38 5 1 16 94 0 94 71 0 75 42 63 54 50 80 11 32 1 55 2 16 3 11 33
98 38 23 8 58 5 68 71 65 23 46 62 59 23 34 49 11 92 4 34 88 55 80 1 64 24 7 0 8 20 4 81 33 72 43 73 59 16 25 68 21 4 67 51 22 65 6 66 18 57 96 21 82 72 68 75 23 72 98 74 44 69 13 63 41 68 96 97 62 34 68 71 55 79 31 84 97 87 27 44 64 50 35 51 6 12 37 39 42 74 24 56 26 63 71 84 60 12 16 76
