17 42 85 74 6 6 84 75 95 83 97 30 57 2 75 78 49 56 84 53 34 11 71 53 12 5 59 62 69 63 35 96 47 86 69 88 45 80 65 36 17 45 33 39 94 43 91 18 65 33 73 41 67 77 89 64 24 74 86 2 101 10 3 61 18 78 83 68 59 67 77 55 7 53 16 63 17 20 64 69 89 59 48 38 9 96 53 65 76 21 36 62 63 14 15 14 83 78 50 41
97 13 87 51 19 39 31 38 50 87 36 37 68 96 67 44 59 13 51 13 70 60 44 91 24 87 88 74 78 74 89 44 10 82 43 88 34 21 33 14 82 64 33 84 85 69 35 33 72 80 22 50 41 87 61 33 23 65 98 82 37 95 15 90 60 55 13 82 66 32 49 45 82 92 24 92 78 57 3 93 75 58 12 16 70 29 68 21 94 83 51 74 16 14 52 26 54 0 66 68
6 19 100 37 41 64 99 88 87 45 9 32 22 14 62 37 45 50 20 42 25 14 74 20 54 13 87 42 7 47 72 81 78 32 61 87 35 34 74 63 18 67 30 72 59 81 23 93 29 51 102 82 32 98 30 56 53 36 35 86 25 73 20 39 39 72 32 83 24 3 26 53 48 19 70 9 29 100 89 62 69 37 32 48 69 30 70 78 88 17 42 32 16 56 75 99 80 34 46 1
62 79 42 2 32 42 69 56 91 38 60 36 15 63 63 66 52 42 92 16 36 77 101 39 27 3 45 90 72 85 92 31 42 9 9 96 60 87 38 54 69 75 34 8 75 45 36 43 18 38 43 82 37 -3 2 68 3 49 91 8 30 86 71 53 61 80 10 70 18 46 11 54 25 64 9 44 90 59 31 14 95 20 28 85 73 66 98 84 71 33 38 -2 96 96 72 91 10 3 57 83
85 61 35 80 54 70 28 10 33 96 68 53 19 75 58 32 77 97 5 28 51 47 34 3 56 48 73 43 95 86 52 6 52 14 76 72 9 87 35 98 35 13 15 75 48 51 16 97 60 37 23 69 92 64 17 94 75 10 67 90 72 36 60 11 69 87 54 92 49 24 66 17 41 49 33 4 31 3 51 71 75 32 81 30 30 43 23 75 67 8 21 75 21 7 19 34 13 8 100 25
11 81 59 59 77 23 35 18 73 18 99 91 98 86 9 95 78 6 3 65 77 46 47 69 31 41 71 10 82 34 42 18 11 74 93 38 62 94 86 67 54 5 23 25 32 77 36 74 33 90 78 47 98 72 11 94 21 75 16 81 18 83 12 54 59 58 47 6 22 7 7 65 44 64 78 52 40 58 5 57 9 70 7 95 7 35 52 29 80 18 92 80 47 41 81 18 16 3 86 35
52 3 19 54 65 30 13 2 5 24 27 37 3 58 91 75 31 14 40 91 33 8 82 85 51 47 17 31 58 84 79 7 79 18 10 57 66 99 76 80 5 65 47 10 73 83 96 28 30 26 52 90 29 51 41 61 61 57 63 64 80 79 25 14 79 48 22 90 30 18 70 65 30 92 40 51 55 45 100 20 18 100 75 68 67 25 60 63 79 79 59 28 18 33 27 23 87 2 69 68
2 63 15 88 7 38 38 70 96 42 73 77 95 46 34 -1 27 68 35 32 23 89 63 41 93 2 71 23 60 90 74 49 45 82 41 68 60 25 69 31 13 71 73 83 17 70 43 78 47 33 86 46 94 14 18 58 90 62 40 31 47 63 38 18 14 10 8 44 92 17 33 55 79 3 68 59 76 88 82 67 3 20 72 56 71 91 29 89 48 -3 51 90 90 26 22 56 63 63 45 54
90 36 96 87 34 30 89 11 22 95 3 30 34 82 62 89 35 100 77 76 91 62 17 26 52 26 71 82 76 25 25 39 59 67 9 54 16 98 99 63 90 28 52 38 80 7 102 40 4 81 49 65 66 25 31 93 63 28 49 72 16 62 50 44 78 31 62 86 31 6 102 62 78 93 25 54 50 82 31 31 14 15 100 43 25 79 82 90 5 51 3 58 9 83 74 93 85 39 45 30
25 89 57 56 24 76 44 90 11 26 6 46 5 95 34 52 20 41 91 58 2 95 56 94 45 94 46 36 81 95 53 93 9 64 36 46 24 18 66 38 10 93 61 39 48 52 15 73 23 4 71 36 56 23 25 4 9 16 79 73 64 33 2 42 81 56 90 15 71 69 96 75 8 60 82 22 82 74 98 92 76 83 14 5 92 35 51 94 34 75 38 44 83 42 78 71 94 95 55 22
15 14 56 38 54 76 21 11 89 78 92 29 64 22 4 2 34 2 73 45 80 72 65 3 26 60 4 52 39 14 73 4 53 83 48 88 67 100 16 75 85 84 34 59 9 86 53 10 5 89 11 85 34 36 12 64 20 51 40 64 53 60 40 88 45 31 66 38 64 10 56 39 44 46 12 94 101 30 63 26 59 46 89 34 47 34 22 28 68 56 6 91 60 71 86 70 48 97 21 70
92 91 56 73 36 68 86 56 35 38 13 8 24 80 67 27 83 81 11 79 5 18 20 2 24 33 67 75 82 14 90 91 3 86 67 51 8 87 57 6 95 32 71 82 85 95 13 -1 101 2 95 55 81 76 81 -2 44 -2 98 74 21 54 2 31 37 29 3 82 65 34 41 60 43 67 32 36 80 6 86 62 54 76 26 95 66 41 54 36 53 92 93 94 100 56 30 23 41 48 97 12
100 64 86 69 44 84 76 81 28 28 57 39 22 54 63 56 84 39 99 25 62 82 45 87 56 26 25 57 18 70 81 34 29 73 96 87 16 60 56 97 75 50 44 87 63 61 63 14 67 39 11 6 13 37 24 95 93 27 63 13 79 38 94 7 73 84 102 10 101 15 15 44 80 75 80 94 96 60 4 35 41 53 97 2 71 49 100 66 71 25 31 72 49 94 12 36 42 15 37 96
62 14 15 64 5 42 2 49 4 8 21 30 32 9 68 46 30 43 95 75 15 31 22 96 75 41 99 43 58 93 44 27 11 18 7 35 51 13 69 85 61 68 85 67 98 0 64 78 53 48 58 87 60 96 67 84 72 71 99 88 4 2 20 14 48 29 10 19 99 42 95 93 86 8 82 73 86 6 96 20 24 49 58 17 7 93 82 1 85 73 26 87 88 24 61 83 41 95 25 64
96 12 21 16 25 64 42 99 13 90 19 21 43 8 16 51 16 67 54 84 84 16 9 88 37 41 54 36 20 21 79 21 42 59 98 21 49 91 75 74 73 71 29 90 26 73 47 55 19 72 31 21 77 3 34 35 21 30 84 92 101 96 74 71 33 59 10 42 91 83 45 22 72 79 84 90 50 52 42 51 56 71 63 14 58 11 37 2 97 21 67 100 33 79 84 11 98 8 7 7
94 73 58 70 83 76 47 23 5 69 61 77 41 21 44 11 64 0 3 11 73 39 9 26 72 70 63 29 82 40 75 7 94 -1 87 7 30 55 64 70 89 88 62 10 51 28 98 8 79 91 99 3 13 6 93 19 80 39 85 34 46 81 24 8 19 51 5 40 90 15 54 23 7 13 47 68 36 70 74 31 37 27 25 9 46 37 80 44 44 50 99 79 89 96 99 43 24 80 61 2
34 97 33 76 14 62 37 86 61 5 77 90 75 98 102 72 18 85 52 90 26 37 23 43 6 100 29 78 41 19 72 75 72 24 58 5 72 22 71 72 64 47 19 11 88 57 70 63 56 90 59 65 34 75 49 2 55 55 79 58 57 16 36 23 48 86 99 21 37 75 34 36 51 29 100 47 32 98 22 66 67 88 16 56 23 24 89 69 65 37 55 30 21 23 82 85 38 35 40 99
67 5 99 -1 4 29 3 58 33 23 62 42 55 -3 2 72 15 40 26 16 57 84 7 36 74 75 32 53 86 -2 91 56 62 69 12 60 27 78 33 66 34 68 85 59 70 79 101 50 49 63 11 59 3 5 76 81 100 31 100 16 62 47 43 67 16 54 78 61 97 33 58 88 55 12 75 -1 70 74 52 46 52 83 67 22 91 76 54 74 4 90 4 79 40 49 35 66 12 84 98 95
65 32 93 35 90 54 46 42 25 7 40 93 37 73 32 77 33 5 79 47 23 90 16 59 10 82 50 15 25 61 10 42 59 29 98 100 19 79 89 29 26 78 101 40 23 8 11 64 86 71 42 50 43 75 20 59 5 40 34 60 59 87 65 4 32 94 11 13 54 84 61 93 38 23 56 66 91 54 77 76 11 49 38 19 66 46 16 15 64 3 49 56 9 75 28 5 18 5 95 81
2 -1 82 78 66 55 73 74 45 35 71 37 38 2 20 27 78 81 31 26 7 96 37 69 44 24 3 77 22 75 21 68 61 58 73 14 53 69 48 46 25 70 45 33 78 47 100 95 65 28 65 39 51 1 25 51 22 69 82 8 38 27 65 22 30 62 5 81 95 30 11 82 13 87 22 27 40 94 52 90 28 79 59 28 35 63 33 86 18 10 14 68 80 45 38 76 55 -1 85 31
88 30 66 9 93 6 82 51 86 60 63 86 49 6 87 36 80 52 35 13 90 2 13 13 53 2 40 30 95 82 60 27 97 28 42 74 17 10 73 72 7 70 87 15 61 87 73 96 68 22 16 31 60 46 73 62 32 70 32 8 12 86 41 83 51 57 84 1 6 82 53 33 20 17 45 85 58 4 35 33 55 31 80 72 28 31 27 55 86 95 46 92 88 60 73 71 64 25 60 45
72 26 44 73 101 14 34 74 23 14 57 41 97 43 65 57 5 72 12 81 7 61 5 30 68 9 99 15 75 47 89 72 67 48 28 13 31 5 71 2 80 93 76 20 14 0 90 15 77 2 78 79 84 13 83 15 27 52 81 44 27 23 8 93 54 22 50 25 71 55 54 69 75 53 5 2 64 71 29 86 84 54 4 17 78 64 75 41 58 53 17 26 49 -1 50 77 4 24 60 61
67 19 52 71 79 39 72 45 57 67 102 89 34 4 51 41 47 66 7 30 90 24 7 72 87 2 55 30 21 65 75 92 69 84 23 2 13 98 88 7 82 48 99 78 37 5 34 7 77 76 53 41 30 17 26 29 39 50 101 65 87 45 60 65 90 86 53 15 12 28 45 91 67 96 29 68 68 85 25 82 49 77 98 56 30 72 34 34 33 41 67 41 39 61 48 9 79 13 18 82
94 -2 30 77 61 64 85 36 48 34 75 31 26 -3 10 33 78 67 5 57 17 20 13 77 63 7 71 37 17 46 79 85 72 46 70 7 43 1 49 94 59 43 66 60 71 75 47 43 17 9 85 3 81 7 92 34 18 26 26 3 52 42 94 47 75 43 97 66 48 45 3 41 76 39 79 51 76 23 75 65 79 27 68 1 98 8 81 83 84 56 57 45 41 6 57 59 9 35 44 13
32 97 83 78 27 76 100 56 33 47 33 73 60 19 7 53 98 2 42 33 36 37 72 97 34 20 64 64 32 85 65 30 45 70 43 21 79 21 40 81 19 59 98 92 6 93 38 79 58 2 98 52 36 6 73 84 63 76 4 32 57 28 70 81 47 17 61 67 49 1 87 40 12 55 96 28 34 73 41 22 25 91 56 52 64 58 25 84 83 58 71 3 87 92 3 30 35 32 50 59
39 38 79 88 26 75 27 84 66 87 18 39 62 38 27 55 59 92 41 79 11 19 8 11 61 96 26 43 2 4 11 83 98 44 5 15 78 27 19 29 8 20 2 53 14 81 94 29 98 20 91 60 10 19 71 73 43 18 48 55 20 3 5 12 101 -3 25 32 74 93 101 63 28 48 82 93 4 85 90 0 87 57 40 22 83 38 15 58 14 40 56 21 44 56 40 26 68 87 26 9
24 6 10 38 81 40 64 95 53 78 11 35 90 80 12 27 4 72 14 26 11 62 91 27 46 91 3 16 92 66 90 32 74 5 14 71 47 47 46 93 22 64 42 7 70 73 72 44 63 96 96 53 75 6 36 98 71 64 99 55 101 7 94 65 82 70 69 25 98 59 27 75 87 8 26 35 69 38 44 66 51 11 12 22 32 83 41 67 22 60 26 56 48 34 41 75 94 31 95 75
91 41 40 27 29 2 40 2 98 91 42 10 52 65 26 0 99 43 58 24 64 65 70 92 13 24 101 42 65 24 76 11 85 40 4 31 58 -2 11 33 71 22 39 70 74 39 27 72 10 90 17 37 59 17 27 2 48 82 90 33 94 87 93 90 78 63 3 59 51 18 39 63 39 32 46 66 100 19 72 66 72 82 11 49 21 26 48 59 28 91 70 54 89 42 69 62 79 32 96 16
27 36 68 68 74 45 27 50 59 27 48 38 43 94 22 43 98 68 8 17 43 36 68 73 53 43 53 80 97 36 46 2 40 44 57 83 59 1 36 3 31 50 62 47 34 65 54 95 79 65 8 44 3 9 29 33 100 11 15 79 54 5 71 81 99 86 99 89 17 20 80 1 73 27 61 1 42 26 13 98 28 30 90 18 76 87 94 21 92 38 85 34 33 35 32 16 12 79 51 82
52 46 4 59 68 21 63 73 101 90 91 58 39 0 89 8 50 84 90 35 2 74 92 96 40 4 35 78 56 75 91 89 31 53 4 42 5 61 35 0 65 27 90 67 23 25 101 19 16 78 65 2 6 72 54 95 2 51 62 34 73 61 7 19 73 40 63 59 71 55 67 44 7 4 61 46 7 44 78 20 78 11 29 82 91 24 71 20 71 32 25 -2 86 45 97 4 74 84 13 16
89 79 101 37 51 1 74 66 72 30 51 34 89 60 32 44 97 58 57 72 80 51 49 68 49 19 12 5 58 5 22 84 55 50 61 100 23 16 6 46 7 17 76 26 9 97 62 23 76 21 88 98 96 71 75 36 8 90 5 4 47 35 5 73 28 69 23 40 34 29 71 29 96 96 6 43 97 8 72 46 89 38 88 1 23 96 92 73 6 97 26 68 58 62 62 74 21 42 5 26
81 56 49 29 17 -1 85 52 10 8 23 41 9 41 23 20 10 35 93 95 96 1 20 89 29 48 38 76 29 52 80 7 81 62 67 51 86 37 71 31 52 7 68 13 69 74 33 87 101 28 58 89 89 39 70 93 64 8 15 53 84 67 18 74 16 60 81 88 100 25 83 44 24 65 44 94 17 69 83 56 92 58 53 28 20 63 48 28 8 83 18 32 28 29 49 2 22 69 101 83
31 80 69 91 11 10 98 66 11 100 41 6 29 24 65 45 46 43 3 23 42 66 52 29 10 23 53 67 84 87 30 4 24 96 4 34 94 53 34 75 26 14 78 27 21 10 56 2 62 62 66 28 5 30 67 67 18 17 74 42 70 72 36 21 38 89 13 95 86 53 94 1 99 38 98 75 84 12 47 22 50 75 90 28 47 7 42 68 27 85 65 67 87 81 42 55 95 36 12 45
89 82 49 23 87 63 90 7 8 54 18 2 45 48 2 35 98 65 101 23 75 0 48 -3 53 -1 44 4 68 45 87 26 87 42 34 35 61 91 9 86 46 63 46 95 35 66 91 45 66 36 47 28 66 96 5 15 10 31 59 35 85 69 83 16 45 70 84 57 14 70 69 59 31 31 50 69 73 18 17 76 60 36 21 1 93 16 95 30 46 70 85 56 63 4 30 83 50 6 19 1
100 92 82 12 20 41 83 37 26 56 39 77 40 47 95 65 89 18 91 36 50 38 102 59 63 65 85 3 76 65 40 47 101 75 97 6 55 80 28 70 44 34 80 22 82 85 76 25 4 77 45 63 93 15 83 49 72 28 6 66 57 31 48 36 11 22 93 77 61 22 35 84 55 18 8 66 87 39 51 99 7 50 81 99 31 27 41 34 13 65 47 50 11 99 3 18 55 56 69 36
58 89 74 0 84 79 44 95 95 94 44 48 10 20 6 81 34 27 97 8 75 37 82 76 65 12 91 83 18 2 75 89 7 81 17 75 100 44 100 27 39 8 6 53 19 16 56 66 44 33 76 92 72 68 48 26 24 56 28 68 23 5 71 21 71 84 41 17 82 41 31 5 13 82 22 90 12 -3 55 70 46 52 17 53 23 95 16 51 45 39 80 25 3 38 95 44 10 45 60 52
14 97 25 54 70 94 52 58 37 22 6 86 77 64 22 1 59 84 90 30 59 34 16 80 27 77 68 28 96 51 82 16 7 36 5 20 46 16 89 5 38 91 6 83 54 5 23 61 55 34 24 37 97 16 78 56 29 61 25 10 55 27 87 45 42 32 69 85 11 4 52 16 9 68 89 69 30 7 75 25 91 50 74 56 57 58 84 85 78 17 64 79 34 86 32 33 41 60 46 66
34 68 91 84 67 71 89 46 68 25 72 73 29 -2 62 90 83 15 53 84 65 74 25 29 91 75 87 72 60 81 79 46 93 1 30 45 54 40 29 21 53 25 97 68 24 21 81 33 84 69 53 4 16 39 95 96 17 69 86 60 10 64 38 56 82 1 22 94 62 78 35 -2 13 61 79 30 55 39 8 15 59 61 72 66 28 45 26 54 69 62 6 81 100 4 45 42 72 47 42 71
88 63 82 48 79 7 98 74 80 21 54 29 66 82 23 49 37 86 102 2 43 18 79 61 9 3 43 90 77 89 97 46 99 47 49 53 55 91 91 43 18 33 35 32 100 56 62 81 99 19 100 16 58 5 13 11 76 29 70 51 52 47 57 22 48 18 18 25 35 83 6 96 62 63 66 19 7 95 46 89 12 47 6 88 84 9 58 31 27 60 75 23 20 73 28 1 87 59 84 11
21 76 61 95 4 28 88 80 21 24 98 30 49 75 36 30 73 15 79 2 12 94 48 20 13 96 29 24 25 31 97 33 86 19 47 35 98 36 7 19 22 86 13 93 26 40 92 54 34 65 67 39 81 34 82 7 55 29 11 89 4 13 27 76 44 47 36 79 37 41 70 56 21 8 78 74 82 12 33 29 16 87 64 29 75 44 53 8 48 64 88 38 94 20 52 58 60 61 30 38
64 58 60 96 70 61 27 30 3 72 86 9 31 5 24 31 45 89 28 92 3 27 101 20 27 84 76 65 77 25 28 69 100 69 14 83 98 81 5 5 49 70 63 38 90 18 88 71 99 42 4 44 82 22 4 32 37 36 64 80 69 73 17 84 5 94 75 29 71 75 79 38 28 54 26 39 77 66 94 96 69 76 61 95 77 46 80 43 48 38 12 71 24 75 93 20 61 49 60 17
78 2 54 44 78 79 53 69 33 60 6 15 9 25 49 42 101 84 72 80 66 10 34 70 42 89 2 89 73 46 52 54 43 18 29 62 84 86 49 49 78 91 71 5 14 19 98 35 19 66 50 95 14 19 82 7 71 76 11 96 10 27 34 63 54 5 66 85 11 52 68 68 48 8 97 93 62 94 47 32 88 7 93 3 70 43 76 33 56 -2 96 37 52 -2 20 58 30 64 89 52
75 18 68 63 67 79 61 16 86 72 7 40 32 18 6 95 55 10 80 5 18 81 66 68 82 14 36 87 102 16 14 57 23 98 86 76 30 19 34 53 63 29 39 28 41 100 47 34 24 21 82 67 59 65 98 54 83 61 10 68 24 11 92 54 54 60 44 91 29 6 46 39 46 30 73 14 94 4 5 19 101 40 16 86 94 28 15 90 80 3 100 81 11 8 86 39 53 84 73 41
88 63 59 55 95 43 28 34 5 80 69 27 23 69 100 78 100 81 72 6 91 12 33 52 96 28 71 5 53 74 67 71 33 13 77 78 57 23 86 74 100 84 56 32 21 82 2 -3 99 37 77 31 14 60 84 -2 17 75 61 69 31 -1 64 33 83 14 74 19 54 71 62 83 7 64 36 88 16 45 26 7 58 54 34 42 25 93 66 54 28 43 49 74 12 24 41 66 64 54 47 25
5 67 22 55 86 29 99 97 49 1 31 16 25 55 10 82 22 75 53 65 32 84 92 60 13 14 47 52 52 64 5 85 71 87 8 100 72 81 39 48 28 47 66 5 72 26 25 59 71 19 24 67 38 65 102 28 4 13 52 50 40 33 65 53 22 84 6 76 52 40 69 38 8 72 44 17 84 82 77 21 98 81 40 39 58 96 76 62 98 1 28 100 30 87 89 25 38 63 25 14
58 29 56 64 87 77 21 34 59 23 81 5 87 40 35 30 4 32 43 39 63 29 48 10 48 55 37 10 21 87 4 79 95 37 87 83 39 69 22 13 38 49 39 55 21 41 40 55 33 50 39 2 64 17 19 11 88 -1 48 57 45 33 53 74 84 60 46 57 58 22 70 6 58 52 28 20 33 23 27 70 100 0 5 16 18 37 26 84 74 15 47 63 22 30 100 29 39 5 36 59
38 20 58 53 30 84 27 21 90 5 83 21 50 24 14 89 95 61 18 64 58 21 73 57 102 58 87 57 60 4 12 84 69 75 38 49 46 8 49 1 98 72 101 70 21 66 15 80 16 97 100 26 27 13 33 62 82 48 67 1 59 36 38 81 69 22 32 95 5 17 18 51 39 20 7 95 85 44 12 79 5 91 74 42 56 97 90 26 64 36 49 37 7 18 82 37 32 92 79 17
68 34 58 6 22 82 3 71 4 13 64 61 45 14 80 14 63 7 60 41 14 5 47 78 7 72 24 52 3 32 93 42 41 77 14 16 73 27 42 14 24 80 8 15 70 11 81 76 14 78 51 23 66 93 73 21 92 61 93 70 82 61 58 5 72 8 92 93 35 28 18 9 72 8 4 41 77 30 58 82 26 6 9 65 32 80 36 92 49 2 29 1 46 14 38 43 84 40 27 23
102 10 92 4 101 92 17 30 61 26 47 47 15 79 8 76 52 40 85 52 61 50 69 3 3 56 24 60 30 62 79 88 76 78 34 89 46 10 9 19 83 39 80 94 62 84 47 88 63 88 57 90 85 70 57 52 63 78 90 76 66 63 47 100 53 14 100 45 11 54 69 16 57 57 72 52 5 96 86 44 92 85 72 82 51 74 87 86 46 60 89 46 65 34 17 92 24 57 23 82
79 31 58 14 63 42 20 44 54 33 2 60 80 32 32 36 79 37 59 22 2 26 67 54 35 36 24 -2 12 33 37 9 49 40 89 58 87 34 30 43 35 92 67 58 22 25 66 2 33 87 71 44 68 49 5 84 85 44 53 96 28 11 23 53 92 20 20 5 82 33 70 -3 53 53 54 71 37 91 75 54 90 64 23 67 36 47 78 58 92 68 50 29 50 60 79 60 38 71 80 39
57 45 47 34 86 56 69 25 68 96 27 53 38 59 62 75 61 47 50 55 13 45 68 96 36 64 18 64 89 81 23 1 91 21 8 50 101 69 3 7 91 37 57 89 98 31 38 44 79 28 85 6 9 9 33 33 47 25 83 43 50 58 94 25 69 56 72 62 93 14 16 92 71 97 8 89 76 94 95 23 67 43 92 65 3 44 41 54 15 39 4 42 92 33 35 41 53 82 79 48
56 84 44 64 25 92 86 16 29 90 78 16 14 11 85 57 57 0 72 81 17 44 59 80 37 43 8 60 58 -3 66 31 75 21 25 89 20 71 46 18 73 19 79 9 22 82 79 90 78 90 39 37 88 45 80 18 69 76 44 20 78 33 74 -3 34 70 58 81 89 11 96 76 92 56 86 93 33 80 97 51 45 61 46 16 48 7 64 10 65 -3 15 13 16 15 72 8 68 9 81 25
79 64 35 4 98 36 80 42 77 14 16 71 62 28 93 25 62 28 25 28 64 49 38 91 51 85 12 74 22 79 81 10 18 4 10 44 97 21 42 94 51 78 28 73 39 10 82 16 21 93 64 59 38 30 91 40 23 10 99 15 46 27 15 76 11 36 101 32 87 40 90 81 20 15 34 89 94 13 70 74 49 92 66 85 17 47 74 38 51 62 5 92 11 10 79 20 61 91 27 37
86 9 43 56 41 64 56 58 86 16 32 2 36 29 19 37 17 48 72 86 69 79 89 20 49 86 78 86 10 60 83 53 74 10 10 76 16 74 78 96 66 3 58 56 97 86 64 14 2 13 65 8 89 90 53 41 26 68 37 19 14 72 99 29 69 64 92 70 64 -3 12 32 57 89 64 73 51 75 64 84 68 40 43 29 91 15 13 83 23 52 28 3 32 59 17 78 22 55 31 68
29 47 85 27 56 10 43 61 28 56 97 57 53 85 60 21 35 49 12 89 60 28 29 61 49 83 10 65 43 70 63 46 94 54 55 73 62 95 27 77 101 41 82 34 72 98 6 41 96 15 35 22 33 60 101 48 17 54 4 68 45 51 7 73 46 74 52 60 39 16 83 70 46 65 24 38 82 20 10 31 37 94 72 52 85 50 97 10 30 14 47 21 20 4 81 27 43 93 43 27
81 10 31 10 24 42 82 16 60 67 60 -1 85 37 89 13 95 69 90 20 16 5 89 29 35 95 33 87 15 68 22 59 31 67 88 83 85 80 73 7 21 76 57 70 59 39 37 32 97 66 31 85 56 -3 89 50 60 8 8 -1 95 12 25 20 98 9 33 59 101 85 84 -3 45 35 84 15 92 91 71 33 15 50 27 30 29 5 50 58 4 87 29 16 65 63 68 72 15 16 3 32
27 26 24 36 45 73 11 48 9 12 10 18 38 39 49 56 83 63 80 78 101 44 16 7 35 16 12 67 21 83 10 66 74 89 90 46 45 51 11 10 102 51 6 23 4 3 59 73 26 96 67 2 96 54 13 54 40 53 56 17 60 65 81 54 29 3 70 93 95 4 21 22 58 73 56 55 20 71 68 16 49 52 101 77 78 15 62 17 69 28 50 40 15 99 33 36 75 40 61 45
7 78 4 15 83 14 23 96 7 13 19 28 69 21 97 70 19 -3 78 78 17 42 33 82 56 9 58 3 56 74 12 76 13 26 59 34 77 5 94 84 60 1 90 20 4 11 59 2 57 48 71 54 59 80 5 7 28 65 50 59 57 60 2 3 49 82 40 10 16 83 48 71 43 36 22 0 57 14 62 63 82 85 76 88 49 29 7 67 45 32 40 78 10 16 30 15 68 9 3 10
66 61 69 44 5 54 78 84 46 37 62 93 68 53 17 10 51 66 44 37 25 87 69 12 26 64 39 66 75 47 87 89 21 91 66 44 21 15 23 83 40 17 23 48 14 70 92 79 83 29 19 45 41 17 76 99 52 57 61 58 84 76 4 50 71 88 30 39 58 57 29 59 35 4 88 42 21 38 89 6 99 60 102 60 3 90 23 31 56 79 89 86 7 37 73 73 84 51 8 95
69 37 5 67 46 32 51 59 90 40 19 40 86 24 20 70 61 5 32 5 31 23 75 72 63 46 66 22 22 11 8 77 10 32 57 62 31 46 76 37 44 96 81 36 94 2 70 16 34 6 59 45 30 32 48 56 15 60 79 21 85 31 28 3 74 22 61 77 25 14 19 33 73 7 46 93 83 54 59 16 61 80 81 95 21 29 61 78 26 30 35 5 64 85 100 70 67 41 75 82
22 12 99 57 10 62 70 67 101 57 72 51 86 22 17 86 68 3 65 16 47 27 8 45 36 8 81 58 95 35 65 37 60 83 69 84 26 29 28 63 80 31 54 41 53 88 69 93 39 96 99 23 27 43 67 56 73 31 39 19 77 26 63 65 47 81 36 46 58 25 81 5 70 25 35 87 47 7 95 49 41 42 17 19 49 71 60 72 89 85 96 27 96 48 49 80 102 84 91 2
49 56 61 78 84 95 64 93 36 90 97 54 75 2 33 79 87 58 5 9 91 86 72 18 57 56 52 9 25 58 62 50 29 25 81 38 79 37 77 58 61 90 42 36 17 57 93 71 99 33 19 84 82 83 64 89 81 8 87 65 97 56 8 79 7 25 73 9 49 5 83 46 30 51 4 3 26 77 65 85 28 0 66 21 60 90 49 86 25 19 5 10 91 12 17 13 94 93 49 33
60 2 82 21 55 22 32 56 78 70 70 31 41 18 29 24 65 89 10 45 17 93 75 85 22 88 50 12 55 74 92 40 90 49 4 72 99 57 40 98 19 11 19 14 90 54 12 34 38 7 89 40 27 35 90 25 14 23 89 70 76 95 57 21 17 28 75 12 61 87 33 96 50 34 88 85 97 9 64 58 16 79 67 80 57 31 98 38 98 38 29 72 67 1 22 70 11 8 4 45
75 68 42 39 36 15 18 73 64 27 27 78 35 74 62 -3 59 13 56 75 27 28 84 41 80 77 40 1 64 11 101 94 48 -3 98 55 34 17 32 77 10 61 14 20 80 3 63 2 76 87 17 57 29 20 21 42 64 30 31 37 42 22 18 57 100 8 20 4 52 8 78 45 27 32 4 14 40 92 73 11 6 39 23 85 64 7 18 73 28 57 90 75 55 81 10 53 54 35 37 47
33 61 10 18 68 47 68 11 100 40 96 50 99 18 49 22 30 58 48 21 47 74 25 22 65 47 26 33 39 80 30 14 57 30 71 57 58 7 15 97 50 45 32 41 63 92 46 53 76 4 85 6 79 40 19 16 3 44 25 84 10 96 95 87 77 98 27 49 27 82 75 67 31 14 8 56 20 88 35 23 49 4 43 91 16 44 18 17 31 75 16 92 14 27 48 45 79 7 5 84
72 68 88 83 91 47 31 54 60 -2 99 50 63 79 32 77 57 73 42 74 9 26 24 92 62 35 29 90 55 35 67 85 44 9 37 -2 80 84 66 85 41 61 27 1 98 26 43 56 5 47 23 64 3 20 77 86 36 95 57 43 21 11 8 70 53 -2 93 63 58 39 35 67 100 18 58 59 12 -3 52 56 88 32 62 10 2 66 23 31 15 57 90 11 42 10 74 8 7 47 88 90
35 98 46 42 97 47 68 48 89 61 60 44 11 30 23 60 79 70 70 7 30 97 23 34 91 25 7 35 73 62 16 35 35 2 46 10 81 68 72 47 10 43 47 19 20 41 38 67 55 31 49 68 45 33 101 10 28 21 21 60 58 30 59 86 83 7 99 34 79 29 57 76 46 34 58 75 13 6 49 21 13 9 5 53 59 26 66 89 16 56 95 42 25 68 33 11 22 14 87 34
19 68 39 61 78 80 10 45 49 24 65 73 14 70 14 91 35 53 26 56 41 84 95 39 21 57 65 93 45 56 37 13 67 43 41 59 45 43 31 3 10 37 58 22 53 2 22 62 57 45 45 65 82 25 20 35 48 34 93 30 68 17 79 33 91 36 98 73 6 34 11 60 59 95 62 78 34 4 7 45 4 15 63 68 84 13 75 37 38 78 87 13 7 36 14 71 58 32 89 26
43 19 90 14 49 89 20 2 68 51 72 25 60 40 37 6 66 19 63 46 66 46 101 73 100 82 26 47 49 100 92 45 73 12 65 100 37 73 38 24 100 40 57 100 34 45 11 81 55 47 8 11 88 13 42 16 41 15 98 33 95 83 65 54 98 35 27 96 42 49 79 31 65 8 84 42 25 38 9 11 46 11 6 56 98 71 80 25 44 16 77 34 52 58 51 35 73 61 15 22
8 39 71 43 56 27 16 53 92 45 51 48 78 92 86 82 17 7 62 43 34 93 45 50 86 73 10 63 100 2 2 77 7 15 46 45 32 69 55 71 65 94 100 75 48 47 20 40 100 54 67 18 59 59 22 3 96 49 74 17 51 34 8 20 63 21 98 3 38 46 47 70 68 88 26 79 35 20 29 78 73 16 78 39 25 87 92 43 48 63 25 58 6 12 24 27 92 44 72 49
60 24 28 24 79 47 102 89 66 99 43 66 92 65 83 29 66 34 61 24 47 5 6 89 30 49 80 33 86 14 80 70 96 23 87 51 99 30 18 10 89 81 59 97 27 23 95 29 23 50 23 66 23 10 42 93 61 82 20 41 99 90 27 6 65 76 58 37 70 35 30 10 88 83 50 64 76 16 8 52 69 62 79 88 55 72 7 39 33 7 21 14 80 36 85 18 25 89 32 34
92 67 23 6 10 56 76 13 99 -2 65 13 36 25 48 13 7 25 99 77 22 -3 17 40 14 53 72 30 26 27 100 9 84 84 8 -2 27 47 38 65 76 54 63 33 90 56 32 52 96 -1 45 86 14 80 65 66 98 -3 67 45 91 50 16 23 61 19 36 -2 13 50 44 15 96 77 74 11 8 31 86 55 85 56 32 14 100 3 25 11 40 65 48 30 10 30 89 3 35 61 45 15
54 25 6 5 63 13 94 78 99 69 24 40 96 89 65 80 94 62 67 48 75 56 48 83 68 41 93 85 50 55 24 52 77 3 62 74 33 91 17 27 37 84 42 5 53 12 42 65 77 21 8 73 20 13 46 75 97 28 12 30 29 4 10 14 13 56 23 89 76 27 36 16 31 18 77 8 52 17 66 70 72 91 70 41 44 40 82 65 51 48 102 23 60 42 3 76 74 54 44 48
59 6 68 53 6 47 78 26 47 12 70 56 32 4 63 81 64 89 86 -2 8 96 84 47 94 79 11 37 61 68 17 33 58 25 3 40 24 63 17 87 71 22 82 47 69 35 97 85 74 29 49 63 95 90 58 16 80 20 19 37 2 5 98 3 93 25 74 7 16 21 5 68 75 75 90 16 84 22 7 64 84 78 101 36 40 38 39 2 13 62 79 55 97 33 48 64 85 77 62 4
49 70 55 83 94 54 65 40 52 43 23 86 100 15 30 90 44 79 27 17 18 56 31 73 12 79 7 21 47 94 19 4 10 60 49 34 40 37 74 41 5 83 43 91 17 76 9 93 87 100 93 95 48 61 40 33 79 100 87 4 87 31 13 14 25 22 51 47 19 98 51 92 57 68 50 80 42 13 72 71 50 33 98 26 19 61 74 54 31 38 98 66 51 68 8 57 96 32 30 86
70 4 69 4 49 82 42 79 48 43 88 50 68 23 29 86 62 68 89 35 58 45 90 69 78 63 60 24 61 12 8 10 35 58 50 89 20 50 91 75 39 55 83 76 8 68 68 23 3 83 54 24 93 75 30 22 89 74 44 2 88 83 47 69 48 42 91 86 94 95 27 27 53 96 68 -2 63 34 79 29 62 47 84 63 12 62 88 12 92 64 101 76 80 89 42 87 52 8 20 68
10 75 48 51 80 39 5 32 87 47 22 77 91 53 19 7 73 61 69 98 24 71 12 1 23 100 55 14 41 93 84 49 57 92 47 86 12 19 94 7 34 61 95 44 16 51 7 24 67 78 51 88 102 63 97 66 42 97 61 61 22 30 42 1 49 85 81 30 21 50 84 79 47 2 100 9 28 11 32 68 5 67 63 93 20 67 43 13 93 23 34 6 18 33 9 40 21 95 49 63
45 20 9 30 50 88 29 18 79 79 48 31 23 8 73 55 49 73 50 50 75 22 41 81 70 61 99 90 44 75 99 11 24 47 56 21 79 20 85 33 17 88 56 59 16 50 20 40 80 7 7 27 72 35 78 23 93 41 19 12 74 48 66 45 39 22 41 42 28 44 15 44 33 58 90 47 92 40 52 17 78 84 90 82 10 84 12 5 28 84 61 13 18 37 30 75 85 13 28 14
29 96 81 60 47 60 37 14 56 9 97 2 70 27 86 72 51 18 70 40 45 56 42 29 32 75 95 2 76 77 67 6 48 19 44 87 5 67 78 47 16 58 64 88 56 78 43 77 99 53 29 65 53 45 54 87 34 97 101 67 55 89 49 61 19 53 84 63 15 71 64 25 18 1 61 44 43 71 46 80 51 69 54 97 45 93 49 38 60 95 62 57 57 25 99 83 87 19 39 93
95 87 98 23 100 92 41 -3 4 87 12 22 46 1 46 70 61 6 41 72 21 66 15 -1 69 30 85 9 86 28 67 15 59 14 65 75 75 27 78 72 71 79 22 28 66 86 21 35 86 34 40 0 10 13 14 20 37 59 60 46 45 43 40 9 13 88 64 25 41 7 55 25 32 74 61 8 41 94 10 44 58 31 5 10 11 32 33 84 83 86 14 86 7 22 55 94 90 87 81 39
7 91 93 33 78 43 100 35 89 26 88 1 16 80 25 100 50 71 98 99 53 90 69 91 82 31 80 88 100 53 85 26 54 19 90 76 55 59 86 100 80 3 24 97 62 8 22 92 59 68 48 10 92 24 85 69 23 38 7 63 10 24 38 70 19 13 99 86 57 21 80 39 27 18 64 16 55 68 89 13 79 66 23 61 42 56 4 5 28 85 56 56 53 26 47 28 99 56 19 80
27 64 93 41 95 66 27 23 29 1 37 63 71 -3 63 37 62 83 4 90 67 29 82 73 47 50 26 1 83 19 21 38 5 28 71 26 46 54 40 13 33 62 83 40 68 42 54 73 80 17 94 2 29 60 18 51 61 90 94 84 12 23 90 15 75 10 84 91 91 70 83 44 95 35 50 57 40 69 75 40 60 55 18 73 100 89 37 3 83 66 87 82 58 91 97 45 56 84 60 36
92 43 70 39 18 4 101 14 88 38 89 5 7 5 96 27 67 14 43 31 33 16 7 6 35 62 98 10 16 26 27 90 62 70 48 72 90 19 89 68 66 90 47 74 81 12 83 98 34 67 87 25 83 67 83 47 22 2 49 98 98 51 91 47 15 27 32 24 34 30 47 65 26 9 25 99 53 41 61 23 85 27 7 33 18 86 73 26 34 68 62 20 90 13 35 71 22 49 50 22
67 95 84 53 85 65 83 77 71 52 45 10 53 23 91 7 13 -2 74 17 93 68 64 23 4 85 43 76 2 68 22 21 99 63 24 62 25 14 47 4 66 27 26 74 24 90 71 18 38 82 72 42 40 77 7 55 91 9 49 77 37 81 69 26 41 29 56 67 5 93 19 13 65 91 26 55 58 16 33 52 85 38 5 41 67 35 76 20 71 21 12 16 8 3 29 2 53 60 14 11
12 68 8 83 47 94 89 2 46 55 60 73 22 34 57 16 72 21 45 93 96 48 14 65 57 96 20 44 8 27 86 37 25 83 90 32 8 81 90 46 79 21 94 69 72 22 76 60 41 98 39 30 33 92 85 5 78 75 9 47 82 47 44 38 16 61 95 78 66 27 77 37 57 58 31 76 21 42 20 47 58 44 41 39 81 76 53 79 30 90 21 28 73 93 96 61 64 9 10 85
80 60 26 68 9 83 30 71 40 90 20 14 37 51 3 37 97 83 17 27 74 85 62 43 42 74 72 96 4 46 17 51 101 45 37 58 46 3 60 39 47 64 80 2 75 93 3 68 65 43 50 83 41 20 76 62 81 -2 27 34 95 83 51 37 38 45 34 18 37 4 58 17 78 80 89 78 40 79 4 8 73 19 17 54 14 80 18 24 100 -3 69 -2 12 87 83 80 63 56 11 88
9 17 24 7 99 67 65 27 73 68 60 31 31 49 29 69 43 50 59 67 49 37 21 51 71 9 28 77 30 44 91 71 70 62 28 77 26 41 25 30 20 75 29 63 98 82 16 11 87 73 10 36 53 100 90 85 66 1 77 50 21 94 10 85 69 68 62 27 87 49 76 9 96 41 28 14 49 72 26 21 73 77 80 66 84 46 89 77 47 100 61 85 25 21 34 83 61 69 97 42
96 92 35 54 57 90 97 72 59 65 50 80 87 91 48 42 51 46 51 32 9 -1 32 48 29 65 91 40 14 52 72 87 62 21 74 17 18 46 2 85 13 45 72 56 89 13 72 25 18 91 100 84 16 70 70 70 49 55 38 19 38 37 16 41 12 4 82 82 77 28 47 0 39 61 41 37 45 71 8 59 42 68 17 83 40 83 19 7 66 40 43 13 27 46 80 16 49 63 63 3
75 28 29 93 68 21 73 26 99 42 70 52 41 21 57 53 36 83 46 76 10 6 100 52 41 39 8 49 31 21 53 55 75 57 102 70 24 78 71 24 51 68 100 29 84 84 70 23 32 59 18 69 49 67 61 5 3 38 19 71 70 56 59 85 77 68 81 38 30 80 80 86 82 33 79 70 13 88 66 45 52 75 23 43 20 28 4 36 32 21 33 54 68 20 34 36 43 68 56 71
43 -3 57 47 81 19 48 17 78 50 89 77 59 91 93 88 68 30 17 58 84 86 3 33 67 36 67 48 54 63 40 6 21 24 75 31 21 35 64 52 9 29 26 39 29 39 68 55 28 58 11 38 38 -3 83 95 31 72 100 26 99 47 47 82 97 54 40 18 35 22 75 54 2 53 35 50 37 90 79 73 16 34 54 95 89 -3 17 50 46 79 71 85 74 81 77 71 100 25 47 -1
36 26 25 25 41 28 3 31 85 80 54 33 54 71 36 51 78 99 53 68 50 9 85 71 20 30 46 70 82 65 52 21 54 60 75 3 33 23 23 96 38 30 54 52 15 23 50 87 39 52 83 4 89 18 101 61 75 97 25 82 83 61 69 55 99 31 66 39 81 27 3 7 5 31 32 12 102 94 15 52 80 92 12 89 95 32 59 33 60 17 17 65 16 77 99 19 52 55 89 67
72 88 96 18 23 5 16 77 40 34 99 58 81 55 43 9 88 -1 14 20 86 40 53 62 74 66 74 91 73 11 86 4 96 16 56 77 84 44 19 73 3 -1 95 45 22 69 94 38 12 6 12 24 86 68 10 96 72 39 39 75 47 37 87 5 83 66 16 12 74 14 68 59 58 88 96 19 30 21 38 59 79 71 76 18 69 86 60 46 99 19 41 64 38 13 52 88 74 86 95 80
49 42 71 49 39 54 14 66 57 97 70 56 56 12 29 11 7 50 38 93 9 62 62 56 88 4 52 42 12 77 30 28 19 79 90 40 44 100 9 42 80 100 88 85 61 97 35 98 35 71 39 50 27 62 64 66 18 5 73 8 53 60 30 64 81 35 61 92 62 40 62 45 31 42 21 19 4 62 66 84 93 57 42 58 89 31 63 3 78 36 43 37 16 5 54 83 55 3 17 1
14 41 54 57 41 20 59 68 27 14 98 85 73 47 55 71 97 51 31 26 3 29 82 25 43 48 24 90 54 13 57 12 34 39 80 52 25 51 25 72 96 92 30 95 12 -1 86 -1 11 -2 22 69 8 83 85 18 95 64 48 75 85 40 21 73 58 21 84 95 71 86 58 69 96 18 21 32 87 70 37 32 54 46 14 45 93 87 18 88 64 30 81 72 59 89 4 74 52 87 24 90
78 7 34 34 63 9 63 60 58 54 28 38 48 34 90 21 87 25 49 90 20 54 101 93 45 50 89 54 61 10 58 53 96 90 99 3 37 82 72 84 16 17 41 41 73 29 32 71 10 58 97 95 70 82 17 39 30 41 100 91 74 9 52 84 10 51 43 65 44 16 7 28 72 87 92 73 58 46 51 9 61 80 16 98 56 84 98 85 23 17 95 69 32 90 21 4 39 72 83 43
96 10 14 81 61 39 30 1 82 58 33 94 31 52 90 2 69 18 32 43 69 60 66 16 43 65 89 80 57 65 79 6 25 94 93 17 75 35 56 24 22 66 15 4 47 1 69 69 93 55 6 94 97 39 84 14 36 31 81 11 53 86 79 39 31 26 90 95 21 51 65 47 101 52 82 92 24 1 12 56 67 89 6 96 86 40 41 86 27 44 25 89 98 23 75 77 65 55 17 17
101 68 27 28 78 3 92 3 65 23 70 14 80 15 54 64 63 79 52 55 23 43 97 40 50 61 3 27 34 90 95 4 18 50 70 10 60 13 26 92 66 72 86 71 85 93 59 36 17 90 47 86 37 78 76 44 80 29 48 63 22 79 17 75 12 96 14 14 34 64 63 92 58 85 27 93 42 78 102 5 52 85 16 98 46 94 40 23 20 16 91 94 56 55 50 92 17 68 10 30
30 76 78 79 71 23 28 20 84 33 37 33 50 95 65 55 55 -1 67 12 45 67 71 15 76 61 46 92 38 66 13 36 7 38 67 90 23 15 82 60 13 10 27 34 71 77 98 26 2 1 84 -2 68 48 79 19 45 39 90 72 65 45 79 69 58 0 98 31 29 93 29 83 8 5 93 28 66 0 28 23 72 22 16 31 67 86 66 91 72 3 62 67 101 10 84 74 51 49 79 44
45 87 92 60 73 87 101 76 28 1 6 6 54 81 83 15 39 87 89 73 70 79 37 91 20 87 72 24 86 82 66 86 25 16 24 11 98 11 61 95 55 27 85 79 5 66 5 75 71 24 69 16 33 30 96 61 45 77 25 25 80 92 80 18 15 35 93 99 58 4 62 35 53 44 102 50 56 70 43 98 46 12 91 92 43 49 75 98 64 78 61 89 80 19 61 54 65 80 77 31
22 19 29 51 46 31 84 74 28 10 59 56 63 52 10 96 94 39 30 0 55 87 52 94 96 81 40 95 65 43 93 83 3 73 101 28 32 29 89 60 87 11 4 88 95 43 97 9 54 49 34 85 48 73 75 -3 64 72 41 29 12 96 56 71 14 47 33 92 42 86 53 60 7 73 29 70 61 73 98 45 35 -3 87 15 101 21 80 42 26 39 101 10 96 96 44 15 67 66 34 86
El programa tardo 74 milisegundos en ejecutarse.
