20 7 25 71 81 56 32 16 95 9 80 83 54 60 56 71 94 77 90 84 20 10 67 47 46 74 13 49 92 35 74 43 37 10 80 8 69 94 37 28 97 61 98 42 90 54 96 56 90 29 58 38 91 16 19 30 35 86 64 65 37 27 55 7 30 79 80 56 74 73 42 36 43 94 49 95 17 75 99 27 101 16 41 46 98 19 4 31 98 15 23 87 102 74 41 66 90 53 78 11
81 3 63 0 49 -2 90 19 47 85 8 25 13 94 93 45 36 31 59 12 25 83 38 19 33 45 42 90 65 32 35 23 94 45 2 86 24 3 68 93 87 93 97 72 59 16 91 14 56 57 96 53 36 55 61 68 67 77 89 72 43 90 48 20 8 19 26 22 48 14 45 36 28 25 48 79 8 22 63 72 57 9 84 16 79 84 83 95 35 50 20 49 61 79 96 9 34 75 63 19
98 14 61 7 71 51 66 36 99 100 57 36 20 94 73 94 68 27 8 27 91 25 12 97 43 4 13 51 34 72 39 3 83 52 6 96 66 2 6 72 78 27 18 69 52 88 23 26 28 45 41 66 75 79 17 16 53 74 91 16 81 67 20 59 18 99 33 86 86 55 39 97 79 83 14 89 67 74 79 96 82 74 13 52 91 100 42 74 91 34 101 17 54 69 100 30 10 94 83 92
19 -1 29 17 16 49 60 73 84 67 56 3 49 72 17 21 16 63 39 38 96 65 44 11 46 74 95 7 74 20 46 48 92 66 48 18 14 60 88 11 56 1 57 0 81 40 84 19 34 77 30 72 85 63 29 76 5 65 76 81 79 33 38 30 7 43 6 28 46 50 29 51 18 95 6 16 4 10 66 0 89 11 53 9 8 84 65 64 96 90 18 75 11 71 7 71 19 48 9 48
13 59 28 9 63 94 25 46 10 20 64 96 70 82 29 1 41 72 89 26 91 16 79 43 67 29 63 34 27 20 43 86 37 28 76 64 42 89 7 19 52 58 62 64 13 37 62 44 86 61 14 17 79 61 101 58 64 22 34 84 94 9 85 7 91 61 79 24 94 7 50 47 79 82 102 13 43 1 60 79 18 54 9 76 9 99 40 68 93 21 49 15 91 38 36 44 39 74 38 74
93 86 81 45 85 24 74 -1 22 3 78 74 35 79 87 84 50 46 14 31 74 62 39 66 67 45 76 88 11 85 67 70 26 12 33 21 94 51 38 -2 36 74 98 68 53 7 44 85 82 4 90 18 59 25 73 6 48 88 55 50 7 41 24 65 92 36 25 49 59 14 58 50 2 15 12 94 6 62 94 94 6 0 72 95 35 93 9 84 47 34 95 94 8 39 78 34 30 55 85 96
92 63 80 81 95 48 55 80 89 86 55 65 86 80 43 70 78 80 77 70 20 10 26 50 36 3 91 51 70 12 83 76 17 48 18 96 12 37 41 24 13 96 36 55 7 95 5 38 7 44 81 60 22 51 43 4 15 58 31 65 102 88 101 93 53 87 78 61 49 92 45 44 94 16 76 47 72 57 65 77 88 69 35 66 18 3 95 59 79 69 14 39 90 74 22 67 16 19 95 51
10 45 89 13 61 76 79 59 5 70 34 42 44 26 16 75 87 20 88 79 88 54 57 69 83 18 41 27 45 6 6 48 44 90 73 45 97 88 101 19 2 35 58 12 98 5 45 84 80 16 21 -3 81 75 74 72 82 35 14 78 62 61 42 83 93 15 12 80 89 -1 40 19 80 23 63 22 36 20 90 8 80 5 46 1 45 1 81 51 100 1 12 45 44 75 44 56 79 85 12 20
21 9 66 35 78 35 40 68 6 88 100 56 101 4 49 94 13 38 36 30 75 17 19 87 34 6 6 27 12 44 66 81 80 81 62 39 58 26 41 90 24 94 58 2 4 27 58 36 85 54 98 80 85 55 40 95 62 52 45 96 18 20 74 51 95 15 11 75 58 18 13 29 26 19 64 14 48 42 82 56 84 66 18 99 10 72 49 62 9 100 94 45 3 1 90 14 96 12 86 20
42 79 46 62 28 57 38 70 53 15 62 43 17 7 46 94 100 13 48 28 74 47 20 71 28 85 92 58 97 69 75 88 98 75 53 5 22 90 55 36 101 14 66 6 84 58 75 8 81 67 59 -1 93 95 67 71 22 1 84 40 10 29 36 77 45 -1 71 94 87 48 93 30 48 -2 83 10 92 72 95 41 78 14 41 36 53 16 21 20 9 7 6 43 78 3 66 91 75 71 85 34
36 37 22 46 77 69 71 84 9 48 84 34 66 38 24 26 56 100 9 10 69 61 91 91 34 69 102 48 15 37 90 52 76 52 102 75 59 20 102 18 31 7 17 40 43 21 78 22 91 74 10 79 17 69 29 55 87 55 43 55 13 88 56 66 7 58 20 83 55 36 59 18 83 27 7 66 38 12 5 69 46 100 5 6 12 14 66 32 35 87 3 63 57 36 41 15 35 59 41 81
31 94 33 52 43 62 62 90 31 71 50 -1 28 48 40 88 89 58 27 93 98 23 84 3 9 73 13 68 10 3 90 36 8 13 68 59 90 29 79 49 9 87 43 94 27 40 22 82 19 5 60 8 80 49 77 80 72 -2 6 0 2 32 62 21 23 92 10 34 72 70 47 6 35 66 64 33 85 69 36 30 85 59 7 44 49 53 81 54 72 23 93 54 81 18 44 50 31 16 95 83
8 87 89 83 56 94 31 5 8 88 88 46 92 36 101 40 55 78 58 88 81 45 91 63 42 63 75 80 24 60 58 89 8 64 23 87 21 88 15 9 88 87 71 98 100 71 86 54 57 50 3 83 42 7 87 63 41 88 29 6 69 18 65 78 24 50 48 93 39 9 84 18 64 40 64 50 80 90 64 96 90 79 48 78 46 30 94 72 66 92 15 14 86 77 72 58 21 36 58 25
54 58 63 32 94 24 42 95 99 60 68 27 49 40 81 32 13 18 23 52 25 85 14 25 38 96 10 40 72 69 74 66 42 42 30 92 68 18 29 38 22 13 56 30 96 22 2 77 9 34 93 39 67 -3 30 96 54 23 95 15 90 4 15 20 39 17 21 71 27 66 55 78 50 44 31 65 99 53 88 43 79 58 49 43 19 55 72 6 67 21 57 19 63 49 72 49 93 92 82 36
24 21 58 44 71 77 92 84 90 98 4 56 17 11 24 31 52 43 59 13 93 37 4 69 36 70 32 90 38 50 24 19 98 74 95 23 45 19 98 38 48 41 13 26 46 62 6 84 76 35 49 91 15 76 97 77 4 86 5 41 95 74 17 92 84 41 92 59 14 87 71 54 16 36 40 93 42 12 51 31 55 3 100 39 13 33 72 38 38 35 94 38 100 38 6 8 37 48 7 31
28 4 13 85 29 36 35 65 63 46 3 56 49 8 44 70 100 8 61 -2 30 14 75 88 52 79 48 31 86 51 24 74 10 75 57 32 82 91 83 13 20 68 51 80 80 47 100 69 99 89 60 85 69 92 16 91 92 32 84 21 18 93 75 47 29 32 30 50 7 30 16 55 58 -2 5 13 24 92 96 22 34 15 8 24 37 -3 7 22 101 54 17 2 78 57 78 75 16 50 57 4
89 99 72 96 77 51 95 82 25 92 30 26 47 4 95 21 30 77 25 1 27 5 38 4 98 75 6 70 90 71 79 55 96 2 64 70 59 95 102 43 40 57 50 76 45 70 97 26 6 43 19 32 37 26 57 87 48 34 81 31 14 34 98 36 48 92 81 36 47 81 13 64 3 21 58 25 74 9 36 74 62 85 26 18 89 74 78 32 26 41 93 17 86 77 51 5 92 67 15 69
20 54 91 79 19 76 41 22 5 65 61 0 26 61 2 61 38 50 79 14 47 74 41 -3 34 10 2 74 18 88 5 86 15 25 86 23 80 75 30 16 63 61 62 24 87 61 90 19 62 85 34 45 87 3 6 66 62 64 72 4 98 52 17 17 59 27 55 33 2 17 74 44 64 8 97 13 35 46 2 51 5 3 49 91 25 78 35 46 94 11 73 82 36 41 38 56 37 39 19 23
100 100 54 83 89 92 53 12 37 54 34 23 64 68 29 58 28 99 69 53 63 62 90 67 62 47 5 89 78 11 39 65 68 58 101 90 73 35 32 65 35 98 97 8 78 97 66 73 53 68 77 44 16 41 67 14 36 76 49 98 67 8 17 78 7 69 66 12 34 32 58 1 69 30 87 49 64 56 55 21 78 4 32 45 49 34 39 82 89 26 73 41 89 9 28 87 61 46 91 79
8 66 7 -1 25 78 66 4 63 32 35 69 52 46 97 46 60 21 69 9 79 41 53 7 86 96 65 56 83 70 19 34 29 91 77 21 8 64 80 58 19 69 54 60 82 19 52 76 36 65 28 56 81 35 60 45 52 0 26 90 28 64 22 17 12 92 57 30 36 90 86 16 76 89 56 77 26 79 26 41 55 87 82 36 91 93 7 62 37 33 7 17 70 54 58 19 80 14 46 63
68 96 23 60 4 74 99 84 33 29 76 51 21 13 19 9 66 45 29 98 97 92 38 40 41 91 51 12 10 95 84 22 48 7 91 97 53 45 92 51 85 19 68 14 20 100 93 61 80 18 73 88 45 35 25 76 100 73 96 65 92 14 7 69 79 42 72 74 27 96 64 47 88 16 9 14 4 32 97 51 14 69 34 82 49 43 39 56 22 17 91 30 38 1 37 89 22 18 60 77
85 24 49 10 70 54 77 54 94 1 56 47 65 83 95 62 42 52 9 15 18 29 90 -1 93 25 85 32 16 86 22 72 70 10 9 91 9 49 101 84 22 52 54 13 79 52 10 8 62 51 59 42 75 30 91 43 82 53 92 18 31 9 92 87 54 90 62 70 92 96 43 89 73 3 74 94 14 23 92 56 10 63 50 12 22 63 29 14 77 87 76 30 34 31 75 78 16 89 57 42
87 36 25 63 81 42 72 55 22 23 50 18 47 100 64 91 20 74 19 29 96 67 30 70 91 9 90 64 48 62 62 14 52 3 63 56 25 4 71 10 61 63 24 95 97 91 4 16 80 73 102 35 17 67 16 1 86 33 24 52 71 44 72 100 64 46 46 99 71 20 87 29 33 14 73 50 94 87 23 55 6 65 31 39 30 48 11 56 75 14 29 21 95 70 59 100 69 31 19 6
23 43 69 9 38 66 66 69 42 52 75 44 60 65 76 27 100 8 58 38 54 53 24 94 91 68 31 36 66 91 7 26 8 45 79 25 67 46 13 81 5 4 95 83 53 75 55 37 65 80 55 70 57 74 41 79 93 27 23 79 10 7 59 25 79 88 77 52 6 24 4 67 17 52 99 26 64 44 86 27 56 23 61 36 82 42 80 78 21 31 13 32 37 81 10 65 54 66 50 61
74 83 95 28 25 93 10 23 78 93 72 100 38 77 27 91 35 44 97 79 38 83 60 3 23 81 80 40 67 52 57 15 81 77 96 47 46 98 13 67 51 31 101 19 84 7 58 51 101 63 16 22 16 93 70 48 57 59 86 9 49 58 96 80 16 54 7 14 62 65 34 90 12 36 83 90 65 7 98 56 50 8 71 43 46 47 86 91 54 50 92 87 45 54 7 96 57 68 56 39
29 53 36 54 64 17 2 30 76 96 36 10 52 41 57 90 61 56 3 24 73 47 73 23 34 74 85 38 5 34 83 8 20 85 58 3 41 41 98 91 76 71 40 93 29 58 31 15 88 68 10 69 83 41 10 47 95 83 37 32 44 14 33 71 83 24 54 92 64 46 71 74 57 49 18 46 25 54 10 34 19 59 50 22 32 42 5 84 86 29 43 55 28 -1 84 27 31 26 78 88
35 17 14 9 43 65 99 30 6 56 17 67 18 98 15 72 56 70 28 55 49 58 57 8 91 58 93 69 58 84 87 74 53 44 61 18 102 71 39 68 79 47 37 56 42 90 55 92 5 28 80 46 42 22 25 72 77 63 72 18 74 3 64 65 60 62 81 46 101 91 65 57 45 48 8 59 94 100 25 13 101 51 92 61 4 47 38 26 10 94 87 27 70 21 74 86 102 62 71 85
65 64 20 61 68 90 32 15 101 41 46 71 12 29 37 44 26 88 94 60 69 22 83 62 7 23 40 40 22 54 94 31 83 50 60 68 77 49 12 85 14 43 95 21 63 95 82 74 68 51 3 40 10 51 35 49 30 14 48 27 82 58 32 82 16 16 54 27 81 61 11 65 28 95 20 30 58 0 45 36 82 86 3 59 89 49 18 7 101 75 71 54 94 -2 66 26 49 90 17 57
25 4 41 74 41 55 84 43 39 53 96 62 79 61 6 60 29 45 10 46 73 87 22 15 95 45 84 97 59 18 78 53 57 70 74 24 25 49 19 33 58 45 70 64 98 15 69 40 3 9 13 44 62 44 32 45 34 64 5 10 7 41 50 11 29 100 81 57 30 36 29 14 90 43 15 21 29 76 96 23 48 2 4 8 79 28 53 56 91 13 46 73 64 22 53 15 19 10 92 75
5 58 98 45 57 67 56 63 32 70 52 16 94 10 12 1 55 69 85 49 18 36 91 77 46 68 34 4 77 54 81 3 56 50 32 93 84 31 92 10 3 87 13 28 32 40 14 43 11 74 30 83 7 15 5 46 95 8 41 1 3 30 85 94 16 33 22 73 74 61 10 -3 49 30 35 73 91 96 59 88 44 28 68 43 76 1 58 78 65 57 91 36 36 68 29 23 48 74 34 64
18 89 30 62 102 35 55 39 55 28 20 76 40 70 57 58 94 23 88 45 45 45 90 16 86 90 100 49 72 53 28 25 17 27 71 28 41 74 3 44 94 61 65 62 11 56 63 13 10 68 72 86 101 34 60 4 74 58 25 57 10 37 90 23 42 10 50 44 63 28 58 57 25 99 59 22 64 82 14 37 36 44 39 63 49 4 100 48 11 81 86 74 72 23 7 25 13 29 91 20
54 37 13 7 98 4 88 32 83 0 74 53 22 16 100 1 48 17 73 2 90 12 59 67 48 63 48 76 97 -2 78 -2 2 26 75 52 12 43 7 19 49 87 50 14 88 8 2 94 23 49 10 9 16 9 74 2 41 45 86 31 43 66 15 63 26 95 84 28 36 16 16 93 71 6 14 6 52 89 5 87 3 4 45 62 46 72 99 84 9 67 34 81 35 16 24 43 34 94 57 68
84 55 57 37 54 27 60 23 5 23 96 35 96 92 76 39 69 54 58 72 50 71 9 37 67 27 61 75 7 86 67 25 90 1 40 100 86 38 76 32 97 10 10 40 78 95 42 19 93 54 59 70 97 68 24 10 50 25 56 58 100 38 28 7 24 57 93 40 52 24 54 100 58 91 92 57 22 5 42 70 82 82 66 95 45 26 102 46 44 6 89 73 84 63 25 77 26 27 33 70
70 29 9 10 37 36 77 90 33 38 59 16 92 2 77 22 5 44 18 58 5 32 75 84 94 54 57 31 65 86 70 28 63 74 41 30 73 -3 94 41 25 15 27 68 53 40 45 94 76 91 63 6 72 -2 89 8 19 69 10 44 26 3 30 4 34 70 5 77 77 43 96 45 9 25 6 41 57 75 4 13 49 21 30 77 64 78 3 61 2 16 51 -3 18 40 100 37 89 88 13 38
60 62 17 80 20 54 100 34 90 100 39 4 29 62 38 14 13 44 58 74 75 88 50 70 13 28 9 93 72 33 69 98 62 49 52 52 52 3 79 98 70 65 69 57 89 88 58 47 15 58 54 97 17 97 23 26 99 20 18 22 28 38 11 84 30 63 62 52 37 74 52 73 31 88 61 45 44 62 93 83 14 52 70 70 35 66 9 55 75 16 56 84 95 18 99 68 6 67 6 5
36 33 37 6 12 52 64 14 55 54 58 78 98 71 8 72 71 15 65 9 52 73 62 60 11 0 9 56 36 16 95 51 57 42 83 32 85 63 75 53 54 32 101 80 41 90 62 41 37 -1 84 92 98 77 61 23 61 30 68 36 26 75 76 70 3 73 90 39 98 89 22 27 89 32 36 46 42 11 4 71 69 32 42 40 88 89 62 90 32 47 97 13 95 32 31 93 37 84 78 -2
53 74 78 92 8 87 15 32 13 30 12 81 9 85 73 68 98 76 86 51 6 35 99 8 73 74 15 83 83 3 67 97 98 24 94 91 56 61 13 66 80 84 3 62 12 61 58 92 5 11 8 74 70 61 51 48 15 49 4 99 37 24 82 89 55 79 68 15 99 28 45 91 15 74 11 1 81 43 53 36 36 50 40 81 60 74 41 18 45 3 83 26 21 72 95 6 64 53 26 58
80 56 6 90 86 61 71 86 21 25 32 8 14 92 26 8 18 92 12 -3 22 85 46 96 45 35 76 49 59 31 33 4 92 35 37 73 40 37 47 67 25 2 61 49 58 94 66 27 87 54 49 64 30 32 32 61 10 77 84 45 65 92 37 59 77 0 13 48 3 66 63 8 76 47 90 53 79 82 67 54 17 45 73 73 96 23 74 57 16 22 66 88 16 29 24 71 55 14 58 57
12 4 83 3 83 53 76 68 24 15 17 15 11 1 70 13 31 11 85 32 18 13 101 46 11 31 6 10 75 58 86 17 66 95 93 77 35 62 29 72 33 47 79 12 79 94 47 35 93 32 58 64 88 48 49 53 79 53 32 44 85 36 64 74 10 45 29 59 88 65 86 25 24 51 24 45 38 80 5 67 86 90 4 38 13 94 45 68 81 54 32 77 43 36 4 24 34 72 14 35
65 75 101 -3 7 23 77 23 13 40 46 92 69 18 100 16 15 78 96 24 31 16 67 67 33 83 79 5 3 4 27 49 96 77 74 64 16 58 90 34 89 77 98 4 5 7 79 65 94 42 28 29 49 29 28 18 24 49 60 68 15 17 100 36 71 48 92 84 70 0 40 3 61 -3 68 40 21 13 22 65 98 77 34 59 24 53 39 38 40 43 84 19 76 51 28 51 20 47 100 40
57 64 58 15 32 59 18 79 100 39 3 94 21 36 61 14 21 56 98 84 63 78 39 29 4 7 22 55 26 17 100 84 44 44 72 18 19 10 67 31 102 94 33 86 12 19 18 60 96 33 34 76 57 18 84 40 57 16 67 96 48 87 69 5 16 88 89 7 98 88 23 90 101 25 47 68 35 36 13 42 50 91 102 89 26 91 86 29 93 88 24 52 90 49 9 45 35 55 87 83
65 9 29 75 54 33 8 76 26 46 9 74 100 20 88 25 78 88 86 55 41 37 40 62 73 11 13 10 20 24 44 55 22 12 50 23 93 48 39 29 95 66 8 2 75 29 49 46 38 25 93 77 15 68 101 13 50 13 69 36 67 31 87 87 95 96 62 81 40 89 76 96 43 54 59 35 41 56 73 93 66 90 89 46 31 54 90 17 30 30 74 42 73 -3 63 26 66 10 91 44
49 93 50 20 7 69 95 59 47 59 69 71 12 47 80 70 69 70 86 52 44 35 83 50 6 28 42 99 44 64 61 20 69 26 89 38 24 10 85 28 97 80 72 19 85 42 50 62 51 23 77 88 16 62 78 90 82 94 39 98 45 35 68 90 43 64 56 57 39 26 24 21 50 85 88 50 65 64 60 59 41 44 12 81 82 16 69 74 85 80 63 31 14 54 91 39 19 64 99 32
9 9 40 93 42 83 51 75 18 94 61 20 81 68 59 57 14 90 9 50 90 16 95 59 55 59 10 68 92 69 32 64 63 45 29 76 37 10 12 82 58 17 31 90 38 65 5 45 84 21 48 26 37 80 84 85 4 23 68 71 73 57 44 63 57 57 7 69 90 93 49 8 10 15 41 45 89 73 72 8 37 49 96 65 4 68 70 45 7 61 39 93 78 74 25 74 79 5 4 92
58 89 5 73 23 32 47 6 20 78 58 28 7 31 26 60 25 44 40 48 42 2 38 52 47 41 23 83 66 94 64 51 8 98 47 3 85 15 101 37 55 97 6 89 40 46 87 89 21 73 91 11 51 51 41 55 79 37 27 13 43 100 82 7 80 53 58 15 83 38 96 14 15 19 100 19 63 64 60 33 62 20 42 64 6 14 45 78 9 59 68 73 101 48 63 9 49 96 46 96
73 92 25 74 92 30 80 18 53 6 21 92 52 29 48 28 99 13 41 25 90 58 56 4 87 84 7 22 26 89 79 15 87 55 80 26 59 4 87 51 58 58 45 43 44 77 58 71 54 58 20 55 17 45 30 83 27 3 16 -2 83 71 51 85 51 27 55 50 91 76 29 20 17 71 19 0 64 95 82 27 66 4 94 90 62 70 40 4 65 62 26 47 96 96 65 0 41 46 95 54
26 80 77 6 22 31 95 31 83 66 95 5 61 72 58 92 45 80 56 38 38 60 70 68 24 45 48 46 57 97 58 45 35 77 76 95 100 10 53 61 93 9 56 64 87 64 53 22 22 52 89 70 64 6 54 64 99 17 82 100 26 48 5 3 40 46 99 78 22 91 7 51 24 27 65 69 30 40 86 74 6 6 60 5 73 51 77 32 54 97 74 92 24 34 13 29 30 66 7 27
32 72 20 48 75 42 30 23 47 74 44 82 3 86 70 62 39 7 53 30 72 94 37 51 31 30 19 65 21 38 42 18 6 32 55 9 81 86 75 67 36 86 55 1 84 20 12 26 60 28 82 6 56 55 6 18 8 92 84 84 36 40 54 -2 33 81 37 -2 87 86 52 56 15 42 58 59 74 45 96 85 44 69 22 18 25 52 69 34 90 73 79 61 5 80 30 27 23 78 59 58
68 4 102 12 47 29 11 88 67 21 10 30 36 19 3 10 42 43 35 3 20 9 4 9 97 10 77 1 40 48 101 80 57 73 22 52 66 19 14 33 69 9 94 52 55 18 61 84 55 16 15 37 94 94 26 6 71 23 99 48 56 22 68 92 15 95 68 92 51 95 69 35 63 33 54 94 73 42 96 35 75 3 40 74 43 19 46 86 61 27 31 4 34 29 74 2 4 29 77 38
8 59 46 86 6 18 85 93 99 65 55 68 74 70 91 66 28 95 83 14 71 91 70 62 39 77 29 37 7 15 18 8 88 9 99 64 39 90 33 84 10 96 43 83 5 82 70 48 72 42 2 23 15 64 53 90 69 95 66 29 60 45 67 5 20 -3 81 34 30 63 69 86 86 86 55 36 50 39 76 75 4 55 38 36 61 69 40 29 5 60 80 -3 10 13 5 72 78 46 3 21
45 91 100 56 86 13 35 72 96 87 26 35 40 41 72 54 15 72 41 59 3 89 8 90 6 37 41 12 69 79 13 96 31 4 95 31 35 45 55 44 24 12 84 42 79 44 14 29 24 27 50 53 94 16 15 18 99 66 62 98 44 63 90 60 40 17 46 30 53 77 33 98 44 100 30 4 36 34 24 8 5 99 22 97 20 43 27 49 89 56 10 52 40 8 82 5 70 22 42 55
95 45 60 43 35 89 41 67 85 80 49 57 98 64 60 89 89 65 66 92 77 26 78 -2 43 54 50 45 25 20 80 20 20 10 63 81 20 68 9 24 44 87 87 47 51 75 40 12 62 66 31 39 58 83 37 93 72 20 54 21 16 94 96 30 88 17 83 21 63 76 71 10 66 14 80 29 13 6 43 76 52 94 86 94 22 17 83 22 99 35 46 84 69 70 15 40 75 24 87 58
91 56 76 63 73 63 26 68 73 69 34 41 63 1 87 66 95 81 14 81 81 37 3 43 72 45 36 82 25 37 6 62 43 100 68 64 98 50 17 71 8 14 47 12 40 75 22 52 96 42 23 26 26 61 77 4 36 97 35 86 11 56 83 73 43 64 100 60 71 45 11 74 65 2 8 16 61 36 90 81 29 11 33 6 82 88 77 74 93 71 97 55 36 85 67 63 98 65 71 57
12 -3 15 23 63 47 76 50 35 16 90 49 84 45 34 72 51 83 64 48 9 36 74 39 52 21 15 77 18 18 87 63 66 20 6 7 26 41 15 0 42 -1 50 12 80 21 71 44 26 95 88 59 27 21 61 55 3 12 34 44 69 20 51 71 40 59 66 83 32 43 79 40 82 50 64 62 20 92 30 71 56 34 30 15 31 16 5 4 93 94 27 64 39 14 67 24 92 29 47 55
94 48 39 95 64 6 72 72 81 2 70 54 30 27 87 92 41 56 33 48 85 97 90 63 43 22 86 53 26 52 65 73 64 39 16 97 6 56 46 29 16 97 70 50 95 46 71 29 22 81 7 75 16 35 8 41 38 63 58 93 14 8 11 32 64 100 61 5 77 84 22 26 101 100 5 53 92 17 37 78 38 65 11 31 45 66 100 78 76 46 31 78 58 58 93 43 35 29 40 9
43 5 40 52 84 67 42 51 22 3 37 42 6 38 46 37 20 36 70 30 78 33 51 10 55 32 100 80 21 76 50 78 60 54 18 28 80 9 70 48 32 54 98 77 98 52 74 68 78 81 98 87 27 78 8 93 4 -2 94 95 74 34 74 50 73 58 44 38 73 95 43 73 28 34 18 71 50 50 58 11 57 16 39 8 94 41 91 50 29 5 21 10 75 7 35 3 50 83 101 19
57 24 58 46 17 30 102 2 5 89 58 97 47 90 66 32 86 69 81 12 32 91 56 86 97 55 98 95 43 76 15 62 92 79 53 41 62 25 9 68 82 53 21 14 52 30 20 71 12 70 52 86 67 82 62 66 76 14 83 98 63 24 18 19 93 57 31 13 82 63 30 94 65 37 27 92 95 48 102 68 94 48 24 94 41 63 85 98 24 94 12 84 96 79 53 80 38 75 13 9
57 74 93 19 20 6 32 67 30 32 76 43 76 23 10 96 40 17 66 30 49 55 74 10 25 59 90 23 3 26 5 22 69 83 90 50 41 30 59 8 90 4 8 -2 82 16 14 73 86 44 84 75 17 42 24 57 99 18 77 41 25 68 6 83 66 82 27 89 9 84 94 32 54 55 17 9 82 12 33 -3 100 51 17 58 25 15 91 53 4 93 5 38 84 4 25 44 49 83 2 34
89 32 25 79 46 53 67 78 95 95 102 64 15 17 36 28 8 32 30 65 77 27 10 1 16 28 37 23 86 67 10 84 40 90 88 80 45 34 68 84 5 71 49 17 94 36 14 54 65 26 85 75 33 69 87 55 43 58 47 41 50 53 67 54 66 54 58 88 44 59 15 86 15 49 88 33 86 38 74 100 18 54 84 30 29 46 44 86 42 32 101 18 82 24 64 59 77 19 48 98
8 58 45 20 19 16 25 96 98 83 45 65 86 16 57 63 39 21 68 48 21 95 5 62 83 34 45 68 78 39 39 6 75 35 24 57 97 68 3 32 100 23 63 7 94 49 80 90 68 6 28 32 38 44 74 16 23 91 12 40 93 21 44 7 71 56 47 39 39 28 54 25 48 49 75 26 96 -2 41 79 76 65 85 16 28 55 7 84 80 2 45 21 99 16 76 88 57 0 81 87
94 27 92 4 35 99 85 40 35 58 35 96 44 82 49 88 71 79 85 35 7 9 63 28 98 63 63 72 102 19 20 6 39 76 22 13 65 60 16 24 17 93 79 29 48 13 41 48 69 25 97 78 12 89 91 8 101 35 74 65 68 11 65 15 82 100 80 51 60 28 3 34 17 40 58 85 70 12 97 85 63 10 90 24 83 39 76 69 54 41 78 63 40 53 39 30 80 67 91 96
80 61 5 2 11 76 92 67 33 30 85 28 64 92 40 12 17 33 101 87 75 16 20 40 66 17 18 29 91 47 59 72 78 88 49 4 25 63 32 16 53 87 54 72 20 64 58 9 90 48 50 89 20 73 33 4 29 52 90 88 44 21 79 54 71 5 90 -1 17 69 74 33 25 20 2 72 92 35 3 90 39 70 75 6 74 38 61 29 35 43 38 96 37 68 68 60 46 29 3 46
81 55 101 72 26 1 73 21 70 73 46 87 80 66 3 1 71 51 22 65 41 49 49 31 61 26 36 16 83 71 100 16 71 56 55 18 50 44 79 97 4 40 28 20 44 49 62 80 29 57 81 24 93 11 45 37 44 37 63 95 5 6 65 25 66 20 29 31 65 71 46 94 73 90 73 1 41 1 36 71 24 60 61 39 101 42 49 50 30 56 20 35 57 19 24 24 36 43 86 77
95 73 85 23 58 53 7 17 50 87 40 89 77 60 72 2 29 90 60 26 71 51 99 36 4 28 33 73 56 33 96 1 28 24 91 83 66 79 6 76 33 28 27 57 74 60 69 73 21 73 70 16 55 58 79 19 61 64 94 81 30 25 15 41 45 79 58 13 50 69 72 41 66 57 5 18 101 49 27 60 37 88 91 32 49 22 11 66 39 49 92 26 48 80 68 22 79 46 29 6
84 69 33 23 15 43 3 10 18 51 53 78 30 91 16 82 73 6 30 36 22 27 63 42 61 44 72 29 101 50 71 38 35 52 64 67 8 3 35 26 45 66 7 84 35 67 3 83 100 89 90 56 70 87 80 96 87 5 76 52 18 22 60 98 85 70 40 3 66 80 14 46 80 78 71 90 92 61 85 51 76 21 29 86 42 56 74 26 41 5 34 14 13 46 16 89 59 88 10 87
27 -1 72 46 44 40 18 50 92 -3 99 70 68 77 55 68 51 71 68 70 89 50 92 67 99 84 38 8 85 62 92 72 22 -1 17 79 44 29 25 14 44 58 53 17 41 56 58 34 36 14 47 51 26 67 14 62 6 72 83 90 85 57 7 35 49 31 7 27 63 78 98 65 68 47 100 87 51 81 44 -3 66 35 44 51 81 53 15 -3 78 96 58 36 82 46 14 75 101 37 54 26
82 83 34 24 20 19 56 65 68 51 102 15 62 34 58 43 44 93 37 34 15 31 41 8 31 88 99 90 93 20 52 99 13 84 90 36 31 98 23 99 25 88 83 33 49 36 89 24 20 57 39 99 23 77 27 7 85 78 61 34 30 43 27 91 76 29 5 33 79 59 57 38 91 50 20 3 36 32 9 100 12 71 14 54 101 46 3 23 79 78 49 44 97 76 17 81 83 12 16 73
84 -1 50 44 69 25 61 71 12 1 47 62 19 67 36 53 46 51 41 66 40 20 100 49 69 31 73 63 54 56 22 28 32 62 35 79 19 90 32 48 75 -1 12 28 75 0 24 50 87 43 20 61 21 80 24 43 55 66 90 1 68 38 63 8 8 55 23 69 3 52 21 44 80 24 19 60 89 41 37 7 40 38 72 23 63 30 93 37 53 63 54 59 16 -1 21 73 76 26 59 29
62 55 94 82 19 55 70 52 35 45 93 53 91 9 53 3 81 58 74 87 44 76 22 2 3 19 58 9 72 47 9 4 8 77 26 92 15 76 28 6 51 2 7 41 100 67 37 16 67 78 70 98 3 71 23 86 58 82 64 95 17 8 64 13 54 92 70 80 55 64 45 75 69 55 66 67 40 7 44 46 36 1 102 1 42 24 90 9 80 6 43 37 70 83 79 63 55 16 40 72
37 64 96 85 70 -2 18 72 46 36 78 19 80 -2 3 16 64 9 6 50 2 59 16 82 93 64 28 40 84 0 20 8 51 24 46 24 63 47 92 10 8 66 5 50 56 14 48 70 65 49 89 69 84 34 56 95 50 73 92 67 34 57 9 72 69 16 37 13 89 83 39 92 66 93 45 74 92 79 95 4 35 42 85 90 28 9 36 23 18 45 61 42 30 80 74 13 84 16 5 43
47 66 101 10 49 33 94 34 27 72 69 45 100 66 5 53 22 77 15 22 41 85 73 47 88 23 43 23 51 100 20 12 50 40 4 34 29 59 70 67 67 82 52 65 89 61 70 48 100 54 39 75 94 10 69 40 78 72 9 17 66 42 49 84 7 98 76 82 9 92 85 47 75 34 12 9 18 83 91 24 43 66 80 69 78 58 82 16 30 83 79 63 69 81 51 7 23 37 92 80
20 81 42 22 76 93 54 0 5 40 74 72 88 7 81 66 44 81 39 50 51 3 24 12 67 71 84 7 28 58 38 58 67 50 55 5 99 36 93 16 12 90 46 77 74 73 48 30 33 -2 2 5 78 49 75 78 90 89 55 56 35 96 10 84 71 17 95 49 29 9 50 42 101 23 5 53 7 64 42 36 47 33 20 20 45 78 28 3 58 32 76 14 16 45 24 92 63 89 61 91
101 42 81 94 29 11 101 40 49 69 24 51 46 24 17 67 86 20 84 2 89 78 56 47 5 48 68 71 84 57 77 2 100 61 22 29 55 41 32 94 37 22 97 100 60 9 95 97 51 96 9 71 23 31 19 22 26 72 61 44 20 4 12 44 7 60 67 16 86 21 81 41 27 39 98 95 44 90 78 45 63 6 24 88 70 42 43 74 55 53 54 13 58 79 29 96 53 65 67 6
34 64 61 13 53 30 93 54 40 73 60 30 80 2 13 78 93 0 21 61 89 20 43 83 71 48 52 56 2 34 49 31 8 37 98 51 30 74 22 79 78 73 96 7 7 15 66 47 101 3 59 70 57 87 16 60 23 16 69 16 71 -2 76 48 27 93 28 83 58 81 37 15 88 2 8 10 2 78 31 5 80 91 82 18 45 24 17 20 99 23 42 9 54 91 9 70 56 65 25 78
71 18 97 82 51 25 16 56 38 5 11 47 42 67 81 13 53 97 43 50 67 17 66 32 92 47 17 64 71 75 61 96 102 25 64 86 63 1 101 39 64 62 66 24 99 89 70 1 68 93 56 79 52 1 29 48 47 79 90 32 47 41 72 58 73 92 39 7 37 92 86 92 14 3 59 84 67 39 86 90 77 16 33 72 56 61 16 62 23 33 100 65 73 62 67 73 16 31 17 64
15 55 47 29 19 93 13 93 92 68 96 43 88 62 30 3 76 70 27 78 97 16 68 79 88 75 58 52 7 79 64 25 19 -1 47 52 67 91 98 19 99 12 41 42 92 56 81 6 72 49 25 14 80 -3 68 7 47 78 7 82 41 51 30 59 16 21 89 42 62 12 45 1 68 80 99 39 33 79 3 87 45 28 3 8 99 79 45 83 7 41 6 85 16 72 70 69 15 6 6 10
34 65 80 83 37 21 76 62 20 55 55 26 42 53 86 86 13 52 72 87 41 76 80 45 56 81 6 100 85 42 68 60 50 69 86 35 23 70 20 18 48 27 93 48 89 100 46 15 40 20 16 83 76 100 8 17 44 18 4 25 101 38 14 64 75 44 91 42 78 61 62 62 58 100 70 69 52 37 52 33 27 4 43 15 57 59 87 7 98 78 84 6 14 8 11 91 33 84 83 83
64 30 78 43 17 70 54 28 14 88 43 49 29 23 43 -3 36 44 100 39 58 57 47 30 42 40 41 34 10 68 38 40 53 73 88 17 18 12 69 72 90 44 21 12 22 38 77 54 86 63 26 73 3 46 32 19 99 22 7 86 80 18 95 59 51 91 56 47 9 51 63 35 46 66 71 69 35 86 49 56 36 94 57 18 90 21 96 11 26 61 65 5 46 39 27 91 51 -3 45 58
51 3 4 75 71 51 12 77 14 71 12 17 40 14 61 9 26 92 19 14 73 58 87 47 16 27 67 3 12 35 72 8 91 100 92 6 46 88 62 15 4 47 83 74 55 9 53 64 52 45 34 50 83 76 38 87 101 64 35 74 50 5 99 64 72 88 7 90 59 82 39 52 62 71 102 43 67 48 100 16 69 43 87 60 22 76 94 97 37 81 4 56 76 56 54 48 58 99 79 18
36 51 81 7 90 30 98 49 22 46 47 28 68 20 11 93 15 34 68 25 32 1 89 26 37 56 65 59 91 79 74 37 99 3 94 67 98 45 98 28 93 92 74 62 10 31 38 64 24 18 72 16 44 51 54 93 101 29 29 59 68 45 19 6 43 78 18 87 88 39 40 3 62 46 65 46 6 87 25 83 32 53 100 35 71 49 53 88 49 77 99 49 45 33 42 48 48 67 27 58
62 92 31 33 44 24 20 90 40 55 12 69 74 52 39 43 79 66 88 28 6 64 98 4 67 12 39 67 12 35 50 82 59 69 15 48 10 50 72 6 3 49 98 29 71 32 95 70 45 66 96 62 91 88 61 95 20 86 67 49 100 52 16 56 16 21 79 50 69 89 50 82 72 87 55 26 9 96 61 48 36 25 67 83 92 26 3 88 12 63 66 33 38 92 26 18 53 71 71 97
40 54 49 48 89 27 51 11 25 5 97 28 3 21 72 24 66 51 101 10 78 5 98 63 11 11 50 82 82 40 53 39 79 84 37 0 87 71 9 32 37 4 39 66 6 92 34 23 71 23 18 96 6 45 17 5 99 89 47 31 45 16 77 78 3 -3 79 6 25 48 88 18 79 34 29 85 56 82 5 59 9 58 37 2 93 79 63 46 34 59 11 91 71 4 78 30 68 13 90 83
57 69 87 31 74 19 82 5 97 44 87 66 5 61 27 98 25 37 76 59 81 96 43 81 64 51 4 44 46 80 18 73 23 62 73 12 29 23 57 65 92 37 59 27 7 53 33 39 75 31 41 56 43 95 45 36 7 52 62 10 43 19 34 38 66 82 43 82 55 92 81 7 59 89 50 41 16 58 91 12 40 71 61 11 100 24 46 14 8 22 94 39 39 22 73 10 74 1 101 41
12 68 70 44 7 42 16 66 31 80 69 54 90 74 41 57 59 48 42 70 51 58 76 19 48 39 80 34 46 39 61 -1 77 70 97 93 19 59 61 34 29 35 34 46 52 19 15 59 42 23 74 5 87 57 46 39 11 27 87 64 83 44 85 54 41 54 67 88 40 15 65 37 65 74 36 80 7 1 82 55 87 72 19 90 41 20 44 94 3 84 17 47 5 44 29 50 24 44 32 59
9 58 50 91 98 69 27 1 23 44 81 82 84 27 13 60 48 23 95 54 76 45 12 76 94 80 32 9 26 65 25 20 96 51 66 81 36 81 99 25 8 1 73 69 32 60 94 98 12 74 4 30 20 67 81 22 53 15 15 44 90 89 11 64 86 84 6 79 22 9 50 38 90 23 72 13 21 77 81 81 95 40 83 93 54 85 85 45 10 19 17 41 102 45 80 28 70 76 37 37
30 5 76 67 21 11 81 30 35 -1 60 10 21 51 96 89 35 47 31 77 24 31 46 29 8 11 51 30 68 12 66 33 90 67 84 17 7 31 61 72 95 5 17 7 22 74 41 7 5 10 8 74 33 86 64 1 60 66 9 82 83 23 29 52 40 4 30 -3 57 8 25 25 2 57 73 90 87 64 41 37 43 24 35 46 17 25 89 32 85 34 56 77 63 51 94 50 100 67 87 96
70 96 54 73 30 93 63 18 51 87 73 90 62 83 35 64 91 72 28 56 79 84 6 45 9 84 7 94 78 100 33 85 28 23 40 57 26 4 24 21 6 25 14 9 17 54 43 41 17 97 28 28 25 24 81 97 90 73 49 77 88 80 65 16 38 16 61 89 49 84 26 99 39 54 21 44 47 89 33 90 54 50 63 61 43 59 55 37 97 26 23 15 8 43 44 90 76 1 63 61
19 59 13 5 85 -1 22 14 36 1 65 59 17 70 36 39 53 34 9 52 10 69 68 12 52 75 55 6 71 50 86 93 9 76 74 85 23 56 53 24 7 22 72 34 75 66 10 95 77 40 16 73 3 86 97 96 75 77 99 75 7 67 6 17 42 85 39 6 76 95 91 76 25 28 52 19 60 76 65 76 52 0 45 12 58 33 53 40 93 7 7 15 52 62 101 56 30 69 2 51
49 29 43 35 45 40 5 90 16 92 74 66 80 23 102 70 22 20 100 43 38 94 80 15 15 86 44 59 30 3 68 14 92 76 34 96 69 12 74 29 57 77 14 7 88 51 78 28 69 82 34 4 30 34 55 84 19 63 20 33 21 2 18 9 84 81 39 3 38 81 34 31 68 43 94 77 38 64 47 12 9 18 21 59 84 57 93 68 10 78 76 39 19 50 13 51 43 26 30 66
45 2 90 91 14 16 10 57 31 72 63 31 101 8 56 4 30 73 96 48 84 59 80 66 2 1 11 1 60 85 49 12 75 50 2 51 89 64 29 62 66 70 99 89 9 0 54 80 71 86 49 7 45 10 21 74 75 48 15 94 63 12 10 82 60 1 40 38 72 6 89 49 96 81 5 71 71 69 58 40 47 86 76 74 77 38 22 19 45 72 42 37 97 24 19 5 80 73 62 59
29 87 36 97 32 53 91 1 94 61 77 83 51 11 43 33 53 44 87 41 31 62 22 80 39 44 29 53 66 88 15 4 20 46 72 72 59 56 33 85 80 3 47 76 38 97 60 28 60 92 65 46 94 15 14 69 29 32 7 69 42 29 60 68 52 45 42 61 82 43 14 23 74 96 21 46 92 90 29 30 59 60 47 47 98 14 59 73 35 90 42 70 91 74 30 26 33 83 38 86
92 86 74 1 36 83 75 46 91 47 7 82 58 63 82 96 89 77 47 87 32 38 61 35 38 3 5 -3 73 61 28 73 69 84 3 47 40 83 55 93 15 -3 99 16 23 42 23 71 6 77 17 3 23 67 87 45 72 73 14 69 97 75 13 43 91 54 40 74 93 6 26 89 66 83 63 47 97 38 88 51 7 42 69 62 59 62 5 19 74 73 61 7 84 2 7 1 87 76 15 79
88 38 69 96 22 77 64 38 63 31 64 61 32 23 24 71 15 97 67 9 86 53 82 30 39 51 42 91 102 62 101 59 71 10 84 20 10 73 25 45 18 65 10 92 79 48 81 13 60 24 10 85 97 28 15 69 78 7 98 37 93 18 102 29 43 35 37 40 13 60 27 41 79 43 17 6 18 45 25 14 81 16 13 87 62 60 10 4 51 30 62 47 48 85 60 11 82 32 14 38
87 62 20 10 12 2 62 5 19 43 39 7 9 4 68 54 33 20 51 67 77 47 5 6 32 52 89 4 90 90 9 63 24 55 65 11 86 57 12 76 10 43 58 44 86 70 78 30 27 5 17 27 20 5 90 30 58 38 37 10 67 74 42 39 16 58 96 26 51 14 34 16 60 66 36 2 44 28 83 37 14 54 45 38 69 4 101 0 77 56 62 55 7 14 87 55 59 94 9 68
44 69 42 21 85 76 42 53 20 68 9 25 29 15 48 75 63 1 98 67 102 38 48 65 21 65 38 29 86 53 84 98 13 81 62 62 76 75 79 14 84 87 39 5 7 7 27 37 27 97 99 44 48 60 34 39 84 49 96 49 7 72 15 58 77 11 30 38 68 84 38 78 12 93 21 54 54 51 39 34 42 92 85 60 6 17 75 81 11 73 80 90 92 75 85 56 4 62 6 97
7 91 60 14 57 86 80 93 32 77 61 43 35 27 30 5 37 -3 25 22 53 18 65 13 71 96 47 49 11 37 18 15 73 72 41 42 73 0 80 40 71 0 6 38 100 84 61 26 91 10 49 0 21 -1 45 18 61 63 46 74 98 61 33 8 97 91 45 77 38 37 91 37 8 76 36 96 31 72 31 24 49 -3 51 22 27 10 14 93 10 72 56 73 98 72 45 28 27 62 55 53
22 61 87 48 52 25 25 72 95 78 29 98 98 14 36 2 69 27 84 24 83 20 44 78 60 87 96 29 12 26 45 41 68 77 74 43 68 43 29 64 18 4 10 90 18 98 90 73 15 4 19 84 52 27 58 90 45 52 16 23 98 30 69 88 4 87 40 51 96 81 96 39 11 77 51 92 11 1 97 75 36 40 96 6 32 30 49 15 67 65 99 100 74 77 93 16 81 20 25 94
85 3 88 48 101 36 31 37 38 5 62 27 50 17 95 24 24 55 5 94 37 71 87 25 17 53 32 -1 28 15 24 70 63 10 37 0 4 83 37 50 94 6 82 51 98 13 9 86 99 51 19 88 48 33 93 12 86 23 29 8 41 31 14 67 15 50 17 21 15 18 94 87 98 74 16 96 32 93 80 42 91 13 76 50 75 72 43 67 18 2 42 42 93 58 93 72 4 84 52 73
22 45 22 38 16 84 4 11 53 64 62 10 27 64 70 62 6 88 45 8 68 100 75 18 66 82 65 42 9 68 44 91 51 52 10 16 101 32 96 19 41 23 6 19 74 33 43 62 96 60 77 65 58 53 13 54 15 44 34 60 84 43 17 18 30 79 34 16 71 23 12 51 44 70 75 22 22 91 52 32 45 10 13 51 70 17 7 17 50 66 29 69 50 87 4 14 83 48 77 60
94 31 26 64 67 -2 76 95 78 78 54 77 2 60 59 15 43 48 56 51 51 59 54 70 8 49 45 40 43 56 86 79 18 37 74 23 96 58 31 95 96 87 31 59 99 44 29 60 14 45 41 78 100 92 64 6 78 51 17 10 98 93 60 38 5 35 89 65 47 95 52 6 26 32 16 21 96 5 30 38 67 77 62 68 39 45 61 9 60 69 82 24 55 53 46 50 6 13 57 30
El programa tardo 72 milisegundos en ejecutarse.
