32 28 30 83 100 99 101 16 63 30 67 20 87 28 89 83 64 74 72 98 98 92 63 84 66 70 45 29 9 89 41 16 10 74 95 26 39 22 75 72 25 100 66 69 60 36 29 11 99 13 98 73 10 63 54 45 47 94 51 41 80 56 5 39 50 82 54 26 90 54 65 68 98 41 51 41 87 13 60 83 79 6 47 100 22 93 98 60 95 2 88 66 92 84 50 60 92 47 18 36
69 18 56 -1 27 73 10 0 29 9 52 29 33 49 53 72 52 64 4 51 34 38 36 19 85 33 27 33 22 80 81 91 66 64 31 16 11 78 5 37 46 37 94 93 27 72 9 5 77 52 77 14 79 92 24 -2 35 71 16 65 47 87 74 33 11 32 72 3 73 -2 25 18 76 -2 10 53 29 93 32 41 8 4 39 6 11 5 4 46 43 9 49 59 82 34 52 30 76 84 6 -2
63 95 86 96 39 68 5 14 32 33 66 19 8 80 85 88 3 46 57 73 53 5 69 17 75 69 4 52 98 40 62 43 80 2 38 8 62 76 28 88 75 20 99 29 22 92 50 58 50 69 15 68 93 51 9 25 50 50 79 44 21 33 57 28 32 34 11 48 40 46 74 35 7 63 12 34 41 99 14 57 35 43 21 83 44 28 100 16 74 20 54 60 78 14 15 7 102 92 79 16
12 26 93 93 66 5 47 81 85 92 23 51 20 63 100 89 26 48 99 11 57 79 14 82 81 52 93 96 56 6 47 12 65 72 41 68 88 42 8 63 17 39 44 76 56 23 67 8 25 53 50 16 70 11 60 0 49 89 56 31 66 17 68 71 61 29 40 11 36 20 78 79 71 13 29 72 22 72 50 14 20 3 56 14 84 0 43 80 51 85 50 9 60 47 82 87 94 56 76 52
63 8 66 47 22 87 25 78 91 40 43 16 63 24 91 20 50 9 24 90 83 23 24 4 99 33 84 94 67 83 20 46 84 46 77 11 60 21 89 14 11 46 84 14 60 49 26 15 80 43 54 27 62 3 59 56 77 52 8 46 95 56 60 35 94 72 13 17 9 6 46 40 28 78 59 32 94 26 91 58 80 92 87 93 52 10 38 39 49 11 46 59 40 61 82 63 94 30 89 71
59 -1 55 80 19 55 27 29 65 2 47 76 87 39 11 71 9 51 26 10 79 22 88 31 57 25 54 80 50 13 81 38 30 21 18 28 57 46 78 75 57 78 3 17 43 45 11 53 58 73 88 11 20 35 90 37 80 77 52 9 76 58 101 85 48 32 95 21 96 80 101 7 27 47 32 86 84 9 46 56 87 43 20 70 10 59 53 94 20 0 93 96 39 19 86 6 66 73 57 89
92 21 95 60 25 87 42 50 65 3 63 2 68 16 12 56 102 49 53 100 99 44 13 23 90 9 24 17 93 23 63 5 31 27 88 72 30 61 41 25 100 83 27 89 9 73 38 27 10 77 64 61 98 25 52 12 25 30 96 35 52 52 53 45 100 76 100 71 23 62 57 40 36 77 81 24 27 39 64 45 90 76 40 83 43 95 77 98 66 71 56 32 75 53 80 22 74 86 12 32
74 62 57 68 44 51 32 43 40 74 89 68 37 59 93 42 5 94 23 77 65 85 15 57 2 46 52 87 27 62 72 93 65 6 14 40 45 39 59 95 99 32 3 17 18 8 14 27 32 65 66 26 41 34 76 40 26 51 13 6 75 -2 22 95 20 0 75 24 45 56 43 -1 26 3 75 12 12 44 9 61 97 48 6 -1 35 12 65 60 45 36 37 14 34 57 52 18 82 62 77 75
13 76 30 87 94 21 67 86 93 59 69 83 83 50 96 96 90 41 17 96 55 46 56 39 11 17 72 80 101 73 71 100 67 4 10 10 18 59 65 79 28 45 50 30 84 91 74 12 58 45 58 55 51 5 4 7 16 10 19 25 47 53 79 22 5 6 32 34 86 91 48 6 8 80 102 75 34 24 43 63 39 3 38 70 69 91 99 22 4 22 85 79 56 84 78 15 40 29 32 7
100 38 70 96 90 3 96 51 62 39 55 81 29 75 72 82 48 96 35 22 32 81 66 85 96 31 2 17 73 68 94 72 54 75 76 11 83 51 101 43 75 25 33 89 10 94 12 83 9 45 14 8 58 6 45 3 60 12 74 12 91 58 37 23 26 21 33 32 40 75 62 53 53 15 14 40 50 43 41 45 70 0 86 38 41 36 88 -3 76 64 60 89 80 71 18 39 3 -2 96 16
91 32 22 43 85 7 16 43 42 97 99 12 78 32 33 11 90 33 75 80 55 66 54 70 75 67 67 96 35 90 95 66 87 51 61 59 17 59 29 57 53 54 22 82 70 75 59 18 20 64 51 56 53 54 74 29 26 34 47 57 94 20 42 100 81 81 59 19 40 63 38 70 14 27 21 55 60 55 22 71 46 55 4 22 68 5 6 69 94 2 39 37 87 86 75 95 28 12 90 96
86 90 62 42 24 30 73 66 48 95 77 15 93 28 68 57 48 93 45 93 73 30 47 40 67 81 15 7 9 44 29 34 62 10 27 29 82 15 46 75 59 87 59 94 39 -3 54 68 46 26 92 29 32 64 38 70 90 78 55 54 85 -3 5 11 100 86 52 80 44 2 41 47 93 43 73 12 71 53 92 31 70 46 43 43 84 76 93 23 81 93 70 87 69 2 52 79 37 38 71 96
5 67 67 96 24 20 22 51 78 12 19 83 89 16 32 14 84 66 94 36 32 21 55 21 30 65 7 82 23 9 79 5 6 25 32 16 96 24 56 86 64 48 76 17 37 75 77 8 42 55 34 39 30 55 84 60 17 11 21 52 42 48 92 43 67 76 70 78 72 88 49 52 87 100 36 28 65 73 69 99 76 47 49 57 98 73 3 85 11 5 4 80 75 55 48 100 45 36 86 16
82 24 94 14 18 54 59 60 101 86 71 94 77 65 77 13 74 8 36 23 99 46 84 61 74 3 22 45 11 13 23 49 21 52 33 80 39 95 69 -2 48 90 56 8 4 62 46 78 8 82 26 86 80 31 5 11 66 31 69 22 68 20 65 55 46 95 99 11 45 36 51 55 92 23 53 22 3 7 73 10 77 22 93 84 85 -3 30 62 85 13 91 17 70 77 52 10 21 51 95 89
91 20 88 24 49 11 36 17 56 37 6 67 44 42 24 16 29 34 93 22 20 3 33 6 87 74 29 19 73 71 93 96 46 1 101 10 29 82 24 89 40 5 80 93 21 14 79 34 89 82 53 28 101 55 96 78 86 31 14 16 75 39 56 99 94 1 40 42 31 48 13 26 37 84 101 86 74 7 39 89 4 97 96 61 98 22 87 33 36 16 3 38 63 29 92 2 38 49 76 56
54 66 35 80 38 60 52 35 40 3 54 47 100 0 39 48 53 26 80 58 42 51 79 81 67 32 22 85 40 60 33 32 47 69 34 91 3 90 33 29 81 84 44 78 44 85 77 23 33 6 17 69 5 80 69 22 71 55 85 93 88 52 42 64 66 73 74 0 16 35 15 50 52 96 99 21 16 20 44 72 9 32 18 35 97 17 8 15 101 0 61 23 81 60 16 16 70 50 69 26
92 71 22 24 99 84 22 20 11 100 6 49 60 99 29 68 74 67 40 66 30 5 16 70 41 3 50 52 40 13 38 46 83 75 43 67 83 8 88 43 65 1 71 73 99 3 85 2 4 27 33 88 17 82 80 56 56 48 51 45 14 7 86 92 39 89 66 98 27 36 33 78 7 95 34 96 34 83 13 38 28 62 32 20 69 15 48 40 39 36 94 57 59 67 9 9 64 64 35 32
90 11 64 95 32 44 40 51 39 50 38 72 41 53 26 39 22 41 100 95 20 95 93 1 62 52 26 95 17 43 35 21 67 84 100 88 8 65 78 71 67 71 37 85 98 22 49 24 56 -1 55 58 59 15 9 67 45 52 36 1 33 93 99 31 5 29 27 90 96 76 85 76 69 50 98 16 45 28 93 10 26 53 42 59 79 -3 72 30 5 73 93 22 62 14 44 4 54 27 91 53
101 1 100 42 56 58 19 8 82 34 62 10 23 94 100 22 39 87 40 28 84 85 16 52 43 19 28 93 45 51 5 42 49 76 15 49 72 66 23 30 35 65 37 16 59 19 100 43 10 80 69 17 57 62 18 15 97 4 30 81 77 65 88 31 93 6 76 98 4 37 102 74 73 25 78 76 83 83 100 48 101 1 20 11 53 91 63 85 47 79 69 63 50 88 27 71 29 25 94 14
5 1 85 36 34 8 41 48 5 29 14 21 88 63 86 84 89 59 45 67 61 87 26 17 6 39 66 34 55 82 83 91 54 93 35 52 88 57 28 19 69 83 17 6 84 94 48 51 48 2 94 54 29 83 14 34 9 44 14 23 45 78 29 76 30 82 58 26 13 23 53 9 30 38 62 84 23 40 43 28 60 45 9 64 45 96 52 37 33 28 82 67 47 83 76 38 19 47 55 15
5 77 44 39 66 94 35 22 76 44 75 51 22 1 8 42 38 63 77 56 92 73 49 78 12 22 43 8 42 83 85 27 6 16 56 85 11 93 25 7 83 2 36 93 39 60 12 53 9 42 79 3 85 62 42 98 41 50 62 2 5 96 57 25 71 35 28 7 23 21 29 48 28 92 67 44 94 46 53 35 6 95 59 1 70 94 54 14 67 91 46 15 87 79 57 4 40 85 45 52
58 84 69 56 16 87 25 70 35 55 99 45 15 63 12 8 59 76 77 56 50 62 77 94 37 59 77 34 50 73 39 7 93 61 51 -2 97 26 97 40 95 56 17 57 83 84 40 -1 48 83 71 51 9 57 23 78 6 15 98 85 68 -3 11 91 51 28 28 22 93 72 16 36 30 79 45 53 59 18 76 24 54 -1 37 74 64 20 74 16 98 71 71 21 43 75 73 30 65 53 9 51
70 35 20 25 90 64 4 73 65 18 54 47 97 25 44 50 23 79 11 56 53 65 43 67 95 37 22 100 63 94 78 89 21 86 28 23 102 1 23 59 92 2 82 61 90 73 53 56 70 71 91 21 46 96 93 62 15 3 33 63 78 14 41 31 85 29 44 25 99 35 101 58 18 86 60 74 71 29 88 81 4 28 69 49 23 47 6 80 102 31 86 59 86 53 10 44 79 71 80 21
50 57 83 18 52 -1 9 76 42 0 18 77 79 56 32 21 46 82 65 30 21 45 8 90 60 88 92 17 67 24 14 52 37 55 69 35 8 67 30 76 48 20 73 63 89 68 66 44 84 14 68 27 81 32 46 66 63 53 19 94 45 50 66 4 34 46 41 -3 94 72 89 9 70 41 75 25 63 3 48 25 3 50 70 37 45 10 61 29 54 39 97 72 56 95 95 -2 35 79 19 76
35 83 24 25 51 92 4 69 91 14 56 10 6 6 54 93 60 76 51 48 21 70 78 75 27 84 35 31 91 41 45 43 14 77 77 51 41 25 84 70 76 40 12 6 81 10 18 99 16 35 96 100 44 60 58 15 31 11 39 23 72 71 83 84 48 17 60 33 73 23 94 87 11 47 50 74 84 67 3 1 28 95 31 19 84 33 7 15 80 88 63 15 67 49 56 86 78 26 30 52
59 3 3 60 80 51 97 4 37 15 26 39 40 48 39 28 84 35 15 23 36 84 66 58 94 50 96 -1 87 -2 3 91 14 66 42 66 82 4 100 52 67 35 57 62 66 11 79 28 15 4 66 78 50 22 40 63 47 80 30 66 52 50 89 38 100 43 73 68 83 65 57 64 49 51 4 29 34 52 23 82 27 23 37 71 21 60 54 37 56 80 79 33 4 57 42 71 3 -3 18 12
93 32 84 59 94 94 36 73 80 83 33 53 42 39 26 64 91 42 44 79 85 5 95 30 31 61 56 20 30 39 87 53 60 71 4 6 44 53 23 54 46 42 55 42 55 75 92 100 54 32 102 70 42 88 11 36 91 58 61 8 29 52 37 74 9 3 66 69 10 92 8 82 18 32 43 77 79 1 41 78 95 19 15 29 25 70 26 9 62 65 68 61 39 76 69 74 79 79 81 30
21 57 96 16 82 60 101 2 98 92 19 14 56 -1 10 45 89 17 6 4 7 52 20 4 62 79 30 44 8 3 89 62 4 31 77 33 7 23 60 19 59 49 38 66 22 28 39 84 35 90 23 50 76 54 80 14 65 92 58 0 33 84 49 35 87 91 63 74 48 85 66 11 76 6 23 30 34 50 71 65 26 13 100 13 15 59 38 65 95 23 37 -1 10 84 51 16 32 13 59 60
83 21 11 43 68 94 90 22 31 100 28 19 34 96 98 22 20 60 45 27 32 41 86 26 72 28 60 27 83 93 60 10 63 45 67 38 18 5 39 33 4 84 32 17 97 47 19 89 99 96 69 68 59 45 72 64 98 100 78 99 47 80 59 76 5 8 71 24 59 12 88 55 99 39 88 82 18 57 39 84 74 66 82 7 64 5 47 34 21 14 35 86 4 65 101 37 91 81 10 77
87 81 12 90 15 63 80 74 81 61 61 10 95 18 70 64 55 76 6 17 49 55 3 66 25 62 44 74 100 75 49 86 92 38 27 23 57 14 5 36 90 68 98 23 89 4 64 63 21 88 83 36 17 96 41 5 38 45 56 17 72 11 75 73 21 23 83 80 87 -2 22 35 36 65 77 47 26 18 98 20 89 5 50 27 65 90 51 -2 97 68 31 63 83 65 66 -2 60 10 87 39
20 8 28 56 91 2 70 54 15 1 95 5 33 65 64 73 36 33 76 91 93 61 33 71 54 89 91 23 49 30 59 68 32 70 60 93 17 48 47 27 22 35 73 81 89 96 24 24 100 7 10 71 75 100 60 37 85 14 28 69 12 10 100 53 4 38 30 1 19 27 61 95 19 100 81 15 12 3 58 88 12 4 38 38 15 53 45 41 9 23 11 44 23 71 94 8 83 87 68 39
101 32 52 42 48 15 58 76 39 41 38 0 81 16 6 55 76 7 67 75 79 1 2 41 85 12 33 52 66 43 4 51 66 -1 78 -3 24 46 16 85 95 46 15 59 78 0 8 59 27 57 99 34 71 61 91 14 47 54 66 64 22 50 73 85 26 67 67 83 43 93 47 59 9 51 78 46 52 25 97 59 60 77 74 88 18 36 8 28 33 70 73 4 25 32 34 6 46 4 101 50
37 43 60 17 67 71 46 6 89 76 31 95 55 61 76 24 65 50 76 77 8 81 62 17 17 12 33 68 12 38 23 8 36 16 34 72 80 71 73 23 84 60 32 93 48 49 58 75 52 73 81 88 56 37 95 16 96 25 71 76 17 1 61 68 67 69 8 95 87 4 94 57 45 65 84 77 48 21 92 15 24 44 66 2 96 68 41 32 33 96 13 19 86 33 93 53 75 97 88 57
71 33 77 65 13 15 39 73 54 71 29 36 58 72 55 21 17 16 44 47 7 -2 10 76 10 71 19 86 62 64 77 21 16 10 20 87 24 73 66 70 19 51 97 88 28 5 101 33 39 32 29 95 73 81 62 0 19 3 72 46 63 84 41 68 71 47 53 13 72 43 6 63 18 87 15 5 78 80 49 11 91 51 18 40 43 74 79 68 66 1 45 2 35 80 85 14 53 41 80 16
17 27 71 71 64 75 42 96 34 43 42 83 31 44 88 21 6 61 99 10 51 24 51 17 83 19 66 87 66 18 43 90 8 73 51 35 26 53 35 21 34 51 33 91 73 44 38 91 62 40 4 25 54 6 97 41 95 21 23 99 52 75 99 1 38 94 62 83 92 47 55 37 90 45 40 7 55 49 93 15 88 54 80 52 11 14 96 65 20 53 42 83 62 100 46 1 16 66 4 85
40 94 74 27 62 2 10 48 15 6 27 55 24 -1 91 39 99 83 93 63 62 88 32 7 55 61 48 27 69 72 55 47 52 35 26 90 75 56 21 38 14 52 15 16 93 -1 84 67 57 21 26 -3 97 38 44 58 21 69 5 56 70 86 86 44 33 87 70 13 43 96 99 63 57 48 99 80 28 62 11 57 21 93 99 -2 17 68 92 8 25 14 32 53 84 37 97 44 69 75 85 14
30 36 66 90 65 71 99 99 47 5 90 45 100 75 95 29 102 75 23 44 86 78 78 76 48 53 89 91 9 84 87 82 28 66 9 74 50 99 24 80 32 62 72 47 54 88 99 14 12 56 90 86 66 27 58 76 70 78 42 83 62 6 73 38 70 76 80 29 35 58 34 40 47 66 51 85 26 8 62 56 10 39 72 74 4 74 16 60 57 66 45 16 33 66 89 54 61 66 15 88
82 57 8 34 78 7 91 3 71 55 75 20 2 3 98 37 54 26 14 37 62 52 25 2 73 18 23 57 29 88 79 6 58 83 43 57 94 57 76 39 33 42 78 91 15 59 14 22 64 90 42 26 66 89 16 63 62 12 26 92 18 43 41 -3 15 79 81 24 34 74 88 86 25 11 88 7 81 8 59 10 69 62 56 54 73 67 50 0 6 43 47 74 82 51 65 63 3 86 54 10
23 80 10 14 56 39 59 66 66 78 81 100 18 92 36 11 37 2 68 30 73 60 10 1 29 96 37 87 6 98 66 8 8 19 51 86 65 19 56 13 3 34 61 74 18 23 76 97 14 4 61 12 42 73 100 62 69 53 4 14 98 16 80 86 25 86 3 35 91 23 65 100 77 68 82 34 10 4 98 39 39 23 40 38 85 19 88 2 4 89 53 1 34 80 56 20 82 40 17 33
66 38 23 26 7 61 6 20 63 89 84 85 26 67 19 7 71 11 66 75 27 38 100 47 57 74 91 -2 79 60 100 92 28 68 76 40 73 17 90 95 4 91 42 63 93 92 36 67 94 58 25 65 63 44 21 85 36 96 100 95 41 42 53 16 66 17 53 26 56 75 9 3 56 24 88 27 14 72 87 31 28 59 38 80 20 91 84 63 19 10 6 27 84 76 13 32 81 43 77 56
11 88 23 8 18 13 65 65 94 31 98 66 3 66 86 20 72 90 35 85 28 72 77 73 102 98 36 89 85 9 96 48 56 88 56 5 59 89 70 92 67 68 5 69 11 39 92 28 66 63 82 44 62 32 60 86 80 26 97 49 9 54 31 34 102 27 9 14 43 47 26 23 31 51 78 10 37 62 100 14 55 85 23 19 35 14 69 66 35 63 20 38 52 27 67 93 87 90 90 46
74 -3 62 8 87 85 59 54 10 44 61 54 57 18 92 54 37 67 79 24 77 78 30 84 46 93 51 68 50 60 75 16 75 69 28 52 26 51 25 50 85 85 53 59 35 1 30 10 19 92 49 0 99 64 28 20 43 17 30 43 30 21 91 -1 77 4 29 2 23 26 77 2 45 25 26 21 3 25 76 80 101 43 73 69 89 59 96 62 37 22 95 6 76 41 25 69 49 9 92 3
63 67 59 7 27 53 64 32 61 78 96 95 11 97 54 14 69 53 23 67 102 13 74 74 101 31 55 3 40 21 46 68 94 84 94 81 82 14 83 83 48 73 22 97 39 13 102 86 57 72 57 62 58 95 28 13 43 85 12 77 56 84 39 48 3 86 49 46 51 72 50 40 29 44 30 91 31 55 60 29 58 27 85 54 66 52 88 16 68 91 63 24 57 78 71 76 16 100 30 16
67 69 22 89 97 27 28 73 91 1 53 90 76 53 31 15 42 11 5 74 84 20 18 83 78 49 60 83 23 42 89 10 90 32 20 61 14 1 90 30 23 15 64 90 53 10 91 35 101 69 39 -2 89 85 69 -2 79 86 28 87 34 27 75 12 55 72 13 23 56 14 87 9 86 -3 29 80 30 60 76 51 18 1 54 36 38 76 39 14 17 88 8 61 46 60 86 21 53 49 47 45
5 77 70 68 84 7 66 64 40 16 97 50 27 42 58 48 39 66 76 32 43 99 88 64 52 96 67 58 37 39 77 71 49 43 56 3 69 71 19 7 14 84 62 57 30 46 50 73 71 3 53 49 22 27 64 65 61 93 23 69 46 12 44 98 20 49 59 48 84 57 37 10 28 57 9 88 44 17 8 61 31 69 9 73 88 30 37 35 53 24 61 93 64 80 63 25 48 59 33 59
19 28 72 75 60 9 51 87 65 28 89 89 2 22 3 15 10 90 16 10 53 75 48 9 98 21 43 81 43 26 38 40 100 71 5 19 83 37 63 30 61 92 66 39 50 2 99 45 96 40 64 36 34 9 14 51 82 68 31 10 5 16 45 7 95 94 90 86 75 -2 77 1 88 26 76 58 41 15 77 34 9 87 48 79 38 7 52 1 2 84 77 52 51 1 48 40 49 94 33 10
58 5 12 50 29 73 7 91 85 96 62 56 18 89 38 13 33 82 68 56 58 98 31 81 80 31 20 7 50 37 91 100 60 12 24 25 64 23 97 90 7 43 84 85 71 32 6 93 83 75 41 74 31 32 55 32 43 86 72 61 5 39 92 20 9 70 88 81 60 88 71 4 44 30 66 58 93 58 77 89 53 23 15 96 102 99 74 98 63 1 62 21 61 22 93 48 41 63 98 67
86 68 93 37 60 -2 28 12 7 95 78 13 35 3 15 37 68 71 36 7 59 66 7 24 32 39 43 3 37 91 94 59 61 79 49 81 96 11 24 95 86 33 36 0 97 48 86 58 5 28 15 62 9 96 36 47 64 79 93 47 96 88 15 31 10 60 49 27 33 93 96 56 19 93 81 79 57 41 55 7 40 73 18 67 24 81 54 6 17 37 14 65 11 29 76 16 65 51 60 39
93 32 64 99 15 60 86 5 91 70 26 34 62 23 36 17 65 6 43 26 79 64 49 10 91 4 73 25 77 69 64 38 53 77 28 28 21 4 29 80 49 85 91 87 42 89 6 75 64 51 83 100 93 100 82 38 93 79 5 69 54 7 30 96 96 89 7 60 74 64 80 46 13 6 71 85 97 15 11 19 91 65 95 7 30 72 47 11 93 24 30 30 37 87 29 97 74 96 95 16
69 23 13 52 71 27 81 62 61 8 92 69 32 21 17 22 63 77 41 78 66 23 43 24 84 -1 60 71 6 69 46 66 63 37 44 92 20 74 24 84 96 23 95 76 98 33 98 86 85 28 86 26 10 48 81 34 89 4 9 6 101 59 83 0 92 51 88 20 86 48 99 41 15 42 39 1 53 57 16 52 39 83 92 5 72 16 43 8 23 17 23 25 96 -1 28 0 21 83 50 35
83 41 44 14 38 6 4 49 74 56 30 10 82 41 63 33 20 14 47 43 102 61 22 46 28 95 68 64 19 10 38 67 79 30 100 22 71 46 54 4 33 59 44 93 63 22 15 71 27 8 6 40 74 5 26 22 30 85 27 29 49 64 94 80 5 44 6 41 12 75 79 19 4 79 13 46 46 19 34 83 88 20 34 40 41 69 11 46 51 74 90 57 102 1 63 36 79 17 6 4
76 67 63 96 95 17 53 85 33 31 44 64 56 92 69 33 96 14 91 41 97 57 21 2 35 39 72 41 54 77 94 48 55 90 78 27 6 34 98 15 33 59 9 39 6 6 28 33 97 95 26 18 7 90 37 40 52 74 52 56 101 83 81 -2 90 37 99 18 11 96 62 35 40 81 54 44 22 95 84 35 48 94 44 8 40 63 78 89 94 62 64 84 97 40 77 37 79 3 51 75
62 97 43 1 49 2 21 73 15 13 68 47 23 22 6 66 102 20 26 83 66 86 69 41 66 88 15 44 7 89 74 2 24 58 35 89 86 84 33 13 53 97 94 93 3 8 79 63 83 84 28 48 83 93 8 90 17 76 82 17 96 99 15 9 34 4 84 13 76 46 5 43 33 96 18 1 47 56 47 46 32 36 67 34 47 14 20 64 28 98 92 69 86 14 51 78 78 16 53 38
18 50 58 18 64 81 7 59 80 84 40 71 52 86 37 32 36 53 75 59 45 22 71 -1 42 41 29 22 2 37 19 27 6 40 78 22 85 17 52 44 13 25 89 14 17 -1 57 59 39 49 39 95 6 71 75 32 80 28 36 93 46 4 99 36 56 78 80 89 97 24 83 27 79 11 8 52 18 12 99 20 93 15 57 54 94 96 28 38 20 63 86 90 95 78 89 86 70 29 18 4
33 95 34 54 5 27 95 20 31 9 52 43 60 47 68 98 13 11 87 24 67 34 46 18 64 34 40 11 20 70 100 4 40 14 7 1 99 47 68 52 12 95 101 92 25 19 37 60 83 16 31 3 12 86 74 43 6 42 49 85 59 94 40 90 98 25 86 11 71 45 18 83 20 23 39 60 17 45 23 8 75 88 79 39 67 34 89 14 45 12 89 25 56 90 38 3 55 6 62 4
70 79 90 47 57 15 2 29 59 24 64 93 58 52 27 72 13 70 63 64 30 27 46 69 56 -2 71 85 92 65 77 35 56 44 90 24 41 43 24 10 43 51 86 61 73 21 16 7 84 22 43 75 22 31 99 21 67 32 26 0 12 93 16 92 85 8 13 80 100 87 22 51 18 2 44 39 35 13 18 81 65 5 87 29 93 7 7 77 68 80 39 38 51 89 96 80 32 11 100 68
89 71 7 22 27 99 79 3 61 38 56 4 27 35 38 24 69 20 38 21 45 79 79 92 17 62 102 68 26 70 17 32 37 76 11 85 38 49 7 18 17 70 37 82 77 27 13 77 76 44 7 4 49 67 39 10 54 18 31 28 20 98 64 32 15 25 54 24 33 62 34 55 96 88 22 13 37 69 24 90 29 61 57 95 87 16 68 29 30 11 81 42 84 88 101 23 36 57 25 73
94 42 86 88 21 2 16 54 52 69 21 10 39 41 48 7 25 31 15 77 52 77 43 84 19 71 7 22 65 30 85 77 36 47 81 52 68 34 83 66 18 72 60 38 43 83 82 -2 33 25 6 50 4 37 36 77 101 47 62 36 75 83 10 93 43 29 4 87 18 91 82 34 28 54 92 34 61 38 45 43 35 73 43 66 7 76 53 17 42 94 47 73 6 64 44 80 51 38 25 42
31 2 37 50 65 93 88 77 81 9 84 78 98 33 26 87 12 93 44 86 89 46 80 22 67 42 84 59 39 40 40 96 49 36 21 93 92 12 74 24 60 21 97 35 44 48 4 29 8 34 14 26 34 53 67 17 51 96 85 52 53 37 21 75 21 100 78 68 91 4 7 26 64 77 58 38 85 31 51 34 66 100 52 3 60 18 85 69 82 74 101 96 60 53 15 49 56 11 59 37
11 29 61 31 18 79 62 81 80 12 62 37 101 28 85 41 4 5 88 84 84 37 37 35 11 11 48 -1 94 11 86 83 53 83 55 52 96 28 101 77 25 65 80 83 58 42 57 22 54 19 39 38 80 61 41 76 48 57 68 52 14 33 45 26 67 40 83 15 20 93 49 84 61 11 45 30 26 83 23 70 58 66 62 43 2 28 101 30 18 83 100 1 53 36 98 14 87 67 92 72
97 60 96 95 8 87 67 27 80 11 88 99 71 80 24 70 44 79 88 18 29 8 37 88 60 21 27 86 81 43 71 20 73 54 82 25 23 3 24 72 36 89 48 55 19 33 38 69 26 56 10 66 14 48 50 76 70 32 90 25 30 89 69 36 19 42 79 56 95 70 90 33 50 34 77 16 91 24 100 50 96 14 100 62 38 54 28 86 10 14 24 71 36 61 39 73 35 16 81 72
43 5 82 64 24 55 23 84 57 33 39 46 39 10 17 4 13 28 36 25 18 66 48 24 47 26 8 32 83 9 27 32 63 3 37 73 48 53 40 29 9 56 2 46 35 56 92 3 54 13 5 61 101 54 13 5 14 5 66 9 46 70 47 91 77 88 6 78 62 -1 39 27 25 12 53 4 15 65 73 74 42 56 40 -1 3 0 57 2 66 90 87 17 8 5 34 -3 27 35 85 28
43 86 62 60 64 18 12 16 66 47 20 93 30 38 62 12 14 47 5 84 20 37 72 77 61 100 37 63 80 91 57 27 18 63 88 1 78 56 99 89 43 7 102 42 57 99 62 64 86 8 72 99 102 42 13 93 35 23 84 19 65 14 72 75 9 37 61 73 58 1 29 70 18 100 45 14 8 23 98 97 95 77 16 43 8 82 92 3 62 97 33 42 34 75 45 69 89 68 40 83
100 39 5 65 50 77 77 15 74 8 97 5 10 31 92 9 80 47 95 3 52 54 34 56 47 36 77 85 70 91 78 9 94 40 59 14 81 87 24 13 61 0 101 66 95 91 53 -3 12 21 59 37 4 51 34 3 82 0 13 29 27 91 24 21 43 18 98 54 46 67 8 80 3 9 21 63 37 65 53 16 76 63 35 73 34 76 92 96 70 35 5 62 20 58 52 86 2 57 90 44
33 96 86 3 18 90 28 67 94 60 95 42 77 42 85 47 35 6 30 36 56 75 18 3 73 13 9 48 48 42 70 100 36 36 8 70 72 17 62 6 69 79 91 67 32 61 95 82 58 71 95 23 80 99 54 9 50 16 96 86 64 4 65 38 64 44 101 36 84 17 72 10 20 90 57 21 77 56 27 93 21 70 70 22 94 80 100 29 76 43 72 46 67 20 57 82 52 63 78 69
48 93 76 27 74 68 23 68 90 70 77 58 37 79 81 24 94 21 100 35 74 53 75 53 39 8 60 53 8 65 68 38 78 3 50 11 90 12 81 68 53 91 77 64 79 13 54 64 82 50 63 24 27 3 84 86 3 78 26 25 85 21 83 38 81 30 35 87 24 39 37 27 22 77 7 25 52 85 78 23 46 95 76 91 68 63 89 35 4 64 74 61 71 67 92 9 57 10 80 87
36 40 13 6 41 41 40 79 8 14 7 97 77 33 62 85 91 83 94 30 35 28 49 16 13 32 36 14 21 72 100 83 13 33 54 23 57 33 8 64 73 38 75 52 98 24 47 37 88 59 46 49 70 47 95 24 57 58 57 11 46 84 58 46 23 80 73 17 91 81 101 59 8 80 50 50 30 6 67 62 21 57 88 100 38 74 71 63 23 83 63 83 44 70 91 51 88 81 14 7
2 17 76 19 88 4 98 52 73 82 86 46 98 27 38 83 10 70 76 89 96 5 6 65 58 0 30 83 87 26 40 80 4 64 13 60 14 35 86 88 20 62 51 91 101 73 87 16 19 10 5 42 46 18 94 16 89 52 78 88 81 70 55 29 83 15 68 37 38 55 97 11 90 95 60 45 7 15 30 39 98 69 28 32 75 18 24 92 38 52 83 22 63 7 33 71 58 62 76 77
27 74 79 15 86 64 67 100 69 8 17 98 48 69 100 92 83 88 39 73 83 80 58 57 36 3 92 37 62 45 67 32 39 84 15 37 84 65 100 77 89 53 28 97 28 24 86 21 65 65 11 82 75 69 12 81 9 21 78 48 37 7 8 29 34 80 23 38 42 63 20 76 42 79 81 35 74 40 20 89 30 72 55 71 62 66 18 58 29 14 86 51 71 10 70 95 7 66 71 57
35 19 82 11 8 0 55 17 40 9 85 26 44 33 57 91 37 73 98 78 30 91 94 53 49 40 24 58 42 9 29 12 16 88 51 5 45 39 48 25 64 57 21 80 8 61 38 22 9 62 33 64 9 60 34 -1 36 68 61 13 96 24 37 42 101 -2 10 74 62 38 44 82 59 83 51 50 37 10 32 87 3 62 99 67 22 46 74 49 73 0 25 71 6 48 101 33 78 92 18 67
47 27 28 75 31 56 39 91 96 15 99 36 81 15 33 23 18 73 42 18 13 89 94 74 22 87 18 13 44 78 84 23 94 89 101 64 15 7 68 3 32 4 53 12 87 28 14 5 82 44 57 91 71 40 62 100 57 42 13 30 63 93 64 30 76 86 43 68 52 86 51 89 51 81 30 89 27 80 81 30 18 75 100 25 5 74 65 34 82 7 24 5 53 23 87 52 27 71 86 28
69 96 57 -1 10 -3 63 89 60 16 64 59 45 23 3 21 20 82 19 15 22 50 84 60 97 18 3 42 57 48 14 9 5 2 69 26 40 77 97 62 27 12 54 59 25 70 64 57 99 40 93 59 96 51 55 11 78 55 59 9 93 64 97 54 48 9 62 0 84 34 17 57 92 7 79 41 14 91 84 15 49 4 96 55 68 32 64 49 36 -2 96 75 38 91 36 13 100 15 10 34
73 50 13 44 20 18 24 74 35 95 37 67 91 77 102 28 31 49 80 81 60 14 77 2 64 75 47 44 72 66 20 83 15 40 54 42 69 35 64 78 83 42 51 49 55 58 84 98 16 67 6 62 87 82 31 92 17 70 57 2 96 25 78 15 19 91 9 98 22 77 28 91 48 39 36 1 13 64 90 96 22 14 5 92 51 70 31 70 68 45 36 90 74 4 40 42 41 77 72 63
24 44 83 12 66 9 13 96 33 26 35 67 73 3 42 -1 31 89 94 44 66 67 49 -1 36 75 32 37 46 25 22 2 64 23 52 17 99 31 84 26 61 57 17 38 5 31 60 84 47 17 3 22 32 49 33 8 40 49 85 13 12 13 13 49 67 77 41 43 30 55 21 73 16 2 58 64 67 49 71 43 62 -1 58 19 70 83 99 68 78 35 83 79 43 60 73 47 19 2 10 52
92 93 81 46 29 45 78 47 54 10 80 67 22 23 49 33 4 39 59 50 30 69 52 77 17 79 44 50 14 89 55 93 18 87 43 5 88 17 80 39 66 94 29 19 11 71 54 1 44 51 78 83 17 25 56 91 52 22 36 23 25 1 20 76 17 56 79 56 27 62 78 8 90 5 71 86 42 50 67 23 75 68 54 61 5 96 38 31 4 86 19 99 7 7 35 14 76 17 39 28
19 87 31 95 7 54 64 4 65 94 46 76 67 92 17 27 13 62 69 0 87 7 21 23 14 4 77 43 84 54 66 92 17 81 18 29 25 -2 97 58 4 40 87 84 17 76 63 26 60 11 32 23 17 15 73 57 53 -1 61 8 87 28 41 17 96 6 25 26 33 67 28 58 14 77 21 72 9 5 98 36 26 54 24 54 78 70 58 75 49 76 43 28 56 67 43 22 41 62 68 48
87 57 61 80 66 69 43 91 7 45 19 71 51 99 90 58 22 69 100 12 49 30 67 34 97 32 40 84 46 57 35 82 12 8 40 1 61 64 56 26 61 80 17 64 40 15 73 79 84 39 68 14 41 85 16 87 69 62 102 39 44 87 47 15 41 51 72 93 63 66 50 69 52 14 6 26 18 65 3 65 31 93 16 45 3 82 9 73 38 89 46 51 63 78 66 82 66 44 71 12
58 94 98 84 54 56 69 83 86 18 96 91 27 73 38 84 78 51 6 66 57 39 98 57 4 12 96 92 24 41 31 21 45 1 85 25 23 70 48 72 20 25 89 34 34 57 53 76 70 39 51 70 62 93 82 87 43 22 43 23 3 8 23 53 38 80 49 44 4 6 31 28 81 83 89 33 24 46 11 78 64 35 26 33 97 26 38 51 64 55 67 93 73 25 12 70 6 32 65 57
81 100 90 35 61 58 63 20 30 17 31 59 80 43 43 35 70 26 58 11 9 20 86 100 45 51 9 73 35 36 37 23 25 57 29 60 46 99 34 37 9 68 55 1 37 60 55 54 21 87 53 24 58 10 89 51 51 80 33 17 6 45 25 33 100 8 65 61 13 22 17 13 45 25 35 54 59 10 93 12 33 77 42 61 34 96 82 60 52 62 20 77 14 27 94 61 61 45 25 76
39 71 74 35 61 36 40 81 95 63 24 90 47 84 70 9 32 6 53 21 71 8 33 8 99 2 89 95 2 5 79 52 52 46 96 72 70 23 94 64 65 20 48 17 25 30 47 31 75 58 70 53 52 56 16 64 6 40 38 41 17 86 92 23 86 12 4 92 39 23 25 -2 36 79 97 36 14 63 7 11 86 92 92 20 36 26 61 -2 70 32 65 96 85 57 94 63 82 75 83 29
88 93 62 41 16 68 81 40 56 17 8 73 102 49 18 25 74 30 3 32 29 44 53 99 90 32 93 12 101 62 39 77 5 98 29 61 77 65 42 92 5 67 35 72 93 55 52 90 55 84 43 14 54 44 6 66 48 25 94 91 64 13 71 73 95 77 90 47 7 85 51 15 88 35 53 68 22 63 98 94 67 75 97 42 16 4 58 89 85 88 56 80 21 40 90 67 49 80 6 7
79 50 10 63 72 95 60 73 22 75 74 8 75 17 63 66 65 83 93 20 14 10 69 78 40 65 38 50 36 63 11 2 53 23 97 56 73 33 88 63 6 38 64 82 33 69 20 61 47 72 94 21 56 2 57 32 29 19 51 68 25 8 32 27 90 23 20 -1 73 89 9 76 83 10 76 20 13 34 47 78 32 20 20 91 71 45 101 42 71 32 36 2 29 38 14 75 9 7 11 59
80 71 78 73 26 6 40 22 62 29 71 62 78 36 102 66 30 18 97 41 93 79 75 24 75 97 82 68 56 54 32 62 94 50 98 89 40 18 24 9 81 36 34 59 17 66 67 1 93 10 29 51 55 25 59 36 96 20 23 76 99 70 14 86 18 30 12 50 72 12 81 23 43 28 98 91 62 45 91 23 31 93 75 19 75 26 43 79 54 60 99 2 57 45 21 33 75 97 15 76
40 5 13 0 11 69 55 8 47 28 72 64 60 87 32 23 58 20 25 23 84 11 74 52 42 3 33 68 66 9 94 23 86 2 66 12 8 84 84 10 84 89 28 57 11 84 71 53 77 80 54 20 63 89 80 65 38 7 63 34 44 34 97 70 53 20 48 95 90 11 15 48 47 -3 22 21 6 50 11 66 49 46 56 41 5 88 96 29 89 47 87 41 9 65 18 91 92 73 71 31
57 15 28 95 88 61 12 3 84 4 27 11 63 29 97 79 79 16 58 61 34 8 12 29 44 10 14 89 89 67 19 48 84 93 71 99 63 64 22 15 28 77 66 44 17 100 55 40 55 12 88 77 41 5 58 13 54 59 43 21 19 8 44 24 78 51 10 8 101 65 48 34 41 40 15 5 83 46 30 1 73 27 65 28 93 100 73 97 55 32 33 93 27 65 78 61 63 54 102 79
85 77 73 86 22 11 66 82 3 6 76 48 40 91 93 16 78 96 68 70 63 -3 70 35 30 27 84 36 82 31 82 30 65 14 29 96 90 37 26 34 5 77 57 83 49 47 25 77 14 -1 82 67 29 58 11 33 49 15 19 14 36 9 96 29 90 23 58 14 13 42 39 4 38 -3 21 6 18 61 84 49 96 50 65 12 85 26 28 58 57 78 28 53 34 44 39 68 68 72 19 13
81 57 44 87 47 97 12 74 69 2 29 97 71 44 91 26 21 50 68 47 66 60 61 65 78 8 30 15 56 54 11 87 83 28 44 100 56 39 98 36 12 10 36 37 28 18 95 23 82 47 45 82 21 50 17 71 72 72 3 36 63 96 21 70 30 93 19 6 94 24 27 46 75 28 7 19 34 14 34 79 3 87 58 30 39 100 14 21 51 52 36 100 94 36 99 7 90 50 45 34
28 79 7 48 41 24 3 -3 69 27 76 71 50 70 25 68 58 28 78 95 40 37 91 55 3 81 58 15 50 57 52 31 37 9 17 34 25 64 8 58 8 12 13 94 5 60 56 73 17 80 67 72 38 84 90 78 81 26 100 7 8 83 98 62 97 35 27 75 59 82 5 41 14 73 91 50 59 3 35 88 60 82 7 79 21 90 6 95 69 55 59 94 82 34 74 92 99 87 62 29
22 5 89 15 60 24 79 6 44 18 40 65 64 48 67 3 76 38 89 82 87 20 84 61 52 53 27 39 96 16 80 42 72 72 97 47 79 33 50 44 75 67 76 88 93 86 44 97 57 26 7 40 97 89 29 22 19 11 17 5 59 10 75 72 30 18 74 43 36 34 100 76 38 94 51 63 78 65 88 51 71 62 22 48 92 78 85 50 100 53 94 88 79 76 13 70 66 45 49 62
27 21 75 36 82 51 57 96 22 68 43 43 78 43 84 91 2 54 25 85 33 37 97 64 78 2 83 48 17 32 47 88 101 10 46 41 50 85 90 28 28 2 17 53 35 1 54 55 30 9 83 4 27 32 86 38 53 85 82 2 41 87 26 24 6 76 83 37 25 3 86 57 51 1 69 67 39 25 47 5 14 12 45 79 11 1 92 81 39 42 14 29 75 86 28 87 64 60 72 3
11 12 89 28 82 86 33 41 19 55 8 28 11 27 84 98 34 49 94 26 5 85 28 3 40 76 69 65 69 81 54 66 26 42 38 3 43 19 56 51 37 63 99 64 3 28 98 75 73 57 20 57 65 85 65 39 50 68 45 57 5 61 83 25 39 34 85 8 28 21 75 16 26 94 31 5 41 65 93 26 71 89 80 65 24 6 48 30 68 96 66 86 101 16 15 44 13 21 34 58
46 73 97 2 42 5 4 76 99 28 78 28 4 74 13 82 45 15 80 57 67 62 14 91 97 17 19 22 82 38 4 27 9 78 31 85 51 47 83 78 63 65 94 39 67 56 68 84 37 60 82 73 29 33 33 86 51 32 18 25 55 90 24 58 30 15 20 -1 33 49 86 15 36 85 57 8 88 25 4 74 74 32 39 57 64 39 25 -2 50 38 41 7 37 87 39 58 52 41 15 55
12 55 13 91 80 32 35 44 64 19 18 32 35 88 89 53 53 20 98 74 66 5 20 94 86 60 62 60 7 19 66 56 16 57 88 89 68 38 47 75 28 6 96 49 71 70 23 76 18 73 11 74 24 66 94 54 81 58 25 74 88 45 39 31 62 89 32 16 78 52 91 75 35 37 95 39 96 81 20 97 18 58 69 31 4 55 54 38 30 13 81 4 61 39 61 30 56 13 59 44
96 44 87 75 76 85 42 20 6 52 98 12 67 94 25 -2 61 25 95 2 93 91 13 48 86 27 90 2 32 39 96 81 60 79 57 32 18 41 62 65 20 68 100 68 83 8 19 51 74 34 14 88 34 -2 78 59 79 75 5 39 7 92 31 88 10 67 20 87 65 -3 31 38 41 77 96 72 50 79 29 78 19 7 10 95 94 79 64 93 83 14 22 93 58 62 84 79 77 84 20 79
48 93 52 93 55 69 13 74 19 38 64 42 65 77 33 15 97 78 89 21 79 30 44 73 39 19 101 94 100 96 73 81 35 55 57 62 42 38 91 31 24 65 63 15 95 94 31 49 67 84 9 27 8 38 20 21 102 21 75 50 49 95 38 30 74 99 38 5 21 13 65 36 30 45 37 96 61 24 54 3 90 51 63 80 32 30 45 56 62 82 97 69 95 1 25 34 55 14 97 60
15 73 69 39 97 8 21 4 49 9 50 53 82 90 35 77 9 95 78 5 79 31 21 80 91 42 12 51 97 0 23 15 44 24 71 21 84 41 67 29 84 6 15 86 94 38 46 63 98 13 81 90 61 26 68 91 86 4 98 42 62 33 97 35 38 58 22 59 58 67 41 78 45 3 46 12 34 93 67 20 88 27 90 5 98 54 38 41 55 52 76 96 95 22 15 69 82 75 40 48
47 8 66 79 18 99 31 52 24 36 60 36 51 79 7 55 21 2 63 17 62 34 32 32 85 36 46 26 82 21 14 37 102 22 73 72 67 76 58 10 65 18 40 48 22 42 17 84 79 9 72 61 45 59 68 78 53 10 101 36 53 23 37 72 99 15 92 76 30 39 57 9 53 35 72 66 4 9 34 74 52 87 95 45 25 46 55 26 67 29 48 79 41 1 61 3 56 35 56 31
48 29 57 16 89 70 76 69 93 70 65 17 80 29 79 23 46 62 4 67 81 81 26 2 59 56 73 80 73 7 36 85 6 14 79 24 46 8 80 68 39 54 10 60 22 72 35 54 29 9 69 84 99 89 10 86 60 17 11 -3 12 14 3 27 8 51 39 22 31 27 71 52 20 48 71 26 35 51 11 4 62 12 67 34 59 11 77 12 23 83 81 37 81 54 4 -3 77 14 92 24
92 63 95 2 44 90 3 10 85 14 84 12 7 58 30 100 52 17 18 84 71 22 26 70 58 74 80 69 74 38 91 11 42 54 65 90 83 40 75 50 74 29 86 47 35 32 77 16 54 50 55 39 10 56 93 47 37 85 88 22 46 63 72 80 15 60 6 45 24 30 69 78 3 55 46 34 90 15 16 78 95 54 6 29 4 25 51 56 94 50 73 72 5 50 71 61 35 62 19 7
49 87 95 45 50 94 66 58 72 66 67 19 45 81 52 82 56 16 13 62 86 45 41 90 16 73 54 10 21 3 68 24 41 20 38 13 81 11 13 31 48 72 14 64 29 70 47 29 33 76 98 9 69 93 77 88 29 79 89 70 13 75 100 80 8 -1 18 27 76 35 43 49 84 71 73 56 64 2 38 9 100 86 7 13 41 75 69 81 20 30 19 15 19 84 80 21 42 83 91 56
El programa tardo 72 milisegundos en ejecutarse.
