17 16 26 72 70 12 20 68 41 70 102 57 52 74 30 2 47 48 5 68 12 47 86 71 34 70 49 62 71 80 54 4 29 57 6 25 102 97 23 37 26 61 86 28 74 51 13 71 100 69 67 100 78 34 69 57 95 88 54 12 63 47 31 34 81 34 73 95 60 55 17 46 16 50 38 51 79 99 46 8 50 45 58 25 89 28 87 8 80 31 58 31 38 73 32 53 15 88 22 85
62 84 3 2 35 90 10 54 93 8 59 62 39 89 92 55 51 37 52 88 10 89 83 15 101 6 52 61 65 13 7 24 11 16 51 45 50 43 100 49 10 60 89 92 91 23 39 22 71 37 91 85 40 30 51 -3 45 47 94 35 44 10 41 91 27 14 97 63 49 46 53 75 31 82 79 35 9 5 35 77 2 73 57 42 51 80 89 10 99 8 77 20 49 26 17 33 16 25 72 76
68 56 90 17 35 60 17 57 93 26 15 61 21 37 72 53 87 76 77 13 12 46 94 79 98 60 54 46 50 48 52 27 16 67 62 5 68 40 87 77 89 86 76 64 26 20 84 54 98 2 9 5 59 72 68 42 82 58 71 51 84 6 33 88 58 9 34 84 65 3 55 63 61 46 60 47 60 44 61 71 26 92 91 6 72 40 59 6 60 73 88 22 89 90 33 17 89 19 82 67
93 12 75 17 86 58 68 53 63 67 3 59 3 19 53 20 92 7 75 37 57 7 43 15 16 74 18 17 57 67 25 29 19 34 25 11 75 60 92 78 47 61 82 -1 81 46 96 64 58 65 23 18 7 20 47 46 85 5 52 39 6 12 84 50 99 32 57 18 19 51 75 19 90 59 98 82 81 59 49 77 2 51 73 89 3 20 50 58 91 69 74 79 30 47 49 29 100 34 82 96
62 37 99 1 65 87 77 53 73 64 71 95 87 26 57 52 86 15 40 56 46 27 99 41 74 13 97 78 43 3 81 91 92 61 90 81 86 62 76 52 75 79 58 17 56 39 84 66 50 64 69 24 36 33 37 82 41 99 8 96 69 14 29 43 70 2 62 26 85 79 29 16 88 87 91 37 22 62 89 100 81 79 97 18 13 26 58 30 37 8 29 17 33 6 63 55 70 59 68 69
10 64 5 60 38 71 100 53 63 4 100 79 9 27 68 26 4 3 55 82 32 7 46 29 23 6 53 55 51 76 89 16 53 -3 99 32 66 18 58 51 63 89 36 91 101 80 9 13 50 50 52 62 57 42 97 71 5 20 19 4 60 9 50 86 92 17 44 41 18 0 95 59 59 18 23 69 58 58 44 29 62 59 26 70 11 29 89 0 84 8 54 5 42 75 44 39 71 95 49 55
80 23 39 75 27 99 39 52 60 35 54 95 17 20 60 92 3 23 63 33 5 26 90 64 96 76 102 70 99 4 65 100 26 68 81 85 80 59 85 23 13 32 38 72 58 84 18 95 18 63 63 73 63 51 71 49 37 100 70 98 68 15 70 83 101 93 75 39 10 31 78 20 44 79 19 1 44 7 46 95 9 91 49 2 55 77 67 11 101 95 26 8 14 44 85 62 18 26 43 20
34 13 74 28 2 57 64 19 101 70 99 7 7 52 21 57 43 -3 4 85 62 29 14 88 78 86 10 12 89 93 26 53 82 5 10 34 99 4 35 47 18 65 91 53 68 54 75 70 47 36 22 62 80 5 3 25 20 13 91 44 76 91 45 54 95 14 72 62 59 8 52 49 48 60 70 57 31 19 81 92 63 84 56 35 68 64 70 82 27 56 5 18 69 50 94 60 60 29 95 80
10 60 4 75 56 36 20 9 10 92 87 80 10 78 42 23 94 56 16 42 77 51 75 12 86 53 57 40 67 11 76 8 86 100 58 71 71 8 86 7 10 41 45 73 90 89 50 68 95 94 93 45 101 69 6 83 4 50 48 72 83 79 23 36 68 25 21 75 81 16 27 81 67 25 74 38 90 60 44 12 32 78 73 85 94 26 52 97 9 40 79 9 66 74 24 12 37 90 101 84
38 91 87 84 12 44 29 95 94 36 58 48 52 -1 28 92 28 60 2 39 74 31 52 14 89 -2 39 10 59 42 10 73 3 96 5 57 64 50 12 6 32 56 12 43 95 13 44 81 12 80 95 87 66 63 74 61 101 16 27 55 98 -1 90 46 99 41 29 73 39 47 96 48 39 28 35 30 4 88 50 77 59 -2 57 66 63 23 100 22 2 43 80 40 41 17 51 78 2 61 78 40
96 49 83 53 57 65 29 84 78 26 86 10 87 25 66 76 17 13 98 16 52 98 101 5 65 19 55 26 55 13 10 28 94 31 79 32 46 20 44 70 39 68 79 3 43 54 35 100 24 18 39 51 101 43 94 4 15 12 3 21 97 73 25 85 94 49 101 72 33 74 93 70 35 67 64 18 55 14 33 85 31 31 17 31 43 95 87 39 17 77 67 31 36 99 94 36 63 40 7 13
78 20 78 82 52 46 11 86 2 0 18 96 63 70 91 37 98 8 71 76 8 35 32 4 26 77 4 50 19 68 46 71 65 0 54 94 71 13 90 10 20 78 7 47 74 47 48 91 22 36 81 28 99 80 74 83 86 36 43 81 97 5 42 96 22 29 2 27 26 68 54 36 19 54 54 7 24 35 97 79 28 64 77 15 55 90 50 89 31 34 91 83 33 8 92 21 65 86 42 56
14 70 49 3 36 31 72 67 83 83 83 62 50 12 71 95 4 12 29 83 39 23 52 2 87 50 101 76 63 6 68 28 3 89 48 75 6 40 67 9 56 39 31 58 14 25 71 82 70 32 31 13 31 93 100 42 74 49 30 91 33 92 93 100 90 38 16 41 69 38 4 29 39 20 12 5 57 33 51 27 36 6 10 22 90 84 61 13 39 58 81 61 57 78 47 30 65 74 93 99
85 -3 93 51 94 80 32 94 46 90 42 91 24 82 41 45 94 88 9 46 37 41 96 2 29 91 72 63 7 54 99 85 91 50 5 95 53 36 55 71 41 77 58 68 5 79 55 70 82 4 96 88 58 11 94 59 19 57 61 68 13 22 81 41 70 18 9 43 44 70 37 28 70 89 34 2 33 56 75 74 32 84 99 64 57 48 11 11 66 9 12 65 33 89 60 65 53 7 34 49
44 11 96 48 38 88 102 68 101 39 95 33 83 40 98 18 26 92 95 29 98 47 11 21 49 74 27 34 43 11 60 76 54 95 3 47 55 44 77 36 26 41 74 22 62 41 73 33 79 14 95 32 72 94 36 25 68 36 43 12 61 24 28 33 7 94 99 81 96 43 86 6 60 48 66 68 56 80 37 25 72 56 101 2 47 14 95 36 44 75 86 23 26 14 83 77 91 32 36 35
75 76 5 26 23 89 58 3 90 16 82 11 38 63 96 87 73 16 80 13 25 8 101 11 51 88 32 1 2 41 43 60 59 94 39 72 59 66 52 70 47 87 57 52 58 64 31 66 13 21 49 9 24 18 92 57 70 8 40 79 26 59 21 45 90 43 101 11 22 66 57 10 96 2 66 67 45 45 31 95 80 8 33 43 14 77 28 87 80 1 34 3 32 13 55 74 46 64 47 25
86 48 13 27 61 1 96 20 60 88 27 23 11 34 71 46 51 44 83 40 26 29 50 77 9 69 56 56 20 5 11 49 71 10 35 29 102 100 68 95 53 95 102 92 55 33 59 87 14 43 88 26 91 45 86 5 12 68 28 38 24 36 77 19 14 19 97 41 33 6 11 36 31 80 81 5 96 88 42 73 87 12 25 52 25 29 102 46 43 33 63 88 23 35 75 77 43 43 18 2
53 15 66 70 43 42 25 79 93 86 17 28 47 35 33 27 93 85 28 43 52 54 52 54 86 52 101 64 88 6 88 8 13 68 12 93 97 8 69 59 50 28 65 31 88 35 45 34 52 23 101 31 68 41 34 96 74 37 60 76 19 92 22 90 100 -1 11 38 101 47 67 16 5 35 6 50 68 51 46 86 48 7 31 9 42 53 51 91 38 52 36 4 99 39 23 77 47 37 90 11
27 63 77 8 56 9 88 26 77 85 60 43 38 85 88 99 38 3 53 16 51 50 87 35 71 90 89 35 75 21 41 30 97 67 63 36 92 87 82 57 34 28 59 21 41 89 12 71 20 43 99 5 67 40 62 44 63 41 25 81 47 30 42 78 6 21 24 60 74 64 28 45 14 61 98 69 16 20 61 55 94 19 17 88 97 19 52 59 26 49 101 74 64 67 16 20 56 66 50 5
18 92 83 22 83 37 78 21 56 0 64 22 51 8 52 96 20 88 51 95 91 25 20 86 69 34 97 -2 22 89 97 4 23 47 7 48 84 25 32 24 18 -1 17 35 49 17 74 45 11 32 62 67 55 94 20 31 93 64 45 96 45 33 96 88 2 79 69 80 19 33 28 35 65 40 91 77 14 70 82 90 93 77 3 69 84 32 86 85 3 43 54 80 42 95 77 54 59 24 77 17
77 8 12 95 48 68 75 54 66 56 51 60 25 23 63 39 53 72 12 66 4 89 19 15 51 87 27 8 81 27 42 43 79 13 61 88 97 10 31 80 71 63 97 62 97 59 64 93 98 100 62 9 38 27 99 57 89 84 65 88 51 70 47 90 52 77 79 62 54 6 95 27 25 91 71 71 72 43 62 38 6 13 74 97 30 28 29 23 49 46 51 62 98 72 71 57 20 28 96 43
15 13 79 65 47 30 72 87 35 68 59 63 21 66 81 85 44 31 37 35 13 13 10 -1 57 61 8 14 29 71 9 86 12 76 19 58 15 16 93 65 77 92 59 93 78 74 61 84 74 25 2 38 91 69 91 13 74 22 31 72 93 1 43 66 3 90 28 44 13 64 81 27 96 49 24 32 62 7 7 23 55 20 24 87 85 89 42 81 10 14 70 31 64 5 33 57 5 12 94 84
10 66 37 34 32 28 79 59 91 40 23 87 95 79 30 13 82 51 17 38 95 68 23 100 27 32 37 81 37 94 88 18 60 79 22 53 17 36 26 29 22 3 51 33 42 41 92 67 62 38 98 47 88 58 84 98 22 52 66 36 97 16 101 22 35 81 7 88 63 33 91 27 92 90 18 80 70 11 89 41 50 100 60 50 78 51 102 29 94 71 54 96 63 91 12 42 74 11 39 97
63 46 93 12 68 47 6 79 89 28 73 63 68 9 42 85 94 33 66 37 59 46 33 96 12 50 75 6 59 50 25 50 23 49 42 21 41 38 54 42 87 6 77 56 35 68 56 85 57 0 9 17 3 49 51 80 78 84 32 91 21 42 61 26 16 24 52 56 23 77 75 66 82 44 36 87 76 10 8 42 39 32 38 25 101 20 3 22 16 79 50 87 65 5 60 0 65 82 89 39
90 37 11 8 19 17 41 77 64 59 65 54 63 34 98 39 68 87 93 27 11 14 86 15 24 4 28 93 45 6 43 70 33 45 97 61 75 43 9 95 83 80 17 45 16 64 45 16 22 72 14 16 92 39 72 43 32 14 49 14 15 85 17 97 50 42 68 87 98 26 94 30 22 94 99 64 94 30 61 10 89 63 69 68 92 33 36 59 34 48 8 62 79 31 54 54 49 29 74 46
69 74 4 35 86 85 6 54 73 63 83 84 16 70 96 59 13 36 31 35 7 74 28 16 55 60 74 74 82 55 32 54 94 89 59 37 39 52 55 1 99 64 60 70 27 47 35 58 37 43 8 50 16 83 40 90 96 54 50 71 7 45 101 91 4 27 58 37 66 64 62 48 6 23 36 23 85 90 10 -1 34 88 95 -3 91 54 69 62 4 94 98 3 68 17 73 92 101 34 87 62
67 69 44 90 59 13 56 39 93 9 38 34 28 92 19 54 27 76 56 82 98 60 101 1 7 60 100 6 19 89 46 35 64 93 47 47 21 67 97 57 11 82 67 62 57 92 33 50 13 62 94 59 88 29 48 86 92 3 40 38 6 47 91 51 51 10 6 8 53 21 29 34 9 81 37 30 83 50 94 88 85 25 3 13 84 25 7 57 83 54 34 65 41 61 18 18 53 93 21 63
21 46 95 96 32 76 59 14 11 27 39 59 4 46 10 20 23 65 20 51 11 15 96 26 67 71 62 80 15 6 56 72 49 37 17 58 100 2 36 66 40 42 7 12 59 94 80 10 31 58 26 79 91 64 47 88 58 71 24 4 23 46 79 75 82 86 30 23 28 18 89 43 38 93 71 17 88 36 42 53 96 96 95 37 48 22 49 79 101 45 17 45 37 54 3 92 80 19 38 48
70 17 21 100 39 57 6 83 41 14 68 9 79 4 10 84 84 84 91 100 7 83 47 92 62 8 76 84 35 47 98 14 93 40 98 78 67 76 72 69 46 7 53 73 38 82 50 12 55 33 75 22 51 73 10 79 29 100 77 6 14 17 20 14 72 44 68 48 88 7 34 68 22 58 43 73 94 12 20 80 85 32 48 44 35 66 22 85 22 72 50 27 32 36 11 94 12 65 88 50
83 55 95 59 99 88 70 63 101 48 90 30 96 90 43 41 69 25 66 2 8 45 56 29 38 73 23 87 94 16 89 70 50 73 64 38 75 72 21 77 60 71 66 64 71 93 61 73 92 31 72 74 9 6 56 72 39 23 39 4 45 27 60 56 23 39 40 21 91 95 27 58 44 24 85 13 31 17 56 70 97 78 13 15 86 78 6 42 39 60 79 9 36 77 55 22 24 2 28 15
34 81 81 65 55 17 33 65 53 15 69 100 5 32 35 96 59 60 96 66 9 49 32 63 3 79 36 18 39 33 77 98 62 2 78 61 4 14 88 77 89 80 66 5 40 80 4 15 39 48 94 10 77 50 12 50 88 71 22 90 14 92 41 8 63 59 85 67 20 97 98 68 44 84 20 19 51 40 86 45 6 32 36 54 52 92 43 78 19 57 85 1 81 49 72 97 26 47 29 6
74 -2 65 77 41 95 4 60 42 59 46 47 85 64 21 35 62 18 63 57 101 42 54 42 10 96 28 65 44 62 15 85 45 9 73 0 47 58 15 90 40 74 74 66 73 4 47 70 26 9 62 41 38 23 55 1 78 20 18 60 48 50 70 21 88 68 28 0 91 63 19 57 75 54 34 94 70 33 58 45 41 77 30 52 79 70 67 16 73 56 59 59 52 35 3 46 49 5 27 82
33 72 28 98 98 9 45 8 48 49 30 86 7 36 48 76 89 66 6 98 15 11 69 18 34 24 3 89 92 3 59 82 43 40 94 40 9 89 74 95 38 32 65 9 65 50 85 40 46 41 41 36 6 73 73 7 33 92 50 35 53 70 13 61 10 3 33 61 30 44 70 39 52 96 34 34 69 57 43 59 60 69 24 75 6 85 53 12 88 37 63 62 24 68 37 64 81 45 76 37
85 74 8 -3 12 6 18 94 73 69 4 67 23 49 54 68 30 8 100 22 77 18 59 49 55 29 94 64 9 14 35 30 14 37 72 35 28 71 97 92 60 42 16 7 80 50 61 5 77 41 13 78 7 54 53 55 92 36 69 64 51 75 10 22 8 42 50 45 75 11 46 52 72 20 101 9 19 35 15 6 73 25 3 4 7 9 66 80 21 81 79 87 63 48 101 28 72 6 62 30
18 97 71 36 88 53 85 31 101 61 64 4 48 18 36 5 59 41 73 92 58 97 22 30 42 16 65 79 13 19 12 97 44 77 55 38 10 1 53 88 97 54 86 91 36 53 95 54 49 38 65 39 50 69 44 8 80 17 81 94 47 19 59 55 34 65 45 60 88 5 38 51 67 61 89 51 99 64 69 47 47 28 42 32 6 23 38 60 51 7 56 15 45 30 24 85 47 21 50 63
56 35 22 24 51 79 8 62 76 95 67 32 7 59 31 5 55 83 60 43 20 2 39 30 83 87 15 84 40 69 74 64 8 11 71 89 97 51 47 73 60 72 57 16 100 54 28 48 26 7 76 89 74 83 79 52 41 18 74 80 7 59 71 71 82 1 93 28 98 40 38 50 90 60 25 41 55 43 61 13 50 96 30 37 82 90 87 89 4 11 56 25 38 9 17 4 85 80 16 15
69 77 24 2 84 84 71 34 50 65 84 90 95 69 37 44 81 75 42 76 8 50 30 53 17 21 22 89 36 7 99 14 41 89 70 88 82 37 13 46 102 51 91 74 17 35 5 75 77 45 5 95 93 40 101 35 31 76 52 28 25 2 61 85 84 99 102 90 25 59 32 49 3 84 62 94 45 20 82 61 88 77 78 60 96 88 66 87 15 9 90 47 19 94 43 60 53 10 64 75
48 95 33 28 70 31 24 28 86 83 19 43 98 6 69 91 61 82 87 76 12 51 9 23 71 48 83 92 57 30 101 -2 15 14 38 25 24 48 52 77 53 0 73 74 43 87 92 45 78 23 95 73 67 45 81 68 70 56 32 77 58 38 77 41 55 19 90 73 86 61 71 31 22 16 19 11 15 30 89 34 41 41 10 3 40 44 2 9 100 11 79 52 91 34 100 45 48 16 101 91
14 15 10 87 13 85 99 67 102 10 78 4 37 82 97 56 46 69 50 20 41 46 10 63 8 62 91 5 16 86 8 89 45 15 62 73 93 74 87 53 39 58 26 9 55 79 39 82 18 63 55 53 83 68 89 21 53 13 63 48 52 78 66 79 82 27 78 21 11 53 93 91 102 24 48 48 27 92 40 58 101 6 17 32 71 46 71 23 54 99 35 91 68 60 59 60 92 70 83 38
50 59 70 -1 5 18 25 82 89 28 50 38 65 15 23 24 71 92 26 54 50 8 67 67 67 53 39 72 32 49 18 14 11 22 73 54 46 19 61 22 66 24 17 63 45 8 9 84 68 3 3 57 33 26 20 22 49 24 93 22 6 25 6 69 12 79 14 25 54 63 44 90 85 21 60 53 6 48 33 77 76 82 7 85 19 36 40 96 29 73 25 92 37 73 43 88 28 49 68 73
81 100 56 57 11 90 72 72 33 56 83 64 90 33 9 15 46 89 69 66 87 76 74 13 75 9 16 24 37 14 86 69 4 40 83 58 8 64 44 75 42 13 102 79 44 34 76 53 92 59 78 81 43 19 46 22 17 100 40 88 7 17 40 6 67 57 72 85 28 15 21 21 29 24 48 76 14 89 31 9 26 66 33 59 60 3 90 94 68 46 31 1 99 20 98 89 31 96 3 56
21 37 70 75 26 72 68 53 31 47 33 48 76 84 74 72 60 23 70 52 13 40 94 36 98 38 13 1 64 1 80 32 77 73 89 68 97 25 4 40 24 0 86 9 27 8 31 90 86 18 97 38 22 -3 41 19 72 51 48 33 49 -1 66 68 80 36 28 38 49 36 20 74 91 55 69 6 40 7 55 12 63 3 48 73 75 56 29 13 45 85 12 93 12 62 16 61 96 88 38 43
75 5 62 37 87 74 93 92 101 42 79 59 5 62 45 81 18 61 33 73 9 67 39 93 89 41 61 49 93 35 54 75 15 30 27 82 46 2 85 20 87 75 102 56 35 37 32 95 34 22 28 81 51 66 75 11 101 82 99 15 66 21 87 86 48 20 76 28 23 64 94 59 68 38 3 86 41 74 96 41 53 44 14 55 10 99 5 27 71 11 23 43 9 97 58 83 12 2 58 40
61 39 23 0 25 93 76 20 43 63 4 96 75 37 54 36 59 23 91 38 51 7 64 66 94 66 43 95 32 65 66 47 91 8 89 24 100 49 86 11 97 28 63 9 25 95 43 39 10 88 48 41 87 28 70 71 92 93 56 14 100 43 19 6 37 68 100 55 62 62 57 75 17 15 14 12 28 53 96 93 41 72 30 96 96 30 95 -3 99 96 40 14 52 84 58 46 70 28 65 68
5 10 85 37 25 34 37 95 13 12 66 35 57 88 60 52 81 47 32 85 7 8 101 35 90 91 82 85 72 4 28 18 70 44 64 61 25 96 98 60 36 52 83 8 64 72 65 67 57 59 48 28 80 22 52 55 18 46 98 31 29 20 19 68 91 13 60 54 3 12 6 54 43 10 27 8 80 38 51 94 19 29 70 83 81 7 97 37 10 1 102 50 48 86 43 94 67 72 82 46
50 77 6 81 34 43 14 29 66 24 97 44 19 19 74 64 95 2 25 45 98 54 84 17 5 46 84 54 55 37 4 23 15 22 91 70 78 55 13 64 79 93 77 17 77 74 13 3 101 78 42 34 92 84 57 31 8 95 39 38 97 69 94 92 75 38 40 38 32 3 91 86 51 16 98 18 15 87 60 86 49 78 15 18 11 76 6 12 91 80 70 90 59 54 75 31 35 72 78 5
96 73 76 5 99 32 76 33 15 29 85 70 80 31 53 8 55 7 72 66 36 62 94 5 9 51 11 16 54 33 72 29 90 43 47 5 51 84 24 100 100 68 48 68 59 43 4 33 90 19 56 35 7 72 80 1 7 15 16 23 93 99 36 39 58 13 56 49 4 28 81 38 49 54 26 18 37 67 86 33 68 64 44 19 29 32 92 72 30 1 93 5 91 100 76 44 94 18 66 71
5 21 48 69 25 89 60 27 38 44 31 27 64 27 65 71 73 53 38 16 18 43 87 52 62 70 48 15 95 89 15 11 58 78 63 96 39 58 28 77 76 17 71 56 43 14 72 70 80 8 58 26 47 1 81 6 22 78 54 36 39 44 18 90 50 9 93 66 27 44 40 17 80 22 27 0 45 23 38 58 100 72 27 66 19 83 97 71 36 23 46 34 86 77 69 62 9 12 53 95
64 8 63 25 68 46 45 60 7 82 91 67 61 48 88 14 88 42 33 78 93 15 71 77 6 5 92 51 87 93 54 7 95 60 68 45 25 77 36 38 95 73 68 6 59 63 8 93 5 58 25 46 4 30 31 64 31 4 4 59 58 75 67 78 96 91 3 8 22 17 66 73 77 28 90 44 85 40 66 65 91 85 34 9 30 36 74 74 35 19 10 45 60 86 25 43 54 1 92 25
45 76 42 64 6 96 71 49 58 50 50 10 28 81 51 15 27 3 4 3 31 45 14 95 39 24 36 94 80 56 56 27 66 35 52 60 42 87 46 10 2 32 3 74 89 4 40 7 27 78 24 61 7 82 66 46 40 85 34 28 42 92 62 49 22 87 5 24 85 92 20 32 29 86 64 87 76 87 90 70 27 35 96 58 69 64 27 94 3 73 42 89 20 10 94 88 30 42 11 72
45 70 54 2 68 43 63 61 93 86 4 53 24 1 30 49 27 64 56 73 102 82 71 74 92 23 54 45 25 46 82 9 27 22 63 35 98 18 21 67 44 6 9 78 53 62 95 71 88 78 32 19 91 58 34 21 44 9 78 39 17 4 59 85 51 34 49 1 23 27 86 83 54 3 93 14 73 45 64 46 93 83 94 1 96 31 102 73 101 16 92 95 85 70 58 9 90 4 54 21
63 92 88 22 15 63 61 35 58 71 69 66 61 67 5 34 10 35 61 14 88 56 81 18 82 16 52 47 33 15 38 22 71 9 21 25 58 47 28 39 29 79 99 44 76 39 50 54 33 83 16 81 14 64 88 20 79 69 72 83 79 40 86 13 79 93 54 39 45 17 19 53 94 34 4 41 82 4 44 84 19 28 5 47 80 37 32 43 17 31 24 66 48 37 31 65 61 91 55 50
96 32 13 5 28 97 40 71 10 20 80 56 64 94 46 76 9 39 63 37 6 59 51 16 25 17 15 46 32 8 59 39 30 28 94 79 70 83 26 83 34 30 91 23 102 89 3 70 10 94 28 32 22 38 100 29 18 88 63 50 59 33 37 35 41 66 49 41 52 88 40 14 49 69 44 47 47 89 88 71 58 51 73 75 60 24 29 37 55 79 88 87 12 39 16 37 90 68 66 50
41 3 25 25 69 51 56 56 40 4 73 59 7 22 66 50 82 58 30 57 97 30 22 64 27 55 4 20 29 88 76 10 21 76 36 1 62 21 40 76 37 4 41 3 20 93 44 62 16 59 83 6 78 63 70 21 101 16 49 3 47 34 14 63 86 79 95 31 93 83 62 37 5 33 52 4 29 11 82 3 55 85 25 90 66 27 86 55 9 76 20 -2 40 64 99 65 67 17 81 54
10 8 39 52 63 85 37 93 17 43 97 83 6 72 60 70 61 6 80 9 48 9 16 29 6 59 49 33 83 62 51 15 37 15 54 80 25 73 17 28 27 15 64 54 40 54 74 6 100 23 42 47 101 80 95 32 69 79 11 80 9 87 65 26 11 27 98 59 96 59 53 52 101 29 71 92 90 51 97 77 4 6 6 100 39 93 35 37 24 81 29 10 86 71 62 98 31 15 36 21
62 68 10 35 30 51 86 74 56 42 72 75 42 37 16 91 28 20 11 8 7 32 21 4 33 81 40 48 33 75 98 49 37 71 55 80 46 71 59 4 44 0 60 69 21 66 44 25 85 87 13 75 96 75 98 65 7 19 77 76 96 53 100 81 2 41 75 7 25 41 42 35 28 10 61 47 97 6 5 58 32 56 62 23 24 79 90 47 71 53 61 20 66 53 76 89 96 84 22 10
22 82 36 48 36 50 70 30 22 96 24 44 100 59 82 67 34 63 14 50 96 15 61 81 12 9 55 32 19 66 82 14 31 78 66 24 60 68 46 69 98 51 3 53 39 26 70 2 41 97 52 100 81 83 5 30 99 51 42 97 62 65 70 47 67 36 78 82 96 18 22 9 80 79 33 71 69 88 13 30 38 79 69 6 10 35 7 92 96 33 47 4 62 73 51 74 77 35 62 1
6 80 23 39 81 81 22 70 41 44 15 56 8 88 41 85 17 79 95 1 98 46 12 94 83 87 81 15 70 9 98 85 3 49 24 4 19 13 48 54 37 10 57 65 78 7 24 61 98 56 81 29 84 92 95 82 27 66 84 23 83 80 33 68 64 0 17 95 77 31 36 78 81 40 74 64 87 20 28 45 19 15 43 88 88 43 42 92 54 64 38 49 54 72 75 5 64 18 21 13
94 8 66 37 87 18 68 7 79 86 39 77 82 64 43 5 9 68 20 56 47 35 99 71 41 89 16 28 43 42 102 31 79 30 95 44 22 32 34 95 27 91 41 63 83 2 62 87 29 42 47 8 84 22 45 11 45 86 79 94 84 12 23 73 55 62 22 71 5 27 26 47 83 74 90 70 25 21 69 42 75 29 66 37 52 17 45 19 81 7 94 97 38 86 27 56 21 7 57 84
23 23 29 58 41 33 91 12 35 89 2 96 90 40 31 24 73 -2 55 40 51 -3 94 62 48 34 29 7 40 92 30 6 73 15 74 14 42 91 11 -3 18 0 90 61 39 63 31 49 62 38 39 47 62 91 38 1 20 -1 52 60 60 11 19 36 31 43 67 94 88 53 12 49 26 1 82 -3 35 69 23 69 3 84 8 48 50 73 59 60 3 38 67 14 47 37 3 39 43 26 45 32
93 21 14 11 59 92 17 33 91 88 4 79 61 17 97 72 47 12 34 21 7 37 75 76 56 19 45 16 47 16 60 92 49 100 78 25 91 8 9 79 97 68 97 40 5 89 50 31 58 76 85 3 32 99 8 83 14 46 86 51 11 49 83 51 27 75 18 80 20 72 62 2 24 11 75 97 71 33 50 59 75 22 102 17 39 18 52 92 42 1 87 34 6 67 42 46 100 68 34 49
38 26 9 87 51 80 97 55 36 48 58 24 7 62 86 18 29 16 100 53 90 74 74 58 95 23 74 1 79 38 76 70 36 35 75 66 18 76 79 43 32 61 85 12 44 96 31 11 62 59 32 44 7 60 22 85 57 42 11 23 99 21 26 54 24 60 62 15 4 96 80 41 68 55 83 90 33 22 12 39 88 47 4 95 25 24 56 96 22 76 82 75 101 60 10 0 81 3 69 33
24 59 21 83 90 79 68 32 94 27 12 45 9 77 87 67 78 38 80 1 46 13 51 21 63 96 31 54 33 65 23 17 63 19 28 49 57 35 62 39 46 46 69 16 69 83 9 32 40 11 32 43 97 88 67 53 39 49 31 76 45 3 47 54 26 41 96 21 54 34 67 25 73 4 52 96 65 59 34 12 90 77 62 68 81 47 55 88 37 70 78 60 52 60 48 72 16 72 84 19
19 42 54 80 4 30 52 77 82 46 64 96 3 70 39 71 80 0 15 50 9 68 69 42 5 72 29 75 34 44 25 93 96 79 88 1 24 43 15 64 58 0 65 36 67 64 78 16 23 43 61 8 81 4 80 73 51 42 30 46 11 20 78 39 20 5 70 6 5 13 76 11 67 29 14 8 18 90 92 31 75 48 72 8 86 72 7 68 21 94 87 23 57 30 84 14 17 74 3 13
65 94 46 29 34 6 80 56 9 30 74 72 61 38 80 57 49 39 68 33 65 96 24 53 38 71 62 9 43 90 95 20 53 42 98 86 67 65 19 5 94 85 99 75 100 33 68 12 70 79 101 67 95 68 64 25 80 91 25 16 28 75 71 5 57 5 96 64 28 62 7 64 53 20 54 75 83 73 15 18 58 70 8 40 63 60 70 74 96 48 24 56 69 6 21 83 39 86 44 10
8 27 84 86 21 92 92 7 61 22 40 43 66 72 10 49 57 10 5 63 40 45 9 96 25 28 69 50 91 65 53 25 52 69 36 17 64 32 14 69 64 31 98 69 74 78 37 38 32 66 27 39 82 28 27 22 57 31 71 88 23 46 46 95 83 71 91 5 59 18 65 72 42 89 73 67 72 35 32 7 50 93 92 58 12 76 35 5 75 14 27 50 65 1 73 3 70 46 47 88
14 16 71 53 39 41 20 40 91 41 91 75 61 42 3 88 67 43 40 21 25 12 34 19 9 71 66 17 19 1 25 86 6 100 89 75 75 84 16 53 44 25 21 41 96 14 64 92 80 2 67 68 88 12 48 45 60 65 3 56 73 14 37 100 49 48 85 99 78 44 48 29 101 95 26 11 102 80 75 83 66 47 52 49 18 35 84 60 23 18 17 32 63 74 97 81 81 16 44 35
16 28 14 27 80 71 19 4 79 -3 44 58 15 79 56 33 91 2 34 67 13 34 8 65 57 -1 41 76 77 62 90 41 72 37 62 87 78 76 55 19 66 74 24 -1 28 58 12 82 94 63 15 95 90 94 101 69 58 25 81 40 98 1 51 57 32 64 40 56 4 15 90 94 29 32 76 52 61 36 82 62 20 8 29 36 10 47 8 16 7 68 76 31 45 55 28 26 7 63 82 74
61 21 72 25 94 23 61 79 9 58 57 22 7 44 68 52 18 62 35 74 25 66 40 67 54 59 102 87 74 14 18 73 35 81 42 72 90 42 48 89 4 47 68 51 85 62 28 67 49 76 97 22 70 95 57 83 12 70 66 47 42 8 97 89 20 38 79 36 30 1 55 46 46 61 33 17 68 70 56 25 67 2 72 38 31 61 45 37 94 25 77 30 50 91 53 28 64 77 53 18
3 88 13 52 51 30 15 76 50 6 17 32 23 25 72 73 33 70 22 14 29 -3 32 -3 81 93 83 25 40 44 14 23 7 92 58 96 38 55 26 52 42 21 93 63 36 56 39 79 78 61 14 85 95 6 81 41 11 17 58 59 43 19 4 1 88 5 34 88 18 91 31 91 21 36 99 45 3 72 70 29 5 30 75 53 25 14 44 55 68 16 48 55 7 62 86 73 24 92 41 49
31 100 97 96 16 71 29 18 36 26 62 97 78 8 40 61 52 87 74 74 31 31 88 50 56 37 10 33 17 70 97 22 95 85 56 36 11 63 23 76 13 35 86 32 94 35 101 95 72 49 31 2 47 20 50 49 72 12 93 23 20 94 17 80 85 98 98 28 77 47 66 72 68 46 87 91 25 1 9 45 39 93 90 3 74 54 59 47 94 39 37 91 88 11 42 12 32 28 89 3
25 21 4 12 100 75 2 63 76 64 98 55 71 87 66 78 49 94 19 29 37 5 56 14 51 91 64 74 56 34 9 18 93 75 94 14 3 18 16 50 79 37 38 36 100 32 73 8 82 31 79 46 40 54 42 3 15 25 99 21 15 15 22 -1 42 3 66 40 28 36 25 32 92 55 8 56 31 9 97 70 71 12 3 57 34 88 47 75 80 9 66 11 82 71 65 80 93 78 21 1
63 15 39 3 48 12 100 7 30 96 4 32 50 31 86 52 44 36 95 2 98 85 9 75 48 25 65 3 83 32 56 66 44 9 3 90 9 78 41 48 44 59 68 26 51 4 81 52 102 8 16 43 40 80 29 85 49 40 81 8 39 58 96 85 89 51 47 39 56 92 50 22 38 29 25 94 102 18 59 86 100 24 7 42 101 6 52 76 21 92 70 89 94 62 78 72 58 46 57 90
101 30 4 56 61 44 51 11 43 54 91 42 59 14 16 15 20 42 13 58 73 38 79 29 8 5 35 70 30 15 74 92 26 46 54 22 37 67 70 80 72 85 57 85 25 90 58 90 33 86 77 94 97 38 64 8 29 4 24 85 24 70 15 57 39 81 34 78 78 78 77 -3 6 42 73 57 91 -3 40 39 44 79 67 49 85 67 26 84 72 24 60 95 19 77 21 -2 64 52 22 78
24 40 96 97 84 63 51 47 41 35 32 75 26 8 34 20 92 85 80 46 24 26 98 34 22 91 34 42 55 36 18 92 8 46 58 76 73 12 80 42 23 61 41 30 45 88 45 47 3 3 49 53 73 12 16 56 46 70 84 21 28 78 32 26 46 38 4 88 22 82 37 52 45 63 33 8 10 10 94 84 43 13 76 39 68 28 43 69 24 65 27 40 26 46 25 21 56 11 17 22
26 71 13 11 95 19 59 20 45 81 41 69 4 96 69 4 97 58 101 55 37 88 77 14 5 85 51 17 90 53 73 24 17 17 78 49 93 13 23 72 93 17 81 41 95 4 68 63 94 75 74 46 81 41 95 82 50 24 37 -2 6 35 21 58 86 32 55 39 51 38 59 52 35 27 22 49 18 12 34 83 66 79 2 92 40 32 70 -3 3 66 79 5 55 76 87 50 23 80 30 10
80 66 49 71 44 54 6 27 77 47 65 86 53 1 4 86 3 58 57 84 33 54 75 26 97 85 5 10 85 81 89 75 4 3 50 97 52 16 44 52 94 98 39 33 102 91 16 83 94 71 11 83 15 11 67 66 35 84 63 24 90 13 65 59 11 13 63 53 60 3 83 75 75 99 82 86 82 79 68 85 30 14 71 66 52 58 24 90 91 100 96 31 37 82 31 1 21 26 13 6
52 63 88 29 77 86 57 42 7 11 74 8 8 44 50 27 100 11 40 48 86 40 74 66 46 81 98 29 84 91 60 91 53 50 65 4 18 29 82 40 97 58 56 11 13 7 66 43 44 36 63 54 63 30 48 83 29 -2 57 4 101 64 36 83 98 51 90 4 98 34 70 39 52 -3 82 7 48 7 80 15 69 -3 40 64 20 33 88 46 79 20 26 46 69 86 4 43 30 81 76 68
55 21 98 78 65 67 44 48 98 36 76 74 84 64 99 6 79 41 73 96 92 96 38 27 54 26 41 44 30 90 64 97 39 88 94 7 44 12 41 90 6 92 52 80 52 9 43 7 73 44 87 2 8 94 44 48 84 15 51 77 61 68 30 95 22 38 59 98 76 82 12 23 92 68 53 82 57 70 84 81 64 78 56 81 79 17 52 90 74 41 101 28 46 31 30 73 18 95 6 38
4 29 70 96 78 15 8 61 83 -3 87 3 81 47 95 95 62 7 78 39 70 31 78 32 65 71 60 33 37 63 24 57 31 62 81 89 52 78 12 43 38 64 51 46 87 10 93 21 42 12 30 81 22 96 82 94 80 84 46 18 65 19 75 7 55 74 48 80 48 11 14 86 79 60 8 -1 68 53 13 93 67 35 15 76 78 57 22 96 86 74 55 43 66 -1 6 19 17 53 39 72
60 53 50 39 80 49 46 57 45 28 22 23 20 48 74 4 6 40 67 65 84 23 36 93 6 48 93 29 91 85 30 28 65 5 81 89 14 15 61 86 16 73 44 95 12 97 32 88 39 57 93 32 75 54 80 11 8 56 3 93 81 75 69 16 96 58 73 73 72 80 40 72 24 13 40 38 101 72 86 99 49 52 79 54 94 53 13 49 29 63 92 70 58 27 78 19 15 20 93 74
95 -2 49 42 43 24 14 76 33 59 13 29 41 36 9 26 55 84 4 5 63 47 18 82 10 15 69 27 24 75 29 61 37 13 73 46 95 78 40 45 12 55 98 34 78 77 14 48 24 53 11 22 72 74 85 44 31 5 93 90 5 89 42 74 51 5 56 31 89 63 14 85 93 70 94 64 19 81 26 79 19 72 35 66 27 31 3 71 15 73 99 59 67 0 35 81 2 94 80 72
86 69 38 10 97 89 3 51 100 33 70 61 35 75 17 80 101 26 88 60 97 76 42 92 42 72 53 18 102 57 70 15 87 62 18 55 57 30 81 91 20 28 66 21 92 29 43 17 55 78 71 46 101 26 91 40 83 37 3 7 72 52 11 26 52 31 97 98 86 59 74 90 73 74 71 53 12 11 89 45 80 67 46 42 26 13 82 12 5 13 5 42 33 9 10 11 39 10 10 63
68 96 74 91 85 66 36 68 14 68 83 27 41 73 31 45 48 31 82 16 41 89 65 62 12 -1 63 11 64 50 57 66 81 80 101 73 93 35 96 21 45 37 92 78 59 81 64 18 53 46 90 61 29 88 71 80 85 70 61 63 101 31 18 0 34 18 8 19 33 72 72 8 22 51 36 90 8 56 18 48 92 65 49 47 12 2 14 3 32 65 12 47 86 50 69 9 37 96 17 58
69 27 13 45 12 11 27 35 48 100 40 74 59 61 98 22 82 3 41 16 28 6 98 96 62 94 46 26 97 5 73 17 32 84 54 18 25 46 29 48 73 86 20 97 100 92 32 19 30 31 19 45 52 68 39 91 45 81 14 100 29 68 24 73 97 13 99 13 45 41 52 83 91 64 81 67 41 76 7 73 38 61 43 2 29 12 10 34 12 82 85 90 11 37 37 78 77 4 36 25
77 41 59 45 26 47 99 43 46 65 55 2 80 43 53 4 87 15 52 87 16 18 34 38 38 72 20 63 43 40 70 8 20 27 13 91 49 63 41 20 97 69 29 74 63 6 83 50 47 47 35 92 29 25 60 15 28 80 88 8 74 17 82 70 66 72 32 12 21 86 33 40 97 67 71 34 78 55 33 95 30 44 25 57 101 -2 64 35 30 39 35 86 23 42 16 52 28 58 81 75
81 39 50 70 4 89 10 19 90 20 69 79 100 40 89 24 57 7 50 54 73 93 51 88 17 2 88 69 86 2 85 84 39 80 33 62 84 77 76 42 41 4 40 46 20 89 18 15 3 93 57 37 30 24 48 22 75 24 21 49 59 97 66 39 13 56 32 88 91 22 52 56 91 92 32 36 43 56 83 46 76 35 12 8 15 100 19 89 58 95 7 29 11 15 10 64 73 45 72 57
78 74 38 94 70 47 41 51 24 84 6 25 3 5 9 73 98 3 21 33 37 67 91 35 69 86 51 21 23 36 42 69 21 26 50 73 66 61 65 87 53 35 64 18 91 74 16 12 53 21 82 63 94 30 83 35 79 49 90 82 4 52 17 18 79 73 35 86 30 1 33 56 22 1 12 87 45 13 98 48 19 20 30 48 35 60 91 60 74 79 26 86 19 57 94 76 72 35 19 49
14 13 47 65 5 96 38 5 6 52 74 90 98 85 57 92 45 41 81 6 75 90 26 62 87 35 61 42 86 97 75 64 25 14 58 84 75 19 32 53 11 33 98 58 68 49 91 81 51 71 64 12 16 12 8 41 16 47 86 84 7 44 17 90 12 54 64 90 40 2 94 87 93 27 59 74 35 87 11 11 25 32 6 12 94 49 58 32 14 63 38 44 73 80 23 76 74 64 33 84
6 25 57 84 90 29 14 43 91 -3 79 86 101 50 60 68 42 8 68 86 9 74 24 25 56 7 74 79 93 44 49 59 59 3 38 54 86 27 41 89 16 36 93 91 25 13 36 62 31 -3 101 16 6 69 61 46 72 89 33 44 96 87 85 4 84 54 15 36 75 44 15 78 90 47 73 41 22 69 74 80 91 10 72 7 61 91 62 76 101 79 29 65 30 -2 3 94 93 30 23 51
51 52 16 8 38 50 64 98 95 3 59 55 62 68 71 87 86 64 54 34 54 30 81 20 83 76 74 49 95 58 87 77 24 72 54 86 96 21 71 74 43 85 59 98 65 56 94 90 74 3 19 81 44 79 45 81 5 77 26 79 78 88 68 17 60 40 27 71 8 32 17 5 12 100 82 2 7 26 10 83 54 97 65 71 98 13 80 4 77 56 19 95 23 10 40 47 44 64 98 1
42 85 21 6 62 48 63 20 101 76 49 76 67 67 11 -2 86 -1 44 94 88 80 39 8 38 49 91 34 74 10 98 70 33 0 13 85 67 17 76 12 21 5 17 -1 69 96 10 89 75 96 16 33 51 16 29 82 26 25 52 25 72 47 58 33 53 89 56 48 31 36 61 77 67 34 29 52 59 33 83 94 13 36 38 -2 27 89 24 78 64 95 43 15 26 58 62 3 99 93 9 57
40 89 97 45 73 12 78 36 30 73 94 38 30 83 83 34 92 18 35 62 22 66 50 85 53 33 22 23 17 32 11 13 28 26 74 60 24 94 20 61 45 13 31 58 70 67 52 28 13 33 40 1 91 86 27 24 90 43 85 8 39 56 81 26 77 35 14 31 12 96 88 22 45 88 35 9 48 95 95 38 65 60 10 22 54 13 22 17 10 81 67 69 59 70 59 76 36 100 100 67
7 25 33 63 69 79 30 55 31 43 51 15 59 91 55 61 67 58 27 23 61 89 97 12 17 36 54 30 68 2 38 56 57 82 85 -2 16 90 100 19 43 7 26 77 5 16 101 68 77 0 58 10 31 43 6 5 28 37 35 44 23 60 45 79 12 36 39 21 12 8 71 18 94 38 76 76 89 35 81 2 51 70 47 70 39 25 23 22 12 28 33 30 31 59 53 15 72 74 76 70
19 22 33 66 36 51 38 27 91 42 63 83 41 19 76 12 48 61 8 60 73 49 73 8 24 42 52 13 65 49 91 16 61 45 78 60 44 8 65 27 6 92 93 44 72 61 24 30 3 47 4 39 85 34 29 28 82 91 40 46 41 44 65 44 75 84 73 43 24 84 102 34 17 39 74 38 53 88 44 44 3 39 20 73 14 73 16 68 6 77 20 41 102 1 49 9 91 12 42 36
37 -1 78 41 69 50 58 37 14 65 64 26 85 27 30 16 60 71 85 16 13 90 2 82 46 26 79 74 31 73 92 32 65 27 30 -1 82 94 74 87 70 89 14 86 41 76 5 84 28 64 63 12 60 35 44 82 47 65 15 6 43 27 49 9 81 83 39 34 82 -3 71 52 101 38 73 37 57 47 68 43 14 13 9 72 83 3 5 36 51 57 2 57 44 85 23 49 60 66 8 25
62 83 93 18 72 72 50 37 80 78 69 84 28 73 91 81 76 24 38 46 99 58 62 15 6 9 8 9 9 28 51 84 62 87 75 94 63 35 79 7 4 70 91 65 37 49 98 72 81 90 93 23 76 47 99 41 51 100 85 85 21 34 16 59 83 41 69 69 36 19 51 25 90 17 80 36 31 9 73 75 13 60 59 64 92 7 50 67 85 50 76 47 58 3 27 86 18 48 90 63
20 7 60 -1 99 42 98 37 19 94 66 44 6 35 19 9 72 79 39 87 47 82 4 49 54 15 57 38 9 94 87 17 22 88 85 2 69 74 5 61 46 80 21 50 85 5 40 64 89 89 70 1 89 49 89 9 49 -2 21 24 35 1 46 20 64 44 81 90 91 29 57 9 34 27 78 57 59 78 80 2 6 49 36 52 74 17 58 65 41 81 94 80 16 65 5 29 46 10 15 89
32 42 41 93 53 97 10 67 43 71 23 35 57 32 63 20 7 16 93 5 68 31 58 24 51 67 10 48 32 38 11 82 72 89 21 48 9 55 72 42 4 91 38 70 36 32 67 11 85 79 92 82 13 60 69 97 70 59 78 100 60 75 26 14 71 90 28 94 69 40 95 10 37 85 71 36 36 86 48 7 79 43 65 90 35 15 54 75 26 34 6 65 82 96 55 60 60 74 56 94
99 18 84 37 53 70 48 92 85 88 100 5 30 38 47 32 26 38 30 56 98 61 85 -2 24 31 52 65 50 8 93 46 38 -3 55 76 10 30 14 93 30 59 52 12 83 39 45 47 90 -3 50 18 30 -3 53 14 77 51 86 65 79 50 78 24 81 27 89 86 50 86 93 49 28 0 30 33 35 95 97 17 49 -1 70 59 83 75 66 55 99 28 11 73 74 0 74 -3 7 63 14 25
El programa tardo 73 milisegundos en ejecutarse.
