87 46 22 13 19 49 14 37 82 56 40 27 79 46 49 82 39 89 75 17 56 68 16 88 37 1 13 29 98 17 39 51 61 51 87 79 18 45 90 53 16 51 58 16 70 68 19 95 61 61 51 74 90 39 58 41 56 20 93 12 3 1 59 91 31 57 16 81 8 59 29 22 4 12 8 62 98 22 85 78 20 52 42 72 88 18 36 89 84 82 12 33 33 90 69 53 8 79 53 45
78 92 92 -1 96 91 21 1 84 4 67 55 42 96 66 69 78 55 27 30 2 77 29 74 60 84 63 12 78 -2 25 92 70 87 42 83 30 92 19 64 57 55 57 28 76 40 94 18 35 81 50 27 78 57 62 21 21 48 53 67 5 95 78 75 70 40 29 93 32 21 55 27 57 28 8 95 4 44 89 68 89 38 64 93 80 92 42 26 24 95 68 75 48 62 39 91 37 90 4 -2
50 99 83 29 76 38 62 53 76 57 88 41 70 84 101 41 24 1 95 36 3 42 94 63 13 89 5 71 59 8 66 63 102 62 49 70 6 83 88 72 68 70 97 85 64 70 12 18 29 60 42 5 80 52 30 16 20 31 47 46 21 97 15 1 62 31 12 86 27 49 62 51 74 44 16 8 7 1 49 13 21 90 40 81 70 45 76 42 11 49 58 93 12 62 54 92 62 67 87 3
11 84 58 39 9 14 93 79 95 64 67 45 42 16 26 67 87 86 37 13 61 25 7 49 47 55 97 81 14 65 7 34 59 43 73 39 51 65 94 8 28 34 52 8 96 -3 8 54 3 44 59 72 37 51 30 0 23 86 13 42 77 93 28 19 50 12 67 79 95 80 100 95 66 52 69 9 10 32 64 30 7 29 89 25 61 91 39 48 87 19 86 23 24 10 33 44 32 -2 40 52
41 65 38 55 21 73 46 70 31 42 74 56 3 94 53 94 14 15 60 48 44 34 10 60 52 59 88 36 23 27 26 72 4 53 23 28 70 4 68 10 38 28 74 37 29 31 70 64 53 20 92 23 78 72 99 75 9 41 97 40 42 52 12 28 49 81 38 54 94 7 15 100 86 8 41 51 5 30 86 89 67 17 101 62 6 53 31 45 49 61 8 65 74 25 89 7 55 54 30 35
39 81 5 7 74 27 94 64 97 17 28 90 41 0 23 84 53 73 11 49 11 50 21 7 44 54 20 7 91 39 38 41 10 17 78 86 33 35 31 11 19 62 94 12 64 82 9 75 55 66 64 86 24 61 40 48 30 14 38 -3 39 14 38 49 78 23 95 68 45 45 74 56 44 69 56 60 40 7 81 9 79 49 43 65 33 34 33 23 90 54 64 75 18 94 19 80 20 25 65 6
83 65 60 18 56 27 98 5 44 37 21 27 80 32 79 69 56 41 29 65 25 61 57 85 49 26 84 90 87 67 102 29 77 7 39 93 14 52 68 85 89 18 81 15 72 15 33 10 59 12 33 29 52 16 81 25 41 74 71 56 84 30 93 13 9 69 11 29 50 1 72 55 30 24 23 37 32 57 99 38 67 24 76 93 22 17 5 16 98 67 5 28 90 4 12 6 26 4 76 1
89 58 74 41 83 69 79 60 26 20 10 49 84 81 74 31 44 77 22 64 60 29 70 65 96 55 39 40 81 26 17 17 92 95 34 37 76 95 38 38 60 85 84 40 58 53 30 55 49 1 99 72 57 80 14 28 66 45 20 9 6 63 8 69 27 3 65 3 13 39 58 79 54 43 85 60 48 0 44 41 65 29 42 49 99 13 66 63 26 41 34 29 93 82 41 70 59 1 16 13
85 62 3 82 43 55 13 23 36 56 64 17 29 58 99 76 82 36 88 48 78 86 6 57 21 3 81 55 79 39 86 17 78 73 101 56 3 6 18 3 54 12 44 42 14 43 70 60 26 10 49 25 35 62 25 9 87 79 49 76 37 27 46 18 36 13 39 9 4 12 47 7 37 55 46 54 95 71 69 60 35 45 27 7 91 16 5 36 84 56 27 55 22 13 13 2 21 33 68 27
84 28 98 21 3 95 56 93 21 17 82 94 81 83 31 53 5 75 58 90 81 9 88 26 49 51 21 61 17 4 40 83 52 0 23 23 58 58 24 96 31 56 71 5 19 46 53 26 15 13 97 46 52 48 54 41 86 35 37 73 55 73 76 1 9 17 28 81 22 51 36 67 81 68 92 13 14 62 34 14 76 14 63 10 5 0 71 51 91 6 92 64 53 5 46 92 5 11 26 10
88 11 5 23 100 7 40 40 8 62 76 31 24 92 78 99 58 61 22 64 88 38 40 44 97 90 83 68 10 81 94 41 93 23 85 17 75 50 21 7 101 63 53 4 64 4 22 96 22 36 49 86 53 99 40 25 31 40 20 36 16 18 66 1 29 18 24 38 59 22 51 15 66 16 72 18 84 26 38 87 27 44 17 24 47 91 67 2 87 48 53 64 66 92 47 55 71 52 22 86
100 2 74 95 78 40 39 57 92 15 53 68 54 8 87 80 47 63 46 26 26 35 25 26 101 31 54 28 29 26 30 3 2 86 11 34 81 19 66 95 83 34 40 24 12 6 31 4 25 93 12 37 20 60 44 13 40 51 82 96 27 47 69 25 3 43 27 70 70 77 87 80 22 54 88 83 20 5 51 30 39 49 86 72 39 7 10 22 75 81 90 54 10 77 67 39 83 24 32 61
99 27 12 80 64 32 5 46 27 66 46 78 53 21 94 54 80 47 87 24 4 45 19 58 69 44 33 96 100 87 98 60 19 1 101 20 81 74 49 96 55 29 80 48 77 38 91 55 13 81 80 2 72 39 29 46 96 45 45 15 40 32 7 100 37 52 61 76 41 55 76 80 62 73 100 74 48 50 31 34 56 52 55 68 58 67 71 30 66 17 71 48 8 97 23 40 5 40 75 73
82 37 24 68 38 50 59 68 12 -2 36 57 68 42 73 61 69 68 66 73 36 84 14 42 26 36 88 -1 24 58 47 3 39 39 8 81 21 92 77 18 56 42 23 76 80 29 51 7 71 0 32 27 82 74 78 48 75 61 42 47 85 -3 79 3 68 96 54 -1 32 92 13 80 39 75 18 94 32 28 49 58 32 13 14 51 42 17 59 20 42 71 70 87 25 3 67 1 19 78 44 33
50 60 81 31 73 100 32 99 54 99 83 5 5 78 56 100 6 6 67 87 9 42 74 91 17 99 29 47 23 18 3 4 97 56 70 3 11 3 29 78 60 43 59 73 24 19 81 3 9 54 64 97 57 6 64 41 71 84 52 15 101 54 90 37 59 3 8 1 71 82 50 9 72 63 37 88 35 96 22 99 71 6 37 47 100 99 89 20 81 20 67 85 10 33 35 12 25 72 41 87
76 65 35 23 68 11 18 20 43 82 44 68 42 44 88 78 39 90 73 93 78 79 48 -3 97 92 89 6 53 21 34 21 30 92 88 40 54 94 59 92 90 1 26 14 90 54 58 43 51 75 95 57 19 70 39 77 97 11 99 89 68 67 7 34 5 77 59 82 63 67 2 78 53 41 36 39 95 68 59 59 88 49 78 62 91 40 99 41 39 44 13 9 67 44 87 88 67 31 51 51
75 90 41 57 74 47 57 78 86 80 54 20 13 52 14 8 56 45 79 67 88 17 6 44 70 29 92 6 17 6 57 16 67 73 7 63 6 90 18 26 89 49 37 100 57 97 9 27 100 9 19 54 6 12 31 36 82 62 30 88 60 32 13 13 86 90 82 99 92 10 66 32 10 67 67 25 102 66 54 27 28 46 75 49 43 24 99 97 86 18 37 91 5 30 89 1 45 75 35 35
67 38 54 67 38 11 95 24 83 90 23 28 68 71 68 56 48 95 82 -1 58 79 28 -2 77 6 93 10 48 63 80 49 83 81 54 68 76 55 47 46 31 94 94 53 12 68 58 9 13 9 39 19 15 56 82 43 70 3 8 45 36 71 72 13 57 92 100 58 90 68 5 57 18 18 91 5 69 44 42 24 26 81 69 76 71 1 43 24 9 40 46 77 61 59 8 52 49 7 48 26
93 81 31 11 46 13 62 15 56 53 79 24 71 99 86 30 35 83 51 83 49 16 36 98 82 70 71 87 65 80 72 27 44 36 8 96 52 20 66 67 5 97 38 51 28 65 23 73 26 53 98 69 92 4 27 67 88 44 87 52 78 38 75 79 82 6 9 60 41 14 6 1 102 7 77 34 28 95 63 75 16 72 13 70 35 9 31 18 49 9 17 83 83 100 28 37 79 97 92 15
42 37 63 91 40 -2 37 57 99 2 86 30 94 29 60 32 36 11 73 55 83 50 65 93 71 70 40 36 15 -3 13 82 94 88 79 93 17 90 70 76 72 54 51 53 61 17 76 36 13 67 80 9 62 41 17 2 33 -1 45 9 88 62 77 84 48 2 43 66 30 10 86 25 78 94 93 62 41 88 21 56 59 4 87 75 26 64 101 59 81 33 14 79 37 83 95 14 98 82 19 69
25 67 29 91 96 48 57 29 30 88 61 92 89 68 72 24 36 89 77 24 101 22 101 25 3 32 88 79 48 57 88 56 45 4 72 68 15 7 44 20 53 64 73 83 9 72 11 90 44 46 40 39 30 15 101 30 98 84 97 27 81 30 19 89 26 28 49 88 18 80 93 95 65 49 75 93 10 2 68 36 92 62 70 72 54 32 47 98 19 14 33 44 77 9 72 10 101 18 98 34
3 29 81 0 61 24 83 70 91 6 99 94 36 81 84 31 38 8 18 55 72 68 36 28 36 5 9 96 33 75 37 87 16 70 56 12 22 45 92 80 99 57 90 73 95 46 28 56 76 3 88 11 28 9 80 35 47 2 50 80 86 22 66 30 13 52 79 79 78 54 80 16 2 84 9 49 17 67 84 82 62 0 80 3 100 35 82 -2 57 7 37 52 96 72 87 16 54 7 9 10
102 56 38 80 83 79 98 21 83 54 13 74 97 65 66 16 49 69 46 21 86 69 35 28 94 82 56 26 12 97 7 85 22 79 26 40 56 91 71 55 27 36 8 52 9 94 71 73 8 36 33 56 57 82 46 7 31 81 54 95 12 85 55 70 68 13 55 74 16 83 59 94 87 49 91 77 13 29 27 9 44 8 55 50 53 56 65 94 45 72 94 21 95 62 16 99 38 17 93 80
5 73 62 53 70 5 17 23 74 56 23 17 32 26 92 68 99 72 44 3 43 13 36 42 7 54 9 32 85 88 92 39 10 44 35 73 63 26 17 12 22 70 8 62 60 95 35 90 73 3 93 33 16 65 44 87 14 -1 15 81 39 51 47 15 80 24 96 62 43 61 55 31 66 11 98 77 59 53 53 81 31 8 96 11 67 16 53 6 34 5 95 23 43 47 77 41 70 46 58 0
29 68 17 21 53 84 19 27 54 10 88 32 70 6 63 20 76 84 78 66 8 69 52 71 26 84 26 74 12 2 93 48 57 86 19 40 36 53 65 57 44 75 71 92 6 24 93 99 82 92 24 37 82 92 3 36 86 79 97 30 9 19 8 73 76 67 50 12 84 6 3 9 9 53 66 57 84 26 81 18 99 23 52 41 25 55 85 59 15 58 8 100 56 91 59 31 70 8 32 43
101 5 72 23 38 14 39 53 9 11 30 36 45 50 40 89 65 81 79 22 34 51 72 33 83 92 84 38 8 7 2 95 81 94 34 -2 80 40 53 74 5 85 2 15 8 33 91 75 55 58 67 23 68 40 2 92 27 63 63 1 15 74 32 85 81 0 33 41 27 42 79 6 94 7 88 29 24 96 52 58 57 43 3 37 26 96 42 93 23 73 97 32 70 16 58 84 23 83 86 72
14 54 46 22 7 12 5 28 96 76 67 10 61 43 23 36 27 79 22 5 27 45 23 31 29 3 48 70 20 8 102 46 49 4 4 55 7 12 13 94 18 51 44 50 14 68 64 6 34 30 36 42 57 76 39 51 71 4 82 81 26 20 13 82 71 63 22 43 61 68 67 69 49 43 65 43 96 63 23 26 27 22 57 20 67 24 71 39 75 7 70 25 14 85 49 51 24 69 4 67
9 45 84 55 87 0 4 85 97 18 33 27 92 4 54 -3 38 68 54 50 13 10 86 78 74 13 21 54 63 5 28 15 79 29 45 87 86 41 78 54 42 43 65 21 38 1 61 80 101 46 42 30 78 79 34 44 43 46 42 61 86 3 24 -2 15 28 8 84 86 85 18 34 15 20 55 8 36 96 46 6 78 61 36 82 25 92 26 95 51 22 58 26 82 44 56 52 34 36 58 64
78 48 76 18 37 34 56 51 89 87 27 99 55 65 50 97 50 44 3 86 100 19 25 84 14 24 47 96 13 8 82 70 86 22 36 87 40 78 16 38 20 23 91 9 71 27 87 70 84 45 64 45 63 72 84 15 20 2 17 94 89 37 58 4 78 30 81 67 94 33 81 13 93 9 60 21 46 61 58 90 16 80 35 45 11 68 90 97 46 20 57 68 96 10 81 26 3 57 51 62
37 29 21 86 48 -1 66 44 19 52 5 4 44 54 50 42 65 13 44 21 98 8 19 5 22 30 7 32 49 30 52 33 41 69 87 11 76 43 61 65 23 28 68 54 44 3 69 91 71 75 63 86 23 40 33 21 90 11 30 4 32 34 80 19 99 34 81 43 4 24 40 86 71 27 62 85 70 82 8 35 100 0 64 65 6 91 53 10 64 54 67 32 99 15 65 42 42 55 63 58
13 61 6 27 87 28 93 32 76 24 6 67 74 99 83 47 10 43 22 63 84 91 91 9 71 54 48 75 72 90 82 87 80 97 40 15 38 63 82 88 62 86 5 77 16 20 11 59 18 93 65 66 18 9 66 14 97 18 81 7 27 19 16 57 43 54 16 46 18 8 34 35 49 62 73 64 29 90 66 57 23 18 10 73 51 54 29 60 44 92 51 64 75 92 65 94 97 76 29 22
27 43 13 68 78 75 30 32 95 37 77 5 23 26 30 60 86 6 78 21 7 81 29 22 18 64 42 8 6 15 45 42 7 89 59 75 30 38 17 53 101 78 101 8 58 73 11 37 83 19 99 32 40 85 46 79 39 -2 8 51 45 49 92 25 73 15 14 0 74 93 79 6 89 85 62 37 58 57 42 53 8 55 8 61 21 48 90 6 62 44 18 41 70 95 54 20 88 17 86 71
42 23 78 91 35 27 19 13 26 87 40 54 22 68 24 58 35 85 31 75 36 90 4 69 5 86 11 85 60 5 29 41 23 41 27 22 43 86 49 87 34 29 84 44 80 87 64 82 82 84 69 65 55 93 72 84 60 33 86 52 56 97 54 32 89 59 58 92 80 54 70 75 66 29 90 100 75 65 66 99 18 80 11 37 93 88 33 46 72 60 36 62 52 77 63 44 43 32 5 23
18 0 76 89 58 10 101 75 82 4 33 68 8 21 69 -2 69 70 55 68 76 12 47 77 99 42 4 56 88 47 13 58 19 13 4 21 88 43 10 69 55 49 10 79 20 77 86 18 35 42 44 10 92 37 74 62 21 1 62 72 31 58 82 91 30 16 24 17 72 87 94 71 17 66 70 84 29 54 82 38 88 52 37 66 40 42 88 44 32 67 60 71 98 95 24 85 6 50 52 7
98 9 90 78 6 81 46 90 52 59 30 41 9 83 38 17 87 24 64 40 82 10 97 6 89 52 48 56 71 69 92 53 74 80 83 1 25 13 66 39 11 57 55 14 26 49 66 60 7 81 77 74 21 100 3 2 44 55 75 47 81 37 98 100 15 49 28 31 26 66 34 59 17 1 59 70 5 40 35 23 79 92 45 60 5 16 29 15 47 2 77 63 36 97 69 94 43 97 90 95
18 14 23 92 80 33 71 59 59 61 55 42 99 86 75 66 4 39 48 74 44 77 31 96 100 20 58 81 14 27 15 57 99 39 95 89 48 60 20 43 92 31 62 20 25 63 50 43 58 4 97 90 96 40 18 9 56 11 19 71 77 9 21 53 12 59 48 89 60 5 33 46 58 62 65 55 38 5 27 36 34 41 29 47 46 89 21 1 76 10 64 82 47 92 17 14 27 16 85 55
38 28 65 81 49 13 29 43 42 59 76 64 31 78 100 54 21 96 72 48 27 50 60 55 16 2 43 60 50 74 17 31 92 33 37 57 11 20 72 61 69 91 26 83 94 36 73 92 49 24 8 16 93 3 37 53 72 15 43 73 51 29 71 93 59 46 25 54 81 3 101 30 31 26 57 22 61 85 59 23 15 16 63 57 30 99 34 26 66 99 54 48 27 79 54 80 64 73 48 89
50 49 52 42 82 56 96 94 30 85 71 85 28 65 74 79 36 25 62 65 77 42 27 17 79 79 8 -3 98 0 96 17 56 64 83 69 12 20 53 78 60 -3 11 47 20 48 23 77 64 81 94 11 32 42 70 40 25 58 17 83 42 41 82 74 88 1 61 40 58 61 74 79 82 64 74 50 71 40 95 57 30 29 78 53 18 78 13 81 24 21 23 63 86 61 12 11 34 58 99 92
51 58 24 59 51 70 83 14 53 99 68 15 80 4 80 89 49 52 5 47 40 15 74 70 101 77 88 85 38 79 7 24 79 33 86 46 9 84 52 29 3 36 21 10 54 10 45 77 37 10 26 18 21 84 91 49 17 32 26 50 91 76 64 64 82 38 101 24 85 61 63 18 26 50 74 8 97 85 90 54 102 43 37 40 5 90 71 30 41 56 15 4 44 97 30 99 65 21 19 98
13 44 80 80 10 51 49 95 76 54 20 30 95 55 45 4 58 21 5 85 84 88 81 23 45 95 63 83 41 29 75 4 77 12 84 96 82 44 58 69 40 34 67 57 59 11 98 87 23 52 24 46 28 81 98 61 8 47 82 21 99 65 6 60 78 21 25 19 75 89 11 4 85 34 51 73 2 52 98 76 10 1 69 9 6 72 99 28 94 62 36 17 94 16 70 1 32 4 8 27
27 42 57 85 66 10 76 12 3 89 50 58 97 47 92 99 17 35 39 37 27 57 10 9 62 56 9 83 89 85 7 85 101 69 43 31 12 21 39 7 41 77 24 98 63 27 66 32 56 8 54 41 34 15 50 73 63 40 21 74 73 93 91 20 41 38 101 83 86 37 75 56 49 61 55 88 48 19 48 33 78 97 75 31 6 11 20 8 48 51 80 11 60 55 88 52 38 89 63 81
57 41 20 71 94 -1 55 68 34 85 34 45 83 55 42 22 88 31 75 -3 51 47 50 41 65 56 68 15 26 50 93 75 101 91 101 94 82 54 63 22 54 -1 68 -3 27 32 63 0 95 34 68 31 5 60 55 23 68 74 49 41 14 91 56 88 28 62 51 87 82 65 3 51 18 37 53 57 53 -1 78 51 44 20 71 18 81 78 50 15 52 87 35 19 24 66 95 52 29 55 47 96
85 89 87 13 77 54 6 49 56 46 63 60 23 45 35 60 59 3 30 29 80 59 70 33 68 20 52 22 59 13 79 19 79 24 26 51 98 34 19 61 65 65 55 94 73 39 58 12 13 83 59 71 79 4 22 74 44 85 96 72 28 50 35 84 57 2 78 91 81 11 66 18 55 100 101 55 10 79 99 14 36 25 29 47 74 23 97 33 64 40 93 57 39 39 22 90 46 75 12 18
81 75 16 37 81 75 32 12 56 49 95 4 73 77 36 54 18 15 68 62 93 62 88 61 26 88 97 32 54 27 5 4 72 40 86 48 43 -1 62 -3 8 70 22 90 98 86 92 34 75 63 35 12 32 25 22 7 44 72 46 92 61 44 57 65 27 91 6 93 64 34 12 92 23 -1 65 11 91 29 47 11 4 94 9 42 7 1 61 50 56 58 58 4 10 51 36 14 22 4 18 95
4 50 62 67 30 8 26 62 70 14 54 94 85 11 20 5 95 10 63 35 68 87 51 99 48 36 46 74 76 64 99 31 94 49 19 21 72 44 45 6 19 75 37 64 57 7 48 16 72 70 62 44 74 47 6 22 67 46 15 85 96 1 102 16 99 72 24 81 66 56 62 52 64 21 12 40 97 54 89 85 88 8 84 14 39 18 36 32 96 56 21 68 72 85 31 53 100 83 71 90
96 5 85 21 60 79 4 10 7 63 33 37 57 54 81 25 91 90 73 69 98 22 31 84 76 6 38 64 7 92 59 34 22 38 101 67 9 93 14 41 40 22 73 95 93 1 93 69 57 51 86 -2 99 95 71 46 98 20 45 82 92 28 67 13 21 47 95 89 2 13 89 62 35 1 42 43 44 46 34 88 6 59 18 27 45 17 14 19 101 68 83 32 51 89 48 94 48 87 7 -1
85 44 36 17 99 40 68 57 73 94 7 83 26 74 51 94 79 85 6 86 3 73 72 70 87 62 60 35 26 7 12 7 45 83 46 12 88 9 56 27 51 61 34 13 27 83 98 45 42 7 98 4 85 18 10 17 22 34 11 92 58 86 13 11 37 30 54 12 41 47 5 37 85 28 27 57 68 93 17 73 8 15 28 16 22 95 100 59 33 63 34 99 69 42 81 49 20 78 19 45
11 76 34 39 60 92 68 63 101 -1 49 44 36 69 2 65 44 31 91 25 8 38 89 21 64 12 97 38 19 44 25 28 47 85 44 81 19 72 25 55 60 25 89 85 48 21 21 49 14 82 58 30 41 -1 86 84 22 4 37 77 28 45 23 52 79 85 100 25 52 -1 85 28 47 41 67 53 31 62 16 79 35 9 86 8 29 40 30 74 6 29 70 25 14 58 71 30 42 45 41 20
27 76 19 6 69 49 72 77 72 38 23 88 86 20 101 98 17 82 102 12 100 97 85 57 68 45 27 40 22 22 15 95 30 23 64 89 79 58 83 78 3 49 70 38 74 1 8 33 54 28 54 11 76 4 46 94 62 66 48 29 20 9 31 53 44 88 43 69 62 22 41 63 90 19 100 91 21 8 71 82 80 88 34 8 79 89 68 18 53 65 22 100 51 43 53 31 44 47 94 26
30 66 36 2 29 47 13 58 66 54 2 84 36 88 38 64 44 61 18 47 87 29 25 80 66 96 100 46 19 41 37 74 50 69 24 63 83 22 33 16 4 45 89 43 99 40 80 46 32 7 51 -3 52 16 4 43 90 34 86 1 25 62 57 37 94 38 64 32 26 19 100 11 37 7 35 2 42 95 96 74 95 67 48 6 33 67 74 26 99 51 72 75 49 7 20 21 12 35 84 0
30 65 92 17 59 81 33 90 20 65 64 49 61 87 6 40 13 80 57 5 6 76 59 75 15 26 5 46 41 22 73 55 65 89 62 96 60 1 61 52 76 29 55 60 50 52 32 79 82 74 33 62 88 64 83 88 99 29 68 67 20 16 91 88 31 42 11 15 64 39 5 46 85 10 7 57 13 91 76 69 87 26 21 15 27 56 63 83 85 83 30 67 49 98 14 55 8 100 81 49
79 37 4 25 7 30 27 19 92 62 82 64 88 74 89 37 81 21 52 12 31 73 87 25 64 15 96 32 39 12 69 35 88 -1 20 83 75 33 12 65 16 0 64 21 61 4 79 32 81 60 23 60 72 45 52 49 35 42 65 26 34 83 77 55 46 64 38 79 3 87 100 69 4 48 10 88 4 5 64 96 43 95 75 90 38 16 6 1 93 25 26 69 93 49 72 10 20 50 82 28
27 54 44 26 12 60 9 51 88 96 32 49 22 23 70 46 6 56 96 74 83 92 12 82 68 13 85 61 42 97 66 4 56 51 7 15 89 81 102 74 13 42 83 46 72 61 89 49 68 62 38 67 33 51 43 28 36 77 24 60 91 28 59 45 65 72 95 21 71 6 60 1 8 33 73 63 51 50 17 56 33 97 62 24 64 58 19 24 6 29 24 41 4 71 89 30 4 99 102 54
94 9 89 44 45 47 54 58 31 52 53 4 48 1 66 56 11 60 31 42 47 24 8 0 4 62 58 35 29 56 79 95 32 47 56 35 81 82 71 7 51 2 42 18 48 85 12 24 75 14 10 76 44 20 86 35 61 14 95 48 69 -3 45 96 55 40 40 58 22 58 52 8 81 46 34 96 25 89 26 9 98 72 79 81 75 5 67 71 68 65 17 77 4 91 100 57 26 17 10 44
18 3 51 62 19 49 67 72 27 21 46 43 64 52 54 93 14 80 10 51 56 1 35 14 82 61 81 72 8 69 30 81 74 8 93 41 6 84 76 56 80 73 75 36 24 76 50 22 61 43 80 14 19 53 67 94 47 20 32 67 4 12 80 27 99 64 62 18 80 91 28 45 40 9 76 61 50 95 29 25 97 24 55 37 74 74 93 18 6 71 8 99 23 23 16 92 67 78 6 84
35 21 80 16 60 38 74 24 9 82 59 50 63 20 34 68 46 93 18 56 11 88 95 37 64 39 44 96 11 29 63 13 27 41 63 84 95 44 6 6 63 93 11 56 63 79 87 13 73 30 74 22 70 64 65 18 34 40 23 0 39 71 24 57 83 20 88 41 15 3 70 72 97 13 63 0 94 71 15 12 34 -3 39 20 83 35 42 68 83 2 92 9 75 12 4 36 49 80 84 57
63 67 19 62 68 69 51 9 100 33 53 80 12 70 81 66 99 83 9 3 70 21 21 53 25 68 55 89 66 63 54 98 16 31 68 60 79 22 25 21 45 93 77 32 73 37 31 94 3 11 26 16 45 25 91 43 69 6 94 13 54 91 58 41 96 77 38 33 86 40 47 11 29 59 57 83 75 25 82 30 29 97 86 22 71 50 95 6 78 43 57 77 38 12 24 65 83 91 9 57
17 40 99 82 7 4 18 22 98 -1 6 45 93 28 82 -1 59 1 65 92 56 41 84 4 93 8 80 18 67 29 16 82 31 5 29 35 48 -3 40 55 4 36 4 78 53 90 15 79 30 79 30 57 7 53 22 30 14 79 16 49 20 25 54 39 84 73 10 9 11 31 68 26 15 70 71 35 94 52 10 32 4 83 83 11 22 65 53 41 4 6 62 20 94 75 16 32 38 -3 34 94
52 10 62 14 26 14 101 60 39 11 71 15 15 87 93 54 102 92 54 73 4 80 100 93 42 5 59 96 83 12 28 52 48 27 59 3 29 59 99 88 83 21 48 99 44 100 25 79 93 69 72 2 26 19 98 91 67 5 82 48 86 13 86 36 59 4 72 34 78 52 34 75 55 97 47 79 93 92 99 58 58 8 39 8 33 54 68 41 95 51 49 99 73 95 45 94 98 27 4 34
65 45 7 95 4 93 47 51 60 8 63 3 64 34 91 7 27 91 49 89 72 94 16 46 25 73 66 35 42 12 92 86 37 17 50 16 6 54 51 63 65 41 100 88 6 90 34 61 74 50 19 82 91 21 101 40 6 74 57 70 59 19 78 43 13 71 43 50 3 39 59 46 80 86 48 60 38 21 16 60 44 67 24 32 32 95 65 21 14 0 5 34 61 47 96 30 53 0 63 67
60 19 73 9 96 66 60 16 48 25 41 78 82 84 41 49 41 63 27 34 53 71 46 72 81 100 97 3 37 59 55 22 50 60 10 21 7 45 76 62 43 92 88 15 100 8 54 59 23 51 95 22 38 42 50 14 82 37 85 10 70 50 25 89 68 71 63 71 30 100 30 42 70 12 80 99 5 53 75 88 70 29 36 89 22 99 44 18 82 92 90 4 15 67 68 58 63 42 70 94
39 87 71 56 58 60 53 82 34 48 65 35 3 53 60 51 42 26 44 93 9 74 61 49 53 25 8 18 100 21 14 59 33 62 27 29 83 52 73 90 31 25 5 96 53 72 30 41 99 47 26 89 84 33 82 88 63 57 73 2 47 28 47 83 14 91 68 71 57 77 55 62 35 77 70 89 50 24 99 5 58 42 10 67 17 5 17 89 27 82 87 9 77 63 39 37 13 14 19 1
49 2 26 52 6 92 39 26 49 90 73 59 73 34 82 36 44 30 75 60 67 55 97 5 15 74 54 18 22 31 84 76 22 55 100 19 64 66 33 85 79 41 97 39 36 65 25 78 74 49 6 56 94 91 11 98 87 12 46 8 53 89 95 33 102 89 92 85 63 89 72 49 15 50 67 13 57 30 92 42 74 76 17 47 102 66 78 90 15 62 89 1 37 34 97 94 72 19 41 81
82 12 54 21 74 86 68 75 62 7 92 16 68 47 17 69 64 92 79 8 20 47 17 14 29 48 43 51 83 5 67 28 50 78 75 3 42 74 36 11 22 39 8 67 73 37 87 43 72 63 52 94 63 -2 13 54 51 47 28 19 101 79 55 65 84 33 50 68 19 35 41 36 100 6 33 60 43 55 65 72 89 81 32 86 100 9 92 78 53 65 35 67 69 50 56 58 63 4 78 82
90 93 5 6 30 57 37 46 59 9 75 8 32 43 28 64 70 58 36 13 101 98 19 21 100 86 23 80 23 83 26 42 25 74 29 14 13 40 55 40 21 58 57 5 82 29 15 75 5 11 38 66 90 45 101 49 95 73 59 77 70 26 34 27 101 63 68 57 49 86 6 58 88 31 51 38 13 40 60 35 66 5 80 1 87 8 5 16 82 49 3 97 35 9 54 5 52 58 7 81
85 86 29 46 27 27 73 8 49 35 62 9 99 95 31 96 88 77 3 22 85 18 37 11 34 71 5 28 37 56 78 75 92 26 52 66 92 78 51 4 53 17 31 58 30 83 70 66 13 83 98 3 15 25 13 86 73 20 59 89 44 82 96 3 64 5 75 66 28 2 51 56 24 13 78 60 63 18 38 70 12 24 22 12 84 18 8 50 55 20 45 59 8 7 19 17 44 21 95 15
102 11 58 51 34 16 37 11 25 67 9 82 10 68 66 71 50 72 9 19 35 45 90 98 61 32 39 49 78 59 36 49 53 17 58 32 84 13 11 1 18 72 90 49 65 38 30 7 81 6 12 14 84 25 69 46 99 54 86 75 85 98 18 20 74 96 66 72 91 81 48 64 14 79 50 20 61 62 5 59 46 63 58 41 86 49 97 82 92 8 75 61 65 70 51 18 18 49 65 28
86 70 30 9 54 38 61 51 17 15 68 63 35 73 87 59 57 64 32 71 92 84 59 76 18 16 41 64 21 92 72 41 57 41 3 14 96 80 82 82 32 10 20 3 100 81 21 5 91 24 14 70 96 10 23 88 5 90 42 83 64 94 37 69 96 96 12 5 63 69 49 90 41 85 28 44 15 56 63 9 27 30 17 13 6 22 90 19 9 56 7 38 43 0 52 15 87 62 81 92
37 22 7 9 6 51 10 33 78 68 33 74 46 39 38 74 32 93 60 93 49 52 91 54 81 19 4 17 11 95 7 23 62 15 52 45 30 26 30 87 15 52 22 33 87 47 101 9 15 54 71 44 98 36 53 9 49 2 32 22 79 84 79 42 87 63 11 47 97 40 32 46 35 41 74 93 96 60 98 62 74 82 90 18 39 98 9 5 29 84 34 39 90 23 25 14 21 76 42 69
31 20 92 8 85 76 86 40 94 23 38 65 78 71 17 35 37 64 87 18 86 10 70 58 10 69 87 27 18 61 51 81 90 37 92 37 51 86 50 25 73 38 42 89 48 63 33 27 44 56 24 12 77 26 20 48 83 55 12 67 93 69 52 4 75 41 24 38 66 46 95 21 11 40 42 88 74 66 48 56 20 31 76 29 76 51 39 26 61 92 76 63 50 17 30 43 69 52 17 7
59 6 78 55 23 62 18 4 65 36 101 1 88 1 60 59 29 15 58 2 62 40 30 14 47 90 50 88 102 71 93 90 13 3 83 19 22 71 56 60 22 47 60 24 5 24 15 85 33 88 97 5 49 58 69 89 77 18 73 92 36 87 36 44 66 42 53 56 25 78 36 19 35 30 69 14 70 72 102 4 42 71 15 77 41 25 30 2 84 29 12 27 85 59 4 71 20 66 52 30
62 32 35 33 9 90 3 7 43 80 6 21 94 74 69 53 43 50 14 69 93 81 3 16 46 79 50 26 87 61 33 30 30 74 64 44 8 94 60 68 2 56 87 17 67 54 18 0 8 36 32 25 75 58 8 31 69 91 81 95 54 4 58 28 53 73 26 77 28 31 69 65 13 76 40 93 54 39 29 43 12 28 76 30 29 46 31 71 38 -1 26 55 74 2 17 6 86 32 99 90
97 52 27 96 34 45 84 84 72 14 30 55 63 36 12 34 91 85 78 15 92 42 47 94 83 89 90 68 27 95 44 39 96 81 60 17 41 47 75 57 85 4 71 35 34 36 4 34 72 92 21 48 55 57 59 30 40 18 21 26 64 67 41 52 5 14 15 28 77 55 55 76 66 12 21 52 24 42 63 99 18 71 5 70 9 100 92 85 97 16 34 57 48 3 47 58 82 83 68 49
30 36 7 60 68 43 87 75 34 61 11 74 94 88 70 75 75 65 57 48 87 22 53 46 84 71 77 12 53 74 58 34 35 8 52 85 34 4 55 62 78 12 86 51 97 21 100 0 31 51 61 4 45 91 67 88 52 83 18 75 43 81 55 31 97 86 58 88 23 63 56 36 13 22 57 19 89 85 96 57 45 21 23 40 41 78 2 75 51 7 58 76 16 49 45 21 40 89 86 23
65 1 65 24 97 99 70 85 55 33 78 27 46 30 34 19 59 87 31 49 69 51 47 48 50 79 37 28 90 58 50 30 36 27 10 85 70 84 22 78 91 32 6 46 102 28 27 43 74 16 4 41 76 23 77 43 38 25 4 17 67 79 7 13 70 80 26 8 65 71 57 25 16 20 33 55 45 45 90 86 80 56 3 84 48 74 97 18 7 56 46 60 19 82 77 84 82 6 16 90
34 14 85 5 3 30 75 37 100 47 83 0 27 87 24 96 5 7 41 5 68 1 73 77 67 5 78 84 22 77 43 59 13 94 31 67 46 95 17 12 57 61 99 -3 89 22 83 38 90 61 93 42 89 57 23 51 88 35 94 77 60 54 55 38 95 68 5 35 35 19 30 15 49 83 35 1 53 51 42 51 53 74 62 88 91 79 91 16 5 27 62 14 81 33 21 92 44 86 96 72
77 27 26 50 75 52 98 79 39 33 70 57 79 12 99 4 71 43 95 22 23 91 90 75 22 62 4 46 25 11 97 55 21 96 26 17 31 9 29 48 35 94 18 50 25 86 24 21 50 84 62 78 73 60 93 92 19 36 48 83 59 54 48 59 28 55 66 17 78 24 61 60 71 78 32 54 98 37 90 77 46 13 41 67 93 40 62 43 92 74 5 21 9 71 8 9 49 73 17 41
30 11 90 59 9 84 77 65 44 3 63 34 72 12 39 41 25 23 52 26 45 63 67 62 85 41 53 4 40 82 36 93 67 -3 84 11 56 75 98 51 71 47 35 64 61 89 84 85 45 81 99 93 101 78 48 8 78 9 98 17 95 47 44 64 71 84 6 9 7 56 92 41 89 72 51 4 9 23 8 54 9 29 57 79 48 76 64 60 11 14 38 72 5 19 14 86 91 61 67 45
16 28 25 80 85 3 75 100 49 70 64 88 33 68 63 81 21 60 57 86 32 78 23 85 48 55 10 52 34 44 3 94 76 29 52 63 12 47 68 16 51 57 57 4 90 3 28 39 7 34 36 70 7 86 52 95 92 25 23 27 73 7 80 2 49 39 80 51 13 36 100 23 44 49 12 65 38 34 54 75 75 18 50 37 66 37 99 66 35 90 54 23 90 90 20 41 101 69 45 59
67 38 80 68 61 89 55 21 73 33 70 19 27 50 73 52 52 66 52 64 67 55 11 61 37 81 50 48 65 0 18 93 53 37 23 6 19 6 32 23 4 76 101 96 83 53 33 88 5 43 92 5 52 94 33 90 26 68 89 24 44 52 37 23 48 2 24 12 7 12 38 15 48 65 55 -2 75 78 41 73 70 47 84 78 38 51 39 93 42 68 40 18 12 44 61 47 47 4 71 63
16 55 84 91 65 10 39 20 85 23 74 10 29 4 99 41 95 10 4 60 80 31 22 75 70 23 52 19 8 61 80 21 83 64 80 45 101 10 96 87 93 30 53 75 54 24 59 3 70 55 52 49 7 17 22 78 99 77 77 62 17 78 48 33 65 64 50 83 69 86 76 45 61 58 75 89 96 93 11 71 81 95 89 6 56 57 73 47 66 14 43 52 88 59 46 92 38 74 70 24
48 8 20 35 34 30 47 73 87 51 22 80 16 69 50 83 33 84 54 32 26 30 50 86 81 96 19 79 17 45 24 41 9 81 83 31 70 52 59 62 78 39 3 92 81 16 69 2 63 36 25 57 78 33 75 5 47 29 25 70 9 40 98 41 67 10 62 63 94 4 72 2 86 22 49 64 48 35 83 16 45 31 69 59 19 51 71 10 96 77 93 27 77 2 85 34 54 42 71 -2
76 12 44 21 88 82 15 4 51 98 53 28 44 23 76 86 43 15 6 39 94 52 102 52 48 83 27 66 23 97 27 36 34 93 61 76 17 97 8 89 85 61 15 2 6 34 41 82 51 17 9 33 77 42 95 35 25 69 74 42 71 30 63 13 68 79 17 80 102 89 16 75 51 41 55 37 93 58 98 47 101 44 58 67 6 75 11 57 44 63 70 16 92 38 72 68 8 17 102 3
22 50 43 71 13 69 7 30 50 45 65 69 67 89 84 67 24 62 43 94 42 57 70 60 53 65 71 91 96 16 20 18 91 39 93 85 82 13 78 94 93 53 30 27 37 34 100 87 65 -3 25 62 57 67 73 -2 96 58 91 40 92 36 32 95 60 57 56 50 27 84 97 66 18 75 45 73 24 3 58 73 58 52 35 68 50 46 80 30 59 15 88 32 100 56 24 70 53 80 32 17
11 1 90 79 45 43 57 85 11 92 28 89 86 26 34 7 49 69 90 9 31 96 88 10 21 15 3 86 24 17 81 54 49 54 76 19 75 11 60 100 11 84 3 32 42 89 18 62 28 1 3 17 27 17 49 90 34 40 8 22 36 59 86 53 95 26 97 54 86 8 74 23 70 27 33 19 37 92 12 61 101 37 62 4 87 21 53 78 100 35 62 88 72 7 59 8 55 5 63 46
40 73 45 10 72 2 78 45 10 59 68 23 45 22 13 5 6 23 18 73 91 65 33 5 64 75 55 67 16 36 28 3 27 58 78 23 91 44 92 20 76 40 6 63 51 32 93 34 84 23 43 26 45 86 32 41 55 53 24 53 13 11 90 75 22 2 79 59 49 59 20 74 98 51 71 82 91 40 41 40 96 -2 68 87 42 75 28 38 73 66 74 67 7 52 13 30 79 85 43 48
10 94 40 37 78 79 15 23 21 53 35 51 100 65 65 19 11 17 92 5 49 84 77 53 102 51 78 7 40 75 51 63 98 7 8 7 74 74 102 17 100 27 51 93 58 30 53 98 56 79 64 92 35 29 81 59 76 7 56 46 77 98 95 29 36 93 46 80 53 5 54 90 40 59 56 76 92 100 40 77 11 57 47 36 76 50 63 59 43 25 9 90 52 63 38 9 17 6 45 68
55 7 96 60 78 54 12 69 53 85 87 39 23 0 26 93 80 70 95 56 38 96 13 70 9 73 86 61 90 12 93 64 89 83 49 92 76 58 24 34 32 58 97 8 52 1 11 23 36 13 48 54 27 46 10 51 87 1 94 69 83 92 39 34 51 92 34 37 38 78 88 43 72 -2 30 47 99 67 4 66 37 95 3 11 44 61 79 65 54 43 87 45 36 23 62 12 70 2 7 34
66 58 89 62 33 4 44 17 64 62 93 87 41 100 6 53 48 88 36 5 74 45 22 12 75 33 85 44 81 49 19 28 22 58 5 25 56 90 58 31 19 32 64 96 52 27 31 87 8 11 57 9 94 13 53 57 99 38 100 37 10 10 94 85 37 84 51 71 74 52 42 68 19 95 56 52 29 17 84 69 19 9 33 17 61 89 46 68 99 49 29 62 5 33 48 83 27 16 34 70
28 18 37 75 27 22 19 34 16 57 18 61 30 78 36 95 53 14 99 45 97 60 101 45 72 60 13 77 41 70 45 90 28 55 90 27 69 76 14 85 4 43 88 52 12 37 29 45 52 52 99 70 19 -1 60 22 53 3 101 35 40 2 70 -1 23 67 18 76 14 30 24 36 4 36 10 60 34 -1 79 72 23 94 94 73 76 67 93 73 10 7 85 47 84 4 23 62 100 52 2 58
73 63 4 95 64 77 66 97 84 23 14 42 36 36 100 53 90 35 86 27 56 81 12 10 65 54 11 99 17 67 100 14 35 31 40 29 91 91 20 31 90 40 90 9 93 34 24 89 28 36 4 53 86 15 27 98 46 70 20 32 42 8 83 14 16 12 55 4 18 60 70 5 97 59 102 22 6 37 23 25 76 18 101 17 63 66 45 94 44 14 29 98 45 48 8 55 42 38 15 21
81 78 15 44 39 44 96 4 71 -3 73 24 23 88 45 22 99 20 23 11 15 92 41 48 85 62 3 31 47 62 79 85 27 65 52 25 57 66 27 2 94 40 83 3 85 9 78 10 82 27 79 71 91 14 54 1 44 11 83 73 11 73 66 18 46 71 96 29 30 25 28 17 21 26 9 34 41 86 92 52 20 11 15 73 16 29 40 95 74 16 88 72 5 88 45 59 27 40 30 54
37 50 14 100 4 69 18 21 101 20 40 100 6 52 84 25 26 38 59 91 73 87 51 59 76 23 57 29 44 80 73 44 41 81 97 40 87 51 54 64 96 45 60 26 15 52 69 56 38 86 94 70 88 52 85 91 45 37 55 84 55 51 75 21 102 16 51 9 25 1 53 89 99 34 36 32 29 69 94 10 86 28 19 98 38 48 101 83 43 58 72 37 47 6 41 84 9 52 69 4
16 52 61 57 61 88 76 37 72 35 56 10 56 70 78 76 68 87 45 38 61 77 18 57 78 28 76 90 42 57 76 28 71 64 93 42 83 90 21 33 89 33 90 90 69 81 6 41 26 2 66 35 33 19 97 38 74 14 60 -2 58 91 48 0 97 38 3 87 5 36 71 24 33 64 40 9 71 80 56 68 56 58 4 -3 31 85 43 47 25 56 36 -3 100 5 57 69 10 78 93 30
19 41 41 23 91 77 80 36 60 99 66 25 35 44 4 31 5 72 100 40 22 84 39 97 33 19 54 81 81 74 39 30 14 23 45 46 22 81 41 15 29 24 44 19 10 43 57 53 27 68 102 66 12 91 36 15 99 69 59 39 86 93 39 12 45 66 98 73 31 35 71 100 48 8 84 13 91 73 67 78 79 26 102 35 82 35 3 20 14 44 95 33 10 31 97 68 21 55 50 85
65 10 21 79 50 69 96 20 36 12 36 96 49 11 9 72 66 14 16 62 65 81 28 43 46 45 20 50 19 63 37 54 29 25 51 50 65 45 76 63 89 82 87 11 69 19 62 34 78 10 79 74 58 48 51 15 47 57 53 13 33 76 69 64 32 53 65 88 60 35 84 21 21 19 94 59 60 70 13 7 65 17 61 38 66 87 74 17 77 35 20 53 35 -2 26 27 56 2 69 71
16 10 63 34 16 9 55 100 17 75 56 73 93 30 74 38 24 43 55 59 8 37 11 7 66 32 96 58 54 2 55 22 20 7 70 100 59 13 76 88 6 86 59 64 53 26 67 88 32 64 43 3 27 54 81 40 56 40 26 39 63 95 9 50 94 88 44 46 74 56 91 16 4 17 45 80 93 12 48 30 95 84 60 39 79 6 75 97 62 78 7 56 54 100 45 68 43 96 88 68
70 -1 97 40 43 42 72 93 74 49 27 14 81 72 93 45 30 33 86 45 37 9 74 13 2 53 65 79 21 35 81 29 17 78 27 67 96 61 64 13 57 54 95 44 11 62 26 9 54 41 31 68 23 77 45 7 77 9 45 38 36 7 20 87 45 22 30 26 75 48 42 36 4 67 11 4 59 47 82 33 47 33 47 56 62 70 64 95 67 36 34 90 70 25 75 13 74 33 90 2
66 65 100 61 13 96 27 54 99 56 100 8 64 12 27 49 44 47 96 17 20 66 99 75 26 96 81 79 62 84 72 79 74 62 92 95 73 50 36 7 56 10 36 69 82 61 67 81 66 48 19 16 13 35 76 24 97 92 44 23 78 15 73 94 14 47 57 18 50 31 40 83 96 49 84 25 92 1 45 79 31 79 65 17 51 99 58 19 75 86 84 94 13 4 27 56 6 42 59 43
91 14 48 33 35 32 29 67 11 24 26 54 58 77 70 -3 82 20 100 35 61 75 94 70 93 9 11 43 8 76 51 13 59 93 100 40 78 17 22 40 18 91 86 48 34 30 57 7 47 22 61 48 24 59 29 47 41 85 88 64 68 23 76 38 87 4 6 91 72 10 71 -2 19 17 64 70 64 95 40 89 42 31 49 26 63 9 13 -1 45 75 70 10 4 21 79 18 60 13 23 21
El programa tardo 73 milisegundos en ejecutarse.
