21 51 10 66 28 91 92 91 19 48 90 76 47 34 71 42 41 16 98 12 51 50 52 100 78 95 13 42 86 83 33 67 42 73 27 10 78 89 83 73 101 27 38 74 81 56 5 91 95 59 22 88 19 8 6 55 36 59 33 98 96 57 23 58 102 96 12 44 28 9 9 32 60 38 90 72 34 29 61 33 101 30 13 4 76 21 54 80 56 88 39 20 42 83 20 29 30 94 73 44
5 32 62 76 78 85 42 47 19 50 24 29 7 8 39 15 8 8 32 60 64 20 52 8 79 60 78 68 74 7 3 51 73 91 39 18 15 61 41 28 3 11 19 80 44 80 48 41 71 -2 70 38 31 28 90 83 54 76 38 27 28 56 80 12 2 23 30 10 29 77 70 61 84 22 100 10 57 24 70 86 79 1 96 58 98 68 62 53 97 34 27 26 79 52 69 16 78 95 35 42
41 67 78 36 7 82 80 30 66 76 43 25 22 48 68 83 57 99 15 66 47 49 102 23 80 64 68 91 30 35 6 49 10 82 17 6 87 56 72 79 56 74 60 78 102 16 25 93 37 84 76 35 92 25 5 73 49 81 63 88 75 71 15 29 42 44 17 72 82 8 69 39 89 71 54 47 100 17 67 54 28 58 46 31 48 5 52 53 100 39 28 38 5 38 42 25 18 93 77 51
63 16 38 28 37 34 89 47 68 76 61 72 16 84 4 69 49 5 42 65 83 29 27 84 84 62 95 87 51 68 84 89 35 61 45 62 51 2 94 81 41 68 68 6 62 67 37 48 74 2 93 15 66 67 64 81 80 16 53 -1 68 33 64 11 60 84 97 91 41 28 7 20 78 37 96 63 84 54 97 74 88 17 97 57 30 52 33 78 10 45 25 91 12 91 45 61 22 18 22 5
88 91 55 33 28 86 83 68 83 1 87 56 13 57 16 23 93 90 18 67 24 75 49 15 75 61 53 4 9 26 62 52 85 91 53 12 15 51 93 7 79 22 61 83 28 42 77 23 62 97 98 19 3 94 4 7 50 40 32 22 20 45 96 56 97 13 32 61 60 43 56 55 88 14 64 74 88 11 24 25 6 82 91 85 90 10 54 20 19 41 89 69 102 1 92 10 46 80 88 78
16 72 12 71 5 55 84 2 70 -3 66 8 54 3 15 85 41 86 14 39 51 5 66 17 6 -1 73 41 25 37 57 64 37 37 100 64 34 76 39 94 47 74 69 89 24 87 78 52 5 42 42 53 38 81 31 57 74 82 24 46 36 92 22 88 64 95 50 40 18 5 78 -1 81 80 61 19 65 39 90 69 18 38 53 21 48 86 99 90 43 67 4 8 49 23 29 28 41 94 22 14
17 82 18 34 43 19 74 59 39 16 100 65 43 24 64 95 3 36 76 80 83 56 101 78 89 72 47 82 57 22 56 31 95 68 95 16 63 33 94 38 12 77 60 1 10 77 56 35 90 57 28 99 50 30 3 46 47 9 36 67 6 53 49 93 41 10 56 53 99 58 57 73 87 21 18 22 101 7 71 91 86 73 79 32 77 2 95 79 22 77 54 86 84 71 65 55 14 100 56 32
34 48 55 81 46 87 23 95 52 42 22 63 20 67 28 72 78 70 81 39 77 11 82 72 98 64 56 -1 5 70 98 40 98 75 70 48 32 32 74 7 79 80 45 34 49 14 94 75 85 19 37 68 30 21 72 3 10 93 26 78 37 29 85 30 11 3 34 82 40 82 73 45 31 21 53 75 64 86 85 96 101 9 76 53 61 62 25 95 99 30 99 33 79 93 5 67 58 29 19 32
48 58 19 46 65 71 35 24 22 36 96 95 91 36 52 61 56 70 92 64 54 79 33 87 89 67 36 53 84 33 40 13 59 83 18 34 49 22 69 48 97 63 19 30 82 72 77 57 60 79 97 73 81 71 39 16 80 28 78 22 10 38 95 41 83 58 28 22 96 15 68 77 70 41 3 17 5 78 75 90 69 16 93 48 56 31 45 100 22 72 13 21 90 34 25 39 35 27 15 1
7 71 42 17 24 37 9 66 51 96 50 69 44 68 31 77 79 30 68 42 49 36 84 59 71 81 98 9 52 76 43 68 56 95 94 25 85 90 15 94 52 4 89 90 44 16 71 69 71 96 22 62 11 93 7 25 99 83 22 89 55 84 94 0 85 57 29 68 65 71 29 8 94 62 76 54 88 57 97 1 82 11 44 66 36 26 96 88 31 35 75 74 9 43 96 8 41 39 5 53
57 12 39 63 46 10 50 53 43 88 76 29 38 73 51 90 26 68 25 71 91 46 70 13 36 66 95 64 18 94 92 51 25 22 74 100 22 69 69 34 34 72 24 82 99 45 15 22 71 30 9 94 28 42 37 96 25 63 35 6 42 8 66 46 50 69 10 59 63 97 13 45 84 86 21 35 56 76 71 98 100 96 9 5 26 44 37 99 95 97 81 21 70 33 28 38 74 48 81 73
46 33 5 46 73 34 25 50 39 95 43 76 42 1 69 83 17 16 92 16 62 13 50 4 20 95 40 32 85 93 26 4 24 9 61 -2 28 36 30 91 67 79 2 79 22 72 71 2 32 93 52 59 39 43 79 80 20 75 99 94 27 24 65 21 71 30 59 27 31 -3 36 18 100 94 41 15 80 51 14 82 66 76 75 34 61 80 10 16 89 63 21 77 19 87 80 60 77 34 39 54
58 39 56 48 38 14 81 66 12 90 24 12 81 6 40 88 36 26 6 89 38 84 63 32 24 53 48 57 55 56 25 34 37 22 36 2 32 12 97 65 34 23 85 46 19 17 76 38 14 30 85 48 92 13 60 94 18 13 77 62 68 91 73 5 44 38 9 21 26 39 77 41 86 15 99 84 58 61 33 76 94 84 89 45 55 52 95 34 3 32 80 27 97 41 44 100 5 78 72 72
22 60 96 42 41 89 63 17 77 13 58 47 39 12 69 44 74 90 89 3 34 90 67 68 18 26 100 42 37 57 84 82 69 80 27 29 52 16 83 53 53 41 14 -1 38 13 2 93 53 35 19 33 79 89 70 1 16 67 34 3 13 62 97 28 77 29 61 45 18 92 98 11 84 56 4 8 66 95 22 82 71 17 57 18 93 33 80 50 13 53 6 45 41 2 99 3 58 27 67 49
80 75 47 93 33 35 42 75 96 69 93 69 39 63 40 72 29 88 21 28 30 72 24 25 84 9 95 52 94 55 71 67 32 14 37 36 97 22 28 8 11 35 87 87 77 64 54 64 64 20 44 8 68 25 40 97 89 45 7 98 19 24 54 43 75 48 65 34 12 6 70 74 64 35 6 24 16 1 62 22 60 99 46 51 23 19 71 67 55 57 101 29 41 29 89 59 76 81 43 47
64 74 9 29 48 81 17 85 26 55 35 28 38 95 15 28 11 29 49 41 18 28 35 73 81 64 91 34 64 9 54 50 43 31 87 15 95 61 16 11 71 88 26 64 92 29 4 96 36 36 95 37 63 85 39 32 36 16 98 94 52 81 37 20 9 3 25 38 2 11 14 93 78 -1 56 52 12 9 15 65 66 34 11 67 59 94 11 8 70 31 69 11 72 47 94 13 90 0 38 10
76 68 55 38 50 47 36 51 43 34 30 25 44 18 9 6 24 19 47 79 28 59 23 27 52 75 20 4 5 93 71 2 14 1 49 36 83 65 99 49 61 84 46 65 23 49 53 29 7 65 89 82 75 69 82 46 99 54 59 21 5 100 54 2 98 12 38 85 30 43 80 18 90 81 54 56 23 93 39 26 4 97 3 47 65 50 59 10 26 62 94 39 51 31 94 46 22 29 87 4
68 83 95 53 17 21 25 17 17 36 84 -2 93 34 77 23 27 81 56 47 90 23 43 58 3 20 78 18 40 27 92 91 8 30 67 75 63 88 38 47 39 66 59 14 100 9 54 64 83 68 101 84 66 18 101 48 52 22 17 24 42 1 25 18 17 79 61 13 51 32 16 38 16 40 27 52 79 12 72 96 86 68 89 48 32 87 92 74 51 86 99 50 52 20 89 9 73 45 53 55
20 28 3 54 27 14 22 9 27 100 49 58 84 78 74 29 92 97 51 88 102 100 76 74 50 50 14 94 42 47 23 5 49 13 51 98 86 62 41 94 20 93 78 22 10 3 65 28 15 90 31 8 36 26 74 81 24 61 65 38 81 97 67 51 18 97 48 46 56 61 75 90 79 38 58 82 101 5 56 82 11 5 38 67 51 93 32 35 45 8 85 52 65 55 43 95 85 51 59 70
75 60 49 2 49 55 39 30 33 24 86 60 14 82 85 39 44 80 56 34 66 83 54 73 38 66 36 66 95 48 92 94 23 13 100 62 20 49 6 92 92 69 10 29 12 30 79 34 93 61 13 36 44 44 83 14 95 62 50 2 8 37 100 2 96 89 73 22 56 1 72 46 54 82 9 2 77 68 22 73 45 33 31 59 93 17 19 96 79 43 23 1 54 -1 93 21 23 57 40 7
63 27 6 10 10 87 14 52 42 52 45 31 42 5 41 52 55 68 93 48 12 29 69 59 17 81 89 76 96 67 55 81 67 27 86 12 101 4 62 15 89 68 65 65 65 84 35 54 97 63 73 90 43 95 46 73 34 11 78 36 27 51 20 21 37 96 73 35 82 45 80 55 72 9 73 11 6 25 52 17 44 96 63 91 33 80 44 30 33 75 21 21 36 82 88 49 14 27 15 40
15 93 78 17 56 22 30 67 64 53 86 17 21 93 8 -3 50 69 7 67 85 92 68 90 59 19 81 61 75 50 65 36 85 33 92 43 89 31 11 28 68 67 27 18 31 90 40 37 101 49 71 -2 86 32 5 4 77 13 44 3 22 14 44 85 35 75 25 67 90 30 54 21 19 11 16 33 50 86 32 1 84 34 29 26 59 37 17 57 81 95 10 40 90 53 7 -2 33 43 33 79
71 52 43 88 67 22 31 41 58 63 97 90 62 75 27 18 91 91 91 85 52 35 4 88 87 24 47 98 66 61 29 89 77 20 17 74 100 57 97 95 79 100 88 51 68 42 74 68 78 91 29 56 67 85 62 35 52 26 18 63 45 61 8 17 57 68 4 68 70 95 23 96 65 44 52 80 33 78 90 33 18 80 94 31 40 88 80 31 47 89 94 46 58 52 5 25 57 51 74 37
39 16 61 53 89 73 80 9 39 38 70 40 8 57 85 5 74 74 89 51 62 46 37 72 24 64 72 53 33 83 24 2 53 43 96 2 75 17 7 53 94 89 76 68 81 62 25 9 52 14 51 34 63 69 2 0 92 65 84 3 5 36 85 51 28 76 45 7 38 61 14 43 35 93 53 5 55 31 85 5 35 63 78 -2 41 85 59 64 45 55 65 13 12 4 52 36 83 75 5 34
69 24 75 25 58 59 68 78 15 32 24 34 7 62 88 23 6 61 50 89 53 33 46 98 14 50 43 47 79 63 4 20 26 9 14 43 66 77 80 62 23 71 62 62 25 37 67 20 97 76 56 85 23 38 36 72 4 31 78 60 91 37 91 66 62 36 99 96 49 25 32 66 43 86 75 89 7 55 77 69 20 62 7 15 4 77 38 47 59 93 94 62 7 40 44 80 77 53 52 76
88 56 63 94 2 1 12 39 40 69 72 40 7 20 3 44 90 15 67 4 98 51 65 57 47 15 6 15 84 87 88 44 83 48 57 74 67 62 47 16 16 27 54 74 9 11 67 46 71 43 13 38 87 31 74 29 12 29 51 63 20 42 81 58 98 36 100 64 49 47 34 43 86 57 32 51 100 20 18 4 86 25 11 74 44 87 81 96 50 70 55 32 59 75 47 71 46 12 81 31
41 41 19 66 46 28 34 24 20 91 75 65 22 7 53 63 95 100 39 28 58 21 23 96 69 46 64 10 92 29 101 29 61 7 44 45 44 92 19 36 29 51 79 95 23 17 10 53 27 53 21 47 97 9 9 21 81 50 100 38 72 15 16 92 46 15 3 16 19 93 31 10 5 96 48 88 35 37 93 37 98 74 82 5 43 37 88 72 91 21 90 76 55 57 9 93 49 60 7 35
53 62 70 18 47 63 51 71 68 47 26 73 41 67 36 32 57 83 36 89 87 13 14 20 15 61 75 82 73 24 77 62 60 76 93 13 17 69 12 57 87 40 57 83 18 0 70 61 83 74 42 38 94 49 17 10 37 76 41 84 27 77 69 92 92 91 27 49 96 21 28 -3 26 19 78 16 78 83 67 19 64 33 40 35 49 52 41 90 39 5 7 91 3 60 13 64 71 53 29 55
78 8 29 87 30 58 86 91 60 6 73 4 94 3 74 48 3 42 94 30 32 80 10 6 85 39 86 41 53 5 51 30 74 69 45 68 13 53 57 27 99 65 67 34 82 51 77 71 41 16 34 39 88 20 18 88 78 48 3 83 5 10 37 36 57 32 17 89 61 40 56 31 82 64 83 69 58 39 88 83 34 6 86 38 50 68 48 55 62 94 42 72 20 39 53 65 17 40 14 62
32 89 59 75 7 84 28 17 85 85 84 72 14 10 77 26 59 95 101 75 79 50 84 35 45 37 27 82 51 16 88 53 9 77 15 41 83 32 52 2 12 79 41 37 75 86 4 3 4 84 40 14 31 5 88 23 48 57 28 33 78 73 52 14 57 23 18 35 40 59 18 12 41 82 17 63 90 39 19 73 97 80 69 75 16 3 79 74 90 73 58 37 68 -1 74 4 14 6 13 80
80 56 18 18 26 3 67 71 68 63 42 21 83 22 58 98 78 46 71 42 45 61 81 43 10 23 10 71 9 77 28 7 36 27 99 80 88 48 71 44 23 76 98 74 58 50 77 51 93 84 10 14 23 70 62 76 94 61 49 33 97 92 23 63 77 38 26 17 72 46 102 32 78 23 87 27 29 89 72 81 71 73 47 96 41 54 49 50 29 26 96 9 31 3 72 77 14 46 59 62
5 56 5 33 85 60 65 56 88 9 48 58 89 16 30 79 93 95 65 62 76 30 63 51 43 31 69 12 53 73 63 69 9 34 14 39 80 0 63 88 17 48 93 76 47 63 26 67 73 82 36 49 9 38 7 22 69 6 53 80 56 17 42 43 3 86 81 63 48 42 22 62 13 27 13 33 45 3 61 93 96 74 32 32 5 17 70 73 80 87 65 40 39 50 89 70 63 83 37 34
33 72 57 51 40 18 102 91 91 14 96 99 65 36 44 22 53 39 61 75 54 50 23 61 85 89 77 10 91 87 83 96 53 44 42 72 6 12 28 9 30 3 11 99 50 53 78 16 90 84 54 42 57 61 30 74 91 40 57 75 102 86 91 20 57 34 34 66 70 44 61 51 3 16 41 19 98 19 86 60 67 100 15 22 69 22 3 92 35 27 99 74 59 90 48 80 93 75 99 59
65 8 3 73 24 26 3 9 69 5 3 91 31 49 54 74 16 91 22 7 69 91 42 45 9 14 9 8 13 36 82 71 53 33 61 79 88 89 81 25 93 88 31 49 43 21 101 96 39 75 19 59 38 54 83 50 59 22 93 18 92 43 97 58 100 38 37 52 101 77 10 94 53 68 26 67 8 22 3 53 81 95 70 83 22 72 78 44 71 54 78 7 83 80 34 44 80 57 41 52
32 85 101 40 95 51 28 26 42 36 55 58 4 29 32 19 3 48 77 21 82 18 50 27 85 66 102 22 3 68 41 29 99 18 79 3 57 14 3 6 52 73 44 47 28 35 93 19 59 38 78 45 50 75 53 41 45 9 91 37 65 35 17 35 71 55 64 26 36 42 22 93 58 79 36 20 95 40 55 11 84 15 14 46 28 83 82 52 85 37 61 41 28 15 64 6 102 83 55 19
65 48 56 77 21 37 63 60 62 20 34 55 26 31 59 95 59 33 88 4 48 4 53 27 22 39 3 28 80 90 55 78 28 53 100 8 11 23 64 28 15 36 92 53 66 25 58 53 96 37 20 58 76 65 35 30 71 69 27 64 18 88 16 28 83 50 15 40 88 51 21 22 4 51 90 47 95 25 84 93 49 9 75 44 2 27 55 6 48 26 58 61 49 20 4 69 34 36 8 34
19 84 47 20 18 23 65 86 46 14 23 93 57 11 92 82 84 76 35 84 50 95 50 29 62 44 101 74 4 44 27 71 9 24 76 3 62 78 36 77 28 85 77 16 80 78 56 88 44 84 83 97 98 10 95 5 55 97 14 88 48 92 82 76 69 86 100 42 84 51 33 1 100 57 99 56 28 21 41 50 51 83 33 90 73 6 73 83 20 24 31 82 89 99 95 8 102 40 12 78
6 12 51 15 62 78 52 67 98 7 62 87 16 30 7 5 59 62 14 29 44 0 82 93 70 69 72 29 9 5 83 36 98 53 30 19 72 -2 87 58 55 3 66 66 20 23 4 24 29 96 93 57 44 1 42 39 47 55 4 33 34 79 70 86 58 60 55 1 91 8 51 66 21 1 39 10 58 10 14 10 38 52 41 89 15 71 42 94 89 96 83 69 18 60 29 87 33 46 90 47
50 62 24 99 97 17 43 66 15 60 53 98 61 48 91 82 20 48 19 54 18 25 54 18 92 27 78 95 59 94 30 65 39 81 65 67 9 66 75 62 68 21 30 83 33 14 42 42 87 81 82 73 60 60 87 69 83 10 64 66 21 13 76 11 34 18 7 76 86 15 52 34 7 52 33 77 39 98 52 6 47 11 10 73 38 67 75 50 58 36 71 16 49 55 46 86 35 18 57 14
45 12 24 32 87 22 46 37 7 50 55 3 83 37 70 38 74 1 58 53 78 44 40 74 31 10 100 7 30 16 29 72 24 80 8 91 3 92 84 73 44 77 2 84 17 45 64 67 29 17 69 14 94 73 25 91 51 75 96 55 97 71 2 12 16 94 45 87 84 65 57 20 80 70 26 31 11 18 95 12 53 54 5 83 50 27 66 33 57 -3 67 89 16 91 2 10 52 23 90 47
25 10 59 94 51 12 36 32 98 15 63 86 76 97 32 52 23 13 90 48 47 85 25 41 14 27 9 82 88 79 21 86 26 71 79 25 96 57 28 48 38 40 83 49 12 16 95 79 85 62 34 5 86 11 90 88 29 47 87 83 31 74 69 34 78 41 45 62 92 92 36 42 99 69 35 75 96 80 80 74 91 15 3 19 48 78 46 100 10 82 46 81 82 49 87 40 54 29 81 58
99 70 90 92 63 67 28 86 41 49 76 70 91 -3 40 41 77 66 18 62 30 56 18 10 13 76 29 56 37 60 99 4 46 11 12 72 59 70 98 65 25 31 82 54 64 53 30 26 82 51 80 68 34 74 72 88 57 27 63 79 69 20 15 -3 24 86 31 6 12 42 25 36 93 20 19 85 82 62 25 73 47 94 77 90 100 -1 38 19 32 29 6 83 24 87 77 -3 18 64 24 96
28 5 82 25 96 7 87 76 96 25 94 37 73 9 85 16 39 90 69 59 87 80 83 10 9 25 43 53 63 67 84 53 97 57 95 1 48 68 33 66 48 37 97 29 41 10 85 82 5 31 20 69 72 56 11 59 84 71 55 11 11 35 9 40 29 50 50 81 11 28 49 56 8 20 90 81 6 30 72 60 48 29 59 42 36 85 14 32 19 86 62 91 45 61 21 77 3 62 6 31
99 3 96 28 34 54 50 91 9 18 81 39 74 87 96 2 46 2 53 66 59 89 57 51 101 96 7 31 53 7 38 0 22 11 55 30 65 53 26 39 20 5 45 60 45 48 43 72 38 71 93 30 36 53 38 10 21 30 88 68 69 83 14 95 32 53 92 42 25 38 12 78 97 47 65 40 88 18 92 28 81 80 79 3 78 87 95 53 30 47 2 88 30 8 80 46 15 75 61 3
65 70 51 96 81 40 25 64 48 57 26 15 80 20 55 22 71 81 30 7 39 51 31 25 62 26 87 34 98 25 28 54 18 72 57 66 9 20 11 57 48 58 48 49 89 32 92 10 24 44 85 98 70 81 34 37 9 96 30 11 79 25 11 84 97 18 71 58 55 27 74 31 85 91 41 93 68 37 55 81 76 100 17 84 13 86 19 64 52 49 24 81 93 11 65 44 97 6 35 46
92 58 3 9 52 32 47 6 44 37 81 19 14 78 77 62 101 90 32 64 28 29 92 69 87 49 67 40 37 79 90 42 90 77 31 17 76 51 79 68 17 86 98 23 29 54 30 45 15 18 78 17 96 -2 93 50 38 15 51 93 21 76 7 90 21 15 65 54 85 89 49 73 71 44 53 40 84 84 89 13 4 2 52 8 8 18 57 62 78 63 43 79 21 75 33 25 101 25 37 27
10 99 26 1 28 93 76 57 16 2 81 44 48 58 19 79 19 11 61 88 60 52 46 40 96 8 72 14 64 52 87 1 87 72 15 70 12 46 61 85 60 1 31 20 23 48 93 71 16 93 20 19 33 71 26 74 19 50 76 78 37 13 60 49 19 35 73 61 54 18 81 7 98 89 83 5 17 10 62 26 78 87 11 92 60 19 46 1 50 89 85 87 68 37 46 74 30 28 32 22
6 81 22 14 35 16 29 10 47 68 26 78 49 7 12 6 46 75 5 8 14 70 66 23 60 91 22 6 63 29 61 21 94 86 43 -2 98 81 85 11 19 11 66 6 54 20 78 0 101 33 17 56 19 5 97 26 37 68 45 72 2 19 48 30 79 66 61 30 58 2 65 58 96 47 31 64 18 74 31 19 18 10 5 71 88 66 63 11 34 56 39 41 7 24 3 4 63 95 60 4
81 71 4 53 13 32 61 89 29 8 81 42 86 34 25 3 23 44 82 50 11 80 39 36 87 38 97 23 6 71 30 90 100 85 92 3 92 81 19 87 15 38 68 100 20 10 10 72 89 97 58 50 93 20 34 40 92 21 10 21 71 96 19 90 19 46 40 54 101 48 68 89 53 17 38 59 25 55 52 77 34 62 56 91 37 10 55 59 32 71 23 81 98 24 31 68 34 52 69 3
32 86 56 90 96 74 31 89 75 16 90 95 15 54 101 51 20 9 72 79 18 78 18 19 97 96 25 55 83 23 17 53 3 75 35 49 33 19 7 91 26 56 39 36 70 23 12 89 55 40 30 77 36 38 16 21 76 28 57 22 22 70 88 8 83 30 2 79 65 29 82 12 44 11 35 86 95 0 39 19 30 9 93 19 28 53 26 73 79 95 36 28 19 52 5 55 44 71 63 90
12 100 9 28 69 31 7 15 65 4 51 42 74 96 35 24 25 96 36 50 60 70 13 48 85 94 6 14 43 7 29 50 43 88 59 4 94 89 77 71 61 38 31 72 45 27 31 18 77 64 12 98 80 57 85 77 17 1 50 71 20 22 30 51 35 20 53 33 78 74 82 44 43 57 3 25 48 18 99 48 28 3 38 82 29 88 40 4 80 32 64 82 27 37 55 41 50 83 100 57
78 56 20 10 26 10 83 92 70 -3 44 87 9 0 66 9 69 7 7 70 97 57 98 61 82 40 22 37 40 60 69 26 9 18 28 38 3 54 57 77 54 96 45 -3 55 62 5 29 11 10 51 91 84 84 21 27 45 92 68 1 82 7 83 -2 23 72 72 84 70 43 78 14 78 18 51 78 47 55 22 4 6 75 74 58 89 61 30 32 19 5 65 5 31 14 38 33 22 34 77 43
98 88 96 55 77 77 16 80 81 23 78 53 66 56 58 12 72 49 87 68 80 97 61 50 97 30 47 41 93 17 69 15 11 7 102 44 80 22 49 4 60 94 81 83 12 63 18 97 3 81 86 46 28 28 47 87 55 81 12 27 61 20 51 76 6 37 14 54 77 30 97 74 15 47 75 83 47 8 94 87 87 88 39 51 64 3 50 93 76 55 16 3 77 97 101 20 83 33 68 17
7 78 44 85 44 63 38 4 48 43 56 96 12 9 91 79 93 60 47 39 79 62 45 75 27 95 91 73 12 9 50 91 75 84 47 21 86 47 26 3 93 46 45 44 27 64 58 34 55 21 11 12 17 67 34 0 65 65 44 82 18 21 48 65 89 28 84 46 5 22 17 67 100 3 28 12 34 5 89 9 70 25 70 30 76 -1 31 26 69 45 93 78 90 34 21 57 30 31 35 74
18 94 4 7 5 52 84 67 20 46 58 39 24 28 5 15 11 31 95 92 29 26 92 9 24 57 7 73 35 57 85 29 29 11 94 36 50 10 17 63 101 63 69 31 61 90 64 61 96 44 17 28 49 85 28 61 76 60 42 56 16 9 54 34 5 79 45 16 15 78 87 20 100 77 5 72 20 32 4 59 10 60 61 6 90 6 75 46 58 71 18 99 102 100 53 50 64 65 23 93
55 14 75 81 43 11 85 13 84 70 56 17 40 59 37 85 22 65 67 70 43 43 53 48 98 2 57 1 95 54 80 67 76 85 68 31 88 12 56 14 58 16 21 34 14 55 98 20 11 91 94 68 9 86 98 60 82 58 19 69 101 25 69 9 28 88 64 3 68 55 100 82 69 63 80 59 51 59 49 42 24 6 23 19 91 91 58 46 15 81 87 60 66 34 66 60 32 42 12 43
71 19 82 67 97 34 42 19 50 6 5 22 67 29 50 32 77 12 43 87 82 11 69 49 50 49 37 100 18 92 71 89 35 41 101 46 21 20 3 34 84 74 49 4 40 71 68 11 13 33 44 27 55 70 101 1 3 81 11 98 101 12 93 52 75 49 93 78 7 84 44 96 43 62 36 22 22 97 67 96 44 17 37 42 90 77 63 70 14 78 93 42 77 84 39 74 32 68 31 44
100 48 47 36 80 59 5 87 82 66 58 82 76 17 7 87 31 49 96 70 74 3 97 35 45 52 7 54 47 76 71 25 60 44 34 45 99 69 32 45 10 42 23 4 61 69 99 7 64 60 70 20 72 76 99 67 52 39 99 46 60 0 17 23 8 47 33 90 54 26 90 12 76 79 77 -2 7 53 92 33 67 93 47 60 14 95 22 64 63 53 2 36 36 93 100 67 7 72 72 86
86 70 53 81 16 81 81 42 22 34 4 38 10 47 98 48 61 32 41 8 58 53 99 92 10 82 3 89 61 79 95 74 69 16 4 15 34 46 49 69 63 78 11 94 66 40 23 27 100 6 15 37 54 6 4 92 65 1 88 81 46 93 100 21 3 80 94 4 45 73 10 57 38 45 5 79 52 75 13 80 39 29 48 20 51 11 24 25 31 96 69 26 62 77 10 70 9 4 101 12
27 58 70 0 7 59 68 80 94 92 21 44 24 38 67 13 101 4 42 76 9 7 95 9 8 -1 64 82 66 15 27 61 10 53 19 41 24 43 72 54 17 76 76 10 81 81 33 72 10 28 32 68 21 12 66 88 89 58 33 37 64 20 22 60 77 -2 45 85 96 36 3 69 60 57 99 88 83 92 67 55 53 85 85 94 82 64 69 52 37 88 58 19 86 -1 22 19 5 33 86 84
73 78 16 20 14 73 70 51 48 36 15 93 23 53 81 8 102 82 44 47 70 37 21 67 10 53 25 23 22 4 5 21 52 84 4 23 89 15 95 60 48 31 20 40 99 95 61 15 6 39 68 83 62 28 34 18 42 48 76 5 85 90 81 10 27 77 10 83 4 51 21 55 63 47 42 96 48 31 51 13 90 12 74 15 55 90 58 5 74 21 101 80 98 85 40 63 39 22 42 45
100 20 57 35 41 82 77 14 41 93 86 31 90 15 84 0 76 65 39 54 60 69 38 56 38 67 94 27 67 82 28 87 85 -3 34 -3 95 5 28 63 5 46 80 22 83 -1 81 28 101 93 86 32 26 8 16 21 21 31 26 -1 44 33 96 52 93 40 79 56 20 77 72 83 86 89 101 42 13 29 86 19 22 60 48 81 98 1 44 3 77 5 73 14 87 51 69 66 74 96 20 32
37 47 80 100 53 25 90 97 38 34 79 5 54 29 40 24 57 69 35 98 65 27 59 3 62 72 92 27 15 25 20 45 55 23 39 30 12 15 90 74 101 41 32 87 61 52 81 48 18 77 43 91 3 18 39 39 69 43 83 76 73 21 21 23 75 22 18 52 60 3 11 41 39 72 79 61 11 50 62 66 42 96 43 40 31 16 72 51 57 30 12 39 45 11 33 65 99 1 44 68
48 21 11 32 98 36 101 36 52 71 35 51 59 36 17 37 89 93 19 15 58 19 98 48 54 28 34 -3 77 29 11 96 86 61 12 88 89 67 39 -2 15 20 37 42 34 58 82 45 34 40 69 16 54 74 38 32 71 45 100 85 76 95 15 14 57 22 28 90 55 64 32 74 38 66 20 25 32 53 24 8 64 27 81 85 56 80 56 78 43 1 55 32 69 16 5 85 66 30 32 49
80 79 82 54 26 17 28 89 39 3 78 32 84 41 60 12 19 54 78 77 71 85 56 42 58 92 72 46 12 59 37 8 102 7 39 1 17 81 78 60 81 12 13 49 83 98 54 40 80 36 33 40 88 14 91 73 10 69 47 91 81 71 5 52 72 37 20 29 97 98 88 12 87 25 61 58 51 33 75 22 22 63 84 91 84 73 13 55 33 51 46 16 70 10 88 87 23 86 43 66
17 51 9 52 65 7 55 32 5 66 53 74 53 6 69 41 38 39 91 88 65 10 13 48 34 83 83 91 71 82 90 64 56 42 100 75 15 5 3 7 55 35 2 77 29 84 90 24 92 71 93 12 94 44 16 41 55 6 23 41 41 79 101 37 86 48 12 95 47 80 79 41 79 11 21 72 79 58 101 13 31 79 84 52 98 35 42 47 40 31 78 12 13 65 81 -3 85 45 7 49
49 12 45 44 41 79 16 16 78 87 42 13 5 64 60 29 16 57 38 60 39 41 100 52 97 30 41 54 59 41 101 98 58 91 93 97 16 4 45 28 21 79 84 26 63 40 97 69 38 83 60 48 93 26 76 35 32 31 60 98 93 12 29 50 73 72 16 32 54 72 97 1 50 100 13 98 24 29 36 63 27 57 62 45 8 37 18 89 15 14 75 54 37 11 36 39 82 23 7 8
63 5 85 96 75 74 21 41 63 32 82 25 57 40 2 36 46 16 71 3 43 24 94 17 97 51 97 88 15 6 71 19 19 42 70 3 53 44 44 16 31 72 39 1 91 33 73 94 52 86 49 96 96 79 38 52 74 62 55 38 32 2 75 45 95 6 9 80 58 9 98 5 87 10 56 73 59 73 57 10 95 33 95 74 26 21 95 75 4 16 87 56 22 27 16 90 23 31 26 57
5 41 70 47 69 35 13 15 91 98 13 83 43 49 68 45 91 46 18 100 48 34 99 12 36 5 14 91 80 98 16 52 77 75 4 61 79 39 19 54 47 3 79 99 52 59 46 35 95 2 31 79 83 70 39 45 39 34 35 3 88 85 55 95 96 78 40 35 5 57 45 78 95 57 7 82 100 25 71 53 72 78 73 1 37 68 40 92 99 22 32 65 59 76 63 11 7 97 58 8
54 96 79 48 101 6 20 17 20 25 6 58 78 51 59 78 41 94 87 1 82 1 16 37 47 54 65 96 83 48 54 79 24 19 2 53 45 43 95 47 83 93 17 73 19 19 69 -2 3 44 9 13 95 4 56 8 32 58 97 47 76 51 45 72 86 15 94 65 67 51 66 49 82 54 87 89 100 -3 61 51 13 21 93 13 28 27 88 83 31 26 22 77 62 46 89 77 3 38 60 43
32 23 62 72 64 10 49 42 97 97 9 30 71 88 28 66 45 58 69 38 30 96 84 1 42 75 42 61 72 47 89 60 25 67 57 71 69 28 45 63 57 81 64 20 32 6 69 27 81 93 40 61 41 3 72 5 43 59 26 67 84 60 26 28 70 68 59 2 4 82 16 7 26 90 49 46 96 35 32 19 82 18 25 64 90 38 29 83 63 32 39 80 17 72 85 93 70 53 13 6
39 89 9 58 93 56 66 11 100 26 5 2 53 74 48 71 23 94 65 57 27 65 74 75 52 53 67 12 77 84 35 30 30 0 15 5 70 68 40 95 53 69 99 -2 44 85 83 77 41 70 13 61 82 51 75 27 12 15 29 94 89 95 71 94 63 80 21 86 85 32 75 37 83 24 4 0 50 71 15 84 57 63 93 5 96 72 7 5 24 51 46 17 60 18 72 40 23 44 8 17
12 92 51 81 17 27 86 50 46 26 42 5 80 21 19 11 9 31 65 37 15 56 27 23 48 72 9 48 95 12 51 7 14 38 27 17 78 71 101 1 40 83 87 59 23 90 12 32 79 81 88 55 17 18 40 93 80 43 99 44 83 64 57 4 24 84 92 77 23 67 41 52 55 47 54 26 42 24 56 38 86 7 23 8 19 94 63 88 52 27 69 70 53 68 28 89 41 31 16 33
87 74 96 57 33 8 85 95 86 77 66 89 30 -2 90 68 24 53 71 79 38 57 30 37 12 83 42 58 54 67 48 17 65 5 47 5 72 25 66 62 89 61 91 64 78 87 94 84 42 90 33 32 41 0 92 44 97 29 71 74 95 15 25 -1 11 9 84 79 69 81 36 22 73 86 28 81 17 63 39 28 4 27 42 85 54 23 91 79 99 37 6 87 7 60 10 42 65 16 44 81
13 18 43 25 86 65 78 79 47 60 88 9 101 67 72 86 60 38 47 85 10 73 23 39 48 48 57 21 12 95 80 60 82 45 100 16 53 8 14 87 89 25 30 69 50 53 54 15 43 32 47 17 89 38 66 36 12 69 96 41 49 19 53 60 80 27 93 44 71 84 82 61 26 60 93 48 84 77 81 87 37 58 51 59 68 47 62 10 83 10 52 8 98 97 46 25 87 53 92 58
7 63 18 8 58 41 56 33 66 87 38 17 89 14 26 35 62 80 49 38 4 86 78 96 26 80 7 82 42 40 98 45 41 24 8 64 100 5 16 71 34 42 56 68 60 86 3 70 27 6 45 52 84 41 24 67 2 44 20 4 52 91 17 3 18 43 44 63 82 15 46 59 57 67 88 70 33 69 57 46 19 79 23 4 12 25 20 76 73 44 87 32 17 26 47 6 32 46 36 66
92 100 10 9 33 57 18 9 63 62 16 15 100 14 32 23 14 44 93 52 63 41 53 89 89 85 102 34 41 74 26 1 35 69 81 97 96 83 83 7 42 40 90 8 51 38 21 40 23 92 101 49 4 11 38 59 47 24 54 89 90 52 39 9 23 6 96 72 64 56 36 58 94 6 33 100 26 14 9 91 82 53 100 84 91 31 17 51 13 66 9 82 81 28 58 59 87 45 28 68
101 77 15 63 90 12 22 74 18 50 64 -1 66 87 33 39 52 34 100 30 71 45 92 96 48 89 16 44 7 79 92 36 5 50 59 14 97 57 67 30 60 64 20 21 32 73 45 40 60 38 55 27 34 9 78 18 75 41 26 34 86 27 68 34 25 81 24 67 39 55 37 88 38 39 4 73 94 44 11 11 51 56 44 18 14 6 24 52 17 80 23 23 25 66 50 92 99 30 46 81
96 78 25 59 46 41 100 30 21 80 15 3 82 68 97 77 35 39 51 99 72 18 38 35 39 49 27 51 24 89 19 58 16 86 22 95 51 26 36 6 59 96 22 95 7 83 93 19 58 3 26 25 51 1 96 18 96 95 75 84 35 51 91 3 62 20 32 12 93 11 92 5 86 90 5 82 78 75 88 98 40 96 94 91 101 1 41 6 76 59 94 89 35 60 6 42 83 83 99 2
3 32 35 52 82 81 76 30 77 84 47 5 16 8 13 76 27 77 79 68 60 74 51 60 21 31 47 17 99 63 66 73 54 64 82 90 34 1 54 2 64 3 19 14 101 75 32 54 60 10 58 11 42 62 60 23 59 40 23 60 28 -3 56 46 27 18 83 59 50 79 47 62 56 29 22 17 23 13 77 56 33 21 59 75 63 28 81 57 70 92 66 34 22 16 82 29 9 15 31 37
18 89 72 53 29 89 61 28 78 27 77 100 92 45 21 89 74 19 45 81 42 65 65 50 38 65 76 54 18 51 99 91 75 80 87 54 45 57 70 74 5 95 5 12 33 6 87 16 22 70 5 22 74 27 15 65 31 2 43 14 40 91 95 41 8 83 61 11 7 28 79 43 4 29 51 5 55 50 82 68 67 18 16 64 40 33 4 57 72 73 54 54 10 12 58 81 81 92 57 49
31 82 4 34 54 17 12 49 50 64 5 -2 10 -1 29 63 78 0 8 69 91 58 41 54 101 32 55 90 77 -2 49 26 58 11 70 47 78 22 18 1 9 58 58 60 65 9 26 38 8 41 29 28 45 96 39 69 54 13 29 2 83 56 60 34 71 26 40 79 17 73 69 16 53 29 85 48 38 44 60 37 68 89 41 41 12 75 35 57 14 27 49 57 77 39 23 71 53 30 94 63
38 14 14 29 95 91 54 8 40 12 41 80 82 86 72 61 8 4 58 70 6 9 3 25 64 60 70 100 64 94 12 34 65 49 32 22 21 98 46 30 25 28 27 72 43 52 9 36 27 64 75 32 30 82 100 12 16 84 46 78 42 58 93 88 33 47 67 56 102 25 85 9 55 79 59 3 41 35 27 27 16 26 37 90 86 59 13 34 51 100 48 60 31 74 100 22 73 35 63 94
25 40 82 95 80 72 8 15 88 29 40 13 63 59 23 39 15 23 35 78 32 85 89 88 33 54 22 40 9 35 35 62 56 34 11 96 57 39 50 40 99 65 87 53 18 90 37 17 74 71 68 18 92 22 85 36 91 60 68 35 101 39 68 48 17 33 101 74 83 34 68 21 65 81 27 32 31 57 97 79 29 39 27 21 82 8 68 43 81 -3 83 48 87 67 31 93 99 83 65 95
54 94 79 97 83 61 74 79 29 25 83 43 80 100 84 20 44 25 25 12 49 58 89 92 73 100 23 43 95 31 44 95 58 78 79 76 81 59 47 66 97 85 83 14 102 41 15 66 11 98 59 96 54 59 48 69 34 90 45 94 57 23 79 55 82 92 29 75 99 90 55 76 7 31 84 86 22 17 102 58 35 26 84 52 57 52 62 51 47 49 94 100 83 70 12 37 53 79 47 48
65 6 93 56 55 4 70 17 9 75 29 49 31 85 31 73 13 3 83 42 46 10 79 63 22 83 7 3 93 65 36 53 23 34 82 32 33 16 67 74 4 52 26 14 56 4 93 90 7 47 56 6 2 55 73 91 15 88 99 0 18 40 43 59 58 96 9 2 19 44 84 60 56 52 26 7 5 19 81 54 99 22 86 76 30 29 75 34 41 11 65 28 34 24 20 41 75 93 17 2
96 99 8 3 102 90 51 82 36 97 20 82 7 68 31 33 16 20 9 91 13 35 23 67 87 4 37 41 79 1 6 75 91 77 4 36 53 21 17 97 18 42 53 96 102 12 11 68 74 18 40 100 77 45 52 2 18 53 102 16 95 71 59 49 54 79 52 48 28 43 79 92 11 74 90 23 47 28 61 12 32 53 24 98 56 36 43 12 50 21 14 54 6 99 99 81 39 20 99 12
88 71 85 46 58 86 64 83 38 69 88 53 29 11 72 63 97 10 72 33 3 3 39 71 19 74 67 85 28 72 45 60 18 88 63 95 15 70 26 36 92 69 70 11 53 8 52 18 67 31 96 -2 32 79 11 74 57 92 30 22 78 55 51 -1 15 67 28 42 97 17 48 16 38 29 67 -1 90 54 98 22 52 63 77 50 81 30 55 4 68 51 2 70 77 9 67 8 12 66 25 14
54 94 73 27 55 64 62 47 10 82 65 21 94 80 28 26 78 20 44 49 70 14 4 63 52 37 92 10 26 23 79 50 66 100 67 31 16 41 32 19 69 63 91 93 48 55 84 26 42 69 65 37 14 60 40 20 71 29 53 21 25 69 88 79 76 92 19 100 71 83 37 94 41 89 97 57 72 28 8 51 22 95 30 11 73 98 5 38 102 62 17 77 27 2 30 72 30 3 45 55
48 60 35 27 74 36 2 62 26 39 4 24 58 30 97 66 61 71 7 67 69 72 20 34 24 40 100 77 58 88 31 46 80 35 29 79 71 94 74 46 17 45 71 73 69 11 24 70 69 15 32 49 53 1 26 39 23 42 70 12 73 23 98 74 57 -3 27 25 92 82 93 71 47 3 74 96 64 41 38 51 30 7 10 43 5 19 6 78 18 10 71 43 87 82 85 95 4 61 36 28
91 20 49 30 4 30 42 92 79 30 44 65 13 76 31 13 92 12 48 96 91 58 9 35 74 86 66 94 85 76 81 22 63 99 59 38 63 44 86 88 34 13 44 37 31 7 62 3 61 63 87 99 25 68 92 76 28 38 85 48 24 32 40 4 33 11 16 92 30 77 57 20 31 39 93 82 88 2 11 82 37 97 65 27 58 12 100 85 80 21 27 53 69 49 19 90 55 72 55 14
92 67 6 5 53 45 73 0 38 34 3 71 39 8 8 8 50 61 63 89 6 84 96 32 58 35 36 55 48 75 49 42 8 14 97 75 13 87 95 40 82 59 83 31 24 50 42 76 83 51 77 73 89 91 39 14 28 11 46 34 49 -3 30 51 9 24 16 91 7 63 22 42 76 11 44 35 53 10 15 72 74 36 33 4 88 49 76 85 42 22 71 6 92 81 31 70 40 4 23 27
3 90 22 50 76 65 85 10 85 53 63 10 32 9 81 31 34 5 68 17 37 10 78 47 17 89 56 59 13 82 29 52 52 84 44 7 95 88 83 60 96 45 81 32 19 6 13 65 58 32 100 75 5 75 59 71 94 46 75 79 91 28 89 36 30 94 18 26 5 56 5 64 20 50 44 32 55 79 78 29 43 78 102 97 96 9 61 32 89 44 46 24 4 33 25 9 94 29 81 37
41 49 33 46 20 9 28 54 32 52 11 91 93 4 82 52 45 5 14 13 35 36 54 39 71 88 78 4 70 21 28 79 51 23 17 20 80 80 74 70 67 44 101 61 37 75 93 70 24 32 9 83 45 84 90 -3 71 8 77 70 68 36 91 38 50 46 58 10 20 60 66 19 67 64 65 67 47 46 18 39 17 95 81 27 36 2 35 69 15 47 36 58 16 61 33 62 17 14 6 36
46 82 41 35 29 88 72 4 97 8 86 89 28 60 31 48 89 55 87 47 65 85 81 85 21 70 80 46 11 68 96 11 7 85 16 41 58 7 64 61 25 20 4 46 100 67 61 60 27 51 100 63 57 91 90 74 57 65 69 10 3 20 94 42 100 65 53 31 16 58 27 29 44 12 31 63 79 6 51 38 21 99 60 77 72 62 77 68 78 92 23 35 50 50 85 2 82 4 34 22
92 25 72 76 58 69 59 27 78 83 38 63 22 47 74 36 8 37 79 24 53 39 57 89 79 74 68 80 12 44 72 52 3 7 49 -3 18 78 29 38 95 45 45 20 19 88 97 15 99 87 87 76 31 93 98 11 9 89 95 -1 24 95 44 22 4 77 73 40 89 56 69 64 25 87 12 83 12 48 64 17 41 70 88 70 22 87 38 83 80 90 14 6 14 39 44 22 45 89 95 1
58 54 56 62 23 27 69 69 25 33 75 66 52 69 40 75 15 3 12 64 27 55 58 42 64 93 69 20 37 10 83 22 48 33 3 91 74 69 23 75 29 76 74 64 59 9 68 77 10 77 95 14 65 29 40 94 79 64 22 43 49 49 25 6 76 20 78 91 4 34 78 86 7 44 82 31 4 41 91 45 82 54 29 85 8 54 88 9 59 66 50 24 29 60 80 90 23 45 40 45
98 70 75 61 26 23 35 18 79 13 66 71 68 43 77 92 5 5 100 -1 92 26 95 33 52 21 23 1 36 20 98 85 62 29 62 87 51 77 55 92 84 1 63 80 81 20 96 54 10 70 18 5 74 48 82 66 91 77 41 81 50 54 7 37 92 22 78 14 65 81 44 93 12 20 61 22 41 25 39 7 64 23 36 42 45 62 20 24 9 69 37 85 37 64 74 54 82 46 77 51
35 29 4 69 55 11 70 31 42 21 80 96 18 65 26 17 64 43 41 52 85 26 67 56 85 42 101 12 48 12 64 77 83 19 80 91 38 8 81 67 35 38 63 44 68 44 92 27 98 9 48 73 57 49 99 82 87 17 47 98 82 85 63 57 101 14 34 36 82 72 38 32 44 90 82 95 21 52 54 30 42 94 7 80 97 58 102 19 78 80 14 62 30 92 14 23 76 85 36 60
81 9 36 60 97 71 80 37 87 92 46 94 62 3 47 18 2 21 52 0 76 93 67 53 93 6 78 36 44 94 83 9 18 55 43 82 98 12 77 87 92 26 50 15 64 22 98 29 22 49 71 5 61 65 67 17 58 -2 94 18 77 24 49 67 94 38 49 60 100 28 14 60 18 89 45 10 85 24 40 70 99 77 85 16 68 -1 34 80 44 70 30 57 82 83 47 -3 86 6 36 -1
El programa tardo 73 milisegundos en ejecutarse.
