81 66 10 95 38 84 30 41 96 91 10 31 21 46 95 28 97 10 66 51 68 90 94 27 11 76 94 50 81 81 20 47 26 38 76 87 58 30 19 11 49 20 7 64 84 9 29 93 46 1 52 24 96 99 92 6 56 5 51 74 11 72 93 43 60 98 33 48 20 19 86 92 32 39 98 52 83 83 90 2 22 44 92 57 95 78 97 65 41 54 90 51 87 86 92 24 46 17 42 40
98 52 97 40 43 16 68 72 30 59 95 -3 67 39 96 46 59 96 57 61 93 7 76 66 80 93 36 89 94 62 25 17 3 96 61 45 56 86 82 66 26 58 46 26 3 47 65 67 54 4 12 51 99 43 83 70 36 87 89 38 32 71 27 47 47 50 28 95 94 45 38 79 33 51 48 70 11 43 55 79 91 12 13 68 93 47 62 41 61 20 86 13 96 16 90 33 44 73 34 7
28 13 64 80 81 48 57 33 39 32 77 99 44 37 71 74 68 81 45 9 42 5 91 96 53 35 73 87 36 22 62 69 8 77 30 55 97 78 38 19 31 55 16 49 79 34 33 89 16 46 74 64 86 2 75 5 44 45 78 6 34 4 25 92 9 15 89 79 60 30 70 79 94 60 81 87 23 94 86 95 91 10 55 44 87 78 24 47 56 29 10 4 96 88 83 17 12 88 44 65
79 79 55 34 67 53 73 10 41 33 70 19 98 17 31 89 18 41 69 62 12 4 65 28 22 96 76 21 100 91 30 62 97 76 67 73 41 24 83 21 51 29 42 82 8 64 92 72 51 48 43 22 98 48 36 47 82 66 90 70 88 31 44 87 19 21 18 22 80 39 12 85 57 57 38 25 91 53 94 2 90 83 59 25 100 14 42 7 56 91 38 64 70 95 67 45 69 -3 46 83
86 11 17 45 10 83 76 11 84 22 15 7 46 16 16 39 79 12 97 73 12 27 77 47 98 92 43 20 67 18 45 80 75 55 83 30 93 45 83 9 77 47 31 87 21 36 29 51 60 74 81 37 100 87 40 2 78 70 59 45 29 82 92 18 89 9 18 28 31 4 42 39 28 27 23 52 33 59 87 69 59 88 60 14 79 8 102 19 5 11 68 50 5 90 32 99 26 43 77 44
28 79 66 15 101 42 99 28 49 19 33 13 20 16 13 1 62 90 65 35 3 0 23 80 25 48 56 29 98 6 5 3 26 38 101 37 31 75 53 35 59 17 68 73 94 74 96 16 92 9 72 50 11 65 49 91 84 31 33 83 14 14 10 88 90 78 44 70 8 21 32 47 62 57 84 38 23 94 18 9 34 4 40 16 77 96 22 11 40 30 41 52 82 30 59 66 17 71 97 92
93 63 50 14 86 49 15 9 68 56 58 43 3 39 26 99 86 27 96 87 50 66 42 59 48 3 98 88 77 11 41 44 57 27 6 77 24 95 21 78 46 3 92 66 7 46 5 25 8 15 31 3 14 94 72 67 48 95 100 61 61 75 31 94 43 14 42 44 8 48 95 97 8 25 55 42 25 37 97 90 83 78 69 79 65 67 61 40 93 85 33 7 83 54 28 65 56 15 20 60
96 50 89 10 26 28 24 74 101 1 88 65 8 16 17 36 67 93 74 7 74 42 60 82 75 51 40 38 75 61 21 13 91 32 78 59 22 63 31 84 71 61 6 47 78 0 66 44 45 45 84 68 99 70 62 82 34 61 5 32 92 25 80 76 79 3 27 74 100 37 88 75 3 13 96 6 26 42 27 37 40 58 59 -2 43 33 75 10 74 19 82 55 76 -3 27 47 97 92 10 16
29 98 52 67 80 38 37 97 101 27 99 100 85 98 82 13 36 49 72 27 15 22 81 27 59 39 76 42 29 13 33 44 23 97 5 12 85 95 80 51 71 43 55 50 12 10 95 21 64 67 50 81 91 37 6 88 50 13 16 91 13 28 89 78 77 23 68 83 38 85 6 43 49 64 64 71 81 37 67 44 8 17 57 2 89 77 38 77 78 94 51 84 91 78 46 34 97 28 29 41
32 92 17 36 41 29 22 41 31 19 84 19 96 34 36 89 5 55 29 90 46 47 41 14 71 0 43 41 79 81 4 55 15 -3 48 96 26 74 28 24 64 64 77 67 92 57 101 49 34 8 27 0 33 79 89 74 24 1 29 16 2 78 24 48 80 62 97 76 54 55 62 34 45 88 51 37 92 1 24 26 75 -1 26 65 93 71 37 43 93 17 13 27 43 19 37 40 92 93 95 79
73 31 9 79 33 35 62 26 67 98 64 97 72 89 38 100 3 78 95 34 38 46 47 24 27 75 47 55 35 98 88 23 76 41 91 81 30 73 8 83 12 32 6 49 65 93 95 35 21 12 92 32 102 53 29 51 92 20 68 14 83 60 49 12 84 40 41 70 69 70 46 75 33 29 43 29 88 7 73 41 77 96 58 1 5 60 36 30 90 47 13 92 101 80 19 81 42 30 87 65
10 36 38 40 54 42 60 79 67 12 39 41 87 1 23 66 57 1 79 26 97 56 100 69 65 93 62 12 46 24 67 86 75 46 17 9 47 89 65 22 67 48 32 81 92 44 46 70 5 57 88 75 70 10 87 30 14 51 61 23 94 56 72 23 97 32 80 -3 90 82 31 47 41 67 52 86 17 68 66 0 89 62 6 -3 6 75 28 58 14 92 20 31 61 73 9 71 3 46 5 72
51 19 64 48 22 52 92 80 62 92 79 95 45 77 33 73 42 22 58 89 67 70 6 93 4 99 91 52 15 29 97 22 88 62 4 57 30 27 85 98 17 50 40 25 14 60 70 13 71 21 102 55 24 76 11 24 79 81 49 9 78 94 52 40 91 82 46 42 12 29 77 62 98 87 97 55 87 95 9 84 92 99 10 100 37 27 37 83 102 5 80 76 19 65 56 66 35 100 85 92
96 68 29 38 10 53 34 72 70 1 29 29 73 82 13 64 34 35 8 51 16 96 2 27 22 6 96 18 58 50 83 42 83 48 41 60 41 43 54 95 78 17 41 46 53 3 9 49 14 39 12 61 3 76 54 86 36 12 10 82 77 0 75 38 49 67 99 34 66 36 82 50 47 56 26 45 56 84 71 54 69 22 53 19 97 10 2 28 98 79 50 84 10 51 82 89 88 87 50 8
95 91 89 27 81 32 29 82 37 99 81 81 33 95 47 84 43 19 86 39 91 42 78 33 41 3 60 86 70 13 5 50 27 31 44 15 11 78 56 71 52 7 84 29 53 66 26 45 70 74 77 65 22 6 79 51 96 11 68 9 20 71 54 34 45 100 98 2 96 25 12 68 53 69 80 59 92 79 82 58 95 66 76 32 26 35 12 61 58 7 71 100 40 69 28 95 30 98 78 75
29 62 48 34 5 35 26 30 45 31 23 64 42 51 22 40 94 32 71 74 90 2 54 19 32 18 63 58 92 63 20 42 92 70 54 68 39 2 77 12 92 57 66 81 4 64 36 34 34 75 86 23 100 55 76 61 71 39 6 40 44 94 23 11 8 27 50 13 10 50 35 73 67 -2 44 64 7 9 85 43 38 41 31 90 19 26 32 62 77 32 35 28 81 50 18 44 40 81 25 36
100 47 39 35 59 30 43 45 20 25 70 97 96 99 75 96 7 88 57 63 37 27 11 26 98 32 80 84 11 36 95 10 31 44 71 19 31 88 63 52 73 32 42 22 16 77 44 79 89 38 40 73 29 15 48 91 26 39 47 67 34 41 74 5 17 31 93 54 71 52 11 2 14 46 43 13 89 16 21 41 7 63 77 86 92 50 18 32 98 98 80 100 91 52 88 54 30 82 3 77
63 14 4 65 83 78 71 81 58 89 57 73 9 -2 40 89 5 27 73 94 37 72 36 27 17 62 2 82 92 46 19 68 88 17 16 6 15 96 68 64 31 95 22 48 52 42 73 31 5 32 94 9 68 37 73 52 20 10 79 21 101 66 90 28 41 67 29 -1 60 68 38 25 2 29 64 94 32 58 10 77 10 68 64 23 57 38 74 44 21 64 55 89 68 0 25 46 84 13 28 9
39 72 83 17 8 22 10 34 47 43 27 25 92 54 72 93 73 11 102 20 19 71 49 44 96 94 56 28 15 36 9 83 17 98 70 25 9 65 77 18 70 80 6 13 50 2 29 72 79 95 76 100 84 99 90 29 62 54 18 16 68 51 14 50 7 12 23 94 90 9 22 13 68 61 38 90 33 72 26 61 43 11 76 41 75 40 77 75 48 77 63 77 34 64 99 85 95 5 33 23
92 34 3 83 25 90 43 75 64 3 2 42 79 20 67 48 80 2 54 93 82 71 88 64 13 23 14 55 86 87 2 14 69 92 82 31 3 53 13 77 10 8 52 78 8 50 55 48 83 56 24 29 6 30 98 58 81 19 24 28 89 25 10 53 58 30 31 24 23 67 85 91 58 51 39 88 47 0 62 49 54 78 70 95 72 3 87 72 92 85 32 71 9 51 97 85 90 73 83 73
74 96 38 74 33 98 52 98 24 16 30 69 67 44 17 82 61 21 48 40 99 48 55 1 80 60 85 48 18 25 101 41 39 58 10 98 26 44 76 75 12 48 43 42 42 23 8 40 27 13 5 83 99 77 100 40 8 75 15 100 69 65 61 41 60 98 52 71 61 15 98 29 97 85 90 1 8 32 14 44 70 93 73 45 13 95 82 24 54 91 12 8 25 23 83 10 19 40 92 54
78 53 20 93 65 57 31 40 100 74 61 28 25 23 44 11 75 75 60 -1 31 -2 77 27 25 30 67 60 36 92 34 1 41 56 22 75 17 15 10 42 72 42 90 93 88 47 92 88 65 94 98 86 36 66 100 36 100 31 63 96 16 83 81 57 77 12 24 86 101 86 74 79 40 1 33 92 57 4 7 72 46 80 51 18 90 16 99 57 16 81 61 13 94 85 77 33 31 88 93 33
85 97 30 99 46 41 20 83 101 4 57 78 44 16 78 52 23 55 89 46 65 13 15 63 22 10 82 51 58 34 65 25 34 84 19 78 50 19 9 68 55 98 66 58 41 37 76 68 71 99 65 64 57 88 77 10 73 90 64 70 26 91 90 81 34 72 23 54 50 60 44 4 41 13 30 87 102 91 47 27 101 66 25 24 60 11 75 44 79 17 27 91 57 68 17 14 27 39 89 46
21 48 33 93 13 65 42 34 22 85 81 25 66 45 4 12 48 38 100 90 82 81 49 36 85 0 81 79 69 20 83 3 82 80 57 31 26 45 62 90 97 93 70 96 80 36 43 74 81 32 27 73 23 57 60 89 43 69 38 8 27 53 66 6 85 96 94 49 28 75 90 83 21 48 43 8 13 66 76 92 11 21 57 64 41 81 35 25 70 3 7 4 86 10 100 52 36 85 82 13
85 45 79 64 13 98 28 25 25 81 47 16 8 2 83 97 12 95 15 7 48 54 47 22 91 97 69 100 34 82 95 29 19 24 67 69 58 53 38 49 8 10 45 92 13 49 85 74 97 76 52 62 62 49 53 20 5 37 37 11 36 97 49 67 82 50 42 60 87 97 86 34 73 16 77 53 23 81 48 35 39 28 85 34 86 20 90 95 5 27 24 52 50 87 34 41 52 94 17 44
69 81 19 89 41 10 51 96 89 9 6 6 53 70 30 9 91 8 29 82 91 70 6 85 53 25 68 75 48 76 43 39 40 86 83 30 74 44 97 16 50 55 10 23 76 70 10 18 87 34 33 33 25 76 50 15 33 26 83 31 79 17 46 72 43 58 5 26 25 75 101 28 81 47 18 22 6 76 90 3 72 56 50 71 94 42 55 22 51 55 21 22 11 72 77 73 8 18 8 7
13 6 75 58 78 87 17 13 99 7 56 73 30 84 38 9 100 3 40 66 37 7 72 88 61 38 5 29 44 71 49 76 23 6 40 15 57 96 62 28 64 30 7 24 27 94 13 65 69 67 37 70 102 68 24 65 19 49 17 30 65 36 74 38 35 2 51 31 87 37 48 44 7 13 81 46 60 97 28 33 95 17 27 79 84 46 52 13 91 28 60 77 37 26 15 84 73 55 26 95
42 16 101 82 78 47 96 -3 8 0 69 43 99 95 87 90 12 88 13 35 69 36 93 76 49 24 93 68 78 77 21 17 80 47 98 77 60 42 26 53 24 28 81 86 24 56 72 61 101 55 88 54 29 74 76 -3 19 14 63 39 19 92 14 39 49 95 7 26 73 5 92 31 39 21 14 18 39 96 12 88 62 80 26 76 42 68 74 10 2 96 68 57 3 74 20 31 11 93 56 -2
7 79 89 86 101 14 102 31 85 50 43 58 51 98 33 16 29 32 96 97 53 73 29 84 42 65 33 54 4 57 30 59 75 71 25 89 32 86 56 12 31 82 58 86 27 58 72 14 22 1 46 37 86 16 56 46 16 66 91 9 10 21 79 2 4 55 98 77 19 91 97 71 71 33 84 18 52 5 99 20 63 47 14 76 83 4 89 83 82 12 62 54 72 25 76 42 34 50 93 90
18 61 95 52 31 60 88 22 101 44 13 56 25 66 80 64 11 44 53 60 96 9 65 3 11 -3 70 94 53 42 96 41 95 81 56 -2 13 33 101 34 11 65 43 49 54 36 55 66 72 55 52 59 68 56 7 94 91 88 91 15 57 55 50 34 81 39 8 15 51 17 70 93 37 55 47 35 38 57 28 47 75 33 75 45 32 31 47 26 86 -3 62 27 27 95 17 69 60 45 33 83
6 23 40 44 54 74 47 47 4 49 60 32 33 82 35 100 52 55 87 79 98 58 41 8 40 71 82 5 79 57 18 90 74 42 47 19 65 21 79 72 34 52 85 49 82 40 30 42 43 44 86 12 69 19 91 71 96 96 65 21 82 16 20 68 28 45 58 100 47 59 84 88 15 80 50 40 41 60 33 20 27 20 101 28 51 85 76 6 84 63 77 38 73 50 77 91 83 79 14 53
18 36 101 80 4 63 71 52 70 84 97 80 5 7 52 26 77 43 73 13 54 96 84 23 97 51 22 65 77 90 9 10 29 59 10 15 26 56 18 -2 79 74 4 4 63 1 13 13 68 53 23 88 34 71 10 62 57 26 42 70 96 -1 100 95 76 52 75 7 91 24 19 91 45 31 11 24 89 5 23 0 56 17 90 -1 53 12 52 6 43 19 45 94 100 54 22 28 43 82 36 39
40 96 101 57 61 75 50 10 33 47 31 64 48 24 61 30 6 62 27 98 93 16 61 28 94 57 51 4 75 90 5 99 12 10 41 23 6 15 32 39 77 73 56 98 92 72 59 1 28 37 44 72 79 18 67 50 13 72 72 52 58 34 4 23 43 22 56 81 50 90 87 35 39 16 80 32 97 63 91 73 9 46 5 30 21 98 37 80 39 6 93 66 47 99 15 6 85 97 9 32
69 87 25 90 97 43 63 24 45 80 13 18 20 -2 17 -1 17 28 14 8 34 68 62 17 97 78 65 88 44 51 42 79 100 21 27 52 42 68 83 33 62 23 24 63 77 67 48 44 6 81 16 96 10 91 26 28 41 30 32 9 61 24 37 51 6 7 48 87 52 42 100 57 82 37 83 16 15 43 89 79 52 2 48 58 13 43 5 33 72 13 68 45 96 44 98 16 79 85 60 14
94 18 44 50 61 97 56 52 101 52 59 28 57 61 66 4 37 98 96 3 64 86 64 15 55 57 59 66 61 62 16 46 45 98 33 20 99 86 74 95 62 57 17 87 90 80 36 78 59 96 98 57 8 98 22 67 28 43 19 87 93 57 28 38 54 50 14 97 100 39 39 64 47 33 14 42 54 37 47 56 12 73 68 42 88 43 70 37 65 1 101 88 85 18 87 2 7 8 22 86
47 68 35 95 4 19 66 80 68 44 26 31 62 70 96 93 65 2 83 90 66 18 33 26 16 15 96 4 31 12 78 61 11 51 72 39 93 35 45 56 79 -1 96 65 32 10 11 64 98 40 48 23 7 94 63 85 61 96 37 23 25 -2 100 -1 71 8 54 31 11 87 3 42 96 9 40 10 32 49 2 30 80 95 35 51 74 60 85 41 27 32 49 96 3 59 38 1 78 33 71 29
57 27 19 53 49 86 8 14 27 6 77 68 11 28 10 63 43 55 3 93 39 24 47 22 77 88 49 80 28 39 21 61 5 16 65 45 74 34 36 100 20 69 35 13 84 63 60 59 68 95 9 81 26 95 52 67 49 94 78 34 65 16 48 83 19 40 9 96 30 96 102 19 74 77 72 95 4 92 54 59 5 5 102 76 53 56 64 20 47 1 78 93 16 50 12 96 82 19 34 60
23 83 92 84 43 75 8 43 29 64 19 94 52 39 8 41 63 51 34 43 70 15 48 36 39 20 85 51 51 57 80 70 79 79 8 68 40 46 39 69 42 38 51 59 25 56 53 70 56 61 93 85 66 61 100 86 7 65 67 16 48 31 24 76 18 9 87 82 23 9 15 17 29 14 38 49 46 86 34 -2 79 3 73 65 31 5 47 77 8 32 25 20 54 63 66 76 69 88 49 21
7 99 39 98 12 43 22 63 69 60 38 84 53 78 77 40 35 38 19 94 75 91 70 77 50 67 57 5 9 71 77 16 6 25 100 94 75 6 74 95 15 25 66 81 19 24 63 48 75 50 97 94 41 34 39 81 71 77 43 22 13 13 10 98 92 99 20 44 43 77 6 89 53 31 100 69 14 27 59 24 48 70 91 4 17 43 22 82 91 43 35 51 51 95 71 21 90 49 38 6
65 61 97 85 87 94 81 74 65 12 96 95 56 90 16 89 97 46 2 34 25 10 9 20 90 31 15 76 84 76 4 62 38 92 51 14 81 32 25 53 17 7 76 38 29 51 18 96 87 27 24 15 69 61 24 49 36 38 9 60 61 48 15 71 41 22 75 94 97 70 45 54 72 77 49 27 74 11 7 71 59 25 84 24 49 45 69 29 85 93 20 31 70 80 61 96 5 67 87 71
73 27 24 49 72 41 34 40 56 84 23 48 28 97 54 48 7 64 34 67 20 50 49 34 15 85 7 7 7 66 45 85 6 82 82 56 85 59 48 55 93 60 27 22 56 73 17 13 6 59 4 15 7 48 74 4 61 10 89 69 80 48 102 36 84 2 101 20 41 99 77 17 87 98 18 97 86 70 41 6 67 52 87 73 45 88 30 47 84 38 51 93 62 63 90 17 25 73 49 87
70 80 53 82 72 -3 67 2 91 -3 72 77 20 77 51 62 15 87 5 0 20 72 88 80 55 96 21 29 44 50 41 17 79 83 76 27 91 36 93 85 55 17 50 7 93 72 5 76 74 5 64 48 69 87 31 13 26 45 22 62 53 67 25 37 48 37 41 43 98 87 38 83 76 94 50 52 11 57 87 5 57 39 99 34 95 61 44 46 12 78 88 53 77 20 86 79 53 79 4 90
80 10 95 58 96 12 57 65 36 73 89 29 20 5 7 30 71 71 55 54 74 64 62 16 102 25 85 90 18 14 73 68 9 17 37 23 53 70 48 94 15 12 101 100 91 86 79 95 40 83 4 67 48 82 40 59 36 59 10 22 76 92 11 83 24 19 93 35 63 56 22 57 73 17 86 92 65 61 36 2 7 1 26 78 53 8 7 63 17 66 69 94 82 43 81 95 23 50 31 69
21 93 36 89 11 58 72 28 8 13 72 47 47 6 50 29 96 72 84 50 22 55 93 35 25 -3 101 33 93 35 72 44 36 60 76 63 46 75 77 77 98 0 32 23 51 52 30 60 21 91 19 13 17 51 74 93 82 71 41 85 65 -3 37 76 75 82 48 85 59 7 53 31 76 4 6 72 78 49 90 44 69 74 82 22 24 32 15 22 84 28 20 61 82 53 2 27 51 -3 97 62
86 78 57 48 40 58 59 9 56 13 9 88 73 5 3 10 17 38 26 38 23 18 58 32 5 73 99 16 23 23 49 67 18 84 45 83 50 51 72 34 85 99 20 17 72 98 22 29 39 61 18 66 62 92 24 47 34 30 18 21 23 38 81 24 39 32 99 88 68 1 30 100 81 8 38 34 59 38 76 94 51 3 52 47 98 94 35 27 68 15 61 44 15 27 13 56 79 81 71 94
12 15 7 83 40 67 12 50 38 86 97 87 97 19 87 34 20 26 58 32 69 34 96 61 71 2 25 6 96 8 48 38 48 8 2 96 23 83 4 90 25 62 52 44 7 22 70 49 20 88 55 0 76 70 53 37 78 0 6 35 90 29 62 29 95 8 78 -3 71 71 91 77 58 4 89 12 4 73 39 19 7 85 40 59 18 29 37 18 60 46 13 91 24 94 94 -2 64 22 44 59
45 58 90 76 41 90 24 79 58 32 61 86 56 20 67 20 76 48 67 97 41 100 69 52 92 55 34 18 14 15 52 45 83 61 12 37 6 59 42 89 52 2 88 100 82 57 37 40 48 97 40 64 15 78 79 55 91 26 44 12 41 92 18 99 97 47 42 99 13 87 31 25 79 41 43 78 40 62 46 66 59 41 27 20 58 51 78 89 36 98 59 22 87 51 77 95 82 68 37 79
61 52 36 74 58 47 26 51 43 20 36 57 83 90 80 80 52 16 94 73 89 45 6 68 75 14 52 73 54 44 55 1 30 64 42 55 84 20 55 66 14 22 89 64 95 10 79 33 43 37 42 -1 18 -3 51 69 71 26 60 35 14 81 12 77 50 67 77 33 92 -2 12 80 57 28 35 3 46 18 91 90 15 71 45 55 76 81 68 38 66 27 28 25 39 76 52 52 86 23 41 89
55 60 38 12 55 1 88 88 64 40 65 97 98 52 73 14 9 47 41 61 89 6 50 79 89 97 54 43 64 87 67 9 100 18 34 91 89 28 10 51 78 65 40 32 94 71 12 14 90 69 75 44 39 27 53 53 51 36 57 40 102 1 93 77 60 81 102 65 94 7 98 32 73 54 94 76 34 17 59 4 74 16 54 42 51 30 6 33 102 43 16 92 87 52 79 31 35 94 97 98
22 16 96 52 63 45 2 58 54 7 38 70 82 7 101 61 74 18 36 11 93 34 74 67 58 10 26 5 92 29 14 6 53 48 30 45 94 7 31 74 4 71 48 25 9 29 87 32 90 96 84 37 69 65 73 80 30 30 42 31 85 8 99 38 100 24 71 79 67 90 49 76 72 27 23 87 52 40 38 57 40 6 73 48 3 87 72 95 27 34 16 27 95 19 76 39 72 76 21 32
92 34 71 40 38 21 31 17 69 30 94 33 91 18 13 65 59 76 4 7 57 70 23 50 4 94 12 83 41 36 28 91 59 67 17 14 55 52 89 44 63 82 67 58 16 15 20 78 80 35 53 3 96 42 57 36 87 77 95 87 37 31 14 42 45 71 10 35 54 65 8 69 88 91 52 99 9 41 69 95 6 79 57 88 10 23 88 9 33 58 50 3 74 49 50 42 37 34 87 31
71 28 59 34 78 66 35 55 18 35 68 79 8 93 34 0 92 40 40 69 90 87 67 83 98 83 32 63 80 42 35 69 3 74 73 67 13 3 49 70 7 28 57 45 55 55 39 87 37 29 98 47 34 60 61 10 62 38 98 0 60 11 66 33 83 17 47 4 89 32 39 39 38 19 32 36 96 44 32 59 21 65 37 41 63 78 57 14 16 25 64 66 99 8 97 1 88 45 96 81
36 35 61 77 84 20 93 78 81 13 92 21 29 71 80 20 19 77 97 54 39 16 85 51 81 36 69 80 69 11 20 25 41 49 101 73 61 93 19 6 93 51 32 82 86 99 74 14 26 46 74 87 77 90 39 70 5 7 86 30 97 38 94 64 12 42 23 12 93 46 70 70 16 9 64 32 34 92 101 73 70 10 91 99 26 48 47 72 62 83 83 57 52 92 87 96 59 67 42 92
94 15 7 20 21 14 67 9 16 20 6 4 84 1 45 31 21 3 100 45 32 0 11 88 22 26 9 43 96 61 14 63 81 14 47 48 81 37 97 21 97 83 54 79 77 81 38 54 66 44 30 66 13 50 58 7 33 2 73 65 82 87 67 29 3 59 31 24 8 58 5 54 2 96 7 15 68 62 5 38 77 71 90 51 73 59 82 81 101 81 94 60 68 57 37 15 11 63 27 87
16 80 100 51 85 39 34 36 63 82 77 81 56 10 70 63 21 13 83 41 16 95 101 33 89 23 45 19 34 36 53 48 10 49 16 71 17 99 37 7 48 72 62 29 88 100 27 6 10 89 85 60 37 93 84 42 60 61 89 37 92 97 27 3 100 26 23 18 8 72 10 44 7 93 59 61 64 65 58 93 66 42 59 98 31 61 62 26 21 13 72 66 37 48 42 8 38 54 53 62
44 58 19 3 69 49 82 57 32 48 76 89 35 78 56 20 22 24 74 0 83 19 41 81 3 35 61 44 85 61 46 89 57 4 8 36 77 71 33 31 67 30 31 22 62 91 80 90 71 9 101 30 17 10 66 83 4 62 52 30 94 6 36 -1 13 49 29 23 81 77 70 46 66 13 39 77 88 85 68 39 80 95 4 72 60 81 27 22 31 2 24 37 26 12 47 96 30 14 95 79
61 5 26 93 76 82 48 55 81 53 15 3 19 25 95 97 43 37 42 94 96 61 8 53 92 64 26 27 20 14 65 55 64 25 39 60 38 51 23 17 79 60 4 49 81 6 29 87 52 19 8 23 87 42 58 49 7 93 87 30 55 74 45 64 85 29 12 72 61 73 61 2 77 73 79 64 65 84 23 11 10 3 79 4 60 64 70 100 88 31 98 32 58 13 24 59 53 99 96 7
21 32 22 22 15 95 31 34 74 86 99 70 81 79 54 40 41 75 36 96 61 45 79 39 19 3 23 2 52 16 97 64 84 12 99 20 18 41 15 78 49 44 53 24 10 92 9 33 69 17 19 15 7 39 29 83 44 -1 85 90 72 16 16 61 48 24 96 17 34 14 88 72 18 85 44 80 68 69 30 61 50 85 47 76 15 31 80 61 6 50 68 66 67 24 98 30 25 23 47 11
19 41 76 36 81 98 19 65 46 14 95 25 48 43 41 65 79 7 72 31 53 71 88 100 61 61 25 68 30 13 50 2 29 91 58 5 7 87 45 77 53 81 64 74 87 35 62 41 4 51 57 99 12 14 63 54 59 34 16 84 10 76 23 8 57 72 92 77 69 88 91 4 54 26 3 9 96 60 90 11 53 54 28 78 38 93 5 11 99 98 69 10 87 59 4 61 74 5 44 39
95 69 9 28 24 37 28 64 61 26 18 95 101 95 69 21 77 0 15 95 15 -3 15 94 36 41 50 75 11 38 59 32 49 -3 62 90 33 20 82 46 19 72 81 43 36 91 33 20 61 83 24 48 38 69 2 53 79 68 82 81 57 10 50 68 33 85 59 42 50 84 22 63 59 76 99 41 56 32 47 95 21 3 39 90 10 30 6 18 8 70 44 45 86 90 14 19 16 -1 26 53
79 74 48 23 63 20 60 85 21 74 36 41 28 64 30 49 32 36 62 39 35 44 89 56 8 92 66 82 90 85 102 39 7 9 44 7 62 49 10 39 8 29 74 65 62 26 30 74 31 23 21 75 59 23 88 92 42 72 11 31 46 93 51 87 100 71 54 26 27 99 83 63 7 18 66 90 3 86 71 24 57 10 41 60 72 12 76 61 21 90 31 31 82 74 10 57 100 95 73 49
75 -1 51 17 25 3 50 45 46 38 38 24 101 0 86 43 77 13 4 25 16 63 99 38 26 54 55 55 59 88 71 80 8 48 96 41 34 89 24 13 47 8 49 1 45 29 71 -3 36 2 34 82 88 77 22 64 100 77 98 74 100 93 42 75 65 63 8 4 29 7 92 65 84 57 59 94 21 6 10 5 42 1 43 36 61 73 4 22 87 22 96 22 94 43 71 43 19 0 13 24
15 59 54 60 49 59 94 28 17 18 5 20 22 5 68 28 28 19 35 37 45 100 6 9 70 76 29 14 77 79 20 100 22 54 94 33 67 70 102 85 85 22 54 8 49 9 56 63 69 52 4 48 27 20 40 27 46 38 98 97 21 18 94 44 48 16 19 50 39 50 37 35 98 5 85 58 101 90 66 92 9 94 48 74 44 44 69 94 88 58 15 3 67 39 59 86 15 68 8 47
2 86 65 49 9 22 13 74 28 78 68 92 91 51 5 64 36 5 37 82 88 0 46 47 47 44 18 56 61 62 86 12 31 63 94 79 56 7 27 36 53 91 89 94 80 74 15 10 86 -1 3 11 78 82 79 25 29 64 10 35 57 54 32 9 42 26 28 23 70 57 95 33 91 51 67 1 83 4 27 41 37 58 11 16 56 76 47 59 38 87 72 82 36 56 100 83 45 3 46 42
30 89 101 79 98 64 45 79 3 84 41 91 54 89 82 96 46 75 73 17 29 55 52 29 66 60 79 37 7 38 15 3 23 78 98 95 43 94 74 21 16 53 73 42 99 2 29 36 76 48 39 25 64 44 20 73 31 51 62 95 38 33 10 15 49 74 100 79 10 99 61 91 71 16 48 46 40 99 7 6 92 62 89 32 25 16 28 19 50 86 56 28 16 56 79 45 32 89 84 51
15 50 21 43 14 92 11 23 74 54 76 36 85 87 44 72 50 49 80 18 10 50 4 73 22 25 17 1 68 38 27 36 59 15 71 7 45 22 69 22 85 54 96 59 51 60 51 80 96 38 32 65 38 82 44 1 14 67 80 89 99 15 64 -1 98 24 36 56 83 66 55 71 23 16 45 33 71 40 55 95 16 65 13 77 79 85 78 79 10 46 3 50 98 56 72 54 38 3 89 38
81 62 20 87 6 82 61 35 20 25 91 31 79 54 82 43 17 95 80 95 8 71 67 62 98 66 76 48 65 5 14 15 35 78 41 75 47 90 7 34 95 51 7 29 95 98 92 54 6 43 22 72 28 79 72 30 27 40 86 30 84 68 88 16 51 24 71 99 14 22 73 43 77 73 14 84 85 59 97 9 42 86 25 43 79 95 46 48 89 46 55 84 99 19 98 47 13 56 98 31
4 30 86 41 13 11 53 48 59 53 76 95 46 14 41 17 49 72 77 30 49 89 59 51 7 76 74 92 81 14 36 47 53 21 57 64 20 71 93 2 33 94 80 38 81 24 52 4 24 86 67 26 59 46 16 9 23 1 55 70 27 13 40 60 56 36 47 86 19 46 52 7 59 23 5 30 84 81 94 21 26 31 10 96 98 76 6 37 26 44 72 78 75 3 45 44 27 78 61 47
92 84 41 20 85 3 94 28 37 35 20 71 82 60 102 73 47 99 41 48 33 50 62 2 83 11 34 17 80 66 68 5 62 39 38 7 43 4 60 39 47 39 62 2 12 34 66 98 75 66 37 6 92 55 101 11 40 64 23 20 24 82 37 94 102 97 83 9 58 49 37 68 70 20 49 38 53 21 14 32 67 92 37 12 13 48 72 25 97 76 80 57 102 96 15 39 71 82 100 6
83 50 50 56 40 45 25 90 90 88 23 40 65 71 33 75 10 14 46 57 15 24 64 19 40 63 12 65 62 3 40 14 64 2 22 75 37 44 6 34 36 52 45 50 40 60 33 39 76 47 99 28 41 84 90 75 28 89 26 56 95 48 61 31 16 62 90 9 74 12 52 67 8 13 32 89 84 38 37 3 80 36 46 52 7 50 18 37 21 80 80 11 14 53 12 58 40 90 61 96
12 91 77 34 57 62 94 83 28 38 52 97 90 25 101 6 61 19 70 7 72 51 92 57 26 48 62 95 57 3 80 83 94 21 68 37 99 63 80 50 91 63 19 55 18 60 66 66 9 67 64 91 81 36 69 48 54 89 44 23 67 34 34 90 14 78 45 18 89 13 85 59 48 73 82 50 97 100 45 30 3 88 89 1 78 48 23 43 21 48 28 53 34 59 76 33 102 80 35 26
9 78 76 66 23 49 59 8 77 10 74 9 31 14 83 21 26 36 18 52 58 -2 12 54 100 0 70 35 38 46 71 18 87 -1 55 22 12 23 63 -2 51 22 95 87 50 8 63 53 52 -3 36 56 37 55 54 50 17 4 75 -2 93 93 30 11 34 73 31 57 24 93 27 87 93 75 28 67 33 28 48 29 96 72 67 4 23 1 4 96 6 86 31 59 86 12 73 11 16 2 32 30
54 1 66 81 44 24 93 78 46 64 38 10 95 15 33 80 61 77 86 22 46 59 95 11 79 20 31 17 40 53 32 88 71 2 60 34 97 32 42 73 47 64 93 48 82 41 24 56 81 64 88 63 80 38 81 13 87 98 100 7 74 25 6 38 49 96 62 44 31 38 24 92 18 22 57 39 21 44 73 10 30 31 89 59 55 12 43 65 16 89 79 92 90 77 16 75 101 51 35 16
48 -2 70 8 7 50 91 42 55 0 45 32 31 60 99 35 77 6 68 69 29 88 10 53 25 44 10 3 52 63 6 80 58 91 7 39 13 18 44 66 93 31 56 89 64 42 35 48 3 0 5 52 34 88 69 42 79 17 60 6 39 55 55 41 65 16 89 38 80 71 38 47 2 51 16 71 73 51 14 7 44 33 8 67 93 14 56 66 27 -3 6 19 23 70 19 23 97 43 67 53
26 14 87 78 50 86 100 11 98 87 77 76 7 70 18 68 67 20 30 35 61 25 50 47 36 20 27 69 53 78 69 87 92 90 30 39 46 65 31 88 31 8 31 48 47 68 54 72 73 74 55 2 57 97 51 86 51 36 58 41 68 35 14 78 19 15 4 89 30 99 13 93 101 20 25 97 59 91 45 78 76 15 87 68 69 43 61 6 79 67 29 76 24 77 52 37 51 7 32 40
72 26 62 85 78 64 42 8 88 24 74 85 2 83 67 64 39 91 80 13 84 80 97 31 63 31 20 67 56 54 33 81 4 29 81 6 9 55 26 69 63 43 59 56 79 24 57 8 50 95 35 80 33 14 101 93 38 77 35 53 84 22 69 36 68 29 49 83 73 5 22 54 55 66 42 79 94 65 83 32 80 45 89 57 61 13 10 62 86 10 2 22 34 46 4 5 3 52 41 83
60 21 49 60 64 75 22 87 87 70 20 91 99 42 65 50 69 36 19 14 25 74 50 86 64 96 99 86 43 92 71 93 82 82 97 42 29 26 100 66 59 68 89 39 86 64 6 88 38 48 44 39 73 83 94 57 6 22 20 64 45 98 58 97 6 83 48 11 66 18 56 35 16 64 92 94 71 95 59 53 81 77 68 56 6 7 28 42 29 69 86 89 52 13 23 23 8 73 24 19
22 56 45 2 31 19 53 67 98 40 72 -3 9 60 92 5 18 44 27 9 5 79 28 14 60 2 2 69 55 24 53 82 69 72 26 85 30 -2 11 70 22 5 33 19 26 43 26 3 32 52 93 24 18 48 84 21 33 42 97 -3 19 50 73 47 6 23 7 22 8 9 4 92 20 50 20 29 48 72 88 86 10 64 11 69 84 71 10 4 25 93 35 1 97 1 45 44 99 62 20 36
66 93 14 54 36 21 85 74 49 51 45 10 10 73 37 28 4 57 19 41 36 37 65 58 79 37 5 6 40 17 24 14 70 17 5 46 45 63 54 55 28 75 67 51 53 3 8 55 37 22 49 41 88 6 77 45 25 77 32 71 29 70 23 94 51 20 10 30 46 1 65 10 5 50 16 63 25 41 86 16 7 60 53 58 37 78 45 42 71 26 45 61 92 15 22 18 7 61 31 30
79 1 20 75 44 75 50 21 96 64 10 11 23 84 11 95 93 45 92 6 67 73 25 34 7 85 94 65 45 88 63 66 68 3 64 19 94 7 62 28 74 18 93 55 34 46 75 65 81 61 88 14 29 66 62 6 75 49 90 51 50 70 52 25 82 24 94 52 57 90 30 5 67 85 25 49 3 22 29 38 17 61 64 83 21 57 24 48 93 92 52 3 64 92 68 19 31 36 87 -2
89 64 10 46 93 18 14 15 7 83 80 50 9 50 58 68 66 20 55 62 75 59 69 12 6 40 11 9 83 47 57 85 9 59 37 66 93 55 45 15 64 34 73 9 90 78 78 32 73 58 91 32 79 90 46 66 4 53 32 19 99 95 32 32 57 51 64 5 83 16 73 42 83 35 33 58 73 89 101 99 99 75 16 48 72 17 11 50 69 54 95 15 10 1 66 13 54 7 21 32
28 65 27 91 42 0 29 22 24 42 88 74 27 26 23 14 15 47 33 30 71 62 45 67 100 12 64 94 97 76 92 76 39 46 55 94 89 54 63 29 77 1 29 40 78 38 21 15 74 9 75 2 63 64 19 75 26 -2 42 36 86 9 34 11 92 -1 78 38 64 79 85 -2 49 9 9 29 39 11 43 71 50 83 65 21 14 75 67 77 60 42 2 84 61 77 101 15 81 39 81 42
53 27 33 7 5 29 3 64 22 85 6 55 47 94 100 97 70 55 8 24 54 90 44 19 76 48 8 3 89 49 25 57 61 17 99 39 31 66 89 88 43 91 68 99 48 94 60 83 47 26 102 43 28 85 90 98 87 56 11 47 80 72 81 55 19 99 18 2 40 64 98 55 33 79 37 65 34 16 74 22 44 50 62 64 95 84 45 63 82 34 23 61 33 78 94 2 3 9 83 30
2 81 78 14 69 17 85 8 15 2 77 84 79 84 72 38 96 34 75 29 18 30 37 69 81 8 71 -1 88 59 85 30 98 28 92 43 33 61 98 86 92 -1 24 62 55 10 47 4 71 35 13 42 94 90 97 36 87 82 92 96 26 70 80 62 97 93 27 79 89 6 42 69 41 41 4 52 45 37 5 57 44 67 91 8 44 18 71 85 41 90 43 80 43 91 73 14 60 25 43 2
96 1 66 6 21 93 93 3 10 79 71 65 47 97 92 5 58 8 63 76 85 50 85 38 67 87 43 36 72 30 45 35 33 56 15 80 13 81 28 46 31 13 4 85 54 63 33 67 21 60 50 76 53 55 32 5 76 10 69 68 91 77 64 45 64 14 84 30 80 97 7 1 79 7 53 43 55 38 70 46 93 65 36 94 55 83 70 73 78 39 8 32 33 65 88 19 16 7 87 67
49 77 13 55 99 31 28 96 41 58 30 49 96 70 40 1 67 92 92 91 9 9 80 1 72 74 97 14 85 55 47 15 27 48 66 16 28 34 10 55 26 33 67 42 36 12 4 9 57 79 60 26 64 87 81 47 72 84 36 73 72 5 29 10 31 57 88 39 26 93 73 95 86 28 38 39 46 26 20 39 30 23 88 2 39 52 25 52 35 65 3 24 39 59 75 72 48 64 16 18
47 46 38 34 24 16 13 54 60 28 101 49 6 91 61 12 15 25 9 1 88 48 73 48 86 62 82 49 25 42 14 95 20 97 48 86 62 14 102 40 99 82 50 54 9 31 62 14 51 92 102 56 81 71 32 30 64 86 94 51 75 89 29 67 72 95 76 2 60 93 15 97 101 35 82 13 98 39 44 95 19 98 61 99 17 3 57 78 7 74 26 47 13 2 64 67 55 99 49 76
56 67 40 67 59 30 49 -3 12 2 10 19 48 17 68 53 8 41 97 28 83 68 8 44 18 36 76 18 19 81 98 7 32 40 50 79 93 90 6 18 43 5 31 35 4 91 2 74 57 76 5 10 89 7 62 34 19 24 5 62 96 76 43 96 7 44 29 94 44 79 86 48 31 22 74 68 89 46 22 21 53 40 65 95 41 95 90 18 2 80 15 58 12 7 88 24 51 41 34 -3
94 35 15 97 92 79 72 85 66 83 83 91 8 22 75 15 20 53 98 6 46 71 78 59 32 89 50 8 30 22 71 15 7 82 44 83 58 92 5 34 9 45 77 47 5 68 25 59 20 37 45 89 83 74 62 70 10 13 12 36 66 34 102 28 6 18 6 67 60 83 16 63 83 63 101 9 82 48 30 52 38 46 12 95 88 98 67 75 95 98 5 72 37 55 76 57 62 85 3 77
15 78 45 15 43 77 41 28 34 10 64 -2 75 92 96 18 81 -1 66 43 30 28 101 42 89 58 84 26 14 78 11 68 60 57 95 87 59 21 92 26 45 95 31 5 72 51 40 9 71 42 85 4 99 49 53 86 78 42 41 93 18 0 20 28 88 4 14 75 67 94 96 12 34 29 58 80 64 80 66 57 10 60 97 4 85 55 32 90 36 39 90 61 12 96 84 64 31 5 6 77
47 96 7 78 42 94 10 92 64 18 57 31 81 73 52 23 62 31 21 87 63 89 32 54 10 63 10 62 51 68 77 11 18 53 77 64 33 78 38 31 70 57 46 12 4 96 19 89 5 93 100 45 43 8 82 86 26 35 66 28 64 40 82 40 71 2 80 8 21 87 42 25 97 97 44 90 81 14 68 53 32 89 91 21 85 19 51 93 14 48 13 100 91 100 26 59 17 73 43 71
29 57 69 41 32 68 80 47 43 38 62 47 65 86 96 95 93 59 49 44 42 82 67 41 27 25 67 70 61 6 16 5 64 10 30 54 22 30 77 -2 51 28 92 7 20 17 86 78 56 67 23 25 86 60 81 -3 41 27 59 15 8 6 63 65 23 4 39 95 75 40 44 21 89 95 14 76 19 14 94 87 59 33 99 0 45 44 53 34 100 67 8 90 82 89 70 3 19 45 85 64
95 1 100 52 13 72 31 82 29 8 48 1 34 31 76 33 91 85 59 46 11 37 62 39 83 92 95 30 40 5 24 51 37 92 19 62 3 73 87 92 23 11 19 94 16 34 21 14 34 64 13 51 100 32 21 14 58 72 20 67 22 56 97 65 91 58 102 7 54 16 98 38 74 74 6 46 44 90 9 31 22 6 52 46 5 88 76 25 4 75 54 64 57 59 72 36 92 100 72 65
80 29 97 31 61 16 28 22 73 89 70 42 55 68 41 55 4 0 70 52 96 75 40 95 22 42 15 86 43 95 96 8 59 26 9 28 18 31 64 28 16 90 79 3 35 -3 11 36 59 6 86 39 37 95 100 25 35 42 81 74 85 62 34 19 80 56 49 90 83 63 94 43 10 30 51 76 32 64 16 68 89 53 54 52 30 -3 94 54 25 21 32 18 67 9 3 92 40 21 51 1
100 59 81 20 8 1 79 11 81 73 15 7 69 30 95 22 83 42 16 29 47 64 81 88 62 54 81 7 48 5 11 93 23 99 75 70 96 14 86 9 94 50 80 33 49 89 76 62 31 41 102 47 4 49 56 82 90 29 22 78 61 5 64 89 58 9 38 21 33 32 8 56 19 5 36 59 10 34 101 59 93 68 77 19 3 91 101 71 86 50 6 81 46 38 86 98 28 40 98 56
19 78 98 39 96 73 10 24 26 84 22 39 42 61 16 20 35 73 85 28 73 72 8 59 64 18 14 6 58 4 24 95 88 20 58 23 61 16 27 50 74 14 76 13 11 81 37 4 79 30 57 19 77 9 100 93 82 2 100 16 93 40 34 17 20 25 92 12 59 16 6 80 43 69 45 83 14 56 11 -2 29 23 99 77 51 29 61 50 6 23 80 85 31 77 15 70 87 83 88 76
93 25 3 90 96 45 47 35 99 95 6 64 49 81 31 42 40 30 34 5 43 80 79 18 88 50 83 43 16 41 27 82 90 14 62 74 28 59 40 7 22 84 50 51 53 24 22 89 52 84 90 48 80 26 26 50 87 17 50 28 82 49 5 44 100 73 7 14 77 90 69 27 54 51 23 12 8 59 39 24 80 68 30 53 7 14 16 3 74 33 40 55 25 57 96 25 11 14 44 21
37 -3 17 37 97 16 68 1 60 53 10 63 22 62 99 38 39 29 75 14 52 12 4 -1 92 13 32 27 97 5 98 22 16 -1 4 80 48 2 37 40 99 78 19 68 46 22 42 83 89 88 63 36 48 53 84 56 2 10 7 51 88 43 73 94 96 47 88 58 60 26 51 59 23 28 27 78 66 25 67 32 39 16 98 20 98 42 78 3 38 23 5 27 61 23 30 72 41 50 8 76
56 66 92 16 53 9 8 94 53 91 43 62 62 90 5 55 63 30 53 24 64 9 61 20 65 62 102 35 16 13 42 73 44 5 14 90 55 20 23 60 65 85 20 38 51 73 87 9 64 93 65 19 65 98 35 21 55 22 21 72 32 91 95 76 76 48 91 54 100 92 12 9 5 90 83 38 82 18 31 29 51 57 17 86 15 46 23 2 78 88 86 20 25 93 15 14 20 23 73 24
37 15 9 87 4 58 11 58 96 41 26 23 86 12 33 83 68 78 87 59 52 41 38 79 48 86 22 15 61 24 83 55 7 29 91 47 30 35 86 82 18 78 19 9 61 86 63 54 76 86 8 16 97 81 73 -2 100 48 81 63 31 95 31 74 58 95 41 23 12 53 3 32 79 3 82 43 32 -2 8 34 28 17 69 9 73 48 75 36 65 9 74 44 53 94 47 1 10 32 42 66
El programa tardo 62 milisegundos en ejecutarse.
