48 38 58 25 13 8 50 86 46 38 75 6 14 11 80 94 97 53 87 55 79 94 70 68 88 9 33 51 32 88 23 25 92 8 4 6 22 94 68 93 75 29 7 31 91 72 4 55 46 27 48 82 11 11 31 3 93 55 54 19 48 7 71 60 102 45 63 17 50 19 44 9 38 25 52 20 67 69 55 38 41 59 63 27 52 4 10 99 72 35 77 33 3 45 58 29 3 44 24 93
40 79 28 80 35 8 30 55 39 -1 23 91 98 87 62 9 45 40 63 21 58 16 79 4 53 18 16 5 35 -1 44 69 32 72 49 89 19 65 40 51 21 19 75 -1 21 11 73 95 20 14 101 16 7 45 88 88 63 56 84 24 98 68 12 16 44 91 63 75 36 69 5 17 31 -2 13 66 47 27 85 10 93 66 50 47 53 39 49 54 17 79 77 77 15 17 16 63 98 88 40 24
4 23 68 70 26 42 65 64 30 26 42 11 101 56 53 99 94 40 27 18 55 27 88 72 22 30 59 83 60 51 74 71 102 88 95 45 44 99 95 66 39 80 56 53 53 32 82 73 96 60 27 60 33 84 14 80 78 13 74 77 7 76 7 2 94 85 16 72 84 40 49 52 90 1 52 21 20 61 92 43 34 91 43 16 15 66 11 55 16 60 94 9 24 22 94 32 80 76 84 35
101 16 9 93 94 74 34 39 29 43 82 -3 45 -1 29 43 81 90 65 26 97 0 18 39 17 32 81 54 57 94 56 72 35 79 91 3 39 57 77 55 5 95 99 45 17 79 4 56 66 14 96 65 9 13 25 8 64 26 15 60 25 2 11 21 55 90 50 65 87 70 42 93 16 5 47 7 91 -2 61 41 19 53 80 25 74 25 92 13 72 78 72 40 3 51 77 47 37 86 22 31
7 39 17 84 60 67 39 63 100 97 30 41 91 59 5 58 93 69 60 45 80 51 20 52 78 97 97 35 61 56 90 25 22 36 83 79 66 93 64 2 22 90 37 25 46 99 41 7 6 37 102 17 69 30 91 71 68 4 9 76 36 34 63 57 90 83 10 31 33 94 81 25 73 19 12 25 102 91 48 73 89 99 35 54 13 16 102 17 33 22 64 18 51 45 3 2 6 44 69 61
74 51 40 43 5 1 6 55 88 25 92 66 65 95 44 75 39 3 73 56 81 42 53 92 47 45 52 59 30 56 74 66 8 38 30 25 50 35 46 -1 33 51 11 15 44 7 41 27 30 17 99 67 27 10 74 15 21 11 2 78 39 -1 53 68 56 35 39 42 70 89 96 70 77 41 74 60 86 -1 41 9 32 45 18 95 55 38 13 64 40 28 81 63 2 56 32 49 77 6 59 67
46 60 64 48 11 29 93 15 96 32 63 64 5 22 27 66 18 65 56 25 4 32 65 48 85 38 59 54 24 79 100 83 82 13 22 99 29 30 43 18 34 64 63 53 86 10 7 95 57 17 22 22 8 45 18 57 77 96 37 75 18 42 34 7 45 96 54 63 28 32 18 43 56 15 90 97 88 43 91 53 52 30 25 20 48 78 55 34 44 3 100 13 64 100 68 73 18 36 27 26
12 61 2 1 82 19 57 7 9 56 34 24 87 55 62 5 44 14 31 49 7 9 98 14 70 17 36 -2 87 75 91 36 31 24 75 -1 86 37 57 71 89 75 31 25 52 28 19 32 92 54 56 76 43 76 17 71 16 18 23 14 50 50 3 54 42 19 35 85 2 49 79 27 61 89 40 0 59 22 8 51 32 50 28 49 10 80 18 8 21 77 3 80 47 55 72 1 95 24 47 59
79 23 72 3 59 95 44 94 94 65 28 7 54 99 3 85 6 87 5 36 57 67 13 62 23 76 31 62 47 80 27 83 29 60 16 42 25 24 32 5 80 47 45 16 15 30 75 94 39 18 14 84 76 4 45 100 8 7 35 82 97 95 32 17 32 12 35 98 59 36 6 4 80 94 12 23 95 54 99 60 33 75 34 16 67 55 70 43 28 38 89 27 48 10 94 100 42 87 17 12
85 96 14 43 18 23 94 26 69 -3 23 96 58 57 44 9 36 24 76 63 38 19 88 31 96 41 70 31 30 90 75 35 46 18 9 19 22 59 38 78 7 1 55 75 78 31 84 10 15 10 48 39 83 -2 99 5 41 93 15 0 48 12 22 92 17 90 23 26 96 42 51 64 96 1 48 31 32 96 43 75 86 42 50 17 77 29 47 26 21 48 83 12 21 95 77 21 51 56 84 71
19 93 12 45 91 70 16 36 34 2 76 60 42 80 54 45 16 60 48 94 76 29 58 68 60 74 93 96 50 18 45 92 59 69 6 92 89 61 68 60 97 67 45 22 63 9 78 80 7 96 51 82 34 47 94 43 97 100 8 23 51 39 34 99 29 89 91 85 28 100 79 97 96 54 88 66 26 97 62 85 33 38 13 43 25 10 3 23 63 32 31 11 53 16 48 63 52 42 73 3
12 75 72 78 34 35 8 88 34 31 58 84 30 2 95 7 15 23 49 30 64 14 40 21 50 33 50 0 57 37 26 42 62 82 35 45 54 15 94 78 71 24 54 0 3 95 91 43 71 51 78 9 7 10 17 85 12 73 12 12 5 95 21 93 87 54 56 5 58 41 54 -1 82 0 12 67 53 89 66 93 44 52 64 93 31 24 93 -3 63 22 59 12 28 24 87 86 83 57 88 54
67 77 91 48 82 50 45 5 40 44 36 85 85 99 88 47 80 92 35 83 12 31 61 20 8 65 101 19 62 90 42 4 90 66 86 85 79 67 5 92 60 31 60 27 75 66 35 82 83 54 47 49 87 71 34 38 64 21 88 56 95 2 89 22 36 61 21 47 40 62 7 98 66 17 70 70 95 98 29 53 80 96 97 1 7 53 78 99 84 58 70 12 92 65 11 36 33 40 18 36
61 44 73 -1 90 33 11 51 9 57 73 29 54 77 76 46 75 30 28 94 60 83 13 3 98 34 55 18 85 61 4 55 84 84 101 59 7 6 23 3 75 29 34 28 2 12 75 57 100 66 44 71 73 90 24 71 19 68 30 32 53 61 7 77 15 41 60 93 20 72 29 46 84 18 36 40 18 49 84 19 31 78 9 2 73 85 52 84 71 41 10 69 46 38 67 8 90 72 7 93
63 60 65 45 20 9 92 9 14 1 30 45 32 60 67 31 13 86 28 12 53 5 83 45 60 1 82 16 49 34 36 62 40 61 20 53 45 9 51 11 54 77 22 75 71 82 78 2 88 94 23 79 46 57 3 83 25 9 70 40 45 7 45 66 81 61 19 28 17 65 75 88 27 67 35 48 43 59 101 57 9 52 36 90 40 61 91 73 81 73 64 72 72 74 31 35 28 63 12 27
21 59 42 79 30 23 16 51 7 6 101 13 99 67 100 39 80 60 37 -1 85 47 29 24 24 90 9 61 40 53 101 47 33 68 69 -1 86 93 8 34 61 55 81 5 15 12 25 81 48 46 49 45 38 73 2 53 74 5 60 49 33 2 89 7 9 7 65 14 83 43 8 5 29 50 41 13 94 95 48 82 49 14 6 74 33 19 58 69 78 81 96 59 32 52 48 9 90 34 5 70
40 46 41 1 82 17 54 55 20 10 26 43 48 91 54 76 35 78 101 17 8 68 58 8 58 76 21 75 48 67 32 36 95 55 70 31 79 13 81 64 26 64 41 5 11 35 12 4 84 55 83 34 102 69 30 62 32 22 40 67 40 9 80 57 21 44 21 2 38 52 96 36 11 79 42 27 83 21 21 80 21 20 43 86 55 74 94 99 20 22 81 72 98 38 32 68 67 41 39 17
26 2 50 60 90 67 96 40 87 92 97 75 44 48 74 79 14 74 89 44 78 84 30 73 43 74 88 95 21 92 64 27 83 51 50 9 63 79 85 70 51 90 26 64 82 19 20 36 16 39 13 82 48 53 86 84 18 20 72 12 3 74 42 13 55 63 63 18 10 33 3 41 50 52 75 53 96 -3 82 58 39 83 40 40 55 48 78 64 52 76 53 89 77 86 45 58 72 82 52 19
16 2 4 46 88 88 30 79 13 87 68 50 86 89 63 44 52 66 18 1 47 24 100 100 92 19 31 89 35 59 35 95 10 2 50 3 90 40 58 99 69 68 55 34 84 24 64 61 68 83 70 81 86 1 52 25 43 97 21 2 34 80 58 33 44 35 6 83 33 4 99 37 96 99 82 33 25 24 11 12 99 6 52 29 76 37 26 13 70 3 101 55 96 66 15 47 88 28 47 18
93 46 76 25 15 5 68 32 12 60 76 54 16 22 52 23 4 76 39 31 64 72 57 44 49 45 69 85 45 4 90 54 20 68 40 -1 76 29 54 6 46 63 82 47 97 4 85 82 30 61 61 73 15 55 24 44 17 -1 17 93 6 1 63 44 33 66 23 82 97 64 63 29 29 37 69 82 83 -3 58 32 93 5 87 59 68 68 66 31 36 84 66 70 14 70 77 25 50 49 32 28
50 54 100 53 92 40 90 95 70 82 71 35 51 19 43 93 20 4 81 70 99 20 46 79 63 50 51 65 34 66 67 77 58 81 61 70 54 45 30 49 5 10 36 14 39 41 3 8 29 29 26 93 22 73 35 57 18 17 33 92 67 42 46 21 29 20 82 44 3 77 53 3 34 21 34 39 63 19 54 92 63 53 78 42 39 98 23 87 64 14 71 1 54 86 85 30 102 79 100 28
99 25 68 47 49 32 75 93 4 86 57 73 54 79 6 96 19 66 89 47 75 52 94 30 39 68 74 63 27 82 44 21 8 21 31 11 80 -2 9 12 63 93 62 91 97 13 85 58 12 56 15 33 12 80 23 7 64 70 96 43 71 89 59 68 53 4 53 51 97 47 39 96 14 30 22 35 60 66 10 31 12 30 9 57 42 40 6 81 37 13 64 12 39 5 37 45 98 41 54 -1
50 91 72 93 96 4 48 60 25 9 64 52 54 70 69 14 83 85 79 17 32 59 85 57 30 55 92 9 53 66 31 30 21 15 89 71 24 19 87 80 51 29 87 27 29 11 60 39 79 80 46 76 12 92 44 19 14 47 45 39 101 19 47 24 13 43 51 55 26 8 21 37 68 45 89 15 30 35 28 27 93 83 98 68 85 71 26 71 35 1 47 39 62 59 59 9 58 81 12 49
4 59 93 49 91 3 68 10 17 44 25 35 32 -3 43 82 70 59 45 80 35 61 14 31 62 47 56 70 46 6 73 0 22 -2 60 19 58 44 79 81 17 8 71 57 90 88 68 84 3 30 18 29 14 72 100 4 52 9 33 35 91 95 52 6 17 55 64 31 96 50 97 91 31 84 34 64 20 90 23 94 57 39 41 25 100 35 84 48 26 65 83 36 11 36 84 3 36 -2 38 8
10 54 31 86 87 10 37 32 29 72 30 33 92 77 13 72 54 36 87 61 84 36 18 38 34 16 40 26 96 74 28 78 98 38 51 78 101 78 89 39 100 95 22 53 31 99 66 34 98 55 13 30 9 31 10 56 34 82 76 52 75 55 47 50 93 8 38 79 76 88 46 40 40 35 100 41 57 31 36 60 65 51 20 96 75 11 67 42 92 83 11 15 19 58 49 60 27 39 72 39
15 67 90 21 49 89 19 -3 40 50 44 95 82 14 3 85 76 22 23 48 78 84 15 -3 82 35 28 85 19 72 24 13 68 64 39 16 19 43 2 83 86 34 20 56 68 4 24 14 85 4 60 60 59 50 45 90 90 40 52 38 94 50 97 70 97 24 74 8 50 27 70 51 8 87 28 87 60 46 38 76 29 73 50 8 32 12 77 35 20 64 3 32 17 37 72 95 72 25 100 94
3 32 3 36 29 46 38 82 71 15 70 89 98 80 29 45 86 95 91 33 22 52 61 19 66 4 88 49 88 23 30 54 62 15 27 44 4 55 12 98 61 94 100 39 74 46 83 20 80 37 64 36 43 94 97 12 12 9 49 24 102 13 84 41 40 74 24 97 70 21 18 34 44 4 87 84 89 73 78 6 58 79 92 11 3 91 11 74 42 33 50 57 14 45 32 21 95 9 69 70
22 51 67 85 15 16 3 40 2 32 100 18 78 28 39 86 71 4 68 96 95 8 33 36 47 28 43 9 76 18 85 68 10 42 81 73 101 29 6 38 11 19 25 -3 75 93 12 58 86 60 88 26 32 7 68 64 76 -3 71 54 99 42 34 47 65 68 74 52 39 23 24 56 74 89 10 67 40 96 56 83 82 46 38 -3 17 10 50 0 62 61 61 22 34 87 25 11 46 18 71 75
79 89 81 22 74 62 20 73 34 56 77 35 63 69 59 5 41 43 36 84 25 19 82 33 37 25 47 87 18 55 44 78 7 42 27 100 91 11 65 87 14 58 86 51 77 4 19 87 54 6 93 28 35 65 78 95 85 67 31 81 45 75 76 66 8 94 16 52 14 21 75 4 98 85 82 44 39 4 87 62 37 62 79 92 32 54 63 95 57 18 38 3 23 33 48 67 30 29 89 74
70 29 93 0 49 42 39 96 59 1 37 49 87 14 48 31 67 57 14 85 26 4 64 76 21 53 56 69 98 1 95 83 79 29 95 67 81 32 36 17 13 64 72 61 36 39 82 12 76 80 15 19 80 68 82 3 64 3 47 18 35 86 33 39 34 55 32 24 92 26 3 90 22 40 72 67 87 13 37 10 61 58 5 82 69 46 96 26 23 46 81 0 16 14 14 54 7 33 4 93
27 89 89 71 65 66 75 32 81 97 28 72 21 24 67 82 75 11 27 42 46 65 22 87 46 67 58 72 82 42 51 87 53 4 66 93 18 67 73 41 86 13 29 70 85 59 28 26 9 5 26 12 102 69 48 78 61 71 3 27 102 79 74 3 80 53 48 23 15 14 42 86 14 82 9 19 87 17 99 73 31 39 9 39 62 74 95 98 56 46 56 83 63 96 79 85 84 94 42 10
36 77 90 44 57 54 76 77 55 23 24 58 100 68 14 18 92 59 14 83 38 45 52 37 7 12 48 61 71 68 16 79 18 32 37 7 59 94 68 10 33 43 73 86 43 43 93 66 83 89 65 34 7 56 52 5 63 94 35 52 60 57 3 56 89 52 9 7 97 51 45 41 21 28 36 11 47 30 14 18 94 19 25 43 50 81 52 77 94 16 81 59 92 21 19 87 36 68 71 -3
102 98 26 63 42 36 67 72 89 11 102 2 33 69 33 94 76 91 30 46 83 90 61 16 63 4 12 17 85 29 73 42 96 56 38 40 36 30 30 28 70 61 95 96 49 80 44 50 63 61 9 21 34 80 54 37 77 30 32 67 16 81 26 19 61 86 100 76 82 51 92 52 101 98 32 50 62 43 27 4 39 76 53 8 6 85 38 18 44 63 35 65 102 5 8 89 22 67 23 72
34 69 22 12 85 13 66 -3 11 7 72 16 85 15 78 74 70 3 8 36 72 47 2 68 65 39 82 40 70 17 40 16 99 1 28 12 52 64 93 23 29 51 34 11 61 5 99 73 87 63 23 -1 16 19 87 48 72 60 58 -2 97 48 64 27 18 7 13 19 91 56 17 20 40 38 90 60 56 51 94 59 12 31 74 85 25 91 89 53 37 56 55 24 61 17 60 68 92 55 53 50
33 80 34 4 83 40 31 32 70 40 93 59 29 94 79 51 32 15 52 44 64 58 14 74 78 35 53 43 26 93 13 72 38 48 38 29 65 48 74 26 12 27 96 39 100 24 101 20 56 19 84 15 3 63 14 48 34 68 55 69 89 29 66 10 23 90 64 55 31 42 3 76 31 86 18 35 53 6 94 42 48 22 8 77 46 22 31 4 28 3 24 23 15 75 65 19 6 38 43 15
67 58 29 36 68 54 52 67 83 61 75 36 35 26 34 32 29 11 10 56 35 1 37 64 19 80 13 36 75 53 89 12 25 4 81 28 32 23 62 13 86 18 16 96 17 75 60 5 78 67 68 38 100 6 97 25 40 16 81 2 90 89 10 64 66 68 18 78 3 33 99 75 9 78 64 78 65 91 86 58 62 5 15 46 45 43 62 87 6 52 28 59 95 44 41 32 39 89 68 4
59 13 40 98 36 45 84 53 63 81 71 76 87 4 12 49 17 80 98 15 32 100 69 17 75 82 4 14 84 30 90 26 28 25 58 91 90 36 31 55 59 34 98 35 100 76 39 89 46 78 58 85 33 36 48 13 14 37 95 29 45 68 62 80 68 65 13 5 66 69 44 82 55 79 80 42 37 10 3 45 42 9 87 81 71 1 52 26 7 87 97 69 33 48 100 94 67 56 67 100
85 23 66 95 11 28 74 51 72 86 58 81 4 54 50 67 22 76 42 89 67 9 7 27 88 14 88 50 72 76 28 53 77 71 89 71 85 85 38 51 17 65 64 60 63 66 88 29 70 23 8 50 82 -2 7 95 90 5 50 7 40 36 13 8 82 91 22 37 85 34 96 27 22 58 53 34 48 18 95 95 22 10 51 26 79 73 40 43 72 41 31 8 17 30 43 8 86 38 85 77
57 94 40 98 18 56 36 9 73 14 21 28 54 1 93 20 22 39 26 65 80 64 13 56 38 68 58 1 72 31 33 41 88 67 47 34 78 54 26 90 50 88 3 99 76 34 4 25 33 51 92 11 35 76 53 71 56 83 54 23 102 44 94 63 48 44 37 44 102 42 93 2 36 74 19 34 30 68 65 96 42 29 39 84 44 38 50 19 96 13 59 62 24 69 45 52 43 7 38 50
33 72 33 79 93 53 65 34 101 8 47 5 52 73 20 29 18 56 28 26 30 63 17 88 101 51 2 48 99 60 83 2 91 96 79 34 79 66 66 74 72 -2 19 55 42 23 58 72 26 27 54 46 80 30 9 63 69 95 47 65 75 14 40 31 32 84 16 0 63 12 92 65 75 93 80 88 82 19 75 53 61 72 73 24 47 12 90 18 14 49 59 93 91 48 52 91 40 2 39 37
65 9 26 2 101 3 15 44 83 15 55 20 50 27 73 15 62 81 60 12 80 64 99 86 91 40 14 66 36 7 26 49 20 43 30 86 4 18 76 21 64 85 27 12 68 33 71 97 60 49 51 68 97 25 92 21 20 87 69 68 16 44 38 12 67 89 61 17 55 6 96 96 54 2 78 7 93 87 30 48 91 94 46 78 39 66 56 43 44 90 31 95 10 11 49 66 71 9 92 78
2 86 12 27 9 85 87 59 82 72 95 6 39 76 22 92 6 59 39 70 73 24 35 80 72 4 91 83 52 1 69 49 72 75 30 23 62 28 89 88 68 58 60 -2 83 6 17 71 27 65 97 81 26 67 7 -3 94 32 39 10 59 78 90 75 79 8 100 94 89 92 51 63 80 82 51 38 63 14 14 24 89 71 81 78 14 16 63 52 36 1 101 82 56 43 9 9 73 27 30 62
10 83 92 48 102 92 42 7 93 64 69 5 98 99 61 14 44 70 31 45 94 83 51 14 38 27 64 27 8 76 13 90 4 3 11 28 35 85 91 14 82 75 39 4 51 86 66 8 57 95 98 7 79 57 75 70 66 9 28 29 30 11 85 11 63 74 53 19 9 6 10 20 90 93 62 5 51 51 62 37 87 65 87 22 41 24 54 4 41 14 98 9 4 66 9 26 59 49 90 44
97 34 45 51 3 60 40 23 33 33 36 95 41 74 48 15 93 4 55 86 88 82 87 6 48 10 81 82 40 61 34 69 74 27 98 72 40 34 60 5 19 89 26 25 15 23 89 12 84 95 71 86 72 13 64 18 9 59 65 18 52 12 73 62 81 54 57 45 73 1 31 17 100 88 59 34 18 82 15 82 77 18 55 42 39 79 97 -3 50 79 43 86 85 54 26 52 32 88 65 44
87 49 55 96 42 62 22 74 39 23 9 48 67 24 8 99 80 19 42 20 69 47 6 49 46 31 34 48 34 8 5 91 49 29 13 85 12 43 55 4 22 35 20 74 10 92 76 32 18 12 39 33 45 11 52 55 48 9 66 44 39 15 14 91 19 87 89 44 40 75 77 30 86 17 96 36 96 92 74 35 29 16 46 72 3 2 26 87 43 74 58 99 16 3 26 39 75 77 4 41
96 3 22 15 47 38 26 61 26 32 40 94 77 -3 92 69 8 42 73 90 58 16 70 91 53 26 28 0 60 22 89 81 99 25 17 68 88 74 15 38 31 70 12 24 85 14 58 8 89 11 22 67 72 71 76 38 81 11 56 63 68 5 73 87 40 30 70 -1 34 21 80 11 101 3 24 91 17 91 73 80 69 90 91 51 9 47 67 2 19 72 100 72 41 55 97 52 47 -1 92 49
64 78 74 31 56 29 35 92 97 54 54 92 46 84 23 52 62 21 94 60 55 75 51 21 96 100 64 71 59 11 44 27 41 12 31 8 23 92 79 34 49 56 49 72 76 21 35 80 33 17 19 62 37 2 55 44 79 99 92 52 32 63 100 52 80 98 42 18 57 99 41 72 62 72 28 37 100 20 11 48 14 58 12 54 8 77 11 66 44 50 21 100 73 58 51 66 22 39 54 6
72 12 59 32 79 68 74 41 79 51 100 46 74 93 50 87 45 69 77 39 52 77 17 77 93 61 16 25 47 27 87 21 5 13 49 -1 14 43 25 94 72 44 55 89 90 92 61 88 41 75 16 42 4 80 23 32 91 36 94 51 8 51 90 0 2 42 57 84 89 49 18 56 15 90 87 39 80 25 80 13 99 64 49 58 86 66 17 11 53 52 26 75 88 80 4 30 30 6 31 57
102 80 72 3 55 10 44 97 88 7 33 67 60 9 53 31 53 54 10 31 90 64 98 38 86 26 69 84 16 93 27 91 12 43 92 79 76 4 22 85 68 23 48 14 48 89 67 94 26 57 57 46 85 79 50 84 21 82 38 40 102 99 30 13 60 4 96 12 85 72 98 92 14 34 95 48 50 68 36 77 23 43 5 79 83 86 33 21 71 37 32 66 41 15 9 19 6 14 73 23
90 19 85 2 2 52 39 53 9 55 73 88 10 65 53 32 89 73 67 61 29 67 11 96 2 1 90 73 93 79 59 67 28 18 16 87 65 87 32 25 58 26 46 67 84 67 50 68 7 7 47 25 90 92 69 58 12 18 63 66 39 71 42 21 3 62 46 84 84 75 18 73 56 26 90 14 63 64 5 68 84 91 53 33 53 17 60 90 13 49 97 63 52 18 89 56 55 74 92 33
12 67 73 91 75 47 51 91 26 93 33 56 101 97 99 57 60 36 44 28 52 78 101 15 68 73 4 80 55 30 84 25 19 19 56 14 88 82 41 3 57 54 19 18 71 80 101 63 54 28 57 71 88 70 91 53 15 62 101 55 19 88 48 60 65 29 7 46 3 53 35 56 29 7 11 78 76 61 73 22 61 17 16 20 37 3 100 59 7 98 16 2 55 89 16 69 96 83 49 68
7 23 78 89 99 67 35 65 16 88 47 0 100 16 34 1 27 92 97 7 55 85 27 68 28 29 55 21 63 20 25 91 42 64 29 75 45 49 42 39 99 72 18 14 18 30 75 42 88 73 44 82 14 79 19 71 61 3 30 85 72 56 61 50 5 12 18 2 10 5 63 1 35 93 11 70 45 52 22 45 64 74 65 70 36 32 50 21 39 28 75 86 50 80 46 79 68 92 38 18
82 20 15 68 76 81 78 68 82 15 74 16 48 44 52 20 71 8 68 8 65 35 13 20 46 26 46 57 34 37 62 85 98 4 3 40 63 80 12 94 4 35 71 87 41 80 85 91 75 83 26 80 19 45 76 58 49 28 38 45 5 33 70 46 69 44 72 31 16 81 4 78 100 26 42 1 47 14 93 71 53 8 50 85 57 16 72 19 35 44 70 80 86 19 26 49 37 45 71 82
32 37 99 38 27 88 77 83 77 82 19 70 23 61 8 0 28 69 62 24 38 61 47 63 6 66 57 62 45 13 41 25 22 43 101 84 99 70 27 75 94 63 29 88 11 63 22 17 16 82 70 12 52 66 45 -1 72 34 72 44 48 74 38 76 59 -3 85 6 89 3 20 49 65 93 33 51 55 67 89 18 6 61 11 44 41 95 37 30 37 90 96 3 34 84 66 23 66 22 47 26
68 12 18 94 55 54 38 32 55 29 41 13 84 83 53 68 95 55 62 30 4 18 37 17 80 4 52 79 16 5 71 56 59 6 81 82 34 41 21 39 32 50 17 68 42 20 93 72 93 29 4 85 47 92 68 50 25 63 29 15 64 37 21 73 24 39 72 8 18 4 35 88 22 99 77 97 38 42 71 12 8 48 7 47 63 34 51 26 77 86 61 73 6 25 69 53 74 61 74 13
29 68 31 48 88 7 23 36 50 85 96 7 20 50 7 63 46 48 64 90 40 8 78 52 53 77 29 82 99 0 42 48 85 19 11 55 62 38 58 90 78 1 12 16 70 96 98 71 86 13 76 32 66 48 50 58 47 59 39 44 31 96 76 79 2 71 2 0 8 27 60 46 57 74 69 80 24 73 7 81 93 68 25 96 29 67 67 41 79 33 42 79 21 8 12 76 44 -3 57 94
15 94 92 70 102 19 37 47 74 65 14 19 45 55 35 50 34 96 66 98 54 55 17 13 55 3 56 76 75 69 84 31 6 51 23 80 74 54 35 73 56 6 81 59 63 57 56 51 36 44 68 58 63 71 15 80 83 21 17 22 49 10 90 67 84 58 89 88 77 45 91 92 99 6 15 24 14 96 27 68 101 83 43 43 101 71 33 98 78 11 96 82 23 8 65 58 95 87 73 34
72 40 22 73 93 54 54 70 28 20 63 -2 76 4 7 2 84 32 12 43 23 49 71 36 92 10 79 84 18 6 99 52 26 51 44 38 91 91 77 26 59 48 69 35 101 48 33 17 16 19 49 77 18 21 28 42 54 83 8 39 79 23 75 86 71 37 99 61 22 59 36 30 43 3 79 31 25 11 96 86 60 73 48 59 12 87 4 72 93 61 84 94 92 -2 35 83 4 34 18 30
44 21 21 21 13 5 20 15 66 19 37 73 53 64 86 28 63 11 60 22 92 45 74 38 24 38 25 58 6 7 99 26 11 66 39 19 13 59 94 9 85 94 55 51 25 32 6 66 21 83 81 9 69 11 74 99 80 66 101 47 76 3 13 100 71 86 33 80 50 4 3 2 92 79 24 5 65 93 44 38 37 2 97 28 41 65 44 37 29 67 67 26 10 74 42 26 90 31 9 29
73 48 75 13 69 53 37 21 98 31 65 4 99 45 31 2 9 95 53 13 33 11 20 8 87 78 30 23 90 11 100 39 67 68 40 12 27 6 69 41 90 53 41 0 89 0 76 90 74 77 58 29 18 41 35 13 94 46 71 55 31 38 54 44 77 83 7 32 79 96 69 94 78 21 36 4 63 76 84 74 67 70 101 45 62 43 65 12 58 30 10 1 98 51 38 47 62 6 82 31
47 76 78 99 27 57 36 61 67 93 97 22 14 76 40 68 11 88 74 43 25 20 80 2 27 10 78 88 65 91 10 81 83 6 68 55 8 38 84 6 64 43 88 30 24 86 92 20 15 51 86 11 46 46 54 84 49 79 15 4 11 97 30 50 30 32 11 96 9 48 55 41 95 27 40 34 100 93 18 85 99 6 67 57 99 50 34 64 63 73 97 49 39 20 72 60 91 51 72 34
58 18 51 8 66 78 40 10 74 90 19 28 47 1 31 10 29 35 51 21 31 87 80 9 43 93 64 19 37 19 18 44 87 37 21 19 53 37 5 24 73 27 63 82 26 94 67 0 23 85 5 42 2 95 76 64 52 65 76 21 35 -3 70 81 6 29 101 63 34 20 23 81 3 59 35 19 13 78 90 59 91 63 13 48 51 21 98 49 26 53 79 29 95 86 62 96 9 8 88 89
55 53 34 29 59 50 14 82 72 62 25 79 97 75 100 86 60 91 59 72 83 67 34 25 52 23 34 12 11 38 32 87 4 83 21 53 64 75 71 15 34 53 7 70 90 25 98 8 5 54 70 19 41 15 5 38 66 73 50 85 93 99 58 89 26 70 38 43 32 77 99 47 20 94 13 75 83 34 83 18 83 90 87 34 4 84 101 59 51 82 37 38 93 22 9 23 57 57 54 35
53 22 63 67 75 88 15 71 37 45 33 3 55 83 61 71 53 96 35 17 28 11 55 72 4 4 15 58 78 83 28 7 7 1 73 64 41 89 58 35 89 84 7 21 24 72 35 19 74 31 17 30 101 42 88 46 12 85 92 7 8 35 6 4 97 29 90 41 35 70 66 91 83 15 55 82 21 72 39 5 4 34 62 40 61 57 56 34 43 12 57 17 98 88 44 56 13 95 43 0
75 63 70 24 50 53 48 87 32 73 40 62 9 82 33 9 9 91 62 55 49 65 73 25 81 13 56 63 21 34 93 36 12 82 58 82 89 65 31 59 42 19 91 88 79 51 98 5 13 67 55 83 12 74 18 94 14 68 82 61 69 98 94 35 101 17 62 45 96 44 17 40 11 53 22 74 58 35 28 57 87 1 22 33 75 1 86 31 78 62 95 60 30 95 5 42 87 10 57 76
2 61 82 68 62 56 52 4 86 60 2 85 85 93 6 19 98 5 96 71 76 95 15 69 60 13 12 10 20 77 89 22 41 78 6 22 13 32 19 36 84 54 51 7 42 70 49 87 39 72 49 37 70 67 66 74 88 5 82 9 101 63 34 48 44 51 23 47 12 92 43 45 42 3 17 15 11 27 53 18 56 24 88 76 41 66 38 3 24 51 30 22 36 91 71 56 57 88 8 43
16 94 14 51 49 72 44 24 53 23 78 13 43 1 94 64 70 26 92 67 100 1 31 4 37 74 91 80 83 25 81 62 82 78 93 26 41 17 90 12 30 68 49 50 78 23 9 100 46 70 79 72 26 91 37 33 28 16 21 58 49 6 42 17 91 59 58 63 77 57 66 17 41 79 9 18 13 24 81 61 4 20 91 8 81 33 33 25 90 77 82 77 5 28 25 57 97 15 59 45
36 38 100 28 67 19 80 32 73 66 26 50 80 94 32 23 26 88 11 31 27 21 68 -2 34 68 84 14 90 13 4 42 44 51 25 29 54 93 54 5 90 23 37 94 100 55 19 54 40 -1 75 -2 53 36 50 51 4 76 98 29 3 72 70 53 21 40 93 36 13 35 10 15 54 32 87 38 79 60 96 39 77 10 59 14 6 21 101 -2 27 46 2 45 22 17 35 36 55 69 11 87
48 56 56 27 100 35 87 96 64 59 92 7 60 51 83 20 92 57 54 80 58 62 45 82 43 95 46 4 5 2 6 52 3 83 93 7 6 80 45 96 87 92 86 45 86 7 28 8 45 48 79 42 9 19 72 83 32 86 90 7 17 88 12 40 52 63 11 6 30 17 70 89 51 52 11 33 70 62 38 85 22 48 89 24 97 27 33 45 29 71 23 82 86 15 89 87 88 53 5 23
64 52 85 36 39 22 71 69 99 14 43 23 13 51 67 39 8 78 12 14 69 93 88 83 18 44 52 7 59 53 9 19 13 85 78 69 49 88 96 47 27 65 15 68 87 63 23 11 92 96 89 61 26 71 88 81 40 4 44 22 20 77 77 59 101 14 62 28 48 24 5 28 80 87 36 37 51 39 69 1 82 58 16 26 84 6 65 41 13 73 17 65 4 8 57 50 2 14 79 59
60 52 12 69 97 55 7 79 43 2 25 93 32 83 27 40 32 49 9 66 92 29 50 58 32 31 22 45 98 21 16 28 71 85 45 45 88 72 68 19 45 43 47 70 91 13 70 27 89 57 97 31 92 76 82 68 33 39 102 27 51 24 48 41 69 35 95 38 26 56 51 81 25 82 84 62 93 56 66 77 47 14 51 84 92 56 83 40 4 12 57 69 20 25 9 29 94 12 87 8
51 11 58 78 2 24 53 66 76 15 87 -2 43 42 25 25 60 24 36 0 83 84 63 69 85 79 88 12 28 63 81 7 20 63 60 79 36 70 47 40 26 79 69 39 59 65 15 57 99 -1 55 40 54 66 36 57 3 95 49 32 6 49 92 36 54 77 21 51 38 10 61 75 43 95 39 82 35 64 93 8 23 95 19 63 71 53 65 75 90 27 71 65 39 7 38 85 32 38 52 68
20 92 46 32 35 11 73 20 23 96 67 32 58 16 39 16 14 1 82 33 27 23 24 2 84 85 15 40 6 42 85 27 47 64 89 70 35 6 77 1 53 97 66 91 59 44 42 95 61 87 56 45 85 68 55 13 21 61 91 80 28 97 72 73 39 97 17 40 46 79 101 58 32 61 55 2 71 83 90 25 98 45 5 36 90 90 19 86 64 24 30 37 24 87 18 95 79 87 28 65
7 32 61 9 64 90 61 72 93 3 14 22 40 69 40 30 96 54 13 39 93 48 43 44 69 14 23 94 54 -3 39 59 92 10 8 25 100 18 47 91 86 28 83 14 91 94 36 3 95 9 54 4 19 20 60 40 10 16 66 21 24 45 73 88 18 24 96 81 101 8 81 16 87 24 82 49 11 54 12 19 43 32 69 86 58 55 21 64 95 52 99 -2 4 68 58 18 96 37 101 71
43 26 60 11 69 38 38 71 28 8 61 29 22 24 13 97 47 80 9 12 35 68 78 1 88 67 55 32 95 66 49 31 31 95 36 82 7 41 46 76 57 48 77 62 13 8 18 72 72 100 88 81 95 38 8 35 81 31 13 24 36 82 69 70 49 17 80 76 81 23 43 45 61 82 35 81 8 79 61 51 34 35 82 83 3 83 26 77 68 22 54 77 14 86 83 69 33 85 70 69
101 79 89 50 21 -2 75 19 35 52 57 47 25 38 73 38 87 62 96 93 4 58 67 6 33 56 5 60 61 31 94 91 58 57 87 33 46 85 22 86 22 57 83 78 45 78 20 36 41 38 42 31 31 48 45 79 84 69 83 69 83 20 96 94 91 87 15 57 92 43 24 50 67 35 16 78 25 0 9 74 4 15 89 84 12 10 34 9 28 -3 46 39 58 21 24 5 93 77 93 31
22 61 22 88 53 84 10 78 98 63 26 67 78 53 47 33 101 63 17 21 23 72 91 27 32 57 24 47 34 11 69 37 76 73 36 30 68 1 82 70 69 54 53 39 61 60 6 63 28 99 9 4 57 40 90 78 29 33 45 45 7 69 34 70 81 96 90 60 73 93 41 48 37 77 92 93 12 59 69 61 20 27 99 30 29 83 22 77 75 34 79 4 8 96 61 41 74 39 46 12
73 63 25 16 20 17 12 48 36 32 94 81 37 -3 90 50 29 19 29 75 46 10 17 65 30 69 67 63 55 62 74 -1 28 67 77 77 17 78 26 50 99 34 80 89 40 86 93 68 68 68 101 83 37 12 39 23 91 10 4 0 65 72 45 90 80 48 35 88 93 89 81 67 57 80 59 75 77 72 16 78 11 3 79 47 57 29 19 35 81 0 68 -1 90 9 42 68 11 36 51 92
83 96 88 41 28 10 27 43 101 70 5 85 50 67 91 89 53 74 65 89 40 45 41 86 84 92 7 58 23 60 43 52 29 20 63 36 68 30 90 82 6 56 87 5 96 70 5 41 51 70 71 61 47 40 50 55 24 59 4 41 40 65 52 97 38 2 6 52 94 34 46 11 98 63 61 34 99 65 15 37 36 96 15 39 61 91 63 21 90 71 12 31 47 93 49 30 68 19 95 21
11 93 82 -3 79 49 92 96 86 1 46 95 38 17 58 34 53 27 93 54 63 -1 42 45 35 51 47 20 32 49 11 46 83 16 4 42 69 42 48 62 39 33 89 58 64 83 87 47 96 71 46 77 57 75 79 27 92 41 52 61 36 72 86 85 11 -2 80 56 37 56 46 45 76 27 53 21 34 -1 70 24 52 95 77 49 66 24 46 56 100 67 26 4 35 64 70 9 50 19 23 86
73 80 38 64 76 24 53 22 59 75 44 77 102 44 83 17 48 67 98 25 72 15 85 66 20 49 39 45 45 66 90 60 73 55 9 96 20 93 10 23 33 55 22 91 94 43 9 46 18 4 33 8 100 22 16 23 19 45 5 87 91 53 5 37 60 12 11 96 62 49 90 56 57 13 33 1 18 74 97 24 87 74 44 83 44 3 26 63 41 73 76 91 23 13 16 26 18 5 14 99
17 60 58 53 83 38 79 45 6 36 42 50 5 86 75 54 32 70 9 35 26 52 20 37 24 69 62 79 59 76 87 68 86 9 61 37 91 76 22 88 54 67 84 80 45 24 21 23 94 11 42 51 38 56 72 70 68 70 85 60 15 66 3 80 90 47 35 -2 75 57 95 27 75 48 19 61 101 31 37 51 16 48 2 74 62 51 43 11 73 4 46 78 50 11 61 94 48 -1 35 35
73 89 32 58 68 77 37 27 18 54 84 86 18 69 13 72 48 4 83 44 96 89 83 12 102 3 50 97 62 94 95 98 8 39 33 35 21 27 88 88 41 87 94 77 63 41 14 62 62 77 40 83 37 41 77 96 44 43 19 25 36 91 9 53 64 84 49 97 35 71 68 79 96 71 62 52 88 94 55 19 75 86 68 8 84 13 67 95 82 54 87 59 27 75 38 1 76 40 92 75
73 95 33 0 93 85 62 85 56 86 16 66 70 43 44 91 70 18 64 46 59 86 69 0 3 37 40 80 56 44 68 48 36 67 42 12 51 95 91 24 41 32 53 32 77 67 23 72 61 12 10 73 8 72 35 12 43 12 37 35 40 62 42 32 57 94 10 19 51 86 33 94 30 13 64 87 26 72 97 33 67 64 46 80 5 81 80 37 51 5 81 71 54 -1 16 60 32 37 7 15
14 63 49 84 56 59 90 49 41 20 9 23 80 89 21 14 64 26 36 94 100 82 74 64 16 62 48 28 65 46 65 37 100 40 95 1 49 10 24 74 36 70 62 84 34 69 9 9 52 63 95 47 102 48 95 73 49 18 78 24 42 91 17 28 44 92 66 10 23 52 69 20 59 85 76 35 93 43 70 6 29 65 71 54 98 90 57 5 38 17 96 35 34 66 64 68 99 98 61 45
79 27 95 82 46 26 56 45 65 81 17 50 13 63 68 90 78 7 90 73 93 0 23 23 17 76 58 85 18 21 71 67 34 21 47 3 8 12 93 63 35 14 23 50 71 65 96 37 27 0 53 15 50 65 25 72 27 78 25 25 58 31 2 68 78 14 50 57 34 53 84 36 29 54 44 24 28 48 91 60 86 49 54 91 89 20 42 20 28 17 89 11 3 11 10 51 53 16 64 4
32 64 82 92 101 79 71 10 17 24 73 42 50 46 20 50 81 6 56 51 15 20 48 68 22 36 73 82 63 90 51 53 79 52 63 11 42 7 100 64 33 87 22 10 86 34 71 91 58 95 67 78 35 83 55 33 37 30 76 30 97 8 66 24 12 83 32 59 19 28 46 28 31 34 86 32 72 93 29 76 13 72 12 96 42 17 35 31 37 2 36 76 91 49 83 93 34 24 43 16
39 32 54 74 38 57 7 94 72 22 52 41 17 85 97 10 67 90 21 38 98 53 35 94 7 94 33 0 48 32 43 37 34 93 63 20 95 17 80 33 24 79 93 60 72 65 57 34 18 16 22 3 39 53 95 12 40 79 81 36 17 84 49 59 70 33 71 18 16 80 22 66 58 6 74 -2 70 31 40 68 5 42 5 58 97 0 62 40 43 30 14 -1 44 89 45 88 87 55 44 17
87 33 87 77 42 18 101 26 3 58 19 45 89 89 13 86 32 46 26 76 88 69 64 31 83 71 102 64 60 88 36 31 70 88 87 93 46 83 93 27 71 28 26 63 56 94 100 88 47 6 60 92 44 2 50 31 73 38 28 99 85 29 42 11 55 41 49 27 40 66 38 67 41 64 15 84 16 3 97 8 54 42 91 95 83 78 52 40 97 16 42 93 94 64 76 86 14 35 98 11
6 57 79 51 7 23 42 17 28 60 100 43 37 21 89 56 12 28 99 8 63 68 68 30 86 61 69 93 99 43 52 62 90 62 18 39 97 75 83 65 52 55 84 17 68 43 83 25 29 71 100 24 18 77 64 31 97 30 99 55 54 13 61 96 61 76 48 46 83 53 61 50 17 49 39 41 23 50 4 4 99 -3 74 28 76 11 62 2 78 68 36 54 51 80 53 25 8 25 12 7
36 68 14 15 28 78 35 31 41 98 48 8 65 25 31 93 81 49 48 39 14 67 20 69 65 59 18 20 58 4 85 51 91 18 70 100 79 33 8 25 96 22 71 96 74 37 61 93 85 8 50 21 53 8 64 94 49 20 6 65 19 42 76 83 48 64 69 96 17 10 79 55 7 66 6 83 35 94 55 32 64 23 74 75 78 32 78 35 65 25 65 71 47 20 69 31 91 84 91 79
5 49 86 14 58 91 100 28 100 17 51 65 45 16 40 21 84 79 21 77 12 58 88 83 40 69 73 76 32 77 17 87 26 27 52 72 60 57 88 82 71 50 2 78 73 31 64 79 98 3 78 25 99 11 95 38 60 45 9 43 90 2 18 40 8 41 72 91 14 76 76 28 26 87 71 51 86 43 48 61 10 61 55 22 29 55 36 20 68 67 13 80 77 5 61 38 69 48 24 90
30 38 65 78 78 84 52 86 26 47 8 29 37 76 13 32 17 77 19 66 96 44 72 95 25 16 46 38 96 24 12 25 37 26 84 66 52 43 10 24 76 17 15 40 9 81 12 18 28 5 66 76 42 70 73 91 30 24 64 6 40 20 22 80 52 94 67 3 96 75 56 34 16 53 80 57 81 36 91 80 45 1 91 73 85 98 99 60 28 31 87 46 46 93 19 21 47 33 35 17
8 35 40 74 6 90 38 47 73 19 68 79 54 36 3 63 30 90 22 62 82 80 74 3 97 15 56 27 54 74 18 39 93 29 72 23 101 83 81 37 27 93 65 22 68 25 41 41 77 37 47 69 16 51 10 41 91 43 15 95 95 42 97 25 42 -1 61 96 73 73 101 55 96 43 61 32 56 53 16 94 10 54 60 90 47 35 63 87 41 74 62 16 32 84 65 66 37 76 91 18
81 18 64 40 57 89 64 85 16 55 4 65 20 48 15 62 68 81 70 61 96 71 49 28 44 69 27 66 87 33 13 11 47 10 4 35 44 81 15 32 56 1 38 1 41 71 38 32 35 28 46 77 92 69 13 50 27 77 4 1 74 60 62 88 70 62 52 50 15 63 13 93 22 28 44 74 29 39 62 4 96 99 23 21 27 51 27 85 31 57 89 58 44 94 7 18 57 80 81 13
33 20 65 22 27 72 92 84 42 37 83 64 31 84 6 7 61 10 54 5 101 55 3 42 4 36 19 58 80 74 77 55 86 88 67 52 21 52 81 19 73 82 45 78 29 87 65 1 40 67 42 2 64 24 92 56 61 27 62 68 66 15 41 42 14 47 97 12 79 42 33 5 79 74 40 63 78 49 36 18 42 80 33 17 22 1 41 62 67 11 18 92 98 71 7 92 79 75 44 4
18 8 30 23 56 12 48 33 92 43 64 99 57 16 3 42 90 61 15 4 11 64 27 18 54 13 93 56 45 16 62 5 32 37 63 5 31 96 86 27 51 57 55 68 79 8 25 1 38 53 27 25 14 8 58 16 62 13 70 89 96 55 41 59 64 21 14 5 80 96 100 6 77 40 72 52 38 82 59 8 74 3 29 48 67 96 5 50 88 100 65 88 68 55 12 50 92 43 60 56
72 9 62 32 31 36 36 93 44 66 61 0 47 3 30 38 83 74 6 68 39 6 80 10 14 82 69 47 41 92 100 62 38 72 12 9 30 73 69 19 65 65 29 37 77 63 35 32 81 11 88 58 5 72 42 60 92 86 25 13 32 23 13 36 58 59 7 13 95 46 45 92 24 13 58 82 96 39 13 43 88 13 35 87 8 36 75 48 71 71 84 5 36 4 31 22 87 48 6 76
25 56 85 38 23 95 34 50 39 39 88 44 70 97 85 4 94 94 95 35 73 29 41 31 74 26 49 83 93 89 80 88 85 44 59 45 92 58 45 47 38 8 54 28 87 59 46 32 33 38 36 39 30 63 10 98 21 6 48 80 25 89 36 4 38 90 25 44 67 89 19 69 51 81 20 39 78 8 44 30 63 72 98 35 80 73 76 31 57 52 54 12 10 54 87 14 84 94 93 69
83 68 89 90 17 24 73 87 60 76 91 33 39 2 17 16 67 32 67 68 25 12 14 47 67 18 19 -1 32 5 2 55 7 96 83 8 33 30 76 25 68 4 83 56 27 92 67 30 88 15 61 22 25 91 6 7 54 34 14 51 2 85 38 88 81 0 32 82 55 4 72 6 99 96 15 82 101 8 78 -2 47 21 5 26 24 41 57 42 32 50 68 69 36 59 64 23 94 -3 12 21
El programa tardo 74 milisegundos en ejecutarse.
