82 31 93 89 18 4 54 77 61 50 4 87 54 72 4 16 91 25 69 78 96 82 9 94 53 47 97 61 16 92 75 71 61 39 47 10 9 27 35 57 82 33 102 41 51 34 100 92 24 56 91 11 13 60 8 27 94 93 59 26 84 32 57 87 81 39 60 67 31 59 22 52 28 66 21 87 95 9 14 1 76 72 91 25 16 22 7 5 97 85 85 42 19 55 50 49 73 26 84 77
13 75 53 28 62 74 40 60 83 69 96 73 63 -3 25 82 75 79 100 31 83 72 84 28 11 37 74 84 58 1 12 86 73 53 19 55 78 60 59 -3 55 39 48 96 29 -1 15 38 62 14 62 18 43 40 56 23 6 5 76 61 24 -2 34 32 44 44 12 43 89 47 43 3 27 23 76 16 34 -1 6 62 87 56 96 34 38 62 54 66 61 66 91 0 34 94 97 72 35 93 97 49
36 90 5 89 64 88 70 99 77 29 47 33 79 29 29 29 23 20 72 44 18 15 38 48 56 88 102 96 18 83 12 95 24 73 97 96 62 42 3 83 30 89 97 14 77 76 14 41 95 20 56 28 7 12 33 44 14 67 26 12 28 76 89 83 89 69 47 85 69 72 72 98 20 64 62 6 53 63 74 69 75 59 50 80 80 46 35 51 79 35 66 10 10 29 101 90 82 96 4 12
23 72 38 63 8 32 45 70 56 60 53 32 95 95 52 32 51 68 7 67 62 35 5 2 65 87 38 37 77 1 13 47 18 31 17 57 19 24 38 26 90 81 10 89 35 60 7 39 90 89 16 4 58 20 14 26 42 35 3 18 18 -2 20 33 90 0 76 61 75 78 17 23 101 13 22 45 63 71 17 10 7 69 37 49 88 20 64 37 41 43 33 20 67 81 93 27 37 33 64 69
73 50 85 87 3 12 24 18 12 98 81 7 96 64 7 86 91 70 76 58 54 70 50 5 4 11 79 14 57 22 69 14 65 23 21 44 23 81 64 98 81 27 57 30 72 61 81 17 21 21 85 27 12 57 28 78 28 85 71 3 9 59 90 90 89 72 67 24 74 21 97 74 57 85 53 71 65 88 34 36 81 28 40 2 81 90 99 31 101 78 18 95 11 46 50 53 7 21 35 38
49 60 85 37 67 46 39 48 6 -2 66 -2 81 12 21 54 63 40 70 54 8 63 45 29 46 2 18 90 70 44 34 5 45 48 41 58 51 11 84 5 71 18 55 43 17 89 88 22 34 75 72 24 43 -3 8 93 13 17 69 65 18 -1 38 15 7 34 85 31 59 53 24 93 17 86 16 8 73 83 42 53 101 43 34 70 21 87 66 22 79 7 57 39 89 51 55 77 96 6 28 1
81 48 43 23 72 49 94 1 57 3 28 5 84 34 79 8 15 24 86 55 80 19 22 58 73 66 42 43 94 42 87 84 88 79 91 92 29 51 79 69 51 9 48 38 25 22 47 54 17 8 61 84 26 37 16 31 67 88 35 6 16 69 11 3 14 15 25 98 80 85 53 24 96 45 11 77 25 73 45 22 26 35 73 72 50 44 65 72 81 81 8 72 60 86 55 94 52 71 65 20
64 36 51 63 96 52 99 50 100 42 14 83 59 68 56 49 68 77 38 28 47 63 50 21 80 70 52 80 78 17 90 51 48 75 57 37 52 51 66 95 66 28 37 9 92 72 10 73 73 34 60 68 69 91 82 16 82 48 34 24 4 13 47 71 25 47 15 19 8 0 52 48 46 15 52 79 12 33 16 75 42 73 32 56 83 37 78 10 41 42 60 53 45 46 89 -1 45 15 74 23
45 24 33 97 5 77 4 70 15 41 90 73 86 77 94 88 58 32 29 11 51 97 78 56 27 27 43 19 69 17 57 35 71 32 82 25 8 71 14 23 9 64 62 65 5 100 95 20 8 89 20 34 94 81 10 66 101 69 90 91 36 33 44 60 66 98 77 19 3 100 84 80 55 82 72 97 85 84 5 63 39 1 45 29 37 61 66 11 3 45 87 29 82 12 99 27 31 30 9 65
33 56 13 8 30 17 2 11 12 61 39 57 14 20 31 78 54 55 72 42 23 21 101 60 52 88 3 74 66 79 30 85 67 23 50 77 14 7 22 59 10 17 15 10 51 93 100 70 75 59 40 34 5 49 74 50 64 52 29 6 83 93 28 14 58 72 62 30 94 84 67 93 7 33 29 23 35 91 51 43 50 40 45 64 70 53 10 10 80 12 23 24 29 45 14 59 28 12 33 11
13 2 38 27 24 3 61 79 67 100 64 12 49 10 38 54 68 70 90 68 9 19 31 31 47 47 44 35 78 49 92 4 21 61 28 88 90 28 102 17 23 94 32 62 83 84 79 4 48 91 6 34 35 75 30 20 49 31 66 77 17 65 49 83 67 97 72 30 82 91 11 75 59 86 23 31 53 98 4 93 63 57 31 23 70 20 4 29 35 13 87 28 26 47 82 22 14 54 28 34
92 0 92 23 19 50 58 54 16 18 2 63 90 45 2 68 33 87 29 78 8 29 68 0 40 9 22 92 66 2 67 52 17 1 3 44 85 18 22 88 86 9 34 61 84 16 40 95 50 31 97 78 43 42 48 14 56 75 88 20 43 95 12 92 69 80 75 11 43 51 89 11 52 86 59 71 45 45 78 77 82 38 47 6 59 27 81 1 66 39 24 26 54 9 80 82 20 15 73 23
71 77 87 85 24 37 100 7 23 16 34 62 78 97 41 67 28 24 12 93 19 2 78 36 21 56 60 10 65 49 77 46 64 26 74 17 6 21 27 99 41 9 94 77 50 67 47 25 100 78 65 83 97 86 94 76 5 78 12 48 11 67 78 76 75 18 50 77 93 50 68 37 43 51 26 13 80 1 65 13 71 49 72 60 34 22 44 30 77 11 99 37 95 39 14 48 80 49 87 7
87 40 46 11 71 47 23 82 42 63 60 19 50 0 7 31 43 18 66 92 98 33 31 67 19 45 22 46 76 13 83 67 53 31 39 0 62 81 60 41 63 1 35 42 74 51 69 94 78 92 45 69 38 75 47 10 22 59 17 62 97 60 52 30 80 90 59 57 74 -3 86 0 89 6 17 24 34 16 60 4 14 83 4 73 5 8 10 37 65 25 95 43 54 50 23 51 80 74 70 43
33 39 38 93 97 36 80 52 31 8 20 7 59 36 32 81 12 10 38 11 45 93 63 11 9 67 77 14 14 9 23 87 8 96 73 43 16 30 76 48 56 24 59 50 85 71 26 80 60 7 49 51 36 42 92 59 60 19 101 57 33 71 7 42 12 93 42 87 83 89 14 24 99 10 37 69 89 14 69 76 54 90 42 81 57 75 96 21 68 16 73 75 50 38 47 11 26 85 68 90
19 33 42 21 76 95 51 57 75 22 25 93 36 12 97 49 59 92 39 23 95 13 66 93 38 16 4 55 45 85 68 3 36 31 70 13 86 0 62 92 67 59 67 29 53 43 101 13 43 27 62 0 73 33 86 13 52 38 18 63 60 30 86 55 55 8 8 88 93 18 31 48 36 63 14 -1 35 18 95 12 93 70 34 90 97 63 22 37 71 39 62 9 48 36 57 33 68 16 31 -1
28 75 97 81 64 79 16 39 14 47 57 1 50 57 36 100 43 22 33 62 74 98 32 66 101 24 99 39 9 17 76 21 21 62 64 91 20 75 39 6 54 7 94 74 92 39 61 58 10 10 49 55 29 74 53 20 76 27 17 15 59 71 50 20 59 52 26 58 83 28 102 40 22 8 75 58 59 31 46 29 91 34 14 6 25 1 16 41 66 63 54 54 74 94 81 81 64 85 10 63
59 95 11 3 66 41 79 80 87 32 23 21 64 6 30 51 7 66 41 42 4 0 47 83 35 94 78 24 98 11 45 46 54 41 44 96 33 88 74 8 75 13 4 43 10 10 53 71 58 61 59 1 86 75 17 10 32 68 28 81 97 56 59 13 49 57 39 43 3 12 12 68 73 90 77 58 57 52 88 60 86 4 24 60 16 0 80 58 55 91 5 57 24 90 96 18 9 35 22 47
50 18 60 35 99 62 40 96 48 76 27 76 49 34 47 3 84 32 91 64 34 64 18 52 50 55 60 24 23 59 55 60 30 100 46 96 77 32 52 51 30 66 4 62 100 94 53 5 66 36 100 63 79 49 74 82 55 77 87 38 53 98 102 48 93 55 42 3 3 5 16 59 81 18 81 51 63 76 75 65 45 10 45 44 70 76 70 53 70 49 38 27 28 71 36 33 20 85 58 91
36 56 79 37 43 89 49 37 19 57 57 7 65 92 65 79 49 31 12 29 21 2 20 6 44 85 58 14 85 32 71 46 14 75 66 10 99 18 69 26 43 87 92 55 2 34 42 31 55 4 54 60 16 25 33 93 6 50 44 47 41 67 79 19 87 79 27 -3 59 19 17 54 31 72 82 85 64 57 55 30 71 23 66 88 50 83 31 48 79 59 17 14 31 49 69 13 90 7 22 82
82 54 78 84 88 13 22 45 14 76 76 20 6 56 24 26 32 94 28 81 77 51 48 54 28 68 24 49 31 4 23 75 18 81 45 86 13 42 11 64 22 2 79 2 90 96 25 22 42 91 5 37 66 55 73 85 91 62 47 9 99 30 41 100 74 75 54 79 25 14 87 26 37 27 83 29 13 18 32 89 16 60 67 62 5 95 47 91 59 6 11 59 15 25 82 33 13 35 44 70
9 96 90 28 88 75 11 -2 66 11 41 22 44 51 5 40 97 88 14 89 57 85 37 41 90 61 26 30 64 31 32 23 89 2 44 0 9 32 85 94 28 88 71 70 10 58 95 2 83 2 7 66 38 28 96 37 18 51 34 19 74 91 30 75 19 29 68 8 84 45 27 25 59 58 76 -2 38 82 12 11 39 91 65 95 40 25 30 11 86 48 70 69 67 78 66 36 7 40 10 25
27 96 12 20 36 85 96 17 78 57 81 19 18 3 88 15 76 15 6 24 22 7 61 31 45 24 52 58 64 70 13 3 77 64 19 12 99 22 12 94 8 67 40 8 3 77 101 4 41 53 90 29 48 35 71 62 98 64 55 87 69 31 89 60 23 49 27 97 33 14 50 32 70 27 42 99 94 99 62 15 57 52 53 39 86 8 10 24 56 30 13 84 70 87 43 31 56 83 28 66
67 88 86 39 21 52 68 45 18 49 78 96 26 4 88 70 57 68 60 54 49 27 65 35 5 13 96 2 41 86 59 91 7 2 97 50 16 80 78 85 61 5 55 76 27 65 73 61 34 91 32 7 7 77 7 11 47 8 57 3 17 60 76 42 79 79 21 41 13 88 75 82 25 35 70 25 16 19 35 59 97 29 40 79 73 37 73 25 74 4 98 88 22 67 31 93 17 3 51 -2
101 70 101 29 14 52 69 94 72 20 57 89 31 24 11 94 48 98 45 47 68 28 68 80 39 77 94 100 57 25 52 2 58 98 58 40 40 57 87 30 53 8 102 93 30 8 6 80 57 56 81 5 31 64 28 3 74 3 85 56 67 79 99 23 33 61 53 11 61 52 4 67 88 99 66 53 52 69 83 18 48 64 76 64 40 73 14 85 55 1 42 23 4 64 49 73 48 80 65 62
36 32 7 92 82 58 50 88 69 3 69 60 101 52 44 74 7 1 18 37 53 56 8 42 85 3 28 48 31 69 42 27 12 41 97 83 65 32 68 10 70 24 71 25 81 24 24 90 88 46 4 -1 38 26 45 4 94 71 51 27 73 34 22 78 27 13 6 22 36 69 64 74 67 61 97 70 99 28 11 75 93 10 34 73 45 76 71 13 7 -1 62 58 4 59 74 40 51 75 45 74
68 2 70 88 36 23 16 25 7 2 16 61 39 21 40 11 81 73 23 2 44 55 99 12 102 61 68 67 40 57 83 78 5 21 76 9 85 46 32 26 14 95 42 12 14 37 95 5 39 71 46 50 46 4 85 18 22 30 71 13 18 18 33 46 7 13 35 12 43 9 94 6 36 70 100 37 84 19 39 33 62 62 8 56 84 35 49 72 53 35 68 66 93 29 88 23 13 84 90 38
73 38 19 68 55 73 34 1 3 87 101 91 4 9 36 2 76 77 62 24 96 17 3 63 80 42 59 35 21 29 19 88 17 65 54 30 20 84 84 91 69 41 70 92 39 47 82 75 50 72 12 33 76 41 54 70 75 22 54 93 6 34 17 59 54 76 44 41 61 31 62 64 89 60 71 41 76 57 9 78 11 34 83 96 63 31 22 47 21 64 70 90 55 72 95 55 95 19 46 74
31 89 63 66 75 74 82 83 18 20 5 96 53 76 83 58 36 76 54 76 30 69 22 55 27 60 4 82 96 24 51 16 75 53 94 38 68 17 62 35 26 46 21 63 79 18 77 93 56 22 83 79 8 17 85 98 39 10 85 17 96 30 42 75 25 85 37 87 82 56 20 85 30 79 35 91 58 72 60 64 79 22 6 3 21 2 69 23 83 36 50 49 88 78 73 49 18 46 26 41
78 88 94 77 41 79 42 73 100 0 43 63 82 86 71 86 73 49 18 26 59 57 79 0 100 86 69 75 35 66 52 52 60 18 67 51 14 69 65 66 62 41 78 11 22 77 2 85 20 -3 35 49 38 53 48 16 23 85 62 45 76 60 6 34 91 5 95 81 9 66 94 41 70 18 88 40 10 3 38 94 99 63 22 22 49 10 78 33 35 43 39 7 45 21 23 84 44 80 70 56
98 79 49 10 77 18 42 52 26 65 10 18 87 75 59 74 87 28 10 15 80 50 22 21 75 92 72 82 75 73 10 92 87 92 69 35 35 47 41 53 38 3 24 46 87 87 99 23 56 18 8 73 45 94 72 20 64 17 60 64 11 43 60 36 66 16 25 9 101 66 42 58 70 99 96 80 36 70 94 45 26 67 86 63 88 4 22 19 52 58 64 71 81 78 38 42 83 26 58 18
64 -1 89 84 74 70 84 57 37 74 38 14 23 83 54 51 69 71 25 25 6 2 93 80 54 80 85 33 44 40 46 43 100 11 92 -2 39 22 64 22 23 66 46 9 39 7 101 56 20 41 40 96 44 26 65 95 18 3 60 17 38 37 87 13 41 63 6 55 19 82 22 0 33 41 44 12 70 2 90 66 30 82 28 89 73 45 14 22 70 84 43 92 82 64 14 28 88 39 56 93
94 9 76 18 27 5 99 59 77 17 87 22 64 24 87 77 61 26 27 12 39 36 71 16 102 5 38 64 30 73 77 46 42 77 16 26 14 40 61 89 69 32 7 98 99 82 101 48 27 96 92 92 30 29 101 68 23 42 102 55 100 91 76 54 53 37 79 81 16 46 40 56 25 69 96 35 95 51 26 74 62 10 91 58 102 38 95 68 5 83 78 49 55 15 28 52 54 59 42 19
50 56 101 21 19 94 31 67 79 75 86 64 69 0 100 60 56 75 28 88 82 68 77 41 73 52 92 27 67 19 40 59 35 15 90 15 93 71 42 6 64 93 11 75 35 -3 27 39 65 83 27 20 45 43 89 73 86 43 54 51 91 20 12 66 29 49 78 76 33 11 68 15 88 51 81 11 21 26 58 56 10 10 26 34 33 13 42 17 26 -2 87 87 4 7 69 76 83 92 35 57
90 75 28 39 75 98 14 91 80 74 55 82 60 58 57 94 65 70 98 20 11 93 50 66 96 45 94 14 31 22 30 37 8 77 21 30 30 55 61 95 101 41 46 81 61 10 53 66 81 96 55 44 36 60 99 51 21 80 51 75 88 9 48 45 96 42 61 41 52 59 45 84 77 61 73 53 64 33 92 96 23 40 97 67 12 43 32 72 85 79 41 89 99 26 46 52 5 63 18 98
74 88 5 3 98 8 35 65 64 51 50 67 33 82 51 68 12 28 55 34 42 39 65 62 84 41 18 34 47 83 97 19 29 51 86 45 72 55 86 46 81 -1 91 16 78 49 80 78 50 55 72 -3 36 69 22 81 30 78 99 10 28 35 43 74 37 52 33 -3 61 29 24 56 47 41 76 41 94 26 89 8 82 89 3 36 43 49 25 0 95 51 84 56 13 55 60 25 24 32 25 52
57 26 39 36 30 71 96 71 68 24 71 53 39 79 26 67 65 62 51 100 46 74 77 91 8 65 68 40 59 9 27 28 66 11 58 33 80 91 33 23 30 39 63 74 68 93 38 61 23 6 101 24 10 54 59 43 74 50 73 91 17 30 71 1 36 92 37 98 4 57 47 28 82 83 42 50 21 20 54 25 99 79 8 94 69 50 97 89 67 93 73 20 76 93 59 94 95 74 60 69
55 16 87 37 46 88 33 18 54 60 20 68 82 40 44 94 57 19 54 75 94 96 80 84 25 41 90 58 17 54 76 93 62 93 23 93 41 82 51 68 51 75 57 23 58 46 75 35 5 21 48 -1 7 69 77 71 9 30 20 9 21 65 58 94 69 75 9 83 78 39 62 27 82 17 23 62 7 53 22 83 89 11 16 75 9 92 86 91 88 69 34 50 83 94 77 18 7 47 67 57
85 10 72 5 74 38 6 71 39 3 64 74 23 91 16 69 92 56 73 37 35 41 56 61 84 74 19 57 97 41 96 53 57 22 37 34 18 65 43 12 43 86 45 98 58 58 48 19 98 79 74 36 41 93 68 76 72 64 7 45 58 1 9 35 33 63 9 71 95 66 59 57 78 71 35 60 25 12 4 20 10 98 44 62 64 12 80 26 63 92 67 40 69 1 95 90 92 38 94 84
28 80 34 0 68 25 86 27 88 52 38 95 59 40 36 35 89 69 92 65 51 85 5 69 28 55 98 15 76 78 40 83 65 21 98 35 44 88 37 25 32 29 67 30 65 57 100 83 21 34 14 62 60 58 18 50 55 82 38 58 48 80 54 94 70 58 42 14 85 38 24 35 66 89 92 88 97 42 8 85 96 71 81 67 3 88 22 94 9 64 34 50 53 37 37 8 61 65 61 73
13 15 31 40 62 79 44 94 56 17 6 82 26 3 15 58 81 56 11 70 39 57 73 97 29 38 50 15 57 75 24 64 86 40 58 76 8 38 59 1 93 100 88 78 55 58 102 62 96 76 37 57 46 4 89 67 24 49 97 4 57 48 59 94 39 98 14 31 99 60 74 35 41 51 102 3 62 89 95 53 102 86 24 75 92 6 79 38 47 67 46 49 42 100 77 38 33 5 41 52
40 39 54 6 82 84 68 60 64 74 46 23 65 31 89 76 11 77 34 30 46 53 62 66 3 12 9 21 39 17 52 69 83 72 35 -3 29 60 40 41 65 76 58 26 61 1 13 24 60 65 6 0 5 28 76 38 96 10 73 74 43 82 8 83 82 51 98 30 40 53 69 15 13 92 61 -2 92 54 10 38 89 50 81 22 65 55 65 20 12 22 67 67 74 74 8 19 82 13 68 93
56 79 12 94 97 64 25 47 30 11 42 13 38 20 102 34 79 86 71 15 88 100 84 13 63 1 10 62 22 8 37 80 55 27 57 82 56 78 75 29 82 29 46 22 54 20 94 66 79 95 39 33 27 39 51 54 19 89 71 74 71 65 6 41 53 39 70 84 22 34 59 94 89 50 97 90 43 81 32 46 86 82 78 23 58 49 102 20 40 44 26 75 89 35 69 92 3 92 77 16
85 94 19 8 37 27 86 46 38 20 24 76 22 54 52 75 4 23 64 65 41 91 74 11 6 0 98 14 38 10 60 42 86 92 99 45 10 15 29 43 99 16 19 84 71 72 95 4 96 59 79 71 10 80 7 85 38 64 79 6 32 20 85 56 23 37 69 60 46 47 98 59 26 56 43 47 44 86 44 0 92 69 38 31 89 67 41 72 13 11 46 30 85 -2 52 57 99 64 85 24
39 71 78 60 15 57 63 91 86 27 5 53 30 57 53 5 76 72 100 93 33 41 66 18 40 74 72 79 86 10 63 68 50 81 48 59 20 74 64 71 89 93 41 66 8 77 45 53 59 18 99 89 55 84 25 67 8 33 65 18 8 86 85 41 59 13 93 37 57 68 70 24 57 1 88 32 86 65 66 46 73 40 70 48 7 91 63 2 46 77 89 21 67 23 30 24 26 23 31 49
19 67 69 94 65 22 90 92 13 51 33 50 76 72 7 29 13 -1 11 20 29 70 91 58 72 -2 24 37 84 11 71 74 31 81 83 39 73 74 65 63 82 36 4 85 61 4 35 38 60 63 74 -2 75 50 81 62 16 18 24 -1 65 86 100 4 7 7 45 0 36 6 90 40 101 45 58 52 79 16 99 92 71 72 18 85 70 23 33 44 53 92 15 78 31 7 81 20 61 96 13 47
64 47 19 77 102 59 23 41 100 84 92 47 26 27 102 60 39 18 14 84 22 71 48 4 54 9 96 32 20 21 6 30 89 34 15 39 63 24 5 15 89 68 94 19 85 16 17 79 23 38 27 98 81 70 84 69 97 100 91 13 69 70 60 42 70 20 20 36 66 28 68 70 18 71 44 65 53 44 68 82 102 73 98 85 78 62 81 1 43 30 70 89 27 89 18 42 15 55 41 36
71 69 15 73 90 78 33 52 62 53 65 94 24 93 67 45 36 52 94 9 33 47 93 27 42 15 40 60 27 20 61 19 20 75 12 62 2 61 28 85 82 5 49 79 71 15 22 69 71 15 8 -1 35 14 16 69 11 70 35 74 88 95 81 71 62 17 23 32 15 65 9 22 48 46 39 84 43 38 42 5 31 16 85 76 36 4 42 63 27 37 25 59 45 10 82 69 8 76 81 84
70 61 48 51 28 35 5 45 72 56 80 98 59 99 52 2 61 68 4 55 49 6 26 8 47 71 10 28 8 28 78 81 12 88 91 61 95 66 62 84 54 59 57 9 85 61 93 51 13 89 74 65 98 3 61 42 83 68 96 36 50 33 80 19 49 58 93 74 50 55 99 68 18 87 95 10 40 95 92 26 49 99 94 39 81 89 95 83 66 51 88 58 94 91 71 54 30 52 51 67
41 3 23 60 9 87 61 54 98 13 76 64 64 87 34 72 33 44 94 10 25 90 18 21 18 77 18 19 52 54 76 28 36 31 33 20 2 15 51 10 41 37 101 94 16 60 75 9 95 4 16 84 36 -2 93 65 3 44 66 -3 93 26 95 65 95 94 18 3 32 32 82 88 42 65 52 89 63 93 13 10 101 94 11 47 65 32 100 69 24 4 48 86 63 68 58 90 84 62 77 7
65 67 25 20 92 13 73 81 39 47 94 3 8 24 66 97 48 71 53 58 91 81 32 23 87 50 94 73 9 1 70 41 79 55 48 34 26 40 18 58 35 71 68 6 34 61 55 41 83 71 50 82 87 44 83 98 8 22 73 86 71 75 90 1 77 59 3 97 100 35 40 37 31 71 76 28 36 86 38 25 62 92 65 72 59 18 59 34 23 3 6 11 55 8 58 2 26 68 17 39
75 -1 82 13 27 64 51 44 101 21 57 36 14 10 60 74 12 64 26 55 32 41 58 33 33 22 51 -1 14 35 21 23 34 76 16 74 22 94 58 44 75 25 83 78 89 86 28 52 41 35 99 7 26 44 4 94 7 48 46 75 45 61 6 50 20 78 91 -1 97 30 43 52 99 68 68 21 44 21 46 64 79 5 7 73 85 91 86 32 53 16 94 1 40 62 89 54 101 68 16 16
42 34 20 23 87 78 35 25 77 83 76 13 78 75 88 46 15 11 15 85 21 7 16 75 86 3 22 66 63 54 61 77 88 11 75 20 19 72 85 46 70 9 64 85 9 54 101 98 96 46 86 84 28 3 26 36 83 21 14 57 21 91 86 34 88 32 102 62 64 53 34 11 72 87 94 49 91 17 73 3 71 90 30 12 5 92 84 56 45 14 83 59 60 53 98 85 100 37 58 57
26 90 73 77 88 13 38 44 45 41 59 61 45 94 75 45 47 63 59 9 5 8 32 59 4 74 27 -2 10 88 43 74 16 65 56 48 13 13 56 28 68 7 42 64 22 55 49 57 4 66 39 2 54 -1 51 61 101 70 34 4 76 50 14 60 46 -3 5 84 72 49 99 9 37 81 40 66 54 71 91 9 81 47 42 94 98 65 40 34 40 28 35 64 91 67 7 36 50 37 49 62
102 91 55 44 38 68 56 3 24 72 102 7 80 57 71 78 52 56 63 17 89 75 56 16 80 5 4 71 33 61 82 59 46 76 4 25 14 45 36 9 53 34 12 35 50 47 83 50 46 58 20 24 62 21 14 93 18 78 7 29 40 88 49 32 81 34 18 32 46 66 69 99 30 62 74 75 80 24 90 48 64 40 51 4 9 82 22 22 69 43 51 96 53 45 59 72 66 2 63 72
56 54 96 28 64 58 86 91 100 0 79 72 7 70 61 91 29 75 13 1 61 78 33 82 11 29 15 37 13 76 46 60 35 46 61 25 74 45 37 88 22 93 62 66 79 4 74 17 16 85 3 32 75 25 73 90 60 26 81 42 96 5 74 35 90 28 65 95 81 81 70 48 92 22 48 84 98 48 2 4 14 7 57 51 62 12 88 66 19 8 59 46 63 71 43 75 26 33 68 -2
52 38 83 37 77 61 40 25 34 99 52 26 14 63 6 13 88 41 11 15 80 6 8 91 94 38 50 61 51 47 102 30 44 67 44 96 72 82 55 53 67 64 48 58 67 97 65 70 99 74 9 8 24 68 69 37 70 82 34 44 93 21 7 15 92 29 39 99 35 66 78 80 81 47 84 90 24 47 98 14 20 71 53 53 76 76 37 63 76 97 39 72 65 58 9 63 14 15 43 1
46 -1 31 43 68 24 100 27 100 90 85 2 67 19 93 48 68 59 36 48 24 76 100 -1 35 68 101 4 38 8 7 21 91 24 74 32 74 74 82 48 68 60 40 48 97 27 67 -1 41 56 38 16 4 61 60 60 32 -2 66 -2 62 78 90 73 69 84 21 6 49 1 89 52 69 37 24 94 68 95 33 21 60 73 92 65 55 69 7 29 70 38 16 11 29 72 90 73 27 26 93 78
47 15 101 70 54 18 15 49 37 58 28 8 68 98 84 67 67 95 34 39 3 98 57 73 40 68 24 26 16 9 92 96 23 7 98 60 47 59 71 17 75 12 44 83 48 10 27 44 101 88 32 97 100 69 82 16 74 12 15 85 79 31 93 50 84 84 59 76 39 99 49 88 14 13 42 21 27 52 67 20 46 14 100 58 50 52 89 77 55 28 19 92 57 10 73 28 44 98 91 19
100 53 24 18 12 48 81 56 94 86 21 57 86 77 86 90 89 73 20 91 25 7 63 92 23 58 53 64 7 9 73 27 20 81 48 64 50 83 79 47 47 10 37 46 5 27 53 94 52 55 31 39 55 65 21 13 42 8 77 46 91 93 43 9 73 30 26 9 44 83 86 24 64 65 77 88 7 33 57 13 51 78 79 85 70 70 2 30 53 31 5 7 50 33 87 67 8 43 22 48
92 4 102 16 97 100 29 40 67 37 72 5 76 5 42 78 8 58 77 92 80 18 38 83 48 82 72 78 64 81 87 83 41 71 98 45 96 32 42 46 3 79 21 2 21 92 56 41 98 10 12 45 58 44 62 57 36 4 94 70 6 48 13 27 80 23 87 4 54 64 85 38 82 9 43 44 42 72 89 26 70 22 53 11 5 11 26 73 71 93 55 60 96 86 12 73 61 44 91 11
78 95 36 19 36 61 78 80 29 11 24 53 79 36 7 55 94 62 36 32 51 67 65 80 80 47 21 47 35 37 60 11 88 88 88 7 18 9 88 52 14 38 84 12 70 50 72 18 69 61 83 46 77 29 68 62 5 33 31 20 31 34 98 14 34 22 87 64 73 90 84 43 91 52 66 50 48 -1 75 29 74 63 84 84 37 10 89 6 54 15 39 7 37 94 23 19 43 7 89 90
35 7 101 8 75 97 12 19 93 14 43 85 15 40 58 77 21 76 12 19 16 24 30 31 26 75 47 9 95 9 52 23 57 9 73 81 76 25 99 18 81 56 97 15 39 4 22 13 54 28 83 37 72 20 76 73 95 78 81 26 10 88 35 50 57 44 62 50 101 25 55 97 47 31 77 20 48 90 17 3 64 64 34 14 15 41 71 94 37 76 74 25 79 89 45 82 91 99 85 30
84 35 100 48 63 74 77 85 31 26 53 20 62 26 32 96 82 23 81 32 31 9 64 94 2 32 90 12 56 73 79 60 40 18 19 55 47 6 26 60 22 62 86 15 63 11 62 59 31 90 26 70 62 57 65 56 69 49 70 37 13 0 96 49 35 19 42 30 87 69 74 26 84 88 8 -1 10 60 17 26 19 22 82 81 61 83 69 38 43 13 79 57 33 54 8 13 97 90 71 11
100 32 14 21 18 15 77 10 47 24 34 56 22 98 10 44 78 54 83 17 95 36 49 52 77 17 52 68 37 16 16 69 11 76 27 60 94 41 60 51 99 2 37 14 74 15 7 44 67 38 78 47 37 44 102 36 90 45 85 19 4 61 59 26 65 58 51 17 15 90 10 7 88 65 19 12 34 85 94 43 15 81 84 58 5 29 42 81 27 87 83 12 64 71 55 37 48 50 79 98
94 26 58 38 67 44 39 35 75 5 9 27 76 55 84 32 46 79 63 27 6 0 47 68 99 58 38 54 49 28 73 49 71 41 45 37 86 94 52 24 99 -1 47 25 43 77 58 52 47 73 85 50 78 18 46 86 39 57 72 51 40 92 14 10 40 14 59 73 72 36 53 48 74 38 4 4 42 4 30 19 76 55 10 19 28 8 74 20 11 52 9 35 79 81 68 53 10 42 14 92
47 68 61 39 4 24 63 33 48 3 56 53 53 84 14 14 97 93 46 31 15 82 86 23 42 50 82 84 88 76 48 36 60 58 11 13 12 71 92 36 24 2 28 64 48 58 50 34 34 59 4 21 30 25 37 5 77 36 101 38 86 69 41 62 54 10 89 64 65 42 80 9 99 12 8 7 102 17 90 73 72 35 61 38 41 54 41 79 88 91 19 39 62 86 70 32 49 18 77 42
3 75 83 24 54 25 85 7 75 24 80 76 19 49 62 59 88 74 81 57 37 94 42 37 69 -1 74 83 54 49 30 63 14 75 14 89 43 86 60 49 13 5 32 61 97 51 75 41 51 21 45 50 81 37 88 19 46 44 60 60 8 81 80 75 15 76 34 -1 33 39 46 60 49 82 25 23 75 18 99 52 41 49 30 22 15 76 2 91 23 55 17 31 34 16 56 -3 74 84 91 45
75 42 5 46 19 61 48 3 55 28 9 68 41 75 95 23 68 70 102 41 57 79 71 71 34 69 40 34 45 17 70 36 93 73 4 26 11 18 53 45 63 17 12 63 42 22 19 95 94 88 49 72 85 64 52 32 94 35 40 71 34 57 69 27 10 98 99 24 38 44 49 24 81 7 41 57 39 18 100 59 13 97 44 18 16 21 96 81 27 32 92 40 93 70 11 15 82 25 39 55
29 79 6 52 92 13 67 55 18 89 64 79 63 26 43 32 34 68 67 19 28 20 86 73 28 4 65 11 72 8 99 49 59 2 94 47 55 18 38 46 94 3 15 84 81 93 7 44 36 36 4 66 70 86 18 4 48 53 7 86 42 79 42 13 84 13 38 88 5 25 40 82 56 9 93 82 6 17 67 94 85 59 93 23 7 13 63 71 19 1 92 88 69 70 91 83 20 68 9 34
76 83 89 28 49 34 71 36 15 99 21 45 99 31 67 10 15 15 78 75 64 38 63 32 90 12 48 40 39 35 32 48 49 93 38 100 73 72 68 29 71 83 50 68 54 48 23 85 50 55 26 28 70 56 78 80 68 5 14 16 83 49 17 32 31 86 23 66 15 37 93 91 11 93 69 5 25 21 79 28 44 40 29 66 34 18 63 80 87 66 56 66 20 36 29 31 52 85 22 33
96 0 11 17 46 45 92 6 38 67 38 14 4 85 43 52 23 8 94 95 70 58 84 19 9 21 63 13 85 9 45 82 56 93 37 43 99 28 29 43 60 67 95 47 62 56 61 34 70 44 2 93 23 81 63 0 99 -3 63 14 7 17 46 34 47 89 45 4 48 63 4 89 101 7 49 73 27 80 34 90 82 72 94 15 101 42 37 28 46 75 50 69 58 35 63 9 66 47 17 61
22 34 99 78 53 82 59 67 74 37 26 39 87 32 18 22 100 1 95 84 66 5 87 6 52 58 80 46 10 73 9 28 91 2 25 45 45 90 11 98 59 26 87 41 89 4 30 14 77 96 44 67 99 79 60 28 95 31 15 22 44 84 33 20 10 87 17 37 28 94 21 73 52 5 58 59 69 27 9 27 96 41 24 12 10 10 94 66 37 99 34 19 15 36 89 58 66 40 53 6
86 65 54 51 2 14 91 11 94 1 81 8 88 -1 37 -2 7 81 81 7 47 47 91 95 70 37 92 55 62 47 97 49 67 88 76 28 24 61 7 78 59 44 73 59 54 28 7 14 93 72 51 92 12 91 91 -1 17 24 51 72 23 86 75 79 41 53 21 5 5 87 66 2 49 44 92 51 76 0 55 9 31 53 46 -2 58 61 76 84 94 20 49 47 24 57 59 93 88 5 91 17
50 100 71 44 33 69 32 21 62 99 13 13 40 61 34 76 4 49 40 79 76 59 68 6 48 89 97 99 101 12 82 70 33 100 90 31 74 65 94 43 13 90 51 36 21 51 47 91 32 40 66 48 102 100 24 41 64 30 50 34 23 29 26 90 95 67 12 78 74 28 53 78 20 73 41 43 99 23 39 17 90 17 90 20 27 3 41 76 37 4 66 50 5 43 71 40 48 34 21 82
35 48 27 92 75 3 31 9 98 24 71 22 13 44 93 -2 98 95 33 -1 52 51 72 76 90 83 68 7 13 4 96 71 54 27 87 52 26 88 60 34 34 22 24 14 78 11 11 36 64 94 34 67 78 31 100 52 24 11 10 69 88 8 37 81 31 69 82 96 29 57 83 47 38 51 31 67 71 68 70 92 89 18 23 89 41 11 22 44 84 75 61 29 25 44 16 28 15 47 93 68
57 5 35 70 100 40 37 18 92 19 58 52 21 58 5 81 32 17 25 17 42 51 45 26 50 91 55 48 66 63 17 64 3 18 3 73 41 8 86 52 72 7 4 45 54 42 91 3 39 78 5 8 44 57 29 33 92 2 21 10 43 35 64 89 37 73 47 100 13 47 32 48 34 68 97 15 42 66 23 63 101 27 87 59 24 37 60 12 55 70 60 18 24 32 92 74 65 13 19 71
13 71 71 14 55 61 23 88 20 3 12 10 90 -2 68 33 32 33 3 68 95 72 41 76 41 4 55 73 23 73 29 35 38 39 9 81 77 66 33 90 64 80 6 81 17 78 92 94 100 17 18 49 40 83 37 29 52 64 90 37 4 42 24 56 47 55 35 84 20 69 21 55 56 38 78 43 57 38 36 69 18 0 57 43 19 65 22 79 22 66 15 52 85 11 95 90 64 35 42 2
40 2 47 5 99 53 47 86 15 45 36 82 48 20 86 33 31 29 98 74 44 38 60 60 11 89 8 28 97 82 56 9 97 83 68 100 34 54 16 19 93 47 27 66 54 8 31 43 24 79 47 79 74 7 15 57 76 8 62 24 81 69 98 39 59 15 8 76 101 97 39 24 10 30 19 53 62 22 56 52 15 30 6 19 3 94 22 61 49 90 73 94 55 88 73 5 26 72 44 53
12 31 14 92 19 63 86 32 46 70 55 85 22 1 67 -1 39 84 67 66 13 1 79 92 54 83 72 13 73 31 16 92 56 22 3 29 76 -3 89 90 35 86 81 75 28 76 7 93 31 70 17 56 36 69 74 55 35 41 18 29 36 39 72 92 21 62 64 38 10 53 17 16 46 -1 87 2 66 45 32 11 100 68 68 -2 61 79 63 27 15 72 16 31 99 67 24 66 54 37 24 70
33 76 62 86 44 62 5 3 31 19 60 39 10 7 27 14 26 43 45 56 49 50 44 33 28 32 43 97 33 15 73 78 66 77 6 28 20 72 35 66 16 20 16 56 53 7 13 25 4 51 19 66 24 46 62 94 11 11 66 68 68 32 70 89 5 35 49 59 12 57 79 91 78 50 60 32 68 15 94 76 77 91 18 9 79 29 47 87 42 9 40 69 37 48 99 31 90 97 49 100
24 39 81 37 20 34 40 95 79 35 31 30 24 51 66 94 55 39 53 60 13 27 81 80 28 83 21 50 18 11 89 42 99 74 3 30 8 32 68 71 65 12 64 39 42 88 60 78 63 40 99 59 45 77 70 20 28 21 79 85 70 -2 80 46 92 57 20 54 101 32 15 0 39 5 12 90 85 74 77 41 81 41 75 28 29 91 54 80 11 88 4 28 70 16 74 32 82 9 46 4
18 6 44 26 75 26 7 16 39 14 4 32 73 93 79 79 8 95 96 23 80 7 62 52 60 89 9 29 8 60 80 52 23 61 54 68 36 61 37 1 6 46 96 94 39 71 77 54 69 62 30 65 7 34 16 24 8 20 79 26 22 43 77 20 36 53 64 61 51 65 41 46 30 16 63 65 83 17 90 46 75 43 55 32 20 61 24 88 44 77 32 72 80 63 51 18 74 84 8 82
96 37 98 24 35 25 69 53 14 77 2 8 9 77 47 96 100 2 48 24 6 54 85 73 46 33 90 63 5 43 60 20 17 56 68 88 99 51 73 82 60 92 99 24 53 60 96 70 11 51 6 81 30 3 74 48 28 86 14 63 46 91 93 80 58 1 38 78 40 42 77 17 22 77 23 61 80 0 70 94 51 5 25 82 48 43 16 61 33 60 37 81 62 23 44 78 39 39 2 70
37 87 15 55 38 61 63 92 86 45 5 82 31 72 44 4 24 44 13 34 57 57 74 73 14 10 22 6 37 17 70 56 74 66 56 6 82 24 60 1 33 83 13 56 74 53 23 39 102 82 62 32 84 89 55 3 12 13 32 76 4 62 90 21 7 72 40 39 88 90 48 62 28 28 28 52 46 3 89 30 99 82 5 28 32 82 80 33 7 76 25 36 8 54 7 84 59 14 31 14
91 12 10 90 20 70 63 5 6 61 100 79 96 29 100 41 99 76 86 94 3 -1 74 70 97 73 42 27 34 68 2 58 6 12 67 69 27 6 5 94 89 55 40 26 84 45 14 40 59 80 55 15 93 67 80 59 88 9 94 85 65 65 42 78 15 12 84 49 81 38 21 80 101 83 30 12 4 52 40 38 62 8 21 43 17 75 89 24 83 62 68 17 78 59 86 60 93 22 8 17
5 49 101 1 49 67 74 1 40 3 45 41 71 91 32 25 57 7 50 38 10 6 33 44 88 73 75 39 54 41 28 75 10 62 18 57 94 84 22 98 16 93 36 93 16 66 12 79 37 10 85 23 83 31 96 78 13 28 34 50 21 66 56 21 25 64 22 67 30 76 67 27 33 44 61 83 88 40 69 29 73 35 96 19 100 71 11 16 22 33 84 54 23 68 46 3 41 22 48 3
84 37 54 -3 19 71 21 41 36 31 8 26 24 52 86 28 48 93 2 12 101 67 70 39 18 43 20 50 83 35 56 73 45 59 30 26 16 7 22 88 11 78 89 33 87 43 16 27 56 67 26 23 47 16 24 89 37 36 39 69 21 26 96 42 15 69 2 55 78 21 37 77 17 24 87 90 5 64 71 63 47 11 42 23 82 4 38 36 53 39 74 23 79 25 95 36 88 26 33 19
9 88 9 99 99 82 3 46 101 81 71 14 34 99 24 2 101 76 80 73 84 64 31 74 97 12 70 19 52 24 63 28 10 62 62 72 46 71 75 79 43 94 89 37 35 68 80 35 37 81 20 63 3 96 72 20 94 58 65 49 14 12 36 64 71 5 51 1 33 28 36 87 33 21 9 81 11 78 15 27 57 16 91 9 99 19 87 93 80 18 18 12 55 70 85 33 64 6 32 27
75 5 77 53 15 77 94 90 33 69 6 43 75 52 68 8 33 19 76 39 69 23 47 27 9 74 9 6 83 40 52 7 12 22 57 83 15 -1 97 62 73 65 9 92 3 27 79 70 49 54 55 70 36 21 67 24 63 20 99 20 97 71 77 46 14 9 13 16 99 74 76 90 15 79 82 4 12 20 35 15 82 8 96 85 88 11 20 -2 84 31 73 64 28 34 27 6 20 7 13 11
62 15 53 80 98 69 45 68 27 91 84 48 13 8 86 71 62 39 49 34 74 37 45 29 59 94 51 91 95 82 34 30 40 40 84 43 77 92 54 57 45 9 98 2 34 31 9 83 50 81 77 18 40 32 17 49 63 80 20 6 10 45 48 41 47 4 63 65 18 18 11 22 79 49 79 72 49 77 62 97 53 98 25 15 10 5 95 6 61 97 47 99 56 43 56 76 36 30 50 56
12 32 87 69 28 65 88 11 94 24 85 37 48 66 51 28 47 55 31 18 99 16 34 75 74 19 31 81 84 71 17 42 13 -3 82 -1 65 39 8 1 82 50 26 77 94 74 15 23 12 63 88 94 59 24 39 74 18 52 91 19 12 20 29 1 3 95 96 30 60 95 21 0 76 32 23 14 51 8 59 38 31 51 35 63 84 67 69 37 33 68 96 67 9 95 39 78 82 44 41 80
19 99 17 68 82 16 15 20 34 93 30 52 9 10 59 83 37 47 5 36 67 21 73 68 6 10 20 76 86 12 68 68 54 33 24 60 72 74 75 66 81 31 12 49 45 9 6 25 76 14 39 87 5 61 59 82 51 11 10 23 22 45 13 13 77 38 69 7 33 27 76 31 59 99 92 46 94 76 55 31 70 28 52 40 25 74 80 93 33 97 92 19 35 60 90 6 17 49 59 69
32 49 70 78 83 37 50 3 42 59 2 52 20 94 101 41 85 94 44 7 11 13 94 56 101 22 83 63 61 67 84 36 21 40 4 3 74 92 71 95 9 54 80 50 19 66 47 66 32 91 70 11 78 10 16 3 39 80 83 33 29 69 57 65 48 73 51 61 19 51 80 73 71 11 98 85 32 38 91 31 30 31 26 12 47 90 77 76 49 84 38 3 58 7 63 9 10 15 71 61
85 36 9 83 20 11 12 62 101 93 49 72 28 11 10 45 65 13 96 79 83 82 31 58 26 77 48 3 23 46 99 67 32 87 86 81 35 24 10 76 74 45 45 15 31 73 43 70 47 96 85 19 25 85 86 32 92 70 17 51 16 1 48 6 69 18 45 7 91 47 33 13 64 46 29 7 22 96 95 34 38 75 85 4 19 15 97 29 68 90 78 68 55 61 55 48 27 51 69 53
80 6 18 41 27 76 26 36 86 58 30 14 2 52 11 10 96 29 82 23 5 61 90 10 87 38 32 59 56 95 48 65 69 41 59 63 71 0 4 8 77 73 83 28 36 6 29 23 50 6 64 22 22 89 49 68 14 19 59 23 54 65 74 90 74 56 5 49 81 0 63 11 92 2 52 23 99 84 55 52 21 15 68 17 38 15 96 43 85 93 85 49 12 88 46 8 61 46 70 37
79 81 65 46 90 36 27 38 80 62 86 23 12 60 59 95 47 28 45 87 22 42 72 37 88 73 17 26 79 28 79 40 102 59 67 43 14 66 28 42 83 92 42 45 26 97 87 39 7 69 42 34 60 29 50 37 8 72 48 73 7 79 32 61 9 22 100 47 61 14 90 54 40 13 52 55 37 31 76 2 60 99 51 98 25 37 3 76 94 7 8 42 33 43 97 80 14 72 60 84
59 59 52 32 43 51 47 38 76 89 19 51 75 57 53 50 25 9 82 62 3 74 76 36 59 16 27 11 33 11 27 77 79 10 86 35 17 78 94 17 48 58 13 86 20 71 90 59 77 34 40 58 17 24 88 58 27 2 101 33 77 61 13 -2 67 77 38 62 93 53 37 18 67 6 10 38 46 58 9 24 45 32 86 34 25 11 94 -2 69 37 89 0 48 84 24 -1 100 -3 4 57
30 34 82 10 30 71 96 31 12 92 54 60 19 90 80 87 62 17 53 83 87 98 45 16 72 52 66 26 78 71 31 23 43 73 88 26 93 32 96 32 25 56 66 80 4 2 32 50 44 60 38 6 54 87 21 100 55 17 52 2 20 11 33 48 76 79 4 55 3 55 3 76 11 60 20 43 49 59 49 66 58 71 80 36 43 83 15 16 64 43 57 94 12 52 45 89 80 72 13 17
23 17 31 58 5 47 81 80 86 33 86 47 48 56 32 0 79 83 28 90 32 21 81 52 55 44 91 43 26 70 7 81 9 92 98 8 73 57 88 90 9 25 39 91 50 13 57 32 17 1 66 82 92 46 51 12 53 11 88 83 48 23 95 26 89 23 22 28 49 77 54 14 60 85 47 91 31 40 36 8 41 52 47 50 26 83 30 86 23 87 59 68 94 28 20 78 87 58 59 10
El programa tardo 74 milisegundos en ejecutarse.
