53 44 33 77 67 10 84 21 84 29 13 96 80 69 32 98 77 84 93 39 67 86 81 99 78 6 6 2 61 17 57 74 21 5 56 35 78 1 6 66 43 51 44 91 49 91 5 36 87 100 27 2 25 72 31 23 71 73 98 78 9 38 43 45 66 60 29 6 16 41 74 27 3 84 23 69 55 17 30 3 19 41 48 41 73 60 73 35 91 94 80 8 25 8 15 50 34 100 46 34
46 38 41 70 55 86 62 60 51 21 66 21 95 27 9 23 67 33 66 92 86 42 71 5 96 63 52 21 25 62 64 63 67 78 87 50 33 28 91 35 88 71 34 6 45 85 26 57 49 64 19 56 52 31 12 79 16 23 26 24 4 -3 12 56 20 84 63 71 29 86 60 51 33 37 69 76 28 -1 94 84 74 90 51 66 65 19 74 91 13 12 64 88 39 29 13 4 38 38 81 17
41 95 79 55 18 78 18 44 90 17 30 41 68 48 91 80 36 74 15 70 15 64 54 99 68 76 40 4 8 18 16 77 38 89 68 77 11 13 40 86 28 49 29 15 100 4 91 100 95 30 44 18 33 97 67 88 80 64 88 15 61 32 34 99 63 14 50 91 20 55 54 81 4 36 66 54 96 46 73 74 98 8 24 86 73 67 7 79 35 4 86 94 96 34 54 90 44 19 58 65
7 32 95 30 61 95 101 72 59 61 94 65 59 22 86 28 69 0 87 27 101 50 15 4 11 5 21 10 44 95 62 42 46 73 2 44 84 31 28 9 30 71 43 0 7 43 85 20 48 87 25 10 18 25 66 93 80 12 19 24 30 51 37 77 86 71 30 13 63 34 30 77 60 61 55 87 70 52 59 64 9 63 71 16 82 31 17 47 38 35 97 42 64 78 37 42 53 13 85 29
5 34 77 73 21 64 56 12 77 59 34 55 37 52 56 83 64 15 32 22 98 75 24 15 29 76 15 17 73 20 90 38 52 57 35 80 27 38 28 12 94 3 41 40 34 1 62 39 44 37 90 49 92 41 71 35 65 74 43 51 20 97 65 81 39 34 10 32 97 12 9 25 82 27 64 36 88 80 28 1 77 94 40 23 43 6 18 85 46 12 84 1 87 40 45 14 65 7 13 71
28 10 2 13 77 34 11 41 48 63 69 56 80 33 75 53 48 44 83 82 72 9 65 51 85 39 16 -2 92 68 46 34 3 40 30 57 98 0 12 2 43 72 32 16 48 22 39 -1 5 36 79 82 90 94 97 91 67 29 76 68 81 46 23 -3 13 69 90 27 80 77 36 65 12 12 62 41 89 8 48 74 43 51 90 64 35 16 97 85 73 36 19 67 30 72 3 85 19 56 56 24
29 61 41 95 65 59 7 38 89 44 48 19 99 99 83 85 6 28 53 1 6 83 50 61 58 16 63 69 29 99 94 22 102 46 39 85 67 49 37 49 98 94 88 68 97 72 34 20 49 52 6 27 23 85 22 33 3 13 76 36 96 90 4 29 23 44 3 25 54 23 101 96 48 16 27 78 80 47 85 69 93 11 61 63 67 11 94 49 48 51 41 32 54 33 91 4 7 97 79 64
61 64 94 20 88 18 57 38 38 78 24 48 78 50 16 82 10 32 24 3 75 44 9 85 71 44 54 61 16 22 33 8 89 86 63 78 51 86 61 45 86 43 94 43 41 14 28 69 24 25 78 25 36 71 61 -2 27 19 10 37 53 1 30 65 84 22 26 19 34 89 84 67 43 84 19 47 94 11 90 28 84 67 63 81 58 91 85 14 15 78 29 36 53 56 20 67 51 57 21 34
24 53 40 61 61 7 61 59 59 41 41 70 86 91 94 22 66 33 101 56 75 82 10 50 27 93 66 67 89 86 86 2 21 21 37 92 54 71 100 81 98 15 101 79 93 35 78 40 33 67 93 54 44 33 68 59 13 32 85 18 48 71 51 60 18 81 30 7 77 43 42 71 95 41 31 46 16 49 27 77 61 46 83 34 37 40 55 3 62 99 24 24 20 69 69 23 75 83 101 5
7 37 46 85 44 83 12 92 4 95 95 22 77 29 11 94 51 77 4 33 41 10 55 69 45 38 61 -3 41 90 56 42 70 19 87 80 72 1 63 45 73 1 41 74 62 66 59 41 97 90 96 28 71 15 96 11 48 6 92 51 93 75 61 77 71 85 24 2 80 57 61 6 46 5 11 80 100 67 86 14 44 -1 51 94 78 16 55 60 97 30 70 71 90 2 83 6 68 20 18 32
16 98 13 83 35 62 56 47 54 42 92 70 12 62 50 30 79 68 4 22 93 11 72 83 74 78 78 62 63 43 55 50 65 23 29 6 27 41 62 40 66 18 8 57 62 25 73 80 86 54 71 31 72 3 87 62 72 83 86 3 14 86 102 2 76 16 39 16 20 83 19 44 86 38 19 62 36 40 71 56 42 30 69 42 50 91 98 6 41 78 63 66 82 18 94 32 101 67 23 33
61 50 2 10 19 23 89 29 5 70 60 35 73 62 34 21 75 45 79 2 30 87 31 2 95 61 29 -2 63 34 66 74 25 33 89 68 6 20 44 50 51 48 37 32 79 7 3 81 21 40 18 38 70 50 59 83 38 68 13 51 59 44 53 2 8 39 91 16 20 13 46 38 70 29 21 45 31 1 3 12 89 66 65 19 84 50 61 77 75 80 99 96 71 78 64 67 50 51 18 77
94 12 17 59 99 2 25 70 9 92 79 79 48 89 12 30 26 14 25 4 82 56 80 21 16 32 17 10 89 90 64 67 69 27 72 63 72 92 45 8 55 75 34 95 91 17 83 2 47 1 64 70 19 86 88 10 9 54 21 62 24 86 19 69 76 9 95 73 100 29 84 31 61 83 7 76 27 22 69 35 80 51 98 77 24 71 28 31 67 55 65 1 21 21 8 70 31 72 17 61
72 -2 87 36 71 76 62 69 83 45 68 6 55 23 52 1 21 87 32 94 21 1 22 94 30 42 49 84 63 67 38 74 88 56 18 64 18 72 18 47 49 70 68 46 41 92 87 51 72 14 42 86 67 68 88 7 41 52 46 38 69 85 66 85 10 26 47 94 74 81 86 85 27 75 39 88 3 35 47 0 34 42 11 78 29 78 36 94 46 70 93 39 81 55 81 45 41 60 69 10
40 96 44 8 26 57 60 97 94 73 45 80 59 52 36 9 58 9 99 51 45 66 18 8 75 100 23 92 31 8 49 68 46 68 34 14 65 35 68 75 65 13 54 78 100 78 15 43 47 82 82 64 61 82 35 100 89 91 10 52 3 2 85 84 88 58 84 81 13 26 34 37 9 47 45 84 63 36 24 11 85 22 96 15 98 19 45 99 85 57 77 7 9 92 10 71 85 68 51 46
47 4 59 70 19 42 34 31 68 43 27 16 14 0 13 77 4 6 34 82 13 88 40 45 9 79 101 76 57 14 94 35 40 20 5 59 84 82 61 95 44 88 6 24 37 39 55 75 77 36 21 59 21 94 89 69 78 3 30 63 39 41 73 21 67 3 35 88 91 5 92 77 39 -2 11 14 27 0 97 17 80 78 11 87 76 48 98 -2 28 13 24 91 5 22 63 83 43 34 93 10
73 3 48 55 69 58 47 12 76 39 5 9 95 63 88 61 16 100 71 27 68 9 66 57 32 27 9 24 85 13 5 24 66 2 51 22 78 31 74 7 62 46 89 44 91 53 22 76 24 74 99 76 78 67 4 16 77 77 88 73 89 54 97 67 3 20 12 87 37 36 44 31 49 60 96 63 26 80 8 75 33 33 57 11 17 33 4 87 87 67 13 62 53 30 48 61 23 3 25 71
50 11 52 26 3 53 10 -1 65 64 30 66 49 28 16 37 52 -2 10 21 32 66 49 81 100 5 66 47 11 9 98 32 10 44 17 73 36 93 92 86 35 95 46 7 5 9 86 69 12 40 45 48 60 91 65 -3 49 35 88 86 65 22 5 44 51 79 91 1 77 75 32 45 89 5 99 75 30 18 74 72 62 46 20 -1 79 51 99 56 91 39 98 37 75 65 63 48 46 88 83 63
67 32 40 41 11 95 53 98 59 53 83 75 15 98 83 97 68 71 56 53 6 52 81 4 46 70 36 84 27 60 21 23 75 23 48 29 32 56 57 83 49 14 16 71 52 54 86 35 101 91 30 85 91 53 96 69 31 39 57 98 18 89 29 46 48 92 49 64 85 60 32 96 39 19 27 87 85 87 77 22 12 40 51 79 29 65 77 96 96 74 88 25 9 28 33 58 80 19 52 95
71 27 79 41 20 2 80 28 29 16 17 9 74 90 54 94 68 41 55 15 8 86 92 48 43 35 93 86 99 -2 69 7 65 60 24 92 40 76 41 96 11 92 31 81 9 76 80 92 36 6 12 66 52 68 41 29 39 67 60 62 99 71 21 -3 29 57 69 8 27 74 90 80 97 71 62 31 14 91 90 90 69 86 47 33 61 54 35 9 22 72 50 8 74 35 72 38 67 96 89 20
40 64 64 23 45 56 80 2 25 61 15 79 82 7 84 39 88 42 65 91 102 35 57 91 93 25 91 13 95 21 35 16 43 44 21 70 82 18 82 13 90 91 28 28 39 74 89 31 88 3 76 99 53 19 78 61 93 82 28 28 36 42 77 45 13 10 27 87 16 97 55 56 88 95 40 62 81 22 24 32 37 61 87 7 44 74 72 63 97 85 32 5 50 96 64 78 58 6 79 61
55 69 26 71 52 93 17 13 47 48 20 71 65 55 4 53 66 21 39 23 64 67 77 46 74 93 8 60 73 17 36 47 71 96 71 90 32 85 34 41 43 10 80 88 24 58 83 10 11 7 29 4 54 -1 28 64 3 24 3 11 13 3 88 50 70 38 19 59 73 -3 40 37 23 0 93 6 75 87 97 53 54 39 67 41 23 50 19 2 78 52 55 28 96 14 48 -3 2 47 4 29
22 100 57 92 100 94 96 85 97 78 48 76 76 85 13 45 45 16 63 10 18 72 45 38 27 82 61 76 86 58 31 47 62 16 95 51 80 83 38 50 32 45 87 6 97 66 35 96 52 43 84 16 59 52 16 47 47 90 50 56 65 95 65 66 71 88 10 40 27 73 85 99 45 6 73 88 55 8 29 95 10 2 82 60 34 48 89 56 16 15 76 88 91 41 57 16 99 36 65 70
41 67 44 81 11 -2 44 38 87 82 33 9 7 63 9 15 67 2 93 54 6 49 32 68 17 84 78 54 80 60 30 94 78 13 12 46 33 48 27 79 51 10 99 73 80 25 84 66 99 93 35 80 34 86 57 84 39 41 98 84 63 78 4 90 74 30 46 77 78 28 58 38 65 42 57 76 54 23 24 77 32 83 77 64 5 92 76 35 41 46 66 53 65 48 61 46 14 -1 70 79
37 86 39 32 75 16 35 17 12 15 100 21 5 27 56 39 96 42 60 16 77 19 41 15 61 64 18 98 14 70 92 86 16 46 11 23 44 92 76 41 90 44 24 98 84 63 16 35 48 40 24 93 75 17 21 90 80 35 34 63 29 67 58 74 53 98 64 51 71 60 8 51 102 76 57 22 98 76 72 47 101 14 35 51 66 52 26 79 50 29 30 37 91 68 25 34 51 50 55 47
33 25 12 94 73 14 44 90 75 47 98 76 38 85 57 10 36 93 81 69 45 6 37 79 70 57 58 33 43 44 69 93 49 67 38 19 25 78 71 13 24 53 35 44 67 5 15 18 13 30 38 -3 73 10 69 48 60 52 62 39 84 93 94 17 74 67 26 10 54 71 49 29 24 69 32 82 14 77 82 23 57 19 18 3 81 40 11 38 85 1 19 21 59 18 17 76 13 11 68 88
63 7 22 86 52 15 5 94 59 41 97 6 4 2 79 42 86 100 49 69 35 58 74 24 22 42 62 5 66 95 87 20 98 27 100 12 28 10 23 2 73 45 101 10 7 3 7 88 32 22 9 64 30 39 27 31 64 81 33 59 87 46 40 37 25 86 22 49 92 79 23 57 10 90 8 32 24 99 40 5 77 66 36 5 3 45 59 83 96 92 97 10 87 97 53 17 17 20 36 73
97 49 46 42 94 48 89 92 18 70 5 0 94 0 83 58 9 73 85 92 65 14 85 44 40 58 73 51 80 60 6 63 37 10 97 25 57 53 93 80 89 17 91 38 7 39 38 69 65 84 24 15 95 60 22 1 33 37 50 72 97 83 54 -3 89 53 34 6 78 64 81 70 24 55 36 40 46 74 66 41 3 58 98 5 45 5 72 16 25 54 45 65 91 50 7 45 87 75 76 22
68 11 94 8 78 79 52 52 31 63 81 79 61 13 63 34 101 32 26 17 43 14 54 45 29 7 91 27 26 94 48 62 64 8 41 92 78 15 62 96 75 11 42 19 89 15 46 7 85 67 92 9 95 76 69 26 32 85 30 52 73 73 30 93 63 49 17 8 52 41 71 89 24 17 78 30 91 51 32 32 102 85 34 36 18 80 58 50 29 51 89 35 28 6 56 47 64 86 42 63
82 85 60 48 4 0 28 90 76 88 55 83 92 92 17 9 36 60 68 2 19 55 27 82 85 90 20 -2 50 42 22 51 88 91 3 56 15 -2 18 33 53 92 29 20 32 75 92 14 61 26 61 93 74 34 85 56 41 55 15 90 89 71 48 64 24 66 10 9 25 39 53 78 33 32 91 96 34 37 88 93 100 19 62 16 48 -2 89 10 8 84 92 58 54 3 98 84 11 91 92 29
15 83 41 17 69 52 78 28 98 89 47 90 102 41 44 79 31 89 88 97 69 94 49 15 81 54 91 54 94 43 63 89 22 55 36 3 12 27 26 59 62 44 74 96 23 65 34 17 11 19 11 60 44 7 41 18 37 22 38 17 13 21 45 39 37 38 12 94 4 90 94 78 101 63 15 47 20 21 42 77 76 80 51 98 92 84 20 12 31 60 44 44 17 42 23 5 98 59 59 89
79 37 16 37 35 93 60 15 61 57 16 81 26 39 74 4 35 51 93 49 30 16 15 23 85 19 5 67 32 10 101 3 7 -1 73 17 71 69 69 58 77 66 27 57 29 90 53 76 4 78 13 73 18 46 5 31 86 -2 23 -1 8 15 51 81 45 94 90 86 61 90 26 50 17 -3 69 48 75 91 26 3 7 45 88 90 66 13 72 74 51 80 43 90 19 78 69 4 31 49 65 19
95 73 15 86 48 29 92 95 85 73 80 25 37 78 18 98 36 43 75 4 84 14 13 42 88 100 69 53 90 19 16 21 12 84 21 65 66 39 55 96 21 29 58 73 83 66 54 14 3 77 86 15 86 67 26 41 3 87 34 69 66 29 54 72 39 46 63 50 42 31 12 43 34 75 96 84 87 51 92 60 11 82 30 11 11 75 20 6 74 17 65 74 89 74 84 22 56 25 42 2
84 50 14 37 36 89 78 90 12 96 80 33 48 54 52 58 48 64 92 17 11 -1 52 79 57 96 31 78 80 59 16 66 35 57 41 64 92 20 25 78 46 19 56 44 44 77 6 95 19 42 42 3 39 88 72 50 48 37 85 52 87 32 12 94 81 93 54 59 41 72 98 28 12 8 7 32 97 66 67 30 12 69 40 18 21 83 5 64 50 62 81 90 40 27 43 48 99 -1 80 30
37 64 36 19 31 8 62 51 30 81 76 2 36 100 22 83 22 2 85 24 29 57 92 69 59 53 65 79 22 49 16 94 23 65 7 24 81 86 96 41 56 24 99 33 93 8 100 11 84 29 68 70 4 11 55 81 4 51 55 89 27 94 57 16 23 11 4 72 6 72 73 66 88 5 23 43 91 79 18 6 45 39 29 46 70 67 26 86 97 78 10 61 58 68 56 23 64 96 44 91
31 76 5 38 61 87 65 51 67 89 9 36 56 3 87 61 22 53 46 45 50 62 82 67 60 76 101 90 17 6 4 -2 15 76 42 96 88 2 21 38 46 41 94 79 53 54 47 8 25 80 48 17 40 30 22 51 54 46 26 -3 73 2 85 29 20 77 78 83 26 42 20 89 15 91 97 44 27 37 70 62 89 17 75 39 86 13 61 80 22 64 32 62 30 78 87 50 11 48 92 68
86 24 22 15 30 33 91 61 40 30 74 52 89 38 34 75 70 21 15 72 24 76 53 45 18 92 23 40 79 57 11 93 53 32 25 40 40 81 60 62 49 45 49 19 90 59 64 47 68 99 5 12 42 76 27 41 39 84 49 60 82 18 91 19 41 39 14 80 51 6 102 26 69 1 11 35 18 30 44 41 25 63 19 25 45 66 10 36 41 57 30 90 30 8 36 43 67 4 23 88
94 68 36 2 56 77 66 10 37 24 11 87 30 3 80 42 80 87 99 47 11 50 14 42 74 61 29 91 50 18 20 54 39 1 56 7 10 32 12 66 67 80 12 6 43 62 59 26 93 31 99 25 96 63 52 50 31 21 99 85 45 84 29 35 15 91 90 94 8 5 54 79 10 31 76 45 20 91 91 77 65 15 87 43 45 70 20 26 31 92 3 76 80 87 65 76 70 3 98 93
65 81 57 11 17 2 18 68 85 71 38 12 79 43 34 50 81 3 85 98 93 37 41 61 46 30 101 1 49 37 89 56 7 46 9 5 70 91 56 47 17 27 56 23 14 39 21 8 90 14 84 27 15 81 89 77 87 59 55 84 92 74 60 15 90 9 27 64 94 18 66 5 59 3 7 8 61 52 7 4 51 14 39 89 8 67 66 65 32 53 12 94 75 98 73 1 24 12 70 8
93 59 54 59 63 26 78 85 61 50 2 36 71 86 86 50 32 6 17 15 45 92 56 19 51 1 39 47 32 74 89 77 8 42 61 10 51 25 46 64 81 69 77 71 62 68 34 91 80 82 29 81 101 2 41 51 41 40 45 56 35 86 99 69 4 24 77 28 99 44 38 8 92 46 90 78 28 13 51 27 68 43 62 67 85 68 75 61 27 90 86 45 54 79 71 69 78 34 96 93
58 9 48 58 98 26 45 31 92 23 70 88 59 62 14 92 19 22 43 36 90 58 45 68 48 74 59 39 98 27 94 48 83 94 57 45 67 43 70 5 33 61 23 86 12 80 8 33 11 17 36 1 55 80 73 12 63 7 40 5 58 38 19 65 6 47 88 69 5 86 27 26 65 40 102 50 55 19 3 42 36 66 26 13 81 97 21 73 23 26 89 1 67 17 25 68 19 4 83 63
44 30 36 17 22 86 39 50 82 76 32 39 31 67 52 37 55 -2 71 4 32 71 74 1 60 26 13 42 86 45 5 6 62 41 39 -2 87 73 21 71 77 82 63 76 26 88 35 82 27 39 16 34 9 20 83 15 32 20 15 9 89 87 68 62 20 60 72 76 28 30 17 82 60 43 86 76 92 36 16 20 62 43 40 66 42 7 57 61 98 91 83 79 82 68 86 17 31 52 74 92
74 24 40 69 62 50 25 46 15 94 27 80 19 57 46 44 71 22 75 16 76 97 20 74 86 94 50 81 51 65 22 80 3 29 27 49 16 71 71 69 100 45 71 17 53 11 94 3 96 85 39 42 101 62 25 39 96 78 33 70 93 92 78 38 70 56 55 58 92 13 51 74 97 60 47 54 50 31 70 94 10 96 4 86 58 60 71 14 27 37 17 67 75 12 75 61 45 78 69 27
33 72 9 77 48 75 83 13 73 42 81 80 54 65 20 61 44 61 3 -2 71 85 46 54 79 93 23 55 85 86 40 85 35 37 24 95 72 22 8 95 49 35 75 10 2 0 4 89 54 62 64 67 94 75 2 15 50 77 39 15 32 95 55 24 42 79 37 35 55 53 34 56 67 11 74 62 63 88 36 31 85 86 38 81 36 34 7 19 5 35 100 87 25 29 18 27 67 13 22 53
80 25 75 42 11 98 55 61 21 33 80 76 82 52 35 59 61 64 54 69 81 98 26 99 51 80 88 85 46 55 69 18 79 72 86 18 8 47 32 82 81 90 28 29 84 33 77 33 15 23 52 40 95 65 83 71 9 43 35 82 101 99 95 89 10 46 30 53 14 11 83 19 64 56 76 53 24 85 34 76 15 82 12 87 40 91 18 4 13 34 30 61 47 54 83 52 55 46 65 5
15 83 85 41 3 56 18 1 29 49 68 15 64 56 44 25 2 47 10 40 4 72 44 65 9 64 41 43 46 81 60 37 58 23 93 4 85 80 67 16 63 22 9 -1 90 10 89 87 101 45 55 94 99 43 92 45 76 90 95 31 20 80 38 77 101 47 19 53 98 11 100 -1 77 16 51 54 5 33 66 51 54 53 68 63 56 35 84 49 65 78 92 88 89 89 37 61 93 90 61 82
23 18 32 60 7 73 83 9 97 91 52 44 71 68 15 7 77 39 12 78 26 92 44 23 45 28 99 51 82 78 42 6 30 35 7 48 70 76 27 100 41 64 84 29 65 82 66 11 15 46 54 32 60 32 85 2 83 39 88 31 38 6 77 48 22 5 26 44 13 20 25 52 42 45 90 59 5 10 80 22 30 7 18 15 69 25 61 39 55 7 29 74 13 84 70 74 84 19 89 54
64 76 31 33 92 27 33 13 70 9 7 60 55 68 90 38 29 89 39 66 42 51 74 95 14 60 26 31 67 84 65 26 23 5 39 81 65 55 100 -1 49 48 24 0 91 84 26 64 90 75 50 71 63 90 92 58 17 13 2 31 101 39 96 23 67 65 27 5 25 53 95 35 55 76 82 31 21 -2 51 59 94 73 43 10 88 86 79 79 81 21 68 29 15 56 7 68 89 78 36 55
67 27 71 99 64 42 94 87 66 5 6 89 24 4 75 97 101 56 7 83 16 5 4 63 6 7 59 69 57 5 70 2 78 45 77 70 82 12 33 58 41 87 90 20 77 85 22 72 67 69 76 57 51 53 14 80 12 19 20 20 98 34 13 23 29 99 44 30 44 50 73 78 61 25 61 77 65 69 20 44 39 10 19 66 47 14 75 34 28 94 58 79 12 29 89 55 86 36 82 51
17 80 36 87 54 91 30 85 32 61 21 8 81 34 6 53 21 74 100 60 28 15 65 20 2 64 27 26 48 39 7 36 57 18 76 61 13 4 8 79 9 6 85 34 20 71 90 1 4 96 36 21 34 14 6 54 41 15 69 56 15 53 97 80 62 73 84 22 54 65 53 91 80 54 87 29 22 21 66 79 12 40 76 25 87 20 82 32 51 43 84 34 67 86 67 37 70 29 18 13
21 63 60 10 82 89 57 79 91 21 68 58 61 58 8 23 62 80 33 12 15 37 28 68 89 83 71 39 78 25 60 85 99 72 68 21 29 57 40 65 94 86 78 5 83 65 76 80 93 61 54 15 13 47 8 16 98 91 29 13 74 43 93 87 65 1 93 20 57 44 84 54 17 30 67 54 94 83 80 25 37 21 49 52 84 85 89 91 14 83 81 57 15 71 13 27 51 49 91 7
101 54 51 72 38 60 65 57 61 72 92 77 51 68 93 25 6 5 16 41 46 68 67 4 10 39 52 11 43 82 33 28 91 37 58 34 27 40 46 91 18 12 99 38 6 71 36 -1 14 54 64 1 7 70 24 47 42 19 42 47 100 69 26 50 72 8 30 70 72 34 43 62 81 83 67 61 10 65 20 54 29 92 10 18 51 78 16 48 5 12 87 30 96 86 34 26 54 26 94 95
32 18 90 59 14 100 41 100 73 19 25 2 19 98 35 52 33 77 89 13 75 100 74 98 94 3 45 29 88 81 92 9 8 78 84 12 100 40 58 30 81 88 40 97 86 42 44 60 4 51 40 52 95 84 101 70 36 46 51 65 54 96 8 95 51 75 80 3 50 34 91 47 11 33 62 3 75 44 22 46 18 68 32 12 100 92 34 56 64 34 58 66 96 88 41 79 83 97 101 71
29 49 20 43 60 33 15 56 11 1 101 94 76 36 10 89 51 63 88 43 69 96 19 51 60 10 86 82 47 53 79 60 15 20 21 49 3 43 99 77 60 85 68 68 88 28 62 0 8 5 32 55 55 48 96 65 74 67 49 26 89 4 24 96 71 78 87 58 73 51 56 79 10 21 80 92 56 91 89 44 14 26 18 85 35 61 39 88 41 -3 79 28 51 79 8 64 51 34 70 10
69 95 71 33 83 32 21 95 97 15 14 28 20 37 40 97 55 86 96 18 64 38 34 59 4 69 85 41 34 71 48 96 89 63 88 26 71 72 68 45 69 1 3 76 18 40 8 21 28 74 47 42 89 67 65 94 90 95 24 27 71 57 20 56 86 70 62 83 99 27 100 56 48 80 25 12 13 87 62 10 18 61 64 68 86 17 32 21 10 47 83 28 68 4 21 55 53 14 30 77
3 -3 16 62 4 30 22 21 15 15 98 76 21 31 92 47 41 69 35 40 12 12 92 41 90 27 70 32 24 74 99 81 51 39 86 76 26 50 18 74 52 49 23 -3 96 49 64 52 81 10 83 23 30 56 74 82 91 54 35 21 15 49 79 53 66 1 25 11 50 12 41 36 14 91 39 3 2 74 24 44 20 76 74 57 22 -2 77 17 64 26 26 44 72 84 21 19 94 9 93 77
30 89 78 43 19 63 43 30 72 40 97 2 33 59 9 52 57 40 47 39 22 59 13 81 61 63 90 17 90 70 19 84 20 65 53 61 101 56 63 60 100 17 62 44 52 4 30 39 6 95 9 51 3 97 69 23 67 86 60 21 21 86 48 56 92 10 27 22 32 30 9 26 74 55 71 10 93 67 82 34 75 77 93 7 98 32 39 90 33 21 39 48 9 24 19 7 74 50 28 30
62 3 60 6 7 92 73 35 97 64 98 83 52 72 64 30 6 0 32 33 14 27 13 34 87 80 64 96 10 65 3 28 84 4 63 77 17 38 84 74 13 79 14 75 89 77 95 11 12 51 43 4 63 51 18 79 88 91 30 57 55 40 96 86 27 11 66 46 16 39 59 22 83 53 2 31 94 15 49 68 91 95 88 2 31 0 33 73 51 48 29 96 80 95 46 91 69 42 75 56
29 6 8 93 76 43 32 66 62 28 102 92 39 15 82 90 5 88 7 94 58 59 16 70 17 79 21 92 85 69 32 93 41 30 26 90 26 69 63 35 25 42 74 72 22 68 21 98 60 63 97 85 91 12 78 41 17 65 64 41 5 35 21 3 68 68 54 39 14 23 50 46 29 16 3 79 61 55 10 92 49 2 47 4 26 98 72 8 44 95 77 95 13 32 101 78 49 14 62 14
59 65 83 60 32 58 27 50 30 74 100 27 3 93 81 54 34 15 64 9 84 18 16 7 61 67 59 20 64 11 57 96 47 85 52 45 35 16 8 20 95 30 61 65 66 77 25 79 23 45 11 -2 87 92 30 70 11 87 94 69 86 -1 21 79 70 39 26 24 27 44 62 46 55 36 69 72 51 74 51 39 92 3 52 2 27 59 98 56 99 94 17 14 41 56 61 57 7 56 74 80
63 42 32 94 31 75 31 85 26 73 52 56 23 60 40 36 93 1 19 15 28 14 87 76 10 100 101 84 18 50 93 67 67 74 70 11 62 54 18 63 12 14 33 42 83 50 83 21 98 73 8 60 85 68 60 65 44 86 85 13 65 48 75 43 55 65 61 71 43 20 45 11 27 35 36 1 68 43 30 52 23 3 25 26 82 99 78 22 11 60 15 11 64 74 95 54 87 71 56 3
72 64 55 78 32 -1 85 9 57 6 58 64 78 81 29 2 24 87 68 26 66 3 6 50 56 20 17 4 45 2 39 58 32 81 44 27 25 89 61 55 2 21 6 51 90 8 56 34 99 27 78 78 46 37 75 64 5 77 39 96 30 77 21 17 95 22 99 82 35 82 91 72 34 89 17 70 17 26 15 9 94 87 27 62 86 12 42 91 18 57 47 43 91 67 47 90 49 4 66 41
65 92 75 29 101 2 20 16 87 18 25 4 39 34 88 69 68 61 71 74 98 68 6 58 73 10 44 80 54 28 47 96 41 99 26 14 24 100 17 80 55 93 59 24 67 53 93 20 84 41 22 61 10 92 70 23 95 6 76 26 20 9 13 69 101 47 51 79 89 95 23 74 4 39 25 7 14 23 66 40 43 46 42 61 85 18 21 27 52 84 47 27 12 74 53 2 98 26 38 79
53 78 4 44 46 58 70 9 32 81 75 31 75 94 67 90 40 61 29 91 35 47 4 39 77 32 35 39 31 -3 80 41 81 93 55 37 70 69 7 57 31 52 17 95 91 85 62 77 26 49 40 48 93 91 86 38 2 21 9 63 10 52 25 86 4 87 100 60 97 83 64 81 41 58 17 48 40 37 74 54 2 86 86 16 97 89 81 64 88 21 13 25 27 69 43 28 4 29 15 -2
76 56 65 16 11 92 68 100 12 96 19 11 30 88 25 28 47 61 25 38 59 53 27 30 70 29 21 42 30 36 79 41 88 26 30 84 18 86 74 15 51 20 86 41 98 98 97 58 95 17 5 58 84 48 30 19 53 17 89 22 24 8 42 22 97 12 4 57 17 39 41 50 5 45 80 51 70 81 19 6 101 76 10 68 38 94 5 10 76 98 61 4 90 32 36 20 101 5 10 90
98 33 80 67 94 25 70 54 60 87 87 71 2 61 91 7 80 63 47 30 2 66 11 71 73 59 88 42 27 0 23 8 86 7 38 11 5 34 84 26 26 87 26 88 22 61 52 22 53 -3 16 4 70 69 68 22 76 54 78 72 48 62 80 23 52 20 47 73 10 59 5 48 94 90 38 41 87 78 65 65 17 85 95 27 23 2 33 27 86 22 6 1 11 88 98 47 57 72 16 14
13 51 16 10 7 26 97 53 83 34 8 52 100 98 88 10 65 80 31 41 43 6 98 21 9 24 33 65 17 40 26 1 13 70 50 3 95 14 57 54 29 74 31 17 79 19 37 2 46 91 77 15 19 68 22 14 62 82 52 94 95 16 65 47 11 92 80 86 76 100 93 20 80 27 47 30 83 33 67 91 66 15 78 66 32 38 45 2 41 16 43 20 20 17 86 24 18 4 25 26
75 81 57 -2 51 55 47 91 23 7 52 76 9 32 47 34 80 48 6 79 94 80 34 4 21 71 83 50 4 44 82 89 80 81 73 86 71 70 40 96 46 26 10 14 4 88 58 3 3 30 14 9 22 55 54 60 8 71 2 43 72 73 89 69 4 24 41 3 55 18 16 85 12 18 20 38 96 44 8 -1 63 88 69 8 55 54 4 11 45 9 64 58 44 41 7 2 86 58 75 23
6 50 38 52 102 43 62 52 67 98 22 63 62 50 19 90 76 98 61 19 83 77 29 90 88 14 25 44 22 100 72 10 40 64 52 46 40 68 90 10 54 86 63 6 69 98 24 1 50 73 5 93 87 60 67 64 56 96 97 44 98 78 87 71 41 25 38 36 54 11 22 55 18 51 91 29 86 69 67 19 95 63 75 69 16 85 73 96 60 6 3 80 77 49 54 73 33 61 62 69
54 67 60 53 20 6 25 34 32 35 68 42 66 55 41 75 5 66 92 27 63 51 27 71 86 91 21 33 80 12 74 57 32 1 34 81 32 42 45 91 54 50 42 32 72 17 13 53 87 4 79 32 101 56 73 69 49 63 12 84 19 8 23 18 96 15 64 3 64 35 8 88 59 82 66 47 10 54 61 69 32 69 71 6 24 70 90 13 25 43 9 13 101 40 92 94 18 87 61 5
25 12 98 55 79 2 85 34 33 29 74 90 13 57 5 13 71 56 38 67 86 42 70 76 73 96 67 38 20 14 40 43 102 2 94 64 48 73 27 21 30 78 30 42 96 26 34 31 55 51 66 39 11 91 62 87 77 83 25 88 71 71 63 99 71 64 70 6 25 96 62 62 52 85 9 43 63 2 96 59 96 1 27 63 16 11 25 91 76 20 48 13 22 27 10 2 28 89 14 53
16 42 72 71 39 44 8 15 47 67 88 5 55 80 4 67 94 54 57 4 7 11 68 35 55 45 69 33 42 53 72 51 46 54 51 25 93 82 8 58 3 15 71 41 8 71 79 12 93 13 30 23 55 76 28 15 69 49 60 85 46 4 27 66 34 15 30 38 57 65 37 9 95 80 4 41 41 24 5 -3 9 9 18 23 53 79 70 28 75 69 69 17 33 36 85 12 11 0 22 7
36 76 81 67 16 46 96 82 69 92 24 47 15 55 71 13 8 6 55 99 33 59 23 69 98 34 4 38 51 23 3 66 27 69 8 5 27 29 88 34 75 44 93 79 100 99 87 85 54 44 97 25 98 94 79 63 87 4 33 19 30 97 4 48 93 2 22 51 27 38 59 21 91 51 50 38 51 33 40 25 27 19 35 74 7 43 45 77 85 67 92 95 17 62 45 11 44 52 41 54
39 10 57 58 82 50 92 18 44 94 3 12 63 20 15 51 78 16 22 93 21 39 61 8 80 92 72 49 50 65 98 88 36 13 54 56 75 80 90 38 74 16 21 78 31 83 14 44 42 81 74 18 2 76 5 92 22 63 45 60 88 54 70 0 70 34 25 10 95 90 16 13 94 76 88 49 75 63 73 37 96 60 16 76 66 96 19 56 41 10 26 6 93 82 28 44 48 23 57 43
39 18 4 81 94 99 66 55 97 70 63 5 79 97 36 83 68 76 99 20 18 47 8 33 56 9 18 80 21 52 76 75 69 65 34 23 92 56 17 28 51 92 76 86 78 3 38 93 82 26 36 54 20 70 63 81 29 28 57 63 96 85 4 81 34 21 41 51 68 24 68 65 78 83 42 20 61 80 7 21 42 40 43 70 45 42 19 59 74 67 69 96 86 5 40 33 14 91 52 75
100 31 96 74 47 39 62 79 24 21 7 44 91 23 96 6 73 37 57 4 16 78 30 67 69 32 66 10 86 53 35 20 46 65 42 86 40 36 86 50 77 73 97 71 67 86 8 71 61 74 36 6 41 82 53 52 84 -2 76 79 26 63 95 80 37 66 47 43 47 42 88 12 42 85 71 85 8 19 22 70 45 11 43 10 101 1 82 95 46 4 34 55 19 38 72 52 96 79 10 60
93 13 90 65 87 23 31 68 87 35 39 99 78 20 65 91 55 61 26 59 86 54 52 30 13 15 84 47 97 20 81 88 87 59 98 63 72 72 73 96 66 97 52 24 90 44 88 10 34 74 6 67 20 60 93 89 79 91 74 82 25 45 67 87 3 85 71 4 39 2 15 13 80 21 31 35 74 23 26 43 30 90 38 1 37 33 11 92 18 35 8 42 82 94 75 69 79 24 6 3
9 22 31 83 42 47 9 71 97 96 68 90 5 37 31 93 22 36 96 38 67 75 70 23 7 8 66 16 39 96 58 18 13 92 27 6 81 87 12 15 34 82 50 45 35 14 20 74 91 20 63 -3 55 58 8 35 28 10 52 68 49 21 76 7 45 25 25 17 91 51 95 74 28 21 56 53 70 80 11 6 60 30 52 19 66 84 84 -2 25 74 99 89 90 13 69 70 41 40 90 49
21 36 23 22 77 6 45 34 23 95 63 88 38 81 60 12 37 15 59 95 38 57 66 1 60 37 99 69 85 40 67 3 72 7 57 29 40 83 92 87 81 63 90 34 39 23 96 8 72 63 5 15 82 22 68 8 97 64 87 20 34 87 49 33 41 45 86 61 77 31 74 71 48 29 88 36 28 74 65 97 95 52 36 64 102 19 63 82 35 81 66 67 76 50 77 87 69 78 65 67
7 15 59 62 6 68 85 -2 86 30 67 42 12 58 67 62 37 61 65 36 76 89 34 25 8 26 49 38 29 58 91 -2 96 9 38 78 4 33 28 35 3 44 39 55 14 18 101 93 30 56 77 61 94 70 53 -1 41 33 71 72 31 68 97 77 62 1 70 79 69 86 71 57 90 88 96 60 87 11 32 52 37 18 56 38 57 25 58 75 25 83 18 67 51 33 74 52 15 57 55 40
50 100 14 22 27 75 22 25 64 20 83 45 85 60 100 30 81 89 99 89 8 18 33 28 93 76 17 10 16 99 40 27 72 38 48 71 22 77 71 69 88 70 61 88 37 54 55 47 102 26 5 68 8 40 39 19 69 80 92 89 57 92 33 88 35 14 39 30 8 5 99 55 16 39 46 63 98 74 58 90 82 99 77 55 26 1 89 58 4 10 41 48 82 94 62 98 20 27 24 8
58 70 21 46 27 48 95 66 30 16 94 68 32 14 97 4 68 85 28 92 73 12 97 21 13 85 46 1 29 43 44 21 28 15 89 41 81 19 78 9 8 79 91 88 66 35 77 46 6 39 93 40 56 84 32 42 17 68 93 1 53 14 94 68 21 21 98 80 73 10 36 13 84 32 20 17 69 72 14 30 47 3 21 16 18 28 26 41 82 45 25 46 52 85 99 88 79 81 19 23
38 22 66 66 90 48 40 21 8 51 89 44 47 96 4 24 18 65 68 17 38 60 27 72 78 68 20 84 100 86 51 35 67 88 23 59 58 21 55 86 48 56 71 6 32 93 43 27 39 38 69 91 84 39 22 41 102 4 76 38 79 11 102 76 53 39 66 6 71 60 6 5 13 46 70 36 57 67 56 4 51 90 19 35 54 80 70 39 89 88 3 91 76 77 100 62 59 42 6 37
32 51 80 50 52 52 90 5 84 17 86 67 85 10 48 70 97 45 93 62 76 83 26 0 5 88 14 4 15 89 93 32 69 95 47 9 49 43 29 48 87 60 47 58 48 59 31 41 94 -1 25 64 98 91 65 68 55 33 22 14 35 25 29 6 47 24 22 3 43 64 88 58 78 -3 94 21 50 63 2 66 87 42 82 82 11 11 62 52 26 69 78 86 64 59 94 70 23 78 48 62
79 51 11 50 62 58 13 46 62 86 4 59 41 2 68 42 70 63 31 38 100 77 28 56 46 44 12 62 19 98 18 26 86 29 49 14 17 24 38 90 96 81 58 29 29 22 92 35 3 98 36 100 27 94 33 36 16 46 26 64 14 19 98 33 77 77 57 26 99 27 100 82 21 14 63 63 45 5 22 73 37 79 96 35 48 29 33 30 28 76 16 95 72 40 101 95 77 79 102 54
67 17 88 89 83 68 10 71 36 50 59 22 31 34 11 72 32 43 19 13 89 6 28 70 90 61 66 34 67 18 2 6 43 11 50 70 72 10 40 15 67 45 39 -2 40 90 14 47 46 4 44 95 41 54 35 38 68 -2 76 -1 72 6 100 6 86 8 3 88 98 39 3 5 98 49 47 49 101 71 50 62 43 22 53 52 41 41 16 96 8 69 90 56 49 6 43 73 97 80 80 6
3 10 61 71 102 34 80 2 52 78 75 13 80 54 37 31 94 25 69 66 37 57 5 48 20 19 4 53 50 63 99 78 85 32 5 15 95 19 9 94 61 46 85 97 59 86 10 40 86 17 43 70 51 48 44 41 22 51 17 46 43 65 53 62 66 43 6 41 101 71 87 81 101 72 73 96 96 96 24 5 66 64 97 62 96 53 70 39 81 63 49 99 80 35 31 82 65 69 84 59
33 87 69 12 28 29 97 37 8 86 90 12 29 18 84 46 56 95 18 80 15 85 80 79 72 11 58 87 11 19 2 37 7 38 65 85 5 37 95 19 35 91 44 10 44 63 61 58 86 69 64 -3 61 9 31 12 71 38 70 67 74 26 92 91 73 1 10 71 28 18 100 18 77 60 15 95 94 33 20 35 50 88 3 56 22 54 90 3 18 62 96 47 17 73 97 65 80 46 64 11
101 27 100 67 61 8 41 69 47 87 47 38 101 83 69 75 44 5 87 23 26 98 87 58 87 85 44 69 59 43 41 20 13 52 11 16 35 53 90 72 51 78 7 80 71 5 63 9 18 33 78 87 81 79 49 88 12 9 37 16 27 70 49 96 64 2 84 59 82 29 28 100 52 88 53 5 4 84 25 24 7 92 64 93 73 76 20 2 43 58 84 17 37 89 76 100 92 67 30 56
64 66 87 87 40 42 57 57 96 75 10 38 94 83 27 49 50 -2 57 46 4 44 40 64 23 2 80 12 44 21 72 81 86 48 82 60 22 94 75 18 71 67 14 32 61 -2 3 58 99 55 60 9 78 70 78 72 97 74 19 56 61 70 24 29 89 47 29 81 10 82 22 13 76 70 93 43 86 34 59 90 46 10 7 78 13 1 84 6 51 36 97 5 93 83 91 90 65 17 13 39
44 66 87 99 9 80 42 25 75 85 21 23 85 90 31 50 54 15 84 79 96 55 40 52 35 92 101 4 3 8 60 65 36 38 63 31 58 18 67 93 102 8 102 62 35 87 3 37 98 23 80 28 21 91 92 67 91 73 48 98 47 80 44 48 41 11 9 97 85 46 8 37 99 71 78 37 19 30 60 32 79 74 31 64 79 24 44 30 64 6 83 89 96 84 23 20 50 88 32 42
12 59 70 22 44 70 70 73 64 31 40 68 75 28 44 6 97 58 83 34 69 4 3 73 15 26 86 21 11 73 94 29 57 47 89 46 99 18 65 29 36 4 60 29 42 3 97 70 14 -3 63 58 71 17 92 74 83 -3 45 24 73 22 52 43 67 33 13 79 49 15 49 22 88 62 97 53 64 -3 86 51 36 93 6 25 49 11 61 78 49 78 26 51 56 82 7 78 3 79 17 74
87 83 81 11 45 77 14 92 44 84 93 63 25 70 27 24 83 16 31 32 35 20 13 50 43 94 96 99 32 99 43 84 6 88 70 72 99 37 98 74 102 91 84 71 5 30 80 15 65 66 34 36 42 6 93 60 4 90 94 81 46 84 55 78 35 36 3 44 48 63 37 13 16 46 30 93 6 32 39 10 45 95 45 89 101 87 45 42 36 44 57 19 22 89 31 43 85 41 80 52
46 6 101 19 73 7 54 76 12 42 88 31 86 30 28 35 32 87 40 -2 36 22 68 25 80 2 73 44 20 51 76 80 81 17 70 62 55 53 5 43 61 59 57 29 61 35 19 59 42 89 77 48 99 82 35 85 94 79 46 65 71 0 34 78 79 93 73 20 43 62 45 18 40 20 61 95 57 45 23 69 35 87 31 88 27 64 87 93 6 59 36 26 46 54 81 59 34 85 54 91
53 54 81 22 32 65 79 27 22 64 47 51 59 21 40 25 84 45 15 65 76 47 39 67 92 23 66 61 63 21 70 18 85 16 102 55 67 98 50 92 18 50 46 1 66 83 5 87 58 80 27 24 54 85 72 19 66 59 22 97 80 37 3 17 17 5 57 39 16 15 4 51 23 70 7 34 13 3 29 8 63 13 36 71 81 89 10 44 38 19 62 72 9 66 9 75 101 24 48 61
95 4 4 70 30 32 46 68 69 13 62 92 51 66 63 20 9 67 50 56 16 18 91 85 3 20 82 24 4 53 51 39 5 22 26 88 101 90 44 77 64 69 93 46 66 -2 78 7 50 7 96 6 99 35 47 85 8 26 53 87 59 8 66 46 87 46 54 80 14 19 86 21 49 68 44 82 3 38 50 82 48 37 70 50 47 11 64 27 32 47 97 -1 50 91 82 4 12 90 7 65
65 68 52 51 94 19 9 7 11 96 40 64 77 63 49 82 90 9 63 75 56 78 89 98 19 12 79 59 87 32 87 45 69 93 7 92 98 8 5 79 4 50 98 83 62 89 27 60 45 62 64 10 60 12 60 3 94 90 42 36 92 53 52 34 11 65 39 98 34 33 55 45 18 7 10 93 30 99 3 88 75 89 35 89 78 95 99 60 55 24 16 59 45 30 20 66 101 51 8 98
16 14 92 55 69 45 46 64 80 34 93 95 61 92 45 3 76 44 67 70 5 50 71 62 77 25 88 73 64 53 20 69 92 68 94 39 55 20 52 40 85 21 67 65 2 20 65 84 59 39 44 78 89 57 3 53 54 29 87 40 58 71 34 65 54 77 31 71 70 50 51 78 9 90 5 54 44 9 73 1 97 96 91 50 16 89 48 70 3 88 49 26 3 63 85 21 87 1 53 92
55 72 82 54 59 56 95 80 28 99 3 27 79 7 46 10 23 11 37 98 77 4 13 69 54 70 44 31 31 18 93 44 60 84 56 56 52 93 30 90 66 25 100 87 92 63 43 73 49 63 57 75 37 11 45 67 81 23 84 9 71 65 96 17 45 57 42 48 22 67 61 100 44 90 20 70 28 53 55 35 53 84 59 68 66 29 89 27 92 23 93 17 59 42 77 52 98 25 72 13
36 58 47 17 45 7 38 38 7 34 58 55 39 13 68 25 2 -2 41 4 61 4 95 80 54 4 2 38 78 24 79 44 43 43 47 23 6 16 93 81 42 77 33 92 13 62 39 -3 101 69 53 96 2 50 9 61 85 10 92 57 86 70 55 68 49 62 30 45 86 71 49 66 3 82 74 33 70 59 21 38 15 85 47 22 45 12 16 18 45 58 53 28 60 19 32 66 10 48 12 82
El programa tardo 73 milisegundos en ejecutarse.
