12 49 40 21 68 35 54 29 80 8 13 59 38 36 97 14 36 66 12 34 14 10 22 48 98 34 17 60 25 24 5 55 79 2 6 49 62 21 4 63 64 54 44 31 31 1 9 19 101 88 5 71 11 54 57 58 78 4 9 67 55 8 21 18 22 17 3 91 12 91 13 66 16 13 13 97 67 8 34 84 42 60 40 8 15 75 63 37 80 31 97 57 30 80 88 96 26 19 89 54
81 37 2 21 20 26 88 80 17 94 26 28 84 89 66 72 17 50 20 34 101 28 77 86 74 39 11 26 18 71 100 9 75 5 46 95 30 -3 92 59 73 -3 32 68 70 51 10 32 78 34 37 82 37 63 100 49 14 88 66 72 26 68 54 82 6 77 26 67 26 8 5 71 15 88 44 9 31 52 85 60 8 57 11 39 57 82 82 2 55 77 60 25 59 18 71 31 80 19 5 26
15 91 95 94 4 82 88 100 87 62 30 68 64 84 23 2 6 93 56 59 95 28 38 77 26 82 24 99 10 35 34 79 39 97 74 12 102 25 28 80 64 36 70 31 72 64 48 9 36 51 35 62 49 35 93 72 61 11 11 47 55 28 74 64 24 22 79 46 22 57 3 85 49 3 4 74 90 44 100 1 61 92 6 35 17 35 23 30 93 45 61 50 83 32 54 34 41 28 78 76
90 51 84 44 56 30 17 43 71 69 91 77 32 67 49 3 53 67 96 55 24 94 50 88 61 21 47 14 100 0 98 -3 48 20 62 37 31 63 19 44 74 43 29 3 50 28 81 88 86 84 49 5 46 85 59 90 68 83 71 30 69 44 87 22 64 3 50 28 68 38 99 56 81 72 24 11 84 1 21 85 39 58 6 39 70 91 37 63 31 77 16 15 10 71 84 66 84 21 20 78
60 65 24 17 55 75 37 59 31 23 85 97 98 46 28 42 89 25 14 92 91 56 99 89 50 52 37 1 99 30 62 48 71 1 35 97 9 85 32 82 91 74 102 66 81 42 78 28 61 25 10 22 87 78 38 13 66 52 19 96 38 1 67 28 34 81 99 37 16 12 82 11 79 65 62 71 58 4 27 13 25 1 100 11 76 86 58 28 12 42 98 24 92 46 35 17 75 50 64 71
25 92 72 68 44 17 77 -1 76 53 65 72 30 69 76 64 66 65 15 58 51 81 10 52 52 40 11 -2 56 20 44 96 22 -1 44 35 33 1 83 93 19 44 56 57 99 49 54 28 86 68 54 95 29 73 66 -3 90 0 44 65 57 79 35 75 95 36 62 92 61 57 49 72 88 15 2 1 12 38 93 75 63 24 79 49 59 2 80 61 39 46 65 38 64 79 50 31 43 -3 98 36
21 88 27 23 8 5 45 86 20 61 50 48 49 8 62 76 44 30 31 32 25 35 4 45 97 98 80 9 101 33 53 89 7 33 12 79 62 59 80 98 73 2 47 94 45 6 64 94 13 89 36 79 101 74 13 94 53 81 80 16 84 26 89 37 76 11 45 63 46 98 13 52 87 3 77 69 79 40 93 57 90 37 60 6 27 5 38 1 89 55 85 42 73 33 4 13 22 54 25 22
53 76 19 -2 26 45 24 17 82 79 81 21 89 94 45 94 58 74 90 18 6 21 42 53 7 9 13 79 79 72 53 95 83 96 54 88 18 -2 16 22 11 15 83 67 27 49 69 4 66 61 66 7 85 18 78 51 17 90 69 58 54 70 101 32 67 9 59 30 79 46 97 35 80 16 8 12 63 40 23 65 85 89 70 7 26 58 79 18 70 64 98 58 79 39 4 85 30 80 17 3
85 86 26 73 30 55 68 81 69 6 16 24 78 8 81 69 21 38 8 24 48 12 70 61 89 27 79 79 73 64 25 82 47 5 100 3 7 15 57 72 19 32 5 91 32 61 32 67 57 31 35 26 46 22 79 95 25 84 65 65 78 81 79 71 30 38 9 91 90 71 55 84 6 47 57 41 82 19 20 93 34 55 10 28 5 87 71 77 68 84 98 36 41 72 11 6 85 94 4 45
16 49 53 30 83 17 21 10 50 95 42 17 15 12 36 32 53 76 72 36 87 29 95 34 28 23 21 31 4 44 98 86 53 49 10 13 36 -1 42 45 22 28 50 25 101 -2 96 46 92 68 63 7 25 5 83 16 64 59 60 44 17 28 96 75 82 56 22 83 63 70 84 42 31 41 38 29 22 95 75 75 87 75 63 93 95 40 29 0 29 18 15 26 91 66 35 10 12 3 32 57
100 35 90 49 90 77 47 52 67 28 32 83 4 25 45 11 16 8 20 82 98 97 41 30 70 22 65 3 23 58 57 56 59 10 59 55 24 12 99 95 25 13 81 39 46 37 76 10 60 40 48 42 93 79 95 68 34 70 43 40 20 8 33 40 96 85 57 51 51 40 62 73 64 64 7 31 46 62 87 70 39 85 32 8 72 29 21 56 87 9 65 4 31 16 102 16 101 60 43 71
66 41 24 31 25 93 100 61 54 5 54 69 100 65 60 16 28 75 35 44 63 80 8 84 13 53 8 24 16 30 25 77 73 8 13 32 49 66 20 9 73 12 23 27 66 89 58 20 29 51 52 15 68 28 8 52 98 0 30 87 77 12 46 86 16 65 18 13 16 44 80 68 100 36 41 24 77 50 82 94 69 20 32 54 31 64 58 13 49 28 27 46 77 48 80 78 59 38 59 22
29 91 59 65 12 81 27 89 78 90 37 99 55 70 48 2 98 78 35 30 52 46 23 58 62 89 71 77 78 46 63 48 101 70 39 45 57 16 56 73 17 50 16 32 7 90 82 78 33 52 41 33 28 40 102 86 42 53 83 17 73 92 76 72 85 8 67 45 89 72 82 94 80 90 75 51 97 20 52 82 64 33 91 93 72 72 43 52 39 60 83 72 26 26 95 77 21 36 45 40
11 14 69 59 39 89 20 71 5 76 53 77 34 89 98 85 18 70 66 72 47 42 47 71 59 85 31 43 4 90 35 32 60 73 66 52 37 12 31 40 100 49 29 28 95 34 9 7 25 71 17 61 33 26 93 81 39 -1 87 0 91 29 2 85 96 72 88 8 89 53 99 77 45 73 72 36 8 26 48 87 93 58 60 13 42 87 30 65 87 76 72 70 12 61 72 42 39 3 33 42
8 55 98 97 34 74 39 26 88 42 91 55 97 58 15 54 45 80 43 9 31 62 29 75 26 19 22 6 15 23 28 99 63 5 75 8 42 96 99 30 55 33 65 99 54 23 101 74 3 50 97 43 67 80 97 28 90 34 86 16 27 52 82 1 57 8 71 84 16 99 8 38 28 52 74 99 9 92 22 39 63 17 69 18 65 40 95 94 60 74 100 83 67 44 91 69 33 41 63 22
73 37 99 25 29 57 47 27 53 15 63 73 68 36 101 72 79 28 31 35 9 60 56 15 32 30 39 20 98 44 31 35 44 2 13 47 24 85 17 26 57 64 23 9 5 27 89 63 97 68 33 15 84 52 97 96 82 31 48 32 83 61 54 96 17 49 34 18 77 6 12 61 35 4 61 24 68 83 74 77 8 52 12 91 65 16 21 60 11 53 38 88 16 62 26 53 27 85 65 52
39 40 84 45 37 49 79 38 48 49 84 4 98 51 41 69 75 53 22 22 50 50 18 89 31 28 99 30 67 67 28 8 56 70 57 44 54 95 21 1 50 81 86 11 67 2 64 47 94 24 50 2 89 66 99 54 94 32 46 98 8 11 76 56 8 13 6 57 67 24 102 51 40 84 67 65 77 74 35 26 13 35 99 9 35 59 37 90 58 80 68 21 69 64 50 96 65 79 49 77
101 88 59 45 3 21 36 57 21 1 71 5 5 4 18 21 83 91 96 35 41 38 96 87 89 55 41 65 74 81 74 95 21 58 34 65 45 89 64 77 17 96 41 34 21 2 53 10 19 95 43 77 35 22 47 95 45 18 94 9 73 68 95 41 41 58 68 -2 97 85 28 71 26 32 67 58 15 60 97 68 44 16 53 49 27 71 84 32 72 89 22 30 19 58 14 20 62 58 33 84
67 27 101 78 102 2 67 22 89 61 90 86 26 26 59 88 60 82 12 13 29 74 57 9 53 35 31 2 37 80 87 75 99 69 47 41 51 57 3 61 68 2 19 30 74 18 8 90 4 43 94 8 74 3 19 9 82 28 61 11 57 10 41 93 71 84 66 87 38 19 77 68 98 37 66 77 42 72 58 21 69 22 98 39 81 55 12 52 96 63 86 76 71 81 78 68 6 31 36 1
99 70 27 29 65 95 61 37 53 7 91 23 30 44 60 55 60 57 48 73 93 94 33 64 14 26 63 47 17 60 101 34 90 8 75 36 52 62 74 39 53 90 52 73 81 32 84 78 26 57 92 37 52 1 70 75 82 10 11 67 74 66 76 50 51 85 70 76 99 50 25 96 80 26 14 30 13 27 54 19 74 69 29 46 5 68 27 27 11 32 53 19 91 17 75 66 7 9 84 80
11 27 21 44 72 27 69 47 20 80 78 79 86 97 66 3 57 26 51 1 95 99 44 67 48 62 69 54 83 54 16 89 74 41 15 60 86 57 38 72 25 28 56 17 65 33 50 70 15 89 77 75 20 89 86 64 27 16 62 31 48 80 20 25 7 3 98 54 57 44 22 15 37 33 78 3 92 34 16 95 52 52 28 23 35 75 87 32 84 17 4 17 91 22 78 27 35 63 9 39
68 82 54 96 30 17 33 41 8 73 54 11 92 75 41 4 33 41 33 22 35 66 16 77 9 48 67 69 83 24 68 53 54 94 99 60 47 42 64 62 25 57 15 9 20 25 15 6 71 51 95 40 80 28 48 22 31 0 85 44 3 -2 45 12 23 71 63 71 25 89 24 -3 49 30 18 93 14 12 83 77 101 9 50 55 36 15 57 94 59 96 67 24 17 43 41 51 14 82 36 72
55 96 77 20 46 36 10 92 12 74 17 22 39 81 42 79 10 43 17 27 41 20 58 96 97 76 101 40 68 93 56 57 55 81 9 74 16 80 26 71 89 71 45 88 50 6 47 19 84 65 44 78 61 80 87 78 51 64 50 71 28 93 94 41 80 41 82 65 10 43 92 5 73 27 6 15 64 75 91 20 40 81 54 41 65 51 81 7 60 89 59 30 69 83 81 11 45 28 91 47
54 89 46 31 78 64 23 67 13 89 65 64 94 24 47 35 99 83 98 5 13 93 27 42 46 50 36 47 85 70 63 42 10 36 81 71 69 1 2 36 95 86 85 54 67 17 9 57 86 90 86 10 92 84 98 78 73 3 37 9 31 32 75 1 56 1 18 30 39 28 55 16 63 48 63 70 75 0 42 20 13 4 63 -3 59 29 91 48 19 94 10 8 11 66 95 56 95 15 2 66
26 57 52 53 36 71 17 95 45 40 22 56 57 14 31 49 82 11 68 65 37 2 44 47 87 20 49 34 87 51 23 61 41 47 90 80 37 28 90 23 55 13 74 6 23 75 4 37 86 75 17 86 14 8 26 42 98 46 18 59 4 52 62 10 38 13 101 14 61 98 9 46 5 66 86 77 21 98 72 45 23 42 64 31 48 35 16 16 49 62 53 26 13 31 62 64 94 6 69 50
58 75 59 9 5 51 35 83 53 13 82 -2 68 0 12 76 47 69 27 73 10 7 18 48 85 46 26 66 15 39 80 84 55 43 90 41 94 29 44 51 43 3 48 37 49 65 6 12 58 48 48 35 49 57 63 78 28 49 37 41 83 60 3 86 80 31 38 59 78 56 58 3 71 13 83 86 86 21 8 93 15 32 78 66 78 17 10 4 39 7 3 78 2 -1 80 51 38 35 80 42
99 34 56 12 46 32 59 84 69 29 22 41 16 36 94 57 41 90 76 17 90 95 30 68 95 94 56 23 97 47 15 12 26 48 77 42 3 59 88 2 51 22 22 44 21 54 37 100 11 27 10 60 33 77 17 39 7 95 27 6 94 94 60 26 71 74 77 55 22 40 36 32 79 67 18 18 83 54 35 33 25 46 71 57 34 52 77 55 42 39 13 36 83 42 82 27 33 73 11 8
70 83 51 51 32 10 42 59 96 45 33 64 33 32 11 5 31 82 84 94 26 10 61 46 91 81 50 85 59 20 37 83 74 34 28 55 4 83 62 47 71 14 68 58 81 2 2 46 14 88 46 94 91 58 66 82 15 73 13 95 43 79 49 63 15 49 85 75 91 -2 12 42 39 52 50 5 13 53 72 18 32 20 99 79 83 2 21 12 25 86 99 64 35 66 26 -1 43 13 78 52
23 4 63 41 72 31 83 65 99 76 75 65 27 7 26 55 100 4 92 100 9 90 45 56 91 71 21 28 30 77 32 27 4 31 99 29 37 85 100 86 89 58 85 44 87 80 5 88 47 20 15 58 33 46 49 31 26 74 60 99 30 7 98 35 91 1 40 88 75 44 32 100 95 48 14 94 36 71 86 55 30 33 25 81 34 56 47 55 23 26 75 49 81 91 43 70 88 33 73 1
93 62 97 95 92 14 55 89 30 93 75 74 60 54 100 51 28 -1 17 77 33 14 63 71 24 30 49 27 72 74 12 90 3 2 16 57 50 49 52 54 4 83 68 0 90 96 40 8 53 32 6 90 31 86 60 39 43 96 57 5 38 85 92 -1 61 4 49 83 86 77 87 63 12 24 90 95 75 27 64 11 28 70 81 56 71 62 53 27 40 66 20 3 72 2 71 61 46 18 64 76
41 11 6 8 24 42 66 83 57 91 33 54 47 34 8 12 84 9 5 79 25 31 86 71 50 75 76 34 66 48 24 30 87 8 54 47 20 85 18 72 75 14 101 80 83 89 50 52 89 8 13 79 37 86 7 57 58 83 57 19 75 2 3 36 56 86 50 29 37 64 90 58 101 80 89 55 38 47 3 89 43 84 88 84 92 89 77 15 44 22 82 53 34 8 28 51 91 30 77 98
10 92 88 0 100 89 84 25 98 50 40 83 98 18 64 37 48 2 85 2 87 79 39 79 78 12 40 46 30 36 98 39 70 66 57 71 18 77 68 43 26 19 95 51 3 25 24 47 3 0 4 32 100 59 85 79 25 40 91 19 7 -1 6 70 37 52 74 80 87 21 59 73 72 89 62 40 8 16 57 50 14 56 96 14 44 8 96 95 93 41 47 92 78 82 84 10 63 18 68 65
63 5 89 57 14 6 21 88 16 21 40 38 38 94 45 65 85 90 62 11 59 1 42 71 83 58 102 24 81 83 70 93 85 85 4 83 17 13 92 53 43 6 41 72 4 37 18 96 58 61 91 27 27 38 29 98 15 38 33 47 92 77 80 67 64 8 89 3 29 99 16 22 15 53 51 70 13 9 50 78 75 4 56 97 38 68 82 70 32 59 101 86 71 65 66 3 88 26 17 52
86 43 50 96 79 22 40 65 48 33 47 81 36 52 47 47 86 56 3 33 83 64 42 90 99 43 85 83 61 44 21 96 59 5 4 41 49 83 39 42 27 84 29 86 89 68 67 66 81 24 68 52 62 44 7 -3 20 15 30 76 64 19 96 31 9 11 84 22 69 20 41 41 66 25 78 71 93 13 35 70 11 47 85 49 89 55 66 54 23 39 97 40 36 33 23 59 80 -1 75 0
9 11 36 41 79 14 31 68 20 78 28 37 55 14 92 23 8 9 65 9 52 44 86 90 88 37 15 37 14 72 42 37 72 91 62 24 93 96 79 8 76 4 41 29 97 75 62 45 24 53 84 92 29 36 19 55 33 92 96 11 82 63 55 12 50 85 92 7 96 62 11 28 52 73 74 83 90 58 52 29 51 11 36 55 23 69 88 100 55 59 97 17 56 63 48 1 77 22 33 62
5 91 65 71 91 72 47 78 20 67 64 78 93 8 81 4 25 0 26 33 87 88 81 65 92 32 89 39 28 -3 61 74 63 54 19 35 96 31 32 72 20 45 36 -3 51 64 76 86 58 7 2 75 24 62 96 86 47 73 88 49 35 65 77 44 56 3 90 19 41 37 17 23 79 11 56 92 48 61 33 69 7 87 45 10 59 25 44 66 15 87 22 41 26 28 82 70 57 22 76 23
24 18 95 68 9 82 3 31 83 87 22 77 78 27 86 7 42 77 83 35 89 98 88 99 92 89 89 6 99 90 12 59 40 11 67 99 8 63 8 93 11 62 78 21 77 55 30 21 62 60 48 60 51 66 76 35 79 88 47 100 65 48 50 78 80 3 92 100 70 16 50 87 49 27 57 92 20 65 58 72 63 3 7 92 87 61 79 21 4 6 5 2 12 35 74 50 50 52 40 71
9 7 67 50 100 26 92 43 66 19 40 -2 78 58 29 -2 24 24 18 1 99 61 84 51 14 7 29 38 23 52 80 -1 6 17 100 9 17 42 97 24 74 16 87 74 88 96 89 65 93 96 92 69 75 52 90 37 34 12 85 24 9 37 94 56 88 39 51 31 68 20 77 12 79 42 20 15 6 82 84 73 19 18 56 22 15 -1 39 27 11 59 14 30 52 74 13 0 29 32 78 27
52 58 72 98 9 86 66 45 90 24 93 46 30 9 27 92 88 42 16 77 89 43 102 92 57 17 78 28 75 91 13 75 18 81 29 65 7 48 78 51 74 5 39 87 101 25 4 51 92 35 50 17 54 66 82 38 31 59 25 27 92 20 90 45 31 86 92 37 97 8 85 12 34 83 102 75 12 87 30 98 21 93 29 11 11 18 95 14 62 35 101 86 50 79 24 95 38 71 21 5
59 81 59 96 70 72 30 54 42 94 61 13 55 39 22 -3 70 45 69 8 14 27 98 93 14 1 92 42 83 7 35 3 45 33 15 38 17 87 100 80 81 92 75 91 83 3 41 91 76 81 36 33 52 13 19 95 79 81 53 1 29 49 81 19 99 87 30 87 79 78 85 44 62 38 96 44 33 6 15 73 44 57 55 85 86 17 57 39 14 45 83 7 15 29 25 95 25 79 88 22
91 20 55 81 34 14 46 80 48 13 102 39 34 86 79 82 45 9 14 85 41 88 45 2 34 27 71 90 64 37 55 79 101 96 100 43 43 49 22 60 71 72 12 45 42 24 32 79 77 5 34 100 33 93 74 10 36 16 5 37 98 64 69 82 86 52 83 57 47 86 3 37 67 20 73 9 25 11 25 53 69 29 65 23 46 24 95 79 61 86 61 59 92 82 69 48 82 27 12 63
59 51 70 58 62 70 100 9 40 82 84 73 95 56 48 10 62 2 62 4 86 41 16 76 40 63 35 58 46 32 38 86 6 73 68 47 11 67 13 29 20 50 14 30 95 21 30 47 75 35 28 19 14 67 9 66 58 22 63 12 44 70 84 63 16 91 76 57 85 17 54 0 59 70 76 55 61 13 94 40 80 43 23 63 69 76 82 21 79 90 60 49 56 34 88 42 36 25 9 -3
95 95 55 2 43 65 100 96 71 27 29 75 8 41 82 22 29 24 47 54 99 61 63 42 16 83 84 55 68 54 52 62 22 31 8 55 83 48 16 92 27 15 9 66 69 13 75 51 77 7 79 11 17 18 86 81 66 94 92 82 29 8 6 71 99 63 79 76 97 3 18 2 37 96 11 67 39 53 79 66 85 38 41 35 35 30 95 20 51 95 53 69 46 21 67 75 88 87 34 24
92 51 42 29 6 51 49 70 48 88 61 22 13 88 17 20 53 32 99 10 19 63 72 47 64 61 32 44 4 33 94 82 97 84 78 0 63 80 40 65 17 64 4 46 46 10 88 29 9 69 78 88 65 0 95 96 91 37 23 13 60 92 21 86 94 74 3 30 7 46 83 82 3 15 34 63 35 29 21 91 26 18 21 61 86 89 5 2 51 76 41 23 23 23 18 32 97 52 36 49
79 81 77 99 75 100 93 79 88 13 87 68 7 86 101 44 66 7 51 85 84 71 40 14 14 33 61 58 45 93 30 44 59 81 54 44 14 26 24 59 67 17 5 7 29 82 71 96 88 41 90 100 46 22 34 16 19 41 54 6 17 12 69 98 92 71 45 53 44 39 94 68 20 8 10 63 85 70 86 13 69 57 70 19 63 32 23 3 36 4 11 60 83 22 15 12 33 49 63 23
78 94 23 96 33 63 47 95 39 -3 50 14 22 60 24 87 81 96 42 30 36 37 62 55 68 78 56 86 22 81 17 1 97 -3 60 45 15 34 90 41 5 83 85 84 38 13 98 46 64 54 48 34 62 86 84 59 53 79 96 87 80 25 50 20 47 20 63 0 93 -3 81 61 57 0 26 96 98 45 94 40 100 13 8 17 36 89 53 33 88 62 60 80 32 51 97 10 68 83 21 66
48 62 100 54 59 12 48 14 10 15 53 87 44 55 41 94 8 6 26 64 41 48 30 41 56 22 73 88 47 51 92 7 61 81 59 61 23 5 4 66 62 75 43 36 78 19 57 34 17 25 49 73 64 93 100 46 52 64 86 25 85 30 64 3 4 9 19 37 91 86 102 96 17 93 96 99 3 53 48 64 87 53 86 2 92 91 66 33 46 7 76 91 10 37 51 66 33 68 35 6
45 56 99 96 17 60 47 54 51 50 79 53 42 70 72 80 58 69 30 46 5 -1 70 70 91 46 4 39 23 32 20 56 35 63 28 -2 23 60 18 21 22 51 23 65 47 65 100 51 45 41 35 44 94 94 78 50 101 0 55 59 23 71 46 81 37 17 33 49 68 27 6 14 50 18 8 93 74 39 21 81 46 45 22 85 42 16 96 85 82 5 76 7 27 71 52 1 38 84 47 59
49 62 17 67 89 94 101 57 96 86 75 44 65 51 20 87 40 94 50 38 52 92 73 12 88 21 93 55 40 87 93 41 33 43 8 42 24 28 100 94 99 53 47 83 34 51 42 70 65 78 50 94 27 63 100 60 37 93 6 78 91 8 90 79 97 99 69 4 18 85 74 9 28 77 52 41 59 18 33 67 31 32 86 55 78 9 99 56 49 82 6 45 47 63 18 49 82 69 14 84
66 30 4 15 51 93 33 80 90 47 20 18 54 0 30 8 99 9 64 74 10 35 99 2 50 57 75 21 82 9 12 83 89 76 72 34 54 14 98 60 15 63 100 26 62 39 85 63 15 87 36 71 30 40 32 55 38 1 80 33 58 28 36 16 47 14 52 77 51 88 72 95 78 8 43 95 3 38 35 65 4 59 7 83 67 -3 56 43 74 12 93 42 64 22 29 41 73 13 45 93
31 31 80 87 27 94 35 41 5 1 38 88 50 45 74 88 82 59 19 81 7 80 59 41 15 64 15 58 43 19 30 26 23 33 47 40 79 46 23 81 39 12 33 97 11 67 89 52 19 57 84 87 48 25 80 67 67 94 14 91 56 76 35 79 86 45 36 41 19 14 14 96 26 79 86 92 35 12 63 53 6 96 76 78 85 16 16 75 33 59 97 40 56 96 52 44 27 45 102 30
18 60 72 74 52 50 41 30 71 84 70 75 90 27 46 46 7 76 96 91 12 56 56 15 65 28 52 15 44 42 65 10 78 16 60 18 23 -2 17 7 32 11 97 73 87 91 67 -1 71 50 79 34 56 21 10 36 50 74 48 64 91 33 28 -2 2 23 93 31 30 86 11 29 59 42 97 17 59 38 50 88 74 57 8 17 49 8 23 8 9 3 63 -2 66 26 98 57 84 30 23 75
54 100 39 41 33 11 92 10 24 19 87 95 68 4 21 14 21 38 53 74 82 20 39 84 34 55 44 3 38 7 49 31 80 71 97 58 90 77 74 81 76 60 19 13 82 95 60 20 79 29 31 44 94 26 59 63 64 57 77 98 32 62 47 69 55 59 50 45 84 48 57 56 49 8 30 88 93 97 29 73 73 96 56 100 17 52 7 26 95 36 59 100 65 30 37 87 55 32 39 95
51 75 36 9 89 55 66 50 98 1 55 58 79 34 23 78 55 62 38 83 32 -2 30 10 59 38 56 27 82 74 24 49 22 13 80 69 63 28 78 4 24 33 92 77 10 65 72 16 66 32 85 80 61 56 67 73 81 34 78 61 89 43 42 45 35 66 42 23 84 64 86 0 62 60 37 3 46 64 57 85 89 6 84 15 86 9 59 65 83 0 35 48 29 13 93 66 99 -3 4 70
67 44 77 81 19 54 78 97 102 56 53 86 17 18 30 6 100 1 20 45 76 35 89 73 24 79 54 48 61 42 40 93 4 26 20 2 6 50 64 14 6 100 73 31 77 4 46 61 76 57 9 98 21 19 102 63 62 55 13 76 10 36 3 35 76 34 9 33 42 61 3 78 17 37 23 99 52 80 96 1 81 86 100 40 52 47 57 71 28 35 37 49 4 8 47 42 75 37 36 37
85 92 84 36 53 20 73 69 11 2 6 76 20 76 47 10 17 49 83 44 40 38 50 26 18 52 60 89 61 75 76 91 94 -1 21 79 56 18 59 14 83 90 20 38 6 39 4 24 56 65 23 62 35 15 55 36 25 60 34 66 43 14 14 52 7 43 23 42 76 84 5 85 32 35 74 3 41 52 44 10 81 15 5 40 54 45 60 70 90 47 50 49 76 -3 79 1 47 5 95 72
80 10 74 57 82 75 101 71 43 55 24 10 12 21 62 23 73 85 49 41 102 33 99 41 97 56 20 65 60 9 55 99 86 54 38 62 47 49 54 42 81 41 53 76 5 32 58 45 45 25 62 32 19 19 14 90 76 16 92 13 63 51 79 26 29 41 85 92 101 34 66 97 44 14 14 22 37 2 52 67 79 90 11 9 50 25 43 90 95 61 80 31 36 4 78 74 41 51 35 86
60 48 20 54 34 23 80 66 92 59 78 -1 34 44 14 16 50 15 33 47 52 86 38 74 22 89 89 13 62 42 97 59 5 28 61 1 81 71 81 35 83 36 59 78 42 42 64 37 54 82 51 24 94 13 63 83 66 22 100 56 80 22 39 68 9 87 10 -1 83 91 74 49 95 83 33 32 58 75 4 38 19 19 18 55 64 86 79 78 62 38 92 38 81 -3 85 73 5 29 26 54
74 7 57 79 57 48 19 16 28 75 48 77 4 54 76 41 85 37 63 33 45 87 14 59 48 99 48 51 80 86 85 2 16 67 94 79 34 42 92 27 89 14 12 99 68 73 77 17 61 37 81 23 92 7 76 15 57 84 67 11 76 54 71 96 13 49 74 5 50 77 102 88 96 62 83 3 5 11 102 98 8 15 64 44 58 78 72 95 23 16 91 71 43 93 17 63 57 59 92 99
27 77 101 23 63 35 97 85 80 25 96 4 7 57 95 18 28 44 27 64 55 18 76 13 89 18 49 39 90 56 48 27 65 63 5 81 43 3 60 51 22 31 37 46 88 76 31 60 9 13 68 6 45 -3 9 7 81 45 68 73 99 32 91 57 23 16 74 56 17 78 77 6 9 21 23 -2 23 51 43 24 25 26 17 51 74 46 55 17 46 22 48 6 30 68 58 17 50 -1 24 64
25 78 17 20 5 53 87 35 67 49 86 20 58 4 18 72 50 12 34 73 19 32 68 24 32 64 67 22 24 97 61 28 5 65 100 65 4 21 38 58 101 23 88 17 97 75 73 61 65 59 19 30 98 71 58 95 17 48 16 93 21 64 32 77 78 65 9 40 9 98 27 83 21 81 76 16 30 73 28 79 85 89 62 94 42 10 85 74 61 63 17 40 14 25 23 9 34 59 26 62
34 54 34 20 34 35 11 96 44 15 55 90 57 50 40 30 75 24 48 88 14 25 50 22 88 77 53 28 59 30 93 13 29 52 87 10 97 21 64 38 62 44 84 53 48 9 35 38 35 94 11 88 46 55 46 83 89 36 20 58 87 34 5 18 28 6 99 43 57 91 100 17 94 57 42 96 98 0 27 5 25 86 53 83 7 87 87 55 91 82 50 29 66 73 11 11 29 22 31 43
42 81 4 75 24 93 27 67 13 53 23 26 10 5 45 39 27 41 44 45 90 60 87 34 61 26 60 76 92 36 89 67 57 60 16 65 15 17 102 59 70 95 101 19 26 24 49 66 23 96 25 94 23 70 97 72 70 69 56 61 66 67 29 99 21 49 9 81 42 64 21 9 55 26 91 93 23 94 54 75 47 10 60 14 17 32 5 58 81 60 53 74 39 33 6 28 13 27 75 57
50 71 71 84 22 79 69 16 23 22 22 13 52 43 6 -1 54 25 52 21 36 14 56 48 17 50 34 86 55 76 43 17 34 65 46 18 80 40 87 31 15 26 68 62 84 29 81 8 71 89 83 55 37 32 72 80 21 89 79 72 19 66 29 62 48 42 39 44 101 48 14 62 60 65 61 27 93 37 10 24 72 19 49 61 62 17 58 49 15 27 72 41 49 29 94 46 35 7 69 83
57 70 19 89 36 36 52 83 83 98 17 80 79 16 44 55 16 61 14 98 57 53 47 68 20 97 45 13 88 20 21 44 77 59 63 6 98 63 26 10 69 20 20 82 98 29 64 59 100 12 95 7 72 66 9 98 12 28 48 26 26 52 21 34 37 73 28 44 68 45 80 5 75 66 70 83 15 66 89 64 15 13 48 32 55 45 22 66 24 100 75 65 7 13 32 31 68 93 65 91
47 -1 26 61 51 21 100 55 17 85 94 69 81 19 70 28 99 94 28 91 91 90 69 2 56 52 73 39 90 70 68 38 58 51 19 23 12 18 14 12 36 49 83 -3 85 84 4 29 46 53 82 45 48 8 41 43 28 25 72 9 75 22 75 76 2 21 5 18 4 47 83 26 15 65 44 72 55 25 39 21 55 94 19 94 101 25 84 52 82 46 26 40 31 6 90 75 50 72 6 53
97 33 82 4 9 87 38 87 55 56 54 77 13 80 44 12 37 59 17 41 96 5 7 49 9 69 33 35 60 58 15 23 98 99 40 51 97 9 99 40 8 8 78 71 53 15 46 84 49 50 52 48 89 73 76 26 44 77 14 14 5 93 25 24 101 97 29 8 34 26 78 50 50 14 78 77 12 61 39 70 91 10 92 86 90 70 35 57 11 19 32 33 50 76 88 33 43 26 61 64
15 73 95 45 92 84 69 34 99 32 26 52 60 41 44 65 14 24 95 31 13 85 2 60 30 5 82 72 3 92 23 23 77 31 28 23 31 33 52 81 6 58 92 54 96 31 65 86 68 88 73 10 89 14 5 58 68 49 25 34 17 1 34 96 7 17 15 90 60 2 77 80 23 29 15 33 14 22 29 15 87 38 15 78 52 24 53 12 13 3 91 86 15 49 20 95 98 32 91 64
24 35 27 94 97 6 8 41 56 54 17 24 88 40 38 62 47 4 3 29 3 15 72 51 96 71 25 82 14 24 50 85 87 55 28 62 101 19 80 79 68 87 40 18 50 9 3 40 33 100 66 22 48 96 46 68 7 81 37 10 79 60 21 39 35 100 94 39 42 33 34 10 10 95 81 30 29 26 12 10 102 63 67 60 54 95 89 18 75 78 48 30 9 56 85 46 98 44 83 19
80 -3 74 62 79 46 60 1 82 47 31 49 5 82 18 4 55 63 97 41 35 35 32 84 45 -1 3 23 91 63 80 2 88 52 51 86 70 37 33 18 32 65 34 31 23 81 13 2 76 78 40 10 5 48 53 57 32 24 77 21 100 41 20 -1 19 29 23 9 47 19 101 42 40 66 72 31 39 92 55 71 23 45 37 87 74 78 90 12 5 75 34 36 64 57 15 25 8 5 47 37
50 87 64 93 23 41 74 91 59 12 7 43 96 79 65 52 18 44 101 96 16 42 34 93 12 49 19 62 5 70 98 76 27 52 77 33 75 97 62 77 40 22 60 1 26 57 75 12 42 18 92 28 72 70 100 11 98 52 13 99 15 5 97 60 84 92 54 11 35 22 5 4 57 98 41 78 43 53 57 84 49 80 36 59 9 49 85 45 85 19 21 52 84 19 92 46 66 75 82 91
61 45 82 41 82 86 29 42 56 44 8 53 28 55 93 10 86 77 49 -1 34 6 45 57 93 79 34 84 62 31 60 27 44 49 86 78 101 52 13 44 77 86 42 0 73 16 72 79 6 94 71 8 35 38 26 31 92 90 3 57 31 66 74 73 34 77 41 83 41 11 59 49 51 70 11 12 24 69 7 23 57 91 79 6 48 49 30 17 39 65 38 4 59 57 86 85 98 88 46 12
38 17 12 30 24 46 62 52 32 5 67 14 85 93 15 53 78 86 63 87 86 67 12 3 36 17 52 85 8 38 52 38 14 53 19 55 24 33 8 28 50 39 82 80 82 23 9 60 70 8 101 48 73 23 9 52 59 44 65 14 38 61 52 82 98 76 81 37 88 100 41 17 54 15 100 10 17 41 98 68 40 46 62 98 59 24 54 5 66 43 26 51 7 12 6 15 50 55 26 73
85 23 49 79 79 95 71 48 71 55 54 18 13 52 84 75 72 90 40 0 83 25 33 18 28 2 87 39 31 47 6 21 95 8 76 33 91 14 50 43 13 6 44 88 4 1 44 71 84 13 3 47 10 75 5 47 96 86 53 27 82 14 29 19 81 4 94 17 74 10 25 88 88 29 14 -1 9 87 86 16 8 70 5 -3 21 93 15 25 90 41 40 53 35 29 98 91 14 66 9 5
48 29 78 23 42 81 96 6 31 80 93 46 33 15 52 82 93 14 71 12 9 8 86 87 52 43 91 18 11 39 87 43 9 12 59 22 65 62 44 57 26 70 63 47 63 49 32 37 59 7 96 45 24 23 74 75 79 43 58 98 88 46 4 85 99 54 98 57 59 97 90 36 81 80 32 65 5 61 81 96 91 45 55 7 69 10 7 85 38 80 50 71 62 41 31 5 96 45 31 37
36 2 30 78 3 62 99 10 60 51 75 63 100 53 96 79 38 63 2 43 32 74 63 30 54 45 26 75 27 50 59 94 36 18 35 52 52 54 3 9 58 18 44 51 70 27 19 58 26 89 14 21 84 85 15 92 35 45 73 24 18 37 26 9 70 18 79 26 78 21 92 51 99 25 7 4 6 29 64 56 80 31 76 20 96 68 46 55 83 74 24 65 51 84 26 20 92 87 99 91
5 64 51 99 37 42 47 85 17 51 35 61 85 65 79 10 32 91 39 16 77 64 82 99 61 57 34 6 92 11 83 5 16 15 24 83 75 63 87 46 16 65 38 99 65 73 58 63 29 44 71 87 3 75 102 100 49 73 55 46 16 65 74 34 88 97 90 68 97 99 19 79 54 47 54 46 23 96 21 49 38 16 90 63 100 6 18 72 27 32 17 57 12 78 6 68 32 78 41 99
11 52 34 31 70 73 30 33 93 61 93 21 74 49 8 88 19 74 98 85 83 31 66 6 96 75 60 10 67 54 93 96 35 50 96 -1 76 85 97 15 28 71 87 56 12 60 35 75 16 66 19 73 76 39 2 91 54 79 56 35 23 85 32 85 89 66 23 -3 53 38 11 16 98 85 100 82 90 46 19 9 58 70 71 21 43 58 32 0 52 -1 50 32 56 3 64 13 23 1 4 92
85 17 26 49 28 57 35 73 47 53 25 24 68 74 81 14 52 51 53 40 90 90 75 4 3 4 12 34 72 78 44 48 10 36 79 15 54 68 42 32 79 34 30 56 84 52 68 74 58 55 51 56 62 89 97 68 44 11 18 82 25 41 23 76 102 4 19 74 7 21 99 35 33 74 56 76 49 17 22 65 4 62 43 7 58 27 100 12 15 15 89 8 33 22 90 57 74 87 40 5
16 20 100 65 9 -3 8 93 26 55 4 78 30 82 20 38 81 21 95 39 17 95 53 1 31 91 74 37 5 -3 55 -1 46 16 81 5 101 39 61 30 36 26 77 87 21 72 40 2 95 30 53 78 74 0 50 76 89 62 32 90 101 31 89 96 47 27 63 17 51 -3 48 80 18 44 51 75 67 43 23 80 87 89 64 64 98 14 41 40 89 94 3 68 63 92 92 13 45 33 24 78
43 55 89 24 21 27 68 40 61 40 87 50 71 19 20 6 91 92 44 24 25 45 5 8 100 79 88 33 44 70 97 36 102 88 40 45 14 34 101 80 7 4 102 59 95 15 22 22 65 80 95 10 28 29 46 37 51 63 38 80 55 37 88 64 40 37 70 99 29 64 80 46 71 3 71 53 102 9 19 52 94 99 43 16 19 22 69 36 46 31 38 68 62 76 25 89 9 74 54 83
20 44 50 84 40 47 34 93 86 8 60 56 82 19 50 67 83 67 13 91 82 14 34 27 96 15 27 91 91 -3 4 37 56 81 44 30 21 64 5 33 95 1 86 62 65 88 38 34 75 34 5 4 26 70 65 96 49 95 6 78 7 80 15 85 28 85 84 -3 50 60 18 83 44 47 29 15 31 52 44 47 35 61 72 93 44 66 34 93 100 65 77 38 48 93 40 66 94 76 13 19
38 46 14 34 67 32 56 76 67 37 10 84 52 69 85 49 58 9 96 60 75 52 16 54 42 7 88 35 38 77 46 11 33 51 44 78 77 7 14 20 35 18 93 37 27 59 19 92 19 77 80 90 29 15 21 12 32 67 48 42 59 37 42 29 18 6 100 88 71 98 29 94 66 57 4 59 85 76 48 81 19 10 31 19 52 67 17 75 95 50 42 86 85 5 16 8 24 8 72 86
43 2 5 64 86 24 68 77 95 60 55 21 11 90 78 9 3 77 72 39 67 92 96 48 13 91 59 65 69 30 27 54 31 36 62 18 65 79 14 83 21 55 81 22 73 77 28 85 68 41 47 52 16 87 42 91 72 91 95 81 32 67 16 87 87 81 90 56 81 38 81 -2 2 3 76 44 79 30 83 59 36 31 60 15 13 64 38 37 7 93 55 57 35 75 2 22 68 79 39 46
32 6 60 9 46 10 102 12 7 2 84 24 16 12 91 51 54 33 23 15 99 49 81 40 67 69 20 47 62 45 22 85 41 99 52 90 61 86 38 15 65 12 74 31 57 47 96 63 86 16 84 96 95 41 53 32 20 12 49 92 25 90 50 67 22 30 59 91 5 68 27 73 47 90 100 31 17 70 58 57 76 53 63 94 81 2 42 77 61 76 29 81 58 100 96 26 39 83 93 11
60 13 38 86 13 1 24 7 36 37 56 44 88 75 76 50 64 33 85 14 18 74 83 78 95 10 69 51 12 24 13 18 39 64 57 49 94 41 72 61 52 48 63 15 101 58 67 79 88 73 97 9 3 65 77 90 30 29 35 65 37 63 88 3 2 89 101 45 13 -1 94 93 23 44 65 90 40 46 77 1 71 56 82 61 46 40 99 50 56 53 37 94 30 88 82 19 14 94 56 6
52 7 65 36 93 75 7 36 35 52 46 37 70 36 101 79 68 74 63 71 34 48 66 98 7 75 69 99 19 36 47 83 16 60 98 89 66 57 65 76 7 35 37 94 65 98 39 39 67 61 41 92 92 15 34 85 75 86 63 44 41 52 23 20 50 11 89 11 21 91 45 60 81 54 87 18 79 34 12 22 38 24 21 79 41 25 92 4 60 28 90 94 8 49 74 1 63 51 85 98
39 68 99 21 20 -3 77 24 10 6 95 18 15 4 82 17 21 34 56 6 51 -1 65 69 7 76 72 72 78 30 77 13 65 38 76 95 85 81 38 -3 2 68 74 7 36 8 7 65 75 66 75 83 75 -3 12 81 57 63 35 29 20 17 20 41 82 57 90 24 18 28 69 70 25 75 21 14 35 48 7 94 32 74 4 75 95 10 95 28 10 38 18 91 12 49 71 42 25 8 17 20
58 10 90 73 94 52 100 38 56 42 80 85 41 72 20 57 30 76 81 54 78 16 23 34 7 43 61 67 14 14 16 39 65 82 12 66 3 62 90 58 99 99 86 24 3 48 50 7 5 24 28 90 80 66 45 20 40 99 87 57 102 81 77 69 97 84 42 40 94 27 41 21 82 82 64 60 48 52 38 40 23 92 97 76 25 60 34 86 13 66 31 19 69 90 88 74 79 26 4 7
39 42 51 96 37 40 50 41 29 63 18 26 62 18 86 52 5 89 86 19 90 0 2 74 20 76 36 30 23 13 90 23 62 50 69 5 24 16 44 22 40 16 36 75 4 -2 100 19 30 54 59 -3 36 68 6 74 24 72 29 15 62 13 32 65 68 96 19 29 72 26 79 48 62 18 70 -3 72 32 26 84 69 33 9 5 64 56 34 5 65 35 34 87 7 12 4 79 10 48 58 80
48 14 36 11 29 25 97 38 11 25 52 66 33 17 60 26 14 27 87 46 29 36 58 30 35 33 45 3 81 27 47 82 42 94 69 87 26 13 73 95 80 88 3 96 70 35 87 17 60 72 13 27 5 44 34 84 96 46 4 82 19 49 56 63 93 49 63 46 10 10 45 5 82 97 102 78 100 42 39 45 38 34 78 50 25 68 54 41 52 39 23 36 57 21 97 9 24 28 16 46
50 11 82 9 3 40 58 38 53 96 73 20 100 3 60 86 16 87 6 29 37 77 32 25 75 35 65 -1 10 79 38 64 2 60 36 90 94 23 76 32 60 89 25 77 94 84 66 47 86 47 50 55 40 26 71 71 96 11 30 11 72 21 92 77 99 16 23 81 61 64 96 42 40 70 92 47 65 44 74 32 23 31 10 34 16 52 44 59 97 30 25 -1 89 5 41 17 74 73 32 48
93 48 53 29 34 34 53 100 88 28 102 42 39 5 102 78 23 93 89 14 45 36 83 48 43 38 30 4 101 1 62 73 4 75 61 87 52 85 6 62 17 54 100 88 14 46 70 81 78 18 79 56 63 18 83 8 81 2 95 60 66 89 77 56 13 72 34 54 54 90 35 15 68 89 70 55 90 41 67 70 47 53 46 32 19 63 34 1 14 29 89 91 67 58 90 73 35 87 13 9
42 90 97 64 23 -3 7 57 72 60 45 28 53 83 32 18 36 93 73 7 26 70 42 52 23 46 73 18 9 36 32 20 98 95 42 84 58 54 73 56 60 8 83 95 13 28 64 96 37 66 96 14 24 19 41 78 30 70 95 15 45 76 9 18 23 49 47 29 97 43 79 55 9 42 24 42 94 96 48 10 100 53 4 52 94 24 32 91 23 61 70 1 91 75 47 68 21 61 84 29
90 23 14 71 9 71 53 17 5 99 100 84 52 90 89 95 100 63 53 86 72 69 50 87 40 44 83 4 95 53 12 74 16 77 79 82 90 27 89 74 98 68 87 33 80 13 27 44 97 8 89 87 4 54 30 2 42 55 40 49 75 8 86 21 17 32 62 49 60 19 10 71 13 23 11 43 69 60 13 86 76 60 53 87 44 49 80 98 63 31 18 7 69 85 3 64 50 61 29 26
56 60 96 54 32 29 101 24 69 59 11 28 24 54 91 59 88 -3 9 52 48 16 9 29 40 18 63 77 59 34 39 1 33 59 5 -2 67 22 44 36 81 74 34 0 27 45 16 37 99 59 46 15 28 7 29 54 4 80 63 35 93 0 95 87 64 95 62 37 68 8 27 93 69 40 38 35 73 64 57 77 20 4 45 56 34 70 81 22 57 23 6 0 21 58 101 -3 74 60 86 50
62 38 14 38 100 56 60 24 4 42 46 85 26 57 25 67 51 24 42 63 29 91 47 95 96 100 65 80 3 4 34 67 8 60 48 96 5 80 62 48 73 32 17 32 87 49 22 58 85 11 74 64 52 20 53 45 24 36 8 56 79 95 70 73 86 50 71 7 72 73 14 88 47 79 43 36 66 22 80 15 67 33 64 11 71 99 96 98 80 86 16 3 30 40 67 84 7 17 79 37
56 38 95 6 12 95 88 32 42 21 54 45 72 72 82 10 60 24 68 25 27 60 3 43 18 88 22 4 48 60 88 25 19 20 19 2 25 78 89 93 49 49 48 86 69 73 72 70 84 4 19 79 78 91 5 77 93 1 7 43 12 57 46 88 92 89 90 41 71 25 62 48 48 6 68 88 90 12 57 76 63 60 24 45 68 66 97 11 77 1 38 18 11 46 41 91 63 78 75 56
63 9 29 57 23 96 13 81 33 26 86 15 83 82 73 54 62 9 41 49 68 91 71 23 82 66 64 100 92 47 12 48 49 42 75 78 93 13 76 7 77 36 82 7 12 80 79 77 81 57 44 65 74 55 21 86 13 96 77 13 49 41 33 7 64 7 35 99 71 8 83 39 41 32 43 86 59 97 30 97 61 9 62 57 72 35 14 91 15 49 12 64 75 22 17 89 87 74 90 55
19 22 49 72 44 45 45 78 49 11 45 55 26 48 11 66 88 81 53 85 97 59 97 5 75 74 72 79 40 59 101 92 53 0 69 78 15 78 83 31 20 92 70 68 99 31 15 73 5 70 19 46 83 24 10 55 30 84 32 17 2 23 70 63 57 72 11 48 7 25 29 35 52 51 85 19 23 62 70 70 96 8 86 34 44 34 42 29 30 94 88 2 46 56 13 18 29 10 67 94
El programa tardo 71 milisegundos en ejecutarse.
