13 26 13 73 60 33 94 39 46 87 87 78 67 18 61 43 28 42 100 64 22 73 88 55 97 46 42 76 23 9 53 9 40 41 36 25 78 32 80 94 90 19 88 96 65 20 67 96 35 85 60 43 58 59 40 54 47 95 84 87 65 61 39 59 27 37 7 62 70 3 73 58 36 75 43 59 62 60 9 16 40 67 90 68 102 28 63 59 5 48 11 21 63 48 28 11 8 10 102 83
35 86 45 67 55 41 96 41 94 39 10 21 33 21 79 12 51 31 64 63 6 19 96 15 61 67 10 76 66 12 100 26 45 57 66 1 89 18 61 28 45 77 35 90 36 43 33 55 30 88 61 21 36 56 55 46 13 94 83 25 3 12 19 45 57 23 33 57 6 92 59 14 69 66 24 89 73 27 13 38 15 92 20 35 100 26 76 48 9 47 96 26 18 35 53 82 53 83 26 81
7 79 70 69 32 86 54 67 72 61 95 90 86 88 27 10 42 74 102 91 36 21 24 52 23 75 59 3 8 95 85 19 30 50 18 97 86 18 21 40 88 10 62 38 6 35 75 88 63 52 18 47 61 3 64 78 79 89 50 19 75 55 13 68 7 28 81 53 67 10 56 38 54 72 17 82 24 32 86 57 87 41 75 24 42 60 63 43 59 62 27 81 3 40 7 96 22 70 18 54
13 36 55 41 53 3 19 60 101 36 48 36 34 28 29 84 59 7 58 93 34 54 25 47 79 29 13 43 9 85 28 27 13 15 46 71 24 25 52 70 65 31 84 34 32 70 21 25 77 37 59 91 85 10 94 25 89 -2 3 85 70 2 37 -3 76 15 65 73 75 -2 6 77 83 91 40 78 40 23 59 38 23 39 35 7 39 49 96 86 10 83 80 83 13 15 95 64 27 14 71 57
43 71 95 84 70 4 7 16 11 50 47 44 3 76 45 78 33 31 32 55 25 23 6 95 29 99 17 45 31 78 85 50 58 16 94 98 9 85 57 11 66 9 23 6 24 57 82 53 96 97 91 81 58 83 54 81 73 16 36 2 33 47 42 53 54 28 102 55 13 53 12 91 5 12 34 15 65 68 48 1 68 84 29 82 50 45 94 66 96 82 85 39 39 80 83 74 83 13 32 31
92 95 36 91 34 66 29 59 54 96 50 13 29 26 69 62 37 87 89 -3 74 21 7 86 2 88 62 27 72 20 22 5 65 92 52 55 25 72 78 47 80 7 25 54 68 9 26 1 74 14 31 54 91 81 86 35 52 26 85 8 92 3 78 46 82 26 82 17 91 19 16 30 21 11 84 7 66 15 60 23 68 85 88 48 19 33 101 67 36 76 64 48 62 80 32 0 76 53 13 54
94 31 14 76 11 95 89 83 8 32 48 36 50 98 91 88 42 37 12 50 91 82 9 30 67 57 32 36 43 84 91 45 75 9 72 35 15 41 47 11 18 52 86 49 55 66 27 27 97 95 65 11 39 88 30 2 11 33 55 84 42 72 33 31 11 41 39 81 44 12 35 4 25 33 18 66 48 56 80 86 47 70 26 88 12 36 83 49 95 80 48 35 25 75 73 54 96 94 61 24
85 16 47 6 48 45 85 60 57 19 77 52 66 92 34 57 94 42 19 50 9 -2 90 29 87 85 28 66 42 49 45 76 66 47 70 93 8 84 2 9 42 72 72 44 67 20 91 24 98 45 80 -1 62 42 80 4 50 33 89 8 19 74 60 53 29 91 74 73 63 58 53 10 79 74 46 59 34 92 61 3 54 32 2 10 29 23 48 25 52 71 35 69 98 91 51 59 48 7 42 33
72 53 28 75 83 60 39 89 99 43 6 56 35 32 51 87 25 85 101 86 90 22 78 15 42 96 85 43 59 16 17 8 81 76 59 95 39 69 97 17 30 8 41 25 3 99 84 80 3 58 73 93 58 17 25 98 5 82 22 44 17 96 68 51 35 71 12 87 75 33 65 94 51 89 20 26 81 56 37 13 84 91 29 21 37 1 76 44 66 19 10 95 84 45 97 76 14 17 75 15
47 52 75 82 84 9 38 30 44 31 31 88 99 54 67 45 88 21 34 11 83 16 2 18 34 20 55 70 96 70 92 65 57 37 90 72 23 30 71 6 51 49 13 58 70 17 63 41 88 71 54 17 79 55 6 78 91 51 96 84 44 45 11 43 91 23 44 84 15 50 22 44 78 6 8 81 3 1 30 67 74 32 100 53 36 0 46 22 82 22 43 94 17 82 57 79 84 58 32 21
89 71 13 53 100 20 13 39 20 2 8 15 26 70 46 56 39 75 65 85 24 36 89 37 6 83 39 80 10 96 7 48 94 49 86 32 77 56 97 45 96 100 77 40 66 19 83 77 17 28 39 77 31 51 18 30 97 31 68 85 96 100 13 64 67 15 39 25 87 26 48 22 48 34 96 71 88 43 68 8 39 69 26 48 52 97 59 56 59 78 17 74 66 11 36 49 30 84 80 50
63 70 24 55 24 63 67 90 9 68 89 96 7 79 30 27 22 65 48 36 50 23 89 73 101 93 87 94 2 -1 11 72 68 3 45 16 34 87 24 86 49 84 55 26 97 93 4 29 56 66 38 63 66 38 25 9 34 52 2 81 49 21 37 19 90 36 99 66 92 52 42 81 31 28 13 71 5 59 62 38 49 70 11 14 88 93 22 58 59 26 74 67 46 -1 93 82 66 73 76 19
98 24 81 35 7 35 88 27 33 67 27 70 12 13 33 39 81 38 90 56 76 52 6 14 73 15 8 80 22 6 33 27 29 46 42 27 11 74 53 26 92 66 97 8 31 88 21 26 94 71 24 95 50 14 85 19 31 10 76 19 50 27 75 57 73 66 66 11 43 54 17 11 37 43 46 14 52 10 47 40 11 84 9 93 10 61 95 10 90 80 77 11 102 2 69 45 69 49 39 54
62 12 42 7 16 94 39 22 89 56 55 45 99 80 41 36 56 6 41 17 48 52 98 77 12 25 74 30 88 31 30 16 19 58 91 44 58 46 80 91 59 75 14 85 7 57 84 93 3 89 5 16 39 28 99 17 42 38 11 47 31 11 63 68 8 17 84 67 72 73 75 45 35 73 86 49 68 81 39 12 43 21 21 49 32 6 88 60 52 34 35 5 51 32 95 4 45 17 94 12
81 74 37 74 38 74 28 8 42 12 50 77 39 2 84 14 92 72 32 81 98 25 57 39 102 30 38 9 66 1 69 84 75 36 93 32 38 60 8 32 72 36 26 59 35 14 72 41 32 79 84 7 48 98 70 32 16 65 88 24 58 41 63 55 97 69 40 92 92 84 62 78 78 46 97 30 100 94 10 38 20 91 48 86 39 40 15 25 102 24 97 72 13 19 10 16 41 24 10 92
3 64 59 62 62 17 82 64 90 81 42 12 89 10 57 43 36 39 67 94 67 6 57 68 100 86 15 19 88 53 60 23 4 38 5 88 54 38 2 93 42 27 36 64 82 71 79 -3 38 61 42 96 72 67 18 94 76 90 69 76 62 9 4 53 63 2 61 68 61 35 92 57 85 -2 15 59 22 11 52 65 92 96 33 0 99 54 20 55 4 84 88 44 7 29 44 42 17 19 92 0
65 51 62 12 82 30 9 64 102 11 39 22 45 78 71 82 56 96 58 6 10 2 86 82 95 95 47 21 38 23 40 57 28 18 67 29 90 87 33 78 101 28 7 64 8 92 8 3 93 94 73 58 60 18 58 81 52 67 38 58 6 50 21 87 32 100 11 60 60 70 94 22 36 84 44 22 61 50 30 67 64 71 64 56 64 79 4 79 21 93 19 95 25 18 52 73 40 12 74 88
42 21 20 17 20 49 81 74 65 40 93 46 89 4 26 45 99 18 66 43 38 2 16 62 56 95 90 81 84 91 57 22 32 87 11 23 64 80 55 5 20 52 82 83 64 23 17 90 70 25 100 26 41 53 48 58 74 36 16 64 76 0 67 27 33 61 22 62 87 44 87 63 22 77 92 61 76 91 38 80 76 8 58 -1 93 77 18 17 51 92 23 58 43 20 9 45 45 -3 61 2
65 10 95 76 72 76 47 59 59 51 56 10 21 20 14 51 47 73 37 31 66 96 45 38 92 12 17 83 81 25 25 56 93 26 18 52 85 36 25 78 61 60 33 32 38 66 100 85 18 6 64 76 39 27 100 63 92 61 101 80 7 79 48 82 87 68 81 56 49 95 28 42 53 91 99 90 43 90 73 66 96 59 83 88 89 49 65 86 92 91 30 54 7 93 86 57 92 65 71 67
85 47 61 82 45 16 33 30 8 31 10 64 72 79 90 34 16 30 77 54 53 62 23 21 72 71 13 23 33 77 49 72 53 9 45 81 42 55 81 68 74 50 21 56 96 74 18 44 15 21 50 63 15 30 85 86 18 28 62 6 80 3 81 13 65 75 52 2 13 3 92 54 67 40 93 10 55 3 77 19 5 23 27 -2 78 89 50 6 20 11 64 10 39 84 91 3 34 34 61 81
92 33 80 92 54 100 54 35 81 30 30 14 89 15 50 47 15 79 62 30 85 84 41 84 75 63 49 29 49 91 53 27 101 73 14 51 22 98 63 25 79 64 77 5 35 78 59 87 11 87 70 23 32 5 97 72 49 46 73 20 63 1 8 36 4 64 35 44 82 99 32 59 85 65 87 22 90 75 14 55 26 9 61 54 15 69 61 30 92 15 64 5 22 73 52 64 77 91 88 92
91 79 65 95 45 36 35 69 10 26 44 87 76 92 5 72 61 29 28 32 91 34 64 34 9 44 12 83 6 69 88 28 12 -1 24 20 25 76 75 -2 22 32 22 30 53 51 38 38 36 88 48 30 19 15 37 73 13 31 2 6 20 56 12 41 83 64 19 81 33 16 31 79 2 95 55 32 54 58 54 49 29 68 23 2 64 66 74 83 26 48 33 86 29 57 6 14 25 46 28 89
83 23 22 24 90 98 17 98 48 3 36 21 74 46 41 69 6 10 29 57 68 11 49 90 5 4 29 13 70 12 36 27 67 91 98 10 17 75 84 39 59 37 6 65 84 82 25 93 7 81 71 54 26 10 83 56 77 7 10 82 7 68 100 61 70 98 20 58 72 43 22 80 81 92 102 24 24 11 16 49 29 2 73 92 30 64 51 16 63 83 42 89 67 62 45 28 96 50 48 5
76 24 71 60 13 73 75 -2 91 14 75 72 78 34 13 32 49 45 54 4 11 68 96 66 22 73 78 96 20 64 61 16 2 26 78 86 24 18 23 34 38 59 17 77 75 91 10 15 14 81 18 31 78 84 54 7 14 58 31 92 76 -3 8 37 98 6 39 74 34 43 31 85 7 22 56 51 41 43 79 91 59 26 53 30 29 -1 77 48 3 89 22 13 59 52 67 27 52 -1 73 59
32 51 57 60 99 73 91 22 24 76 15 13 96 4 36 87 59 47 93 16 51 51 56 1 52 62 48 73 75 56 19 3 6 28 22 35 60 53 5 5 35 50 96 11 7 46 24 40 42 38 3 69 18 31 31 7 86 50 8 69 3 91 60 20 12 6 50 51 97 13 100 26 20 19 19 45 73 83 89 58 9 31 33 92 95 69 87 24 21 66 100 88 43 91 71 66 56 16 5 88
20 40 47 20 51 30 58 29 13 29 76 -3 45 1 84 87 51 1 71 -1 48 1 36 14 21 10 92 7 7 75 74 82 8 49 66 -2 50 91 44 29 58 25 94 23 16 50 32 24 18 54 27 11 24 63 92 54 74 26 24 53 37 22 72 85 92 47 29 91 21 23 71 33 48 64 19 14 12 24 31 65 85 33 13 30 24 43 17 23 49 80 53 72 77 31 55 6 77 71 90 63
30 70 32 96 51 88 33 28 28 76 58 72 32 69 43 44 23 40 84 96 46 83 98 79 9 97 86 24 79 31 40 30 86 8 69 72 10 70 83 68 58 30 72 87 76 56 52 73 99 76 54 57 69 9 81 97 72 10 95 88 90 64 82 93 71 10 65 6 14 57 67 98 24 6 9 84 57 59 90 51 69 84 77 4 17 57 29 3 5 92 96 79 68 51 41 29 76 6 43 20
96 6 46 56 21 30 87 10 30 -3 36 89 39 65 10 38 87 92 93 42 7 18 101 59 52 16 86 67 67 79 100 37 55 76 78 24 98 5 52 81 4 96 44 2 91 25 60 25 13 56 2 15 22 1 77 85 5 90 93 28 89 0 71 42 95 5 74 80 48 66 35 59 85 22 2 17 80 79 52 29 18 51 26 40 52 61 20 0 72 54 16 48 70 58 99 36 4 51 90 18
41 4 47 12 58 80 31 54 72 35 29 19 102 3 82 91 94 59 54 96 79 57 94 68 75 44 53 51 50 41 35 70 65 73 82 37 87 3 94 87 94 57 64 59 51 100 52 12 99 19 60 62 36 10 78 10 66 32 50 55 93 35 102 46 8 70 69 73 45 5 46 76 20 98 13 71 68 5 32 9 65 16 25 98 90 58 89 17 102 25 24 25 43 41 33 34 55 92 26 86
65 19 94 79 72 14 78 71 33 49 8 19 43 47 19 17 80 26 95 85 52 83 97 -1 24 29 5 79 7 44 47 96 19 -2 92 31 54 46 9 82 92 89 49 40 77 69 97 2 36 33 15 48 44 10 95 -3 75 96 37 33 40 83 27 54 18 -2 56 6 5 77 13 13 54 45 33 52 64 12 20 52 82 91 47 55 25 33 73 17 66 20 27 80 71 42 87 93 40 23 5 33
82 65 8 23 36 8 94 98 42 69 11 94 89 62 23 2 59 41 79 7 46 77 12 35 62 36 44 55 84 82 29 36 60 55 88 56 14 36 90 51 101 63 29 79 29 12 88 68 45 12 26 18 15 49 49 24 40 39 96 100 45 59 78 75 70 62 19 53 11 9 9 58 20 89 69 52 70 26 3 100 58 9 12 22 21 96 35 35 51 39 43 85 21 35 82 48 53 43 58 49
3 77 87 54 29 33 88 94 92 12 75 93 20 57 40 24 79 12 33 49 31 71 15 23 32 8 89 85 33 2 99 6 59 66 58 49 99 60 60 39 28 55 13 31 92 87 88 22 22 47 39 39 10 14 44 9 85 63 38 -3 35 44 42 90 90 68 22 90 45 79 47 63 21 73 4 6 89 55 76 61 63 3 60 45 29 72 48 25 39 30 39 12 4 8 86 38 39 89 48 -3
75 77 100 52 24 23 18 9 29 38 88 52 101 10 31 23 96 21 45 16 15 17 3 78 70 74 52 83 89 19 97 94 37 45 85 41 6 2 33 8 94 9 90 73 35 77 47 74 55 43 90 48 19 10 70 47 17 50 23 72 93 100 61 67 22 64 40 40 100 18 98 89 28 81 100 44 15 17 22 46 90 26 40 37 98 66 87 37 3 32 17 53 38 62 48 66 64 77 42 27
61 34 4 82 54 39 62 78 9 54 78 18 45 53 45 61 15 62 93 69 78 42 80 38 26 41 72 9 81 13 13 95 62 85 93 53 20 27 57 3 7 91 55 42 80 41 58 33 56 33 38 65 49 34 11 37 84 64 80 36 39 35 46 34 5 72 84 75 58 24 31 56 30 61 41 74 36 80 73 55 49 68 24 40 54 80 98 68 94 10 94 50 33 87 54 0 61 19 28 64
88 86 59 59 88 50 38 70 42 25 90 46 25 98 71 47 70 22 93 39 59 41 92 27 5 2 45 49 38 50 86 23 27 70 18 65 41 97 44 67 35 79 102 52 90 45 7 21 43 13 102 12 75 25 94 9 74 1 26 64 66 56 34 100 39 33 102 87 5 74 63 34 10 51 10 21 28 65 88 82 44 27 13 41 53 18 99 68 7 54 27 44 17 46 93 2 100 11 51 1
65 35 45 4 98 81 60 66 31 48 38 24 51 44 33 88 42 34 21 49 96 27 51 76 40 69 80 2 88 45 7 95 28 43 42 70 61 47 9 91 54 3 15 70 54 10 62 0 97 74 69 83 80 95 54 72 35 -1 93 0 11 37 99 62 89 63 92 64 17 37 10 90 81 9 4 3 82 68 84 76 53 46 40 71 70 29 40 89 30 11 6 68 36 4 49 71 29 37 33 -2
92 100 28 31 42 47 30 68 62 64 90 95 42 42 48 47 22 63 92 15 6 14 8 72 71 93 102 12 37 51 37 15 89 80 72 9 28 5 102 66 100 40 18 32 21 7 60 24 15 33 19 41 32 80 47 65 45 81 84 25 52 25 67 54 93 18 70 77 51 66 81 4 83 84 30 46 32 76 84 2 70 96 33 3 31 32 15 61 37 50 87 94 43 57 68 71 94 38 47 61
19 61 68 37 15 79 99 42 89 94 53 66 80 26 53 4 72 21 53 84 12 36 74 31 95 59 72 46 33 75 44 13 41 2 26 68 69 1 35 4 85 93 60 43 81 71 27 2 84 66 79 84 96 45 11 17 39 47 40 59 81 48 55 8 50 87 12 35 67 7 25 10 23 60 95 46 28 0 84 78 93 69 36 31 61 57 23 24 91 19 13 37 33 8 89 22 58 71 55 59
88 90 4 5 77 71 25 76 14 9 11 72 92 8 82 85 49 83 81 14 30 2 6 79 40 66 60 86 33 48 39 100 95 15 50 77 73 2 85 26 4 18 51 5 24 11 82 41 10 28 99 13 86 77 9 64 47 1 98 20 101 45 20 27 93 34 5 83 5 22 10 33 98 38 32 75 5 94 48 53 74 2 80 58 68 84 34 22 79 33 90 31 74 70 75 45 13 71 15 77
59 58 74 32 17 13 17 24 56 92 82 33 45 31 60 31 8 -1 64 95 32 89 45 8 3 57 59 16 10 64 6 63 81 28 69 59 19 36 81 75 79 42 70 13 17 16 2 48 33 78 46 55 6 16 77 62 57 59 6 26 101 38 75 6 52 53 99 44 25 33 8 56 33 55 69 -2 15 87 91 33 59 87 98 11 42 95 24 61 19 36 34 56 13 61 9 10 4 39 3 65
96 33 21 81 60 56 47 76 68 15 78 64 15 92 44 77 8 7 81 33 21 6 98 100 72 82 31 81 48 61 6 12 4 5 30 26 16 7 34 19 94 19 25 3 84 44 74 30 91 97 66 44 91 78 48 83 101 38 68 64 35 63 85 61 56 78 8 70 47 96 100 56 31 34 98 87 83 25 31 36 24 95 10 58 34 60 25 41 54 41 50 54 41 16 76 14 26 40 97 20
68 20 61 19 65 62 68 14 49 80 21 55 35 31 68 66 31 45 76 86 72 42 22 89 76 63 88 11 15 77 26 77 86 13 7 63 12 91 47 82 70 8 47 17 24 1 60 91 73 61 98 30 65 61 99 3 14 27 59 24 43 57 68 48 33 75 56 56 101 93 41 15 25 46 71 67 58 29 31 67 4 6 100 0 13 94 27 65 56 -3 22 15 57 94 14 39 39 49 33 47
96 90 34 57 55 5 98 95 97 84 40 86 7 46 99 10 101 98 79 85 10 89 4 73 68 88 72 11 13 24 73 34 39 7 93 49 61 7 83 38 41 91 76 38 99 4 31 25 68 53 77 4 100 86 50 32 11 38 94 36 65 27 52 41 17 91 7 77 26 79 74 55 11 8 93 10 66 15 99 97 98 92 36 54 4 49 73 60 38 43 29 7 41 100 39 66 58 19 36 6
61 40 64 88 40 82 77 73 9 61 34 73 16 23 33 0 7 14 22 28 23 60 94 40 94 45 77 5 43 44 97 53 75 36 86 78 7 77 32 33 26 72 93 76 24 -1 5 46 91 43 85 45 7 52 84 30 67 37 87 40 59 84 72 0 71 77 13 73 74 74 93 58 12 12 67 62 56 88 61 22 37 70 7 71 48 95 86 2 14 21 95 15 56 93 39 94 68 19 97 91
73 45 67 82 88 27 29 51 55 96 35 39 64 3 41 3 21 68 40 17 35 74 86 74 48 4 28 17 47 71 33 1 93 13 92 88 49 80 97 34 81 84 47 31 81 17 15 44 17 25 6 72 42 56 85 86 24 59 101 40 22 98 39 5 16 77 29 59 48 61 29 62 43 51 8 65 81 19 40 38 90 32 73 67 53 25 59 40 100 98 67 40 37 1 68 90 57 26 76 23
94 71 34 3 52 -2 29 31 40 88 23 96 13 89 82 50 100 38 49 20 79 44 7 13 84 67 46 61 46 92 101 27 83 70 23 74 5 58 77 -1 57 83 22 74 70 14 74 30 79 15 22 45 51 37 34 34 57 93 30 36 21 42 15 61 46 17 63 48 86 7 33 57 8 33 13 40 62 13 70 74 3 82 47 94 5 64 75 9 15 85 91 24 55 60 49 62 29 59 78 28
101 43 95 16 34 91 92 8 47 14 70 62 102 87 8 90 74 48 78 97 80 29 28 72 8 95 76 91 97 44 64 30 28 50 91 98 45 81 93 59 100 87 76 41 29 97 19 82 4 23 40 10 60 44 100 97 93 91 44 89 54 32 24 75 4 31 32 3 59 7 41 27 102 34 49 38 8 67 92 84 47 84 73 85 96 10 90 85 85 93 43 11 8 78 44 48 25 28 73 48
56 46 22 68 52 60 79 57 94 89 7 5 79 10 77 40 28 69 86 75 40 30 92 31 37 92 77 30 82 82 12 54 65 6 83 -3 101 9 94 44 68 3 23 36 43 59 56 92 2 -2 98 3 48 60 53 19 98 64 66 7 12 31 14 76 72 64 49 -2 18 82 75 27 45 -3 99 22 16 41 40 55 77 58 83 33 99 2 67 -3 51 76 79 53 82 96 45 13 51 70 79 11
71 19 14 31 19 67 55 3 4 57 53 9 83 17 16 50 95 34 22 64 15 72 79 80 91 37 50 88 28 61 33 15 42 74 88 73 22 67 45 42 57 27 83 57 83 53 65 44 60 76 34 3 40 26 14 77 101 93 43 16 55 80 68 29 68 51 61 29 26 27 67 15 16 90 101 40 78 25 11 62 3 40 70 65 13 67 38 18 96 87 31 38 33 62 69 77 94 30 8 88
43 49 85 86 76 75 84 49 20 36 76 35 82 66 76 22 86 93 43 50 61 18 54 38 32 7 87 26 68 36 66 40 77 78 94 54 89 47 82 89 67 46 89 78 11 22 52 -2 31 46 39 45 88 16 62 22 60 7 22 2 49 41 15 11 83 39 86 68 68 28 88 26 46 76 65 68 78 76 29 72 8 70 32 33 101 77 97 82 39 60 11 77 43 57 69 83 58 50 63 14
41 90 54 14 52 77 21 90 97 52 90 52 79 40 50 8 23 65 28 26 19 58 58 28 66 97 13 78 54 44 63 15 14 33 20 89 70 89 6 67 83 60 3 36 23 67 78 13 42 5 80 95 7 48 74 82 31 24 43 34 21 89 11 30 66 26 69 48 23 58 67 64 51 97 90 42 101 84 29 97 31 40 16 48 30 71 59 28 60 60 49 42 73 91 4 26 66 46 17 4
36 47 28 65 37 31 11 15 25 7 34 54 67 70 27 26 18 82 93 12 20 85 16 73 72 59 12 29 18 42 9 83 45 3 8 25 57 52 81 3 66 56 60 28 96 56 53 86 10 29 64 -3 86 -2 48 62 51 47 8 39 26 53 62 68 4 12 48 94 67 -3 4 14 76 71 48 93 7 9 21 10 91 19 9 2 28 57 17 77 47 78 19 24 90 6 13 19 39 9 77 11
76 51 41 38 45 78 82 6 38 39 27 88 48 49 94 10 20 90 41 56 71 24 10 88 22 79 9 71 21 8 95 4 58 29 92 62 73 60 79 48 10 100 17 85 53 25 5 66 78 94 85 32 91 90 79 23 90 56 5 7 53 35 82 3 13 29 17 41 79 83 8 31 81 93 16 73 76 48 75 36 24 95 88 19 55 47 99 22 85 48 6 10 102 25 35 17 33 69 71 69
24 5 29 82 24 61 71 49 15 81 31 53 72 96 8 90 27 63 61 88 16 95 17 91 39 5 30 84 4 64 64 80 66 56 63 -3 38 39 19 18 59 82 69 26 40 88 8 10 54 91 61 92 28 31 29 80 11 38 5 -1 33 46 58 94 37 96 78 80 74 91 80 48 63 18 47 32 82 41 49 56 51 34 96 23 43 34 25 2 40 48 69 17 93 72 70 50 42 33 9 34
94 16 83 11 66 48 10 71 59 65 17 5 23 89 100 4 29 42 12 23 39 16 41 18 99 88 17 3 92 59 102 76 43 36 100 90 20 89 37 14 15 56 74 6 96 69 93 90 93 56 76 74 62 61 5 71 6 99 78 10 50 87 72 49 69 54 28 70 49 54 16 13 99 10 37 19 93 95 63 39 99 10 66 52 75 87 100 57 38 85 81 84 15 58 5 6 42 98 74 6
33 70 40 0 93 19 76 41 13 71 69 62 13 22 5 96 50 16 29 72 30 18 19 30 20 27 66 74 12 6 79 32 19 57 31 39 85 32 41 89 56 23 72 39 69 15 16 32 90 80 95 5 13 29 87 41 62 15 49 77 95 52 64 16 52 -3 85 74 43 -2 11 73 55 19 86 15 62 9 81 0 72 -1 56 86 99 67 44 82 54 39 33 53 71 53 95 -3 33 59 47 28
34 74 74 30 45 55 58 63 67 93 26 41 20 25 20 12 19 19 4 40 101 17 84 25 21 55 82 89 6 38 12 20 59 21 22 46 50 34 70 40 79 75 23 83 97 74 44 47 60 20 45 57 100 50 61 65 74 89 94 73 62 99 36 88 16 71 81 52 101 2 74 100 88 3 25 82 31 22 77 4 52 27 55 34 76 83 67 30 99 11 8 57 78 94 100 75 88 76 62 92
76 80 38 0 64 67 26 54 61 89 19 -1 57 83 85 17 24 35 10 71 100 16 77 19 70 49 70 4 49 -2 35 49 63 45 36 63 83 64 39 71 8 80 5 73 101 35 50 45 97 5 99 11 57 13 27 9 86 25 101 4 10 39 32 -3 50 7 37 21 63 53 2 30 66 14 16 95 14 41 31 84 100 53 53 5 70 91 69 39 2 55 59 32 72 63 70 48 42 38 49 34
35 61 18 98 31 19 14 31 16 42 19 23 21 49 52 70 50 43 55 38 66 51 67 52 16 76 4 62 97 17 62 2 36 96 98 44 40 9 98 5 5 21 76 60 81 15 93 93 15 87 36 93 50 100 75 9 17 99 102 46 96 88 32 3 27 10 59 34 49 38 99 23 89 29 26 58 15 23 91 17 30 42 65 61 40 23 67 64 78 8 47 19 28 70 85 80 38 59 22 13
22 25 81 77 32 94 67 76 73 87 90 3 54 -2 13 57 37 15 75 14 92 57 60 61 9 62 44 19 32 -1 43 28 61 54 83 22 32 -3 9 73 47 14 9 57 30 45 16 11 101 59 32 74 34 57 58 21 21 3 87 92 3 22 79 -3 43 46 74 22 14 19 40 85 24 32 2 39 81 81 42 7 98 9 40 48 65 51 19 16 76 20 20 75 88 84 58 52 97 2 39 73
60 72 9 77 63 96 55 41 47 91 86 85 93 51 73 57 72 43 94 90 5 38 88 40 17 91 98 63 100 53 96 29 53 4 42 76 96 71 98 51 35 16 90 37 52 43 94 61 30 23 21 62 73 84 95 28 74 81 27 38 92 20 17 36 58 74 85 77 58 91 53 84 6 82 89 64 80 29 9 46 91 55 88 43 23 50 67 99 95 65 53 99 33 36 6 30 16 18 60 32
37 93 93 95 77 17 79 16 79 30 34 -3 92 46 101 29 36 44 25 52 84 59 35 31 62 51 70 26 69 50 56 75 58 15 41 57 52 29 13 2 33 2 98 24 96 85 91 72 25 4 95 16 61 74 98 4 6 6 37 59 14 7 49 0 75 87 80 18 77 66 21 72 10 75 62 87 49 60 30 14 45 92 30 25 19 87 62 73 90 79 90 13 71 79 27 11 6 71 97 30
23 50 50 78 6 59 69 72 70 40 93 5 40 59 68 54 30 84 97 42 89 9 24 18 86 4 66 49 82 18 52 77 85 83 38 11 93 40 12 66 61 47 26 98 98 92 10 48 51 91 7 23 97 98 31 32 51 56 10 2 25 37 62 18 23 40 10 14 10 38 38 92 46 98 51 17 51 36 25 15 78 63 40 56 25 88 18 89 61 93 88 83 54 24 29 94 9 31 93 76
71 51 68 27 32 25 89 2 84 85 76 -1 5 67 15 11 21 15 33 35 82 93 53 92 6 71 70 19 10 12 63 66 96 65 47 90 95 58 17 22 78 56 80 27 25 21 85 61 19 27 33 22 54 50 46 36 96 44 92 29 96 36 18 13 71 36 12 5 93 94 34 72 73 25 82 21 42 15 13 25 2 89 62 87 11 56 79 41 87 42 79 15 67 89 65 68 32 51 92 31
101 34 73 27 58 45 59 97 17 9 82 95 11 49 67 96 35 46 57 20 98 20 11 32 12 94 46 31 74 88 35 1 73 1 13 100 86 45 50 36 33 5 27 29 52 98 26 78 26 35 4 40 25 3 100 80 84 100 80 73 81 84 45 72 33 29 45 47 15 97 12 30 94 94 93 35 54 87 21 25 5 15 41 45 4 65 65 65 12 40 32 17 90 78 69 36 80 43 40 79
71 64 96 5 35 84 16 16 33 41 7 75 37 44 62 68 77 90 16 36 28 72 9 4 72 22 82 14 31 69 47 95 42 17 54 15 75 91 32 91 93 22 40 57 80 90 59 6 3 2 78 88 26 83 84 25 44 70 20 17 79 94 28 72 90 26 63 10 76 13 5 -3 43 81 95 17 61 62 47 77 81 66 24 44 36 73 29 36 95 37 20 87 82 6 99 30 87 21 87 76
41 70 88 53 47 83 39 20 70 9 41 40 4 70 48 13 37 13 97 33 53 32 96 2 74 6 14 71 90 63 48 77 27 33 102 18 88 6 8 26 91 100 30 10 32 82 51 20 81 79 7 22 62 77 36 73 98 2 59 98 18 18 33 11 97 20 48 11 76 20 23 45 48 82 4 37 3 86 65 22 52 66 70 54 96 96 27 7 76 77 83 11 81 5 24 29 81 75 34 19
58 38 21 64 77 4 84 59 53 87 86 87 49 74 31 39 91 77 98 53 89 32 46 76 7 14 52 37 68 91 35 45 73 39 22 49 35 27 92 35 75 91 50 54 87 64 42 30 3 8 100 6 92 95 99 63 18 0 76 57 33 76 74 0 14 68 3 19 10 94 29 46 89 60 15 64 30 94 51 81 91 89 95 1 50 17 78 64 12 49 85 80 68 94 29 73 33 2 19 90
82 80 99 71 50 44 82 61 46 19 23 83 28 19 89 73 99 32 37 82 82 19 30 77 60 90 68 80 58 26 34 26 91 29 41 47 71 84 37 85 84 89 89 75 30 57 65 99 33 99 92 2 50 63 71 97 77 84 100 88 36 16 78 1 38 52 96 97 81 98 17 24 88 97 10 32 23 63 74 10 18 21 3 31 44 23 68 45 93 50 63 15 12 87 38 21 12 19 91 46
97 42 100 52 20 30 76 32 17 14 17 89 26 38 70 23 73 2 75 23 22 61 27 7 17 27 64 37 35 79 58 70 33 34 25 38 20 61 25 83 23 88 79 27 99 88 67 64 58 5 73 52 99 12 33 84 99 89 10 11 39 39 70 2 18 64 30 22 83 46 84 41 82 26 68 65 33 52 80 42 57 57 24 63 58 12 40 61 57 66 87 71 65 12 101 2 58 62 18 69
68 71 44 84 25 64 96 1 96 59 96 81 38 91 49 69 62 56 16 46 24 41 51 31 88 42 21 13 7 86 54 26 24 94 48 82 54 54 68 87 54 87 91 71 67 26 30 8 40 73 38 13 51 11 15 2 60 11 100 95 71 6 73 86 51 53 17 35 56 48 11 91 43 24 68 48 23 6 45 70 55 51 29 53 41 91 83 63 94 19 57 26 39 64 30 24 78 60 93 86
32 64 21 38 52 17 2 76 40 25 15 90 101 36 15 6 86 92 8 18 59 38 17 91 28 7 60 9 66 37 3 87 61 23 35 25 35 80 16 80 70 15 90 20 20 0 6 45 44 65 85 21 4 42 2 30 71 91 77 79 46 86 65 0 76 59 26 8 47 87 81 64 71 20 48 70 41 87 2 59 29 30 51 76 6 3 40 65 9 59 80 3 66 57 97 83 79 -2 32 55
9 31 47 1 26 27 24 27 52 35 25 94 39 68 28 9 48 69 11 6 25 99 4 7 76 72 67 48 74 50 97 15 86 74 84 1 78 99 64 54 91 73 79 81 94 4 75 25 12 23 102 34 91 75 80 90 32 39 57 100 20 97 47 88 12 56 69 57 102 59 11 59 67 94 30 32 18 54 85 35 11 8 100 51 53 35 32 1 30 42 67 48 24 63 89 63 17 100 81 67
87 73 97 47 98 5 12 22 24 55 84 58 34 34 5 18 25 96 87 6 55 -3 26 95 39 53 30 38 90 50 26 5 58 78 84 34 86 48 64 31 45 63 75 -1 21 56 72 57 26 94 27 15 71 89 45 -2 11 58 31 5 73 50 92 27 12 14 8 44 5 96 81 67 73 24 93 -2 64 23 64 25 23 22 42 89 17 75 77 -3 23 50 73 15 62 18 22 65 83 -2 66 70
19 17 100 61 34 24 89 52 27 4 53 72 14 24 31 20 43 72 18 32 92 35 58 9 54 75 14 88 31 26 14 45 25 32 5 48 81 17 46 20 98 97 21 69 26 86 16 94 64 13 24 23 64 94 29 42 98 69 49 53 61 69 97 20 27 28 62 8 17 25 8 5 65 4 9 15 50 92 83 21 41 87 57 37 61 100 25 67 92 64 41 17 60 48 9 10 21 74 71 5
45 15 46 1 13 90 73 22 86 55 46 49 85 50 54 27 32 8 45 7 91 10 12 36 60 75 62 21 16 57 55 57 33 49 41 25 51 6 81 64 24 24 48 43 93 5 24 40 40 10 51 89 43 80 98 27 35 75 101 34 81 80 63 52 13 5 91 10 55 96 14 7 46 65 65 42 96 64 65 -2 66 78 89 55 49 87 67 13 8 73 23 86 8 29 101 48 3 74 52 80
52 65 15 10 54 11 56 88 44 74 6 63 51 68 39 54 58 67 76 33 97 65 39 100 7 15 93 39 50 54 93 23 7 41 47 9 18 97 24 40 9 37 82 70 42 16 81 2 64 52 40 40 71 61 46 19 21 3 57 10 5 62 84 78 61 2 83 73 61 69 13 53 20 89 26 40 91 97 102 28 59 10 43 69 53 7 35 96 75 9 21 62 17 9 7 85 69 88 20 38
54 70 21 42 14 63 89 75 50 68 12 89 85 66 55 79 23 80 21 69 40 74 44 10 54 54 89 16 81 51 16 93 51 86 42 12 21 26 87 6 17 75 96 55 24 84 89 74 70 57 96 4 29 8 88 58 52 23 64 74 41 55 54 96 36 87 34 65 63 80 64 37 82 45 84 73 10 39 71 88 42 55 6 17 10 11 85 43 83 13 58 69 5 50 32 80 99 16 8 74
92 51 94 48 23 39 51 3 63 48 46 51 49 47 57 58 54 67 52 56 53 59 99 63 99 25 73 31 45 100 47 66 39 44 95 86 102 98 34 40 53 94 100 37 69 59 41 96 100 21 21 47 19 91 49 5 85 36 65 45 14 66 43 14 100 84 79 26 12 54 87 92 89 16 14 78 96 43 97 54 50 23 99 95 43 56 71 30 69 12 24 59 41 19 72 94 38 30 17 15
23 19 51 63 26 76 38 63 97 20 80 43 86 58 45 61 56 28 8 42 15 36 84 57 25 1 75 24 14 38 35 59 79 49 54 74 6 -2 95 1 9 95 77 44 16 33 84 10 60 71 100 57 8 -3 12 51 43 25 86 65 46 57 36 49 93 77 27 88 18 84 101 59 48 56 25 87 34 56 31 8 44 -3 10 34 14 15 39 28 63 75 63 4 86 19 42 76 92 19 57 85
84 100 21 84 54 32 71 86 26 73 58 91 33 80 94 73 90 38 31 85 9 86 59 12 25 90 63 5 68 87 63 53 71 44 41 89 50 46 47 68 72 1 63 17 57 66 77 90 97 33 72 30 29 3 14 76 24 12 94 51 64 10 82 85 32 91 74 30 39 32 80 64 4 14 89 93 52 44 71 78 65 30 82 66 6 16 71 9 75 11 32 5 86 20 7 43 60 12 81 48
11 32 14 89 65 31 52 73 75 4 5 27 53 60 50 49 78 65 16 38 72 84 24 55 31 21 22 2 81 45 23 68 93 61 71 76 7 52 98 31 57 53 92 30 57 49 7 12 97 21 51 56 26 56 35 67 53 19 84 60 67 -2 41 28 6 54 26 5 5 79 83 7 66 20 4 56 30 2 2 74 101 41 74 55 90 16 43 44 39 38 13 26 66 40 50 1 54 72 9 83
3 15 85 30 12 23 93 99 33 50 25 9 18 96 5 32 16 19 55 59 22 4 22 81 69 65 71 79 47 24 39 41 80 34 29 16 59 28 14 5 8 80 36 13 94 81 24 75 32 77 57 73 12 8 56 23 95 39 76 46 32 92 72 44 44 31 52 44 78 69 100 80 79 42 40 28 47 97 37 17 56 18 80 15 59 45 75 75 4 7 70 21 65 28 88 50 51 53 81 13
17 54 36 66 74 26 67 51 41 8 68 80 17 23 96 54 32 34 42 88 31 -3 87 80 95 23 87 69 47 67 37 43 98 38 73 88 81 19 90 12 93 76 80 73 21 35 41 25 34 -3 58 91 54 78 21 40 86 49 24 76 37 78 78 7 33 70 65 87 12 24 57 30 96 57 8 79 20 39 53 43 25 23 93 37 74 -2 71 31 50 77 59 7 76 25 43 63 75 13 24 5
9 68 64 34 73 88 32 5 28 20 45 86 94 3 76 10 30 1 21 32 15 69 40 22 90 47 43 47 90 65 14 92 66 77 33 75 54 41 64 22 40 2 99 57 30 46 77 21 35 18 37 95 15 47 99 61 15 34 62 46 46 98 49 14 82 35 32 8 80 57 70 72 102 57 87 22 40 65 43 67 38 33 99 31 5 41 92 57 69 53 94 51 45 53 40 31 29 15 12 48
29 55 5 54 79 90 15 26 78 45 37 81 10 32 46 88 100 8 44 42 44 44 99 83 58 20 50 53 56 63 71 83 72 11 87 81 68 1 93 71 6 76 19 36 63 6 55 88 41 26 36 10 24 91 85 88 9 86 79 57 15 13 41 14 43 15 82 7 26 15 28 84 77 69 32 37 72 53 42 39 85 58 99 62 28 68 14 9 57 61 75 -1 4 93 2 89 48 89 22 33
24 87 44 41 43 32 37 83 52 28 85 30 20 96 54 23 75 58 35 33 29 70 70 78 45 98 19 2 92 25 51 11 30 94 28 87 85 45 50 4 34 98 77 100 100 83 54 43 82 52 38 17 57 34 36 93 84 50 7 77 24 21 84 61 14 92 98 21 82 92 25 84 83 51 102 78 19 3 76 66 80 21 44 85 55 23 78 73 13 19 20 23 26 85 3 56 79 56 101 66
84 80 42 46 32 92 36 6 95 60 14 80 56 70 4 11 14 80 38 82 23 41 62 66 6 29 75 81 13 73 26 78 30 20 40 17 48 8 74 29 87 13 17 30 25 52 35 56 26 21 33 88 75 82 28 53 33 10 91 62 77 59 58 1 71 96 55 64 11 6 77 60 33 -1 34 20 16 71 78 -2 21 9 14 19 99 -3 67 31 82 70 31 76 4 74 37 1 38 85 98 5
33 22 51 18 16 17 101 74 99 40 76 22 50 99 52 82 23 54 68 94 16 34 62 29 31 99 64 74 22 3 52 16 91 24 46 52 53 8 38 88 16 42 85 1 70 69 46 72 14 38 73 24 87 97 42 19 54 4 8 38 80 45 93 60 90 67 84 30 13 91 85 49 63 48 5 42 74 17 63 47 61 33 20 86 64 81 77 65 12 76 61 90 76 3 42 71 52 52 8 16
53 95 51 35 74 15 34 16 32 44 94 84 69 76 3 23 85 68 76 23 89 41 4 49 31 51 33 26 21 9 61 89 89 40 95 82 43 58 61 49 68 -1 43 -1 87 84 63 -3 37 4 49 64 49 34 101 62 16 9 14 78 10 36 82 -1 77 11 30 28 63 -2 56 -2 48 0 31 54 52 56 97 25 53 81 19 30 84 70 19 91 51 80 67 72 54 8 37 10 35 93 50 28
99 75 18 98 6 37 39 26 70 45 98 77 45 86 66 67 3 64 74 68 47 54 60 27 102 69 66 16 82 12 89 69 75 53 20 82 90 46 62 63 8 21 21 60 50 41 92 31 28 51 97 37 56 7 13 9 22 99 57 33 96 93 91 5 101 90 101 87 34 61 98 11 26 91 68 74 17 7 16 75 37 69 31 64 64 56 102 63 48 57 56 70 15 72 24 48 6 94 68 33
50 42 55 20 18 15 5 45 100 68 85 13 6 22 54 29 94 7 79 39 34 -2 82 74 44 -3 4 46 13 21 25 47 57 72 92 17 96 74 97 25 91 85 21 43 4 8 19 79 42 58 22 73 46 62 88 42 101 95 49 19 32 11 41 25 17 33 73 56 81 26 73 73 71 29 84 57 84 35 22 68 35 93 4 51 68 37 27 14 75 11 58 84 73 14 19 86 15 45 56 38
32 29 16 7 87 79 65 24 24 94 5 61 14 32 94 46 45 99 60 39 20 29 19 48 93 77 12 89 51 21 101 37 91 48 68 33 52 12 100 46 77 28 64 28 40 83 77 33 37 31 79 16 67 62 28 75 62 27 51 33 60 18 5 36 63 36 82 56 79 55 15 96 55 64 4 100 36 44 5 82 14 10 57 16 71 29 56 39 59 12 6 36 63 69 66 25 10 91 75 63
26 24 91 25 32 25 2 14 37 5 66 24 64 83 27 77 67 -3 17 43 87 31 61 82 33 85 64 88 79 64 19 55 82 24 57 46 78 16 8 15 80 96 86 87 33 -2 83 65 68 -2 82 17 20 25 31 43 95 24 76 45 51 -1 58 19 59 32 2 87 9 76 57 46 8 34 49 10 78 23 99 19 72 24 97 78 65 49 87 81 45 42 5 80 14 67 41 82 29 44 22 19
74 15 19 5 7 26 45 25 66 32 91 64 10 89 48 84 60 16 15 9 98 16 46 40 61 60 87 37 70 32 83 89 54 23 65 81 61 61 42 32 74 73 80 5 101 80 28 47 90 23 95 53 55 48 65 17 16 74 75 50 46 7 12 58 99 58 65 69 40 77 86 33 36 13 4 98 55 73 54 36 31 45 16 69 5 36 18 95 85 66 57 45 9 53 17 12 78 11 8 64
5 96 22 49 97 53 39 92 74 32 85 48 17 16 101 47 42 33 77 84 27 84 95 55 27 35 26 48 63 15 40 96 48 37 44 11 6 17 50 46 5 76 85 51 36 67 68 83 16 65 98 18 57 62 26 55 38 77 56 29 36 0 45 6 40 4 63 18 24 17 68 20 95 19 94 2 44 52 8 26 96 34 101 30 67 8 50 62 22 21 99 13 15 25 28 10 25 36 11 72
63 92 91 36 87 87 39 42 10 38 100 95 74 85 84 99 76 42 42 15 11 48 45 62 12 81 42 30 23 75 60 16 41 24 4 30 28 15 55 67 83 85 31 85 81 65 52 84 4 37 91 29 8 97 18 25 11 85 29 10 65 34 66 80 80 31 40 62 17 18 47 76 88 85 64 41 38 42 85 23 74 17 65 27 46 37 46 98 80 35 92 99 51 33 52 97 12 40 49 21
66 36 66 93 39 -2 15 6 22 16 18 14 35 42 96 51 64 36 52 62 95 51 88 19 35 19 96 96 12 6 2 69 93 50 11 62 90 37 65 46 68 85 58 63 9 57 98 35 9 82 71 81 100 78 50 -3 37 50 60 60 70 63 14 20 28 77 62 11 94 46 84 44 85 -3 8 11 69 17 4 59 60 92 89 95 83 73 28 73 69 51 35 70 66 71 98 9 65 28 29 -2
3 37 94 73 4 70 37 30 35 90 24 78 89 89 13 62 88 60 61 87 98 57 13 7 91 25 38 34 20 80 36 49 81 21 49 46 48 100 61 7 99 41 39 28 27 65 57 6 36 66 71 38 28 21 85 56 77 49 91 72 19 51 19 14 50 3 44 40 33 29 53 92 77 76 16 8 76 6 64 18 91 34 83 26 15 10 66 59 65 63 13 75 18 42 63 88 58 60 46 7
81 7 80 31 79 86 38 38 33 7 46 43 33 10 68 62 89 62 41 67 88 28 11 39 43 66 49 13 72 69 49 14 78 6 66 63 15 37 80 81 41 51 51 39 72 -3 18 54 26 29 40 45 84 56 18 44 51 31 39 37 95 64 62 41 32 25 69 95 12 54 83 56 69 60 53 5 65 93 33 65 20 82 32 64 32 2 94 69 23 13 71 67 10 87 9 51 77 56 99 49
El programa tardo 82 milisegundos en ejecutarse.
