50 50
15 97 92 92 40 12 59 54 31 62 26 25 13 31 71 78 61 26 15 50 98 76 41 10 17 68 74 38 69 33 29 31 46 68 20 6 65 17 39 87 74 41 55 77 75 39 80 18 6 92
25 44 54 45 15 88 78 57 1 69 7 93 61 60 55 76 43 14 11 30 8 16 7 15 22 82 55 97 51 42 16 28 16 16 36 83 59 90 90 41 15 82 19 82 31 10 97 87 94 37
70 46 5 22 28 13 38 58 99 23 29 42 70 72 28 80 94 32 94 9 40 40 29 73 17 18 11 64 1 24 23 45 93 68 65 80 88 73 99 79 29 8 72 46 80 82 84 1 25 94
52 52 25 67 61 67 75 69 59 30 96 52 36 11 65 62 53 47 19 72 34 78 19 31 99 51 25 23 36 53 51 92 24 23 1 78 89 43 21 80 70 86 51 66 53 86 1 30 32 59
88 85 66 89 5 86 56 87 8 81 43 15 37 61 39 50 38 36 31 75 56 14 62 56 50 27 94 2 73 21 47 67 71 64 7 95 13 51 10 98 43 2 64 78 22 67 64 19 19 7
45 4 96 28 84 11 88 6 89 97 57 52 41 86 57 43 71 18 17 62 72 61 60 51 84 91 89 45 29 46 49 81 63 34 40 71 45 89 89 59 13 70 9 65 96 79 78 76 18 24
17 31 39 12 42 2 58 22 43 62 78 68 96 9 41 51 67 99 72 45 58 31 46 55 66 5 87 62 56 84 22 56 45 75 64 18 81 50 88 44 31 16 46 59 58 82 42 69 46 32
94 23 46 77 62 20 65 22 83 31 85 44 59 92 98 81 54 52 62 49 18 56 71 43 59 76 51 13 34 1 88 16 47 58 50 14 31 2 97 0 50 17 33 92 25 28 89 83 82 13
75 73 59 17 19 62 60 21 25 67 26 55 9 28 7 94 34 97 63 49 81 10 95 69 67 54 78 87 35 78 40 57 44 6 33 11 55 42 60 40 2 98 17 50 21 94 47 40 74 17
65 3 60 90 26 55 7 4 3 51 53 58 4 60 88 53 50 37 93 88 14 31 45 20 78 69 57 36 19 37 29 27 22 1 28 43 45 94 3 45 7 17 98 68 30 4 6 78 3 25
21 61 20 98 44 99 53 22 9 44 63 58 37 93 15 98 82 73 56 11 40 13 30 83 16 94 72 87 83 67 92 71 59 18 50 6 31 76 90 47 96 75 34 36 40 67 51 22 88 30
8 14 59 11 91 56 24 69 29 59 26 16 70 4 48 76 94 84 24 7 96 26 59 73 67 5 23 89 23 51 89 96 53 4 18 67 54 82 16 9 13 85 19 40 19 74 62 3 42 35
87 32 13 33 78 17 51 79 94 14 0 11 24 81 41 99 62 9 16 5 94 74 45 28 13 15 46 68 44 36 80 81 23 72 26 4 16 92 42 52 71 55 32 8 80 57 29 91 30 78
30 51 24 48 73 64 30 41 2 46 68 20 19 31 88 45 87 34 87 86 92 13 12 65 87 75 67 7 20 28 81 55 39 37 16 54 16 13 94 24 39 8 26 72 45 72 32 11 73 92
48 14 6 5 52 36 14 51 11 8 26 16 45 20 48 99 27 85 39 6 0 95 71 82 40 76 96 87 62 39 65 73 16 61 28 91 85 21 22 80 88 29 58 51 3 33 12 57 97 63
39 64 84 44 84 39 98 95 59 96 32 4 48 64 15 60 44 57 49 86 98 43 65 61 40 69 89 37 56 90 0 27 73 17 45 82 48 30 18 12 2 25 60 4 44 42 40 81 14 32
55 87 36 5 79 73 43 34 14 95 14 51 27 39 97 33 68 32 71 52 30 0 18 99 67 3 66 93 53 62 32 39 31 65 1 92 36 86 54 35 24 40 94 95 89 20 38 82 90 38
70 38 94 7 6 55 42 3 94 56 0 46 8 69 92 78 12 96 33 80 61 19 73 64 75 40 52 8 87 24 80 6 69 68 33 74 72 90 30 32 82 97 53 64 72 76 38 44 54 96
8 19 64 48 28 17 17 49 87 46 22 17 47 63 23 11 95 77 50 22 51 71 84 3 80 23 8 5 73 21 10 17 15 7 21 72 95 42 9 36 56 87 50 52 77 47 61 89 41 92
57 89 35 91 10 0 35 30 12 38 53 7 27 0 26 63 4 44 71 30 29 1 13 32 75 19 89 20 66 64 56 83 70 61 91 24 8 2 81 44 72 66 58 60 97 7 49 28 92 38
23 4 40 89 37 87 98 89 22 2 66 54 86 24 21 85 96 58 60 78 28 40 78 93 84 55 65 47 84 90 80 15 92 22 5 70 87 49 29 26 37 40 60 73 0 32 30 52 9 55
19 51 4 15 53 53 69 55 72 29 90 40 22 94 14 11 29 48 85 15 40 23 59 88 68 92 78 39 51 88 9 94 59 15 48 1 6 63 37 12 8 34 93 47 92 63 80 20 24 94
15 18 28 64 30 26 98 31 19 79 49 73 66 43 54 85 27 17 22 95 69 90 0 24 4 64 73 3 10 5 2 5 61 82 14 8 93 93 49 72 83 6 2 81 25 47 83 59 78 41
62 74 1 20 24 61 69 56 68 49 52 35 92 86 59 11 60 3 6 54 30 99 48 33 26 50 24 54 60 25 80 7 0 3 42 72 35 66 46 51 44 65 18 19 81 57 77 97 14 19
67 82 11 60 1 98 26 72 32 51 85 70 44 23 76 11 22 52 35 89 2 20 89 52 29 68 78 88 22 55 81 11 81 77 94 59 45 56 72 13 16 42 25 33 29 24 83 24 64 35
50 15 39 81 4 74 93 74 9 54 69 81 16 3 39 97 9 69 42 94 99 52 29 33 20 74 91 38 68 68 80 8 46 88 42 24 15 16 13 14 33 21 21 37 44 2 27 28 41 69
68 72 35 49 28 56 8 67 46 90 72 90 91 48 63 66 52 69 14 65 8 85 80 52 81 61 7 33 63 63 74 13 7 85 50 41 10 13 79 22 67 15 78 6 73 22 74 95 70 39
18 9 70 60 24 41 67 2 29 97 49 24 66 15 56 62 32 53 80 41 60 30 97 14 1 77 29 11 70 10 76 68 62 73 39 67 67 70 38 79 14 62 64 91 46 63 66 74 88 48
37 11 11 34 97 21 90 4 86 61 73 63 82 25 8 70 6 95 62 91 47 63 67 70 63 69 37 62 3 76 72 85 96 41 60 25 10 98 64 54 15 60 69 77 4 71 86 84 39 31
49 37 27 91 34 76 19 76 1 94 34 79 32 19 21 46 53 60 60 63 65 9 78 35 67 17 64 35 58 69 41 9 26 53 93 98 75 5 76 55 17 12 40 31 88 17 92 2 38 11
62 33 45 38 97 76 88 98 10 16 4 87 18 95 39 53 75 75 57 45 34 10 76 46 51 41 36 95 97 42 62 30 72 95 67 95 54 92 72 7 70 15 37 55 93 95 96 3 71 56
76 49 61 69 1 52 10 13 66 93 45 76 5 50 51 8 43 45 9 79 16 55 24 86 42 29 22 81 14 33 28 28 98 79 21 74 1 69 59 20 21 60 6 32 36 3 60 20 89 11
48 27 30 57 3 12 37 9 54 55 79 64 49 61 33 63 38 91 37 12 49 85 67 77 77 25 84 66 77 15 5 47 52 38 29 31 14 14 63 66 6 22 42 69 24 74 25 80 77 49
24 83 80 4 0 97 72 55 49 30 40 88 85 36 96 83 34 25 90 73 98 0 67 2 35 57 84 13 75 76 53 2 55 14 61 85 63 10 33 20 29 96 18 43 49 19 69 72 18 69
61 88 94 19 21 62 10 77 80 66 85 95 63 16 43 27 96 10 7 41 77 66 75 96 98 8 96 34 18 55 56 50 60 51 40 39 5 65 8 56 93 93 26 41 50 84 0 27 99 32
60 60 54 51 66 40 11 90 94 99 25 50 18 19 39 51 53 23 82 62 51 53 60 88 35 67 81 61 31 12 26 86 28 31 43 38 18 83 67 43 79 4 96 91 76 9 25 5 88 27
49 88 56 42 35 63 31 83 58 27 56 19 41 30 25 75 62 21 9 22 29 63 91 38 87 1 38 96 91 5 80 85 56 2 76 24 62 57 66 93 52 74 63 78 2 14 22 64 10 62
38 15 4 17 32 35 48 97 11 68 57 5 3 12 67 36 72 54 89 73 87 57 61 24 74 12 70 68 21 39 32 60 97 32 59 82 46 50 97 11 84 31 11 15 63 34 32 83 98 3
91 31 36 73 95 58 47 43 50 17 59 50 10 50 82 17 67 20 28 57 11 41 40 36 63 37 8 43 91 98 20 41 30 62 68 96 82 85 0 35 50 25 29 24 75 18 17 91 76 78
53 72 55 28 90 25 17 12 68 75 3 33 61 43 37 8 96 65 5 27 54 58 68 57 37 60 50 44 10 65 99 6 38 99 18 53 36 17 68 2 17 18 95 90 59 21 11 62 57 70
58 32 8 75 6 74 76 43 13 74 34 93 31 5 18 10 95 66 50 0 33 94 63 40 44 6 69 86 57 28 15 37 30 11 39 59 4 43 22 85 88 11 25 39 98 0 61 37 74 31
92 66 91 23 62 43 75 56 71 27 36 1 71 36 17 3 21 30 2 82 66 99 59 38 18 69 19 36 91 99 63 7 39 55 66 32 53 46 90 89 16 21 49 80 14 21 51 61 76 22
30 28 65 84 10 54 97 78 2 0 52 48 35 43 49 38 21 45 24 84 23 77 90 65 41 3 89 88 61 62 43 67 17 19 10 47 92 52 75 31 62 69 88 48 97 6 45 16 84 73
1 43 13 3 9 34 32 4 90 65 57 48 82 15 27 18 37 42 11 8 97 33 63 80 51 67 88 30 25 46 99 41 58 14 11 64 31 64 73 98 82 18 39 91 89 69 25 52 47 39
41 99 71 29 88 30 29 2 1 91 97 93 95 41 59 71 2 6 1 62 26 92 45 89 28 72 49 51 59 74 57 18 69 49 21 18 28 94 10 33 27 9 42 9 92 11 21 76 64 74
17 33 68 17 42 60 29 3 7 91 74 58 79 81 56 97 65 5 5 75 57 89 28 69 94 31 22 40 0 10 39 98 18 46 24 93 15 35 9 59 67 40 50 12 16 2 28 92 20 65
13 76 21 51 32 77 55 9 77 91 5 28 40 1 6 10 24 3 6 52 12 41 13 13 61 21 95 85 92 9 31 44 84 95 69 74 55 28 30 60 86 60 39 36 78 23 83 85 78 16
98 20 89 66 57 46 66 9 9 67 73 98 25 76 85 49 44 37 47 13 82 42 13 50 58 0 11 87 21 16 88 8 88 81 55 79 13 93 15 35 1 24 84 47 91 29 33 19 46 15
63 39 24 56 80 78 65 72 25 71 51 88 72 33 79 93 79 88 96 36 90 5 60 22 9 78 82 77 40 22 38 78 58 83 26 72 20 99 18 47 34 22 80 12 26 98 4 43 85 30
38 22 68 12 49 80 25 68 43 93 79 12 80 13 12 62 50 85 48 62 71 41 12 82 33 28 0 81 65 83 93 56 46 34 2 5 54 65 37 90 71 72 79 97 84 77 72 40 11 85
