18 98 95 93 43 13 62 55 34 63 29 26 16 32 74 79 64 27 18 51 101 77 44 11 20 69 77 39 72 34 32 32 49 69 23 7 68 18 42 88 77 42 58 78 78 40 83 19 9 93
27 41 56 42 17 85 80 54 3 66 9 90 63 57 57 73 45 11 13 27 10 13 9 12 24 79 57 94 53 39 18 25 18 13 38 80 61 87 92 38 17 79 21 79 33 7 99 84 96 34
73 47 8 23 31 14 41 59 102 24 32 43 73 73 31 81 97 33 97 10 43 41 32 74 20 19 14 65 4 25 26 46 96 69 68 81 91 74 102 80 32 9 75 47 83 83 87 2 28 95
54 49 27 64 63 64 77 66 61 27 98 49 38 8 67 59 55 44 21 69 36 75 21 28 101 48 27 20 38 50 53 89 26 20 3 75 91 40 23 77 72 83 53 63 55 83 3 27 34 56
91 86 69 90 8 87 59 88 11 82 46 16 40 62 42 51 41 37 34 76 59 15 65 57 53 28 97 3 76 22 50 68 74 65 10 96 16 52 13 99 46 3 67 79 25 68 67 20 22 8
47 1 98 25 86 8 90 3 91 94 59 49 43 83 59 40 73 15 19 59 74 58 62 48 86 88 91 42 31 43 51 78 65 31 42 68 47 86 91 56 15 67 11 62 98 76 80 73 20 21
20 32 42 13 45 3 61 23 46 63 81 69 99 10 44 52 70 100 75 46 61 32 49 56 69 6 90 63 59 85 25 57 48 76 67 19 84 51 91 45 34 17 49 60 61 83 45 70 49 33
96 20 48 74 64 17 67 19 85 28 87 41 61 89 100 78 56 49 64 46 20 53 73 40 61 73 53 10 36 -2 90 13 49 55 52 11 33 -1 99 -3 52 14 35 89 27 25 91 80 84 10
78 74 62 18 22 63 63 22 28 68 29 56 12 29 10 95 37 98 66 50 84 11 98 70 70 55 81 88 38 79 43 58 47 7 36 12 58 43 63 41 5 99 20 51 24 95 50 41 77 18
67 0 62 87 28 52 9 1 5 48 55 55 6 57 90 50 52 34 95 85 16 28 47 17 80 66 59 33 21 34 31 24 24 -2 30 40 47 91 5 42 9 14 100 65 32 1 8 75 5 22
24 62 23 99 47 100 56 23 12 45 66 59 40 94 18 99 85 74 59 12 43 14 33 84 19 95 75 88 86 68 95 72 62 19 53 7 34 77 93 48 99 76 37 37 43 68 54 23 91 31
10 11 61 8 93 53 26 66 31 56 28 13 72 1 50 73 96 81 26 4 98 23 61 70 69 2 25 86 25 48 91 93 55 1 20 64 56 79 18 6 15 82 21 37 21 71 64 0 44 32
90 33 16 34 81 18 54 80 97 15 3 12 27 82 44 100 65 10 19 6 97 75 48 29 16 16 49 69 47 37 83 82 26 73 29 5 19 93 45 53 74 56 35 9 83 58 32 92 33 79
32 48 26 45 75 61 32 38 4 43 70 17 21 28 90 42 89 31 89 83 94 10 14 62 89 72 69 4 22 25 83 52 41 34 18 51 18 10 96 21 41 5 28 69 47 69 34 8 75 89
51 15 9 6 55 37 17 52 14 9 29 17 48 21 51 100 30 86 42 7 3 96 74 83 43 77 99 88 65 40 68 74 19 62 31 92 88 22 25 81 91 30 61 52 6 34 15 58 100 64
41 61 86 41 86 36 100 92 61 93 34 1 50 61 17 57 46 54 51 83 100 40 67 58 42 66 91 34 58 87 2 24 75 14 47 79 50 27 20 9 4 22 62 1 46 39 42 78 16 29
58 88 39 6 82 74 46 35 17 96 17 52 30 40 100 34 71 33 74 53 33 1 21 100 70 4 69 94 56 63 35 40 34 66 4 93 39 87 57 36 27 41 97 96 92 21 41 83 93 39
72 35 96 4 8 52 44 0 96 53 2 43 10 66 94 75 14 93 35 77 63 16 75 61 77 37 54 5 89 21 82 3 71 65 35 71 74 87 32 29 84 94 55 61 74 73 40 41 56 93
11 20 67 49 31 18 20 50 90 47 25 18 50 64 26 12 98 78 53 23 54 72 87 4 83 24 11 6 76 22 13 18 18 8 24 73 98 43 12 37 59 88 53 53 80 48 64 90 44 93
59 86 37 88 12 -3 37 27 14 35 55 4 29 -3 28 60 6 41 73 27 31 -2 15 29 77 16 91 17 68 61 58 80 72 58 93 21 10 -1 83 41 74 63 60 57 99 4 51 25 94 35
26 5 43 90 40 88 101 90 25 3 69 55 89 25 24 86 99 59 63 79 31 41 81 94 87 56 68 48 87 91 83 16 95 23 8 71 90 50 32 27 40 41 63 74 3 33 33 53 12 56
21 48 6 12 55 50 71 52 74 26 92 37 24 91 16 8 31 45 87 12 42 20 61 85 70 89 80 36 53 85 11 91 61 12 50 -2 8 60 39 9 10 31 95 44 94 60 82 17 26 91
18 19 31 65 33 27 101 32 22 80 52 74 69 44 57 86 30 18 25 96 72 91 3 25 7 65 76 4 13 6 5 6 64 83 17 9 96 94 52 73 86 7 5 82 28 48 86 60 81 42
64 71 3 17 26 58 71 53 70 46 54 32 94 83 61 8 62 0 8 51 32 96 50 30 28 47 26 51 62 22 82 4 2 0 44 69 37 63 48 48 46 62 20 16 83 54 79 94 16 16
70 83 14 61 4 99 29 73 35 52 88 71 47 24 79 12 25 53 38 90 5 21 92 53 32 69 81 89 25 56 84 12 84 78 97 60 48 57 75 14 19 43 28 34 32 25 86 25 67 36
52 12 41 78 6 71 95 71 11 51 71 78 18 0 41 94 11 66 44 91 101 49 31 30 22 71 93 35 70 65 82 5 48 85 44 21 17 13 15 11 35 18 23 34 46 -1 29 25 43 66
71 73 38 50 31 57 11 68 49 91 75 91 94 49 66 67 55 70 17 66 11 86 83 53 84 62 10 34 66 64 77 14 10 86 53 42 13 14 82 23 70 16 81 7 76 23 77 96 73 40
20 6 72 57 26 38 69 -1 31 94 51 21 68 12 58 59 34 50 82 38 62 27 99 11 3 74 31 8 72 7 78 65 64 70 41 64 69 67 40 76 16 59 66 88 48 60 68 71 90 45
40 12 14 35 100 22 93 5 89 62 76 64 85 26 11 71 9 96 65 92 50 64 70 71 66 70 40 63 6 77 75 86 99 42 63 26 13 99 67 55 18 61 72 78 7 72 89 85 42 32
51 34 29 88 36 73 21 73 3 91 36 76 34 16 23 43 55 57 62 60 67 6 80 32 69 14 66 32 60 66 43 6 28 50 95 95 77 2 78 52 19 9 42 28 90 14 94 -1 40 8
65 34 48 39 100 77 91 99 13 17 7 88 21 96 42 54 78 76 60 46 37 11 79 47 54 42 39 96 100 43 65 31 75 96 70 96 57 93 75 8 73 16 40 56 96 96 99 4 74 57
78 46 63 66 3 49 12 10 68 90 47 73 7 47 53 5 45 42 11 76 18 52 26 83 44 26 24 78 16 30 30 25 100 76 23 71 3 66 61 17 23 57 8 29 38 0 62 17 91 8
51 28 33 58 6 13 40 10 57 56 82 65 52 62 36 64 41 92 40 13 52 86 70 78 80 26 87 67 80 16 8 48 55 39 32 32 17 15 66 67 9 23 45 70 27 75 28 81 80 50
26 80 82 1 2 94 74 52 51 27 42 85 87 33 98 80 36 22 92 70 100 -3 69 -1 37 54 86 10 77 73 55 -1 57 11 63 82 65 7 35 17 31 93 20 40 51 16 71 69 20 66
64 89 97 20 24 63 13 78 83 67 88 96 66 17 46 28 99 11 10 42 80 67 78 97 101 9 99 35 21 56 59 51 63 52 43 40 8 66 11 57 96 94 29 42 53 85 3 28 102 33
62 57 56 48 68 37 13 87 96 96 27 47 20 16 41 48 55 20 84 59 53 50 62 85 37 64 83 58 33 9 28 83 30 28 45 35 20 80 69 40 81 1 98 88 78 6 27 2 90 24
52 89 59 43 38 64 34 84 61 28 59 20 44 31 28 76 65 22 12 23 32 64 94 39 90 2 41 97 94 6 83 86 59 3 79 25 65 58 69 94 55 75 66 79 5 15 25 65 13 63
40 12 6 14 34 32 50 94 13 65 59 2 5 9 69 33 74 51 91 70 89 54 63 21 76 9 72 65 23 36 34 57 99 29 61 79 48 47 99 8 86 28 13 12 65 31 34 80 100 0
94 32 39 74 98 59 50 44 53 18 62 51 13 51 85 18 70 21 31 58 14 42 43 37 66 38 11 44 94 99 23 42 33 63 71 97 85 86 3 36 53 26 32 25 78 19 20 92 79 79
55 69 57 25 92 22 19 9 70 72 5 30 63 40 39 5 98 62 7 24 56 55 70 54 39 57 52 41 12 62 101 3 40 96 20 50 38 14 70 -1 19 15 97 87 61 18 13 59 59 67
61 33 11 76 9 75 79 44 16 75 37 94 34 6 21 11 98 67 53 1 36 95 66 41 47 7 72 87 60 29 18 38 33 12 42 60 7 44 25 86 91 12 28 40 101 1 64 38 77 32
94 63 93 20 64 40 77 53 73 24 38 -2 73 33 19 0 23 27 4 79 68 96 61 35 20 66 21 33 93 96 65 4 41 52 68 29 55 43 92 86 18 18 51 77 16 18 53 58 78 19
33 29 68 85 13 55 100 79 5 1 55 49 38 44 52 39 24 46 27 85 26 78 93 66 44 4 92 89 64 63 46 68 20 20 13 48 95 53 78 32 65 70 91 49 100 7 48 17 87 74
3 40 15 0 11 31 34 1 92 62 59 45 84 12 29 15 39 39 13 5 99 30 65 77 53 64 90 27 27 43 101 38 60 11 13 61 33 61 75 95 84 15 41 88 91 66 27 49 49 36
44 100 74 30 91 31 32 3 4 92 100 94 98 42 62 72 5 7 4 63 29 93 48 90 31 73 52 52 62 75 60 19 72 50 24 19 31 95 13 34 30 10 45 10 95 12 24 77 67 75
19 30 70 14 44 57 31 0 9 88 76 55 81 78 58 94 67 2 7 72 59 86 30 66 96 28 24 37 2 7 41 95 20 43 26 90 17 32 11 56 69 37 52 9 18 -1 30 89 22 62
16 77 24 52 35 78 58 10 80 92 8 29 43 2 9 11 27 4 9 53 15 42 16 14 64 22 98 86 95 10 34 45 87 96 72 75 58 29 33 61 89 61 42 37 81 24 86 86 81 17
100 17 91 63 59 43 68 6 11 64 75 95 27 73 87 46 46 34 49 10 84 39 15 47 60 -3 13 84 23 13 90 5 90 78 57 76 15 90 17 32 3 21 86 44 93 26 35 16 48 12
66 40 27 57 83 79 68 73 28 72 54 89 75 34 82 94 82 89 99 37 93 6 63 23 12 79 85 78 43 23 41 79 61 84 29 73 23 100 21 48 37 23 83 13 29 99 7 44 88 31
40 19 70 9 51 77 27 65 45 90 81 9 82 10 14 59 52 82 50 59 73 38 14 79 35 25 2 78 67 80 95 53 48 31 4 2 56 62 39 87 73 69 81 94 86 74 74 37 13 82
El programa tarda 7 milisegundos en ejecutarse.
