50 50
24 45 97 70 12 98 54 67 69 92 1 85 63 53 16 55 8 50 14 1 15 97 92 26 65 93 96 11 84 98 14 91 80 69 11 97 41 51 53 20 85 70 25 85 55 42 53 68 9 61
43 72 26 37 5 94 24 63 3 17 50 29 78 90 21 35 22 49 98 60 33 81 94 2 74 41 15 26 88 51 61 13 35 55 58 21 15 25 42 42 30 52 49 68 74 2 84 50 75 23
85 62 32 13 7 80 73 87 49 3 11 68 95 54 46 57 17 16 61 91 68 89 72 83 41 67 62 71 9 59 88 1 60 30 94 91 26 48 65 72 73 65 33 84 74 8 66 73 70 5
49 44 75 84 53 70 3 77 39 96 1 81 84 9 58 92 0 98 12 99 41 82 36 71 25 18 66 32 62 62 77 19 97 25 37 33 71 11 67 41 90 87 16 79 38 15 27 70 16 41
81 92 0 89 66 50 76 18 45 94 35 54 41 92 93 99 38 11 70 98 73 5 55 55 76 49 52 46 94 56 80 4 18 1 29 25 37 25 79 64 13 70 15 82 88 45 96 7 0 14
34 2 58 55 33 31 1 35 59 28 59 1 99 11 20 91 11 80 74 62 43 96 50 83 70 33 66 89 46 55 40 45 4 88 60 80 99 99 74 71 48 54 1 33 82 24 68 10 60 26
65 45 24 61 90 44 44 30 75 58 10 21 51 28 26 47 57 62 57 67 29 45 12 77 28 6 94 68 18 13 72 67 13 79 90 96 17 41 26 35 19 65 44 82 5 37 20 63 19 85
11 48 59 92 27 27 35 64 32 67 17 7 12 8 5 12 4 23 93 35 30 81 82 85 88 81 85 57 72 90 98 73 58 83 55 9 54 54 95 38 32 24 50 27 18 59 8 87 32 81
4 92 17 26 32 58 81 2 43 70 58 71 32 54 20 72 68 93 59 94 79 61 97 9 4 31 38 55 92 15 84 76 39 35 25 33 48 23 4 84 78 63 83 72 84 50 83 43 96 11
70 62 87 17 51 86 64 18 80 6 73 78 68 56 81 22 39 72 73 74 44 49 40 64 56 40 93 84 75 41 94 88 52 67 23 6 18 51 30 83 1 68 89 51 80 15 42 48 77 55
90 41 87 62 63 99 83 91 66 21 61 40 14 24 4 60 76 37 26 9 61 81 10 46 90 55 12 17 4 78 2 86 26 96 35 16 23 78 84 24 81 30 68 83 63 34 88 95 41 53
35 67 41 30 1 15 65 29 87 52 96 95 64 43 77 84 46 37 12 7 41 51 22 72 32 49 92 14 80 26 57 68 94 51 74 29 10 68 85 35 20 7 95 78 58 83 65 80 2 15
48 15 66 65 39 13 69 37 8 31 44 19 69 38 16 59 1 7 99 90 74 75 4 72 47 12 18 71 10 73 1 69 8 24 96 18 32 58 74 84 12 40 35 1 24 58 84 24 44 95
60 57 8 51 19 66 20 7 26 35 37 65 69 22 75 23 12 41 55 21 46 2 55 23 23 22 82 75 83 14 73 21 49 59 32 32 67 87 75 60 53 46 99 12 8 16 29 85 86 71
57 3 32 44 33 57 47 50 55 38 46 49 0 35 45 50 10 58 33 90 66 25 22 21 35 71 59 38 44 97 45 20 36 14 2 93 92 4 85 86 74 62 43 49 96 53 27 19 95 65
72 87 69 24 95 58 43 90 92 84 24 24 75 55 22 3 45 73 70 24 61 8 80 25 77 5 35 31 86 91 23 33 14 76 23 69 89 84 83 6 26 36 56 87 30 14 88 25 95 93
55 21 68 40 35 84 18 72 62 61 54 47 38 63 7 93 11 18 10 38 5 82 69 77 90 79 84 37 85 28 74 8 73 2 19 40 68 22 51 91 87 94 65 79 36 78 69 83 55 53
21 78 5 64 84 17 48 95 99 31 97 65 71 9 1 75 23 21 32 15 65 31 99 85 30 56 34 45 79 11 46 85 29 8 95 56 80 56 51 94 17 55 26 30 32 36 1 59 87 89
0 26 46 67 14 68 54 28 72 28 85 80 87 78 96 30 12 34 31 64 77 83 84 29 1 24 91 20 87 28 40 17 80 25 13 68 41 48 59 47 29 59 41 88 69 5 81 32 42 72
15 89 38 25 90 74 14 40 11 44 6 74 84 31 50 29 71 20 76 31 46 15 71 46 64 1 73 27 0 85 74 0 81 93 90 74 42 69 75 77 60 35 52 1 73 30 28 77 87 71
16 61 76 60 23 89 22 58 94 94 17 76 77 87 41 4 61 37 57 39 95 75 8 75 5 38 10 28 60 18 98 5 8 2 78 33 63 35 43 96 86 74 56 63 1 45 89 6 9 55
83 67 1 83 52 43 90 81 74 21 34 35 36 30 14 25 79 31 46 53 53 2 40 8 41 53 9 60 36 41 97 15 42 27 63 40 58 78 64 59 72 80 22 83 86 7 4 39 63 48
49 34 30 89 84 85 55 10 22 52 83 46 5 82 99 49 55 94 41 68 30 23 15 68 42 65 61 88 74 33 53 45 40 14 97 99 4 48 36 82 4 52 8 9 58 60 62 0 41 32
58 64 71 65 16 82 52 19 11 91 90 49 17 50 79 25 25 27 97 20 81 56 60 10 88 51 80 79 93 2 79 51 30 21 15 54 20 20 61 40 46 93 55 77 2 83 32 74 76 77
42 61 93 39 63 29 32 35 77 97 60 61 60 40 95 58 19 5 52 72 72 25 95 53 4 81 87 4 27 36 54 34 2 40 38 62 10 17 56 2 40 45 4 30 61 94 75 53 80 72
93 43 44 39 83 55 20 45 72 84 15 85 0 68 46 44 39 9 98 70 70 21 80 76 32 1 35 52 77 52 78 57 83 88 86 12 33 78 76 42 79 7 75 41 93 63 99 4 84 75
23 80 95 81 78 57 39 5 14 60 16 10 30 56 45 83 65 56 99 94 8 32 86 91 27 46 94 62 20 48 68 42 14 64 6 92 69 75 52 58 46 57 60 56 81 23 35 18 56 7
19 87 3 87 86 38 85 66 98 52 94 79 53 85 78 21 96 23 48 72 0 19 52 90 7 83 16 63 20 11 98 97 90 99 20 35 66 7 25 12 27 58 63 79 61 3 83 16 70 56
97 4 5 71 12 47 76 57 95 42 80 56 87 49 78 97 30 32 17 13 81 93 34 76 72 37 85 72 60 80 61 69 46 27 8 39 71 27 39 64 16 35 29 82 93 89 42 75 88 61
64 50 68 91 41 19 43 3 25 27 27 50 69 49 47 7 10 24 73 21 60 67 2 85 71 53 97 99 92 67 25 53 24 38 26 61 0 98 78 64 56 64 44 17 31 18 87 50 39 62
23 26 73 98 12 99 73 82 58 79 65 1 62 31 89 1 93 53 76 23 78 49 12 72 90 14 11 96 12 67 51 12 67 86 78 75 78 61 65 73 0 42 30 59 59 89 32 61 0 67
60 26 96 57 3 87 67 16 16 81 86 54 45 64 0 52 64 36 68 74 71 87 33 36 17 80 80 80 38 63 93 27 1 18 11 10 52 72 23 78 38 58 70 7 7 82 5 66 58 6
70 23 54 40 84 86 72 81 87 46 64 25 79 76 70 62 24 31 57 21 8 86 21 34 29 49 85 56 5 83 94 87 8 70 93 14 71 61 35 96 54 60 19 10 95 10 42 75 89 49
81 90 54 42 50 90 62 95 76 94 54 98 16 69 74 66 89 1 87 70 43 52 18 0 71 23 10 18 8 58 56 23 65 50 70 68 73 72 59 36 53 34 38 17 96 74 94 94 83 72
16 82 61 61 41 45 83 40 38 66 9 41 46 0 66 70 75 38 37 90 76 46 5 73 13 40 84 14 13 34 14 68 76 66 34 45 3 0 63 51 93 92 97 67 55 91 21 18 50 35
55 60 48 18 8 37 65 73 82 85 7 52 90 18 79 63 70 74 25 36 53 34 53 32 23 90 72 73 35 92 14 32 2 55 16 24 19 59 91 70 39 80 18 21 91 79 25 79 38 45
5 70 31 57 59 72 40 1 36 21 96 78 26 97 27 89 82 98 98 96 7 92 75 26 19 53 95 8 17 3 2 71 95 58 47 99 37 20 47 80 0 55 9 25 14 26 95 31 89 48
48 62 84 95 30 53 0 75 27 49 96 53 72 3 83 16 79 0 44 7 43 75 42 27 63 52 28 0 57 28 30 87 90 89 7 43 34 76 78 10 38 54 12 43 85 78 22 70 12 32
37 16 14 1 79 16 21 79 14 65 37 70 76 94 55 15 55 47 7 17 35 1 3 22 12 76 7 86 66 24 52 0 72 27 45 70 22 59 28 78 21 38 51 73 32 0 1 94 16 26
81 38 80 45 50 71 50 65 65 67 39 62 49 64 22 93 52 36 51 7 54 57 24 37 49 83 16 96 64 29 13 93 49 8 37 64 5 25 37 77 98 31 32 66 63 90 29 42 46 79
11 99 55 63 81 44 79 9 67 67 22 40 68 73 34 92 52 93 76 35 96 99 36 5 16 64 40 19 67 3 14 4 36 69 62 12 5 78 81 86 77 52 91 43 86 34 92 66 38 94
47 20 58 35 9 1 89 2 23 72 45 51 34 65 4 71 96 42 72 5 3 54 42 30 47 64 60 54 30 52 29 1 9 34 75 24 67 11 41 43 80 65 26 88 7 21 3 34 2 97
45 72 40 65 44 26 68 77 6 8 57 88 69 84 4 60 58 81 43 32 49 86 66 68 70 39 17 10 38 40 19 26 27 57 6 18 60 49 4 62 26 78 56 13 27 38 11 23 47 70
27 6 96 14 1 68 11 80 19 52 51 27 60 18 39 57 18 17 87 50 72 91 83 94 80 82 31 99 36 39 97 96 72 94 10 65 80 75 51 84 46 72 70 16 36 55 24 91 20 54
4 5 78 40 19 95 76 8 31 89 47 75 91 25 19 69 37 33 3 43 76 3 47 59 87 68 82 91 69 30 19 13 46 29 57 28 83 17 34 22 82 77 19 46 86 23 59 38 30 84
34 16 12 61 46 34 52 58 31 55 64 57 54 10 15 4 45 72 90 4 60 64 63 69 13 33 75 34 3 87 71 8 81 8 86 81 26 60 4 80 96 87 76 44 87 45 7 44 75 77
7 48 68 97 6 28 73 20 74 63 93 51 10 90 6 95 32 39 43 62 13 75 88 87 52 64 21 86 68 77 95 48 61 51 10 46 66 14 58 68 41 4 27 10 35 2 53 41 3 34
56 80 60 87 50 97 46 17 39 81 77 54 12 22 70 10 22 65 0 46 87 1 15 79 14 10 66 33 11 48 23 92 93 52 33 34 21 3 71 88 70 83 50 86 64 31 8 34 93 21
83 96 19 28 79 8 53 5 72 30 89 26 57 87 32 5 54 19 29 72 80 31 84 17 70 0 12 92 79 78 67 11 45 4 52 83 54 3 39 34 14 72 30 97 7 96 12 89 25 55
98 98 63 71 8 57 41 25 60 9 37 8 62 1 30 18 47 92 9 87 89 8 13 68 37 13 31 70 69 30 6 18 91 87 79 38 62 35 75 5 2 20 10 85 24 92 87 60 84 68
