50 50
97 25 83 22 63 23 69 50 72 33 15 83 32 95 23 19 57 88 98 28 8 35 52 18 79 92 45 31 24 40 16 29 91 32 47 97 52 97 2 52 76 66 88 2 6 30 27 7 24 10
40 8 20 83 0 47 2 60 86 92 45 2 11 50 63 17 84 67 11 68 88 63 60 89 13 82 54 3 31 11 82 3 29 21 0 66 21 0 8 44 40 46 64 84 77 73 48 6 72 58
95 7 74 89 29 17 83 63 79 73 78 57 35 79 56 59 96 18 57 23 13 35 67 5 61 76 46 2 95 47 19 23 24 47 7 1 16 57 76 34 97 36 7 76 11 54 50 52 38 83
81 21 29 78 21 70 98 32 80 70 0 35 86 15 24 30 14 80 26 92 83 67 77 34 29 11 9 86 16 54 86 73 92 24 19 69 90 70 68 93 66 64 58 58 34 89 86 89 92 2
96 84 58 69 10 91 33 52 70 38 88 53 5 62 22 78 67 67 64 35 80 28 28 66 51 72 91 28 48 43 40 37 85 2 95 63 96 67 17 95 67 59 15 12 62 1 72 59 84 42
20 86 59 10 78 33 52 98 54 89 10 30 5 80 86 80 36 0 68 43 45 27 28 0 70 28 48 51 79 18 29 36 42 59 78 5 78 86 55 49 6 83 64 55 57 1 64 94 91 85
27 27 27 35 81 44 83 25 23 53 97 43 66 60 57 43 7 97 34 36 37 74 63 72 61 66 89 28 21 70 94 34 9 91 22 43 22 76 0 59 97 15 11 48 32 11 3 53 99 33
18 33 37 35 47 95 90 59 39 44 85 9 84 59 81 24 72 68 11 61 66 64 17 27 76 96 47 11 15 20 87 92 6 32 66 4 80 18 91 2 43 22 21 46 0 68 53 17 56 4
88 57 36 8 98 98 77 30 31 77 46 17 19 79 50 96 33 87 7 9 89 87 4 72 69 29 14 3 21 74 71 36 25 54 5 83 69 22 14 49 63 13 99 92 7 52 67 15 9 71
39 38 57 8 99 24 12 22 81 93 36 37 36 71 87 33 72 20 42 69 15 89 49 27 1 49 11 58 61 51 5 0 30 3 0 62 95 29 59 37 18 36 91 54 25 98 33 50 15 20
15 93 77 46 29 72 85 32 37 10 65 17 83 74 65 80 61 74 4 86 61 87 4 2 39 53 20 72 32 52 11 26 89 80 21 14 2 16 8 48 71 81 8 64 81 68 91 95 64 52
54 98 50 67 12 72 36 56 96 26 11 6 60 2 22 2 84 48 72 32 95 12 32 24 8 12 80 85 54 29 68 59 93 50 99 56 55 87 9 8 20 3 21 69 49 49 97 16 26 62
30 16 94 13 50 17 91 93 76 27 76 40 56 21 6 9 16 53 70 32 42 37 86 14 33 65 33 45 23 71 73 36 52 29 78 10 69 34 34 21 95 98 49 15 41 47 72 56 51 25
14 45 96 37 73 27 59 4 46 3 54 51 73 62 25 66 51 50 78 39 34 94 22 19 57 40 7 85 33 36 40 91 98 43 52 74 17 74 95 10 34 61 42 36 87 11 97 46 89 11
65 10 97 11 55 85 21 10 64 98 94 40 65 24 35 82 75 22 25 85 91 90 12 96 3 97 98 17 55 29 12 73 94 80 62 23 94 35 72 42 37 64 50 3 43 84 18 40 5 17
3 48 46 13 49 60 22 2 49 1 25 62 63 9 12 11 39 0 44 49 45 35 75 4 35 40 39 69 24 16 76 44 8 93 27 29 78 40 69 62 6 7 98 42 34 8 76 86 80 36
45 74 2 41 83 33 91 89 6 99 41 71 56 43 34 2 15 95 26 51 54 92 41 66 80 10 97 14 5 34 70 62 34 74 79 64 89 39 76 0 48 17 18 77 13 39 14 46 73 45
78 44 91 0 50 91 67 70 73 98 64 69 49 98 25 97 52 88 24 79 79 28 6 21 47 1 8 6 52 39 41 71 55 47 4 3 82 92 50 27 24 50 65 68 50 25 14 82 41 24
32 14 78 70 74 17 60 13 11 45 78 25 56 36 28 25 45 64 8 14 37 60 63 0 96 59 68 81 15 75 24 88 10 51 9 12 38 2 63 13 41 94 29 91 97 9 46 68 43 58
5 5 5 8 98 61 74 48 59 81 15 84 89 99 64 30 65 12 36 65 81 93 35 61 54 95 53 28 0 7 77 60 65 7 76 92 93 97 27 60 48 69 55 46 0 6 94 16 23 99
49 18 43 13 37 81 45 32 21 83 4 45 74 61 37 68 18 57 63 16 95 9 82 85 41 33 97 36 9 31 93 3 12 54 76 10 16 98 93 12 22 30 5 27 29 2 84 89 71 36
85 92 63 99 92 63 69 69 17 69 55 7 91 8 58 22 42 30 8 77 67 74 47 23 13 21 59 47 75 84 97 46 40 7 10 37 88 57 93 81 36 43 83 57 39 34 74 34 82 82
82 31 21 22 26 80 66 36 68 62 92 74 57 1 76 19 90 83 74 81 96 72 47 70 29 82 88 32 93 95 99 23 30 86 26 76 25 68 9 55 49 38 68 2 12 60 99 57 38 21
99 88 3 23 49 96 24 96 70 19 10 56 57 59 85 55 20 69 64 9 3 1 10 23 51 72 46 89 89 40 97 51 16 62 15 12 74 69 35 76 70 30 14 98 11 82 63 56 96 43
59 23 60 24 13 94 88 18 22 57 39 20 71 11 79 42 59 62 30 42 17 40 27 95 57 32 58 23 28 35 1 95 97 84 2 13 55 36 41 91 53 51 19 52 8 24 64 70 77 21
73 99 6 49 56 41 40 31 14 32 85 32 72 28 26 9 44 32 61 67 18 78 5 18 68 87 98 66 6 59 30 53 4 1 23 34 1 25 27 85 17 90 95 60 87 44 77 68 3 85
10 69 38 42 24 36 6 89 9 64 72 97 31 65 88 67 15 45 4 80 82 80 57 35 17 12 48 42 10 18 29 3 79 56 19 84 86 1 77 85 34 11 51 60 2 58 2 68 10 33
11 1 35 3 24 20 77 98 86 65 78 68 69 56 19 62 89 40 69 48 13 26 76 20 74 66 53 96 8 58 6 44 89 42 67 72 88 94 55 97 93 49 29 63 46 93 52 56 19 93
62 93 23 85 49 88 56 44 96 5 43 19 77 54 81 49 27 92 1 10 4 46 75 15 19 94 71 99 92 80 92 12 83 97 9 77 5 90 65 33 71 0 48 39 15 13 79 8 68 31
23 55 91 44 35 74 62 35 73 89 94 14 83 22 35 63 4 1 94 7 15 0 7 31 8 12 84 27 22 30 10 29 79 7 66 87 75 63 95 5 63 16 29 66 75 92 79 51 41 8
37 65 81 91 99 57 27 61 8 59 21 47 31 26 30 13 50 24 32 4 77 54 11 12 77 83 94 53 36 19 37 96 33 6 47 3 22 45 22 90 80 52 6 45 78 17 81 3 51 40
28 91 5 70 60 49 54 94 72 34 15 92 15 30 87 88 71 76 59 92 45 59 1 85 8 16 5 29 5 12 10 67 55 95 61 21 58 24 58 72 33 33 57 55 37 83 66 98 79 21
57 75 28 85 33 48 47 36 40 33 97 44 63 13 77 0 80 13 17 77 40 23 4 5 21 67 75 8 75 4 82 63 12 24 58 63 92 42 65 69 68 65 51 49 35 23 64 67 45 76
95 24 5 1 53 79 75 8 97 29 62 24 21 16 77 21 69 22 54 9 75 92 49 87 62 30 57 60 45 12 10 74 8 23 35 48 53 97 28 42 81 62 48 17 33 77 89 25 65 95
89 80 27 53 55 66 55 77 4 11 88 17 37 44 59 58 31 55 62 80 81 12 61 59 83 10 46 50 31 15 64 21 28 56 19 48 32 73 35 20 65 27 8 70 74 55 1 56 94 55
44 23 98 56 84 73 17 38 95 91 13 70 75 72 38 5 12 19 90 23 67 11 34 72 99 15 45 94 19 20 16 35 97 2 13 48 8 57 15 19 67 83 76 64 87 99 42 91 85 92
14 20 77 32 24 13 82 46 68 78 40 94 7 74 21 25 49 70 8 81 77 43 68 30 30 90 94 11 49 26 4 19 8 44 79 25 12 24 95 10 7 89 62 51 39 12 2 89 76 98
26 73 96 1 16 81 7 10 43 75 14 48 28 66 50 49 29 50 4 19 92 43 31 36 19 6 23 32 26 76 82 26 27 93 38 22 59 76 41 27 0 35 26 17 28 11 88 99 1 63
24 13 77 32 20 41 62 51 4 81 13 66 77 1 93 21 42 50 20 18 82 83 50 72 17 49 38 72 50 21 90 25 35 2 56 96 75 48 66 18 83 5 79 81 16 97 40 82 54 35
61 70 23 85 18 70 97 62 30 62 81 81 40 33 79 70 23 96 68 62 65 71 69 14 25 45 51 2 52 86 77 56 82 77 57 51 14 21 13 55 13 69 9 95 95 77 40 25 61 74
12 9 13 12 45 73 49 82 8 40 54 95 52 64 32 14 61 85 4 51 37 10 55 53 33 54 78 19 41 57 73 6 50 20 64 26 74 12 80 26 86 8 93 24 60 56 58 56 5 75
8 65 75 20 37 82 35 81 93 2 56 17 40 90 83 46 83 35 13 70 42 62 86 48 60 51 56 66 69 76 78 16 19 27 1 34 24 80 20 9 52 79 54 29 0 56 7 90 78 92
70 57 40 98 57 38 26 69 15 90 34 68 51 61 51 58 19 43 63 5 78 88 27 71 67 20 53 97 87 70 60 94 66 42 73 47 76 7 9 48 20 27 93 93 58 90 9 62 49 75
13 57 72 14 29 48 75 79 94 33 50 5 28 14 45 69 67 48 48 81 64 34 57 52 6 49 0 14 84 74 34 25 87 0 54 83 9 36 31 43 65 92 6 28 74 68 85 95 42 6
30 47 96 64 52 13 19 72 79 95 80 37 78 3 31 20 1 71 87 45 96 98 37 23 90 16 20 2 54 56 98 57 85 46 0 13 20 46 56 54 58 93 51 4 5 15 24 2 79 40
2 30 8 19 18 24 36 59 74 4 80 53 21 61 55 93 29 61 45 26 41 95 39 46 81 57 45 64 98 31 31 67 90 71 75 23 81 11 67 38 16 41 47 69 28 11 62 14 82 86
87 35 34 67 71 60 74 64 43 71 92 23 92 97 92 75 88 54 19 93 16 44 7 24 22 6 23 83 37 20 18 87 5 57 7 22 83 41 79 50 97 37 23 78 25 25 71 15 66 92
28 87 72 7 21 92 97 52 86 96 67 93 96 22 18 98 30 1 42 36 35 97 15 8 87 57 87 3 73 80 20 82 11 53 50 62 2 28 67 67 85 2 76 8 42 81 77 34 96 93
33 12 39 72 3 86 83 84 14 64 2 59 45 98 7 47 84 32 52 94 26 0 11 6 17 72 39 79 75 79 58 0 68 53 48 74 71 52 61 77 39 80 22 46 37 18 51 16 45 40
38 95 87 24 44 4 8 93 37 75 73 82 1 35 17 80 97 11 75 15 0 1 24 43 83 76 36 40 51 96 89 47 24 66 36 7 33 47 77 71 1 13 55 46 31 44 64 7 45 99
