50 50
39 71 95 99 18 66 13 38 90 76 68 62 42 33 24 92 48 70 81 68 5 51 19 30 53 44 4 71 29 80 70 79 52 65 17 41 13 33 70 75 4 43 54 62 95 87 2 16 12 54
54 49 11 89 52 75 8 67 10 9 61 3 59 2 8 4 92 5 30 66 98 97 20 33 75 13 36 27 26 43 63 65 91 63 10 96 43 23 29 6 93 8 21 34 54 51 9 3 15 73
93 44 23 9 52 57 30 66 97 58 59 59 32 9 72 55 3 35 79 70 40 25 71 51 22 87 38 95 41 25 88 47 80 29 11 62 34 32 86 88 1 14 74 86 32 48 61 97 96 71
29 7 36 80 99 71 74 2 51 13 72 53 68 16 30 73 62 3 27 12 30 89 75 8 59 92 73 86 49 72 19 91 56 79 2 59 37 92 6 13 9 16 89 85 32 56 73 30 33 46
54 37 38 73 87 17 40 17 5 71 46 80 67 35 46 74 67 47 29 93 16 41 37 89 46 56 72 51 90 16 83 79 66 12 78 18 8 87 36 32 81 32 80 75 76 60 73 34 72 17
23 3 47 10 44 60 46 79 10 40 91 75 44 85 19 3 35 81 7 55 39 22 55 38 30 25 9 23 78 95 69 40 1 11 93 91 1 95 43 20 44 91 28 82 19 91 91 70 56 22
56 15 10 88 89 75 79 96 86 96 79 46 44 27 45 14 17 65 68 15 72 92 15 94 21 61 0 48 15 17 29 62 73 88 10 83 4 62 99 58 20 96 6 21 65 92 22 75 9 22
25 43 4 75 0 86 19 42 16 26 36 67 78 56 87 34 57 64 42 77 52 27 91 54 55 9 55 41 98 19 55 72 39 67 24 60 31 98 82 25 7 40 3 63 93 2 20 76 93 77
55 17 24 17 39 93 80 90 87 89 70 46 44 92 58 42 34 23 35 25 84 86 14 3 72 98 72 64 8 58 96 63 29 84 78 27 83 46 93 3 12 95 34 74 92 90 20 0 85 16
7 23 52 97 5 99 47 65 3 28 33 27 2 84 16 89 36 54 69 87 3 28 2 28 67 2 91 98 99 1 26 93 98 36 18 75 19 84 38 33 56 81 92 32 62 88 9 86 86 21
37 94 74 0 23 57 41 5 86 91 65 99 89 50 38 35 2 56 41 8 44 48 13 12 79 57 13 84 29 31 9 42 14 36 7 50 38 64 60 42 77 27 74 35 88 97 75 95 20 93
91 70 68 62 16 40 5 76 87 49 42 64 36 4 38 81 50 62 22 84 20 7 43 18 89 57 51 55 44 93 16 81 51 90 49 85 39 70 32 35 33 64 1 17 30 76 98 35 31 67
17 67 99 86 95 16 12 64 74 75 61 24 20 2 11 10 21 56 88 69 36 50 75 64 12 47 91 46 9 4 16 49 99 72 63 52 50 35 54 75 97 85 43 57 26 4 37 17 3 53
28 70 1 43 83 23 27 92 85 77 0 74 97 87 79 75 12 80 31 94 24 21 12 57 44 98 6 94 69 98 5 13 29 0 25 95 83 61 59 60 2 93 39 31 93 18 27 12 33 87
99 82 42 66 88 7 33 92 35 64 42 9 65 88 44 33 62 26 76 71 25 29 34 91 77 87 91 20 14 43 90 99 94 48 82 50 30 11 79 44 54 42 34 81 9 18 3 68 87 97
97 81 8 86 81 72 13 49 2 30 91 41 38 40 19 25 34 58 51 54 73 65 49 60 34 40 36 34 43 35 82 44 91 32 57 79 86 1 95 3 43 77 85 4 57 50 38 66 96 13
85 98 68 47 57 59 40 60 30 88 54 19 47 30 13 85 93 8 83 93 36 23 48 50 17 96 14 23 3 15 88 96 6 78 53 55 2 5 79 39 92 99 52 14 47 27 58 53 61 25
84 20 58 7 99 78 59 13 53 75 0 95 93 90 92 23 38 54 49 45 55 95 2 34 83 4 64 19 11 54 89 72 81 50 65 42 90 51 98 68 2 34 34 33 20 48 95 2 79 52
87 75 20 95 5 7 45 66 94 30 29 99 81 36 77 2 33 86 5 52 38 7 13 55 20 93 95 86 52 91 18 74 37 43 69 4 20 8 34 95 57 84 37 91 37 34 45 31 35 79
28 20 23 51 23 62 16 50 78 5 10 75 50 60 83 68 60 60 77 52 23 58 36 81 62 62 90 20 2 40 80 83 80 40 82 56 41 11 70 81 98 31 80 60 18 84 29 93 64 72
74 57 60 75 39 1 79 26 76 17 21 12 89 39 74 55 4 3 59 86 99 79 23 86 19 25 32 3 81 54 32 49 66 48 93 21 90 37 95 63 22 75 58 72 81 55 99 1 38 13
91 10 87 98 47 83 31 89 8 29 57 83 96 48 74 80 15 52 40 49 45 21 66 58 8 68 3 16 33 74 9 89 31 85 13 23 6 41 98 10 42 26 16 27 84 48 16 89 43 60
7 40 26 53 98 46 89 83 66 20 69 13 72 74 44 64 98 55 18 33 31 0 96 30 14 2 73 53 76 74 18 54 38 67 42 68 22 71 39 70 19 42 82 15 82 44 75 35 87 36
46 53 55 75 22 98 91 61 54 13 81 94 25 56 99 64 90 18 55 74 58 9 42 14 6 75 93 23 87 40 45 84 93 9 5 23 2 80 74 96 33 80 16 96 44 37 87 5 55 97
37 90 55 93 67 43 47 42 79 19 23 15 85 69 9 43 61 1 18 16 10 61 49 76 57 66 27 65 67 74 41 81 75 52 30 37 22 43 14 13 84 92 91 55 19 96 39 75 2 53
43 56 24 19 21 99 32 7 93 86 41 78 22 77 12 29 84 15 99 94 80 43 92 39 80 7 32 28 84 70 79 59 60 9 1 17 20 46 8 41 56 27 30 73 22 8 13 77 45 15
52 35 65 82 27 10 89 85 85 28 89 37 27 2 6 14 92 85 67 60 97 34 72 21 90 20 16 19 86 31 23 26 13 67 41 38 76 50 0 6 40 24 64 39 88 66 38 37 47 57
48 12 95 46 14 65 52 62 54 7 22 4 96 47 40 96 73 66 34 58 53 65 10 4 16 46 67 54 27 95 74 23 66 95 43 14 72 95 81 34 19 80 61 25 10 22 83 88 71 80
81 80 68 15 38 29 22 98 13 35 79 0 15 0 12 50 6 47 77 91 69 89 3 33 85 96 13 0 83 60 77 88 74 21 74 94 93 81 13 2 20 15 72 33 62 30 56 21 91 56
48 2 48 51 6 63 33 75 9 18 86 87 74 59 77 86 76 54 0 26 92 47 56 30 30 38 81 8 75 21 79 5 71 4 23 0 67 92 43 82 37 10 95 43 16 6 1 42 38 37
90 8 71 54 21 69 11 48 75 25 94 44 82 87 94 76 42 75 16 27 17 35 80 44 33 57 92 3 84 10 99 59 73 65 41 38 20 18 30 31 61 43 60 78 35 28 54 2 81 0
49 43 18 7 96 79 39 0 6 20 83 75 7 29 44 74 57 6 74 30 98 60 83 98 35 63 0 10 25 99 58 43 34 83 79 5 67 51 91 99 87 85 99 30 79 88 4 14 55 76
40 22 94 10 38 16 24 64 4 26 91 74 72 96 37 0 49 85 87 82 49 70 22 74 27 38 93 77 14 63 93 19 76 94 52 84 37 68 12 71 2 55 50 99 64 76 71 1 59 79
65 15 20 81 16 22 25 18 96 24 70 12 12 29 10 75 86 53 88 41 43 24 55 62 33 14 9 58 81 39 13 55 54 71 62 37 74 61 13 64 42 63 3 9 31 15 49 93 28 36
99 35 11 61 47 30 56 57 26 30 38 11 4 0 8 37 93 90 11 82 97 85 52 76 6 26 60 24 9 73 0 90 14 89 84 98 19 6 95 16 19 70 74 96 58 28 64 74 45 78
84 23 16 61 5 51 84 48 37 79 65 51 3 38 67 29 51 25 26 80 82 7 39 53 27 8 95 15 43 50 28 84 54 82 14 41 46 84 30 97 98 53 33 27 39 10 67 41 88 32
25 87 34 81 73 80 25 77 28 49 85 2 25 21 66 55 38 54 23 84 28 69 63 61 74 31 50 18 3 70 62 60 84 34 99 44 55 34 86 55 73 25 4 18 15 46 60 97 62 47
52 21 76 2 53 78 22 19 89 56 79 42 45 76 20 49 29 20 11 58 44 51 93 43 67 50 14 92 4 11 35 50 0 90 37 69 29 84 37 94 15 16 67 15 65 72 55 62 85 21
12 60 3 84 68 43 0 44 46 35 51 60 49 65 99 98 17 98 56 31 86 51 3 39 90 51 73 90 4 1 56 56 72 44 13 64 78 68 18 2 38 74 27 4 43 81 83 86 66 8
98 40 47 49 98 84 35 14 44 76 86 26 9 55 57 65 76 2 28 41 83 68 40 44 36 64 24 14 49 65 99 83 24 18 36 2 73 30 76 97 96 47 55 72 67 27 24 7 69 35
86 76 81 33 68 55 94 8 12 66 42 83 54 58 58 0 62 5 30 92 37 65 33 1 65 34 4 32 82 88 99 91 49 8 32 73 75 48 89 67 15 22 72 15 63 43 35 22 9 77
12 71 74 33 21 35 54 63 71 91 85 92 80 62 34 55 15 10 44 85 64 67 27 56 45 81 54 60 97 13 33 29 51 28 79 62 84 95 52 94 46 7 44 22 35 15 97 99 29 90
12 58 27 96 49 79 28 86 77 11 5 10 99 64 32 75 16 84 21 58 20 0 8 26 62 79 24 22 73 92 71 99 7 28 80 91 40 94 37 82 56 73 82 9 29 94 88 5 75 52
55 24 6 65 36 9 0 69 96 19 43 92 40 95 25 79 86 48 86 92 44 66 64 13 73 28 84 87 19 30 54 8 6 46 33 89 31 37 68 30 66 81 23 19 70 66 22 14 45 64
0 63 19 88 22 32 40 5 68 36 34 61 70 87 82 77 10 13 71 42 32 92 20 35 86 39 87 18 32 56 5 94 43 35 90 97 27 29 71 13 55 55 17 1 87 40 7 50 64 69
80 56 58 49 39 89 97 71 85 81 12 93 98 45 74 41 27 4 5 97 28 6 45 2 25 65 74 79 59 71 4 60 30 92 72 70 52 86 85 21 34 45 16 33 96 82 23 5 59 74
82 38 6 88 41 20 0 33 90 54 49 51 3 61 64 46 53 27 17 88 30 37 13 19 84 90 97 72 85 56 6 41 88 8 23 8 56 10 18 16 87 49 14 52 10 42 46 26 39 50
19 83 84 97 59 18 62 0 30 41 46 72 46 50 82 80 38 74 41 26 53 56 45 9 36 61 85 26 36 4 71 4 99 13 8 12 56 67 52 54 93 65 31 36 95 22 3 39 88 2
35 96 71 49 27 84 91 96 60 58 88 97 56 99 8 36 41 62 34 42 77 55 9 82 74 35 24 44 47 0 57 84 49 67 49 88 63 6 21 25 22 15 74 67 53 15 83 99 94 52
2 23 76 13 10 29 19 65 96 84 64 48 61 78 70 73 18 39 58 87 26 19 26 26 35 49 88 60 48 52 59 97 4 85 24 48 48 3 40 75 24 34 90 8 64 32 86 34 30 36
