50 50
32 26 76 49 66 34 47 46 52 73 55 33 73 68 28 72 98 78 92 22 37 40 97 78 97 93 46 54 5 92 45 41 56 37 82 75 27 21 14 65 35 47 96 64 59 45 7 1 28 54
52 0 0 53 90 69 82 40 8 63 2 91 7 74 53 62 80 40 48 9 57 13 61 73 90 71 15 74 77 18 4 44 73 72 32 13 51 80 46 91 52 7 22 53 37 40 72 61 7 1
98 65 64 52 99 10 95 15 16 33 62 59 66 0 88 27 38 97 25 20 51 83 55 83 48 50 3 85 86 63 87 23 16 89 86 26 74 41 47 91 19 41 30 36 15 85 3 79 41 18
28 82 7 87 58 67 34 75 31 66 78 98 2 65 7 73 68 20 60 53 42 67 56 70 28 52 19 13 81 58 80 94 95 16 81 9 64 59 23 67 54 72 53 54 2 84 54 86 2 48
0 49 45 43 65 89 43 46 32 13 63 29 45 47 46 27 28 12 59 60 81 62 85 80 81 53 29 65 65 80 8 62 49 88 25 45 27 22 91 56 53 28 4 38 27 17 78 96 48 63
59 70 54 73 20 36 56 59 68 80 35 23 41 82 47 43 13 32 51 43 25 9 96 24 41 78 99 14 87 25 68 12 79 19 56 87 56 53 89 5 27 68 39 58 21 61 10 85 83 36
60 85 78 39 93 41 78 85 17 86 4 11 50 83 32 8 79 94 49 45 14 49 39 41 50 85 87 66 53 0 64 26 23 84 18 24 20 51 8 57 55 10 73 45 20 4 47 91 28 38
78 74 36 57 88 18 78 68 81 90 31 20 75 92 96 38 39 57 47 61 46 94 52 22 35 31 31 51 20 74 81 98 54 33 84 0 63 76 37 72 50 84 13 84 79 59 99 1 72 33
15 18 98 73 95 53 50 31 41 26 78 39 75 80 39 48 10 92 36 36 39 13 78 18 72 28 70 27 13 94 22 64 34 64 51 37 23 4 40 43 18 49 83 91 13 55 94 4 94 40
60 70 6 51 42 64 7 93 79 30 1 47 29 23 15 93 85 16 54 42 58 93 79 91 48 41 6 1 59 4 85 26 3 27 18 90 93 9 89 61 13 27 57 58 54 9 14 49 16 70
43 17 78 59 41 12 84 99 25 86 48 38 66 10 97 95 71 13 59 83 27 18 8 12 80 89 94 33 11 41 60 59 55 11 16 18 4 42 73 1 94 68 73 95 42 60 12 78 76 43
78 28 67 36 14 51 68 74 16 42 13 85 22 34 75 7 71 17 63 77 63 61 95 18 95 87 51 8 67 6 73 21 54 71 8 90 6 49 46 64 20 52 76 75 12 60 31 83 96 71
34 3 89 45 5 79 0 2 4 31 50 63 71 18 35 43 47 89 18 32 9 84 24 19 58 70 84 57 53 35 86 84 14 42 20 69 55 37 94 86 50 51 72 48 15 66 21 10 52 39
96 63 98 29 79 26 92 15 3 69 53 21 3 96 62 32 28 27 19 21 30 39 62 70 47 50 80 16 93 31 52 31 87 81 94 75 4 0 94 81 31 60 21 30 11 58 9 17 89 41
19 37 58 52 49 22 92 60 84 21 69 44 61 46 50 58 46 18 47 56 81 35 48 29 64 80 52 24 87 77 98 34 66 14 97 52 99 52 56 98 32 44 85 76 18 98 80 93 14 38
74 58 25 28 85 58 51 39 34 76 86 74 19 31 15 82 36 87 39 25 71 74 81 92 0 76 61 91 77 19 45 91 78 10 30 17 94 78 1 66 49 70 39 25 58 85 51 74 58 25
25 50 32 65 33 71 28 76 19 6 24 46 69 18 19 76 31 6 37 64 79 86 20 9 26 3 53 26 5 50 89 84 53 39 94 23 51 71 90 74 32 12 98 19 22 90 83 17 22 10
97 55 28 83 65 40 10 59 0 37 82 56 73 83 0 86 5 7 98 76 0 44 97 3 0 8 94 68 71 57 3 51 24 93 26 21 91 74 88 68 0 53 24 92 70 25 87 70 59 40
9 92 65 73 36 57 21 19 2 92 8 75 62 73 97 0 60 88 15 34 81 7 25 88 96 18 82 95 66 88 66 86 76 9 19 14 91 23 18 36 87 99 84 21 68 89 13 63 33 71
2 30 32 52 20 82 98 81 0 91 33 5 63 62 69 82 79 79 44 34 26 75 37 60 13 54 6 39 3 59 93 46 39 49 49 99 20 78 93 65 80 76 70 40 37 67 77 38 21 41
63 39 92 82 36 41 18 10 19 93 72 98 85 0 22 85 50 18 99 24 78 69 45 59 4 65 77 37 73 12 93 73 68 68 34 38 36 98 48 95 90 60 64 88 32 79 78 80 57 20
40 95 58 8 2 92 97 37 53 28 5 2 38 5 28 15 24 97 52 86 11 95 41 35 53 34 38 56 8 99 92 59 29 44 66 39 0 7 62 56 21 22 15 54 54 11 82 52 95 55
89 3 35 21 58 64 53 54 19 26 53 25 20 58 81 77 92 13 95 61 96 38 43 58 80 69 74 15 81 61 78 31 89 50 59 73 41 37 67 21 53 27 88 84 97 51 82 54 46 54
59 20 50 25 48 88 76 34 70 30 58 0 58 81 1 21 42 32 86 6 42 37 63 87 40 89 57 64 63 14 41 57 98 58 9 15 2 61 73 85 87 12 25 84 60 37 81 20 99 74
76 26 65 23 18 93 34 13 18 7 93 22 6 17 2 89 15 13 17 25 47 83 93 50 89 0 54 71 14 95 64 12 16 23 78 39 64 85 54 85 14 1 4 51 20 80 21 17 97 13
73 62 26 27 64 70 0 42 93 77 63 9 78 62 79 88 15 27 77 80 44 15 52 26 34 74 73 19 65 16 40 5 74 41 56 88 90 77 18 71 71 90 40 23 99 33 82 88 67 81
44 14 21 38 95 97 1 95 48 38 23 34 71 99 24 5 89 60 2 4 10 0 2 20 5 13 40 41 90 18 77 40 63 13 20 86 67 55 97 95 36 96 21 18 71 87 30 70 2 52
30 7 68 8 34 16 86 8 28 55 37 60 48 7 76 91 60 88 90 0 8 12 69 58 89 71 17 16 28 63 40 86 83 67 53 77 83 52 33 56 97 57 82 78 88 95 20 67 42 88
34 33 66 36 79 76 63 28 44 97 38 72 79 40 55 28 68 45 85 40 84 12 92 34 81 38 72 92 9 14 61 95 4 32 13 37 85 86 9 60 29 34 38 34 19 98 54 57 47 4
89 70 66 51 12 96 90 45 33 57 36 25 52 52 47 50 1 14 3 39 74 0 13 78 70 35 2 38 60 25 81 0 57 71 17 11 69 17 91 16 78 39 0 12 60 38 82 38 13 70
81 48 56 2 31 8 67 48 53 36 3 19 59 77 3 96 35 50 76 97 40 68 27 21 66 25 28 83 60 95 11 14 60 68 10 12 81 33 1 83 43 1 73 79 36 33 52 39 50 44
56 56 48 35 77 86 37 97 21 22 41 41 1 85 56 96 64 76 9 26 66 72 85 34 42 50 32 8 20 70 20 95 84 47 75 16 93 16 65 18 64 61 9 16 37 99 76 98 77 67
25 75 78 74 48 10 31 75 50 95 26 98 56 71 43 1 64 36 24 7 73 22 12 80 95 0 36 29 48 63 6 37 40 65 2 8 2 82 81 99 18 77 22 59 69 74 15 87 85 39
40 12 14 18 45 47 43 66 27 4 85 76 10 98 27 82 5 6 78 22 61 4 62 86 57 28 44 24 93 9 14 11 99 15 49 28 83 74 85 53 22 29 65 20 72 22 15 44 35 99
64 70 4 71 98 90 57 59 34 75 12 15 34 15 38 20 49 59 31 83 53 62 13 44 50 7 50 71 98 52 20 19 24 26 54 63 56 5 33 43 88 56 20 45 59 62 85 70 27 0
46 3 6 81 91 92 12 25 49 51 74 76 99 34 31 48 54 32 18 28 18 98 95 34 56 90 89 4 1 94 87 42 30 96 95 34 93 20 99 15 22 89 9 53 72 99 45 95 46 60
94 3 23 85 58 2 67 87 79 48 44 74 12 22 49 0 36 53 76 7 18 76 95 35 28 22 78 45 92 75 5 11 12 2 21 39 90 95 45 34 46 3 62 38 57 95 77 3 25 80
8 14 46 87 14 92 21 76 98 80 92 38 95 20 40 38 57 36 40 27 85 27 95 42 1 80 86 28 61 39 64 84 93 54 66 66 21 71 91 43 82 19 92 74 45 1 31 3 81 81
39 58 75 33 63 97 52 5 24 20 16 12 22 18 16 0 24 36 55 64 9 91 3 47 37 55 60 83 90 27 6 17 73 80 8 74 4 80 13 95 34 53 42 39 17 85 15 2 19 36
70 53 7 55 30 93 60 85 48 66 73 62 94 66 79 33 17 47 83 16 78 4 23 52 70 27 20 41 75 42 10 44 92 34 91 98 38 42 99 88 78 11 2 97 60 91 72 46 36 60
4 19 56 79 70 91 28 64 89 17 54 11 51 28 88 71 78 82 26 62 39 16 59 43 11 94 11 82 87 96 92 4 63 82 3 0 82 6 30 48 30 68 21 2 55 24 69 77 60 81
78 64 77 78 44 90 18 44 2 68 57 3 9 39 20 89 96 52 69 44 4 27 71 46 37 42 73 37 12 14 92 5 35 79 14 0 66 41 18 59 20 60 9 39 53 11 4 67 19 18
53 34 24 78 77 0 43 37 11 68 8 23 7 60 0 71 72 11 86 31 1 79 92 6 83 71 87 93 36 43 74 97 92 79 86 96 75 96 85 52 61 66 39 76 51 22 64 61 37 46
82 51 99 11 20 85 88 24 62 52 80 44 30 48 39 79 98 23 20 69 62 7 61 2 79 54 50 46 60 89 21 80 47 78 55 87 40 15 67 68 28 37 21 12 79 60 15 76 98 91
66 96 91 3 85 75 12 54 99 95 38 90 58 90 24 43 17 53 4 95 96 35 68 95 63 43 30 44 21 25 97 97 84 94 11 75 46 36 88 12 68 92 72 8 20 32 60 6 58 76
88 62 12 59 64 15 57 60 25 55 59 87 48 95 87 43 97 63 37 41 92 58 51 6 81 18 54 52 86 73 20 87 31 83 55 36 83 90 52 99 77 32 90 52 38 24 89 35 12 14
90 24 48 97 20 48 87 91 55 21 26 27 87 33 87 69 44 16 85 11 68 34 36 70 13 83 8 51 89 48 74 8 59 5 39 9 21 10 91 68 53 89 23 86 73 71 11 5 72 17
64 78 2 10 77 10 70 88 93 43 76 43 54 6 34 10 60 76 81 12 72 72 31 67 97 92 49 74 71 22 33 64 9 47 48 19 18 64 70 12 93 67 60 90 97 26 72 28 90 42
50 88 19 37 66 42 25 15 83 70 78 78 63 53 90 91 52 86 56 52 50 63 64 8 34 15 70 46 61 84 91 82 64 87 82 65 97 2 46 94 9 2 44 72 21 39 67 90 87 91
38 76 48 51 38 20 51 73 29 23 2 43 36 13 32 1 49 4 14 98 95 90 26 11 69 85 81 53 35 53 53 7 43 11 11 64 63 94 34 47 19 49 23 36 53 17 53 27 47 60
