50 50
41 31 44 11 50 97 20 73 78 49 4 93 49 90 3 79 83 71 86 48 68 58 1 54 86 21 50 55 17 14 83 8 9 52 19 40 51 45 3 96 21 37 72 96 11 32 97 39 74 32
70 92 47 56 63 40 27 98 32 57 99 82 72 15 22 91 19 55 57 65 74 56 59 59 6 9 31 6 81 95 96 9 38 25 87 54 59 43 71 35 13 20 39 33 57 19 20 13 27 78
7 46 46 83 25 12 74 69 68 75 54 60 41 67 99 99 73 83 16 97 66 23 33 96 96 96 86 2 58 43 64 43 49 3 58 57 20 31 21 3 74 14 13 95 96 29 73 4 88 64
87 99 59 73 81 82 59 57 10 42 77 23 45 4 21 65 81 94 87 11 29 0 71 59 73 60 28 55 66 92 98 14 74 16 91 46 80 5 35 18 17 72 95 3 65 72 42 92 62 68
15 44 9 99 55 78 9 81 90 37 62 28 57 69 79 11 5 11 82 24 67 84 87 63 34 49 3 84 39 10 78 46 64 91 14 15 26 61 23 51 53 22 48 63 50 36 80 97 89 18
3 69 76 64 69 35 56 78 62 82 93 77 30 55 15 72 83 78 44 48 40 51 65 64 56 37 49 74 26 16 37 9 68 87 27 11 91 90 37 23 24 32 13 75 49 77 46 83 1 3
2 66 24 95 30 96 38 0 97 89 65 40 36 45 95 33 21 74 89 74 63 15 34 60 31 20 36 60 33 39 91 83 37 8 20 5 18 26 59 68 22 66 93 3 83 63 94 71 11 84
61 59 45 97 9 12 27 2 24 58 76 41 31 11 54 21 25 6 96 64 21 91 70 19 26 48 21 52 92 7 43 63 49 52 70 57 71 44 78 52 63 1 52 69 89 20 80 32 79 48
85 68 8 60 65 66 0 14 1 60 93 43 23 52 47 34 63 93 7 36 28 27 34 84 87 97 94 53 49 90 84 54 41 20 56 26 96 33 99 31 75 25 46 63 9 75 24 13 89 94
53 26 87 28 81 82 58 40 22 59 98 37 45 92 65 22 50 55 24 79 97 52 4 29 57 36 26 18 90 13 67 57 0 75 53 37 82 89 22 16 11 10 2 5 42 69 32 23 48 1
21 51 42 7 0 75 8 45 12 38 68 84 19 18 32 54 61 81 25 88 62 41 2 44 24 35 19 58 51 62 23 5 29 54 45 79 89 95 15 52 77 96 3 33 36 16 79 57 56 21
28 40 67 46 5 35 97 22 6 41 45 47 35 23 44 60 12 7 97 81 4 68 1 14 93 84 74 76 6 38 87 70 71 97 30 20 86 88 26 87 57 83 59 52 30 71 28 29 90 19
67 34 10 69 47 60 44 66 75 24 20 72 37 26 62 46 77 74 85 56 18 70 24 27 92 37 58 8 41 64 43 79 93 51 12 21 4 54 49 19 10 20 0 48 62 41 20 74 14 38
54 83 36 55 45 19 53 3 21 29 7 89 47 68 89 23 77 41 54 1 96 29 48 21 63 74 71 7 87 58 7 75 22 76 77 8 65 51 47 58 42 92 93 43 21 87 70 70 44 73
61 50 98 90 53 66 42 22 20 72 68 80 77 25 86 97 78 56 77 38 77 24 67 70 25 18 72 87 75 94 22 0 90 77 48 85 2 85 95 84 36 80 92 72 34 71 26 82 42 76
94 10 80 52 77 24 18 1 68 19 94 57 20 73 47 90 98 98 30 41 41 66 63 32 93 76 22 32 43 84 95 17 37 37 80 78 43 6 39 54 44 14 43 89 99 65 48 67 68 45
99 83 19 96 39 79 32 36 94 79 26 42 64 47 55 74 76 89 91 80 93 18 16 87 41 14 48 56 6 9 75 40 93 40 68 62 87 32 25 19 19 81 42 78 79 23 71 36 44 30
1 74 32 38 42 62 35 10 89 37 52 26 87 72 40 26 40 76 46 6 9 48 1 66 48 12 6 85 45 92 72 21 31 56 89 11 86 31 27 84 3 44 74 43 5 20 52 78 30 62
10 78 29 73 36 22 36 7 98 77 70 87 15 6 55 34 42 70 25 25 47 77 80 9 84 35 71 84 99 20 39 68 10 83 47 62 82 4 92 39 74 93 92 92 80 33 42 80 95 79
67 23 35 98 2 48 10 83 92 47 99 43 53 2 2 23 82 10 65 85 91 88 24 46 48 73 29 43 49 79 90 62 5 78 56 74 40 64 12 57 3 57 43 22 54 97 99 8 69 90
1 19 9 60 39 67 38 88 16 1 44 8 44 58 91 69 43 34 86 76 24 25 43 39 36 49 55 96 11 22 50 9 50 33 65 31 62 20 17 12 41 41 47 32 7 92 32 83 50 10
1 82 20 87 62 28 67 93 55 68 23 9 80 7 89 47 84 12 70 52 12 80 31 40 8 31 48 79 17 12 53 69 96 32 4 29 50 29 6 90 28 44 92 87 69 65 16 14 87 47
77 61 66 63 51 18 99 52 65 53 65 90 53 66 33 41 32 10 97 0 21 48 25 78 66 91 40 52 73 88 9 29 61 92 9 59 33 60 38 79 20 14 3 36 20 27 51 19 45 67
67 64 22 91 14 36 35 34 19 87 97 16 33 46 22 58 43 23 35 65 31 38 1 10 58 42 55 50 22 22 44 48 9 41 34 12 34 8 6 97 45 32 0 56 62 48 58 86 70 7
23 18 47 20 5 34 88 69 77 38 26 43 76 75 85 11 88 64 84 49 95 42 6 5 64 19 4 43 69 83 27 37 74 93 13 30 49 54 29 78 40 52 53 9 52 19 26 93 46 71
24 36 54 55 4 24 71 36 88 12 88 37 59 6 15 72 35 66 7 61 69 85 67 91 32 19 89 13 15 59 38 60 16 59 17 4 37 71 53 48 6 59 34 36 10 98 75 94 44 14
66 51 47 34 16 96 83 96 77 84 86 69 36 27 78 34 73 34 17 82 65 31 75 73 88 10 42 35 70 32 68 76 16 20 78 8 67 81 92 69 68 10 62 24 52 20 73 37 64 78
2 64 92 28 28 26 3 7 76 48 9 88 27 22 59 97 4 48 38 90 19 84 96 6 8 59 49 52 9 71 10 98 57 35 68 23 31 93 30 82 63 76 24 17 55 60 41 93 63 16
19 71 20 30 15 26 8 47 94 33 81 53 50 45 46 90 31 32 20 91 69 23 76 85 32 78 47 41 17 74 96 63 41 85 2 94 69 0 76 35 23 36 26 23 24 55 39 93 0 20
66 51 52 94 26 17 12 4 27 80 33 71 63 42 59 36 0 51 81 94 83 3 37 82 8 84 63 58 53 88 72 42 68 14 48 6 7 63 16 4 50 9 36 99 99 29 68 23 78 61
68 87 15 50 20 48 24 67 16 17 9 48 48 13 65 44 88 10 67 56 98 84 15 51 13 11 87 80 41 24 60 4 89 85 50 1 88 5 41 12 95 95 23 33 89 96 77 78 19 21
93 98 76 96 21 23 48 77 52 8 94 94 80 39 4 47 69 45 52 80 53 89 51 44 15 82 87 25 70 90 89 61 38 2 6 12 29 53 6 84 93 85 70 4 58 81 69 51 80 89
19 42 64 29 69 16 48 35 67 42 46 87 43 33 58 68 99 25 64 40 47 59 28 74 57 86 5 9 54 70 79 49 9 10 0 89 93 5 87 65 14 68 58 30 59 9 84 79 44 66
33 23 61 30 67 79 25 21 51 99 82 85 29 55 98 92 38 40 71 12 89 49 23 94 48 72 97 58 10 20 73 60 75 83 24 91 16 21 88 39 94 77 94 14 63 86 89 46 68 79
29 29 15 58 73 96 15 34 79 89 17 30 35 93 28 67 86 13 97 50 93 50 81 4 47 71 19 30 9 63 77 67 72 60 61 73 34 82 4 93 96 19 12 69 12 17 26 40 85 66
1 62 34 99 8 79 22 52 91 71 25 84 53 90 0 55 28 22 84 55 20 3 35 71 0 19 43 67 24 57 73 73 57 60 92 46 48 73 72 39 14 95 90 29 26 50 61 77 2 52
69 7 69 40 30 94 69 3 87 15 39 68 87 82 38 31 92 71 5 84 86 32 66 23 12 63 20 73 24 90 72 15 72 37 20 70 47 8 20 35 2 40 25 38 26 76 80 47 1 2
89 18 82 14 99 78 51 78 42 51 73 72 59 84 16 93 0 41 84 75 98 88 53 28 66 0 65 91 34 93 32 71 22 97 19 24 99 60 37 11 85 3 32 57 86 96 92 37 6 6
99 92 70 94 45 96 2 30 90 73 38 24 89 96 60 88 44 74 58 63 12 71 68 61 13 97 59 17 7 41 44 62 69 16 11 66 78 39 67 44 56 53 22 39 27 82 50 62 57 76
90 6 5 6 91 84 88 52 83 32 61 1 96 22 63 5 25 44 32 4 72 29 77 49 23 87 43 52 7 73 99 2 52 91 24 89 17 96 87 4 95 60 49 81 9 9 51 90 90 65
70 90 88 87 31 91 43 95 85 2 13 66 75 66 7 91 72 25 85 48 23 96 27 97 86 81 10 72 30 72 22 65 75 69 78 14 98 75 18 17 94 83 51 7 88 36 97 59 99 92
41 5 33 97 96 80 54 27 46 34 79 40 69 96 5 39 37 99 21 41 21 21 69 2 48 41 13 59 59 60 65 97 99 60 60 89 11 78 86 91 49 56 38 18 33 77 72 91 67 48
89 68 84 82 49 55 62 72 81 26 43 32 40 67 20 72 43 83 13 7 61 29 25 37 12 33 8 60 55 13 67 36 49 8 45 18 32 77 78 68 2 53 79 69 18 57 27 25 44 59
34 74 31 54 71 25 0 15 50 36 29 10 64 80 39 34 30 39 13 30 39 97 3 86 50 36 68 86 31 19 94 28 89 39 71 25 13 68 48 12 73 49 20 57 50 42 51 17 43 27
44 0 97 79 95 37 1 95 96 99 0 83 68 22 82 5 58 63 73 79 30 40 61 46 92 67 58 51 16 30 98 40 25 29 89 69 64 44 69 70 48 54 32 10 79 9 45 41 69 95
57 31 51 51 15 50 50 92 55 54 12 70 62 37 16 72 42 62 92 47 37 31 23 30 71 20 4 29 2 12 8 25 68 76 75 28 23 54 74 50 70 93 0 13 35 35 79 76 0 27
90 1 17 3 22 67 36 51 30 64 53 53 57 17 52 89 80 6 48 47 76 66 30 3 87 91 45 83 34 81 75 61 72 10 55 99 13 22 85 67 27 21 85 57 51 22 59 34 39 20
49 58 83 53 41 38 8 93 76 71 56 56 26 72 44 79 60 81 30 60 92 98 48 51 14 90 80 14 32 63 19 71 24 28 41 5 76 20 37 90 13 52 82 50 59 83 19 5 60 44
93 64 63 4 49 85 41 32 14 61 23 30 14 23 78 9 50 25 3 15 22 88 20 1 52 70 60 67 60 77 84 26 47 67 64 57 35 99 41 45 54 13 36 38 0 26 15 83 22 71
26 34 48 5 37 87 73 91 39 99 48 14 67 42 38 19 80 61 40 3 76 60 8 25 87 7 9 59 58 12 58 28 61 57 18 74 7 83 6 82 16 40 70 22 80 44 4 67 3 86
