50 50
26 47 64 15 71 70 28 15 74 59 5 44 58 72 19 55 17 98 15 21 47 19 37 60 37 63 94 64 97 48 26 80 76 21 83 56 31 32 30 50 67 84 39 80 96 51 93 5 91 62
21 81 12 1 10 86 48 90 78 48 76 79 5 70 70 85 82 89 94 97 12 94 24 82 41 45 73 95 92 42 73 48 2 47 71 48 8 4 92 72 95 42 17 12 42 42 68 93 16 11
25 35 38 15 25 96 31 73 70 24 76 55 47 99 42 55 12 68 43 83 2 13 64 41 68 30 38 14 74 38 95 68 80 79 26 95 76 36 74 10 25 11 44 70 88 93 71 64 65 90
2 64 38 54 48 48 37 1 50 29 38 93 68 58 20 0 93 6 24 77 78 54 46 6 80 82 77 95 65 63 25 51 1 47 14 83 56 29 12 19 62 95 81 84 42 45 33 5 25 4
83 82 17 37 41 87 34 2 37 34 70 1 89 5 65 0 36 77 86 5 15 68 62 48 46 74 21 2 91 50 63 52 94 52 74 22 85 40 15 41 0 15 62 46 24 49 34 93 73 54
75 65 67 8 62 49 75 88 69 84 29 91 29 67 6 98 14 30 98 56 21 11 93 41 19 62 57 90 96 59 58 66 90 98 93 95 31 92 8 49 3 19 48 54 66 94 86 39 80 89
63 62 81 52 51 75 23 18 96 21 39 76 96 8 31 64 39 15 56 53 10 51 4 27 45 26 2 98 44 29 14 9 52 70 38 88 58 13 91 22 66 32 34 80 22 53 68 73 22 49
32 47 22 46 63 63 66 83 51 91 0 1 3 81 97 55 42 2 5 93 26 72 78 41 39 94 57 14 98 4 5 65 71 27 37 65 38 89 84 28 25 76 57 44 51 5 64 54 76 42
86 24 94 39 20 55 31 95 15 30 30 41 91 29 40 93 99 60 52 64 9 65 78 21 15 1 74 39 74 98 7 47 5 41 24 76 77 50 61 91 14 76 92 32 49 48 24 36 34 67
1 68 7 94 77 54 98 90 21 71 31 59 56 3 16 84 42 48 65 82 33 35 25 3 68 84 57 27 8 6 92 5 0 38 63 33 93 86 16 54 22 25 82 27 5 19 91 2 16 86
4 14 13 58 39 91 52 67 81 68 96 96 32 89 43 45 56 60 17 58 41 37 60 80 10 13 13 29 99 85 39 72 9 81 56 29 65 44 36 57 69 75 43 65 19 72 95 84 63 85
7 13 21 79 61 25 33 78 68 24 29 19 29 41 1 70 63 40 46 96 14 99 74 0 16 73 47 14 9 90 88 46 54 93 7 41 24 30 50 78 67 2 22 61 55 19 56 25 63 12
5 47 23 90 1 1 85 52 95 75 61 88 18 30 75 60 13 54 58 50 94 49 5 49 38 50 93 71 66 84 17 35 16 26 93 97 83 37 33 91 1 29 19 59 99 15 32 45 95 92
64 46 21 0 9 38 42 34 2 89 32 36 48 23 97 77 37 90 76 79 89 56 62 9 32 32 42 46 74 16 62 69 19 41 16 48 81 62 19 23 24 97 84 3 97 1 30 67 58 10
82 49 97 29 59 75 45 5 52 24 6 82 5 66 7 86 35 64 74 86 11 72 16 77 15 48 7 13 5 26 81 49 98 87 97 76 11 3 39 88 82 31 80 6 58 77 61 71 60 50
95 20 82 84 98 35 55 7 21 57 93 6 12 70 86 35 40 32 48 5 92 74 9 74 17 60 75 82 34 41 84 44 21 32 5 41 33 73 58 51 20 45 34 66 27 41 75 57 21 24
15 70 78 29 45 57 47 93 39 50 97 51 26 44 59 67 75 56 30 2 21 64 76 86 64 86 71 96 81 73 47 6 94 33 71 14 56 71 77 27 98 54 56 39 60 61 11 5 50 57
68 69 24 52 30 97 55 1 0 28 54 28 18 29 58 64 96 28 26 23 85 82 17 29 5 28 81 94 77 39 11 88 52 15 96 80 2 37 85 61 38 97 52 76 41 28 44 89 82 75
30 72 39 21 61 41 92 49 87 33 82 76 54 41 90 57 9 24 18 67 34 20 55 67 41 0 69 40 57 30 64 61 40 7 38 23 5 82 17 93 89 85 20 67 99 10 93 95 91 58
68 32 5 45 85 73 13 45 59 44 94 72 89 11 51 39 82 79 64 3 51 83 49 26 34 62 31 70 5 40 72 59 83 75 65 52 52 4 38 88 59 27 96 58 60 12 42 21 63 15
50 51 87 80 36 80 8 82 67 85 55 74 45 43 47 67 16 68 32 21 32 21 25 75 23 3 0 86 47 96 84 37 55 54 6 0 16 15 0 31 34 32 32 28 63 21 20 67 90 16
37 87 62 72 53 86 54 38 42 76 64 64 5 6 56 10 77 72 60 74 84 16 95 63 92 92 52 83 99 12 71 28 21 37 61 38 39 18 15 78 44 75 82 80 6 33 53 16 74 9
76 26 29 5 78 79 80 43 53 3 97 18 34 78 18 61 81 53 73 44 28 11 29 61 37 72 81 1 17 14 28 6 77 43 95 4 42 36 87 4 90 76 48 20 20 45 96 20 63 77
44 52 89 20 50 70 88 91 61 12 79 68 93 70 59 99 61 60 70 77 27 23 58 74 36 32 29 1 45 78 37 7 80 57 67 22 79 91 23 75 52 59 38 58 46 69 14 1 70 91
73 85 34 83 45 27 56 26 37 15 83 72 43 20 10 40 29 36 24 80 88 51 4 26 86 5 3 3 67 36 8 34 38 64 98 28 70 36 88 49 43 98 89 93 78 35 49 18 95 75
66 9 41 49 5 3 72 22 73 8 32 51 97 31 86 41 10 23 48 1 7 51 42 59 64 5 71 1 12 30 10 65 27 33 28 52 98 40 80 85 20 82 2 55 28 25 61 0 44 35
85 79 12 49 11 90 16 75 81 16 49 58 44 84 59 83 93 66 28 17 41 33 68 31 56 41 2 93 44 32 58 40 92 72 81 6 38 81 62 42 16 60 7 61 25 34 57 86 2 13
2 36 57 89 17 48 95 43 8 98 92 20 20 51 29 28 53 49 59 53 69 2 85 64 18 48 79 28 1 6 99 54 92 53 68 11 88 10 3 11 25 65 0 39 63 77 70 81 33 95
33 19 9 21 69 97 11 64 17 12 20 19 83 31 43 13 25 65 1 4 32 11 39 86 89 88 60 7 91 2 23 14 34 72 45 71 17 79 46 6 27 2 84 99 17 42 26 32 4 25
61 81 12 54 2 51 24 48 30 9 95 88 74 15 70 96 35 97 74 23 80 67 5 59 16 45 50 33 97 89 33 92 91 24 86 45 96 95 45 53 61 68 46 64 73 53 32 99 72 98
22 97 49 96 4 74 32 17 77 20 97 50 55 48 67 54 69 62 40 81 36 5 65 41 36 22 44 65 56 78 38 46 56 16 85 96 11 86 9 10 15 32 66 11 3 25 98 52 38 58
11 4 12 95 55 34 83 74 79 28 26 1 90 20 86 50 49 32 46 31 74 48 7 86 87 76 12 6 16 10 37 85 96 13 30 66 48 16 40 39 95 45 88 23 66 69 49 71 93 80
90 1 14 99 52 79 56 50 51 49 0 7 14 48 61 71 32 85 91 41 39 46 12 53 96 16 24 1 70 12 50 84 34 42 25 21 60 7 71 61 79 34 24 7 83 80 56 31 3 54
16 15 60 70 64 59 83 35 95 94 23 57 43 54 56 66 67 33 27 15 55 10 25 37 24 86 6 46 36 37 65 35 13 67 21 93 23 98 54 3 69 33 36 57 21 77 23 1 64 4
44 63 96 38 98 29 96 81 7 66 12 55 84 9 38 62 91 80 59 20 5 20 5 77 12 66 25 61 14 49 9 79 23 24 14 28 21 99 18 67 4 70 23 24 16 51 36 31 36 91
17 94 72 0 62 40 74 9 69 97 73 87 12 13 51 6 58 24 83 1 97 53 72 75 39 38 62 40 95 27 86 14 27 51 95 34 60 9 43 68 57 55 83 78 60 49 69 91 21 78
24 34 38 13 24 83 83 45 63 87 25 4 22 22 32 36 15 73 62 80 32 98 18 94 71 16 9 8 80 12 82 25 42 30 39 29 27 11 78 76 11 85 57 28 96 57 41 93 96 41
85 19 67 66 67 6 29 93 99 6 71 47 80 76 25 88 17 73 32 39 27 0 88 97 74 3 71 35 17 81 64 70 31 50 42 12 91 82 67 92 93 2 72 35 99 41 8 14 49 2
40 94 7 2 25 55 62 34 88 83 74 0 83 63 48 72 82 44 65 1 88 1 43 64 34 28 93 78 56 3 49 87 79 42 97 85 99 91 85 0 60 93 12 58 45 76 9 89 49 48
83 47 93 60 79 63 33 56 23 63 69 27 57 59 23 21 25 99 39 94 92 70 83 8 75 50 92 34 30 79 62 27 26 49 1 25 24 92 97 27 32 89 16 71 66 89 23 93 43 93
67 85 42 24 81 29 24 69 60 63 92 79 42 67 43 47 1 63 36 13 64 42 31 84 91 69 66 82 65 17 27 95 61 28 55 18 74 47 52 42 47 54 11 96 89 27 67 83 33 64
68 20 57 46 22 62 98 89 14 8 60 51 1 16 44 55 93 61 66 2 6 89 11 46 12 49 76 50 49 15 83 90 63 38 90 95 39 95 53 21 35 49 51 84 85 73 99 21 59 23
62 63 49 5 87 41 45 27 77 3 23 61 12 38 69 39 98 51 17 5 20 9 35 74 51 80 71 48 1 89 27 63 14 42 35 73 33 35 14 79 7 44 89 63 4 33 74 85 87 5
84 93 67 95 55 42 0 61 21 66 89 28 93 91 81 21 20 96 97 84 38 28 3 8 29 75 46 47 75 3 18 21 80 80 49 95 40 21 53 3 94 93 48 45 53 45 25 12 89 57
16 87 33 5 14 23 38 85 26 39 67 69 9 7 98 82 14 93 30 46 88 70 92 68 24 43 4 99 25 42 12 5 33 98 25 12 32 46 93 49 60 23 59 36 62 8 56 7 34 71
91 86 43 58 35 59 66 97 75 92 21 56 27 62 40 62 77 15 32 34 34 60 42 61 10 73 20 29 87 76 66 53 51 53 75 77 61 35 83 61 75 91 79 57 41 59 52 76 52 49
50 25 79 42 20 81 99 35 43 82 57 70 31 80 79 19 47 49 52 72 36 95 73 62 81 55 66 96 97 73 96 61 77 57 60 57 97 17 13 55 16 50 10 4 19 7 76 68 37 37
81 83 54 23 3 87 44 57 71 25 40 39 49 71 86 6 84 55 60 75 60 67 74 90 36 18 29 32 0 77 73 97 86 70 66 11 83 87 61 74 61 60 24 41 72 57 75 51 20 34
24 33 12 46 60 49 60 9 18 35 10 9 92 53 70 99 69 73 78 83 68 51 89 11 40 95 13 73 45 63 13 33 14 49 67 79 98 10 66 68 85 60 35 39 31 99 28 10 16 99
69 76 32 25 79 46 26 47 86 82 91 15 17 45 63 8 42 59 4 62 35 58 84 11 78 8 28 26 90 38 28 11 61 55 72 13 88 72 80 88 82 21 33 29 60 63 40 90 85 0
