50 50
99 2 92 77 28 55 18 77 94 79 21 25 68 17 19 48 75 53 99 63 4 29 89 79 99 19 23 15 4 21 34 40 99 97 55 63 89 73 87 13 24 96 84 63 10 25 0 80 23 3
22 21 7 95 2 87 27 95 30 30 72 90 32 0 65 86 67 78 92 59 75 85 5 72 18 90 56 28 37 87 8 13 39 86 47 24 36 77 42 81 17 29 60 58 7 97 95 59 55 21
8 40 51 34 72 64 8 75 9 47 50 88 76 47 39 42 74 48 56 11 13 62 75 4 30 83 19 54 53 37 70 43 49 31 96 29 43 81 21 53 72 21 85 81 76 95 83 55 46 71
41 25 30 90 73 24 9 57 3 95 45 16 81 52 4 55 14 9 7 70 9 96 86 87 22 42 52 24 5 91 71 92 97 78 7 91 78 16 44 86 92 55 33 27 1 59 98 78 49 48
36 43 39 10 98 73 10 50 66 52 56 69 90 64 96 35 11 95 95 69 83 0 63 17 67 25 32 40 82 82 41 52 30 13 46 54 58 21 19 33 43 46 58 42 68 68 40 69 13 95
33 73 80 89 3 72 42 98 37 24 45 48 0 72 75 72 10 86 32 33 26 41 46 51 92 95 24 17 46 94 65 25 97 72 27 60 5 5 83 8 41 6 49 79 7 48 39 74 66 32
52 43 22 48 67 38 8 72 79 86 67 19 5 69 6 50 7 26 87 9 56 54 53 94 89 35 41 75 87 63 26 85 74 17 39 72 51 79 58 29 26 64 19 26 81 90 32 36 78 8
40 17 98 57 11 60 85 3 28 99 16 13 39 22 82 71 17 27 42 48 60 8 38 31 58 75 7 88 67 41 75 80 94 64 77 74 59 43 90 83 18 29 23 96 65 50 97 19 74 92
53 45 82 44 85 63 55 36 36 83 17 13 45 16 11 75 76 36 39 53 29 10 87 82 95 77 82 77 27 48 25 15 64 47 49 84 84 62 19 42 69 16 15 18 97 86 13 75 1 9
20 15 58 88 61 53 25 35 15 7 30 10 5 32 43 82 84 45 77 4 31 69 75 85 64 53 86 58 15 23 18 85 43 32 53 61 66 2 49 3 89 63 10 48 30 17 90 30 64 90
28 21 9 41 48 2 6 77 20 36 4 77 6 88 91 74 22 1 8 73 14 37 6 27 34 42 81 56 10 49 5 24 48 5 94 62 84 70 9 65 86 16 30 77 44 21 92 92 40 24
69 40 64 15 56 16 76 77 7 47 10 24 75 29 42 31 67 64 82 92 86 97 10 77 24 57 22 20 39 59 13 32 36 69 61 50 37 72 82 48 58 18 18 40 28 8 88 18 85 95
73 4 36 62 35 81 48 80 68 46 36 30 63 76 53 14 17 37 15 90 67 75 46 84 30 87 64 69 31 0 45 20 71 25 11 91 26 19 56 2 13 97 75 36 41 52 91 31 67 20
0 53 33 53 22 12 83 80 15 18 12 34 70 49 51 49 8 18 5 58 0 54 73 44 31 95 64 10 55 25 55 87 55 13 7 22 87 26 47 14 53 95 12 26 28 94 53 39 83 58
0 36 37 57 56 97 83 54 74 98 9 12 46 90 16 80 15 68 21 26 52 33 29 18 34 85 65 51 8 69 96 20 31 66 84 54 97 88 66 48 30 31 24 14 72 86 56 43 73 40
44 40 29 37 31 65 94 0 71 99 87 74 73 36 13 70 84 75 17 89 42 96 14 75 54 78 94 8 55 17 2 99 93 95 83 2 67 70 51 46 67 36 87 32 4 22 88 44 96 19
6 43 96 8 73 67 42 16 91 58 13 14 76 94 33 18 91 32 80 57 53 7 20 28 24 74 52 59 77 34 25 70 30 34 62 31 77 56 38 69 76 26 71 35 88 50 90 56 20 35
81 86 15 37 80 94 68 10 0 0 67 54 55 29 70 67 67 8 8 68 57 8 36 34 69 94 41 99 3 29 75 19 8 31 14 31 45 7 90 91 16 6 9 14 27 75 75 88 8 69
71 93 52 42 98 5 24 63 71 21 12 98 72 25 14 83 17 31 47 27 44 86 43 0 56 82 30 54 48 16 44 48 30 8 13 68 16 57 36 39 83 20 61 71 30 67 74 74 26 56
66 50 64 90 18 54 12 72 22 87 56 9 26 16 72 12 95 32 88 19 14 44 27 18 32 18 94 15 23 33 59 53 71 97 97 56 11 94 16 45 73 9 60 47 40 49 92 92 71 25
97 81 31 43 84 78 1 26 83 94 16 57 42 74 80 10 53 48 93 35 50 51 37 28 78 52 78 20 6 19 3 0 74 56 3 88 90 51 22 71 60 3 11 19 37 83 51 87 81 30
28 35 62 87 44 9 66 20 42 6 85 57 45 13 88 78 96 91 73 49 32 14 26 75 81 89 94 81 92 33 73 61 88 85 30 79 22 92 29 83 62 33 22 7 72 90 62 21 50 21
29 39 85 27 46 41 49 89 19 62 4 45 94 38 96 8 37 92 39 19 50 1 44 38 14 72 25 23 11 41 36 17 6 70 8 42 88 41 50 68 77 87 40 12 27 44 90 0 78 67
76 2 54 72 45 58 77 51 92 81 12 43 33 43 28 14 83 21 4 41 12 4 17 92 97 46 60 33 18 83 93 78 18 7 88 69 70 45 78 48 6 57 85 82 36 51 38 43 54 60
16 86 70 33 21 13 27 38 82 36 53 88 18 18 77 64 34 2 92 4 6 20 72 37 19 74 81 80 63 23 61 8 45 75 0 96 75 42 74 37 9 92 31 66 69 6 35 2 36 11
4 60 47 36 18 84 1 43 99 75 9 36 95 16 52 64 79 21 73 0 43 56 45 3 25 20 46 26 12 13 66 72 89 42 6 74 69 64 90 92 98 34 78 30 80 13 11 85 71 21
38 48 83 97 50 19 30 60 67 80 64 39 2 36 20 1 39 31 52 85 1 93 66 77 14 87 83 3 9 0 36 19 73 8 2 14 48 41 81 89 17 80 0 77 40 96 78 51 14 68
17 63 23 8 98 41 67 22 43 89 60 77 67 7 35 21 6 86 53 53 98 9 34 52 29 20 26 68 6 26 1 75 90 16 57 33 52 3 89 6 28 21 56 87 49 14 34 20 61 23
19 80 46 55 14 71 26 19 15 10 78 78 81 59 52 80 83 65 26 21 50 10 21 67 37 31 43 13 57 42 84 98 23 65 34 54 37 23 30 64 57 55 98 84 85 63 32 54 47 99
66 9 83 81 23 20 88 90 1 48 18 47 54 0 63 83 25 6 30 89 63 0 2 75 20 89 54 4 43 63 81 44 91 30 51 33 86 10 58 1 94 82 32 75 51 16 85 63 82 91
40 50 73 58 35 70 0 69 27 41 24 54 36 68 47 16 39 77 72 61 9 53 80 75 16 27 18 32 40 54 33 5 47 29 6 24 37 79 68 20 52 66 21 11 54 66 90 16 76 60
34 63 85 19 83 87 8 63 54 66 56 98 59 17 87 44 98 14 64 16 21 74 24 15 86 0 52 56 85 64 72 43 21 67 9 98 8 6 25 33 21 21 44 41 18 49 14 96 96 96
62 38 53 35 46 17 3 31 41 95 40 73 92 94 16 13 5 98 72 94 27 32 89 67 25 63 80 87 75 77 5 18 94 26 97 44 15 50 41 58 64 24 55 60 46 13 86 75 42 30
67 70 27 74 92 42 80 35 96 14 22 6 51 74 3 3 0 71 35 39 25 89 61 39 4 88 7 77 68 36 8 36 45 7 5 98 23 86 32 99 90 67 35 84 84 88 95 69 21 27
53 72 42 32 61 82 40 38 54 11 76 87 3 39 28 62 65 97 45 92 42 76 73 18 86 87 91 23 48 63 53 1 24 33 65 62 94 60 20 3 42 88 33 51 64 17 43 25 8 67
28 91 44 97 90 86 11 66 44 21 41 52 72 29 92 76 3 14 31 90 64 8 93 50 28 30 8 4 80 99 26 91 13 49 91 57 78 66 21 87 69 64 22 43 7 80 7 13 76 96
54 68 29 58 16 52 96 78 5 15 84 97 33 37 3 4 36 1 67 90 33 91 40 54 83 22 41 69 58 26 22 38 38 62 17 8 46 39 30 2 73 97 57 72 12 90 71 17 34 25
87 7 21 74 98 33 72 15 32 0 38 16 12 53 73 31 2 55 19 40 8 83 98 0 99 69 86 4 6 53 67 11 19 94 1 2 98 10 28 73 61 26 28 59 13 33 99 69 84 62
58 87 53 28 86 84 66 99 24 79 67 87 2 84 54 86 36 40 77 30 38 92 5 43 13 4 55 67 74 75 68 2 95 70 14 40 27 36 55 43 58 65 81 29 61 89 88 37 62 17
50 54 20 43 35 0 13 86 36 79 64 44 71 28 14 2 74 16 95 29 16 78 39 91 48 86 28 1 37 99 51 4 25 74 35 40 37 38 49 66 45 99 54 89 47 70 16 17 83 75
69 89 84 27 4 18 86 34 78 56 81 33 85 30 56 46 16 24 63 58 29 98 17 55 93 82 40 54 16 95 12 3 77 99 44 40 84 16 90 30 26 6 28 42 65 14 3 54 30 76
1 7 59 20 6 87 56 25 69 48 59 8 36 28 72 25 13 91 22 69 23 36 3 2 6 27 41 20 35 94 62 58 73 93 82 68 86 95 35 44 27 31 64 89 46 16 21 63 49 5
22 1 26 79 64 97 80 70 67 51 44 86 22 71 58 24 35 19 78 0 54 5 12 92 91 31 74 99 35 18 90 14 28 33 62 25 13 83 94 43 82 49 92 9 77 46 42 72 41 55
98 41 7 61 79 45 34 12 53 20 6 0 11 30 21 54 74 88 52 42 36 43 16 35 82 63 15 56 88 64 19 53 40 92 26 21 23 81 40 36 2 7 85 51 13 46 41 35 74 61
63 29 31 44 19 66 49 54 25 50 34 93 19 4 66 98 68 39 77 31 53 10 30 72 76 98 28 66 39 47 62 64 9 82 57 86 17 22 81 8 4 22 18 60 87 51 42 53 34 39
48 68 78 37 66 37 55 20 59 53 52 20 56 32 61 45 85 80 96 12 67 1 96 92 21 37 50 54 83 83 3 56 66 25 78 43 23 76 21 59 37 9 0 19 61 13 51 35 48 39
3 12 61 28 46 25 47 54 26 83 32 67 2 5 64 37 93 17 72 98 62 35 10 75 11 48 58 3 48 14 31 41 77 22 81 82 85 63 14 19 66 35 58 80 95 73 83 18 79 92
57 35 55 3 48 56 70 79 12 98 61 1 88 7 7 52 26 68 40 91 79 50 11 70 84 59 95 43 0 51 76 32 20 74 86 24 83 77 96 3 15 74 71 1 85 14 13 29 23 42
67 22 88 44 79 79 37 95 8 31 84 11 8 61 63 2 94 69 68 55 39 10 50 92 74 60 61 21 48 36 94 64 9 13 47 66 82 77 25 51 96 62 72 9 92 9 28 79 46 39
59 3 2 92 74 27 67 53 27 33 31 65 53 94 80 99 17 61 55 15 36 6 65 57 75 64 87 81 5 38 32 20 31 58 95 71 37 27 48 80 77 83 2 10 25 94 73 60 42 92
