50 50
26 82 38 77 44 51 61 86 36 35 62 70 47 92 20 22 68 91 59 38 8 8 64 26 11 1 78 24 18 76 90 50 29 69 32 59 96 47 54 96 81 50 26 96 39 74 28 85 40 38
98 47 42 35 33 76 32 32 20 90 88 57 37 36 14 60 57 52 51 28 3 62 48 91 89 78 84 41 12 2 47 71 26 67 74 14 14 32 96 56 83 18 93 85 70 75 86 36 92 1
70 72 94 88 98 68 73 87 60 38 2 40 32 65 82 67 6 17 33 44 69 3 14 52 92 86 95 49 12 51 27 50 47 73 55 83 40 31 14 38 57 62 71 96 76 66 47 95 77 20
37 66 43 70 56 49 55 52 95 54 74 85 27 65 19 76 22 15 89 81 32 78 85 56 7 21 56 61 20 27 80 51 75 31 3 48 32 75 92 54 17 28 46 29 29 1 96 36 35 3
52 8 34 1 13 23 20 56 42 70 27 40 4 62 8 46 27 67 58 37 98 61 87 9 96 89 53 78 13 1 58 26 31 55 27 87 31 64 63 3 10 66 44 1 4 27 38 18 5 79
76 30 28 1 49 12 15 15 46 92 18 25 22 55 66 6 76 67 36 50 86 18 77 18 57 94 91 63 70 2 87 50 14 17 0 34 27 34 67 64 50 50 68 0 97 22 84 93 71 10
44 8 10 23 73 64 34 61 55 75 86 74 50 94 72 29 14 56 14 86 69 75 89 21 67 15 86 99 89 43 26 41 29 36 27 54 27 96 37 72 3 32 62 32 2 12 35 91 4 30
85 46 91 77 91 28 19 41 41 12 70 33 1 76 79 48 30 27 84 90 44 26 30 62 92 15 94 78 1 77 13 36 36 38 86 23 25 48 7 43 12 77 30 78 52 88 90 37 58 26
42 39 6 64 10 72 49 55 73 31 50 83 91 52 46 39 40 45 71 50 3 10 18 62 50 50 2 95 73 64 78 28 19 31 29 21 18 0 67 51 52 6 23 30 20 54 67 9 50 31
7 50 94 17 35 70 72 9 38 79 94 79 82 37 43 37 71 92 67 81 48 64 1 80 36 90 62 48 38 41 29 40 31 96 38 11 21 53 6 67 36 18 30 56 13 59 67 32 77 28
82 48 92 45 76 48 10 40 37 19 21 47 30 24 99 75 48 17 60 45 61 77 7 54 65 62 17 86 8 37 32 60 90 54 58 80 60 24 39 36 16 13 64 59 99 93 91 44 95 75
29 27 11 48 71 83 94 48 19 23 13 92 35 38 38 14 41 64 35 68 69 16 53 39 93 60 57 88 7 92 38 97 96 10 73 74 53 68 61 61 24 21 48 45 12 8 38 86 85 2
80 30 10 26 26 95 23 39 94 95 77 20 82 57 37 48 17 8 8 75 27 91 40 50 12 75 37 3 30 59 11 29 90 31 73 73 19 26 96 70 5 71 7 49 56 93 82 72 99 40
68 44 47 30 35 89 81 33 88 66 84 79 75 63 25 62 29 0 18 97 46 18 36 2 45 53 20 46 85 51 24 15 12 73 91 67 5 46 68 11 30 93 9 98 51 74 76 7 91 87
32 99 85 66 65 87 72 19 95 18 16 81 23 69 68 32 74 4 82 96 17 37 13 6 2 41 37 84 68 93 32 81 49 78 18 73 5 38 16 28 19 59 85 94 66 91 34 6 23 92
56 51 15 94 6 46 13 7 90 93 75 68 11 45 5 85 84 54 27 18 98 62 29 73 82 92 96 12 24 56 60 4 25 52 32 64 49 96 38 90 77 23 72 99 43 34 87 59 11 81
18 94 97 39 62 54 50 13 84 17 46 9 15 19 76 86 89 95 31 23 42 24 64 97 0 98 74 1 53 24 16 16 54 20 39 70 91 46 79 13 17 81 91 71 64 40 79 30 45 95
94 53 93 58 19 33 67 70 99 18 87 24 8 65 6 39 15 41 77 26 23 78 5 34 65 70 89 38 18 13 13 54 65 60 39 51 45 69 67 92 95 30 67 71 32 57 65 22 26 24
50 15 48 60 13 48 30 14 67 12 42 16 0 84 8 94 96 94 38 11 27 10 81 34 69 27 32 52 94 17 43 5 16 12 0 39 21 50 82 86 79 85 35 83 72 91 2 20 68 59
69 10 79 62 0 78 90 1 38 64 8 34 3 47 88 53 1 9 10 55 44 57 50 16 24 66 42 66 45 92 88 68 88 54 52 36 37 86 97 88 78 23 75 50 25 70 38 96 66 86
68 38 92 20 7 41 3 90 89 6 86 48 89 91 63 98 0 37 46 16 2 10 20 52 42 44 50 59 82 31 50 49 22 11 0 61 71 43 78 52 93 58 77 30 95 70 28 10 41 90
16 29 58 4 34 71 92 46 9 96 81 12 16 97 1 45 18 46 62 36 53 27 6 85 50 26 40 63 75 42 35 67 54 96 91 19 79 26 15 27 14 23 78 19 33 38 18 98 62 32
43 87 22 22 35 62 24 49 10 19 52 32 74 35 93 23 39 47 17 47 16 97 74 19 46 42 90 96 77 88 43 10 76 52 99 36 63 97 35 21 13 71 2 29 8 29 34 1 36 77
52 25 39 45 37 8 73 90 45 52 8 73 13 67 13 46 70 52 84 69 85 5 69 61 16 34 88 59 98 85 4 69 94 18 21 86 56 99 67 26 93 1 27 66 37 77 5 28 66 60
73 3 26 42 32 88 16 82 39 27 18 97 82 64 46 82 69 50 81 35 88 26 62 41 18 73 91 14 41 23 63 95 70 61 60 25 29 77 65 37 55 81 43 47 73 4 18 21 65 85
76 81 0 62 30 81 40 54 84 90 7 59 14 3 1 59 73 92 31 76 94 14 23 93 81 90 20 94 63 74 87 89 60 31 53 16 74 81 67 15 9 21 75 33 93 38 15 14 83 51
47 81 64 31 63 54 51 2 4 73 46 12 67 66 72 41 90 9 32 8 37 13 11 17 16 3 75 75 46 13 25 20 36 81 46 77 8 99 76 78 66 21 27 75 69 6 66 86 77 64
8 28 47 2 90 92 33 4 33 54 9 3 48 2 57 28 26 19 91 63 85 64 63 85 76 22 87 96 24 44 58 89 82 10 52 88 18 9 26 85 70 49 11 15 53 77 35 38 42 18
74 49 57 3 35 36 14 12 75 45 98 2 35 89 61 69 3 25 91 38 77 79 64 56 93 4 39 24 52 12 36 79 89 35 75 16 9 43 73 9 0 45 80 92 75 94 46 22 6 17
0 50 64 93 47 14 91 19 85 66 66 79 41 29 10 91 12 2 22 77 83 13 18 52 89 47 38 28 25 78 5 66 32 29 95 22 5 47 31 96 54 41 56 73 83 11 53 37 44 66
71 42 92 12 78 89 91 84 37 85 99 44 91 27 85 12 73 91 4 28 42 81 25 97 87 29 19 7 92 13 85 66 83 25 97 65 48 81 37 11 16 43 17 67 34 1 25 52 78 19
40 77 94 67 39 13 6 1 89 91 9 83 43 98 22 78 13 3 66 10 32 63 53 97 55 90 43 44 51 8 84 13 17 72 66 68 88 41 57 14 99 99 62 54 10 88 7 15 58 64
24 95 27 56 95 19 4 41 52 5 1 60 95 82 45 95 34 12 12 82 29 34 31 28 84 33 70 28 63 48 66 42 62 1 34 72 11 42 94 42 24 90 64 44 2 75 70 99 86 59
28 79 17 64 74 59 4 98 35 19 98 33 30 72 1 69 67 68 74 70 35 48 88 51 39 24 76 51 19 0 63 43 90 34 22 67 78 10 91 0 5 54 97 54 59 29 93 72 12 6
65 13 90 4 96 93 99 73 76 68 82 93 23 46 62 60 64 13 40 3 26 86 53 17 53 21 71 63 0 96 12 14 6 43 67 36 9 17 94 91 87 99 9 97 31 87 24 44 27 50
11 66 1 51 36 11 8 4 5 54 95 47 90 67 11 83 41 55 3 82 71 47 82 71 36 19 77 43 0 51 29 3 24 57 36 13 28 8 38 81 59 85 89 84 89 95 72 16 94 2
4 89 25 35 9 34 40 48 8 91 17 34 12 95 56 12 26 11 85 26 40 19 54 56 88 73 35 15 61 16 92 1 47 97 65 71 1 48 7 75 3 80 76 91 60 91 8 16 17 32
26 30 68 77 21 7 63 67 32 93 62 10 74 50 59 60 21 5 16 1 42 28 55 23 62 25 46 76 11 6 95 63 42 64 75 34 17 74 59 18 78 22 26 62 72 30 67 89 60 58
96 52 88 47 91 16 70 45 95 47 61 91 11 62 37 93 87 40 60 72 19 2 6 33 53 83 57 40 33 39 35 89 54 89 81 72 8 80 63 88 81 37 73 3 30 59 85 90 8 98
97 97 37 80 48 26 94 65 11 62 15 23 60 79 88 29 22 62 42 35 44 57 42 61 66 69 95 83 12 29 40 67 85 55 36 75 34 29 87 39 16 43 43 50 5 55 17 29 83 37
54 87 67 0 27 89 67 8 29 12 13 17 33 85 14 20 70 84 98 81 5 63 79 7 38 83 21 17 40 24 27 42 47 52 62 1 58 42 47 59 54 46 83 44 58 29 37 11 53 3
28 41 46 29 72 93 36 35 87 13 27 0 64 47 8 99 90 98 31 17 74 25 40 10 77 59 11 88 38 98 7 89 30 15 31 95 5 13 53 73 81 20 28 77 24 55 67 17 23 35
26 27 99 50 69 74 96 74 31 71 18 31 46 38 18 25 37 52 22 42 68 60 81 65 11 32 59 51 93 9 48 27 56 81 60 16 41 11 0 87 55 30 11 96 72 91 30 79 53 1
13 23 27 19 84 57 25 34 68 67 7 14 91 57 32 76 16 64 87 64 38 38 89 17 20 94 7 68 74 90 62 65 69 10 84 17 59 58 82 11 49 74 19 48 80 98 58 22 3 49
18 51 12 80 8 61 81 46 45 23 90 2 42 25 44 25 53 79 13 66 75 43 73 0 98 71 17 55 47 85 18 7 0 90 63 87 80 71 53 22 24 25 42 50 2 78 52 43 97 25
95 36 12 75 89 71 57 87 83 39 65 63 21 55 43 45 76 78 16 66 27 97 38 63 38 43 34 21 87 8 31 36 15 11 75 62 43 81 73 56 70 61 1 80 77 20 28 8 23 65
46 23 70 29 55 81 67 73 94 62 67 62 62 36 92 95 14 28 37 80 21 43 33 50 55 11 1 80 51 91 16 35 13 64 85 68 76 32 68 45 8 52 5 12 42 9 29 35 50 63
98 97 46 85 69 3 63 26 50 40 93 58 96 52 3 49 1 79 9 59 22 39 5 50 3 15 57 36 9 38 20 33 82 75 46 82 20 51 33 64 26 34 19 71 43 76 92 13 83 3
72 2 66 90 68 99 69 86 31 55 17 10 32 28 1 47 91 21 4 60 19 28 6 45 98 68 11 25 19 15 74 35 22 30 37 94 18 42 65 37 63 50 90 21 56 21 71 20 62 17
69 44 10 9 4 53 46 59 87 43 89 16 60 25 7 95 37 47 17 56 77 36 82 66 89 94 37 62 91 96 16 82 70 16 50 33 50 11 4 55 80 8 92 83 51 14 40 17 27 97
