50 50
30 89 68 68 82 45 43 71 79 95 92 73 47 38 17 75 7 6 0 20 1 52 96 31 56 92 95 78 52 25 11 20 0 12 37 30 19 34 51 74 56 13 82 97 90 53 36 31 16 94
87 23 4 71 62 63 19 4 7 72 17 56 41 8 46 39 69 12 5 41 33 41 98 43 88 9 29 43 53 67 86 36 75 45 57 59 11 4 56 17 41 26 7 4 99 14 14 28 97 61
76 67 48 83 36 63 12 21 55 9 19 58 69 60 69 96 55 40 87 1 64 27 40 29 82 29 43 13 92 66 65 89 44 48 27 37 37 7 8 99 80 50 54 44 70 69 20 49 38 31
11 63 40 7 37 53 44 25 16 6 40 13 1 21 39 33 93 96 43 70 61 74 84 96 87 16 96 1 7 5 39 41 23 10 36 32 47 72 90 72 94 25 55 80 17 81 68 92 18 71
36 43 94 78 81 69 8 26 30 19 56 83 63 82 47 35 39 21 83 14 1 7 57 55 55 37 31 86 5 41 0 63 35 67 98 99 16 70 58 30 25 27 67 34 82 14 79 3 74 9
2 25 44 22 84 85 86 31 20 82 7 1 65 80 4 18 87 70 87 89 36 44 32 7 86 86 69 12 6 68 35 43 70 77 5 89 73 83 63 44 93 95 47 75 91 59 1 19 78 77
84 42 30 37 44 82 85 5 42 58 39 17 36 1 59 79 48 10 94 96 26 66 88 6 82 54 67 29 42 66 0 93 64 31 78 42 69 10 75 90 43 62 86 39 90 39 61 31 95 85
49 76 27 99 0 59 40 47 66 87 91 90 20 37 42 34 51 92 30 94 46 86 38 95 35 19 16 57 33 94 34 16 81 30 38 81 28 85 33 35 47 10 79 37 2 60 11 8 63 84
85 21 24 26 46 67 75 57 67 1 65 85 51 30 83 91 91 41 49 59 95 52 86 82 43 82 86 53 90 33 4 67 77 29 62 94 83 12 31 9 83 81 74 3 89 23 53 26 34 73
19 75 48 88 24 51 95 54 94 82 90 69 95 53 4 96 51 20 44 10 32 62 69 12 18 72 25 41 61 54 16 39 96 52 85 21 49 12 10 99 60 49 10 42 78 57 22 49 53 94
3 24 97 21 1 90 47 16 85 69 48 0 0 96 90 60 89 69 95 13 47 62 86 73 55 58 23 58 60 10 69 4 36 72 58 33 55 87 61 54 67 65 42 68 99 45 36 73 69 73
71 84 88 95 23 3 85 35 56 85 75 56 21 6 75 18 89 27 61 66 13 22 7 0 10 41 30 12 97 50 22 97 12 98 5 88 76 51 79 66 26 33 21 11 65 13 81 89 81 88
79 35 17 22 53 35 28 11 8 44 83 36 25 66 59 46 49 28 35 50 34 7 82 99 48 55 29 8 47 15 26 43 8 8 2 92 78 21 72 20 49 43 5 91 45 11 59 50 71 85
29 43 82 83 87 44 24 70 74 91 25 2 32 88 11 8 70 4 12 21 48 44 8 11 46 42 78 56 94 89 62 13 9 85 36 30 47 82 81 0 81 38 72 17 68 27 70 84 95 83
94 56 29 89 42 29 61 64 14 20 32 59 15 92 53 87 60 52 73 90 94 39 63 95 32 13 22 41 67 57 41 61 58 84 33 14 89 60 5 80 24 45 7 52 25 77 94 65 62 8
64 49 72 49 1 94 32 62 97 86 86 88 1 41 42 93 16 85 85 74 77 90 74 57 18 63 98 86 79 35 13 23 14 4 82 97 5 95 10 34 21 5 41 79 70 98 15 30 96 51
94 1 96 26 63 37 58 23 94 8 47 13 97 24 48 54 1 19 4 46 67 77 91 78 32 89 35 2 39 43 93 37 70 6 2 29 86 33 69 52 0 33 38 57 73 2 78 63 85 11
57 80 41 45 36 88 25 80 93 61 46 62 8 78 45 92 80 52 23 87 13 44 10 12 18 22 75 97 90 95 66 38 85 28 8 32 6 15 53 87 95 98 51 90 14 62 36 26 8 90
53 90 83 70 52 41 41 44 31 10 50 82 78 82 41 59 7 45 89 56 46 17 16 43 80 33 80 11 78 91 31 28 91 61 23 13 25 66 23 55 4 37 40 9 3 97 88 49 96 91
50 66 86 65 42 59 28 44 13 76 92 61 62 28 52 53 83 21 63 17 54 11 66 33 14 26 43 5 20 68 20 2 95 32 87 61 97 87 41 0 35 64 63 8 5 22 41 82 0 89
33 67 23 54 92 95 83 86 19 4 89 96 18 69 64 61 95 42 78 17 26 97 75 89 53 21 5 50 61 83 93 67 44 15 79 98 75 74 25 7 93 15 76 66 47 13 42 3 20 44
27 88 79 76 92 47 36 63 23 6 59 89 99 91 97 91 5 36 78 14 17 62 18 38 72 30 32 78 1 92 91 25 22 7 43 73 20 16 59 46 34 19 83 33 18 37 42 93 31 77
98 9 93 89 6 47 91 47 43 49 66 19 31 12 99 98 92 86 41 78 28 34 51 57 75 85 94 6 78 41 57 2 62 90 30 29 30 1 8 99 96 91 1 19 67 66 90 72 37 82
79 74 13 66 75 54 81 98 19 26 63 64 15 52 47 37 56 91 45 84 20 34 76 17 30 98 51 83 96 26 59 15 23 76 90 13 71 64 90 94 56 88 61 3 46 35 26 16 82 36
38 71 33 31 93 83 71 71 22 11 74 64 64 76 71 89 99 49 65 36 99 68 95 0 4 50 7 64 36 37 62 92 97 13 73 90 54 4 5 32 81 96 62 45 68 66 5 73 26 57
67 24 2 14 29 66 86 0 0 10 71 43 78 91 10 55 26 47 65 94 63 49 93 54 17 52 0 96 83 97 18 55 27 9 98 84 58 98 79 36 29 93 6 17 46 31 90 75 93 17
57 37 43 84 21 65 85 92 39 10 63 11 16 45 99 55 37 65 14 41 74 40 80 88 38 26 51 65 21 45 87 57 35 77 51 33 78 93 94 18 69 32 46 48 13 92 51 86 77 87
15 36 48 21 28 62 57 71 6 11 29 23 33 59 60 34 62 97 2 33 72 73 60 42 54 49 45 25 81 89 75 50 42 95 56 76 65 29 40 82 35 95 85 66 16 65 40 50 13 77
67 79 90 66 76 71 16 10 96 65 71 47 3 78 41 10 45 72 57 40 71 27 83 5 21 70 34 8 66 55 16 92 6 23 28 65 8 30 99 62 35 74 59 84 81 1 52 88 0 54
25 87 88 44 49 88 84 33 90 74 56 56 2 22 71 72 74 23 30 53 48 69 78 33 42 49 43 61 60 99 5 78 49 43 47 6 42 56 3 46 3 2 33 58 80 77 4 94 35 20
82 74 60 50 70 45 93 18 28 38 74 67 41 68 0 16 22 7 70 24 92 5 42 88 27 6 32 92 49 92 85 41 75 23 79 35 98 60 20 23 87 6 25 68 95 2 96 40 22 72
44 79 70 51 92 34 99 51 25 45 76 94 29 67 28 52 18 35 24 25 30 2 30 16 1 67 7 15 80 77 37 91 14 57 8 33 38 12 93 42 51 0 36 76 0 2 18 82 4 46
48 67 38 81 80 97 92 71 37 36 30 56 4 85 27 68 5 2 77 52 13 46 94 79 42 8 77 16 69 78 49 69 89 85 84 75 69 85 72 13 51 43 83 33 8 87 13 21 81 18
55 61 21 85 19 50 71 25 23 21 55 46 50 66 2 87 87 18 47 84 1 55 43 50 98 73 97 55 88 97 4 95 32 61 64 9 86 54 93 19 60 62 33 56 5 33 6 35 16 13
22 38 48 23 73 10 30 61 27 10 94 31 38 62 63 59 27 86 91 41 26 63 55 47 1 94 63 96 48 21 92 13 23 41 51 61 36 50 42 35 32 94 53 24 10 54 14 31 5 17
29 44 14 55 44 86 80 29 92 43 88 74 9 26 89 64 89 14 53 32 27 47 20 58 55 86 14 23 98 43 9 84 89 71 32 87 73 69 18 21 77 68 10 82 89 36 81 14 85 31
85 29 75 49 93 71 63 92 32 81 34 92 86 11 61 21 15 44 66 59 29 35 44 52 55 47 49 67 22 7 35 0 78 41 41 96 86 59 47 75 79 63 41 68 75 59 84 36 11 21
15 16 44 95 0 57 82 59 6 49 60 78 59 5 28 20 62 90 46 64 46 35 81 15 40 47 79 45 6 59 60 69 3 45 92 58 8 55 54 98 0 32 54 10 80 3 70 34 78 31
17 29 49 78 66 9 99 6 69 81 74 39 0 68 47 65 16 8 84 77 50 63 42 7 91 87 26 32 0 47 95 6 67 12 1 78 95 81 91 66 7 43 53 39 93 18 61 7 95 84
17 89 95 20 87 64 24 76 57 46 13 28 62 97 29 20 45 67 1 99 82 53 99 64 60 88 82 65 53 38 7 27 12 89 26 82 38 67 31 30 15 67 67 82 75 16 71 70 71 44
68 46 40 95 71 51 35 48 67 40 42 5 9 52 68 37 74 8 67 57 9 19 7 67 82 13 13 64 91 77 7 15 26 40 79 31 69 24 26 4 12 34 3 9 46 50 68 0 74 34
65 84 83 83 3 75 47 99 87 17 37 62 23 53 76 69 10 58 82 89 6 88 73 94 31 2 80 8 3 33 2 18 15 56 49 14 66 11 71 6 25 32 52 91 68 92 35 57 38 90
0 26 15 19 48 39 38 7 50 60 20 71 35 22 94 20 32 60 0 38 42 19 76 85 40 33 27 29 9 56 69 57 84 7 20 74 65 9 69 68 53 58 88 63 34 12 96 64 78 54
35 44 23 2 43 30 68 50 4 73 93 52 45 13 67 41 10 81 75 34 44 18 52 73 98 16 59 85 79 45 66 70 23 52 66 74 34 81 78 3 33 0 94 13 12 81 85 36 8 40
92 30 31 80 5 19 84 71 99 18 45 42 48 2 67 48 54 28 45 24 35 92 9 41 74 48 1 17 20 97 11 62 37 19 34 87 28 98 68 6 34 50 33 36 10 67 75 36 71 52
66 51 98 18 49 1 29 99 40 2 84 39 57 41 25 75 10 30 70 77 34 58 23 79 47 14 62 41 36 26 86 98 13 18 11 63 75 88 81 53 97 57 15 33 12 51 63 93 20 26
25 84 18 74 10 90 6 90 50 5 23 33 78 54 79 31 27 7 21 82 6 81 34 84 2 70 88 58 84 86 87 21 65 34 35 87 62 7 15 69 98 32 22 10 71 62 19 56 47 62
70 19 77 4 99 31 41 54 80 67 96 6 98 10 93 77 25 16 28 71 65 17 65 89 79 9 3 45 54 50 97 33 10 5 41 81 36 84 6 21 34 95 66 87 16 80 26 68 21 88
27 38 62 66 41 66 84 57 20 65 99 25 15 3 17 55 15 25 21 81 51 80 34 57 20 15 24 86 5 72 45 95 52 10 70 47 52 31 72 64 87 10 24 30 77 45 67 51 5 38
25 54 38 80 18 92 75 29 96 49 26 80 34 60 14 82 89 36 6 13 45 56 34 95 30 61 37 60 67 35 62 80 3 96 87 2 20 0 90 33 87 74 95 65 82 44 94 24 53 37
