42 72 98 100 21 67 16 39 93 77 71 63 45 34 27 93 51 71 84 69 8 52 22 31 56 45 7 72 32 81 73 80 55 66 20 42 16 34 73 76 7 44 57 63 98 88 5 17 15 55
56 46 13 86 54 72 10 64 12 6 63 0 61 -1 10 1 94 2 32 63 100 94 22 30 77 10 38 24 28 40 65 62 93 60 12 93 45 20 31 3 95 5 23 31 56 48 11 0 17 70
96 45 26 10 55 58 33 67 100 59 62 60 35 10 75 56 6 36 82 71 43 26 74 52 25 88 41 96 44 26 91 48 83 30 14 63 37 33 89 89 4 15 77 87 35 49 64 98 99 72
31 4 38 77 101 68 76 -1 53 10 74 50 70 13 32 70 64 0 29 9 32 86 77 5 61 89 75 83 51 69 21 88 58 76 4 56 39 89 8 10 11 13 91 82 34 53 75 27 35 43
57 38 41 74 90 18 43 18 8 72 49 81 70 36 49 75 70 48 32 94 19 42 40 90 49 57 75 52 93 17 86 80 69 13 81 19 11 88 39 33 84 33 83 76 79 61 76 35 75 18
25 0 49 7 46 57 48 76 12 37 93 72 46 82 21 0 37 78 9 52 41 19 57 35 32 22 11 20 80 92 71 37 3 8 95 88 3 92 45 17 46 88 30 79 21 88 93 67 58 19
59 16 13 89 92 76 82 97 89 97 82 47 47 28 48 15 20 66 71 16 75 93 18 95 24 62 3 49 18 18 32 63 76 89 13 84 7 63 102 59 23 97 9 22 68 93 25 76 12 23
27 40 6 72 2 83 21 39 18 23 38 64 80 53 89 31 59 61 44 74 54 24 93 51 57 6 57 38 100 16 57 69 41 64 26 57 33 95 84 22 9 37 5 60 95 -1 22 73 95 74
58 18 27 18 42 94 83 91 90 90 73 47 47 93 61 43 37 24 38 26 87 87 17 4 75 99 75 65 11 59 99 64 32 85 81 28 86 47 96 4 15 96 37 75 95 91 23 1 88 17
9 20 54 94 7 96 49 62 5 25 35 24 4 81 18 86 38 51 71 84 5 25 4 25 69 -1 93 95 101 -2 28 90 100 33 20 72 21 81 40 30 58 78 94 29 64 85 11 83 88 18
40 95 77 1 26 58 44 6 89 92 68 100 92 51 41 36 5 57 44 9 47 49 16 13 82 58 16 85 32 32 12 43 17 37 10 51 41 65 63 43 80 28 77 36 91 98 78 96 23 94
93 67 70 59 18 37 7 73 89 46 44 61 38 1 40 78 52 59 24 81 22 4 45 15 91 54 53 52 46 90 18 78 53 87 51 82 41 67 34 32 35 61 3 14 32 73 100 32 33 64
20 68 102 87 98 17 15 65 77 76 64 25 23 3 14 11 24 57 91 70 39 51 78 65 15 48 94 47 12 5 19 50 102 73 66 53 53 36 57 76 100 86 46 58 29 5 40 18 6 54
30 67 3 40 85 20 29 89 87 74 2 71 99 84 81 72 14 77 33 91 26 18 14 54 46 95 8 91 71 95 7 10 31 -3 27 92 85 58 61 57 4 90 41 28 95 15 29 9 35 84
102 83 45 67 91 8 36 93 38 65 45 10 68 89 47 34 65 27 79 72 28 30 37 92 80 88 94 21 17 44 93 100 97 49 85 51 33 12 82 45 57 43 37 82 12 19 6 69 90 98
99 78 10 83 83 69 15 46 4 27 93 38 40 37 21 22 36 55 53 51 75 62 51 57 36 37 38 31 45 32 84 41 93 29 59 76 88 -2 97 0 45 74 87 1 59 47 40 63 98 10
88 99 71 48 60 60 43 61 33 89 57 20 50 31 16 86 96 9 86 94 39 24 51 51 20 97 17 24 6 16 91 97 9 79 56 56 5 6 82 40 95 100 55 15 50 28 61 54 64 26
86 17 60 4 101 75 61 10 55 72 2 92 95 87 94 20 40 51 51 42 57 92 4 31 85 1 66 16 13 51 91 69 83 47 67 39 92 48 100 65 4 31 36 30 22 45 97 -1 81 49
90 76 23 96 8 8 48 67 97 31 32 100 84 37 80 3 36 87 8 53 41 8 16 56 23 94 98 87 55 92 21 75 40 44 72 5 23 9 37 96 60 85 40 92 40 35 48 32 38 80
30 17 25 48 25 59 18 47 80 2 12 72 52 57 85 65 62 57 79 49 25 55 38 78 64 59 92 17 4 37 82 80 82 37 84 53 43 8 72 78 100 28 82 57 20 81 31 90 66 69
77 58 63 76 42 2 82 27 79 18 24 13 92 40 77 56 7 4 62 87 102 80 26 87 22 26 35 4 84 55 35 50 69 49 96 22 93 38 98 64 25 76 61 73 84 56 102 2 41 14
93 7 89 95 49 80 33 86 10 26 59 80 98 45 76 77 17 49 42 46 47 18 68 55 10 65 5 13 35 71 11 86 33 82 15 20 8 38 100 7 44 23 18 24 86 45 18 86 45 57
10 41 29 54 101 47 92 84 69 21 72 14 75 75 47 65 101 56 21 34 34 1 99 31 17 3 76 54 79 75 21 55 41 68 45 69 25 72 42 71 22 43 85 16 85 45 78 36 90 37
48 50 57 72 24 95 93 58 56 10 83 91 27 53 101 61 92 15 57 71 60 6 44 11 8 72 95 20 89 37 47 81 95 6 7 20 4 77 76 93 35 77 18 93 46 34 89 2 57 94
40 91 58 94 70 44 50 43 82 20 26 16 88 70 12 44 64 2 21 17 13 62 52 77 60 67 30 66 70 75 44 82 78 53 33 38 25 44 17 14 87 93 94 56 22 97 42 76 5 54
45 53 26 16 23 96 34 4 95 83 43 75 24 74 14 26 86 12 101 91 82 40 94 36 82 4 34 25 86 67 81 56 62 6 3 14 22 43 10 38 58 24 32 70 24 5 15 74 47 12
55 36 68 83 30 11 92 86 88 29 92 38 30 3 9 15 95 86 70 61 100 35 75 22 93 21 19 20 89 32 26 27 16 68 44 39 79 51 3 7 43 25 67 40 91 67 41 38 50 58
50 9 97 43 16 62 54 59 56 4 24 1 98 44 42 93 75 63 36 55 55 62 12 1 18 43 69 51 29 92 76 20 68 92 45 11 74 92 83 31 21 77 63 22 12 19 85 85 73 77
84 81 71 16 41 30 25 99 16 36 82 1 18 1 15 51 9 48 80 92 72 90 6 34 88 97 16 1 86 61 80 89 77 22 77 95 96 82 16 3 23 16 75 34 65 31 59 22 94 57
50 -1 50 48 8 60 35 72 11 15 88 84 76 56 79 83 78 51 2 23 94 44 58 27 32 35 83 5 77 18 81 2 73 1 25 -3 69 89 45 79 39 7 97 40 18 3 3 39 40 34
93 9 74 55 24 70 14 49 78 26 97 45 85 88 97 77 45 76 19 28 20 36 83 45 36 58 95 4 87 11 102 60 76 66 44 39 23 19 33 32 64 44 63 79 38 29 57 3 84 1
51 40 20 4 98 76 41 -3 8 17 85 72 9 26 46 71 59 3 76 27 100 57 85 95 37 60 2 7 27 96 60 40 36 80 81 2 69 48 93 96 89 82 101 27 81 85 6 11 57 73
43 23 97 11 41 17 27 65 7 27 94 75 75 97 40 1 52 86 90 83 52 71 25 75 30 39 96 78 17 64 96 20 79 95 55 85 40 69 15 72 5 56 53 100 67 77 74 2 62 80
67 12 22 78 18 19 27 15 98 21 72 9 14 26 12 72 88 50 90 38 45 21 57 59 35 11 11 55 83 36 15 52 56 68 64 34 76 58 15 61 44 60 5 6 33 12 51 90 30 33
102 36 14 62 50 31 59 58 29 31 41 12 7 1 11 38 96 91 14 83 100 86 55 77 9 27 63 25 12 74 3 91 17 90 87 99 22 7 98 17 22 71 77 97 61 29 67 75 48 79
86 20 18 58 7 48 86 45 39 76 67 48 5 35 69 26 53 22 28 77 84 4 41 50 29 5 97 12 45 47 30 81 56 79 16 38 48 81 32 94 100 50 35 24 41 7 69 38 90 29
28 88 37 82 76 81 28 78 31 50 88 3 28 22 69 56 41 55 26 85 31 70 66 62 77 32 53 19 6 71 65 61 87 35 102 45 58 35 89 56 76 26 7 19 18 47 63 98 65 48
54 18 78 -1 55 75 24 16 91 53 81 39 47 73 22 46 31 17 13 55 46 48 95 40 69 47 16 89 6 8 37 47 2 87 39 66 31 81 39 91 17 13 69 12 67 69 57 59 87 18
15 61 6 85 71 44 3 45 49 36 54 61 52 66 102 99 20 99 59 32 89 52 6 40 93 52 76 91 7 2 59 57 75 45 16 65 81 69 21 3 41 75 30 5 46 82 86 87 69 9
100 37 49 46 100 81 37 11 46 73 88 23 11 52 59 62 78 -1 30 38 85 65 42 41 38 61 26 11 51 62 101 80 26 15 38 -1 75 27 78 94 98 44 57 69 69 24 26 4 71 32
89 77 84 34 71 56 97 9 15 67 45 84 57 59 61 1 65 6 33 93 40 66 36 2 68 35 7 33 85 89 102 92 52 9 35 74 78 49 92 68 18 23 75 16 66 44 38 23 12 78
14 68 76 30 23 32 56 60 73 88 87 89 82 59 36 52 17 7 46 82 66 64 29 53 47 78 56 57 99 10 35 26 53 25 81 59 86 92 54 91 48 4 46 19 37 12 99 96 31 87
15 59 30 97 52 80 31 87 80 12 8 11 102 65 35 76 19 85 24 59 23 1 11 27 65 80 27 23 76 93 74 100 10 29 83 92 43 95 40 83 59 74 85 10 32 95 91 6 78 53
57 21 8 62 38 6 2 66 98 16 45 89 42 92 27 76 88 45 88 89 46 63 66 10 75 25 86 84 21 27 56 5 8 43 35 86 33 34 70 27 68 78 25 16 72 63 24 11 47 61
3 64 22 89 25 33 43 6 71 37 37 62 73 88 85 78 13 14 74 43 35 93 23 36 89 40 90 19 35 57 8 95 46 36 93 98 30 30 74 14 58 56 20 2 90 41 10 51 67 70
82 53 60 46 41 86 99 68 87 78 14 90 100 42 76 38 29 1 7 94 30 3 47 -1 27 62 76 76 61 68 6 57 32 89 74 67 54 83 87 18 36 42 18 30 98 79 25 2 61 71
85 39 9 89 44 21 3 34 93 55 52 52 6 62 67 47 56 28 20 89 33 38 16 20 87 91 100 73 88 57 9 42 91 9 26 9 59 11 21 17 90 50 17 53 13 43 49 27 42 51
21 80 86 94 61 15 64 -3 32 38 48 69 48 47 84 77 40 71 43 23 55 53 47 6 38 58 87 23 38 1 73 1 101 10 10 9 58 64 54 51 95 62 33 33 97 19 5 36 90 -1
38 97 74 50 30 85 94 97 63 59 91 98 59 100 11 37 44 63 37 43 80 56 12 83 77 36 27 45 50 1 60 85 52 68 52 89 66 7 24 26 25 16 77 68 56 16 86 100 97 53
4 20 78 10 12 26 21 62 98 81 66 45 63 75 72 70 20 36 60 84 28 16 28 23 37 46 90 57 50 49 61 94 6 82 26 45 50 0 42 72 26 31 92 5 66 29 88 31 32 33
El programa tarda 19 milisegundos en ejecutarse.
