48 72 21 53 53 10 97 44 18 68 12 91 31 100 89 19 36 60 43 9 27 23 73 40 38 64 41 29 42 36 62 54 66 16 80 69 11 93 78 19 13 26 84 72 100 88 44 7 31 83
12 27 66 15 94 80 96 89 80 57 88 42 60 69 54 31 101 20 95 50 18 1 13 58 63 40 84 44 52 -3 52 81 76 37 101 38 46 36 51 2 37 80 2 16 4 5 74 8 16 39
46 77 74 43 56 21 58 76 66 72 8 96 68 52 46 94 39 48 20 3 79 69 75 98 35 100 78 23 18 4 32 54 19 4 65 75 22 68 80 72 48 31 6 1 13 6 96 4 70 5
18 31 38 55 7 60 28 84 63 32 85 19 20 41 26 93 82 27 26 26 49 81 101 85 46 81 79 -3 77 5 15 60 70 58 77 14 17 32 71 66 62 74 90 37 43 47 88 14 100 39
28 58 19 56 21 43 63 39 34 36 44 64 90 54 58 2 49 25 86 9 64 71 27 76 86 23 82 59 13 44 23 73 57 11 15 78 15 90 70 72 54 5 100 71 95 5 72 8 55 99
54 92 22 30 25 45 16 80 13 37 99 93 49 79 81 68 14 81 14 14 38 22 94 59 89 9 38 93 98 39 19 17 13 28 4 16 33 45 95 62 97 8 76 1 77 13 85 81 46 64
14 20 100 21 81 19 95 33 80 28 26 82 89 88 6 97 54 40 46 4 11 50 95 15 49 87 18 8 79 16 6 12 28 37 71 18 17 57 64 25 93 14 70 33 47 84 67 70 81 5
10 3 45 81 4 22 83 59 34 20 30 39 6 55 81 19 99 11 31 74 66 51 62 7 40 79 64 78 84 4 54 5 99 13 38 38 37 84 14 81 24 15 31 63 56 -1 24 29 50 61
39 71 75 9 3 61 17 76 70 71 85 42 35 25 93 89 54 98 4 70 72 1 6 25 73 49 51 96 62 42 99 13 31 4 65 59 100 62 59 10 45 1 36 7 13 39 90 27 90 45
27 44 35 33 34 57 55 72 94 90 18 83 55 65 93 42 46 57 76 66 35 54 45 61 94 91 95 -2 54 65 101 9 91 11 23 3 57 65 28 39 55 14 26 22 24 94 42 3 17 74
92 16 86 23 50 92 56 28 96 7 72 86 60 36 5 11 89 46 77 75 42 71 32 43 40 38 71 37 92 12 43 20 52 56 98 2 28 76 46 64 63 94 40 15 19 26 88 86 55 74
43 73 31 38 51 10 63 26 27 32 41 84 56 13 60 36 16 89 35 25 25 14 26 70 81 10 28 79 96 71 66 69 80 49 34 57 94 78 22 79 19 24 94 88 94 12 79 10 77 10
44 47 32 20 78 90 85 40 55 27 60 15 80 5 26 99 12 46 45 73 48 17 13 22 96 44 46 99 28 37 65 55 75 20 35 87 63 86 66 53 36 52 46 69 57 39 100 89 16 37
54 69 81 77 92 11 95 1 30 25 96 27 86 42 77 48 22 23 8 14 52 48 57 2 55 90 101 12 5 59 68 35 49 37 22 63 62 36 42 64 8 17 93 46 90 58 26 7 14 60
74 77 8 20 61 3 37 12 17 31 43 33 76 79 51 55 85 55 75 30 96 72 4 37 10 80 92 42 40 5 92 92 23 46 57 12 59 50 29 29 82 41 55 28 55 95 18 69 81 74
72 8 66 51 59 2 13 56 30 34 25 79 62 45 22 71 57 52 100 -2 25 57 58 -2 97 40 96 49 25 2 38 92 74 19 83 10 19 68 68 26 52 88 54 55 42 17 68 83 88 80
41 49 69 93 23 29 38 40 49 78 61 71 35 52 71 52 81 4 29 59 78 98 22 30 53 61 71 66 37 3 60 86 48 18 66 66 20 77 67 43 27 21 46 89 61 68 51 10 13 56
64 69 46 41 44 85 29 6 38 65 52 95 50 86 24 -1 27 75 43 51 46 81 40 41 83 68 3 33 52 16 98 17 90 13 85 36 33 59 15 11 55 12 94 77 78 64 68 24 38 22
45 55 85 67 61 38 35 6 62 6 42 33 81 37 35 39 19 90 87 79 42 2 31 97 17 90 81 62 43 19 47 52 60 16 23 39 101 52 11 66 84 92 9 74 19 23 94 3 32 12
95 88 26 59 84 27 97 27 31 41 82 15 79 32 64 5 57 15 19 57 99 52 22 21 93 2 4 -2 61 77 38 26 74 9 7 25 84 16 16 20 79 91 18 12 88 -2 60 38 87 20
65 55 13 69 31 9 46 24 101 40 86 78 77 97 23 54 80 74 6 24 52 82 13 2 36 96 11 47 74 97 83 28 24 47 59 82 69 18 87 72 5 16 44 76 19 39 102 3 70 36
12 60 2 13 42 96 44 26 62 -2 87 86 74 54 10 10 38 62 39 6 23 80 40 14 46 95 25 30 45 20 31 67 73 44 41 63 21 12 85 73 60 9 3 51 81 90 74 55 70 24
56 64 66 55 74 58 72 19 6 99 93 75 68 26 95 21 92 47 83 58 60 16 54 53 13 54 50 13 35 96 39 72 19 53 80 27 52 22 13 65 13 22 41 65 76 37 80 44 16 32
95 6 74 -2 99 44 8 5 24 42 33 64 61 87 38 24 65 10 64 28 59 75 61 -2 30 15 19 55 14 90 51 51 63 68 29 46 49 39 15 62 45 61 29 73 96 76 67 32 55 32
43 43 4 76 72 25 53 84 25 13 80 95 56 38 31 7 11 36 67 78 41 73 63 94 98 56 55 74 59 63 43 95 63 62 68 49 38 58 82 46 101 60 83 61 78 45 26 24 23 35
69 96 61 93 86 41 66 43 55 12 59 92 27 55 95 90 55 79 18 69 29 80 85 0 20 77 61 56 17 78 40 66 95 90 25 49 52 77 77 17 96 36 16 13 100 81 64 1 37 -3
59 93 30 39 20 17 65 18 68 91 13 21 89 99 94 42 83 65 19 97 68 11 50 91 17 16 35 60 42 20 47 40 28 66 46 15 39 85 70 32 26 97 63 15 37 22 42 5 43 52
85 34 78 74 85 58 47 29 17 62 57 39 13 35 94 53 97 0 97 83 10 35 4 36 4 49 36 2 88 28 52 29 38 25 89 91 24 52 87 21 2 70 44 93 21 59 11 72 29 27
15 96 44 79 15 68 23 45 67 48 17 91 4 70 18 38 77 63 3 80 10 54 80 64 99 95 78 50 43 22 80 29 47 100 87 26 31 13 39 47 15 51 39 31 65 16 16 63 97 45
74 51 26 1 78 57 71 32 26 73 98 49 96 35 76 51 34 4 43 17 25 19 76 31 8 54 30 6 94 40 95 31 34 50 49 21 99 4 87 14 70 56 6 84 66 28 46 56 94 59
29 7 44 17 87 67 71 51 13 81 30 94 43 36 65 74 74 90 57 55 79 87 32 70 8 25 74 57 94 54 42 14 55 32 6 65 67 14 17 88 34 82 81 67 88 81 7 14 92 95
55 75 52 1 24 81 68 85 78 12 25 43 8 66 97 1 64 15 8 25 84 5 66 48 89 35 47 64 60 96 28 68 100 18 82 37 63 47 31 -1 28 58 18 60 93 50 98 8 28 1
71 55 73 94 87 99 92 20 12 19 9 15 8 25 13 63 22 95 92 85 76 89 88 22 36 25 98 53 32 70 95 3 11 56 81 77 53 12 68 91 77 75 60 70 32 2 83 8 44 35
30 91 13 79 95 42 72 37 81 94 9 1 17 44 33 70 76 70 11 87 12 61 6 95 23 86 98 79 50 4 5 69 66 16 10 86 49 78 31 37 56 58 100 50 96 62 72 8 88 37
30 10 28 72 16 25 12 27 40 96 102 99 42 52 49 5 24 50 9 70 17 23 87 87 85 95 86 24 90 37 20 61 49 99 39 72 76 9 56 3 76 56 97 72 74 72 23 96 74 37
30 68 50 24 33 34 23 96 37 5 3 10 92 44 66 53 47 83 52 21 55 67 9 30 16 62 53 24 77 54 36 76 25 10 29 37 6 75 61 6 60 33 40 57 12 76 42 79 93 65
62 73 57 4 33 46 48 81 31 80 34 24 61 14 37 66 88 12 58 73 50 44 14 82 17 30 63 61 26 36 54 78 54 22 42 12 69 68 74 25 35 50 40 62 13 45 55 34 94 14
83 5 96 17 14 23 34 12 16 95 13 17 59 94 23 59 57 74 27 74 6 75 97 34 4 69 41 50 39 84 75 6 66 53 37 15 80 43 13 81 83 11 31 95 45 69 42 4 61 20
99 21 34 88 91 66 54 8 75 14 88 10 65 59 33 39 43 49 92 14 42 33 70 80 40 19 12 65 19 93 95 1 59 1 100 81 90 47 102 19 36 40 7 66 65 37 38 36 32 59
78 20 54 60 77 63 59 74 24 39 78 19 78 95 10 89 100 8 63 77 61 20 84 54 26 1 51 86 73 6 29 60 35 51 35 -2 13 33 34 3 35 90 76 23 37 89 45 85 14 23
92 70 75 4 92 6 29 83 95 7 12 61 39 99 62 45 44 15 38 49 7 79 24 55 32 55 50 100 27 61 50 58 3 65 58 25 25 52 8 13 100 22 54 97 39 94 20 97 69 78
24 82 23 41 65 77 80 78 16 67 4 46 21 33 39 30 89 78 68 39 47 31 80 33 24 39 9 78 27 7 3 46 56 19 70 89 32 19 66 46 61 6 53 81 54 38 48 51 12 66
72 78 35 17 62 75 78 62 83 23 72 33 52 84 40 99 25 29 7 47 44 29 54 3 30 22 7 61 96 36 59 80 9 1 86 78 88 52 33 9 15 60 44 41 53 52 49 34 33 92
28 59 13 3 52 87 62 6 19 83 5 53 6 11 77 24 4 32 81 73 36 2 84 91 5 43 33 7 86 52 22 83 64 86 85 94 86 53 65 79 96 29 28 37 61 39 17 87 69 81
7 82 45 48 23 96 78 27 87 75 83 62 31 40 4 43 55 86 45 35 71 71 3 77 26 49 56 62 49 10 36 86 70 66 36 23 55 20 49 76 75 27 8 99 54 89 75 41 16 80
101 54 92 44 87 23 90 89 80 91 43 86 66 94 35 70 44 67 80 67 21 83 53 44 11 70 36 85 91 38 94 6 67 11 13 87 43 8 82 82 38 11 19 41 96 20 80 90 22 50
70 74 68 58 30 75 94 85 75 48 27 11 7 32 59 43 99 76 74 3 97 9 24 87 56 43 5 83 58 86 25 62 88 82 24 19 33 79 95 81 43 87 99 98 43 69 93 41 28 90
97 51 50 -1 25 32 36 74 32 5 94 25 16 34 47 -1 98 84 22 73 8 37 49 18 97 49 73 72 17 4 61 70 74 66 100 85 56 45 20 63 4 75 17 94 11 25 78 47 15 47
14 56 31 87 27 77 29 62 91 22 54 10 26 85 58 94 84 15 8 91 33 74 97 52 92 62 33 65 32 28 74 67 28 38 19 14 24 17 78 7 55 8 72 67 26 94 66 31 77 17
27 47 81 49 7 50 99 6 93 55 98 19 38 93 73 50 85 42 43 1 12 48 89 96 82 60 77 90 86 84 93 19 23 7 4 21 74 64 31 -1 12 30 63 40 52 56 45 48 18 20
El programa tarda 20 milisegundos en ejecutarse.
