29 48 67 16 74 71 31 16 77 60 8 45 61 73 22 56 20 99 18 22 50 20 40 61 40 64 97 65 100 49 29 81 79 22 86 57 34 33 33 51 70 85 42 81 99 52 96 6 94 63
23 78 14 -2 12 83 50 87 80 45 78 76 7 67 72 82 84 86 96 94 14 91 26 79 43 42 75 92 94 39 75 45 4 44 73 45 10 1 94 69 97 39 19 9 44 39 70 90 18 8
28 36 41 16 28 97 34 74 73 25 79 56 50 100 45 56 15 69 46 84 5 14 67 42 71 31 41 15 77 39 98 69 83 80 29 96 79 37 77 11 28 12 47 71 91 94 74 65 68 91
4 61 40 51 50 45 39 -2 52 26 40 90 70 55 22 -3 95 3 26 74 80 51 48 3 82 79 79 92 67 60 27 48 3 44 16 80 58 26 14 16 64 92 83 81 44 42 35 2 27 1
86 83 20 38 44 88 37 3 40 35 73 2 92 6 68 1 39 78 89 6 18 69 65 49 49 75 24 3 94 51 66 53 97 53 77 23 88 41 18 42 3 16 65 47 27 50 37 94 76 55
77 62 69 5 64 46 77 85 71 81 31 88 31 64 8 95 16 27 100 53 23 8 95 38 21 59 59 87 98 56 60 63 92 95 95 92 33 89 10 46 5 16 50 51 68 91 88 36 82 86
66 63 84 53 54 76 26 19 99 22 42 77 99 9 34 65 42 16 59 54 13 52 7 28 48 27 5 99 47 30 17 10 55 71 41 89 61 14 94 23 69 33 37 81 25 54 71 74 25 50
34 44 24 43 65 60 68 80 53 88 2 -2 5 78 99 52 44 -1 7 90 28 69 80 38 41 91 59 11 100 1 7 62 73 24 39 62 40 86 86 25 27 73 59 41 53 2 66 51 78 39
89 25 97 40 23 56 34 96 18 31 33 42 94 30 43 94 102 61 55 65 12 66 81 22 18 2 77 40 77 99 10 48 8 42 27 77 80 51 64 92 17 77 95 33 52 49 27 37 37 68
3 65 9 91 79 51 100 87 23 68 33 56 58 0 18 81 44 45 67 79 35 32 27 0 70 81 59 24 10 3 94 2 2 35 65 30 95 83 18 51 24 22 84 24 7 16 93 -1 18 83
7 15 16 59 42 92 55 68 84 69 99 97 35 90 46 46 59 61 20 59 44 38 63 81 13 14 16 30 102 86 42 73 12 82 59 30 68 45 39 58 72 76 46 66 22 73 98 85 66 86
9 10 23 76 63 22 35 75 70 21 31 16 31 38 3 67 65 37 48 93 16 96 76 -3 18 70 49 11 11 87 90 43 56 90 9 38 26 27 52 75 69 -1 24 58 57 16 58 22 65 9
8 48 26 91 4 2 88 53 98 76 64 89 21 31 78 61 16 55 61 51 97 50 8 50 41 51 96 72 69 85 20 36 19 27 96 98 86 38 36 92 4 30 22 60 102 16 35 46 98 93
66 43 23 -3 11 35 44 31 4 86 34 33 50 20 99 74 39 87 78 76 91 53 64 6 34 29 44 43 76 13 64 66 21 38 18 45 83 59 21 20 26 94 86 0 99 -2 32 64 60 7
85 50 100 30 62 76 48 6 55 25 9 83 8 67 10 87 38 65 77 87 14 73 19 78 18 49 10 14 8 27 84 50 101 88 100 77 14 4 42 89 85 32 83 7 61 78 64 72 63 51
97 17 84 81 100 32 57 4 23 54 95 3 14 67 88 32 42 29 50 2 94 71 11 71 19 57 77 79 36 38 86 41 23 29 7 38 35 70 60 48 22 42 36 63 29 38 77 54 23 21
18 71 81 30 48 58 50 94 42 51 100 52 29 45 62 68 78 57 33 3 24 65 79 87 67 87 74 97 84 74 50 7 97 34 74 15 59 72 80 28 101 55 59 40 63 62 14 6 53 58
70 66 26 49 32 94 57 -2 2 25 56 25 20 26 60 61 98 25 28 20 87 79 19 26 7 25 83 91 79 36 13 85 54 12 98 77 4 34 87 58 40 94 54 73 43 25 46 86 84 72
33 73 42 22 64 42 95 50 90 34 85 77 57 42 93 58 12 25 21 68 37 21 58 68 44 1 72 41 60 31 67 62 43 8 41 24 8 83 20 94 92 86 23 68 102 11 96 96 94 59
70 29 7 42 87 70 15 42 61 41 96 69 91 8 53 36 84 76 66 0 53 80 51 23 36 59 33 67 7 37 74 56 85 72 67 49 54 1 40 85 61 24 98 55 62 9 44 18 65 12
53 52 90 81 39 81 11 83 70 86 58 75 48 44 50 68 19 69 35 22 35 22 28 76 26 4 3 87 50 97 87 38 58 55 9 1 19 16 3 32 37 33 35 29 66 22 23 68 93 17
39 84 64 69 55 83 56 35 44 73 66 61 7 3 58 7 79 69 62 71 86 13 97 60 94 89 54 80 101 9 73 25 23 34 63 35 41 15 17 75 46 72 84 77 8 30 55 13 76 6
79 27 32 6 81 80 83 44 56 4 100 19 37 79 21 62 84 54 76 45 31 12 32 62 40 73 84 2 20 15 31 7 80 44 98 5 45 37 90 5 93 77 51 21 23 46 99 21 66 78
46 49 91 17 52 67 90 88 63 9 81 65 95 67 61 96 63 57 72 74 29 20 60 71 38 29 31 -2 47 75 39 4 82 54 69 19 81 88 25 72 54 56 40 55 48 66 16 -2 72 88
76 86 37 84 48 28 59 27 40 16 86 73 46 21 13 41 32 37 27 81 91 52 7 27 89 6 6 4 70 37 11 35 41 65 101 29 73 37 91 50 46 99 92 94 81 36 52 19 98 76
68 6 43 46 7 0 74 19 75 5 34 48 99 28 88 38 12 20 50 -2 9 48 44 56 66 2 73 -2 14 27 12 62 29 30 30 49 100 37 82 82 22 79 4 52 30 22 63 -3 46 32
88 80 15 50 14 91 19 76 84 17 52 59 47 85 62 84 96 67 31 18 44 34 71 32 59 42 5 94 47 33 61 41 95 73 84 7 41 82 65 43 19 61 10 62 28 35 60 87 5 14
4 33 59 86 19 45 97 40 10 95 94 17 22 48 31 25 55 46 61 50 71 -1 87 61 20 45 81 25 3 3 101 51 94 50 70 8 90 7 5 8 27 62 2 36 65 74 72 78 35 92
36 20 12 22 72 98 14 65 20 13 23 20 86 32 46 14 28 66 4 5 35 12 42 87 92 89 63 8 94 3 26 15 37 73 48 72 20 80 49 7 30 3 87 100 20 43 29 33 7 26
63 78 14 51 4 48 26 45 32 6 97 85 76 12 72 93 37 94 76 20 82 64 7 56 18 42 52 30 99 86 35 89 93 21 88 42 98 92 47 50 63 65 48 61 75 50 34 96 74 95
25 98 52 97 7 75 35 18 80 21 100 51 58 49 70 55 72 63 43 82 39 6 68 42 39 23 47 66 59 79 41 47 59 17 88 97 14 87 12 11 18 33 69 12 6 26 101 53 41 59
13 1 14 92 57 31 85 71 81 25 28 -2 92 17 88 47 51 29 48 28 76 45 9 83 89 73 14 3 18 7 39 82 98 10 32 63 50 13 42 36 97 42 90 20 68 66 51 68 95 77
93 2 17 100 55 80 59 51 54 50 3 8 17 49 64 72 35 86 94 42 42 47 15 54 99 17 27 2 73 13 53 85 37 43 28 22 63 8 74 62 82 35 27 8 86 81 59 32 6 55
18 12 62 67 66 56 85 32 97 91 25 54 45 51 58 63 69 30 29 12 57 7 27 34 26 83 8 43 38 34 67 32 15 64 23 90 25 95 56 0 71 30 38 54 23 74 25 -2 66 1
47 64 99 39 101 30 99 82 10 67 15 56 87 10 41 63 94 81 62 21 8 21 8 78 15 67 28 62 17 50 12 80 26 25 17 29 24 100 21 68 7 71 26 25 19 52 39 32 39 92
19 91 74 -3 64 37 76 6 71 94 75 84 14 10 53 3 60 21 85 -2 99 50 74 72 41 35 64 37 97 24 88 11 29 48 97 31 62 6 45 65 59 52 85 75 62 46 71 88 23 75
27 35 41 14 27 84 86 46 66 88 28 5 25 23 35 37 18 74 65 81 35 99 21 95 74 17 12 9 83 13 85 26 45 31 42 30 30 12 81 77 14 86 60 29 99 58 44 94 99 42
87 16 69 63 69 3 31 90 101 3 73 44 82 73 27 85 19 70 34 36 29 -3 90 94 76 0 73 32 19 78 66 67 33 47 44 9 93 79 69 89 95 -1 74 32 101 38 10 11 51 -1
43 95 10 3 28 56 65 35 91 84 77 1 86 64 51 73 85 45 68 2 91 2 46 65 37 29 96 79 59 4 52 88 82 43 100 86 102 92 88 1 63 94 15 59 48 77 12 90 52 49
85 44 95 57 81 60 35 53 25 60 71 24 59 56 25 18 27 96 41 91 94 67 85 5 77 47 94 31 32 76 64 24 28 46 3 22 26 89 99 24 34 86 18 68 68 86 25 90 45 90
70 86 45 25 84 30 27 70 63 64 95 80 45 68 46 48 4 64 39 14 67 43 34 85 94 70 69 83 68 18 30 96 64 29 58 19 77 48 55 43 50 55 14 97 92 28 70 84 36 65
70 17 59 43 24 59 100 86 16 5 62 48 3 13 46 52 95 58 68 -1 8 86 13 43 14 46 78 47 51 12 85 87 65 35 92 92 41 92 55 18 37 46 53 81 87 70 101 18 61 20
65 64 52 6 90 42 48 28 80 4 26 62 15 39 72 40 101 52 20 6 23 10 38 75 54 81 74 49 4 90 30 64 17 43 38 74 36 36 17 80 10 45 92 64 7 34 77 86 90 6
86 90 69 92 57 39 2 58 23 63 91 25 95 88 83 18 22 93 99 81 40 25 5 5 31 72 48 44 77 0 20 18 82 77 51 92 42 18 55 0 96 90 50 42 55 42 27 9 91 54
19 88 36 6 17 24 41 86 29 40 70 70 12 8 101 83 17 94 33 47 91 71 95 69 27 44 7 100 28 43 15 6 36 99 28 13 35 47 96 50 63 24 62 37 65 9 59 8 37 72
93 83 45 55 37 56 68 94 77 89 23 53 29 59 42 59 79 12 34 31 36 57 44 58 12 70 22 26 89 73 68 50 53 50 77 74 63 32 85 58 77 88 81 54 43 56 54 73 54 46
53 26 82 43 23 82 102 36 46 83 60 71 34 81 82 20 50 50 55 73 39 96 76 63 84 56 69 97 100 74 99 62 80 58 63 58 100 18 16 56 19 51 13 5 22 8 79 69 40 38
83 80 56 20 5 84 46 54 73 22 42 36 51 68 88 3 86 52 62 72 62 64 76 87 38 15 31 29 2 74 75 94 88 67 68 8 85 84 63 71 63 57 26 38 74 54 77 48 22 31
27 34 15 47 63 50 63 10 21 36 13 10 95 54 73 100 72 74 81 84 71 52 92 12 43 96 16 74 48 64 16 34 17 50 70 80 101 11 69 69 88 61 38 40 34 100 31 11 19 100
71 73 34 22 81 43 28 44 88 79 93 12 19 42 65 5 44 56 6 59 37 55 86 8 80 5 30 23 92 35 30 8 63 52 74 10 90 69 82 85 84 18 35 26 62 60 42 87 87 -3
El programa tarda 19 milisegundos en ejecutarse.
