27 46 100 71 15 99 57 68 72 93 4 86 66 54 19 56 11 51 17 2 18 98 95 27 68 94 99 12 87 99 17 92 83 70 14 98 44 52 56 21 88 71 28 86 58 43 56 69 12 62
45 69 28 34 7 91 26 60 5 14 52 26 80 87 23 32 24 46 100 57 35 78 96 -1 76 38 17 23 90 48 63 10 37 52 60 18 17 22 44 39 32 49 51 65 76 -1 86 47 77 20
88 63 35 14 10 81 76 88 52 4 14 69 98 55 49 58 20 17 64 92 71 90 75 84 44 68 65 72 12 60 91 2 63 31 97 92 29 49 68 73 76 66 36 85 77 9 69 74 73 6
51 41 77 81 55 67 5 74 41 93 3 78 86 6 60 89 2 95 14 96 43 79 38 68 27 15 68 29 64 59 79 16 99 22 39 30 73 8 69 38 92 84 18 76 40 12 29 67 18 38
84 93 3 90 69 51 79 19 48 95 38 55 44 93 96 100 41 12 73 99 76 6 58 56 79 50 55 47 97 57 83 5 21 2 32 26 40 26 82 65 16 71 18 83 91 46 99 8 3 15
36 -1 60 52 35 28 3 32 61 25 61 -2 101 8 22 88 13 77 76 59 45 93 52 80 72 30 68 86 48 52 42 42 6 85 62 77 101 96 76 68 50 51 3 30 84 21 70 7 62 23
68 46 27 62 93 45 47 31 78 59 13 22 54 29 29 48 60 63 60 68 32 46 15 78 31 7 97 69 21 14 75 68 16 80 93 97 20 42 29 36 22 66 47 83 8 38 23 64 22 86
13 45 61 89 29 24 37 61 34 64 19 4 14 5 7 9 6 20 95 32 32 78 84 82 90 78 87 54 74 87 100 70 60 80 57 6 56 51 97 35 34 21 52 24 20 56 10 84 34 78
7 93 20 27 35 59 84 3 46 71 61 72 35 55 23 73 71 94 62 95 82 62 100 10 7 32 41 56 95 16 87 77 42 36 28 34 51 24 7 85 81 64 86 73 87 51 86 44 99 12
72 59 89 14 53 83 66 15 82 3 75 75 70 53 83 19 41 69 75 71 46 46 42 61 58 37 95 81 77 38 96 85 54 64 25 3 20 48 32 80 3 65 91 48 82 12 44 45 79 52
93 42 90 63 66 100 86 92 69 22 64 41 17 25 7 61 79 38 29 10 64 82 13 47 93 56 15 18 7 79 5 87 29 97 38 17 26 79 87 25 84 31 71 84 66 35 91 96 44 54
37 64 43 27 3 12 67 26 89 49 98 92 66 40 79 81 48 34 14 4 43 48 24 69 34 46 94 11 82 23 59 65 96 48 76 26 12 65 87 32 22 4 97 75 60 80 67 77 4 12
51 16 69 66 42 14 72 38 11 32 47 20 72 39 19 60 4 8 102 91 77 76 7 73 50 13 21 72 13 74 4 70 11 25 99 19 35 59 77 85 15 41 38 2 27 59 87 25 47 96
62 54 10 48 21 63 22 4 28 32 39 62 71 19 77 20 14 38 57 18 48 -1 57 20 25 19 84 72 85 11 75 18 51 56 34 29 69 84 77 57 55 43 101 9 10 13 31 82 88 68
60 4 35 45 36 58 50 51 58 39 49 50 3 36 48 51 13 59 36 91 69 26 25 22 38 72 62 39 47 98 48 21 39 15 5 94 95 5 88 87 77 63 46 50 99 54 30 20 98 66
74 84 71 21 97 55 45 87 94 81 26 21 77 52 24 0 47 70 72 21 63 5 82 22 79 2 37 28 88 88 25 30 16 73 25 66 91 81 85 3 28 33 58 84 32 11 90 22 97 90
58 22 71 41 38 85 21 73 65 62 57 48 41 64 10 94 14 19 13 39 8 83 72 78 93 80 87 38 88 29 77 9 76 3 22 41 71 23 54 92 90 95 68 80 39 79 72 84 58 54
23 75 7 61 86 14 50 92 101 28 99 62 73 6 3 72 25 18 34 12 67 28 101 82 32 53 36 42 81 8 48 82 31 5 97 53 82 53 53 91 19 52 28 27 34 33 3 56 89 86
3 27 49 68 17 69 57 29 75 29 88 81 90 79 99 31 15 35 34 65 80 84 87 30 4 25 94 21 90 29 43 18 83 26 16 69 44 49 62 48 32 60 44 89 72 6 84 33 45 73
17 86 40 22 92 71 16 37 13 41 8 71 86 28 52 26 73 17 78 28 48 12 73 43 66 -2 75 24 2 82 76 -3 83 90 92 71 44 66 77 74 62 32 54 -2 75 27 30 74 89 68
19 62 79 61 26 90 25 59 97 95 20 77 80 88 44 5 64 38 60 40 98 76 11 76 8 39 13 29 63 19 101 6 11 3 81 34 66 36 46 97 89 75 59 64 4 46 92 7 12 56
85 64 3 80 54 40 92 78 76 18 36 32 38 27 16 22 81 28 48 50 55 -1 42 5 43 50 11 57 38 38 99 12 44 24 65 37 60 75 66 56 74 77 24 80 88 4 6 36 65 45
52 35 33 90 87 86 58 11 25 53 86 47 8 83 102 50 58 95 44 69 33 24 18 69 45 66 64 89 77 34 56 46 43 15 100 100 7 49 39 83 7 53 11 10 61 61 65 1 44 33
60 61 73 62 18 79 54 16 13 88 92 46 19 47 81 22 27 24 99 17 83 53 62 7 90 48 82 76 95 -1 81 48 32 18 17 51 22 17 63 37 48 90 57 74 4 80 34 71 78 74
45 62 96 40 66 30 35 36 80 98 63 62 63 41 98 59 22 6 55 73 75 26 98 54 7 82 90 5 30 37 57 35 5 41 41 63 13 18 59 3 43 46 7 31 64 95 78 54 83 73
95 40 46 36 85 52 22 42 74 81 17 82 2 65 48 41 41 6 100 67 72 18 82 73 34 -2 37 49 79 49 80 54 85 85 88 9 35 75 78 39 81 4 77 38 95 60 101 1 86 72
26 81 98 82 81 58 42 6 17 61 19 11 33 57 48 84 68 57 102 95 11 33 89 92 30 47 97 63 23 49 71 43 17 65 9 93 72 76 55 59 49 58 63 57 84 24 38 19 59 8
21 84 5 84 88 35 87 63 100 49 96 76 55 82 80 18 98 20 50 69 2 16 54 87 9 80 18 60 22 8 100 94 92 96 22 32 68 4 27 9 29 55 65 76 63 0 85 13 72 53
100 5 8 72 15 48 79 58 98 43 83 57 90 50 81 98 33 33 20 14 84 94 37 77 75 38 88 73 63 81 64 70 49 28 11 40 74 28 42 65 19 36 32 83 96 90 45 76 91 62
66 47 70 88 43 16 45 0 27 24 29 47 71 46 49 4 12 21 75 18 62 64 4 82 73 50 99 96 94 64 27 50 26 35 28 58 2 95 80 61 58 61 46 14 33 15 89 47 41 59
26 27 76 99 15 100 76 83 61 80 68 2 65 32 92 2 96 54 79 24 81 50 15 73 93 15 14 97 15 68 54 13 70 87 81 76 81 62 68 74 3 43 33 60 62 90 35 62 3 68
62 23 98 54 5 84 69 13 18 78 88 51 47 61 2 49 66 33 70 71 73 84 35 33 19 77 82 77 40 60 95 24 3 15 13 7 54 69 25 75 40 55 72 4 9 79 7 63 60 3
73 24 57 41 87 87 75 82 90 47 67 26 82 77 73 63 27 32 60 22 11 87 24 35 32 50 88 57 8 84 97 88 11 71 96 15 74 62 38 97 57 61 22 11 98 11 45 76 92 50
83 87 56 39 52 87 64 92 78 91 56 95 18 66 76 63 91 -2 89 67 45 49 20 -3 73 20 12 15 10 55 58 20 67 47 72 65 75 69 61 33 55 31 40 14 98 71 96 91 85 69
19 83 64 62 44 46 86 41 41 67 12 42 49 1 69 71 78 39 40 91 79 47 8 74 16 41 87 15 16 35 17 69 79 67 37 46 6 1 66 52 96 93 100 68 58 92 24 19 53 36
57 57 50 15 10 34 67 70 84 82 9 49 92 15 81 60 72 71 27 33 55 31 55 29 25 87 74 70 37 89 16 29 4 52 18 21 21 56 93 67 41 77 20 18 93 76 27 76 40 42
8 71 34 58 62 73 43 2 39 22 99 79 29 98 30 90 85 99 101 97 10 93 78 27 22 54 98 9 20 4 5 72 98 59 50 100 40 21 50 81 3 56 12 26 17 27 98 32 92 49
50 59 86 92 32 50 2 72 29 46 98 50 74 0 85 13 81 -3 46 4 45 72 44 24 65 49 30 -3 59 25 32 84 92 86 9 40 36 73 80 7 40 51 14 40 87 75 24 67 14 29
40 17 17 2 82 17 24 80 17 66 40 71 79 95 58 16 58 48 10 18 38 2 6 23 15 77 10 87 69 25 55 1 75 28 48 71 25 60 31 79 24 39 54 74 35 1 4 95 19 27
83 35 82 42 52 68 52 62 67 64 41 59 51 61 24 90 54 33 53 4 56 54 26 34 51 80 18 93 66 26 15 90 51 5 39 61 7 22 39 74 100 28 34 63 65 87 31 39 48 76
14 100 58 64 84 45 82 10 70 68 25 41 71 74 37 93 55 94 79 36 99 100 39 6 19 65 43 20 70 4 17 5 39 70 65 13 8 79 84 87 80 53 94 44 89 35 95 67 41 95
49 17 60 32 11 -2 91 -1 25 69 47 48 36 62 6 68 98 39 74 2 5 51 44 27 49 61 62 51 32 49 31 -2 11 31 77 21 69 8 43 40 82 62 28 85 9 18 5 31 4 94
48 73 43 66 47 27 71 78 9 9 60 89 72 85 7 61 61 82 46 33 52 87 69 69 73 40 20 11 41 41 22 27 30 58 9 19 63 50 7 63 29 79 59 14 30 39 14 24 50 71
29 3 98 11 3 65 13 77 21 49 53 24 62 15 41 54 20 14 89 47 74 88 85 91 82 79 33 96 38 36 99 93 74 91 12 62 82 72 53 81 48 69 72 13 38 52 26 88 22 51
7 6 81 41 22 96 79 9 34 90 50 76 94 26 22 70 40 34 6 44 79 4 50 60 90 69 85 92 72 31 22 14 49 30 60 29 86 18 37 23 85 78 22 47 89 24 62 39 33 85
36 13 14 58 48 31 54 55 33 52 66 54 56 7 17 1 47 69 92 1 62 61 65 66 15 30 77 31 5 84 73 5 83 5 88 78 28 57 6 77 98 84 78 41 89 42 9 41 77 74
10 49 71 98 9 29 76 21 77 64 96 52 13 91 9 96 35 40 46 63 16 76 91 88 55 65 24 87 71 78 98 49 64 52 13 47 69 15 61 69 44 5 30 11 38 3 56 42 6 35
58 77 62 84 52 94 48 14 41 78 79 51 14 19 72 7 24 62 2 43 89 -2 17 76 16 7 68 30 13 45 25 89 95 49 35 31 23 0 73 85 72 80 52 83 66 28 10 31 95 18
86 97 22 29 82 9 56 6 75 31 92 27 60 88 35 6 57 20 32 73 83 32 87 18 73 1 15 93 82 79 70 12 48 5 55 84 57 4 42 35 17 73 33 98 10 97 15 90 28 56
100 95 65 68 10 54 43 22 62 6 39 5 64 -2 32 15 49 89 11 84 91 5 15 65 39 10 33 67 71 27 8 15 93 84 81 35 64 32 77 2 4 17 12 82 26 89 89 57 86 65
El programa tarda 10 milisegundos en ejecutarse.
