29 83 41 78 47 52 64 87 39 36 65 71 50 93 23 23 71 92 62 39 11 9 67 27 14 2 81 25 21 77 93 51 32 70 35 60 99 48 57 97 84 51 29 97 42 75 31 86 43 39
100 44 44 32 35 73 34 29 22 87 90 54 39 33 16 57 59 49 53 25 5 59 50 88 91 75 86 38 14 -1 49 68 28 64 76 11 16 29 98 53 85 15 95 82 72 72 88 33 94 -2
73 73 97 89 101 69 76 88 63 39 5 41 35 66 85 68 9 18 36 45 72 4 17 53 95 87 98 50 15 52 30 51 50 74 58 84 43 32 17 39 60 63 74 97 79 67 50 96 80 21
39 63 45 67 58 46 57 49 97 51 76 82 29 62 21 73 24 12 91 78 34 75 87 53 9 18 58 58 22 24 82 48 77 28 5 45 34 72 94 51 19 25 48 26 31 -2 98 33 37 0
55 9 37 2 16 24 23 57 45 71 30 41 7 63 11 47 30 68 61 38 101 62 90 10 99 90 56 79 16 2 61 27 34 56 30 88 34 65 66 4 13 67 47 2 7 28 41 19 8 80
78 27 30 -2 51 9 17 12 48 89 20 22 24 52 68 3 78 64 38 47 88 15 79 15 59 91 93 60 72 -1 89 47 16 14 2 31 29 31 69 61 52 47 70 -3 99 19 86 90 73 7
47 9 13 24 76 65 37 62 58 76 89 75 53 95 75 30 17 57 17 87 72 76 92 22 70 16 89 100 92 44 29 42 32 37 30 55 30 97 40 73 6 33 65 33 5 13 38 92 7 31
87 43 93 74 93 25 21 38 43 9 72 30 3 73 81 45 32 24 86 87 46 23 32 59 94 12 96 75 3 74 15 33 38 35 88 20 27 45 9 40 14 74 32 75 54 85 92 34 60 23
45 40 9 65 13 73 52 56 76 32 53 84 94 53 49 40 43 46 74 51 6 11 21 63 53 51 5 96 76 65 81 29 22 32 32 22 21 1 70 52 55 7 26 31 23 55 70 10 53 32
9 47 96 14 37 67 74 6 40 76 96 76 84 34 45 34 73 89 69 78 50 61 3 77 38 87 64 45 40 38 31 37 33 93 40 8 23 50 8 64 38 15 32 53 15 56 69 29 79 25
85 49 95 46 79 49 13 41 40 20 24 48 33 25 102 76 51 18 63 46 64 78 10 55 68 63 20 87 11 38 35 61 93 55 61 81 63 25 42 37 19 14 67 60 102 94 94 45 98 76
31 24 13 45 73 80 96 45 21 20 15 89 37 35 40 11 43 61 37 65 71 13 55 36 95 57 59 85 9 89 40 94 98 7 75 71 55 65 63 58 26 18 50 42 14 5 40 83 87 -1
83 31 13 27 29 96 26 40 97 96 80 21 85 58 40 49 20 9 11 76 30 92 43 51 15 76 40 4 33 60 14 30 93 32 76 74 22 27 99 71 8 72 10 50 59 94 85 73 102 41
70 41 49 27 37 86 83 30 90 63 86 76 77 60 27 59 31 -3 20 94 48 15 38 -1 47 50 22 43 87 48 26 12 14 70 93 64 7 43 70 8 32 90 11 95 53 71 78 4 93 84
35 100 88 67 68 88 75 20 98 19 19 82 26 70 71 33 77 5 85 97 20 38 16 7 5 42 40 85 71 94 35 82 52 79 21 74 8 39 19 29 22 60 88 95 69 92 37 7 26 93
58 48 17 91 8 43 15 4 92 90 77 65 13 42 7 82 86 51 29 15 100 59 31 70 84 89 98 9 26 53 62 1 27 49 34 61 51 93 40 87 79 20 74 96 45 31 89 56 13 78
21 95 100 40 65 55 53 14 87 18 49 10 18 20 79 87 92 96 34 24 45 25 67 98 3 99 77 2 56 25 19 17 57 21 42 71 94 47 82 14 20 82 94 72 67 41 82 31 48 96
96 50 95 55 21 30 69 67 101 15 89 21 10 62 8 36 17 38 79 23 25 75 7 31 67 67 91 35 20 10 15 51 67 57 41 48 47 66 69 89 97 27 69 68 34 54 67 19 28 21
53 16 51 61 16 49 33 15 70 13 45 17 3 85 11 95 99 95 41 12 30 11 84 35 72 28 35 53 97 18 46 6 19 13 3 40 24 51 85 87 82 86 38 84 75 92 5 21 71 60
71 7 81 59 2 75 92 -2 40 61 10 31 5 44 90 50 3 6 12 52 46 54 52 13 26 63 44 63 47 89 90 65 90 51 54 33 39 83 99 85 80 20 77 47 27 67 40 93 68 83
71 39 95 21 10 42 6 91 92 7 89 49 92 92 66 99 3 38 49 17 5 11 23 53 45 45 53 60 85 32 53 50 25 12 3 62 74 44 81 53 96 59 80 31 98 71 31 11 44 91
18 26 60 1 36 68 94 43 11 93 83 9 18 94 3 42 20 43 64 33 55 24 8 82 52 23 42 60 77 39 37 64 56 93 93 16 81 23 17 24 16 20 80 16 35 35 20 95 64 29
46 88 25 23 38 63 27 50 13 20 55 33 77 36 96 24 42 48 20 48 19 98 77 20 49 43 93 97 80 89 46 11 79 53 102 37 66 98 38 22 16 72 5 30 11 30 37 2 39 78
54 22 41 42 39 5 75 87 47 49 10 70 15 64 15 43 72 49 86 66 87 2 71 58 18 31 90 56 100 82 6 66 96 15 23 83 58 96 69 23 95 -2 29 63 39 74 7 25 68 57
76 4 29 43 35 89 19 83 42 28 21 98 85 65 49 83 72 51 84 36 91 27 65 42 21 74 94 15 44 24 66 96 73 62 63 26 32 78 68 38 58 82 46 48 76 5 21 22 68 86
78 78 2 59 32 78 42 51 86 87 9 56 16 0 3 56 75 89 33 73 96 11 25 90 83 87 22 91 65 71 89 86 62 28 55 13 76 78 69 12 11 18 77 30 95 35 17 11 85 48
50 82 67 32 66 55 54 3 7 74 49 13 70 67 75 42 93 10 35 9 40 14 14 18 19 4 78 76 49 14 28 21 39 82 49 78 11 100 79 79 69 22 30 76 72 7 69 87 80 65
10 25 49 -1 92 89 35 1 35 51 11 0 50 -1 59 25 28 16 93 60 87 61 65 82 78 19 89 93 26 41 60 86 84 7 54 85 20 6 28 82 72 46 13 12 55 74 37 35 44 15
77 50 60 4 38 37 17 13 78 46 101 3 38 90 64 70 6 26 94 39 80 80 67 57 96 5 42 25 55 13 39 80 92 36 78 17 12 44 76 10 3 46 83 93 78 95 49 23 9 18
2 47 66 90 49 11 93 16 87 63 68 76 43 26 12 88 14 -1 24 74 85 10 20 49 91 44 40 25 27 75 7 63 34 26 97 19 7 44 33 93 56 38 58 70 85 8 55 34 46 63
74 43 95 13 81 90 94 85 40 86 102 45 94 28 88 13 76 92 7 29 45 82 28 98 90 30 22 8 95 14 88 67 86 26 100 66 51 82 40 12 19 44 20 68 37 2 28 53 81 20
42 74 96 64 41 10 8 -2 91 88 11 80 45 95 24 75 15 0 68 7 34 60 55 94 57 87 45 41 53 5 86 10 19 69 68 65 90 38 59 11 101 96 64 51 12 85 9 12 60 61
27 96 30 57 98 20 7 42 55 6 4 61 98 83 48 96 37 13 15 83 32 35 34 29 87 34 73 29 66 49 69 43 65 2 37 73 14 43 97 43 27 91 67 45 5 76 73 100 89 60
30 76 19 61 76 56 6 95 37 16 100 30 32 69 3 66 69 65 76 67 37 45 90 48 41 21 78 48 21 -3 65 40 92 31 24 64 80 7 93 -3 7 51 99 51 61 26 95 69 14 3
68 14 93 5 99 94 102 74 79 69 85 94 26 47 65 61 67 14 43 4 29 87 56 18 56 22 74 64 3 97 15 15 9 44 70 37 12 18 97 92 90 100 12 98 34 88 27 45 30 51
13 63 3 48 38 8 10 1 7 51 97 44 92 64 13 80 43 52 5 79 73 44 84 68 38 16 79 40 2 48 31 0 26 54 38 10 30 5 40 78 61 82 91 81 91 92 74 13 96 -1
7 90 28 36 12 35 43 49 11 92 20 35 15 96 59 13 29 12 88 27 43 20 57 57 91 74 38 16 64 17 95 2 50 98 68 72 4 49 10 76 6 81 79 92 63 92 11 17 20 33
28 27 70 74 23 4 65 64 34 90 64 7 76 47 61 57 23 2 18 -2 44 25 57 20 64 22 48 73 13 3 97 60 44 61 77 31 19 71 61 15 80 19 28 59 74 27 69 86 62 55
99 53 91 48 94 17 73 46 98 48 64 92 14 63 40 94 90 41 63 73 22 3 9 34 56 84 60 41 36 40 38 90 57 90 84 73 11 81 66 89 84 38 76 4 33 60 88 91 11 99
99 94 39 77 50 23 96 62 13 59 17 20 62 76 90 26 24 59 44 32 46 54 44 58 68 66 97 80 14 26 42 64 87 52 38 72 36 26 89 36 18 40 45 47 7 52 19 26 85 34
57 88 70 1 30 90 70 9 32 13 16 18 36 86 17 21 73 85 101 82 8 64 82 8 41 84 24 18 43 25 30 43 50 53 65 2 61 43 50 60 57 47 86 45 61 30 40 12 56 4
30 38 48 26 74 90 38 32 89 10 29 -3 66 44 10 96 92 95 33 14 76 22 42 7 79 56 13 85 40 95 9 86 32 12 33 92 7 10 55 70 83 17 30 74 26 52 69 14 25 32
29 28 102 51 72 75 99 75 34 72 21 32 49 39 21 26 40 53 25 43 71 61 84 66 14 33 62 52 96 10 51 28 59 82 63 17 44 12 3 88 58 31 14 97 75 92 33 80 56 2
15 20 29 16 86 54 27 31 70 64 9 11 93 54 34 73 18 61 89 61 40 35 91 14 22 91 9 65 76 87 64 62 71 7 86 14 61 55 84 8 51 71 21 45 82 95 60 19 5 46
21 52 15 81 11 62 84 47 48 24 93 3 45 26 47 26 56 80 16 67 78 44 76 1 101 72 20 56 50 86 21 8 3 91 66 88 83 72 56 23 27 26 45 51 5 79 55 44 100 26
97 33 14 72 91 68 59 84 85 36 67 60 23 52 45 42 78 75 18 63 29 94 40 60 40 40 36 18 89 5 33 33 17 8 77 59 45 78 75 53 72 58 3 77 79 17 30 5 25 62
49 24 73 30 58 82 70 74 97 63 70 63 65 37 95 96 17 29 40 81 24 44 36 51 58 12 4 81 54 92 19 36 16 65 88 69 79 33 71 46 11 53 8 13 45 10 32 36 53 64
100 94 48 82 71 0 65 23 52 37 95 55 98 49 5 46 3 76 11 56 24 36 7 47 5 12 59 33 11 35 22 30 84 72 48 79 22 48 35 61 28 31 21 68 45 73 94 10 85 0
75 3 69 91 71 100 72 87 34 56 20 11 35 29 4 48 94 22 7 61 22 29 9 46 101 69 14 26 22 16 77 36 25 31 40 95 21 43 68 38 66 51 93 22 59 22 74 21 65 18
71 41 12 6 6 50 48 56 89 40 91 13 62 22 9 92 39 44 19 53 79 33 84 63 91 91 39 59 93 93 18 79 72 13 52 30 52 8 6 52 82 5 94 80 53 11 42 14 29 94
El programa tarda 19 milisegundos en ejecutarse.
