100 26 86 23 66 24 72 51 75 34 18 84 35 96 26 20 60 89 101 29 11 36 55 19 82 93 48 32 27 41 19 30 94 33 50 98 55 98 5 53 79 67 91 3 9 31 30 8 27 11
42 5 22 80 2 44 4 57 88 89 47 -1 13 47 65 14 86 64 13 65 90 60 62 86 15 79 56 0 33 8 84 0 31 18 2 63 23 -3 10 41 42 43 66 81 79 70 50 3 74 55
98 8 77 90 32 18 86 64 82 74 81 58 38 80 59 60 99 19 60 24 16 36 70 6 64 77 49 3 98 48 22 24 27 48 10 2 19 58 79 35 100 37 10 77 14 55 53 53 41 84
83 18 31 75 23 67 100 29 82 67 2 32 88 12 26 27 16 77 28 89 85 64 79 31 31 8 11 83 18 51 88 70 94 21 21 66 92 67 70 90 68 61 60 55 36 86 88 86 94 -1
99 85 61 70 13 92 36 53 73 39 91 54 8 63 25 79 70 68 67 36 83 29 31 67 54 73 94 29 51 44 43 38 88 3 98 64 99 68 20 96 70 60 18 13 65 2 75 60 87 43
22 83 61 7 80 30 54 95 56 86 12 27 7 77 88 77 38 -3 70 40 47 24 30 -3 72 25 50 48 81 15 31 33 44 56 80 2 80 83 57 46 8 80 66 52 59 -2 66 91 93 82
30 28 30 36 84 45 86 26 26 54 100 44 69 61 60 44 10 98 37 37 40 75 66 73 64 67 92 29 24 71 97 35 12 92 25 44 25 77 3 60 100 16 14 49 35 12 6 54 102 34
20 30 39 32 49 92 92 56 41 41 87 6 86 56 83 21 74 65 13 58 68 61 19 24 78 93 49 8 17 17 89 89 8 29 68 1 82 15 93 -1 45 19 23 43 2 65 55 14 58 1
91 58 39 9 101 99 80 31 34 78 49 18 22 80 53 97 36 88 10 10 92 88 7 73 72 30 17 4 24 75 74 37 28 55 8 84 72 23 17 50 66 14 102 93 10 53 70 16 12 72
41 35 59 5 101 21 14 19 83 90 38 34 38 68 89 30 74 17 44 66 17 86 51 24 3 46 13 55 63 48 7 -3 32 0 2 59 97 26 61 34 20 33 93 51 27 95 35 47 17 17
18 94 80 47 32 73 88 33 40 11 68 18 86 75 68 81 64 75 7 87 64 88 7 3 42 54 23 73 35 53 14 27 92 81 24 15 5 17 11 49 74 82 11 65 84 69 94 96 67 53
56 95 52 64 14 69 38 53 98 23 13 3 62 -1 24 -1 86 45 74 29 97 9 34 21 10 9 82 82 56 26 70 56 95 47 101 53 57 84 11 5 22 0 23 66 51 46 99 13 28 59
33 17 97 14 53 18 94 94 79 28 79 41 59 22 9 10 19 54 73 33 45 38 89 15 36 66 36 46 26 72 76 37 55 30 81 11 72 35 37 22 98 99 52 16 44 48 75 57 54 26
16 42 98 34 75 24 61 1 48 0 56 48 75 59 27 63 53 47 80 36 36 91 24 16 59 37 9 82 35 33 42 88 100 40 54 71 19 71 97 7 36 58 44 33 89 8 99 43 91 8
68 11 100 12 58 86 24 11 67 99 97 41 68 25 38 83 78 23 28 86 94 91 15 97 6 98 101 18 58 30 15 74 97 81 65 24 97 36 75 43 40 65 53 4 46 85 21 41 8 18
5 45 48 10 51 57 24 -1 51 -2 27 59 65 6 14 8 41 -3 46 46 47 32 77 1 37 37 41 66 26 13 78 41 10 90 29 26 80 37 71 59 8 4 100 39 36 5 78 83 82 33
48 75 5 42 86 34 94 90 9 100 44 72 59 44 37 3 18 96 29 52 57 93 44 67 83 11 100 15 8 35 73 63 37 75 82 65 92 40 79 1 51 18 21 78 16 40 17 47 76 46
80 41 93 -3 52 88 69 67 75 95 66 66 51 95 27 94 54 85 26 76 81 25 8 18 49 -2 10 3 54 36 43 68 57 44 6 0 84 89 52 24 26 47 67 65 52 22 16 79 43 21
35 15 81 71 77 18 63 14 14 46 81 26 59 37 31 26 48 65 11 15 40 61 66 1 99 60 71 82 18 76 27 89 13 52 12 13 41 3 66 14 44 95 32 92 100 10 49 69 46 59
7 2 7 5 100 58 76 45 61 78 17 81 91 96 66 27 67 9 38 62 83 90 37 58 56 92 55 25 2 4 79 57 67 4 78 89 95 94 29 57 50 66 57 43 2 3 96 13 25 96
52 19 46 14 40 82 48 33 24 84 7 46 77 62 40 69 21 58 66 17 98 10 85 86 44 34 100 37 12 32 96 4 15 55 79 11 19 99 96 13 25 31 8 28 32 3 87 90 74 37
87 89 65 96 94 60 71 66 19 66 57 4 93 5 60 19 44 27 10 74 69 71 49 20 15 18 61 44 77 81 99 43 42 4 12 34 90 54 95 78 38 40 85 54 41 31 76 31 84 79
85 32 24 23 29 81 69 37 71 63 95 75 60 2 79 20 93 84 77 82 99 73 50 71 32 83 91 33 96 96 102 24 33 87 29 77 28 69 12 56 52 39 71 3 15 61 102 58 41 22
101 85 5 20 51 93 26 93 72 16 12 53 59 56 87 52 22 66 66 6 5 -2 12 20 53 69 48 86 91 37 99 48 18 59 17 9 76 66 37 73 72 27 16 95 13 79 65 53 98 40
62 24 63 25 16 95 91 19 25 58 42 21 74 12 82 43 62 63 33 43 20 41 30 96 60 33 61 24 31 36 4 96 100 85 5 14 58 37 44 92 56 52 22 53 11 25 67 71 80 22
75 96 8 46 58 38 42 28 16 29 87 29 74 25 28 6 46 29 63 64 20 75 7 15 70 84 100 63 8 56 32 50 6 -2 25 31 3 22 29 82 19 87 97 57 89 41 79 65 5 82
13 70 41 43 27 37 9 90 12 65 75 98 34 66 91 68 18 46 7 81 85 81 60 36 20 13 51 43 13 19 32 4 82 57 22 85 89 2 80 86 37 12 54 61 5 59 5 69 13 34
13 -2 37 0 26 17 79 95 88 62 80 65 71 53 21 59 91 37 71 45 15 23 78 17 76 63 55 93 10 55 8 41 91 39 69 69 90 91 57 94 95 46 31 60 48 90 54 53 21 90
65 94 26 86 52 89 59 45 99 6 46 20 80 55 84 50 30 93 4 11 7 47 78 16 22 95 74 100 95 81 95 13 86 98 12 78 8 91 68 34 74 1 51 40 18 14 82 9 71 32
25 52 93 41 37 71 64 32 75 86 96 11 85 19 37 60 6 -2 96 4 17 -3 9 28 10 9 86 24 24 27 12 26 81 4 68 84 77 60 97 2 65 13 31 63 77 89 81 48 43 5
40 66 84 92 102 58 30 62 11 60 24 48 34 27 33 14 53 25 35 5 80 55 14 13 80 84 97 54 39 20 40 97 36 7 50 4 25 46 25 91 83 53 9 46 81 18 84 4 54 41
30 88 7 67 62 46 56 91 74 31 17 89 17 27 89 85 73 73 61 89 47 56 3 82 10 13 7 26 7 9 12 64 57 92 63 18 60 21 60 69 35 30 59 52 39 80 68 95 81 18
60 76 31 86 36 49 50 37 43 34 100 45 66 14 80 1 83 14 20 78 43 24 7 6 24 68 78 9 78 5 85 64 15 25 61 64 95 43 68 70 71 66 54 50 38 24 67 68 48 77
97 21 7 -2 55 76 77 5 99 26 64 21 23 13 79 18 71 19 56 6 77 89 51 84 64 27 59 57 47 9 12 71 10 20 37 45 55 94 30 39 83 59 50 14 35 74 91 22 67 92
92 81 30 54 58 67 58 78 7 12 91 18 40 45 62 59 34 56 65 81 84 13 64 60 86 11 49 51 34 16 67 22 31 57 22 49 35 74 38 21 68 28 11 71 77 56 4 57 97 56
46 20 100 53 86 70 19 35 97 88 15 67 77 69 40 2 14 16 92 20 69 8 36 69 101 12 47 91 21 17 18 32 99 -1 15 45 10 54 17 16 69 80 78 61 89 96 44 88 87 89
17 21 80 33 27 14 85 47 71 79 43 95 10 75 24 26 52 71 11 82 80 44 71 31 33 91 97 12 52 27 7 20 11 45 82 26 15 25 98 11 10 90 65 52 42 13 5 90 79 99
28 70 98 -2 18 78 9 7 45 72 16 45 30 63 52 46 31 47 6 16 94 40 33 33 21 3 25 29 28 73 84 23 29 90 40 19 61 73 43 24 2 32 28 14 30 8 90 96 3 60
27 14 80 33 23 42 65 52 7 82 16 67 80 2 96 22 45 51 23 19 85 84 53 73 20 50 41 73 53 22 93 26 38 3 59 97 78 49 69 19 86 6 82 82 19 98 43 83 57 36
63 67 25 82 20 67 99 59 32 59 83 78 42 30 81 67 25 93 70 59 67 68 71 11 27 42 53 -1 54 83 79 53 84 74 59 48 16 18 15 52 15 66 11 92 97 74 42 22 63 71
15 10 16 13 48 74 52 83 11 41 57 96 55 65 35 15 64 86 7 52 40 11 58 54 36 55 81 20 44 58 76 7 53 21 67 27 77 13 83 27 89 9 96 25 63 57 61 57 8 76
10 62 77 17 39 79 37 78 95 -1 58 14 42 87 85 43 85 32 15 67 44 59 88 45 62 48 58 63 71 73 80 13 21 24 3 31 26 77 22 6 54 76 56 26 2 53 9 87 80 89
73 58 43 99 60 39 29 70 18 91 37 69 54 62 54 59 22 44 66 6 81 89 30 72 70 21 56 98 90 71 63 95 69 43 76 48 79 8 12 49 23 28 96 94 61 91 12 63 52 76
15 54 74 11 31 45 77 76 96 30 52 2 30 11 47 66 69 45 50 78 66 31 59 49 8 46 2 11 86 71 36 22 89 -3 56 80 11 33 33 40 67 89 8 25 76 65 87 92 44 3
33 48 99 65 55 14 22 73 82 96 83 38 81 4 34 21 4 72 90 46 99 99 40 24 93 17 23 3 57 57 101 58 88 47 3 14 23 47 59 55 61 94 54 5 8 16 27 3 82 41
4 27 10 16 20 21 38 56 76 1 82 50 23 58 57 90 31 58 47 23 43 92 41 43 83 54 47 61 100 28 33 64 92 68 77 20 83 8 69 35 18 38 49 66 30 8 64 11 84 83
90 36 37 68 74 61 77 65 46 72 95 24 95 98 95 76 91 55 22 94 19 45 10 25 25 7 26 84 40 21 21 88 8 58 10 23 86 42 82 51 100 38 26 79 28 26 74 16 69 93
30 84 74 4 23 89 99 49 88 93 69 90 98 19 20 95 32 -2 44 33 37 94 17 5 89 54 89 0 75 77 22 79 13 50 52 59 4 25 69 64 87 -1 78 5 44 78 79 31 98 90
36 13 42 73 6 87 86 85 17 65 5 60 48 99 10 48 87 33 55 95 29 1 14 7 20 73 42 80 78 80 61 1 71 54 51 75 74 53 64 78 42 81 25 47 40 19 54 17 48 41
40 92 89 21 46 1 10 90 39 72 75 79 3 32 19 77 99 8 77 12 2 -2 26 40 85 73 38 37 53 93 91 44 26 63 38 4 35 44 79 68 3 10 57 43 33 41 66 4 47 96
El programa tarda 18 milisegundos en ejecutarse.
