50 50
1 89 71 92 36 18 63 78 17 71 52 19 86 18 50 92 23 45 34 94 92 54 62 55 29 87 55 5 81 66 20 82 1 5 4 93 95 51 76 52 78 96 39 59 43 60 38 95 68 6
67 58 63 63 19 88 86 96 13 80 48 31 25 99 7 63 97 0 48 72 42 48 29 96 89 47 44 17 77 66 2 40 19 2 47 54 65 65 38 10 58 56 84 51 57 65 15 86 1 68
59 14 40 29 58 54 13 2 13 65 55 9 33 0 25 50 18 56 19 93 8 71 82 55 70 33 67 20 50 43 93 93 78 28 61 2 84 65 20 86 57 33 47 50 13 84 16 50 76 97
37 18 74 56 2 93 16 47 72 6 3 98 29 29 37 5 72 70 9 41 79 70 68 79 82 47 88 89 92 2 62 44 88 94 29 90 34 74 72 17 34 80 97 76 23 41 63 23 89 5
86 33 1 43 41 98 29 18 78 94 8 23 78 54 41 59 60 87 87 2 68 36 58 56 76 62 49 65 26 19 92 44 16 81 52 33 27 42 13 94 82 66 91 23 51 67 93 57 64 10
93 21 72 8 22 78 21 12 75 14 4 86 54 17 70 91 89 65 10 84 49 99 0 88 83 18 11 10 7 65 72 57 48 77 79 15 20 3 90 2 9 91 79 95 97 92 34 35 16 32
99 85 9 58 87 23 10 61 94 34 84 59 16 77 87 11 22 3 49 29 84 99 89 37 51 40 76 48 82 73 74 99 60 6 9 22 34 86 66 99 76 71 60 97 11 6 83 71 11 3
98 28 32 47 75 2 84 15 84 76 68 6 48 32 61 33 24 29 67 59 39 58 27 22 22 36 59 31 67 50 90 68 84 18 12 94 87 39 74 3 89 3 52 52 3 43 46 28 21 76
75 15 44 50 90 63 53 58 88 74 81 53 28 41 96 56 87 31 55 26 41 8 84 39 46 44 48 76 37 12 32 31 62 79 95 4 92 83 4 41 9 8 43 83 31 44 76 51 74 63
0 10 46 93 74 47 80 53 14 98 56 63 33 59 26 10 94 27 66 41 86 39 98 93 52 59 76 94 14 12 28 0 34 78 38 57 84 50 4 44 71 36 77 48 61 76 62 2 48 86
17 48 93 96 8 41 6 49 75 47 80 10 62 81 95 53 18 30 86 47 7 46 58 21 96 75 55 31 85 20 13 14 92 84 43 80 0 99 53 42 60 59 71 73 85 12 96 12 35 96
61 65 60 56 48 70 34 72 15 12 88 57 55 45 93 25 50 44 1 68 60 32 96 78 88 3 67 40 6 36 0 41 79 32 95 58 31 81 60 87 93 72 15 11 46 72 5 6 15 15
92 32 16 33 19 61 37 19 28 43 54 75 35 20 6 74 92 81 21 69 42 22 5 85 69 95 80 29 51 5 53 1 12 29 49 19 95 16 54 22 56 50 59 46 37 61 37 43 7 68
98 8 17 81 71 28 31 66 13 96 75 54 30 32 94 35 78 87 10 64 57 90 43 87 80 57 70 82 54 58 17 80 65 16 95 49 76 84 20 83 29 41 44 69 36 14 23 76 83 47
78 31 23 92 53 42 1 44 87 38 4 87 86 18 29 50 80 99 62 70 68 89 36 66 81 13 80 23 22 66 7 37 82 67 85 34 11 63 30 49 70 98 12 39 69 74 20 36 24 16
37 97 21 15 76 99 19 83 8 9 56 69 72 61 31 82 62 24 17 72 31 13 1 35 7 91 28 9 19 23 93 52 17 44 69 13 71 98 85 11 50 37 69 91 33 52 54 13 7 66
87 14 75 95 51 53 86 36 79 48 20 52 75 3 87 66 94 11 88 85 0 8 86 45 43 85 47 64 3 18 85 74 17 22 22 18 0 32 89 55 64 9 19 66 1 17 91 24 55 96
32 4 16 17 46 33 81 96 72 84 96 88 71 17 75 14 26 40 83 1 11 16 49 53 17 33 91 13 44 38 82 19 59 1 65 1 23 71 13 18 91 72 79 88 80 87 13 7 57 52
53 32 32 2 39 55 65 95 34 44 71 68 9 28 22 37 46 49 23 36 35 85 58 25 6 25 14 89 10 66 65 92 77 68 77 50 33 11 13 51 83 69 72 19 25 22 33 18 24 16
33 74 64 83 71 67 61 38 42 59 34 72 51 95 54 62 92 35 88 55 6 53 82 58 7 69 51 35 59 51 66 75 14 85 21 84 69 60 85 10 94 6 33 12 73 65 58 57 58 61
17 17 85 36 14 22 12 25 43 38 34 32 95 10 22 34 43 17 58 49 46 16 96 83 53 2 80 64 4 77 20 89 12 91 31 66 76 62 37 6 18 78 6 49 68 17 55 90 13 45
55 18 20 81 13 71 73 30 57 40 44 51 43 83 90 41 17 22 77 53 8 40 8 26 96 18 85 45 18 81 24 87 64 89 5 77 30 6 71 22 12 67 84 62 95 84 63 24 98 93
63 41 17 2 38 62 98 38 19 52 19 85 56 49 69 27 58 34 48 14 18 40 76 17 26 15 57 9 33 36 23 8 67 75 34 63 27 83 88 79 69 91 92 40 88 90 63 85 58 84
17 83 89 98 32 56 37 37 51 76 15 95 63 85 84 62 48 73 15 33 71 84 43 19 37 79 35 7 90 65 88 24 79 50 3 8 73 64 43 98 98 49 84 34 79 7 68 38 26 65
17 57 43 5 63 30 93 92 99 53 22 10 54 10 50 26 90 45 74 80 45 58 2 15 46 30 4 29 56 81 6 84 0 87 87 62 95 18 31 12 60 68 55 16 15 70 16 29 79 46
2 74 63 38 57 80 30 54 53 99 23 30 6 42 86 42 87 21 7 57 74 24 81 45 32 71 51 46 63 61 15 24 43 38 5 21 76 93 15 43 56 12 47 45 66 0 76 66 69 10
45 15 41 4 42 16 89 21 43 58 27 91 97 17 56 15 59 68 52 97 72 4 25 86 18 81 11 68 7 82 68 43 43 86 19 80 99 69 30 58 90 97 68 79 43 52 51 33 11 68
38 0 40 36 32 65 54 94 37 40 28 70 21 85 49 47 54 13 70 78 25 32 46 42 70 16 82 41 93 87 90 11 54 73 15 83 24 43 57 68 25 46 1 78 81 29 88 50 72 17
37 74 31 97 77 93 72 91 67 99 35 25 31 84 21 77 77 7 56 19 83 66 81 31 30 51 61 11 33 22 28 85 89 25 42 66 54 49 15 82 16 91 68 73 74 92 15 6 35 88
52 73 42 13 0 63 12 89 99 35 19 7 67 58 73 54 58 7 59 86 16 78 75 96 98 81 80 5 51 67 98 49 89 63 25 97 51 59 16 25 49 37 67 22 26 6 82 74 86 54
27 82 76 15 10 3 56 90 73 34 93 73 68 9 10 58 49 94 92 43 84 35 0 65 46 42 50 44 60 52 63 49 3 55 96 48 24 32 24 33 8 21 81 71 66 55 58 87 35 26
11 24 62 67 13 88 47 9 40 61 41 95 2 1 33 25 38 42 90 76 88 48 65 67 89 86 78 43 33 16 6 39 83 0 45 98 94 27 94 69 16 87 3 64 64 81 73 10 94 86
23 67 17 29 67 76 11 0 20 22 83 47 11 2 68 92 63 18 79 16 70 28 20 78 53 11 60 33 26 39 87 43 66 74 69 95 25 27 64 44 42 87 11 49 75 38 13 92 77 32
54 83 76 37 30 25 38 40 68 12 8 95 4 9 6 23 20 86 0 72 23 27 45 51 8 7 72 78 0 48 11 91 97 58 11 5 5 91 74 99 84 52 28 76 36 10 16 34 15 79
3 59 76 83 28 48 19 0 27 39 5 70 1 56 42 5 77 29 57 72 8 88 97 52 4 90 63 17 16 97 51 41 10 77 8 42 57 55 24 1 35 24 85 53 74 69 73 84 8 57
45 85 4 0 81 91 1 71 51 92 66 62 77 93 3 26 4 33 66 44 48 5 18 55 96 37 51 66 37 27 28 70 93 75 45 79 23 68 87 15 78 50 78 59 26 9 42 20 89 3
76 56 1 81 93 23 25 89 73 8 92 54 32 91 35 54 73 15 67 65 28 53 86 55 60 42 68 34 57 3 76 70 37 4 32 46 74 66 62 99 53 34 65 99 87 24 88 62 44 48
89 37 94 34 54 36 78 57 89 31 64 0 56 92 6 94 18 70 94 76 79 20 59 46 51 70 68 8 41 52 14 13 96 25 95 46 4 30 46 37 95 53 10 87 99 69 40 78 73 2
60 23 50 15 6 13 24 35 13 4 80 2 44 97 44 97 49 55 21 49 43 20 40 32 39 89 89 65 17 27 84 20 20 9 88 42 94 1 83 27 98 6 28 48 39 31 90 11 61 71
8 70 51 92 83 9 90 99 84 57 80 32 72 8 68 49 4 55 55 36 15 77 49 71 18 51 3 0 63 3 43 37 62 58 20 60 63 70 9 31 91 8 14 32 74 58 63 71 3 36
30 75 88 70 69 83 86 77 23 80 64 5 44 48 72 1 59 38 7 23 94 85 78 65 38 59 58 0 85 45 92 49 73 24 69 35 97 36 92 10 80 4 83 78 15 90 46 84 51 75
54 91 67 49 9 86 27 15 53 46 4 38 18 20 81 58 61 44 82 42 63 92 78 45 56 83 94 4 63 76 90 92 16 30 60 19 92 83 56 74 13 76 81 91 35 42 39 87 75 51
96 67 64 77 10 33 27 65 21 80 48 50 51 55 49 81 41 46 69 1 77 7 2 30 92 20 91 4 7 31 17 48 62 91 90 23 34 90 56 71 72 70 74 26 76 66 65 33 49 9
22 13 9 27 3 43 79 49 38 48 14 29 9 46 5 91 90 99 86 93 33 85 22 31 85 35 90 83 53 22 69 10 3 44 63 70 52 93 21 58 76 45 90 69 24 88 39 49 8 23
12 61 31 96 32 90 50 16 42 63 41 53 21 99 89 21 87 94 4 75 38 67 12 3 19 46 61 75 72 93 54 24 31 71 79 84 58 31 38 29 68 35 67 42 79 17 71 45 37 2
9 10 9 34 52 95 13 43 27 31 30 47 99 26 10 90 57 38 92 18 18 98 83 88 90 88 14 70 56 90 73 93 32 63 29 85 9 14 17 35 63 80 20 25 93 60 81 42 19 92
23 29 85 82 94 91 16 68 64 29 99 27 81 38 80 1 76 68 48 56 36 24 77 57 9 32 11 98 72 95 44 88 20 27 12 63 41 43 50 60 23 46 63 74 19 77 69 68 14 31
45 19 87 94 18 42 24 6 25 20 63 71 3 70 49 45 25 63 63 31 79 84 62 6 98 65 87 50 4 84 19 24 75 38 76 90 62 15 91 71 92 91 74 86 65 95 6 8 4 92
85 35 73 74 74 96 51 52 25 42 94 76 24 30 29 35 3 26 30 38 85 25 79 81 71 13 10 70 81 69 9 7 36 40 16 76 37 2 98 29 34 59 81 25 97 14 50 4 86 20
30 69 10 51 8 95 99 68 84 22 43 76 31 13 87 81 58 65 9 35 96 79 20 29 8 49 37 6 96 11 15 43 26 89 11 46 23 36 43 23 71 81 54 64 67 72 18 14 94 92
