50 50
38 40 72 84 20 25 25 99 47 82 94 69 75 75 0 24 10 95 38 27 95 67 45 52 31 48 92 51 38 44 48 34 3 90 14 55 5 65 86 94 15 16 72 97 68 22 38 35 50 28
84 39 36 24 17 53 69 94 19 56 63 65 99 5 2 54 18 47 40 52 21 78 2 20 57 8 19 36 86 44 19 75 71 73 68 72 0 9 8 71 95 24 61 23 8 80 82 76 3 37
29 55 31 23 59 14 36 13 47 7 8 72 79 12 75 99 33 28 92 13 85 37 74 15 66 18 62 68 96 95 71 35 69 3 42 35 6 17 49 81 2 48 44 68 97 54 95 37 62 77
79 98 52 71 2 94 96 55 96 39 2 92 95 71 58 57 42 20 34 45 79 86 74 18 66 35 55 12 57 61 98 55 95 19 98 83 34 91 73 87 60 68 91 52 33 23 19 6 55 82
38 35 82 90 29 78 51 86 89 71 36 33 36 59 1 61 89 48 60 95 72 73 6 99 35 60 69 51 58 87 30 47 76 92 26 34 71 60 78 18 54 95 17 59 87 76 89 77 45 71
69 60 96 73 99 35 66 16 79 74 42 30 60 9 51 68 65 68 25 78 54 19 8 56 65 69 72 47 16 43 28 72 32 44 69 59 51 56 76 81 19 61 0 28 27 1 15 52 37 3
47 48 64 96 32 92 28 23 40 45 53 49 64 95 7 75 65 54 86 56 41 38 40 48 58 36 67 93 4 0 81 79 60 40 44 24 63 83 71 44 4 82 75 2 89 44 76 36 47 96
27 14 75 89 30 83 86 86 67 13 96 83 88 73 17 60 80 30 58 57 21 74 14 47 59 62 16 47 4 76 50 32 7 80 2 74 75 97 85 36 76 95 89 57 66 20 81 45 36 93
84 23 48 55 43 60 17 6 32 39 22 52 71 23 4 92 61 6 54 94 81 39 58 52 13 64 44 61 39 94 96 71 33 19 67 35 8 57 52 5 16 77 34 87 96 93 5 20 29 45
52 75 64 39 53 69 57 57 87 25 37 19 47 59 56 99 66 0 7 95 39 40 85 69 52 62 43 85 94 26 72 89 96 74 35 91 69 30 33 44 44 21 37 19 70 62 28 33 56 30
90 88 28 33 62 44 56 24 43 56 59 59 24 88 26 37 90 7 7 60 50 66 21 69 7 85 73 1 41 39 52 80 48 64 78 8 72 30 76 27 27 88 35 69 84 91 82 6 19 27
99 2 27 94 74 48 29 27 31 41 8 35 72 86 29 48 11 74 60 69 0 94 60 28 61 50 44 9 19 45 39 12 75 11 24 52 32 71 33 19 68 43 11 25 68 0 82 67 91 37
40 55 9 2 79 53 68 0 38 9 46 79 45 66 60 74 98 65 44 85 58 87 53 44 57 95 74 41 20 89 32 30 57 89 39 98 73 57 94 18 20 33 94 68 94 82 90 63 84 34
49 96 40 99 23 58 73 52 87 78 16 74 28 78 90 71 55 38 74 67 15 19 65 38 3 95 1 11 56 1 6 34 73 20 19 0 36 8 13 70 71 41 13 64 7 79 64 7 72 41
89 82 11 70 93 63 37 89 77 60 69 62 6 39 47 58 73 59 42 75 0 77 77 43 74 84 14 13 1 49 79 88 36 38 53 60 22 25 28 68 75 7 58 92 1 66 58 96 84 48
85 77 89 55 4 47 42 79 14 78 86 51 1 26 28 92 13 90 40 30 33 5 75 53 83 58 66 55 18 27 17 44 23 76 55 74 70 40 32 72 26 52 63 60 85 10 63 46 0 86
12 22 34 28 84 88 83 15 44 60 61 6 35 53 83 1 7 41 21 41 50 45 75 70 53 22 7 63 51 74 26 45 0 45 44 31 67 89 41 10 73 80 60 24 32 63 32 4 24 86
50 32 36 48 73 42 0 23 2 65 59 98 88 95 17 39 53 25 2 37 76 98 46 3 80 5 91 23 75 40 21 62 56 19 23 32 27 81 42 47 29 68 85 69 82 91 3 55 89 3
56 67 64 90 91 82 44 34 75 40 85 65 38 79 22 6 38 6 68 67 3 63 51 29 57 83 40 26 24 97 10 33 91 33 80 30 83 28 32 6 32 11 44 70 51 55 10 6 12 21
7 29 13 36 45 73 54 22 93 73 0 92 19 81 93 11 66 85 71 44 0 2 34 69 24 30 10 96 97 72 23 78 15 54 53 64 33 86 53 18 53 55 55 80 3 50 24 10 23 71
36 61 28 86 33 65 85 83 4 5 22 52 64 60 28 23 28 34 44 20 6 40 32 28 91 31 99 54 6 24 31 99 76 24 91 37 51 66 97 37 52 8 66 70 34 89 80 71 55 17
99 39 31 10 72 6 92 90 83 5 17 2 91 48 11 79 53 90 87 83 92 93 10 7 55 35 51 13 55 69 89 71 13 72 41 41 11 91 49 40 84 40 30 41 91 60 14 5 92 19
54 23 35 99 14 66 83 70 1 9 72 35 61 81 35 9 89 2 68 49 9 0 27 59 56 7 5 63 71 59 44 33 37 65 26 34 43 10 70 69 97 18 86 69 56 18 5 10 41 8
57 94 54 35 95 93 34 80 4 18 60 48 71 0 82 62 27 2 5 59 35 77 73 5 22 13 1 28 36 42 73 31 21 6 98 5 21 5 25 29 4 91 63 33 65 1 2 66 3 69
53 80 4 1 3 36 28 32 85 39 25 42 95 43 94 72 16 30 2 1 49 99 32 51 91 47 62 3 17 84 5 10 23 65 29 35 40 94 58 26 9 2 85 6 98 78 91 51 95 79
38 79 33 39 20 90 46 45 92 59 7 49 63 91 95 42 49 21 82 4 76 66 49 46 5 1 29 21 16 66 7 93 99 95 95 44 21 70 5 79 48 33 6 27 15 69 83 0 63 28
66 99 86 50 54 70 31 0 84 23 2 17 12 24 12 56 45 25 56 98 22 95 83 51 7 40 55 24 52 45 33 58 83 93 91 91 67 50 80 50 34 40 70 25 86 0 81 45 13 7
77 18 61 59 33 75 97 18 2 9 48 78 10 81 16 99 68 23 66 75 68 55 75 97 18 96 65 24 21 57 8 46 65 38 57 2 62 3 21 78 10 29 69 4 90 88 16 56 79 38
36 13 73 88 95 77 31 11 29 84 26 72 89 77 44 75 94 96 30 96 61 22 82 47 51 59 90 71 82 86 99 44 64 90 13 34 77 36 20 43 98 1 60 49 78 84 27 25 17 51
94 26 54 70 25 7 80 62 49 34 87 82 69 52 56 5 64 47 17 40 82 98 59 91 69 43 82 94 83 63 56 39 27 52 21 3 23 91 30 3 55 22 13 11 83 80 86 68 83 41
77 33 87 80 16 64 24 51 52 98 29 62 91 46 65 20 31 46 35 98 31 38 2 74 22 52 89 94 60 56 75 1 54 21 90 81 68 35 83 79 57 98 50 44 33 38 76 90 84 68
23 44 52 26 61 11 44 47 18 63 15 1 73 21 78 92 69 99 9 68 84 37 93 76 42 49 24 67 59 80 21 8 96 91 16 81 89 37 95 89 45 47 37 4 47 66 37 49 86 75
53 45 57 57 7 90 77 31 80 91 64 49 63 27 88 3 40 50 50 74 20 31 65 3 8 68 37 61 23 81 72 62 84 58 65 37 58 91 99 83 38 22 37 91 67 85 57 20 97 24
72 14 58 14 2 19 70 57 14 4 5 45 43 17 36 25 71 10 86 76 43 82 47 1 94 65 12 44 10 67 6 58 25 4 31 28 35 80 24 89 62 99 26 86 32 11 89 33 24 40
27 51 74 62 67 96 14 40 12 89 48 74 40 37 18 52 66 95 59 44 52 39 87 25 28 72 53 74 99 4 78 37 34 30 58 11 8 26 62 75 48 88 45 37 74 45 32 58 33 76
60 56 54 81 50 20 97 61 90 62 45 89 29 2 34 54 57 90 82 9 37 14 31 63 47 94 38 79 71 67 11 5 26 83 26 45 28 93 38 90 6 44 9 86 80 99 7 37 41 86
87 35 38 17 84 91 92 23 12 73 36 57 81 44 75 73 46 7 93 64 72 86 79 18 73 79 35 43 89 39 38 77 17 68 66 5 55 36 66 78 38 55 33 40 42 70 8 36 3 96
28 26 58 10 68 55 46 10 8 25 3 55 96 34 89 62 40 37 52 96 70 40 58 25 97 95 54 81 95 58 33 33 53 29 42 16 94 62 18 65 66 53 10 41 79 42 3 18 48 12
2 80 26 89 76 62 45 23 1 28 76 34 97 90 89 0 28 44 58 75 32 97 96 18 92 60 88 46 24 52 15 89 37 12 96 18 49 53 53 32 86 74 94 27 66 79 39 72 79 34
73 70 85 67 90 95 52 46 97 22 90 98 98 44 4 56 35 51 97 49 60 41 45 77 50 51 50 57 98 53 35 62 29 10 58 8 64 53 46 6 28 76 41 25 14 39 0 68 64 2
47 40 94 9 91 97 83 85 36 71 87 12 66 8 77 6 61 21 97 7 33 39 39 65 79 91 77 25 34 73 68 54 89 66 24 97 78 30 75 1 62 10 9 88 40 42 43 10 13 92
94 83 61 76 44 47 51 18 75 68 10 66 23 57 71 44 41 42 95 65 84 31 7 97 35 35 24 41 64 30 43 31 79 9 62 60 59 45 50 82 66 97 37 39 42 61 8 21 54 72
79 69 98 46 16 99 15 76 5 26 50 71 13 43 8 41 91 33 65 53 57 47 97 78 68 34 54 68 22 56 25 29 59 90 16 65 40 60 5 97 40 26 71 0 72 19 8 0 70 60
2 53 87 5 52 18 56 15 99 8 7 27 16 31 25 97 51 94 9 65 32 57 25 69 68 37 28 52 44 45 74 74 92 64 82 55 21 89 40 76 52 45 13 54 67 52 14 31 66 82
24 26 77 26 95 96 90 72 53 82 10 65 33 47 76 12 10 0 98 75 59 65 77 6 64 60 1 27 28 92 24 7 80 92 77 47 50 97 58 5 8 61 40 0 59 85 86 27 99 68
4 49 81 32 97 28 94 51 50 82 80 46 72 84 5 85 70 24 96 80 48 10 91 44 51 80 5 48 34 69 99 66 27 76 70 13 95 46 12 14 8 98 55 58 45 2 36 61 42 37
21 56 5 28 16 12 7 99 37 94 35 69 56 46 2 32 66 24 39 87 86 54 5 81 4 50 98 79 9 98 20 75 95 56 81 82 13 8 7 8 45 52 48 6 26 12 97 61 97 94
29 3 63 47 16 77 60 82 58 53 82 2 75 1 90 68 95 17 53 8 7 31 66 19 42 1 4 36 45 44 15 13 73 24 2 15 82 2 81 63 12 85 76 51 57 42 29 2 18 67
0 10 49 11 43 74 92 41 82 13 80 3 57 10 87 37 41 39 67 93 12 83 2 96 49 49 57 95 55 82 91 44 85 57 35 79 0 30 95 23 30 28 16 25 26 52 17 84 81 82
33 98 84 69 67 30 86 14 84 73 37 53 55 57 11 72 13 46 50 99 17 30 5 60 40 10 6 76 91 97 6 46 43 73 23 68 88 32 22 90 80 60 84 29 16 48 75 31 94 26
