50 50
73 61 80 92 6 33 38 3 46 39 40 81 7 40 38 76 13 65 99 19 61 22 46 64 51 77 63 93 44 91 69 25 9 56 25 99 37 83 24 45 58 84 20 32 1 80 68 28 1 59
62 66 83 27 70 91 0 81 87 13 46 41 66 71 35 15 66 91 33 34 70 84 2 66 51 32 90 2 18 76 7 29 80 8 17 63 73 71 26 5 40 61 37 33 29 98 18 96 75 72
70 69 74 46 36 16 83 93 77 32 12 0 56 73 37 21 5 51 57 33 22 27 38 17 46 69 35 65 82 23 59 67 90 16 64 29 54 37 59 52 34 57 8 77 60 6 77 84 84 74
9 43 0 31 22 97 59 3 52 32 75 46 16 35 75 40 17 96 61 21 86 48 83 66 16 34 2 35 75 96 80 78 26 15 81 29 33 33 9 3 69 11 66 27 21 8 45 49 91 90
70 92 20 9 0 23 41 15 44 56 32 34 11 98 65 31 4 21 20 79 95 28 48 52 67 51 33 51 78 43 84 76 33 73 82 73 41 62 52 82 57 76 96 27 30 11 18 3 70 76
65 44 21 41 11 57 70 63 28 52 63 71 30 2 88 76 0 32 1 6 72 33 75 68 14 49 77 12 8 42 99 31 31 46 66 39 40 10 27 27 61 34 66 22 0 96 37 24 71 4
87 14 99 53 86 35 93 55 72 14 18 69 24 27 47 98 69 10 9 38 35 15 45 91 36 43 49 79 45 87 54 21 27 52 49 81 31 19 6 22 18 79 36 39 1 60 5 9 52 21
42 93 61 16 66 54 17 71 68 2 70 57 83 51 98 87 22 13 38 15 8 28 44 64 32 96 48 60 89 16 60 18 89 68 87 71 9 74 9 4 79 20 7 32 5 41 78 6 97 18
82 26 81 53 58 2 56 48 11 0 30 44 25 68 37 24 75 36 23 40 27 85 43 75 71 40 50 90 26 67 50 91 65 33 11 2 37 2 63 77 48 24 78 85 59 9 36 53 68 69
2 11 9 21 96 16 93 78 18 34 87 61 94 19 24 98 77 55 33 77 63 58 44 98 9 5 72 38 56 63 4 38 93 82 36 18 14 36 49 78 93 74 20 16 52 82 59 79 78 44
15 93 92 21 53 95 52 73 11 16 70 87 63 59 33 72 76 45 96 44 9 5 83 14 53 10 48 73 99 89 77 52 23 47 17 24 55 98 38 21 27 2 56 16 39 56 3 35 61 30
80 49 12 67 90 33 59 24 21 48 73 62 71 39 54 70 54 57 49 29 81 23 70 12 29 61 28 48 15 97 84 63 75 79 70 63 92 77 65 3 75 92 28 54 89 89 75 51 23 73
66 4 81 1 99 0 96 34 56 61 21 20 20 45 27 23 92 47 63 79 76 62 43 23 54 68 13 88 59 93 17 36 6 13 47 59 29 67 40 61 17 59 43 91 75 49 4 93 34 21
12 0 33 97 81 8 41 99 22 26 39 84 7 4 0 25 53 36 96 93 19 14 46 13 38 32 61 5 9 18 76 54 50 4 89 37 85 15 66 11 66 17 1 3 61 32 2 18 16 91
48 97 3 73 12 81 73 36 88 20 13 58 24 21 73 46 15 10 36 82 97 33 63 51 89 44 96 95 1 34 96 6 59 18 25 8 39 19 42 36 92 15 23 46 34 75 86 92 27 42
65 12 25 86 15 72 41 70 53 48 58 56 23 18 77 21 66 90 50 22 95 86 80 89 64 51 62 33 36 65 44 75 52 1 21 27 59 75 52 88 95 0 70 17 54 76 85 36 54 22
36 79 0 78 6 8 92 73 44 99 81 12 61 12 36 79 21 26 37 32 58 51 30 20 59 28 46 25 94 10 4 7 51 65 21 76 63 17 31 55 93 4 78 0 59 91 64 87 28 61
91 41 43 84 63 60 87 31 59 7 59 93 63 21 34 45 33 81 13 86 36 26 26 73 98 30 30 77 59 69 49 47 87 2 78 39 71 15 89 81 85 97 23 44 98 31 48 17 53 20
27 66 78 64 15 18 66 88 31 81 8 97 50 80 56 21 82 66 98 97 42 51 99 54 80 67 99 28 56 70 98 55 64 83 57 90 64 53 29 6 67 11 87 18 37 10 71 26 3 20
83 39 52 60 40 11 69 63 11 83 11 68 69 21 66 52 38 83 6 41 39 63 90 38 96 26 67 46 41 26 32 84 8 26 65 29 6 71 88 21 87 35 79 64 60 92 82 13 12 19
36 56 76 0 32 92 36 56 74 69 29 82 37 24 71 41 6 59 90 46 41 19 70 98 81 36 94 66 13 99 87 37 55 81 81 63 57 83 96 11 33 93 4 6 22 62 90 52 47 41
27 12 97 62 99 98 63 46 77 77 89 24 94 31 47 17 28 75 38 48 72 4 37 26 8 89 15 79 21 10 89 79 71 86 86 33 38 30 92 27 85 35 62 94 29 67 84 36 6 26
68 18 10 33 7 78 52 49 77 44 13 77 79 47 3 37 16 86 35 45 75 96 72 87 34 50 11 19 48 38 40 98 79 15 79 79 21 81 42 9 34 62 77 83 46 74 53 18 12 45
99 57 4 87 5 3 0 34 69 39 83 51 28 1 4 76 54 24 75 36 18 93 43 54 92 0 68 40 53 16 84 40 5 79 23 12 17 94 23 70 59 46 72 43 8 47 55 90 45 0
64 90 32 54 74 56 20 48 58 12 18 42 18 66 29 81 28 50 1 42 32 86 93 44 35 69 46 43 21 78 33 63 87 31 39 21 21 46 66 22 76 97 45 28 93 66 1 78 81 57
7 69 44 50 7 57 59 33 52 10 6 81 38 86 81 14 22 81 35 98 43 45 71 22 41 67 23 36 83 33 56 0 84 22 12 36 44 1 44 84 19 25 75 84 19 86 77 10 36 69
89 57 78 48 42 38 78 65 20 62 79 0 14 18 36 86 97 9 70 72 83 34 89 92 37 62 83 65 84 77 78 2 59 39 33 71 24 51 65 22 92 73 63 76 89 14 7 21 69 44
5 62 62 97 44 34 49 46 33 86 95 59 89 26 35 61 53 92 9 75 57 39 53 29 36 88 14 57 85 25 23 62 89 0 84 57 16 13 45 25 38 70 19 12 67 87 58 89 46 82
75 14 79 51 67 26 5 5 62 24 41 21 35 95 70 15 21 63 35 76 88 62 21 16 36 50 19 39 81 20 75 78 57 66 77 80 17 29 89 70 20 60 87 71 29 77 11 32 90 44
85 18 50 38 79 49 85 20 30 62 48 78 89 95 32 50 98 22 93 31 51 57 78 64 56 14 76 56 29 83 56 51 1 82 19 27 29 93 64 0 62 17 13 42 65 45 30 67 93 45
8 35 52 63 52 99 15 24 19 32 61 52 53 26 81 74 21 90 71 65 70 21 70 17 70 2 92 95 78 74 42 28 45 62 30 8 30 27 96 5 18 24 43 35 39 94 24 8 83 91
86 0 46 20 52 31 12 28 61 47 59 90 7 14 17 85 12 77 37 76 57 98 23 59 28 35 69 76 1 75 4 50 50 97 75 8 20 6 22 81 94 35 2 28 11 90 61 85 37 76
33 17 62 18 73 83 21 79 0 40 37 38 65 6 80 91 75 72 94 20 77 30 93 60 96 49 39 98 56 36 14 18 34 82 92 22 20 6 39 54 13 59 33 48 53 19 0 49 42 98
26 53 87 11 14 39 27 39 65 62 63 10 7 31 52 99 82 92 72 57 0 76 63 10 2 90 18 84 36 92 0 18 45 93 54 1 65 84 42 17 7 43 92 14 32 91 68 49 72 49
72 84 35 79 61 88 34 51 52 81 32 45 86 87 26 54 60 17 32 7 36 66 1 28 92 45 97 88 27 57 98 91 90 60 23 34 68 48 88 15 93 46 94 6 55 77 91 32 70 49
29 44 69 82 7 29 71 74 51 3 55 1 97 55 49 26 54 85 24 74 5 81 52 61 60 42 17 4 26 77 76 6 69 15 1 59 34 15 33 51 65 20 6 46 40 5 72 53 16 17
0 72 50 6 69 80 88 14 86 74 28 95 52 93 68 96 57 92 92 74 48 43 42 64 29 8 93 43 56 33 6 48 72 84 74 74 91 72 81 24 72 61 79 71 41 17 63 24 12 8
71 88 41 90 43 54 67 41 2 50 68 93 68 44 22 33 7 94 77 90 24 82 79 98 36 20 63 10 68 26 12 18 43 43 12 84 44 94 72 43 95 46 67 33 52 58 65 90 71 10
26 71 54 9 44 9 61 64 55 82 45 75 5 98 91 57 74 83 19 78 53 96 24 77 54 90 6 96 97 64 19 56 32 50 55 58 90 50 60 28 25 95 2 60 5 98 58 41 20 40
41 25 43 27 18 30 44 31 82 12 76 23 5 14 61 13 75 55 8 90 55 69 45 70 21 99 87 63 27 76 17 61 16 41 94 93 68 69 64 60 77 17 19 33 66 17 59 59 66 80
69 1 84 25 51 9 5 60 92 96 21 25 19 92 37 1 1 91 39 98 74 65 93 25 27 27 46 61 75 4 57 58 49 90 20 87 90 47 51 18 71 35 35 55 12 20 66 60 40 96
99 49 18 74 23 16 41 98 26 54 21 93 45 80 93 41 17 5 70 33 52 31 44 55 83 2 77 13 38 86 41 23 78 93 92 54 66 28 11 12 99 79 48 52 10 56 92 92 80 8
52 26 21 46 95 2 81 51 85 71 92 21 85 7 56 81 46 15 61 72 3 58 53 95 50 55 64 82 92 33 63 55 56 25 39 23 79 46 43 36 12 16 28 63 17 23 68 1 8 57
49 74 21 7 88 50 92 22 15 37 28 30 91 15 0 20 28 95 61 59 15 81 78 95 85 80 97 14 40 72 25 30 61 38 60 9 55 28 69 35 60 8 76 71 4 58 57 68 55 36
83 24 22 47 17 13 48 39 68 57 43 52 41 24 28 40 81 11 25 17 79 88 5 35 43 42 28 90 42 96 52 76 50 61 50 21 69 95 80 71 49 48 83 78 95 83 21 42 11 95
73 1 29 56 7 84 65 25 75 94 22 25 68 19 45 82 44 17 92 65 75 50 54 10 7 27 42 45 9 31 70 51 98 83 67 89 43 40 47 21 59 12 51 27 41 4 64 75 39 10
9 53 39 5 40 35 34 5 99 7 50 89 24 62 58 24 29 33 0 37 16 0 46 43 30 95 97 78 83 2 12 92 70 33 97 58 75 38 18 58 23 10 99 81 55 29 41 17 28 77
98 95 2 72 23 66 94 49 81 1 44 36 56 52 46 77 22 76 31 49 30 11 4 59 45 69 69 9 49 75 48 22 28 3 50 88 96 92 19 61 94 75 69 10 87 84 44 38 93 62
6 20 65 32 88 58 76 57 15 82 18 55 79 75 26 4 48 61 10 40 61 8 81 96 0 99 69 19 51 60 73 60 68 65 79 15 29 75 64 55 42 44 53 0 71 74 58 28 85 19
94 35 12 46 19 33 61 27 67 78 98 7 14 94 23 16 44 96 57 31 75 66 71 27 98 7 9 27 47 31 33 72 36 33 90 17 49 31 44 91 24 57 52 27 92 24 11 13 36 91
