50 50
75 70 60 89 21 24 49 89 40 44 16 1 9 1 1 76 69 53 21 55 90 69 55 4 23 95 81 94 43 86 21 51 34 48 39 24 41 99 27 88 9 6 70 77 15 17 28 84 77 75
68 32 23 52 98 20 13 17 14 94 62 36 6 53 85 46 43 50 94 50 1 53 7 49 40 46 80 12 57 77 98 69 15 86 21 14 35 76 83 72 63 20 75 17 81 33 77 95 97 74
91 23 62 89 45 38 2 54 58 91 99 1 27 53 66 10 96 81 68 36 71 34 76 62 16 21 62 97 15 27 75 93 20 40 42 44 4 96 39 93 35 15 16 37 43 25 12 0 93 21
28 31 15 41 91 53 1 89 50 93 18 86 78 77 62 93 93 16 97 70 21 54 45 45 99 72 77 86 13 56 16 53 66 92 27 76 32 32 70 70 28 97 5 69 30 86 31 58 91 7
61 30 2 91 18 16 77 0 11 92 9 7 75 69 60 4 97 73 20 19 31 8 80 26 0 85 97 11 29 34 55 78 71 83 56 21 40 32 48 45 97 27 58 67 62 91 60 82 21 50
17 30 49 49 33 71 70 44 41 31 36 11 3 51 81 22 28 41 54 90 39 6 6 7 93 9 50 51 48 82 50 64 96 8 49 76 31 63 81 70 89 12 23 61 27 23 87 88 12 76
73 23 83 37 94 99 9 67 17 89 24 26 74 92 26 76 44 68 25 52 82 38 31 14 89 50 92 5 18 71 59 48 27 78 30 42 4 74 72 61 95 85 27 58 16 40 94 28 94 87
96 23 13 37 44 31 18 84 67 95 52 25 1 71 25 9 78 96 85 87 57 53 46 10 63 26 67 70 42 31 86 84 1 32 42 56 38 59 74 72 66 65 55 10 8 75 57 98 31 98
35 68 3 19 60 8 79 83 35 60 37 61 38 36 35 64 18 1 31 81 3 16 36 82 45 68 66 45 3 7 81 43 78 53 5 53 77 94 44 21 20 85 62 57 30 4 36 22 61 28
46 84 79 28 48 51 84 6 84 98 81 42 12 20 55 33 18 93 43 87 64 20 23 20 31 10 61 19 96 38 67 5 30 96 61 70 28 76 89 28 17 73 16 60 36 36 50 30 97 75
76 59 22 36 67 77 30 65 27 90 11 5 41 6 9 52 78 20 8 61 79 65 24 55 30 82 50 62 32 94 55 4 71 16 41 97 54 55 88 58 31 38 47 43 58 16 55 81 47 64
98 20 32 56 49 20 59 45 16 13 26 32 48 62 25 2 71 40 38 26 61 71 7 58 39 83 46 73 86 22 4 8 90 22 80 33 19 3 3 71 67 39 15 54 85 32 80 23 4 60
31 40 57 17 82 2 5 77 95 31 87 65 69 25 86 62 24 47 79 97 86 69 44 54 54 52 66 48 4 6 10 95 32 56 71 48 54 87 95 36 89 45 60 9 32 13 43 45 70 3
42 69 53 50 50 80 20 98 40 73 86 73 4 26 72 99 53 85 95 32 59 91 66 83 97 57 63 91 53 11 97 40 69 11 89 79 31 26 85 68 88 4 65 43 32 11 1 39 2 80
86 16 43 76 3 69 75 28 54 16 43 74 48 15 76 4 59 46 85 82 6 96 39 92 72 66 83 37 83 2 81 95 70 63 6 42 20 39 81 95 73 18 1 89 41 27 57 19 78 61
94 44 52 44 0 99 12 73 30 99 26 97 57 14 33 52 66 93 21 33 59 53 58 69 28 45 14 59 43 35 5 79 82 64 49 8 20 72 58 50 94 10 36 72 69 71 9 48 71 45
46 6 82 3 25 76 9 83 84 48 81 83 58 44 93 19 48 37 72 46 79 50 30 24 92 2 19 13 12 69 93 15 57 66 51 70 7 91 20 36 43 79 34 19 60 64 4 16 26 86
67 72 86 13 39 96 50 87 92 80 91 60 43 29 49 35 19 41 13 58 52 99 68 3 13 20 6 5 51 11 2 94 84 63 8 26 12 58 70 88 89 12 11 14 25 60 80 40 35 28
17 73 59 19 64 79 31 98 56 14 94 58 89 78 35 78 92 95 89 27 69 82 3 85 56 97 96 87 33 22 20 60 69 80 38 14 28 47 81 56 52 68 90 85 59 62 50 19 26 53
46 33 95 44 4 66 62 12 67 84 96 75 63 93 33 82 27 14 39 19 42 48 64 43 7 89 45 27 84 57 89 85 15 73 36 53 60 99 73 82 21 30 75 11 44 55 47 87 31 31
73 99 4 82 54 13 52 62 58 85 54 89 25 85 14 94 41 24 74 9 21 62 55 42 23 43 84 2 11 66 76 46 41 26 25 35 74 69 32 40 35 80 0 8 43 29 18 94 76 62
54 37 29 70 54 41 3 0 13 17 97 53 80 31 58 43 12 3 79 72 32 74 10 12 71 10 40 82 42 54 1 47 4 1 46 49 81 34 69 67 73 14 90 53 59 91 30 92 18 68
73 18 25 31 9 88 30 17 51 28 56 92 71 36 38 72 99 48 2 29 76 42 37 87 46 87 48 28 68 31 80 94 77 40 4 16 75 97 97 32 25 16 24 44 66 0 25 87 76 38
25 64 14 28 59 65 79 55 55 35 32 79 66 50 22 26 37 20 7 9 4 11 20 46 68 67 41 74 53 81 29 40 74 78 64 46 46 10 74 32 38 16 93 85 57 51 66 70 51 96
41 3 82 70 33 68 55 68 4 43 22 46 8 86 82 88 85 69 55 21 25 76 2 24 22 21 49 34 36 42 38 57 36 13 69 8 44 11 10 65 19 48 59 9 12 8 8 6 20 86
16 85 94 74 26 31 7 2 87 47 1 84 90 95 3 6 50 60 95 36 56 57 33 13 61 46 74 40 88 71 33 92 80 31 0 7 18 19 93 29 12 75 59 33 50 38 47 82 12 73
83 17 76 38 29 7 61 11 65 58 97 13 64 97 95 23 29 40 83 98 46 58 45 82 60 69 1 15 39 97 33 9 94 38 2 20 4 22 18 96 23 38 51 38 14 68 96 77 74 38
34 47 42 94 90 83 46 85 70 60 15 15 91 70 41 28 29 91 69 79 38 13 11 41 21 37 57 85 36 96 91 4 8 85 86 8 61 38 19 86 60 32 93 85 98 50 48 11 53 97
79 64 8 1 95 20 80 26 67 37 28 34 93 51 22 57 45 86 39 74 37 8 5 68 19 34 63 14 44 84 31 40 84 77 71 62 53 58 72 6 83 25 22 90 57 88 51 58 21 91
49 31 30 69 59 53 44 1 73 96 87 21 78 15 7 20 10 14 1 23 8 43 89 10 98 16 61 35 22 70 35 63 65 28 41 38 94 17 14 80 10 28 17 99 69 60 45 98 71 78
54 59 83 90 25 67 93 61 49 67 48 33 43 33 36 65 99 31 40 64 94 1 79 91 27 57 86 38 1 56 99 86 2 89 24 14 17 76 47 33 15 78 70 34 79 70 46 38 7 38
37 16 14 24 71 91 64 67 80 43 29 29 7 11 17 53 57 60 41 35 76 89 14 72 42 28 16 49 87 87 65 64 21 89 40 69 52 63 54 43 55 24 20 30 70 26 84 66 2 37
2 99 71 45 2 78 26 78 60 45 67 64 7 6 28 88 69 63 66 94 47 66 86 48 96 50 36 89 58 4 94 31 46 39 16 24 97 92 18 20 59 50 37 34 77 46 26 37 54 19
78 79 98 37 56 73 45 94 71 48 40 11 27 37 92 30 42 11 62 41 3 61 50 20 45 87 13 75 76 20 44 31 28 94 60 58 18 56 68 35 26 76 89 38 20 24 90 66 96 48
23 76 25 92 20 41 17 93 73 40 9 60 61 1 18 99 13 33 85 82 58 96 26 27 46 96 21 18 6 99 41 45 1 87 94 32 95 24 58 62 73 15 38 15 94 93 25 64 11 96
44 21 5 57 90 22 95 46 15 16 31 95 75 22 75 42 7 93 57 26 84 50 58 0 87 3 19 1 34 24 55 66 90 2 18 85 69 53 39 6 77 18 14 29 82 70 71 53 2 75
84 89 72 71 94 41 48 49 46 55 96 50 97 24 97 26 84 92 13 18 10 87 39 92 21 91 7 42 70 71 32 84 14 12 45 46 84 75 64 59 91 45 20 55 60 15 98 86 41 13
65 80 95 49 84 58 16 31 45 68 50 96 66 70 35 47 69 74 14 9 38 20 74 67 75 20 87 81 6 32 80 19 76 47 97 89 65 0 76 13 76 92 40 19 18 98 2 13 90 27
22 9 63 22 33 3 32 43 20 6 45 44 77 40 45 83 10 51 52 0 17 11 0 37 16 93 91 39 71 43 79 68 86 26 77 5 79 19 18 20 94 5 20 38 41 27 88 38 27 56
1 2 60 16 20 95 6 15 62 88 72 50 18 99 47 44 50 37 61 92 9 43 65 16 1 97 91 32 29 10 72 66 46 97 8 75 35 41 30 49 74 5 94 26 0 31 51 48 88 9
67 55 33 28 57 36 40 25 64 14 14 22 54 66 23 31 61 53 63 69 61 63 69 83 1 57 63 80 14 27 66 60 39 78 9 66 39 71 4 28 36 71 56 36 47 76 11 45 44 25
88 63 11 97 34 41 70 64 37 85 19 88 85 23 27 66 7 2 20 17 44 16 80 94 0 80 97 81 2 37 69 81 37 78 45 51 79 40 61 81 28 55 34 10 53 2 51 81 33 34
78 59 80 37 37 52 14 13 51 94 98 43 19 70 72 61 14 2 38 26 1 39 20 41 49 13 95 71 7 98 38 40 5 1 17 28 26 97 6 0 14 41 29 50 55 60 17 85 23 47
95 97 4 90 5 28 53 55 82 91 80 76 53 31 87 22 79 96 64 92 66 26 29 68 97 35 49 25 4 18 10 65 34 96 7 52 37 58 21 53 89 68 96 58 55 27 97 50 79 23
25 74 30 28 83 77 47 24 47 59 45 8 65 10 13 26 38 72 11 75 33 33 81 19 89 97 43 59 22 69 99 96 13 28 76 48 37 85 62 75 46 14 32 99 61 25 71 98 3 27
64 93 20 0 12 73 99 9 55 94 15 42 12 62 66 0 38 22 81 8 79 95 10 61 58 70 23 85 47 89 4 38 10 96 28 34 65 97 95 42 2 88 64 70 13 6 83 23 44 86
15 71 40 71 99 76 66 99 4 61 36 43 76 16 88 54 12 15 5 40 18 82 25 64 97 69 89 59 79 76 91 7 57 43 53 34 26 59 20 53 9 11 61 85 55 29 46 72 58 65
63 10 52 72 87 11 0 68 1 24 56 66 27 43 70 97 97 43 49 65 3 1 22 97 76 61 65 98 40 55 21 26 41 70 25 71 75 12 73 46 2 33 14 33 74 24 18 91 33 98
68 68 43 52 73 24 92 9 34 15 68 12 96 52 45 66 24 18 41 96 99 76 74 28 72 81 69 63 50 81 52 75 70 52 57 24 26 6 27 50 37 86 19 67 9 35 45 68 45 43
60 14 45 10 90 63 22 36 25 86 0 56 45 85 79 21 24 27 84 58 83 3 54 0 58 12 39 49 52 53 66 83 16 41 90 81 5 34 9 25 32 91 23 93 97 66 46 36 86 81
