50 50
44 86 10 55 26 10 86 78 79 90 32 28 45 80 20 92 60 85 60 84 21 33 4 85 98 28 53 40 6 73 28 62 42 22 45 59 33 27 64 24 68 3 19 87 80 51 51 95 41 37
20 6 80 60 64 80 80 99 99 89 18 58 67 34 10 27 33 39 4 63 28 51 88 51 55 41 41 54 24 13 35 47 89 60 2 94 44 37 14 74 84 67 2 0 17 20 28 73 81 73
29 66 80 74 43 68 60 8 52 53 75 1 41 68 54 66 42 10 55 36 69 68 26 9 63 96 13 77 48 15 41 6 17 97 86 69 32 64 87 39 58 74 89 11 53 54 21 7 3 89
75 7 94 72 51 12 3 74 37 77 55 87 62 6 59 64 90 7 21 78 75 35 95 98 2 86 45 80 78 6 16 57 70 77 98 23 60 61 17 94 42 13 59 40 69 43 26 81 39 15
41 70 40 77 91 72 43 75 65 85 85 11 43 61 34 44 58 6 32 81 97 76 98 23 6 92 63 2 81 49 42 60 99 30 78 0 88 50 94 72 67 38 91 21 8 59 59 70 53 74
40 6 72 49 69 48 15 11 50 6 21 68 49 56 34 12 99 67 90 55 77 82 54 29 73 26 49 47 29 9 19 99 98 88 62 30 15 8 47 16 93 79 44 62 55 4 75 99 90 94
32 73 66 15 62 90 1 77 98 97 35 46 30 45 34 13 70 23 8 3 86 10 90 24 43 46 35 46 44 86 93 80 85 60 26 95 56 34 25 80 85 34 22 76 11 67 84 57 88 49
93 46 59 34 77 28 17 3 95 52 72 93 20 72 71 88 68 10 56 24 97 14 65 26 53 97 61 32 15 61 33 97 50 12 69 45 53 98 16 92 54 30 46 98 79 52 18 6 45 70
91 63 3 77 76 10 6 36 19 72 70 28 8 96 2 19 62 24 34 15 10 86 52 60 75 2 41 50 25 28 57 99 71 17 33 51 14 31 89 88 40 51 41 50 86 24 38 30 15 2
30 12 73 25 76 50 88 13 17 82 67 49 90 54 91 48 69 99 41 18 83 99 5 73 62 56 23 30 58 79 47 19 49 86 9 98 21 27 51 54 70 13 15 84 80 65 56 90 0 85
9 77 15 53 54 95 33 92 91 86 51 30 60 0 24 27 86 57 65 42 14 8 48 41 80 33 94 97 30 37 65 13 18 11 43 0 39 83 66 16 36 64 95 50 0 62 61 73 5 43
79 4 80 67 44 17 93 67 50 44 14 61 11 0 94 65 82 1 10 83 53 25 70 39 78 15 49 43 25 92 91 49 54 43 98 30 76 73 96 45 45 45 48 56 91 68 94 99 40 99
22 20 66 7 75 15 50 35 33 57 33 91 13 0 61 92 84 3 99 93 70 52 25 23 31 0 73 64 30 82 93 18 64 20 78 11 39 75 97 12 67 74 89 42 21 63 27 95 67 44
39 95 78 65 65 51 81 55 83 3 30 11 72 84 19 59 7 54 21 59 38 15 12 23 32 44 12 78 43 46 55 19 49 47 43 39 86 43 2 77 67 37 13 58 86 72 47 41 87 39
30 68 53 82 68 25 17 2 28 17 94 45 33 89 95 3 41 24 88 72 91 65 87 48 94 41 59 77 87 88 66 12 40 85 30 53 83 45 12 31 64 65 14 82 81 23 63 67 26 2
14 7 61 21 28 70 11 16 7 14 95 72 29 30 23 32 38 18 98 75 31 92 16 32 69 50 19 30 95 78 77 53 37 79 93 48 45 29 84 2 21 36 99 59 39 67 9 44 30 0
4 33 83 44 45 82 60 75 77 26 44 24 72 43 70 75 9 67 22 14 88 25 92 83 78 81 10 37 72 71 65 53 31 0 53 29 69 93 52 80 88 12 62 81 86 38 5 52 79 56
66 69 61 85 54 55 75 40 8 43 42 7 57 95 67 69 0 76 77 38 36 65 10 93 5 75 9 45 72 77 41 17 22 14 31 55 46 7 24 26 65 53 36 35 51 58 89 27 86 31
75 97 3 21 69 11 70 66 2 73 29 91 55 75 9 90 72 3 11 72 11 71 31 1 23 14 19 68 33 61 30 18 49 84 52 61 30 2 51 66 62 25 71 6 76 86 90 23 81 32
14 9 53 17 39 10 4 71 90 49 76 87 86 17 58 9 21 79 90 89 23 74 25 11 71 14 59 87 57 21 83 53 81 70 6 17 10 44 29 32 94 47 56 2 40 70 51 60 42 39
97 88 53 38 85 87 36 30 83 58 52 95 60 84 69 6 99 61 64 83 24 74 38 89 3 67 46 14 6 12 23 81 0 47 30 43 44 20 97 60 98 17 99 97 5 63 62 79 89 19
75 22 61 2 7 56 11 13 69 37 99 56 50 54 10 5 28 25 84 77 23 88 10 38 77 95 99 1 84 17 44 20 38 96 33 48 84 90 18 67 71 59 96 62 22 79 2 79 87 7
67 36 52 96 70 91 5 64 19 47 45 80 49 47 63 31 72 98 6 21 26 7 7 37 66 60 3 33 31 75 20 62 53 33 59 99 12 9 58 2 65 86 9 62 41 63 1 20 82 48
32 19 33 46 57 99 25 44 6 55 79 23 52 1 53 15 40 17 95 84 7 79 11 59 87 9 62 57 89 20 96 75 45 74 4 33 75 0 4 12 93 86 20 39 72 86 96 40 21 62
82 80 84 5 91 8 54 68 44 19 18 80 66 43 77 98 52 84 69 1 37 18 13 22 21 13 24 64 33 85 1 51 41 78 73 19 94 46 93 58 18 38 33 90 71 27 58 53 56 35
2 76 81 59 51 5 58 16 9 37 55 85 9 56 72 41 23 14 3 53 64 70 40 28 51 57 53 65 88 7 99 27 20 47 53 79 13 27 58 39 22 42 44 1 92 60 56 11 90 78
40 98 94 83 54 71 12 2 76 36 39 8 28 3 4 34 2 6 28 69 75 52 13 67 43 5 28 52 31 18 0 62 50 82 98 16 70 98 42 91 11 60 78 90 48 46 48 43 95 7
83 56 80 91 64 90 55 97 62 44 92 32 40 75 4 8 21 99 75 79 59 78 49 27 18 2 29 26 60 66 39 71 73 45 83 71 4 37 66 44 66 8 22 24 73 2 29 79 7 69
62 56 88 85 34 45 90 57 49 86 92 19 19 19 87 34 74 18 40 76 94 42 30 44 35 57 76 52 58 17 89 91 89 81 6 1 24 22 43 16 56 44 92 93 63 36 9 95 97 34
17 23 58 7 70 74 60 11 10 19 14 7 10 8 59 0 20 6 75 60 70 86 57 24 77 36 38 26 53 33 44 80 99 85 79 88 66 48 34 16 4 83 13 72 68 12 29 44 55 23
53 90 55 51 29 6 42 62 64 1 15 73 72 89 79 19 2 8 26 97 34 27 73 25 88 62 78 38 43 55 82 91 69 19 48 26 60 15 83 82 56 82 54 69 47 1 16 21 44 27
67 90 26 10 58 73 51 79 70 90 86 37 59 67 38 6 66 32 12 16 52 57 88 38 99 36 20 24 88 39 64 30 36 26 39 66 90 68 65 21 5 85 69 24 8 48 65 66 15 3
8 52 32 83 91 40 80 12 14 21 81 10 65 44 36 53 68 65 79 62 53 54 19 27 35 85 5 27 57 95 40 10 46 92 41 96 60 44 81 40 49 20 93 22 15 73 97 7 99 22
34 32 22 3 91 3 90 42 3 60 53 26 0 19 38 16 59 2 5 2 23 82 84 50 70 4 94 67 58 76 62 83 96 28 24 78 34 6 63 21 82 74 92 96 67 66 73 16 81 36
12 93 68 47 85 3 66 35 67 8 79 95 2 43 6 41 27 15 17 79 84 28 16 86 91 59 50 59 6 29 94 42 35 78 51 57 26 21 25 84 82 25 81 56 86 94 98 93 25 50
4 90 97 40 69 59 59 6 45 12 70 89 79 78 13 88 34 27 0 2 89 73 94 32 4 53 23 83 8 62 65 10 26 31 85 39 21 69 32 16 8 91 15 7 39 50 14 31 87 76
73 43 33 62 10 96 94 47 19 12 18 21 0 38 70 31 33 50 8 15 34 37 56 98 71 81 53 67 97 20 95 62 44 97 24 65 65 20 19 56 51 54 21 9 69 35 0 16 7 24
97 35 58 84 89 70 38 16 48 21 8 37 87 39 47 57 4 85 15 63 2 69 71 89 8 24 2 34 99 68 63 28 81 61 83 69 44 12 97 88 8 96 91 13 92 46 68 73 98 78
67 77 83 92 25 81 87 44 46 91 38 31 78 75 2 96 2 50 63 44 52 19 0 99 36 36 20 13 89 83 49 39 20 69 8 7 12 63 19 68 23 9 65 29 6 71 94 6 88 6
96 85 89 83 21 12 41 83 65 94 58 76 75 17 40 93 38 68 53 58 86 84 5 80 31 15 63 84 55 55 76 43 25 53 65 37 83 81 4 82 42 33 84 79 56 50 60 64 88 15
97 17 77 68 21 61 26 41 31 49 47 49 77 21 14 93 26 71 11 15 42 89 34 40 57 64 38 30 99 96 88 13 44 92 10 99 86 62 48 56 94 89 12 11 6 98 82 33 40 95
70 22 30 1 79 7 92 89 71 89 13 66 70 21 98 26 63 1 52 73 1 28 91 61 21 84 51 17 1 59 64 38 21 63 68 86 74 40 98 57 65 12 65 3 81 80 39 68 46 18
90 5 6 90 99 35 44 55 53 0 24 21 29 80 95 36 73 41 3 19 74 2 76 74 25 6 15 28 28 17 89 1 92 63 50 13 45 86 48 5 15 79 32 59 57 8 97 77 97 78
95 80 29 98 10 4 92 77 83 46 33 91 53 33 2 40 52 4 29 23 16 82 42 43 8 58 97 92 34 98 63 27 7 30 23 0 64 73 42 88 91 18 74 16 78 68 69 39 53 26
91 35 94 6 99 21 37 25 88 95 66 39 38 73 22 75 43 99 78 4 98 74 59 24 7 47 39 2 25 16 41 44 86 63 64 88 95 79 31 90 51 98 83 51 23 12 88 84 90 14
22 10 32 39 53 55 20 6 43 66 91 52 85 2 94 5 37 86 95 48 77 42 96 56 10 2 66 34 69 72 6 97 4 60 87 3 49 56 58 53 39 48 4 48 12 14 51 29 76 75
55 75 12 73 68 82 33 6 6 31 25 9 12 75 4 63 21 61 20 88 78 76 62 31 73 46 95 88 9 34 42 51 80 1 22 61 5 44 50 86 41 32 20 55 83 7 33 83 85 76
47 22 22 9 94 68 56 75 72 78 14 11 65 54 13 63 67 74 26 3 51 46 17 56 52 20 40 71 14 72 15 87 56 54 17 76 58 70 65 18 87 45 16 51 41 18 42 17 29 95
50 62 20 87 43 1 7 48 70 74 94 41 61 58 80 44 5 55 30 31 96 11 64 67 0 66 53 48 40 95 90 78 28 47 59 29 40 47 41 25 70 94 78 38 30 32 45 82 89 72
78 67 81 63 94 50 43 34 14 19 17 78 24 24 10 14 47 76 98 91 86 17 18 30 85 70 61 27 84 83 12 19 33 87 68 98 56 81 98 77 44 98 13 96 29 86 32 76 9 92
