50 50
54 3 36 96 64 48 87 38 98 14 0 96 82 91 15 58 60 20 61 97 56 83 37 28 18 6 73 87 55 25 46 19 5 20 71 26 11 95 93 10 60 23 23 6 34 45 53 92 80 82
0 24 27 93 22 51 5 58 5 39 92 84 70 8 20 77 64 21 72 8 92 15 62 11 46 88 78 11 11 54 57 83 84 91 5 48 43 83 40 82 0 23 19 53 23 9 27 62 76 15
81 19 42 12 22 42 96 80 36 30 60 27 14 45 73 14 85 73 82 66 73 42 37 44 14 28 17 35 50 77 21 5 52 21 63 79 53 6 6 76 79 70 76 70 41 68 93 10 12 77
18 93 66 62 13 31 30 38 12 32 56 14 94 92 24 70 18 29 7 52 52 14 80 88 23 84 43 17 73 48 35 74 23 29 53 82 96 31 53 16 9 57 9 67 24 28 25 21 16 37
44 53 9 82 84 20 72 9 19 42 8 13 83 26 76 52 19 28 91 38 85 6 79 83 66 54 49 6 63 87 43 6 29 86 37 65 5 97 31 31 60 20 55 2 73 14 12 32 11 8
38 39 59 85 8 23 86 77 19 59 44 19 22 48 47 49 87 0 52 82 10 29 79 21 42 45 35 37 84 27 69 43 33 94 70 16 76 88 71 98 27 96 14 15 88 93 55 95 37 66
71 32 6 39 56 4 11 43 71 25 60 99 80 7 75 32 37 28 52 60 26 48 56 55 21 52 95 27 44 90 47 0 25 95 18 44 21 27 82 43 28 94 40 70 64 7 34 79 88 10
23 0 52 53 61 87 14 47 50 46 39 4 50 29 88 15 81 89 46 97 45 27 6 7 99 84 79 76 53 4 73 49 39 75 54 91 68 63 53 38 63 45 15 18 53 35 65 77 29 25
81 35 71 35 86 75 54 14 56 5 65 1 94 69 88 10 85 71 4 3 53 89 33 28 44 64 73 45 46 69 81 70 96 63 55 6 85 77 61 77 51 79 37 81 68 18 98 66 5 37
49 31 51 28 48 38 65 81 99 40 73 72 54 4 64 31 80 47 34 5 27 83 30 65 47 5 12 65 59 45 70 1 11 61 97 3 22 19 74 5 72 93 42 73 98 83 55 49 6 30
80 31 57 6 79 96 79 26 57 24 73 17 50 93 32 0 71 62 44 2 52 80 95 35 23 5 60 80 69 63 89 4 19 9 22 86 31 8 37 71 74 13 28 73 60 45 14 80 21 67
65 12 0 91 67 39 9 12 70 49 79 42 14 49 47 88 51 43 27 79 3 38 45 25 98 4 29 92 69 15 36 19 98 4 17 28 39 33 87 36 51 18 16 96 66 33 40 65 50 29
94 5 98 22 41 29 65 4 85 6 2 82 33 25 51 21 89 70 3 40 40 33 59 5 62 21 18 17 60 49 45 1 58 1 84 62 33 3 74 99 73 47 7 27 72 71 82 81 11 98
96 37 66 11 42 56 79 63 45 67 81 59 47 14 70 23 81 21 32 77 1 97 86 46 99 97 4 40 82 81 31 29 35 47 25 96 30 12 62 11 64 98 41 46 50 45 67 16 19 84
44 18 53 72 36 7 65 94 29 36 77 41 22 79 77 46 14 19 43 3 10 18 0 46 29 36 46 42 54 87 3 81 57 25 98 61 38 37 42 61 96 49 61 53 72 47 2 8 67 30
30 58 31 36 77 62 82 0 69 90 10 5 12 41 52 60 9 96 24 4 17 83 14 33 50 73 6 29 19 60 72 39 30 50 67 91 30 25 14 52 62 15 18 25 23 64 39 98 38 57
82 14 58 25 93 16 62 26 33 49 6 74 22 81 61 58 43 70 47 95 75 68 72 3 27 35 51 21 13 3 19 47 20 14 64 79 14 32 27 43 11 26 60 78 89 1 30 64 45 41
32 73 27 31 67 44 31 28 24 82 45 32 90 1 50 28 43 56 21 81 12 21 47 56 90 97 20 72 67 60 20 93 98 0 46 2 78 10 76 6 81 65 88 58 43 9 11 4 17 82
32 9 79 2 10 24 18 8 57 31 92 97 1 6 80 74 55 15 69 47 94 98 89 8 15 25 98 71 96 0 43 39 86 18 67 92 83 42 18 36 93 49 1 46 61 42 74 97 74 99
29 99 58 11 90 72 77 23 1 77 22 87 72 13 7 99 95 87 25 5 71 62 34 11 73 89 85 61 4 38 4 20 89 55 65 3 77 69 89 92 51 6 20 75 24 81 95 88 93 35
73 84 50 62 7 39 14 37 73 65 12 33 26 54 69 20 45 83 81 4 41 43 48 60 40 75 91 16 46 50 60 23 57 31 31 68 76 27 11 69 65 66 70 97 32 83 41 13 89 32
4 58 34 16 66 12 1 72 61 15 88 88 42 83 44 19 23 58 90 3 25 96 95 76 23 76 81 14 25 89 10 52 53 83 36 55 56 85 43 34 77 62 53 75 37 28 13 99 27 65
60 24 2 57 60 24 53 10 74 24 8 85 23 44 21 31 73 5 66 61 23 40 7 2 64 9 29 14 43 91 25 21 53 85 5 30 28 3 68 27 61 32 82 94 52 97 77 1 36 47
92 99 25 34 54 53 55 2 41 18 37 91 81 12 18 62 83 73 61 31 19 67 69 93 21 57 66 24 90 15 15 41 54 98 1 9 76 33 10 83 14 54 65 10 80 71 29 71 51 92
65 48 38 18 58 18 63 93 29 99 76 19 64 9 94 70 32 5 45 22 32 34 18 4 34 32 85 88 62 64 6 32 66 29 4 92 94 22 38 39 89 37 66 6 81 34 98 45 14 45
19 36 30 45 77 80 83 3 19 48 92 37 64 89 14 33 32 15 61 92 5 24 80 92 5 70 22 87 49 97 80 86 49 40 41 98 26 3 2 39 79 95 13 72 19 54 5 62 89 47
84 84 22 68 59 79 71 77 32 78 1 0 29 2 4 75 70 77 95 20 76 66 63 18 89 3 32 79 32 59 32 24 86 42 40 2 59 22 23 66 12 34 75 4 93 85 22 16 52 97
9 33 57 76 33 63 27 1 42 64 66 25 78 31 67 43 17 13 72 30 72 77 98 0 86 41 28 77 92 55 50 67 25 61 56 18 98 75 71 91 2 78 49 57 87 92 4 70 69 23
58 94 77 96 74 65 93 51 24 25 51 2 67 66 79 23 64 6 21 54 27 90 45 95 28 20 81 90 87 4 29 77 76 9 65 37 6 16 71 34 43 59 16 24 90 59 77 48 95 55
54 47 13 72 63 63 98 38 85 11 67 49 46 72 40 27 78 34 5 12 11 32 85 0 35 95 55 23 91 12 61 45 99 61 27 56 28 92 86 10 87 14 37 72 2 99 2 25 45 72
8 85 46 30 76 87 62 80 38 9 96 91 57 3 87 96 50 21 21 72 43 52 34 21 38 77 52 19 62 9 78 36 92 70 99 82 78 31 63 40 76 24 22 54 92 16 88 13 64 47
99 14 79 68 43 41 84 1 96 58 94 32 91 85 9 56 56 70 32 99 41 67 1 36 37 64 23 69 49 19 3 73 78 12 6 37 42 11 19 29 71 29 9 49 50 51 41 60 67 77
18 14 90 36 12 13 51 20 32 0 46 81 23 94 49 39 19 34 35 65 95 48 68 78 32 82 40 67 95 31 72 91 46 88 71 87 66 76 46 10 18 95 74 59 3 71 11 58 95 73
91 27 78 9 75 59 15 28 66 17 2 74 45 36 66 76 17 34 94 81 34 2 16 90 50 77 66 69 35 66 20 68 62 32 72 27 47 28 65 76 67 6 62 8 75 24 11 54 58 94
38 32 35 46 43 14 52 1 26 24 49 58 37 35 18 69 79 3 97 67 0 56 72 68 98 33 59 31 56 28 72 44 28 11 85 16 68 45 73 59 62 31 53 18 25 0 18 50 74 63
14 28 35 18 62 84 44 41 31 3 7 58 66 3 61 35 63 63 2 0 7 76 15 57 52 35 98 48 93 1 9 35 9 9 88 23 72 37 54 36 10 83 18 18 79 38 27 39 52 5
26 42 61 35 12 83 21 44 32 86 68 87 46 41 79 48 10 72 9 84 38 90 72 63 26 72 4 94 46 87 13 31 28 20 79 68 12 66 88 92 16 37 95 48 5 19 2 47 44 51
0 57 24 18 53 66 15 83 46 52 36 1 96 40 75 29 13 64 79 28 52 26 27 59 25 75 50 65 58 17 7 8 63 90 39 77 71 45 5 37 98 10 5 22 68 0 11 93 97 13
83 70 13 13 31 84 93 1 85 8 65 51 97 48 3 67 22 99 74 15 64 3 39 88 63 90 70 29 71 80 60 62 18 14 37 77 9 85 33 17 91 4 55 22 25 61 31 95 60 35
20 2 49 12 71 63 72 56 95 8 30 36 59 5 51 63 46 68 8 75 21 22 73 54 61 1 70 64 14 11 46 38 69 24 67 57 59 20 4 9 96 13 70 46 38 0 99 95 22 48
17 14 38 86 44 53 37 9 67 82 45 99 66 63 13 96 64 29 22 39 38 39 16 78 77 21 12 98 19 71 51 14 68 61 59 46 28 57 4 88 8 39 36 47 8 91 21 52 39 68
22 95 73 19 43 74 59 8 74 13 39 81 81 30 61 33 72 28 87 80 13 95 75 90 45 15 99 82 17 6 81 46 3 97 72 12 91 25 89 28 29 7 0 1 12 1 17 4 11 84
75 16 42 24 3 61 16 44 64 54 78 24 35 67 36 36 29 2 5 36 79 33 56 1 30 90 3 57 49 19 29 68 22 83 11 59 54 29 56 72 9 82 57 31 87 0 99 75 56 55
93 58 70 98 86 15 45 97 13 72 71 36 80 24 30 90 29 39 30 15 25 90 37 26 33 37 80 36 79 48 6 2 80 68 57 25 16 30 67 4 62 7 16 95 42 11 9 39 59 57
1 15 63 15 79 82 88 90 51 61 2 94 8 44 90 83 27 84 40 75 73 90 16 70 89 8 50 39 27 41 10 84 65 39 34 91 53 58 2 58 95 68 80 15 39 89 49 89 35 75
7 38 72 19 0 10 47 79 64 46 91 63 59 16 31 94 95 13 54 77 79 28 54 83 94 56 12 4 19 7 93 9 9 9 97 55 37 34 95 44 60 85 50 96 91 40 22 76 95 79
60 4 97 35 28 19 93 12 94 5 52 70 93 22 83 37 31 1 4 47 14 40 43 49 24 54 69 41 10 96 96 60 70 96 85 18 16 58 23 55 47 59 68 40 54 12 50 20 52 62
26 13 12 95 87 8 59 93 25 15 75 27 17 9 64 80 14 93 78 56 78 99 95 21 65 36 84 99 73 16 11 35 83 53 97 49 2 86 5 56 80 20 81 82 9 77 84 52 31 63
25 70 79 72 14 89 48 98 82 9 36 83 24 27 47 58 84 92 20 46 18 41 85 49 89 5 46 68 52 10 1 40 28 17 76 31 52 88 83 70 54 88 61 42 98 85 46 25 15 35
16 15 96 3 92 23 88 2 51 15 97 97 86 2 62 48 76 85 65 79 80 9 60 38 34 61 78 70 50 32 12 99 40 28 24 67 43 18 48 86 39 76 22 84 41 69 67 60 92 57
