50 50
90 70 27 54 4 49 21 23 49 54 24 33 20 87 8 81 12 54 84 24 95 37 23 84 44 15 52 98 34 98 90 69 76 26 57 11 78 10 36 35 40 61 16 54 53 2 28 16 57 13
14 67 27 22 73 25 0 32 51 88 16 20 78 65 72 41 39 64 76 18 67 51 70 96 72 55 77 13 95 63 9 18 28 1 47 66 22 38 47 95 57 26 28 91 25 81 32 54 72 7
82 45 67 17 47 39 48 40 47 78 39 60 38 48 88 64 19 6 68 42 48 9 22 29 21 96 34 26 90 13 41 30 75 92 46 17 35 14 82 38 96 20 78 25 94 78 17 88 74 38
51 58 19 44 16 19 2 39 29 35 64 12 81 79 82 10 44 60 61 86 75 22 2 96 90 96 22 34 88 77 83 47 35 11 60 37 21 57 17 29 46 17 89 48 78 41 65 30 28 98
57 73 92 54 77 92 24 2 10 56 27 6 50 53 20 62 98 21 40 94 48 82 50 46 71 4 83 58 29 29 12 59 17 87 84 46 81 38 23 61 53 0 47 43 39 88 74 54 68 79
37 56 42 55 78 64 70 65 58 61 55 19 11 20 88 99 44 58 62 58 82 97 49 59 5 96 14 97 98 89 7 20 1 41 66 3 4 14 0 44 49 29 58 57 8 87 80 33 79 15
24 32 26 90 16 10 82 89 13 58 7 33 80 86 32 57 81 57 28 2 67 48 77 82 75 83 53 16 2 80 12 45 12 95 12 40 33 85 93 62 45 39 44 40 31 75 59 71 48 34
98 75 19 59 59 83 67 86 88 48 23 37 8 49 32 54 61 68 12 68 17 89 10 69 12 6 53 99 71 92 50 68 46 32 28 46 51 81 58 85 93 75 64 73 26 94 87 31 11 34
88 20 58 32 45 39 35 41 94 60 89 74 52 62 59 56 96 96 20 69 92 48 59 30 4 23 93 30 43 33 95 84 38 21 19 11 95 27 45 78 75 54 47 48 71 75 68 71 86 77
39 70 15 26 86 98 18 1 5 30 22 46 45 16 25 48 20 5 12 48 92 91 43 97 10 72 84 24 65 25 77 21 3 49 87 17 6 58 43 41 55 60 10 54 24 82 63 65 20 75
71 30 75 55 42 83 12 18 50 20 44 3 45 33 77 49 13 54 29 48 58 63 82 71 6 81 74 4 15 50 81 11 22 12 10 16 18 56 15 69 70 19 69 50 67 25 64 50 3 15
18 49 2 63 47 14 79 61 3 18 8 42 46 6 55 73 6 96 36 18 4 55 56 7 64 38 54 78 0 59 56 63 86 7 7 31 34 85 63 33 82 51 74 8 51 55 4 76 85 21
36 56 95 4 40 5 31 44 5 25 76 17 65 10 18 63 63 89 76 90 68 59 76 8 22 48 49 82 60 51 8 69 3 94 76 26 99 1 88 61 86 58 77 37 58 99 20 25 1 59
8 41 24 67 1 0 31 9 77 81 22 86 44 47 67 73 70 11 5 5 42 27 41 68 57 67 50 24 91 55 8 50 37 67 43 19 0 86 65 37 31 94 68 60 46 98 31 53 22 64
8 32 72 86 16 98 32 70 28 61 21 79 60 79 51 62 10 9 46 40 16 46 74 13 49 91 70 20 13 41 16 61 33 8 55 71 19 34 98 42 64 34 12 32 90 8 38 52 99 79
76 53 78 18 72 96 13 6 5 24 28 45 8 23 10 0 99 10 99 10 78 43 42 3 30 18 69 10 39 81 10 61 38 50 32 23 48 20 48 49 34 6 84 53 94 26 26 75 14 60
50 42 90 61 23 75 74 3 20 64 27 38 36 49 77 34 69 66 63 56 56 0 21 52 3 34 97 27 5 77 4 64 47 91 41 97 24 42 74 24 56 62 2 90 55 93 33 60 33 59
26 62 47 29 20 64 78 67 79 24 5 40 79 37 94 45 51 75 30 44 15 34 39 58 23 56 40 14 75 29 87 18 27 12 64 67 10 8 39 98 80 29 50 11 3 70 11 31 91 80
25 56 86 60 71 31 54 96 2 52 52 5 7 87 88 42 23 12 54 98 59 10 84 78 80 14 56 63 36 44 58 18 52 1 49 99 1 74 43 28 55 34 71 65 1 82 54 25 90 49
90 90 75 35 3 58 30 26 26 88 56 13 67 1 98 89 40 25 64 12 21 73 7 66 6 69 50 63 90 66 73 99 33 13 36 76 94 64 32 87 25 66 64 82 72 61 99 76 91 35
44 41 30 19 70 53 21 52 79 35 24 31 47 2 16 20 82 64 94 77 42 30 35 77 38 20 10 83 79 56 76 7 60 95 70 15 5 43 28 48 45 64 94 89 97 9 51 64 38 34
88 70 92 34 69 93 48 53 69 67 2 69 87 95 77 36 79 89 87 96 64 34 63 30 38 94 91 9 7 0 43 29 93 34 70 13 63 39 85 31 85 15 63 43 28 36 42 72 34 90
91 77 97 99 40 94 96 74 75 83 30 13 96 29 73 41 18 14 98 70 18 2 63 40 91 53 41 99 50 92 72 53 9 76 52 43 51 98 45 61 95 75 70 66 31 3 79 15 64 54
34 83 74 31 15 5 86 11 52 38 25 38 45 93 92 51 70 92 27 85 55 38 42 92 46 80 17 87 8 41 71 75 83 47 43 29 39 82 74 79 44 90 38 93 96 24 12 96 79 51
74 49 71 13 28 32 31 35 83 89 98 96 17 23 96 66 9 13 5 38 96 3 56 86 38 96 57 97 52 39 6 66 19 3 20 14 73 32 59 96 66 16 33 1 96 59 82 56 6 92
80 46 13 79 3 87 17 85 79 74 23 53 4 25 73 79 45 19 36 44 64 65 86 26 91 1 46 84 47 57 98 76 71 21 39 39 27 54 97 59 79 11 3 9 0 77 30 49 59 97
54 35 38 58 43 9 99 72 1 2 64 63 85 10 94 84 4 66 67 34 40 73 17 84 1 39 84 79 78 71 30 88 17 11 18 5 46 88 26 48 68 97 62 83 34 34 70 43 32 28
58 73 88 51 98 27 50 29 4 60 50 62 87 99 63 68 93 79 58 48 94 80 31 41 44 21 33 68 43 7 56 42 55 58 20 29 97 99 15 44 2 26 85 95 50 26 0 67 44 47
74 91 18 9 77 24 26 86 72 18 26 24 44 64 78 80 43 17 11 77 43 66 61 73 27 23 92 5 51 36 0 44 15 10 70 78 50 11 6 22 49 17 70 35 65 97 88 21 2 92
33 76 20 65 92 35 36 19 17 84 24 89 25 81 59 96 65 58 25 27 55 72 3 77 59 69 70 34 80 72 18 16 54 86 63 91 30 55 41 58 67 23 13 85 30 63 84 64 76 2
16 55 32 53 64 79 28 48 98 15 11 71 47 72 87 44 35 99 69 80 96 5 59 14 15 96 4 48 48 8 72 27 98 77 30 70 39 80 12 25 15 20 45 63 71 34 23 24 89 84
13 79 86 41 35 36 76 10 79 21 84 78 82 18 62 23 34 46 15 50 10 44 66 75 27 95 6 53 2 53 24 56 58 93 32 13 51 22 64 54 11 94 26 84 81 57 94 55 22 81
88 26 84 28 67 98 79 29 42 80 13 59 86 32 89 2 45 98 79 60 66 49 93 35 58 23 7 80 73 75 76 33 22 3 74 87 5 55 22 78 1 97 26 29 73 56 20 21 88 8
41 19 6 79 90 19 90 33 96 54 4 53 24 30 29 38 48 59 79 49 30 72 28 93 36 10 80 40 36 21 70 8 67 93 95 95 98 5 53 73 49 83 64 87 7 98 71 90 70 64
53 35 94 48 0 46 44 23 64 35 82 76 67 62 77 78 98 40 31 36 29 22 17 39 86 80 72 24 96 74 92 98 43 54 25 63 64 45 56 3 33 25 60 28 61 8 86 69 35 95
29 68 96 11 14 14 57 51 86 32 87 49 75 36 27 0 79 33 99 25 6 71 60 46 63 90 9 52 39 85 98 61 95 19 5 74 61 4 47 62 80 99 50 25 36 76 74 3 96 1
0 40 12 20 25 27 27 58 40 94 64 13 98 52 56 50 76 30 41 7 62 79 13 83 15 0 13 93 5 45 83 17 95 47 49 41 79 64 7 65 66 71 61 90 39 26 44 60 26 79
95 62 18 49 65 81 65 19 66 29 80 95 4 64 78 25 51 55 32 7 87 44 33 29 2 91 11 31 12 19 16 37 31 95 51 9 54 13 97 57 89 3 0 74 7 87 71 14 35 90
72 87 3 30 82 24 66 63 14 82 66 18 27 88 64 3 34 16 76 31 97 28 61 49 48 42 71 64 13 83 53 66 2 53 3 74 48 39 99 66 99 61 25 42 58 58 77 61 40 4
72 48 50 22 12 72 40 8 77 90 68 19 70 16 4 44 21 93 73 36 90 48 46 41 7 76 50 24 15 47 11 65 21 1 69 64 21 40 17 72 9 97 66 45 60 27 32 81 83 38
51 23 84 48 57 36 40 32 37 37 92 98 65 56 54 31 47 96 30 90 47 85 72 87 64 56 38 8 27 90 36 91 99 54 10 12 75 81 96 94 17 80 32 93 24 30 96 92 45 90
95 69 60 34 44 0 30 89 4 83 52 40 2 85 45 50 41 51 34 23 53 5 58 42 33 54 63 92 37 80 90 78 50 89 12 62 49 2 57 13 26 5 64 17 56 48 51 48 74 3
28 55 77 59 14 25 56 79 89 81 15 98 12 17 8 20 59 97 49 0 99 43 35 3 97 15 33 75 50 68 38 43 7 60 36 33 79 68 36 91 44 74 40 33 93 68 74 94 76 22
75 79 36 83 54 45 83 53 52 24 21 16 28 98 1 89 32 39 62 5 21 27 34 22 32 67 54 11 92 47 83 57 68 69 55 90 48 33 87 26 76 33 77 3 57 1 63 62 65 97
84 39 37 34 77 3 89 8 55 73 19 76 8 75 55 34 66 64 2 19 77 66 86 71 85 89 44 61 40 88 13 39 4 49 75 5 83 3 77 50 32 93 12 27 69 38 46 81 38 68
16 48 8 40 87 2 10 62 18 64 72 23 48 38 65 13 5 28 60 23 48 55 45 4 54 6 82 61 57 6 61 63 39 25 42 66 37 85 80 29 50 93 12 37 68 52 74 68 13 72
33 13 80 57 64 45 94 14 97 96 58 56 31 78 12 6 85 63 1 93 83 40 11 83 71 21 58 12 97 82 68 87 5 23 44 4 73 89 21 8 55 52 43 16 64 98 49 19 54 12
30 58 81 36 54 86 89 6 72 11 85 62 5 37 29 90 97 7 1 11 54 89 71 23 33 23 33 81 38 1 65 54 66 43 57 19 22 79 35 18 51 43 20 79 43 51 13 41 96 26
74 66 65 12 45 59 95 11 26 1 63 70 49 8 67 34 80 51 78 77 24 50 51 45 95 22 21 8 47 23 43 81 2 2 24 19 95 47 90 67 39 8 59 15 91 18 68 65 0 74
63 92 64 66 5 77 11 77 61 37 53 66 46 80 81 92 66 6 12 30 46 26 83 23 84 14 98 16 51 59 64 58 80 99 29 18 12 28 98 31 61 49 67 54 17 80 21 97 86 4
