50 50
91 97 77 67 8 48 41 50 72 59 90 42 9 83 67 90 89 62 60 14 72 28 16 11 12 34 37 49 12 2 44 4 26 24 46 11 3 7 93 98 24 81 14 7 25 70 33 91 37 63
25 39 47 90 30 65 93 80 84 63 44 23 0 20 41 47 71 47 24 85 67 9 12 92 8 75 15 29 49 52 83 45 74 29 15 43 21 64 77 22 42 70 38 83 42 25 9 53 17 74
87 19 42 81 55 32 1 9 36 64 0 45 25 95 31 54 19 27 68 48 44 40 30 1 40 95 21 49 84 48 1 81 65 30 28 7 0 79 41 18 51 65 83 84 58 38 49 96 22 4
45 9 66 46 66 77 13 66 63 50 38 55 61 41 26 50 93 54 58 97 65 5 63 82 37 59 18 48 98 52 58 86 51 84 57 48 56 78 93 92 6 61 12 31 49 37 84 67 7 56
63 13 2 47 82 32 92 89 46 76 68 76 96 2 68 64 45 43 9 30 58 69 67 60 94 13 49 7 88 98 13 44 59 17 97 98 10 28 49 6 79 13 97 34 38 85 50 32 67 24
69 22 37 40 30 60 24 90 20 17 23 90 24 96 10 94 58 18 56 36 80 62 67 72 31 89 38 79 25 27 95 27 77 47 31 63 66 32 24 99 64 55 48 44 44 8 33 69 34 24
75 52 60 57 17 92 1 13 45 75 33 31 84 88 63 68 64 99 64 45 50 43 19 58 45 60 13 0 62 90 12 72 29 7 13 97 55 76 32 16 75 77 83 80 42 39 51 9 59 32
4 38 73 37 76 53 11 14 80 35 28 23 39 56 79 99 96 75 21 45 70 12 5 82 38 5 28 15 2 67 42 13 44 12 82 79 25 35 58 54 99 76 77 84 78 41 95 46 97 82
85 24 39 1 89 95 23 92 79 0 72 59 63 22 34 49 11 47 22 59 46 26 49 55 97 90 75 11 97 67 64 28 87 47 22 75 10 65 57 69 52 88 98 83 50 66 57 58 99 16
78 65 44 20 80 74 82 33 63 49 15 84 55 9 4 91 67 57 41 44 14 20 2 69 13 11 85 93 95 41 61 6 85 25 8 45 85 34 21 83 84 45 81 57 22 83 45 37 17 59
49 71 8 25 74 49 83 3 3 34 17 86 98 51 50 12 91 29 99 82 0 16 40 15 42 32 6 77 60 47 64 67 5 92 95 16 32 88 64 48 20 74 93 91 25 96 70 99 71 39
13 86 44 63 67 64 94 28 67 17 88 76 31 49 35 84 16 72 2 58 95 33 82 40 38 3 21 14 23 84 14 31 28 36 75 89 32 56 52 34 41 88 23 6 81 89 90 25 48 25
47 41 5 29 42 18 74 89 15 57 85 30 52 27 20 68 96 94 61 23 34 48 8 13 2 99 38 50 35 78 93 5 64 38 52 9 60 2 20 29 82 22 73 44 92 6 41 17 3 40
85 90 73 22 5 59 23 84 55 56 73 99 82 94 8 7 85 88 32 52 9 35 80 45 16 68 44 35 39 89 22 0 17 30 62 49 44 70 89 65 84 0 92 76 13 21 37 33 29 91
34 93 23 96 97 29 43 6 86 14 99 61 63 38 49 41 9 65 72 20 70 49 87 82 27 89 6 69 88 11 0 41 5 30 65 44 35 80 7 69 39 50 23 10 11 11 78 49 32 80
43 0 0 11 67 66 61 97 90 19 72 62 40 75 46 89 44 52 11 84 22 44 77 56 19 57 37 92 55 40 70 29 24 18 88 73 19 65 43 46 11 4 98 76 76 87 42 88 91 50
88 0 37 98 59 72 27 48 26 25 59 5 20 58 21 36 62 10 16 51 32 9 61 6 24 70 12 91 19 25 98 68 27 80 24 92 87 19 60 50 46 98 95 28 3 24 30 22 36 88
11 88 67 47 45 60 21 81 38 13 14 98 87 7 68 16 0 33 85 66 82 79 27 51 21 83 50 25 19 32 3 18 68 94 61 90 57 99 80 79 66 6 80 46 95 34 32 10 66 46
10 33 97 48 75 96 95 63 16 58 23 21 46 39 20 24 21 52 94 10 31 8 95 93 11 17 91 95 54 67 80 67 82 16 77 42 4 71 52 35 21 96 81 68 86 29 47 78 95 69
87 27 90 47 95 29 91 61 16 67 29 18 46 70 41 27 1 21 99 20 1 17 8 95 78 36 42 35 82 38 36 55 59 41 31 2 19 96 73 44 49 19 2 66 34 10 30 79 34 41
2 89 48 81 38 18 33 51 31 30 41 26 3 90 11 36 88 16 40 15 76 96 96 13 61 53 22 97 2 75 15 8 17 56 50 83 98 0 91 12 74 2 82 91 75 35 32 57 73 16
15 88 14 73 2 18 75 59 64 94 50 38 87 48 51 83 85 14 41 18 61 20 47 53 81 12 2 60 25 91 27 68 70 64 46 50 97 53 41 22 87 36 70 55 35 15 73 91 52 79
51 1 57 32 42 40 40 43 67 13 77 85 91 72 10 31 53 42 55 61 69 79 1 77 35 54 63 8 95 62 99 1 28 59 88 49 60 27 18 60 88 1 32 80 4 75 59 29 36 42
88 99 82 43 51 68 8 99 85 25 89 67 68 48 6 35 48 13 28 72 84 55 31 4 8 75 27 9 21 92 42 91 61 57 44 93 78 44 74 19 54 39 16 15 69 87 88 91 53 48
39 32 2 44 61 8 25 15 89 56 66 15 20 70 27 4 20 99 17 55 92 49 99 94 91 33 84 63 9 5 89 10 20 98 32 96 5 68 65 3 60 38 42 42 92 14 98 53 48 62
12 9 83 11 2 37 66 67 88 99 27 8 90 70 24 52 62 98 54 96 60 38 52 29 11 85 54 60 31 61 48 89 60 42 35 6 94 60 39 4 97 29 34 32 41 22 44 50 66 39
75 66 95 77 35 95 13 62 3 9 45 41 48 88 80 21 34 45 73 81 94 31 46 47 96 96 4 11 58 30 80 15 62 57 43 23 92 61 53 63 90 22 61 10 39 86 4 60 22 88
53 42 54 5 85 89 16 7 74 93 91 43 13 70 2 10 26 38 87 94 9 43 91 35 65 57 57 74 98 68 79 28 35 33 74 60 5 31 21 91 52 14 12 16 72 50 71 14 97 78
66 25 71 35 14 3 99 37 81 82 2 26 32 79 1 45 44 31 89 22 77 47 49 17 43 30 23 91 52 20 49 62 76 80 6 92 19 64 76 88 65 69 99 76 84 10 38 42 32 5
81 37 28 28 16 72 11 28 66 25 82 72 49 50 15 51 39 53 71 36 22 79 95 49 11 51 72 85 82 63 37 98 92 53 57 45 94 36 4 52 45 19 21 74 95 65 7 81 70 33
19 31 36 73 62 29 12 15 51 40 91 46 78 60 18 50 75 97 89 30 68 98 78 31 45 70 4 26 95 81 6 40 93 99 85 27 72 88 74 40 99 83 40 81 4 96 95 48 37 26
81 50 25 96 9 94 67 61 14 9 66 66 27 12 28 93 16 7 70 64 36 1 50 15 41 80 28 22 69 49 76 95 46 93 9 26 94 30 82 37 24 38 0 21 72 90 24 64 98 31
98 83 95 97 52 81 93 81 90 41 97 25 71 96 9 17 36 43 0 78 35 38 48 96 42 90 48 99 10 77 82 42 71 95 25 0 47 39 49 73 38 43 72 13 32 78 24 22 97 39
43 60 17 43 5 65 98 91 70 73 54 53 0 99 81 54 20 26 80 64 16 42 43 32 71 51 15 1 75 55 71 25 38 60 85 78 18 83 60 54 20 90 86 37 71 94 31 5 60 31
30 69 72 54 29 79 29 24 59 18 3 42 68 38 81 38 5 55 58 37 51 85 39 40 45 88 45 3 81 11 10 35 68 53 16 45 38 98 43 49 51 76 60 45 97 76 56 61 24 28
94 74 3 56 30 13 63 1 68 44 35 94 31 67 39 74 37 55 14 47 87 72 13 50 82 43 55 53 63 63 60 85 84 38 49 19 6 21 57 46 71 82 37 6 28 40 68 52 11 74
11 57 71 0 18 96 99 39 44 84 78 32 29 56 78 33 49 44 41 30 61 34 87 40 9 28 13 44 93 86 22 16 31 79 9 53 24 31 55 87 14 95 28 17 82 49 55 9 35 84
64 32 76 13 87 45 95 87 6 69 24 8 8 22 82 66 22 44 41 37 67 55 29 50 99 63 80 11 79 77 88 66 68 36 43 81 48 1 51 0 44 55 20 52 32 83 66 71 60 80
18 91 94 3 57 14 68 71 85 16 88 48 34 3 48 80 46 34 43 74 37 49 32 61 1 58 79 92 85 75 53 88 56 20 50 88 88 33 58 82 83 72 94 90 62 31 61 71 40 27
55 21 58 74 5 62 81 90 78 16 83 39 81 77 48 83 23 99 76 45 17 87 26 63 27 20 80 78 14 58 95 70 15 25 9 92 25 73 18 86 44 1 97 79 82 4 40 72 30 9
4 9 24 60 3 2 85 17 83 52 77 15 81 45 72 71 58 44 96 93 3 37 56 91 53 71 67 89 23 43 96 60 75 67 20 21 34 26 21 55 49 52 18 59 62 48 78 35 48 67
12 81 67 75 46 83 65 75 75 34 41 72 56 68 30 22 64 14 89 1 54 71 67 9 64 93 23 56 6 5 30 86 17 49 6 8 26 0 81 84 46 83 34 35 81 53 92 52 15 25
35 58 0 50 80 52 92 70 25 17 87 23 11 37 7 87 48 60 29 92 34 8 19 95 1 11 29 98 26 37 33 10 4 58 29 37 61 95 36 82 75 74 80 57 40 10 43 6 28 47
85 60 35 69 58 51 84 12 29 28 35 22 13 54 85 75 53 77 7 50 26 80 31 98 55 92 4 23 92 15 97 79 15 6 76 31 0 79 89 39 75 18 77 94 40 63 50 8 32 74
68 71 51 10 28 64 14 51 65 14 2 14 55 79 51 10 73 51 31 12 15 62 59 24 4 97 71 65 93 17 8 83 88 12 42 82 25 39 29 35 9 62 89 20 9 32 85 28 18 55
83 59 27 23 24 38 30 60 36 48 1 82 65 17 82 22 90 59 86 97 4 98 24 35 57 9 52 63 39 18 72 40 60 16 36 67 36 71 21 55 75 20 52 93 11 93 31 53 75 75
75 67 71 36 10 58 43 91 72 28 58 91 70 2 88 90 19 97 92 58 16 82 87 94 27 58 86 83 8 6 34 73 88 96 97 6 2 8 81 7 85 46 37 83 57 86 88 50 52 53
45 91 61 77 16 93 66 41 99 14 22 89 47 70 0 43 33 72 27 36 0 50 91 40 63 60 51 61 73 12 78 16 55 75 82 43 53 93 25 21 84 70 95 10 45 53 43 96 71 75
83 11 36 13 56 17 88 39 26 26 78 36 91 41 70 6 74 9 67 71 80 78 85 38 56 90 52 89 3 14 39 22 39 93 81 60 19 61 24 38 21 35 5 56 54 9 26 83 18 11
65 1 42 8 62 64 65 2 41 69 51 95 14 8 72 25 48 22 25 59 66 54 80 45 98 36 33 8 76 36 20 6 65 55 5 52 30 46 61 34 27 73 92 66 60 61 12 56 65 22
