50 50
70 52 64 66 81 64 33 60 66 92 53 7 90 38 29 73 95 39 55 5 2 39 13 25 3 9 20 46 7 50 12 0 98 44 51 34 97 0 34 12 34 60 78 6 51 47 82 72 23 25
11 42 51 93 54 72 0 21 84 61 87 85 30 46 1 64 91 54 9 3 68 12 49 81 60 80 41 35 75 0 44 73 37 42 65 89 22 25 3 13 57 22 25 94 7 60 2 48 37 24
29 83 3 22 9 22 12 67 47 78 34 65 20 19 94 27 8 95 60 46 23 9 42 16 78 56 82 23 59 43 52 48 56 80 88 84 68 15 22 27 6 66 93 14 13 6 41 70 45 18
54 63 38 76 7 27 28 61 70 73 98 56 84 84 7 45 82 50 70 64 36 50 54 47 32 24 30 49 15 62 89 4 73 18 54 38 78 60 35 52 6 2 76 31 64 30 87 46 1 39
23 76 63 93 97 81 33 14 98 23 48 3 83 50 29 29 77 25 54 87 19 3 14 90 63 51 32 19 74 95 3 20 86 22 5 35 1 30 64 82 58 76 0 21 96 49 72 90 23 42
54 18 74 18 9 46 55 66 87 53 34 7 84 17 87 16 12 67 14 68 90 69 93 71 26 5 48 55 3 89 45 66 81 1 91 50 12 87 8 43 58 55 60 76 9 41 65 26 65 97
13 17 1 43 73 49 55 78 68 78 15 49 83 66 19 39 21 53 0 37 97 41 5 45 30 80 64 45 36 6 80 88 69 7 78 17 27 15 10 85 61 0 54 98 49 44 47 41 55 57
77 56 5 18 45 45 3 14 32 7 84 54 37 13 44 64 72 81 41 57 38 7 15 15 16 64 30 13 86 94 34 61 68 83 30 52 0 8 29 41 96 34 76 94 37 44 14 20 13 70
84 85 79 7 25 1 55 94 12 87 65 58 75 62 43 17 20 97 71 68 84 75 67 96 9 86 86 61 5 48 45 48 50 89 45 88 43 9 26 94 39 3 13 88 34 2 59 15 35 56
35 24 39 82 38 83 70 55 92 83 71 25 85 19 37 35 36 90 55 79 52 6 93 66 80 83 86 39 37 17 34 85 75 37 47 15 57 81 32 53 6 30 86 17 5 72 39 76 79 3
82 87 9 91 91 22 78 56 33 49 55 96 79 19 25 60 52 64 32 85 69 42 70 7 61 91 42 34 73 93 85 10 4 8 45 56 21 47 50 32 33 48 66 34 77 24 46 95 35 37
62 26 95 98 99 14 92 48 31 65 25 57 37 50 13 11 20 98 95 76 61 69 61 41 51 21 36 74 23 67 68 68 82 29 36 46 88 80 29 89 64 68 22 17 6 8 90 75 66 65
24 41 19 6 89 93 85 81 54 49 95 27 12 40 47 93 17 20 45 22 67 96 74 24 33 19 83 36 1 30 85 58 24 47 17 36 94 31 36 20 23 69 95 84 24 48 30 0 80 43
39 32 73 47 43 60 86 43 41 87 28 27 55 49 50 61 0 99 91 68 84 5 72 39 34 55 96 74 53 44 25 34 89 81 23 48 36 32 22 63 25 85 17 29 77 17 40 41 59 8
85 47 69 62 22 27 94 45 23 89 36 88 77 47 64 59 75 99 61 40 64 43 62 17 54 29 36 28 3 73 49 96 62 18 60 99 71 68 56 48 84 92 78 45 79 22 16 33 66 77
49 65 16 46 98 43 69 89 95 22 18 46 33 83 87 37 55 59 10 90 46 77 63 54 57 85 6 70 34 29 26 46 67 31 85 76 58 43 57 12 4 30 67 47 48 79 44 87 98 94
49 65 12 18 81 6 56 67 5 83 26 45 27 96 50 93 30 40 38 77 32 32 44 27 82 82 98 3 87 28 28 66 88 83 21 7 64 39 20 93 69 66 24 82 54 0 58 50 32 41
9 80 3 31 92 90 34 17 77 30 24 72 49 71 92 59 87 31 28 37 31 92 18 92 16 8 92 7 63 82 96 87 62 78 73 83 9 99 28 56 4 65 28 77 27 89 9 56 16 61
95 29 8 24 25 90 98 37 54 44 53 14 71 33 64 24 67 16 57 53 36 27 97 35 62 77 8 59 1 37 83 3 30 70 40 13 51 49 59 43 22 60 73 1 98 45 47 69 80 14
36 15 51 13 66 17 43 25 70 82 5 45 30 73 5 47 32 4 16 51 81 92 17 81 75 43 81 90 20 48 57 25 55 82 66 87 28 82 19 68 89 42 21 98 92 7 85 6 88 42
87 32 76 1 91 1 8 21 91 48 4 2 90 7 12 73 78 92 51 67 79 47 39 57 18 23 45 83 47 10 11 78 96 61 38 27 53 89 25 60 81 53 99 11 47 95 19 56 15 27
23 72 85 20 10 57 70 2 78 77 12 16 30 5 82 52 22 69 8 28 15 19 39 56 62 67 20 96 37 86 92 76 46 82 28 10 56 81 22 52 99 41 11 82 51 9 56 93 54 10
27 74 65 99 57 14 28 58 2 2 40 77 91 48 50 15 9 77 65 3 65 25 53 7 76 93 41 54 96 7 58 71 45 44 39 84 33 7 40 90 90 32 8 93 62 49 42 93 51 22
56 82 57 37 72 13 49 23 22 86 59 32 13 98 78 24 92 3 91 72 16 23 6 4 40 70 55 77 69 39 26 2 2 39 51 14 54 58 23 7 5 65 23 31 33 72 69 8 99 17
29 73 31 40 54 25 94 58 71 44 14 99 13 87 73 53 58 77 57 80 3 50 37 22 59 25 72 41 55 59 18 32 90 85 33 34 91 6 54 89 44 19 11 88 82 29 8 91 30 38
26 60 0 55 83 41 14 51 58 81 66 91 70 36 66 12 76 29 30 6 17 73 43 1 91 66 2 60 13 53 75 25 42 46 35 81 28 63 36 42 44 83 41 87 50 62 14 24 85 15
66 0 9 16 2 11 51 29 69 18 79 53 87 40 95 13 88 18 99 19 9 39 90 55 74 28 58 76 5 21 42 18 24 73 26 64 73 16 44 36 66 94 32 12 10 30 86 36 54 96
27 86 23 21 71 67 83 57 62 89 1 24 97 88 42 31 97 70 5 74 97 52 46 8 2 90 21 93 48 94 32 12 13 68 64 64 4 1 5 68 79 97 48 88 5 17 62 51 78 90
52 0 56 24 35 2 19 32 41 1 98 2 43 86 43 4 31 25 7 41 17 11 81 37 0 41 88 78 64 41 60 4 94 67 55 76 71 69 34 43 71 54 10 58 62 40 2 96 78 47
76 80 79 33 36 83 69 47 22 91 13 38 15 52 0 24 5 29 53 0 67 91 51 54 16 26 89 5 39 70 80 96 94 54 1 37 59 52 96 0 49 16 37 24 60 12 98 40 17 50
30 56 77 30 45 11 27 39 29 48 36 52 25 13 58 7 45 68 1 47 47 30 13 63 25 66 45 89 89 78 40 27 2 70 58 49 54 66 86 23 11 28 13 79 28 4 38 66 39 23
54 14 38 52 22 41 55 84 67 33 65 87 34 58 60 64 59 50 48 44 38 57 26 76 57 28 76 43 57 60 20 92 88 35 84 21 37 15 44 45 14 86 74 24 61 82 36 5 35 46
27 30 34 45 88 99 73 72 94 6 93 47 9 11 7 35 69 27 80 4 27 81 27 50 90 99 99 20 86 75 11 87 9 71 54 21 23 11 59 63 33 30 14 78 5 55 35 26 45 7
72 91 51 26 91 77 22 46 93 49 1 68 85 9 35 4 53 79 85 86 15 37 92 94 31 81 97 46 22 63 53 85 99 70 8 89 48 95 42 17 17 97 38 18 45 11 10 6 40 27
90 41 63 47 54 29 81 68 21 89 80 38 76 34 92 4 82 44 41 45 37 5 70 70 73 43 16 53 60 70 75 59 83 37 5 16 57 50 28 71 17 34 41 86 3 70 45 22 26 48
74 54 92 86 93 92 88 19 32 83 17 10 91 67 26 10 97 23 82 14 99 2 35 62 40 30 37 59 46 34 62 81 6 28 91 93 10 84 77 85 32 85 31 84 50 61 9 27 53 4
71 1 36 38 45 95 25 36 10 64 44 66 9 16 63 69 45 8 0 56 75 55 81 57 3 46 9 29 91 66 73 89 71 26 78 29 89 31 90 6 32 2 32 35 30 11 82 21 49 84
90 31 21 78 15 8 48 26 26 11 61 18 93 55 95 68 66 31 44 10 31 88 68 39 64 30 14 24 69 38 60 92 67 89 33 5 15 86 78 29 81 3 28 20 66 6 19 31 74 70
24 94 37 16 31 1 84 36 70 58 97 79 1 88 30 46 21 87 2 23 14 61 26 86 35 7 62 83 94 24 63 23 94 81 90 69 8 12 95 70 58 26 14 25 88 12 50 44 18 4
54 19 19 82 60 79 96 94 94 93 91 70 64 26 15 43 5 62 5 62 41 47 36 47 90 22 87 6 68 74 33 9 60 32 62 83 27 17 60 80 75 67 66 42 84 16 18 83 85 57
21 95 22 72 40 57 73 54 92 59 12 28 38 1 86 11 97 88 41 55 97 78 91 39 50 14 31 80 93 22 7 99 47 18 29 57 80 59 88 34 27 79 39 64 74 27 71 41 81 76
35 95 16 69 7 54 70 52 78 48 13 12 29 84 87 50 7 57 73 82 45 23 80 89 4 9 81 3 51 21 4 41 38 38 1 81 91 0 85 15 36 98 77 71 25 39 7 76 40 41
85 80 85 72 49 46 52 77 58 65 3 63 49 62 69 68 72 98 68 61 56 93 64 91 77 44 44 41 6 43 66 80 13 49 39 95 31 85 38 17 43 37 17 18 81 5 65 48 78 85
0 3 37 61 98 34 98 88 92 53 16 72 9 64 86 62 21 62 15 92 68 86 21 37 92 24 55 55 31 52 7 45 83 77 91 66 6 59 34 86 40 82 23 96 47 39 86 45 43 13
23 1 70 46 55 96 57 84 50 61 12 19 26 98 79 51 31 30 72 36 33 78 61 76 15 26 92 80 4 65 56 8 52 7 81 83 45 7 18 63 32 17 93 28 43 86 69 69 86 87
97 6 68 28 88 25 56 39 8 73 13 48 12 93 63 22 75 59 10 98 29 15 37 62 25 5 97 5 23 28 98 39 31 42 29 6 95 9 84 93 44 39 71 21 54 94 78 34 94 79
94 34 87 34 83 7 70 48 69 56 13 86 29 39 31 32 46 99 6 53 29 66 97 67 45 79 37 35 13 13 26 91 98 35 54 27 3 88 80 82 24 27 33 94 11 1 37 90 31 50
34 22 68 18 99 87 61 80 58 84 31 23 94 7 37 30 4 14 9 40 96 37 72 97 54 55 7 29 83 88 49 16 31 25 92 85 26 56 84 57 29 20 20 75 74 50 24 27 93 55
72 98 68 51 55 66 0 99 6 78 24 17 12 56 81 58 8 88 43 74 13 66 65 29 97 88 37 27 75 13 55 0 38 30 8 97 64 12 53 94 38 35 92 74 98 41 0 68 57 74
54 27 14 50 97 19 41 95 22 24 43 77 25 62 58 82 65 39 74 65 79 77 16 31 76 65 99 90 76 35 67 82 99 50 65 31 12 67 39 55 21 28 74 59 83 19 52 56 21 8
