50 50
70 43 10 73 60 42 9 40 86 92 8 44 30 77 16 6 94 65 58 38 25 2 90 8 21 12 88 27 20 48 8 46 61 17 22 5 77 44 63 38 9 18 11 77 97 43 8 85 28 75
9 72 2 20 61 63 33 30 49 14 21 36 24 73 90 33 57 36 9 22 98 60 65 17 1 30 34 4 66 11 68 57 81 67 3 0 2 50 78 38 0 26 13 38 12 28 49 23 64 23
39 84 21 60 23 95 8 21 20 85 64 45 17 2 54 68 75 57 42 99 38 54 34 89 83 70 50 65 52 28 30 35 95 32 87 87 29 85 42 61 68 43 18 61 9 17 57 83 43 90
23 1 80 62 88 51 90 7 78 86 62 68 14 9 20 8 39 71 32 84 34 60 8 76 31 77 42 11 17 47 95 55 52 98 98 57 2 96 61 5 54 90 28 45 5 23 76 79 69 23
39 0 3 67 90 59 65 19 37 11 31 7 97 55 78 6 80 11 98 98 1 49 41 52 65 66 8 2 66 36 6 70 89 44 47 20 14 4 32 8 25 92 66 43 27 52 91 51 93 69
81 81 46 23 9 15 43 96 57 37 84 23 32 6 58 28 61 32 89 44 17 66 49 51 80 1 37 11 50 38 4 70 68 25 23 10 66 17 15 31 47 47 87 91 21 72 87 99 75 0
12 42 20 59 3 84 70 62 43 63 31 47 14 85 46 79 47 10 23 40 57 98 95 45 1 76 98 64 30 97 25 38 71 23 28 53 91 5 45 27 33 99 7 46 28 93 47 8 40 93
66 81 42 81 25 49 37 2 29 58 38 35 41 33 79 39 8 2 6 80 24 33 4 85 44 35 41 67 54 66 69 63 71 52 38 69 81 1 45 10 40 69 56 5 66 27 28 50 25 58
43 93 57 93 29 98 31 12 56 99 30 88 22 60 33 6 25 37 59 26 88 9 45 28 53 9 96 30 72 33 93 7 30 30 75 59 35 99 28 68 20 44 69 15 93 84 22 80 45 37
67 1 41 58 19 89 74 19 46 46 26 19 36 33 90 94 62 13 25 19 44 0 95 82 81 33 5 35 68 73 70 32 13 63 13 63 81 56 16 51 43 39 6 48 89 0 21 43 53 76
4 76 37 60 42 20 91 49 51 93 66 42 3 40 16 32 1 14 8 40 35 79 42 7 77 60 16 65 6 50 56 55 52 17 40 15 38 6 67 82 63 7 8 28 93 11 34 63 60 31
76 38 66 63 67 98 35 98 53 14 49 93 0 1 1 79 11 42 20 74 81 89 6 24 42 3 84 28 35 27 5 43 20 41 83 5 78 35 16 48 78 23 30 66 7 99 52 87 9 49
41 15 80 5 94 33 52 43 89 32 72 4 33 97 26 55 73 29 63 84 23 94 10 44 90 18 92 86 13 64 98 10 70 66 95 16 33 34 68 28 82 71 1 19 74 79 39 67 35 92
53 25 85 4 21 14 41 16 84 85 56 73 68 39 98 33 69 52 92 41 93 64 20 75 11 87 67 70 7 15 15 11 64 70 32 40 86 95 99 28 75 72 8 84 90 80 86 35 8 14
91 0 67 32 91 57 89 93 55 27 43 1 53 21 65 91 5 95 54 34 42 42 90 68 60 65 88 22 23 69 66 9 27 35 44 64 85 39 0 93 11 82 9 15 62 57 68 78 89 45
36 44 94 2 88 45 6 95 44 44 20 7 42 31 6 26 99 37 88 99 1 39 90 72 37 90 28 59 45 24 60 43 31 23 34 65 84 74 5 7 21 81 24 16 16 49 24 97 64 1
4 48 75 34 1 93 60 86 45 4 68 29 75 19 66 84 29 96 94 83 64 54 15 17 58 98 97 30 47 45 82 23 4 33 93 6 4 77 80 92 57 62 80 40 69 22 72 18 95 78
13 49 55 98 31 3 86 61 5 85 40 87 91 65 94 56 96 9 40 95 55 54 43 78 80 0 95 77 69 82 76 47 6 13 48 28 83 97 2 12 75 38 4 25 29 80 10 29 6 53
75 88 11 35 16 78 45 39 69 68 97 6 59 58 37 15 75 97 21 33 45 80 86 25 45 51 66 35 44 45 64 53 78 14 84 89 54 99 69 74 60 48 49 33 1 70 15 63 16 92
79 14 43 51 12 7 68 65 67 63 87 85 88 6 17 36 79 70 47 50 29 51 90 75 49 76 93 62 62 21 10 22 57 25 70 47 8 25 94 23 64 32 0 34 59 93 87 14 63 58
80 85 79 95 65 70 46 9 41 68 19 18 92 35 16 82 44 13 5 60 6 7 73 46 11 38 30 7 57 42 72 19 29 20 63 97 35 2 29 72 76 38 63 96 59 57 5 94 36 37
47 39 13 25 19 69 36 77 63 1 43 98 57 79 97 54 60 20 67 98 74 15 85 29 54 68 49 62 14 56 14 97 39 47 44 31 98 72 25 63 89 70 11 20 42 33 59 32 49 35
57 77 15 50 76 18 14 7 60 56 49 71 7 25 29 76 68 73 55 8 36 69 90 47 98 14 13 74 42 25 99 73 59 8 37 43 52 35 17 64 82 98 31 85 91 7 14 97 38 64
95 10 25 76 15 33 65 77 35 44 29 35 89 17 39 97 97 25 29 31 17 5 62 40 26 58 11 94 63 52 54 81 12 12 73 50 11 48 66 56 85 21 83 27 44 99 56 95 67 23
65 62 95 73 89 91 92 58 14 53 78 75 60 82 49 3 29 39 84 10 53 21 21 17 4 86 9 42 69 34 4 29 19 1 30 82 6 8 54 77 20 32 67 41 62 60 77 95 84 4
87 30 94 70 64 11 3 96 34 13 66 83 46 77 35 80 97 27 48 13 11 69 6 56 51 30 70 9 5 26 63 62 24 47 31 59 17 4 4 51 94 8 21 36 31 61 52 49 93 25
3 33 55 25 27 43 93 30 66 26 9 81 50 67 93 72 45 52 3 96 75 82 28 58 73 21 38 70 34 65 80 79 98 66 26 58 51 51 52 51 97 27 92 39 32 6 41 72 62 4
23 96 76 14 8 66 32 32 65 45 36 1 60 66 12 72 88 27 26 44 62 74 95 99 67 50 73 27 50 65 74 58 50 45 41 50 31 57 10 91 14 68 77 92 75 55 13 86 26 74
69 88 34 19 18 71 59 34 6 87 48 51 88 77 41 78 76 74 30 72 79 33 18 74 60 87 24 39 18 62 75 92 85 70 87 44 17 10 42 99 57 28 47 62 5 98 73 97 91 84
24 64 44 11 82 86 98 45 17 7 82 39 73 20 0 38 2 61 32 41 95 96 91 78 98 39 12 9 9 81 47 49 77 41 59 37 52 75 73 43 44 28 8 29 30 59 32 77 1 85
9 99 82 89 82 74 78 33 12 50 87 13 39 90 94 18 48 36 14 46 26 17 74 68 86 35 38 14 77 95 51 2 43 97 62 52 11 13 3 33 72 46 29 36 95 85 33 1 67 32
7 51 59 21 78 27 53 88 87 59 27 48 90 66 45 25 20 99 85 29 61 17 95 55 85 30 5 0 55 96 81 60 76 24 71 16 74 3 81 21 25 34 6 78 86 19 35 68 22 24
86 90 71 28 23 50 92 24 70 49 79 43 73 97 32 42 16 84 6 85 85 48 27 60 41 89 14 36 64 61 2 82 38 25 71 76 60 21 65 15 86 73 84 70 69 24 54 10 91 63
34 62 68 90 0 80 44 35 57 95 52 53 65 83 8 74 28 65 17 4 10 34 41 44 18 80 99 8 7 73 37 14 62 66 73 11 7 27 36 41 41 75 59 6 19 17 23 61 70 47
93 32 59 16 44 0 45 54 77 14 83 54 80 2 84 35 77 84 19 18 79 47 83 71 75 22 36 2 21 99 50 91 72 15 39 13 77 0 7 91 3 39 78 12 85 14 59 99 1 82
90 69 44 76 73 46 43 81 30 60 16 9 30 96 45 43 57 16 74 6 19 60 95 69 77 27 41 95 3 2 45 94 57 39 2 29 79 97 98 22 65 10 99 74 89 6 62 15 14 19
23 88 82 84 47 67 82 17 71 11 20 33 52 66 68 96 40 3 74 52 38 34 91 99 58 13 63 71 4 90 42 88 91 56 29 51 8 79 53 68 64 34 41 92 92 66 32 11 95 36
89 89 12 80 95 44 24 82 2 18 85 67 70 75 80 15 87 43 86 71 76 96 35 59 4 84 77 74 96 73 27 74 97 85 46 45 88 8 40 98 53 55 75 88 11 44 1 52 72 95
81 90 61 37 7 37 47 29 98 1 41 33 0 65 10 82 78 6 8 1 62 88 77 97 47 66 75 24 80 33 3 81 39 43 61 54 22 42 35 99 82 26 16 70 7 79 14 83 31 29
58 98 76 68 78 19 58 38 9 92 84 42 45 18 33 11 15 74 72 54 2 89 84 63 81 84 2 54 21 77 6 93 56 94 46 38 66 30 39 44 57 77 70 36 74 99 69 83 18 50
60 77 29 99 98 52 88 15 67 60 45 79 96 35 22 71 84 12 41 76 28 28 53 88 69 23 73 54 16 12 17 47 82 71 41 53 91 76 79 81 4 94 12 4 35 24 85 2 48 64
7 68 14 69 31 72 83 70 40 31 62 5 30 49 38 18 25 37 67 99 15 50 49 3 83 58 60 56 13 73 61 6 1 33 12 35 63 89 14 37 38 2 94 28 88 4 63 11 86 61
54 33 23 29 10 22 13 65 9 75 70 28 61 87 58 87 65 55 27 22 20 31 58 2 4 42 10 75 87 60 11 51 14 31 75 84 35 49 24 7 37 25 1 48 67 17 95 42 65 31
89 5 85 85 8 79 20 64 92 33 18 38 72 61 82 96 87 77 98 34 18 97 57 15 36 46 79 20 20 32 4 60 21 74 29 69 35 82 61 48 33 64 53 38 49 15 27 32 45 41
19 97 95 71 14 23 24 90 97 5 71 61 50 87 38 52 30 20 61 68 16 98 71 7 8 62 76 68 38 99 58 67 0 78 18 15 70 12 89 57 68 70 69 81 43 88 60 54 80 95
55 35 53 0 62 16 80 35 12 95 38 12 32 22 92 0 82 3 30 81 14 98 60 26 13 97 19 70 3 10 62 57 20 79 48 83 67 43 29 39 42 10 16 52 70 91 82 66 27 73
79 35 45 43 53 44 82 88 64 98 90 28 48 78 9 77 38 1 76 51 87 81 1 0 95 8 0 48 13 76 59 20 53 82 28 24 63 37 74 65 84 52 92 69 32 72 73 96 7 48
51 52 90 75 16 90 15 43 25 43 19 72 9 15 33 56 58 20 89 50 66 43 6 2 88 52 83 52 19 24 86 86 98 62 41 60 83 35 47 86 98 22 93 7 12 53 59 64 72 34
81 96 98 42 3 12 56 86 15 9 7 31 86 8 56 93 91 32 65 30 26 43 26 70 75 37 9 24 79 57 47 90 42 99 84 20 39 69 85 23 97 20 67 49 56 22 23 62 45 10
13 55 18 46 90 76 69 43 75 5 10 26 35 55 41 70 50 16 51 37 14 39 78 79 37 81 58 60 97 27 1 25 14 32 1 9 3 28 81 72 77 83 37 27 23 93 68 10 88 35
