50 50
91 87 82 15 93 20 39 63 21 77 19 43 86 22 56 92 13 95 83 44 28 1 62 85 88 64 70 12 59 38 87 14 63 67 12 8 16 74 95 53 58 29 15 75 46 82 13 43 11 89
26 51 94 28 75 73 76 30 77 73 83 32 96 85 3 2 35 85 73 56 56 24 11 58 68 2 40 55 81 7 19 75 94 92 47 91 34 69 96 47 75 78 70 85 68 17 20 61 91 67
11 48 86 9 95 95 70 69 9 36 28 16 37 97 94 52 35 5 70 53 37 44 94 45 36 72 2 84 65 77 92 5 43 91 35 31 67 69 74 84 84 15 37 44 85 69 87 72 53 8
4 17 69 29 3 9 23 10 17 50 98 11 87 87 18 70 53 0 6 24 60 80 71 24 21 59 87 45 53 75 29 64 71 65 29 17 91 5 97 13 81 28 86 36 40 84 20 33 22 22
9 61 26 17 48 8 67 90 82 20 93 18 34 87 71 42 33 86 66 69 60 79 66 62 21 47 41 5 91 27 25 45 21 2 99 94 0 19 0 26 51 50 44 62 16 0 38 89 15 55
86 76 91 96 27 43 63 2 38 90 76 65 26 20 83 90 80 98 68 36 84 40 77 7 30 75 63 2 46 18 94 89 11 92 15 72 13 36 14 78 98 18 99 12 88 98 10 99 6 69
33 14 32 33 26 45 32 59 85 77 28 18 55 33 76 54 92 98 90 45 7 57 89 48 62 2 2 38 91 78 38 96 15 50 57 5 56 5 84 97 27 18 28 82 72 60 0 84 38 28
5 95 31 42 91 81 61 73 57 55 14 20 83 37 8 80 30 58 47 32 93 28 3 78 75 61 37 55 9 10 60 85 58 41 72 87 26 47 41 38 23 79 19 56 24 59 26 2 85 11
59 31 86 51 55 48 80 39 29 20 89 30 27 0 14 4 83 62 20 18 66 67 61 52 71 65 95 9 90 15 25 51 12 35 83 45 42 58 66 43 2 2 65 90 60 64 31 31 81 39
84 43 15 6 63 40 65 25 64 10 28 98 76 4 99 5 90 23 46 4 11 64 96 49 1 93 51 14 16 76 64 0 25 17 8 14 13 74 46 74 48 75 2 98 46 32 11 55 23 4
11 98 25 14 76 89 33 27 99 38 5 13 58 76 79 61 51 27 74 17 66 5 60 56 68 54 25 55 98 97 52 17 99 49 49 5 99 34 12 21 83 12 69 70 84 6 68 40 11 48
97 53 57 85 65 9 48 43 99 96 53 19 74 22 80 58 82 48 96 14 91 33 48 55 44 85 54 25 88 98 11 62 62 6 30 92 76 91 41 47 94 58 13 80 7 62 38 52 25 87
90 25 21 47 26 13 89 98 92 74 11 21 57 74 38 75 4 87 66 74 46 52 44 15 97 37 14 40 10 30 60 47 36 14 83 11 73 66 63 50 75 35 25 26 80 71 68 6 57 5
8 94 20 67 86 39 60 90 48 13 42 41 46 15 77 84 35 92 40 64 32 27 7 95 91 72 15 16 85 80 99 72 44 18 54 69 74 43 77 56 22 26 79 89 47 43 40 19 96 54
61 78 2 14 11 27 24 98 94 58 45 26 75 46 67 38 80 72 27 55 49 70 5 53 73 55 78 76 46 44 43 71 72 91 70 83 47 8 3 84 70 75 89 67 91 88 46 88 97 29
92 16 33 7 46 81 16 52 79 4 47 2 40 49 50 2 9 97 61 49 8 45 66 33 34 82 63 48 56 90 29 42 42 98 5 30 19 0 4 98 18 43 93 59 94 93 84 57 68 51
53 57 74 34 48 79 79 97 96 91 51 23 99 16 91 58 37 65 92 38 21 23 13 35 18 34 26 80 58 10 12 29 68 27 77 86 19 56 46 4 82 31 47 16 37 27 36 1 4 97
26 4 47 91 79 79 54 55 78 69 79 7 65 84 20 42 43 81 48 38 41 96 26 2 44 64 6 16 28 84 20 98 95 69 98 54 8 81 68 37 40 31 8 90 2 56 38 20 80 28
10 98 38 38 99 52 60 80 60 9 66 36 92 69 32 59 82 27 63 37 28 87 2 7 32 32 48 99 28 70 38 78 66 95 96 57 14 57 0 53 19 65 9 2 4 20 0 85 85 92
4 32 91 36 29 88 57 94 11 45 76 75 94 67 57 89 90 52 21 63 42 52 74 45 27 21 22 67 89 95 82 22 40 68 11 91 69 22 18 10 36 86 64 11 57 69 27 80 79 44
44 59 56 38 18 7 61 16 28 49 38 43 75 36 98 22 87 16 73 46 27 95 87 85 11 75 4 95 73 74 86 34 19 61 42 10 97 27 23 22 76 89 78 92 46 71 28 20 18 36
54 39 36 72 51 8 52 51 41 94 12 67 17 97 80 35 95 75 93 46 11 30 75 54 7 43 52 88 24 39 96 68 62 7 30 38 73 87 23 94 81 1 88 64 90 98 55 39 95 41
23 36 51 57 96 64 83 76 24 96 72 41 16 77 86 90 42 42 4 3 87 43 58 91 85 18 5 32 94 87 21 34 71 99 68 49 2 11 48 37 13 7 28 21 19 50 82 89 97 95
88 95 73 54 57 74 81 92 24 88 17 44 93 45 43 87 76 97 10 6 71 25 44 7 17 87 51 10 24 25 76 1 65 93 53 64 76 2 19 47 88 45 92 43 35 98 44 47 97 87
67 55 24 29 3 63 52 64 52 35 84 21 7 17 2 81 29 74 7 9 6 62 48 80 37 27 68 41 82 91 7 71 62 60 72 71 44 47 91 20 72 23 33 9 86 34 47 80 60 63
45 72 32 65 34 15 43 15 19 69 98 93 0 64 57 37 98 81 33 88 4 21 8 65 68 56 13 86 15 55 98 23 24 4 22 5 36 83 28 97 68 64 20 5 81 68 42 67 51 3
97 50 80 11 67 52 66 28 63 85 84 53 67 18 72 57 6 36 19 11 10 49 9 69 40 9 90 14 18 70 12 12 18 31 45 11 53 6 59 65 74 73 35 61 49 75 99 69 18 34
56 46 9 75 38 75 22 81 37 40 7 5 93 71 40 93 11 49 84 31 40 92 64 10 3 91 12 89 3 22 20 32 96 88 73 76 74 47 26 94 75 85 81 89 61 3 1 10 58 14
26 98 86 46 77 83 58 88 46 63 1 29 46 90 46 60 30 43 94 60 67 28 93 9 18 52 78 91 1 48 24 36 62 46 14 37 43 31 11 66 41 67 95 48 78 82 84 95 62 71
98 76 91 25 32 44 90 2 78 3 80 65 34 84 74 12 57 25 72 14 44 67 73 27 50 21 43 5 95 58 6 3 3 33 78 54 28 62 63 32 59 43 31 38 52 98 60 88 68 30
74 87 66 44 32 33 2 33 36 28 35 79 81 0 52 64 75 10 84 78 33 38 6 26 37 13 47 43 74 0 43 60 96 12 94 75 62 76 98 4 66 47 17 24 39 28 61 41 45 31
59 64 83 72 38 78 28 86 2 83 84 10 81 70 89 89 58 92 31 8 47 97 31 78 21 84 40 78 77 48 52 44 85 1 66 10 79 60 68 98 31 88 66 49 52 42 1 16 31 42
24 31 9 60 14 75 33 90 53 11 74 67 58 38 15 52 8 56 52 21 66 71 31 63 13 72 8 92 94 72 88 75 69 5 1 83 7 60 7 57 80 20 61 5 58 56 88 54 44 60
1 68 9 48 58 97 78 36 5 1 84 20 79 50 75 85 33 93 59 95 49 43 14 25 29 31 31 20 22 45 76 73 40 72 25 81 24 44 33 4 60 71 8 48 43 68 2 83 64 61
46 70 32 49 4 92 13 51 21 69 32 7 50 14 21 90 65 24 20 26 58 77 22 7 14 20 34 37 62 54 88 40 74 12 31 27 65 72 81 96 36 39 76 42 69 75 31 13 16 66
71 62 58 48 80 24 83 62 79 51 31 4 41 31 95 32 86 23 0 69 50 45 84 49 17 65 20 38 14 46 36 76 3 18 97 84 90 75 62 70 53 3 97 31 36 68 61 81 86 45
51 35 24 68 23 27 22 30 34 29 16 4 13 89 48 89 64 24 24 13 37 41 93 17 31 80 21 29 93 47 85 51 76 84 65 93 40 57 78 72 71 87 58 42 51 96 66 0 61 16
51 66 24 33 22 8 79 37 61 77 80 62 37 65 48 35 73 3 57 42 35 83 19 68 28 96 78 82 93 37 14 70 36 49 82 49 7 70 83 30 52 23 2 46 56 20 84 82 12 50
55 8 71 9 33 63 10 70 87 70 20 94 16 35 72 91 56 39 41 81 27 75 49 8 75 71 6 21 91 82 40 5 37 17 93 68 92 49 22 25 90 99 85 59 85 6 27 95 47 40
43 37 1 31 26 24 30 47 10 36 48 75 82 23 97 18 46 2 76 62 91 13 7 29 6 13 59 54 27 16 98 30 97 16 3 86 63 42 3 39 88 14 1 26 14 36 32 14 62 45
78 98 48 21 74 66 22 56 1 79 55 68 13 13 0 61 55 73 50 84 65 4 19 24 93 93 82 75 66 59 24 23 34 33 54 48 81 9 74 66 46 94 78 60 1 22 47 84 46 99
24 4 64 56 29 21 14 16 38 11 6 79 66 74 80 73 37 7 28 36 99 73 57 23 1 45 37 61 35 10 6 11 26 3 0 59 1 37 75 39 10 27 21 16 80 94 37 27 71 48
16 97 58 64 18 38 45 5 59 52 94 28 96 82 87 67 25 33 9 94 10 47 86 8 45 96 72 14 13 8 70 7 51 46 84 10 46 7 48 60 80 27 40 81 30 19 34 28 61 1
89 50 4 39 36 64 7 32 17 91 40 53 7 85 85 88 57 20 30 79 92 95 34 32 62 71 22 1 23 54 53 49 15 62 40 16 45 68 86 36 64 31 27 73 64 44 73 61 2 20
92 89 58 16 38 59 20 98 49 42 3 59 36 15 17 73 78 99 82 33 86 70 46 42 47 28 99 36 58 35 14 55 80 81 1 37 87 6 81 17 54 71 92 41 39 6 18 37 54 75
89 98 45 13 25 96 39 24 45 47 81 38 7 16 75 71 53 81 68 58 70 21 56 49 93 49 3 34 94 48 7 57 95 52 62 59 63 37 43 35 32 81 21 7 89 96 37 23 52 11
3 97 57 54 6 4 23 64 31 84 59 17 30 83 58 75 48 37 10 92 57 55 30 51 49 69 62 68 59 52 91 92 15 33 56 44 45 89 73 14 58 97 82 53 44 32 29 9 10 53
28 27 20 69 22 12 15 37 43 85 67 59 99 66 20 65 59 60 8 70 93 14 55 91 19 87 2 62 39 49 52 65 28 14 15 54 0 3 62 42 19 13 21 79 42 62 43 59 90 1
38 39 99 26 43 97 77 7 11 84 20 65 6 78 43 30 6 98 88 31 57 80 14 79 64 69 50 27 59 60 88 2 32 46 6 49 50 20 1 25 87 47 39 45 83 59 19 76 93 54
84 64 51 90 95 54 79 3 71 81 61 23 10 69 14 62 91 27 74 36 84 70 28 61 68 61 54 91 32 29 94 10 36 58 70 59 92 54 78 11 45 98 50 71 62 41 23 67 69 91
