50 50
82 62 79 16 40 3 41 74 91 51 19 5 19 49 29 62 44 0 95 52 17 93 7 81 98 76 96 49 96 96 65 98 88 96 39 57 79 62 18 37 57 23 68 9 78 12 75 11 2 86
7 90 93 49 42 48 69 5 37 81 33 1 47 6 31 38 96 76 97 65 94 3 15 63 24 17 91 6 91 18 65 73 3 0 99 59 89 33 75 45 58 54 24 49 46 15 5 11 22 89
57 36 5 72 68 40 86 62 56 32 19 24 75 3 79 27 25 61 9 65 42 8 55 40 46 54 99 31 18 83 74 56 88 2 80 71 86 76 14 31 97 1 6 5 34 1 50 13 53 73
97 16 8 25 76 93 36 44 28 91 0 94 69 46 41 5 24 41 14 40 12 80 30 4 77 26 31 18 30 73 25 21 63 99 59 56 5 81 64 43 37 28 31 25 75 20 74 41 6 51
9 63 26 76 54 4 40 6 78 7 45 94 43 87 46 2 66 12 80 41 34 82 24 46 0 75 30 45 63 21 91 42 3 76 68 69 64 54 19 14 85 15 59 57 87 82 44 32 68 11
26 56 17 26 25 35 83 73 89 28 30 59 79 85 92 78 70 80 91 45 6 92 45 13 35 84 64 52 80 97 69 57 25 63 97 31 81 0 48 13 94 76 9 85 84 74 43 26 59 19
70 71 36 99 59 34 16 15 78 98 83 6 61 40 98 82 55 28 26 21 88 14 66 87 22 85 29 39 34 54 55 28 25 24 98 80 76 52 32 6 24 27 0 94 72 68 24 69 65 26
8 32 75 3 27 53 94 58 70 85 16 7 3 48 89 12 58 62 61 74 32 49 14 29 33 77 47 18 74 98 26 44 26 35 41 24 42 6 84 8 42 56 98 12 17 11 40 8 17 78
90 65 42 25 19 75 95 26 38 15 76 64 13 71 3 28 83 75 92 68 43 56 35 24 60 68 61 57 67 8 89 6 64 96 46 74 41 45 99 68 36 35 4 14 53 41 68 64 95 64
68 48 99 75 86 6 89 60 47 80 63 38 1 46 56 11 93 97 11 73 67 16 17 32 90 1 30 44 81 35 21 97 85 44 66 57 10 99 42 1 63 89 35 62 30 10 79 27 31 77
8 27 63 19 15 95 65 66 10 58 73 81 40 86 36 84 76 96 39 46 33 97 22 5 47 32 49 45 77 59 62 26 8 8 58 37 25 20 18 38 97 1 6 18 64 82 55 87 40 4
1 25 43 39 38 75 85 54 13 80 42 62 24 65 52 73 12 45 24 21 89 70 6 17 73 2 78 37 12 46 27 48 16 64 57 16 29 17 45 85 55 91 62 4 3 13 44 88 85 58
22 50 79 88 68 77 10 7 89 86 37 41 81 9 17 80 29 61 41 88 49 47 23 3 84 67 57 21 70 99 70 85 36 57 91 73 58 17 39 37 9 61 59 77 46 76 0 41 65 11
97 72 87 75 29 7 10 62 79 12 49 38 58 2 91 66 91 70 44 89 33 56 57 17 79 41 30 53 96 59 36 98 78 2 78 86 31 4 13 82 77 59 0 42 21 57 38 75 98 8
70 45 7 46 97 2 66 91 87 99 68 98 16 71 20 98 63 67 33 78 83 73 84 82 38 7 19 95 13 89 96 67 53 42 40 92 87 32 73 65 25 91 35 22 42 30 41 38 18 2
19 92 92 26 85 71 99 63 41 12 3 71 75 46 14 74 8 87 61 8 81 19 43 10 19 51 3 94 91 48 97 11 3 4 88 8 77 38 81 72 60 25 49 20 90 77 28 29 58 69
37 44 75 86 83 56 18 55 48 94 30 21 92 19 10 18 15 99 53 87 20 54 24 84 71 75 54 49 4 68 94 75 43 33 32 65 21 83 4 65 29 83 27 57 28 51 80 51 53 72
5 11 83 37 59 89 16 43 49 66 85 35 98 24 80 25 44 29 73 62 45 16 57 84 86 33 74 52 95 29 89 84 61 22 92 34 11 48 31 50 65 24 77 85 68 29 93 42 60 61
27 71 52 6 91 51 97 93 85 26 36 7 6 2 36 92 65 40 3 49 64 26 61 20 2 42 87 26 85 8 60 20 2 4 56 92 50 59 13 66 68 12 61 16 7 50 20 34 96 59
20 67 91 98 59 77 71 79 12 32 42 11 46 18 34 13 0 95 51 24 50 8 69 71 6 32 52 77 83 93 40 54 20 86 59 28 50 0 95 28 94 31 91 88 61 41 84 66 65 50
66 39 13 71 89 10 20 73 31 59 4 75 45 22 69 52 65 59 39 61 2 7 14 79 83 33 37 79 70 37 18 61 17 45 46 94 26 23 12 15 53 16 34 94 90 93 3 50 53 99
6 95 99 76 57 36 91 32 62 86 27 19 84 94 79 15 9 19 37 60 37 45 68 64 72 44 61 55 10 8 43 20 91 38 42 25 97 30 50 21 77 71 90 60 42 92 23 76 79 36
30 23 93 23 5 83 80 0 45 8 42 17 72 86 13 74 43 72 17 31 4 74 93 6 3 29 52 12 75 47 76 48 78 81 58 85 47 16 4 41 53 35 51 92 75 11 5 23 97 99
47 67 93 8 36 63 55 97 99 91 5 3 11 64 59 19 34 57 16 89 43 95 63 1 49 39 84 32 77 38 32 9 37 52 55 23 18 72 34 56 65 35 34 69 67 17 22 1 36 6
98 63 23 18 96 84 92 66 48 15 8 43 88 4 41 45 58 54 32 13 14 56 33 30 78 35 95 6 74 70 91 4 83 99 6 90 7 19 89 0 86 83 56 78 20 93 39 34 56 64
69 21 63 62 1 86 4 94 43 62 99 60 65 32 32 60 25 36 9 75 44 47 60 68 95 89 26 25 75 44 67 47 66 26 76 48 38 97 18 12 6 41 95 47 23 91 74 30 36 80
20 59 7 64 76 89 83 23 94 43 26 66 81 65 73 12 36 7 50 35 81 15 1 45 40 12 1 54 18 63 7 14 32 34 65 63 5 60 48 67 89 67 92 22 91 7 48 4 94 88
83 58 37 6 69 55 81 39 17 35 1 56 19 98 8 76 53 35 34 9 0 95 47 97 13 41 45 74 79 78 80 60 42 53 86 7 0 10 52 30 94 82 57 41 99 84 4 43 85 5
44 41 72 53 6 50 10 72 33 88 23 0 37 97 42 1 61 24 86 90 9 54 19 2 3 13 81 65 16 80 16 6 1 11 82 62 59 11 54 13 84 27 85 82 80 95 76 64 47 34
92 38 99 9 17 99 67 73 84 46 46 41 31 81 88 26 22 46 29 18 53 71 4 82 2 72 76 5 19 98 11 9 64 0 48 23 59 53 21 1 22 46 5 42 48 11 52 78 69 92
73 66 72 46 28 48 69 65 58 0 45 95 70 48 48 94 78 66 90 11 58 53 34 17 30 33 61 67 76 93 28 22 12 40 74 35 1 23 86 36 55 58 80 48 76 49 44 2 44 2
82 5 77 84 41 99 32 99 93 83 81 11 90 5 78 71 85 69 85 54 18 4 51 77 69 37 25 95 85 85 99 49 14 4 8 94 32 87 66 86 87 62 50 89 24 83 94 14 87 70
87 87 99 17 71 14 78 42 98 73 31 31 90 78 74 77 50 99 66 34 27 51 15 0 75 30 92 27 79 61 34 31 16 59 49 63 88 45 17 89 19 15 1 13 62 32 92 95 44 30
7 72 74 37 9 41 35 34 80 15 71 67 93 28 66 0 16 6 55 54 84 6 44 61 18 91 10 68 90 47 60 54 80 62 72 73 27 47 92 78 71 41 83 8 12 51 15 74 47 46
69 44 41 19 74 51 92 25 35 27 64 86 21 20 55 66 67 96 35 7 18 21 25 40 78 62 10 61 62 36 84 7 48 79 12 59 88 41 16 13 37 27 86 3 40 34 50 47 79 8
19 60 41 26 98 45 73 18 94 74 82 14 85 49 44 39 2 10 8 45 92 68 31 82 32 16 95 52 70 94 24 44 17 47 24 22 77 67 66 1 0 68 2 23 61 99 77 17 49 65
86 97 83 2 87 45 40 99 17 3 56 66 65 79 84 87 60 75 47 99 87 36 61 19 10 96 56 17 90 22 95 21 13 45 91 45 90 82 87 17 8 41 74 68 73 44 74 80 97 92
73 46 78 25 96 55 85 46 34 80 37 24 83 87 57 67 52 91 39 57 89 5 88 8 18 52 35 87 50 34 91 56 22 81 95 52 31 41 54 48 2 94 89 13 81 32 29 9 69 62
54 59 38 61 60 39 44 37 66 38 22 15 75 68 94 23 33 18 34 85 69 51 54 27 68 88 31 39 61 52 57 0 18 40 48 64 3 80 25 57 60 16 5 25 62 38 89 43 81 97
87 74 16 8 40 75 6 68 17 3 27 5 23 87 44 89 41 21 92 35 37 39 58 51 4 3 70 76 95 91 98 14 75 29 43 43 61 44 31 32 67 39 74 15 64 83 63 20 46 39
38 40 62 97 48 35 25 50 65 29 1 57 15 55 4 91 19 29 89 63 70 79 76 25 86 16 95 98 41 97 29 19 60 58 23 58 84 98 12 86 44 30 34 44 67 95 40 25 9 98
12 19 89 17 50 64 69 87 98 81 16 74 48 74 74 1 40 11 32 4 5 21 30 79 25 77 37 59 79 56 87 80 1 19 47 75 83 73 67 45 99 40 64 64 34 79 15 78 11 77
41 82 25 58 93 41 97 30 43 97 33 25 58 57 10 75 83 44 53 0 94 65 69 81 92 33 89 39 78 69 21 11 40 72 84 22 6 82 75 84 32 97 55 75 22 53 89 17 22 32
42 59 98 14 49 78 47 21 20 83 84 15 75 26 61 1 25 10 16 15 29 4 13 12 71 53 48 36 34 25 11 61 89 98 48 21 4 64 61 85 94 89 77 50 50 37 80 85 75 67
43 83 34 45 7 17 55 50 84 61 53 95 75 69 58 85 46 68 92 48 14 64 12 23 41 37 85 41 93 50 37 89 2 59 61 81 26 92 13 54 84 24 63 21 6 60 41 26 62 4
72 58 26 78 17 15 41 49 81 9 10 86 93 49 60 76 88 61 73 25 5 34 66 47 9 10 63 55 74 99 99 84 27 9 66 45 20 52 93 63 36 14 78 21 48 48 2 81 39 89
73 50 85 50 93 90 7 14 15 87 91 23 76 39 14 95 99 24 58 98 57 79 3 78 25 20 82 93 35 11 49 27 21 95 66 82 76 82 17 92 93 10 93 43 42 64 42 2 49 85
70 41 53 71 72 46 31 12 41 99 9 98 51 24 64 68 13 91 6 84 35 99 76 39 46 49 14 34 71 59 84 1 1 61 8 56 74 83 28 37 43 14 72 95 87 76 99 64 59 2
11 71 12 93 1 10 6 11 36 46 38 96 37 71 31 28 19 95 18 2 16 25 19 70 38 34 53 0 4 94 47 11 34 41 1 74 95 71 65 43 67 83 10 44 46 58 32 21 52 9
43 5 12 94 65 63 90 97 56 42 91 43 95 16 40 54 26 44 35 90 25 97 96 6 56 47 13 63 43 74 55 33 5 63 23 73 36 52 2 26 4 4 77 50 89 79 46 84 75 93
