23 79 48 36 95 10 95 51 35 95 72 88 35 24 49 46 84 29 87 25 71 49 12 42 15 13 56 10 71 3 63 35 80 43 51 16 66 7 34 98 72 39 67 85 88 81 40 79 6 90
50 67 32 61 33 78 16 15 58 22 39 11 16 3 65 26 23 4 99 59 101 14 15 42 3 2 38 32 100 76 92 52 26 -3 41 72 85 65 34 89 64 28 101 12 43 43 28 43 99 18
19 85 17 76 57 73 56 77 84 61 18 81 6 44 30 82 18 100 41 12 31 61 24 39 52 84 25 54 64 26 72 26 68 95 27 86 94 33 19 77 45 100 14 91 87 28 78 12 62 89
91 59 12 65 95 55 71 11 23 62 78 42 80 47 40 29 95 39 13 73 93 90 100 19 43 73 40 77 87 31 93 46 54 45 24 73 53 73 76 96 92 54 99 80 23 12 21 79 21 73
98 6 9 9 41 13 15 78 41 30 94 82 10 86 91 49 62 82 16 44 77 18 3 68 83 92 89 79 68 30 69 34 43 95 59 2 48 77 29 42 64 50 3 32 77 57 62 76 13 54
95 0 76 56 4 40 66 92 14 9 5 31 37 74 15 52 72 83 2 72 52 82 51 69 61 1 37 70 2 -1 19 10 83 27 90 71 6 12 40 14 81 9 54 34 50 22 34 10 101 65
14 90 15 79 93 28 57 74 49 16 25 2 73 21 50 6 86 43 85 98 42 32 15 15 77 91 62 95 66 16 44 27 73 98 23 58 28 99 36 4 46 67 39 10 24 92 76 9 51 71
14 5 76 31 20 48 50 -1 101 86 55 59 74 17 38 85 6 59 88 16 56 11 26 82 7 19 25 45 101 34 87 10 26 18 66 43 51 28 71 22 36 0 78 61 22 24 38 95 94 90
55 82 62 75 67 92 23 12 96 86 15 61 32 25 90 38 20 38 87 34 77 56 58 47 20 21 57 95 100 65 100 2 37 72 70 10 51 87 5 68 11 61 46 79 95 25 19 85 26 79
45 39 91 53 93 0 73 26 101 24 7 11 43 92 85 30 5 44 37 86 26 61 15 13 99 21 27 95 5 35 79 9 17 89 7 16 53 11 72 11 83 88 82 70 3 79 23 58 45 72
52 6 70 57 67 27 14 83 23 21 77 75 24 58 32 48 79 40 83 75 38 88 93 52 90 98 77 27 9 7 87 36 84 18 95 90 98 59 30 37 25 98 76 42 24 33 32 7 47 14
56 65 61 21 76 22 64 35 77 28 12 10 48 33 38 96 43 47 6 69 5 33 75 38 68 54 61 0 91 19 92 73 93 21 4 71 57 67 73 18 59 57 32 88 96 87 90 54 69 23
75 40 37 95 84 71 79 32 58 64 54 59 7 50 91 91 24 89 72 86 90 59 54 62 25 94 85 83 72 98 82 6 101 84 17 8 16 25 42 22 19 31 81 67 92 20 91 45 29 81
35 47 2 79 46 34 61 27 35 51 86 9 25 84 70 45 10 -2 15 15 88 91 4 68 48 79 85 39 66 17 55 -1 41 77 46 3 65 23 17 11 29 18 42 0 82 26 46 -3 64 -2
48 9 54 38 30 54 54 62 10 72 38 65 71 59 70 9 57 6 9 16 74 12 36 11 20 15 95 11 82 35 30 27 63 95 5 74 79 20 48 22 45 9 8 14 97 27 31 95 51 32
77 73 58 37 54 24 50 -2 17 23 57 27 18 8 93 34 100 8 59 83 98 21 30 84 26 -1 67 21 35 57 29 39 59 22 99 72 92 39 36 21 92 5 53 9 85 49 72 4 75 17
67 75 75 76 89 71 82 92 4 85 83 44 17 68 13 11 11 91 60 4 83 59 54 61 33 48 28 75 74 60 43 31 86 50 58 55 73 84 8 22 16 64 74 83 5 83 90 22 100 18
90 77 58 35 48 26 58 61 14 28 80 22 29 49 5 4 74 58 41 58 26 91 31 69 61 20 40 28 79 24 2 34 96 21 88 20 90 96 36 91 46 19 81 34 32 24 73 65 60 92
63 35 13 79 49 31 11 57 34 49 84 36 43 93 33 60 62 89 35 5 77 45 25 40 85 78 3 2 61 4 44 59 29 26 79 36 11 54 90 68 79 29 3 81 13 19 100 97 66 38
79 71 83 83 65 32 63 43 47 19 58 79 52 77 14 78 88 77 12 50 90 24 17 -1 60 28 84 12 66 67 52 43 91 -3 70 78 22 21 23 56 68 64 101 50 55 65 47 20 99 52
25 72 69 96 20 56 49 31 44 30 15 9 27 29 58 31 5 17 43 98 98 76 13 85 17 42 18 90 9 30 22 38 48 37 7 56 83 52 94 56 47 68 16 14 51 27 59 80 65 81
43 64 58 31 61 71 85 66 89 61 54 31 7 67 88 41 9 67 69 -2 53 -3 4 31 23 81 87 20 72 75 36 50 21 40 70 33 31 78 50 10 14 -2 68 55 67 12 63 61 21 65
59 45 40 93 93 97 4 51 62 91 100 42 25 29 78 26 49 37 11 22 29 78 63 45 37 60 5 33 27 74 63 50 27 55 57 25 84 67 76 39 42 45 13 53 94 53 71 22 57 65
13 27 62 85 95 45 41 12 79 83 19 3 2 14 55 78 73 14 6 18 88 57 58 43 34 84 33 93 99 91 25 72 63 32 89 25 49 83 92 21 101 73 51 41 44 35 60 0 19 2
30 33 17 27 37 15 36 57 48 50 4 36 96 20 102 57 38 78 44 69 72 31 36 88 101 16 47 25 46 16 5 49 72 35 84 89 60 60 65 69 70 40 97 57 81 39 17 28 46 96
18 96 9 79 49 73 41 26 63 38 87 35 62 63 31 8 10 95 54 56 94 21 4 70 12 6 68 87 2 40 13 15 94 51 84 5 67 66 98 30 9 39 36 49 18 -3 49 4 88 -1
5 46 102 36 90 7 96 35 35 94 43 39 71 83 57 79 45 21 68 98 21 94 53 22 53 58 88 1 92 65 77 54 88 16 66 67 87 41 93 30 83 100 13 83 69 79 67 15 61 41
87 45 86 94 31 -1 55 54 92 33 56 85 20 44 35 77 94 96 97 33 91 42 18 88 18 -1 11 19 96 52 96 53 69 46 31 89 94 41 6 65 7 28 8 29 9 88 20 23 78 26
6 65 71 6 41 5 48 35 93 58 90 21 15 1 19 67 100 38 69 73 20 56 33 25 42 13 39 93 72 4 62 80 34 68 78 54 55 73 55 93 72 82 47 55 91 49 93 41 21 84
49 35 83 88 78 56 54 39 14 64 5 45 45 41 42 53 35 17 23 -2 67 70 68 89 33 57 73 49 19 33 12 80 19 0 22 36 97 85 66 96 72 86 91 14 13 53 42 30 69 20
31 65 21 75 84 66 19 45 53 93 29 29 10 20 86 46 77 64 21 18 49 10 29 46 39 57 85 80 31 29 64 84 72 28 11 47 48 56 34 97 58 55 18 1 17 66 53 91 5 66
28 56 82 56 50 24 6 88 84 23 58 70 37 69 77 88 76 61 88 16 55 86 86 28 44 73 80 57 6 70 20 37 50 21 43 34 54 44 42 40 52 96 23 91 49 80 54 63 14 22
32 66 21 12 53 58 33 80 100 21 37 20 40 64 77 32 10 94 30 78 44 69 61 58 80 32 30 26 53 70 100 77 17 32 59 8 58 54 19 5 48 69 76 51 68 99 10 40 96 28
85 7 42 22 70 7 82 76 30 40 58 44 51 53 48 79 50 64 93 8 6 26 23 88 66 19 2 31 30 11 10 -2 22 51 20 61 5 32 48 57 6 62 12 16 10 75 63 34 17 14
65 96 65 41 37 21 51 78 66 43 94 11 47 77 33 41 43 45 53 19 51 16 20 73 57 54 50 19 30 17 29 57 40 69 32 92 101 36 92 33 57 61 46 87 78 80 23 67 24 73
90 21 28 21 64 87 94 58 3 43 65 18 38 94 21 45 59 76 67 -3 7 78 35 0 73 30 101 80 58 57 8 67 35 80 31 45 28 14 92 17 27 68 89 26 42 50 52 82 77 46
75 20 45 35 28 99 71 47 99 28 40 68 89 66 24 15 82 3 66 63 93 22 77 16 86 23 69 34 35 62 76 30 28 14 68 69 53 44 33 1 10 49 99 69 39 7 5 66 66 44
100 16 56 38 16 10 4 32 84 68 77 22 21 75 96 28 71 15 82 89 77 65 48 46 19 10 76 -2 73 75 48 90 62 59 35 34 53 30 82 30 30 73 79 36 100 67 50 76 29 73
21 63 90 56 36 82 92 90 50 89 21 87 14 83 35 65 62 71 93 31 90 9 86 12 18 64 76 99 4 78 56 34 7 72 90 57 56 60 78 10 51 24 5 25 27 17 34 45 68 56
18 11 95 5 44 89 81 50 76 0 96 39 95 27 50 91 27 43 42 96 11 23 50 92 54 74 27 68 15 34 26 22 4 50 74 79 38 14 13 87 14 27 97 86 47 39 83 50 7 87
88 82 25 72 61 67 97 45 45 14 4 89 24 39 42 92 20 62 60 17 92 36 19 8 30 71 100 92 42 18 24 79 72 35 90 18 21 42 7 34 34 42 43 75 48 92 99 6 89 55
30 27 22 6 101 45 22 20 96 68 71 45 39 85 26 50 96 67 11 52 81 72 44 52 77 47 9 66 3 67 81 71 81 5 67 88 47 84 93 57 33 10 58 48 74 66 15 30 46 79
90 91 43 69 10 54 57 17 85 21 51 64 31 89 67 41 95 51 23 31 45 68 72 65 84 65 29 56 47 34 81 92 50 15 63 46 60 46 64 20 80 51 31 83 25 96 99 3 49 96
17 30 93 38 79 92 5 62 25 96 99 61 19 81 12 47 14 61 62 -3 67 61 29 39 91 -2 52 17 3 35 52 57 7 9 26 39 97 34 63 3 80 31 92 96 45 83 37 61 50 26
90 17 7 69 13 9 18 37 80 47 14 60 34 99 44 70 73 76 34 35 10 77 100 64 59 16 91 76 54 83 98 29 6 11 86 28 94 59 39 52 37 58 72 72 69 17 64 46 9 3
76 28 64 78 94 61 59 48 67 20 30 26 87 1 82 38 10 7 92 95 58 71 46 19 69 22 62 24 30 3 87 61 37 74 97 54 27 27 16 -2 13 52 58 96 8 41 39 47 42 78
80 53 18 54 71 85 7 96 45 26 100 43 88 45 20 64 31 2 85 29 71 21 62 44 61 41 77 100 10 33 74 46 88 8 73 23 75 97 78 80 94 94 101 100 92 48 6 78 71 37
68 85 63 63 42 16 33 70 40 22 26 25 30 15 61 85 99 4 29 60 78 23 87 23 56 31 89 2 75 81 67 84 16 8 51 59 4 10 6 30 6 46 43 42 8 17 24 50 32 41
34 24 47 90 78 90 20 97 9 12 51 43 89 2 48 6 34 85 63 17 28 35 90 66 71 98 20 2 67 18 19 30 53 43 17 99 89 93 36 27 58 71 56 26 29 72 30 50 15 73
68 72 78 56 86 45 40 76 75 76 68 92 97 91 99 39 9 61 41 93 30 89 13 84 14 88 40 0 77 73 83 64 13 96 6 74 82 95 97 54 91 13 44 76 10 -1 21 49 40 5
El programa tardó 78 milisegundos en ejecutarse.
