78 71 63 90 24 25 52 90 43 45 19 2 12 2 4 77 72 54 24 56 93 70 58 5 26 96 84 95 46 87 24 52 37 49 42 25 44 100 30 89 12 7 73 78 18 18 31 85 80 76
70 29 25 49 100 17 15 14 16 91 64 33 8 50 87 43 45 47 96 47 3 50 9 46 42 43 82 9 59 74 100 66 17 83 23 11 37 73 85 69 65 17 77 14 83 30 79 92 99 71
94 24 65 90 48 39 5 55 61 92 102 2 30 54 69 11 99 82 71 37 74 35 79 63 19 22 65 98 18 28 78 94 23 41 45 45 7 97 42 94 38 16 19 38 46 26 15 1 96 22
30 28 17 38 93 50 3 86 52 90 20 83 80 74 64 90 95 13 99 67 23 51 47 42 101 69 79 83 15 53 18 50 68 89 29 73 34 29 72 67 30 94 7 66 32 83 33 55 93 4
64 31 5 92 21 17 80 1 14 93 12 8 78 70 63 5 100 74 23 20 34 9 83 27 3 86 100 12 32 35 58 79 74 84 59 22 43 33 51 46 100 28 61 68 65 92 63 83 24 51
19 27 51 46 35 68 72 41 43 28 38 8 5 48 83 19 30 38 56 87 41 3 8 4 95 6 52 48 50 79 52 61 98 5 51 73 33 60 83 67 91 9 25 58 29 20 89 85 14 73
76 24 86 38 97 100 12 68 20 90 27 27 77 93 29 77 47 69 28 53 85 39 34 15 92 51 95 6 21 72 62 49 30 79 33 43 7 75 75 62 98 86 30 59 19 41 97 29 97 88
98 20 15 34 46 28 20 81 69 92 54 22 3 68 27 6 80 93 87 84 59 50 48 7 65 23 69 67 44 28 88 81 3 29 44 53 40 56 76 69 68 62 57 7 10 72 59 95 33 95
38 69 6 20 63 9 82 84 38 61 40 62 41 37 38 65 21 2 34 82 6 17 39 83 48 69 69 46 6 8 84 44 81 54 8 54 80 95 47 22 23 86 65 58 33 5 39 23 64 29
48 81 81 25 50 48 86 3 86 95 83 39 14 17 57 30 20 90 45 84 66 17 25 17 33 7 63 16 98 35 69 2 32 93 63 67 30 73 91 25 19 70 18 57 38 33 52 27 99 72
79 60 25 37 70 78 33 66 30 91 14 6 44 7 12 53 81 21 11 62 82 66 27 56 33 83 53 63 35 95 58 5 74 17 44 98 57 56 91 59 34 39 50 44 61 17 58 82 50 65
100 17 34 53 51 17 61 42 18 10 28 29 50 59 27 -1 73 37 40 23 63 68 9 55 41 80 48 70 88 19 6 5 92 19 82 30 21 0 5 68 69 36 17 51 87 29 82 20 6 57
34 41 60 18 85 3 8 78 98 32 90 66 72 26 89 63 27 48 82 98 89 70 47 55 57 53 69 49 7 7 13 96 35 57 74 49 57 88 98 37 92 46 63 10 35 14 46 46 73 4
44 66 55 47 52 77 22 95 42 70 88 70 6 23 74 96 55 82 97 29 61 88 68 80 99 54 65 88 55 8 99 37 71 8 91 76 33 23 87 65 90 1 67 40 34 8 3 36 4 77
89 17 46 77 6 70 78 29 57 17 46 75 51 16 79 5 62 47 88 83 9 97 42 93 75 67 86 38 86 3 84 96 73 64 9 43 23 40 84 96 76 19 4 90 44 28 60 20 81 62
96 41 54 41 2 96 14 70 32 96 28 94 59 11 35 49 68 90 23 30 61 50 60 66 30 42 16 56 45 32 7 76 84 61 51 5 22 69 60 47 96 7 38 69 71 68 11 45 73 42
49 7 85 4 28 77 12 84 87 49 84 84 61 45 96 20 51 38 75 47 82 51 33 25 95 3 22 14 15 70 96 16 60 67 54 71 10 92 23 37 46 80 37 20 63 65 7 17 29 87
69 69 88 10 41 93 52 84 94 77 93 57 45 26 51 32 21 38 15 55 54 96 70 0 15 17 8 2 53 8 4 91 86 60 10 23 14 55 72 85 91 9 13 11 27 57 82 37 37 25
20 74 62 20 67 80 34 99 59 15 97 59 92 79 38 79 95 96 92 28 72 83 6 86 59 98 99 88 36 23 23 61 72 81 41 15 31 48 84 57 55 69 93 86 62 63 53 20 29 54
48 30 97 41 6 63 64 9 69 81 98 72 65 90 35 79 29 11 41 16 44 45 66 40 9 86 47 24 86 54 91 82 17 70 38 50 62 96 75 79 23 27 77 8 46 52 49 84 33 28
76 100 7 83 57 14 55 63 61 86 57 90 28 86 17 95 44 25 77 10 24 63 58 43 26 44 87 3 14 67 79 47 44 27 28 36 77 70 35 41 38 81 3 9 46 30 21 95 79 63
56 34 31 67 56 38 5 -3 15 14 99 50 82 28 60 40 14 0 81 69 34 71 12 9 73 7 42 79 44 51 3 44 6 -2 48 46 83 31 71 64 75 11 92 50 61 88 32 89 20 65
76 19 28 32 12 89 33 18 54 29 59 93 74 37 41 73 102 49 5 30 79 43 40 88 49 88 51 29 71 32 83 95 80 41 7 17 78 98 100 33 28 17 27 45 69 1 28 88 79 39
27 61 16 25 61 62 81 52 57 32 34 76 68 47 24 23 39 17 9 6 6 8 22 43 70 64 43 71 55 78 31 37 76 75 66 43 48 7 76 29 40 13 95 82 59 48 68 67 53 93
44 4 85 71 36 69 58 69 7 44 25 47 11 87 85 89 88 70 58 22 28 77 5 25 25 22 52 35 39 43 41 58 39 14 72 9 47 12 13 66 22 49 62 10 15 9 11 7 23 87
18 82 96 71 28 28 9 -1 89 44 3 81 92 92 5 3 52 57 97 33 58 54 35 10 63 43 76 37 90 68 35 89 82 28 2 4 20 16 95 26 14 72 61 30 52 35 49 79 14 70
86 18 79 39 32 8 64 12 68 59 100 14 67 98 98 24 32 41 86 99 49 59 48 83 63 70 4 16 42 98 36 10 97 39 5 21 7 23 21 97 26 39 54 39 17 69 99 78 77 39
36 44 44 91 92 80 48 82 72 57 17 12 93 67 43 25 31 88 71 76 40 10 13 38 23 34 59 82 38 93 93 1 10 82 88 5 63 35 21 83 62 29 95 82 100 47 50 8 55 94
82 65 11 2 98 21 83 27 70 38 31 35 96 52 25 58 48 87 42 75 40 9 8 69 22 35 66 15 47 85 34 41 87 78 74 63 56 59 75 7 86 26 25 91 60 89 54 59 24 92
51 28 32 66 61 50 46 -2 75 93 89 18 80 12 9 17 12 11 3 20 10 40 91 7 100 13 63 32 24 67 37 60 67 25 43 35 96 14 16 77 12 25 19 96 71 57 47 95 73 75
57 60 86 91 28 68 96 62 52 68 51 34 46 34 39 66 102 32 43 65 97 2 82 92 30 58 89 39 4 57 102 87 5 90 27 15 20 77 50 34 18 79 73 35 82 71 49 39 10 39
39 13 16 21 73 88 66 64 82 40 31 26 9 8 19 50 59 57 43 32 78 86 16 69 44 25 18 46 89 84 67 61 23 86 42 66 54 60 56 40 57 21 22 27 72 23 86 63 4 34
5 100 74 46 5 79 29 79 63 46 70 65 10 7 31 89 72 64 69 95 50 67 89 49 99 51 39 90 61 5 97 32 49 40 19 25 100 93 21 21 62 51 40 35 80 47 29 38 57 20
80 76 100 34 58 70 47 91 73 45 42 8 29 34 94 27 44 8 64 38 5 58 52 17 47 84 15 72 78 17 46 28 30 91 62 55 20 53 70 32 28 73 91 35 22 21 92 63 98 45
26 77 28 93 23 42 20 94 76 41 12 61 64 2 21 100 16 34 88 83 61 97 29 28 49 97 24 19 9 100 44 46 4 88 97 33 98 25 61 63 76 16 41 16 97 94 28 65 14 97
46 18 7 54 92 19 97 43 17 13 33 92 77 19 77 39 9 90 59 23 86 47 60 -3 89 0 21 -2 36 21 57 63 92 -1 20 82 71 50 41 3 79 15 16 26 84 67 73 50 4 72
87 90 75 72 97 42 51 50 49 56 99 51 100 25 100 27 87 93 16 19 13 88 42 93 24 92 10 43 73 72 35 85 17 13 48 47 87 76 67 60 94 46 23 56 63 16 101 87 44 14
67 77 97 46 86 55 18 28 47 65 52 93 68 67 37 44 71 71 16 6 40 17 76 64 77 17 89 78 8 29 82 16 78 44 99 86 67 -3 78 10 78 89 42 16 20 95 4 10 92 24
25 10 66 23 36 4 35 44 23 7 48 45 80 41 48 84 13 52 55 1 20 12 3 38 19 94 94 40 74 44 82 69 89 27 80 6 82 20 21 21 97 6 23 39 44 28 91 39 30 57
3 -1 62 13 22 92 8 12 64 85 74 47 20 96 49 41 52 34 63 89 11 40 67 13 3 94 93 29 31 7 74 63 48 94 10 72 37 38 32 46 76 2 96 23 2 28 53 45 90 6
70 56 36 29 60 37 43 26 67 15 17 23 57 67 26 32 64 54 66 70 64 64 72 84 4 58 66 81 17 28 69 61 42 79 12 67 42 72 7 29 39 72 59 37 50 77 14 46 47 26
90 60 13 94 36 38 72 61 39 82 21 85 87 20 29 63 9 -1 22 14 46 13 82 91 2 77 99 78 4 34 71 78 39 75 47 48 81 37 63 78 30 52 36 7 55 -1 53 78 35 31
81 60 83 38 40 53 17 14 54 95 101 44 22 71 75 62 17 3 41 27 4 40 23 42 52 14 98 72 10 99 41 41 8 2 20 29 29 98 9 1 17 42 32 51 58 61 20 86 26 48
97 94 6 87 7 25 55 52 84 88 82 73 55 28 89 19 81 93 66 89 68 23 31 65 99 32 51 22 6 15 12 62 36 93 9 49 39 55 23 50 91 65 98 55 57 24 99 47 81 20
28 75 33 29 86 78 50 25 50 60 48 9 68 11 16 27 41 73 14 76 36 34 84 20 92 98 46 60 25 70 102 97 16 29 79 49 40 86 65 76 49 15 35 100 64 26 74 99 6 28
66 90 22 -3 14 70 101 6 57 91 17 39 14 59 68 -3 40 19 83 5 81 92 12 58 60 67 25 82 49 86 6 35 12 93 30 31 67 94 97 39 4 85 66 67 15 3 85 20 46 83
18 72 43 72 102 77 69 100 7 62 39 44 79 17 91 55 15 16 8 41 21 83 28 65 100 70 92 60 82 77 94 8 60 44 56 35 29 60 23 54 12 12 64 86 58 30 49 73 61 66
65 7 54 69 89 8 2 65 3 21 58 63 29 40 72 94 99 40 51 62 5 -2 24 94 78 58 67 95 42 52 23 23 43 67 27 68 77 9 75 43 4 30 16 30 76 21 20 88 35 95
71 69 46 53 76 25 95 10 37 16 71 13 99 53 48 67 27 19 44 97 102 77 77 29 75 82 72 64 53 82 55 76 73 53 60 25 29 7 30 51 40 87 22 68 12 36 48 69 48 44
62 11 47 7 92 60 24 33 27 83 2 53 47 82 81 18 26 24 86 55 85 0 56 -3 60 9 41 46 54 50 68 80 18 38 92 78 7 31 11 22 34 88 25 90 99 63 48 33 88 78
El programa tardó 78 milisegundos en ejecutarse.
