73 53 67 67 84 65 36 61 69 93 56 8 93 39 32 74 98 40 58 6 5 40 16 26 6 10 23 47 10 51 15 1 101 45 54 35 100 1 37 13 37 61 81 7 54 48 85 73 26 26
13 39 53 90 56 69 2 18 86 58 89 82 32 43 3 61 93 51 11 0 70 9 51 78 62 77 43 32 77 -3 46 70 39 39 67 86 24 22 5 10 59 19 27 91 9 57 4 45 39 21
32 84 6 23 12 23 15 68 50 79 37 66 23 20 97 28 11 96 63 47 26 10 45 17 81 57 85 24 62 44 55 49 59 81 91 85 71 16 25 28 9 67 96 15 16 7 44 71 48 19
56 60 40 73 9 24 30 58 72 70 100 53 86 81 9 42 84 47 72 61 38 47 56 44 34 21 32 46 17 59 91 1 75 15 56 35 80 57 37 49 8 -1 78 28 66 27 89 43 3 36
26 77 66 94 100 82 36 15 101 24 51 4 86 51 32 30 80 26 57 88 22 4 17 91 66 52 35 20 77 96 6 21 89 23 8 36 4 31 67 83 61 77 3 22 99 50 75 91 26 43
56 15 76 15 11 43 57 63 89 50 36 4 86 14 89 13 14 64 16 65 92 66 95 68 28 2 50 52 5 86 47 63 83 -2 93 47 14 84 10 40 60 52 62 73 11 38 67 23 67 94
16 18 4 44 76 50 58 79 71 79 18 50 86 67 22 40 24 54 3 38 100 42 8 46 33 81 67 46 39 7 83 89 72 8 81 18 30 16 13 86 64 1 57 99 52 45 50 42 58 58
79 53 7 15 47 42 5 11 34 4 86 51 39 10 46 61 74 78 43 54 40 4 17 12 18 61 32 10 88 91 36 58 70 80 32 49 2 5 31 38 98 31 78 91 39 41 16 17 15 67
87 86 82 8 28 2 58 95 15 88 68 59 78 63 46 18 23 98 74 69 87 76 70 97 12 87 89 62 8 49 48 49 53 90 48 89 46 10 29 95 42 4 16 89 37 3 62 16 38 57
37 21 41 79 40 80 72 52 94 80 73 22 87 16 39 32 38 87 57 76 54 3 95 63 82 80 88 36 39 14 36 82 77 34 49 12 59 78 34 50 8 27 88 14 7 69 41 73 81 0
85 88 12 92 94 23 81 57 36 50 58 97 82 20 28 61 55 65 35 86 72 43 73 8 64 92 45 35 76 94 88 11 7 9 48 57 24 48 53 33 36 49 69 35 80 25 49 96 38 38
64 23 97 95 101 11 94 45 33 62 27 54 39 47 15 8 22 95 97 73 63 66 63 38 53 18 38 71 25 64 70 65 84 26 38 43 90 77 31 86 66 65 24 14 8 5 92 72 68 62
27 42 22 7 92 94 88 82 57 50 98 28 15 41 50 94 20 21 48 23 70 97 77 25 36 20 86 37 4 31 88 59 27 48 20 37 97 32 39 21 26 70 98 85 27 49 33 1 83 44
41 29 75 44 45 57 88 40 43 84 30 24 57 46 52 58 2 96 93 65 86 2 74 36 36 52 98 71 55 41 27 31 91 78 25 45 38 29 24 60 27 82 19 26 79 14 42 38 61 5
88 48 72 63 25 28 97 46 26 90 39 89 80 48 67 60 78 100 64 41 67 44 65 18 57 30 39 29 6 74 52 97 65 19 63 100 74 69 59 49 87 93 81 46 82 23 19 34 69 78
51 62 18 43 100 40 71 86 97 19 20 43 35 80 89 34 57 56 12 87 48 74 65 51 59 82 8 67 36 26 28 43 69 28 87 73 60 40 59 9 6 27 69 44 50 76 46 84 100 91
52 66 15 19 84 7 59 68 8 84 29 46 30 97 53 94 33 41 41 78 35 33 47 28 85 83 101 4 90 29 31 67 91 84 24 8 67 40 23 94 72 67 27 83 57 1 61 51 35 42
11 77 5 28 94 87 36 14 79 27 26 69 51 68 94 56 89 28 30 34 33 89 20 89 18 5 94 4 65 79 98 84 64 75 75 80 11 96 30 53 6 62 30 74 29 86 11 53 18 58
98 30 11 25 28 91 101 38 57 45 56 15 74 34 67 25 70 17 60 54 39 28 100 36 65 78 11 60 4 38 86 4 33 71 43 14 54 50 62 44 25 61 76 2 101 46 50 70 83 15
38 12 53 10 68 14 45 22 72 79 7 42 32 70 7 44 34 1 18 48 83 89 19 78 77 40 83 87 22 45 59 22 57 79 68 84 30 79 21 65 91 39 23 95 94 4 87 3 90 39
90 33 79 2 94 2 11 22 94 49 7 3 93 8 15 74 81 93 54 68 82 48 42 58 21 24 48 84 50 11 14 79 99 62 41 28 56 90 28 61 84 54 102 12 50 96 22 57 18 28
25 69 87 17 12 54 72 -1 80 74 14 13 32 2 84 49 24 66 10 25 17 16 41 53 64 64 22 93 39 83 94 73 48 79 30 7 58 78 24 49 101 38 13 79 53 6 58 90 56 7
30 75 68 100 60 15 31 59 5 3 43 78 94 49 53 16 12 78 68 4 68 26 56 8 79 94 44 55 99 8 61 72 48 45 42 85 36 8 43 91 93 33 11 94 65 50 45 94 54 23
58 79 59 34 74 10 51 20 24 83 61 29 15 95 80 21 94 0 93 69 18 20 8 1 42 67 57 74 71 36 28 -1 4 36 53 11 56 55 25 4 7 62 25 28 35 69 71 5 101 14
32 74 34 41 57 26 97 59 74 45 17 100 16 88 76 54 61 78 60 81 6 51 40 23 62 26 75 42 58 60 21 33 93 86 36 35 94 7 57 90 47 20 14 89 85 30 11 92 33 39
28 57 2 52 85 38 16 48 60 78 68 88 72 33 68 9 78 26 32 3 19 70 45 -2 93 63 4 57 15 50 77 22 44 43 37 78 30 60 38 39 46 80 43 84 52 59 16 21 87 12
69 1 12 17 5 12 54 30 72 19 82 54 90 41 98 14 91 19 102 20 12 40 93 56 77 29 61 77 8 22 45 19 27 74 29 65 76 17 47 37 69 95 35 13 13 31 89 37 57 97
29 83 25 18 73 64 85 54 64 86 3 21 99 85 44 28 99 67 7 71 99 49 48 5 4 87 23 90 50 91 34 9 15 65 66 61 6 -2 7 65 81 94 50 85 7 14 64 48 80 87
55 1 59 25 38 3 22 33 44 2 101 3 46 87 46 5 34 26 10 42 20 12 84 38 3 42 91 79 67 42 63 5 97 68 58 77 74 70 37 44 74 55 13 59 65 41 5 97 81 48
78 77 81 30 38 80 71 44 24 88 15 35 17 49 2 21 7 26 55 -3 69 88 53 51 18 23 91 2 41 67 82 93 96 51 3 34 61 49 98 -3 51 13 39 21 62 9 100 37 19 47
33 57 80 31 48 12 30 40 32 49 39 53 28 14 61 8 48 69 4 48 50 31 16 64 28 67 48 90 92 79 43 28 5 71 61 50 57 67 89 24 14 29 16 80 31 5 41 67 42 24
56 11 40 49 24 38 57 81 69 30 67 84 36 55 62 61 61 47 50 41 40 54 28 73 59 25 78 40 59 57 22 89 90 32 86 18 39 12 46 42 16 83 76 21 63 79 38 2 37 43
30 31 37 46 91 100 76 73 97 7 96 48 12 12 10 36 72 28 83 5 30 82 30 51 93 100 102 21 89 76 14 88 12 72 57 22 26 12 62 64 36 31 17 79 8 56 38 27 48 8
74 88 53 23 93 74 24 43 95 46 3 65 87 6 37 1 55 76 87 83 17 34 94 91 33 78 99 43 24 60 55 82 101 67 10 86 50 92 44 14 19 94 40 15 47 8 12 3 42 24
93 42 66 48 57 30 84 69 24 90 83 39 79 35 95 5 85 45 44 46 40 6 73 71 76 44 19 54 63 71 78 60 86 38 8 17 60 51 31 72 20 35 44 87 6 71 48 23 29 49
76 51 94 83 95 89 90 16 34 80 19 7 93 64 28 7 99 20 84 11 101 -1 37 59 42 27 39 56 48 31 64 78 8 25 93 90 12 81 79 82 34 82 33 81 52 58 11 24 55 1
74 2 39 39 48 96 28 37 13 65 47 67 12 17 66 70 48 9 3 57 78 56 84 58 6 47 12 30 94 67 76 90 74 27 81 30 92 32 93 7 35 3 35 36 33 12 85 22 52 85
92 28 23 75 17 5 50 23 28 8 63 15 95 52 97 65 68 28 46 7 33 85 70 36 66 27 16 21 71 35 62 89 69 86 35 2 17 83 80 26 83 0 30 17 68 3 21 28 76 67
27 95 40 17 34 2 87 37 73 59 100 80 4 89 33 47 24 88 5 24 17 62 29 87 38 8 65 84 97 25 66 24 97 82 93 70 11 13 98 71 61 27 17 26 91 13 53 45 21 5
56 16 21 79 62 76 98 91 96 90 93 67 66 23 17 40 7 59 7 59 43 44 38 44 92 19 89 3 70 71 35 6 62 29 64 80 29 14 62 77 77 64 68 39 86 13 20 80 87 54
24 96 25 73 43 58 76 55 95 60 15 29 41 2 89 12 100 89 44 56 100 79 94 40 53 15 34 81 96 23 10 100 50 19 32 58 83 60 91 35 30 80 42 65 77 28 74 42 84 77
37 92 18 66 9 51 72 49 80 45 15 9 31 81 89 47 9 54 75 79 47 20 82 86 6 6 83 0 53 18 6 38 40 35 3 78 93 -3 87 12 38 95 79 68 27 36 9 73 42 38
88 81 88 73 52 47 55 78 61 66 6 64 52 63 72 69 75 99 71 62 59 94 67 92 80 45 47 42 9 44 69 81 16 50 42 96 34 86 41 18 46 38 20 19 84 6 68 49 81 86
2 0 39 58 100 31 100 85 94 50 18 69 11 61 88 59 23 59 17 89 70 83 23 34 94 21 57 52 33 49 9 42 85 74 93 63 8 56 36 83 42 79 25 93 49 36 88 42 45 10
26 2 73 47 58 97 60 85 53 62 15 20 29 99 82 52 34 31 75 37 36 79 64 77 18 27 95 81 7 66 59 9 55 8 84 84 48 8 21 64 35 18 96 29 46 87 72 70 89 88
99 3 70 25 90 22 58 36 10 70 15 45 14 90 65 19 77 56 12 95 31 12 39 59 27 2 99 2 25 25 100 36 33 39 31 3 97 6 86 90 46 36 73 18 56 91 80 31 96 76
97 35 90 35 86 8 73 49 72 57 16 87 32 40 34 33 49 100 9 54 32 67 100 68 48 80 40 36 16 14 29 92 101 36 57 28 6 89 83 83 27 28 36 95 14 2 40 91 34 51
36 19 70 15 101 84 63 77 60 81 33 20 96 4 39 27 6 11 11 37 98 34 74 94 56 52 9 26 85 85 51 13 33 22 94 82 28 53 86 54 31 17 22 72 76 47 26 24 95 52
75 99 71 52 58 67 3 100 9 79 27 18 15 57 84 59 11 89 46 75 16 67 68 30 100 89 40 28 78 14 58 1 41 31 11 98 67 13 56 95 41 36 95 75 101 42 3 69 60 75
56 24 16 47 99 16 43 92 24 21 45 74 27 59 60 79 67 36 76 62 81 74 18 28 78 62 101 87 78 32 69 79 101 47 67 28 14 64 41 52 23 25 76 56 85 16 54 53 23 5
El programa tardó 74 milisegundos en ejecutarse.
