94 98 80 68 11 49 44 51 75 60 93 43 12 84 70 91 92 63 63 15 75 29 19 12 15 35 40 50 15 3 47 5 29 25 49 12 6 8 96 99 27 82 17 8 28 71 36 92 40 64
27 36 49 87 32 62 95 77 86 60 46 20 2 17 43 44 73 44 26 82 69 6 14 89 10 72 17 26 51 49 85 42 76 26 17 40 23 61 79 19 44 67 40 80 44 22 11 50 19 71
90 20 45 82 58 33 4 10 39 65 3 46 28 96 34 55 22 28 71 49 47 41 33 2 43 96 24 50 87 49 4 82 68 31 31 8 3 80 44 19 54 66 86 85 61 39 52 97 25 5
47 6 68 43 68 74 15 63 65 47 40 52 63 38 28 47 95 51 60 94 67 2 65 79 39 56 20 45 100 49 60 83 53 81 59 45 58 75 95 89 8 58 14 28 51 34 86 64 9 53
66 14 5 48 85 33 95 90 49 77 71 77 99 3 71 65 48 44 12 31 61 70 70 61 97 14 52 8 91 99 16 45 62 18 100 99 13 29 52 7 82 14 100 35 41 86 53 33 70 25
71 19 39 37 32 57 26 87 22 14 25 87 26 93 12 91 60 15 58 33 82 59 69 69 33 86 40 76 27 24 97 24 79 44 33 60 68 29 26 96 66 52 50 41 46 5 35 66 36 21
78 53 63 58 20 93 4 14 48 76 36 32 87 89 66 69 67 100 67 46 53 44 22 59 48 61 16 1 65 91 15 73 32 8 16 98 58 77 35 17 78 78 86 81 45 40 54 10 62 33
6 35 75 34 78 50 13 11 82 32 30 20 41 53 81 96 98 72 23 42 72 9 7 79 40 2 30 12 4 64 44 10 46 9 84 76 27 32 60 51 101 73 79 81 80 38 97 43 99 79
88 25 42 2 92 96 26 93 82 1 75 60 66 23 37 50 14 48 25 60 49 27 52 56 100 91 78 12 100 68 67 29 90 48 25 76 13 66 60 70 55 89 101 84 53 67 60 59 102 17
80 62 46 17 82 71 84 30 65 46 17 81 57 6 6 88 69 54 43 41 16 17 4 66 15 8 87 90 97 38 63 3 87 22 10 42 87 31 23 80 86 42 83 54 24 80 47 34 19 56
52 72 11 26 77 50 86 4 6 35 20 87 101 52 53 13 94 30 102 83 3 17 43 16 45 33 9 78 63 48 67 68 8 93 98 17 35 89 67 49 23 75 96 92 28 97 73 100 74 40
15 83 46 60 69 61 96 25 69 14 90 73 33 46 37 81 18 69 4 55 97 30 84 37 40 0 23 11 25 81 16 28 30 33 77 86 34 53 54 31 43 85 25 3 83 86 92 22 50 22
50 42 8 30 45 19 77 90 18 58 88 31 55 28 23 69 99 95 64 24 37 49 11 14 5 100 41 51 38 79 96 6 67 39 55 10 63 3 23 30 85 23 76 45 95 7 44 18 6 41
87 87 75 19 7 56 25 81 57 53 75 96 84 91 10 4 87 85 34 49 11 32 82 42 18 65 46 32 41 86 24 -3 19 27 64 46 46 67 91 62 86 -3 94 73 15 18 39 30 31 88
37 94 26 97 100 30 46 7 89 15 102 62 66 39 52 42 12 66 75 21 73 50 90 83 30 90 9 70 91 12 3 42 8 31 68 45 38 81 10 70 42 51 26 11 14 12 81 50 35 81
45 -3 2 8 69 63 63 94 92 16 74 59 42 72 48 86 46 49 13 81 24 41 79 53 21 54 39 89 57 37 72 26 26 15 90 70 21 62 45 43 13 1 100 73 78 84 44 85 93 47
91 1 40 99 62 73 30 49 29 26 62 6 23 59 24 37 65 11 19 52 35 10 64 7 27 71 15 92 22 26 101 69 30 81 27 93 90 20 63 51 49 99 98 29 6 25 33 23 39 89
13 85 69 44 47 57 23 78 40 10 16 95 89 4 70 13 2 30 87 63 84 76 29 48 23 80 52 22 21 29 5 15 70 91 63 87 59 96 82 76 68 3 82 43 97 31 34 7 68 43
13 34 100 49 78 97 98 64 19 59 26 22 49 40 23 25 24 53 97 11 34 9 98 94 14 18 94 96 57 68 83 68 85 17 80 43 7 72 55 36 24 97 84 69 89 30 50 79 98 70
89 24 92 44 97 26 93 58 18 64 31 15 48 67 43 24 3 18 101 17 3 14 10 92 80 33 44 32 84 35 38 52 61 38 33 -1 21 93 75 41 51 16 4 63 36 7 32 76 36 38
5 90 51 82 41 19 36 52 34 31 44 27 6 91 14 37 91 17 43 16 79 97 99 14 64 54 25 98 5 76 18 9 20 57 53 84 101 1 94 13 77 3 85 92 78 36 35 58 76 17
17 85 16 70 4 15 77 56 66 91 52 35 89 45 53 80 87 11 43 15 63 17 49 50 83 9 4 57 27 88 29 65 72 61 48 47 99 50 43 19 89 33 72 52 37 12 75 88 54 76
54 2 60 33 45 41 43 44 70 14 80 86 94 73 13 32 56 43 58 62 72 80 4 78 38 55 66 9 98 63 102 2 31 60 91 50 63 28 21 61 91 2 35 81 7 76 62 30 39 43
90 96 84 40 53 65 10 96 87 22 91 64 70 45 8 32 50 10 30 69 86 52 33 1 10 72 29 6 23 89 44 88 63 54 46 90 80 41 76 16 56 36 18 12 71 84 90 88 55 45
42 33 5 45 64 9 28 16 92 57 69 16 23 71 30 5 23 100 20 56 95 50 102 95 94 34 87 64 12 6 92 11 23 99 35 97 8 69 68 4 63 39 45 43 95 15 101 54 51 63
14 6 85 8 4 34 68 64 90 96 29 5 92 67 26 49 64 95 56 93 62 35 54 26 13 82 56 57 33 58 50 86 62 39 37 3 96 57 41 1 99 26 36 29 43 19 46 47 68 36
78 67 98 78 38 96 16 63 6 10 48 42 51 89 83 22 37 46 76 82 97 32 49 48 99 97 7 12 61 31 83 16 65 58 46 24 95 62 56 64 93 23 64 11 42 87 7 61 25 89
55 39 56 2 87 86 18 4 76 90 93 40 15 67 4 7 28 35 89 91 11 40 93 32 67 54 59 71 100 65 81 25 37 30 76 57 7 28 23 88 54 11 14 13 74 47 73 11 99 75
69 26 74 36 17 4 102 38 84 83 5 27 35 80 4 46 47 32 92 23 80 48 52 18 46 31 26 92 55 21 52 63 79 81 9 93 22 65 79 89 68 70 102 77 87 11 41 43 35 6
83 34 30 25 18 69 13 25 68 22 84 69 51 47 17 48 41 50 73 33 24 76 97 46 13 48 74 82 84 60 39 95 94 50 59 42 96 33 6 49 47 16 23 71 97 62 9 78 72 30
22 32 39 74 65 30 15 16 54 41 94 47 81 61 21 51 78 98 92 31 71 99 81 32 48 71 7 27 98 82 9 41 96 100 88 28 75 89 77 41 102 84 43 82 7 97 98 49 40 27
83 47 27 93 11 91 69 58 16 6 68 63 29 9 30 90 18 4 72 61 38 -2 52 12 43 77 30 19 71 46 78 92 48 90 11 23 96 27 84 34 26 35 2 18 74 87 26 61 100 28
101 84 98 98 55 82 96 82 93 42 100 26 74 97 12 18 39 44 3 79 38 39 51 97 45 91 51 100 13 78 85 43 74 96 28 1 50 40 52 74 41 44 75 14 35 79 27 23 100 40
45 57 19 40 7 62 100 88 72 70 56 50 2 96 83 51 22 23 82 61 18 39 45 29 73 48 17 -2 77 52 73 22 40 57 87 75 20 80 62 51 22 87 88 34 73 91 33 2 62 28
33 70 75 55 32 80 32 25 62 19 6 43 71 39 84 39 8 56 61 38 54 86 42 41 48 89 48 4 84 12 13 36 71 54 19 46 41 99 46 50 54 77 63 46 100 77 59 62 27 29
96 71 5 53 32 10 65 -2 70 41 37 91 33 64 41 71 39 52 16 44 89 69 15 47 84 40 57 50 65 60 62 82 86 35 51 16 8 18 59 43 73 79 39 3 30 37 70 49 13 71
14 58 74 1 21 97 102 40 47 85 81 33 32 57 81 34 52 45 44 31 64 35 90 41 12 29 16 45 96 87 25 17 34 80 12 54 27 32 58 88 17 96 31 18 85 50 58 10 38 85
66 29 78 10 89 42 97 84 8 66 26 5 10 19 84 63 24 41 43 34 69 52 31 47 101 60 82 8 81 74 90 63 70 33 45 78 50 -2 53 -3 46 52 22 49 34 80 68 68 62 77
21 92 97 4 60 15 71 72 88 17 91 49 37 4 51 81 49 35 46 75 40 50 35 62 4 59 82 93 88 76 56 89 59 21 53 89 91 34 61 83 86 73 97 91 65 32 64 72 43 28
57 18 60 71 7 59 83 87 80 13 85 36 83 74 50 80 25 96 78 42 19 84 28 60 29 17 82 75 16 55 97 67 17 22 11 89 27 70 20 83 46 -2 99 76 84 1 42 69 32 6
7 10 27 61 6 3 88 18 86 53 80 16 84 46 75 72 61 45 99 94 6 38 59 92 56 72 70 90 26 44 99 61 78 68 23 22 37 27 24 56 52 53 21 60 65 49 81 36 51 68
14 78 69 72 48 80 67 72 77 31 43 69 58 65 32 19 66 11 91 -2 56 68 69 6 66 90 25 53 8 2 32 83 19 46 8 5 28 -3 83 81 48 80 36 32 83 50 94 49 17 22
38 59 3 51 83 53 95 71 28 18 90 24 14 38 10 88 51 61 32 93 37 9 22 96 4 12 32 99 29 38 36 11 7 59 32 38 64 96 39 83 78 75 83 58 43 11 46 7 31 48
87 57 37 66 60 48 86 9 31 25 37 19 15 51 87 72 55 74 9 47 28 77 33 95 57 89 6 20 94 12 99 76 17 3 78 28 2 76 91 36 77 15 79 91 42 60 52 5 34 71
71 72 54 11 31 65 17 52 68 15 5 15 58 80 54 11 76 52 34 13 18 63 62 25 7 98 74 66 96 18 11 84 91 13 45 83 28 40 32 36 12 63 92 21 12 33 88 29 21 56
85 56 29 20 26 35 32 57 38 45 3 79 67 14 84 19 92 56 88 94 6 95 26 32 59 6 54 60 41 15 74 37 62 13 38 64 38 68 23 52 77 17 54 90 13 90 33 50 77 72
78 68 74 37 13 59 46 92 75 29 61 92 73 3 91 91 22 98 95 59 19 83 90 95 30 59 89 84 11 7 37 74 91 97 100 7 5 9 84 8 88 47 40 84 60 87 91 51 55 54
47 88 63 74 18 90 68 38 101 11 24 86 49 67 2 40 35 69 29 33 2 47 93 37 65 57 53 58 75 9 80 13 57 72 84 40 55 90 27 18 86 67 97 7 47 50 45 93 73 72
86 12 39 14 59 18 91 40 29 27 81 37 94 42 73 7 77 10 70 72 83 79 88 39 59 91 55 90 6 15 42 23 42 94 84 61 22 62 27 39 24 36 8 57 57 10 29 84 21 12
67 -2 44 5 64 61 67 -1 43 66 53 92 16 5 74 22 50 19 27 56 68 51 82 42 100 33 35 5 78 33 22 3 67 52 7 49 32 43 63 31 29 70 94 63 62 58 14 53 67 19
El programa tardó 65 milisegundos en ejecutarse.
