47 87 13 56 29 11 89 79 82 91 35 29 48 81 23 93 63 86 63 85 24 34 7 86 101 29 56 41 9 74 31 63 45 23 48 60 36 28 67 25 71 4 22 88 83 52 54 96 44 38
22 3 82 57 66 77 82 96 101 86 20 55 69 31 12 24 35 36 6 60 30 48 90 48 57 38 43 51 26 10 37 44 91 57 4 91 46 34 16 71 86 64 4 -3 19 17 30 70 83 70
32 67 83 75 46 69 63 9 55 54 78 2 44 69 57 67 45 11 58 37 72 69 29 10 66 97 16 78 51 16 44 7 20 98 89 70 35 65 90 40 61 75 92 12 56 55 24 8 6 90
77 4 96 69 53 9 5 71 39 74 57 84 64 3 61 61 92 4 23 75 77 32 97 95 4 83 47 77 80 3 18 54 72 74 100 20 62 58 19 91 44 10 61 37 71 40 28 78 41 12
44 71 43 78 94 73 46 76 68 86 88 12 46 62 37 45 61 7 35 82 100 77 101 24 9 93 66 3 84 50 45 61 102 31 81 1 91 51 97 73 70 39 94 22 11 60 62 71 56 75
42 3 74 46 71 45 17 8 52 3 23 65 51 53 36 9 101 64 92 52 79 79 56 26 75 23 51 44 31 6 21 96 100 85 64 27 17 5 49 13 95 76 46 59 57 1 77 96 92 91
35 74 69 16 65 91 4 78 101 98 38 47 33 46 37 14 73 24 11 4 89 11 93 25 46 47 38 47 47 87 96 81 88 61 29 96 59 35 28 81 88 35 25 77 14 68 87 58 91 50
95 43 61 31 79 25 19 0 97 49 74 90 22 69 73 85 70 7 58 21 99 11 67 23 55 94 63 29 17 58 35 94 52 9 71 42 55 95 18 89 56 27 48 95 81 49 20 3 47 67
94 64 6 78 79 11 9 37 22 73 73 29 11 97 5 20 65 25 37 16 13 87 55 61 78 3 44 51 28 29 60 100 74 18 36 52 17 32 92 89 43 52 44 51 89 25 41 31 18 3
32 9 75 22 78 47 90 10 19 79 69 46 92 51 93 45 71 96 43 15 85 96 7 70 64 53 25 27 60 76 49 16 51 83 11 95 23 24 53 51 72 10 17 81 82 62 58 87 2 82
12 78 18 54 57 96 36 93 94 87 54 31 63 1 27 28 89 58 68 43 17 9 51 42 83 34 97 98 33 38 68 14 21 12 46 1 42 84 69 17 39 65 98 51 3 63 64 74 8 44
81 1 82 64 46 14 95 64 52 41 16 58 13 -3 96 62 84 -2 12 80 55 22 72 36 80 12 51 40 27 89 93 46 56 40 100 27 78 70 98 42 47 42 50 53 93 65 96 96 42 96
25 21 69 8 78 16 53 36 36 58 36 92 16 1 64 93 87 4 102 94 73 53 28 24 34 1 76 65 33 83 96 19 67 21 81 12 42 76 100 13 70 75 92 43 24 64 30 96 70 45
41 92 80 62 67 48 83 52 85 0 32 8 74 81 21 56 9 51 23 56 40 12 14 20 34 41 14 75 45 43 57 16 51 44 45 36 88 40 4 74 69 34 15 55 88 69 49 38 89 36
33 69 56 83 71 26 20 3 31 18 97 46 36 90 98 4 44 25 91 73 94 66 90 49 97 42 62 78 90 89 69 13 43 86 33 54 86 46 15 32 67 66 17 83 84 24 66 68 29 3
16 4 63 18 30 67 13 13 9 11 97 69 31 27 25 29 40 15 100 72 33 89 18 29 71 47 21 27 97 75 79 50 39 76 95 45 47 26 86 -1 23 33 101 56 41 64 11 41 32 -3
7 34 86 45 48 83 63 76 80 27 47 25 75 44 73 76 12 68 25 15 91 26 95 84 81 82 13 38 75 72 68 54 34 1 56 30 72 94 55 81 91 13 65 82 89 39 8 53 82 57
68 66 63 82 56 52 77 37 10 40 44 4 59 92 69 66 2 73 79 35 38 62 12 90 7 72 11 42 74 74 43 14 24 11 33 52 48 4 26 23 67 50 38 32 53 55 91 24 88 28
78 98 6 22 72 12 73 67 5 74 32 92 58 76 12 91 75 4 14 73 14 72 34 2 26 15 22 69 36 62 33 19 52 85 55 62 33 3 54 67 65 26 74 7 79 87 93 24 84 33
16 6 55 14 41 7 6 68 92 46 78 84 88 14 60 6 23 76 92 86 25 71 27 8 73 11 61 84 59 18 85 50 83 67 8 14 12 41 31 29 96 44 58 -1 42 67 53 57 44 36
100 89 56 39 88 88 39 31 86 59 55 96 63 85 72 7 102 62 67 84 27 75 41 90 6 68 49 15 9 13 26 82 3 48 33 44 47 21 100 61 101 18 102 98 8 64 65 80 92 20
77 19 63 -1 9 53 13 10 71 34 101 53 52 51 12 2 30 22 86 74 25 85 12 35 79 92 101 -2 86 14 46 17 40 93 35 45 86 87 20 64 73 56 98 59 24 76 4 76 89 4
70 37 55 97 73 92 8 65 22 48 48 81 52 48 66 32 75 99 9 22 29 8 10 38 69 61 6 34 34 76 23 63 56 34 62 100 15 10 61 3 68 87 12 63 44 64 4 21 85 49
34 16 35 43 59 96 27 41 8 52 81 20 54 -2 55 12 42 14 97 81 9 76 13 56 89 6 64 54 91 17 98 72 47 71 6 30 77 -3 6 9 95 83 22 36 74 83 98 37 23 59
85 81 87 6 94 9 57 69 47 20 21 81 69 44 80 99 55 85 72 2 40 19 16 23 24 14 27 65 36 86 4 52 44 79 76 20 97 47 96 59 21 39 36 91 74 28 61 54 59 36
4 73 83 56 53 2 60 13 11 34 57 82 11 53 74 38 25 11 5 50 66 67 42 25 53 54 55 62 90 4 101 24 22 44 55 76 15 24 60 36 24 39 46 -2 94 57 58 8 92 75
43 99 97 84 57 72 15 3 79 37 42 9 31 4 7 35 5 7 31 70 78 53 16 68 46 6 31 53 34 19 3 63 53 83 101 17 73 99 45 92 14 61 81 91 51 47 51 44 98 8
85 53 82 88 66 87 57 94 64 41 94 29 42 72 6 5 23 96 77 76 61 75 51 24 20 -1 31 23 62 63 41 68 75 42 85 68 6 34 68 41 68 5 24 21 75 -1 31 76 9 66
65 57 91 86 37 46 93 58 52 87 95 20 22 20 90 35 77 19 43 77 97 43 33 45 38 58 79 53 61 18 92 92 92 82 9 2 27 23 46 17 59 45 95 94 66 37 12 96 100 35
19 20 60 4 72 71 62 8 12 16 16 4 12 5 61 -3 22 3 77 57 72 83 59 21 79 33 40 23 55 30 46 77 101 82 81 85 68 45 36 13 6 80 15 69 70 9 31 41 57 20
56 91 58 52 32 7 45 63 67 2 18 74 75 90 82 20 5 9 29 98 37 28 76 26 91 63 81 39 46 56 85 92 72 20 51 27 63 16 86 83 59 83 57 70 50 2 19 22 47 28
69 87 28 7 60 70 53 76 72 87 88 34 61 64 40 3 68 29 14 13 54 54 90 35 101 33 22 21 90 36 66 27 38 23 41 63 92 65 67 18 7 82 71 21 10 45 67 63 17 0
11 53 35 84 94 41 83 13 17 22 84 11 68 45 39 54 71 66 82 63 56 55 22 28 38 86 8 28 60 96 43 11 49 93 44 97 63 45 84 41 52 21 96 23 18 74 100 8 102 23
36 29 24 0 93 0 92 39 5 57 55 23 2 16 40 13 61 -1 7 -1 25 79 86 47 72 1 96 64 60 73 64 80 98 25 26 75 36 3 65 18 84 71 94 93 69 63 75 13 83 33
15 94 71 48 88 4 69 36 70 9 82 96 5 44 9 42 30 16 20 80 87 29 19 87 94 60 53 60 9 30 97 43 38 79 54 58 29 22 28 85 85 26 84 57 89 95 101 94 28 51
6 87 99 37 71 56 61 3 47 9 72 86 81 75 15 85 36 24 2 -1 91 70 96 29 6 50 25 80 10 59 67 7 28 28 87 36 23 66 34 13 10 88 17 4 41 47 16 28 89 73
76 44 36 63 13 97 97 48 22 13 21 22 3 39 73 32 36 51 11 16 37 38 59 99 74 82 56 68 100 21 98 63 47 98 27 66 68 21 22 57 54 55 24 10 72 36 3 17 10 25
99 32 60 81 91 67 40 13 50 18 10 34 89 36 49 54 6 82 17 60 4 66 73 86 10 21 4 31 101 65 65 25 83 58 85 66 46 9 99 85 10 93 93 10 94 43 70 70 100 75
70 78 86 93 28 82 90 45 49 92 41 32 81 76 5 97 5 51 66 45 55 20 3 100 39 37 23 14 92 84 52 40 23 70 11 8 15 64 22 69 26 10 68 30 9 72 97 7 91 7
98 82 91 80 23 9 43 80 67 91 60 73 77 14 42 90 40 65 55 55 88 81 7 77 33 12 65 81 57 52 78 40 27 50 67 34 85 78 6 79 44 30 86 76 58 47 62 61 90 12
100 18 80 69 24 62 29 42 34 50 50 50 80 22 17 94 29 72 14 16 45 90 37 41 60 65 41 31 102 97 91 14 47 93 13 100 89 63 51 57 97 90 15 12 9 99 85 34 43 96
72 19 32 -2 81 4 94 86 73 86 15 63 72 18 100 23 65 -2 54 70 3 25 93 58 23 81 53 14 3 56 66 35 23 60 70 83 76 37 100 54 67 9 67 0 83 77 41 65 48 15
93 6 9 91 102 36 47 56 56 1 27 22 32 81 98 37 76 42 6 20 77 3 79 75 28 7 18 29 31 18 92 2 95 64 53 14 48 87 51 6 18 80 35 60 60 9 100 78 100 79
97 77 31 95 12 1 94 74 85 43 35 88 55 30 4 37 54 1 31 20 18 79 44 40 10 55 99 89 36 95 65 24 9 27 25 -3 66 70 44 85 93 15 76 13 80 65 71 36 55 23
94 36 97 7 102 22 40 26 91 96 69 40 41 74 25 76 46 100 81 5 101 75 62 25 10 48 42 3 28 17 44 45 89 64 67 89 98 80 34 91 54 99 86 52 26 13 91 85 93 15
24 7 34 36 55 52 22 3 45 63 93 49 87 -1 96 2 39 83 97 45 79 39 98 53 12 -1 68 31 71 69 8 94 6 57 89 0 51 53 60 50 41 45 6 45 14 11 53 26 78 72
58 76 15 74 71 83 36 7 9 32 28 10 15 76 7 64 24 62 23 89 81 77 65 32 76 47 98 89 12 35 45 52 83 2 25 62 8 45 53 87 44 33 23 56 86 8 36 84 88 77
49 19 24 6 96 65 58 72 74 75 16 8 67 51 15 60 69 71 28 0 53 43 19 53 54 17 42 68 16 69 17 84 58 51 19 73 60 67 67 15 89 42 18 48 43 15 44 14 31 92
53 63 23 88 46 2 10 49 73 75 97 42 64 59 83 45 8 56 33 32 99 12 67 68 3 67 56 49 43 96 93 79 31 48 62 30 43 48 44 26 73 95 81 39 33 33 48 83 92 73
80 64 83 60 96 47 45 31 16 16 19 75 26 21 12 11 49 73 100 88 88 14 20 27 87 67 63 24 86 80 14 16 35 84 70 95 58 78 100 74 46 95 15 93 31 83 34 73 11 89
El programa tardó 99 milisegundos en ejecutarse.
