57 4 39 97 67 49 90 39 101 15 3 97 85 92 18 59 63 21 64 98 59 84 40 29 21 7 76 88 58 26 49 20 8 21 74 27 14 96 96 11 63 24 26 7 37 46 56 93 83 83
2 21 29 90 24 48 7 55 7 36 94 81 72 5 22 74 66 18 74 5 94 12 64 8 48 85 80 8 13 51 59 80 86 88 7 45 45 80 42 79 2 20 21 50 25 6 29 59 78 12
84 20 45 13 25 43 99 81 39 31 63 28 17 46 76 15 88 74 85 67 76 43 40 45 17 29 20 36 53 78 24 6 55 22 66 80 56 7 9 77 82 71 79 71 44 69 96 11 15 78
20 90 68 59 15 28 32 35 14 29 58 11 96 89 26 67 20 26 9 49 54 11 82 85 25 81 45 14 75 45 37 71 25 26 55 79 98 28 55 13 11 54 11 64 26 25 27 18 18 34
47 54 12 83 87 21 75 10 22 43 11 14 86 27 79 53 22 29 94 39 88 7 82 84 69 55 52 7 66 88 46 7 32 87 40 66 8 98 34 32 63 21 58 3 76 15 15 33 14 9
40 36 61 82 10 20 88 74 21 56 46 16 24 45 49 46 89 -3 54 79 12 26 81 18 44 42 37 34 86 24 71 40 35 91 72 13 78 85 73 95 29 93 16 12 90 90 57 92 39 63
74 33 9 40 59 5 14 44 74 26 63 100 83 8 78 33 40 29 55 61 29 49 59 56 24 53 98 28 47 91 50 1 28 96 21 45 24 28 85 44 31 95 43 71 67 8 37 80 91 11
25 -3 54 50 63 84 16 44 52 43 41 1 52 26 90 12 83 86 48 94 47 24 8 4 101 81 81 73 55 1 75 46 41 72 56 88 70 60 55 35 65 42 17 15 55 32 67 74 31 22
84 36 74 36 89 76 57 15 59 6 68 2 97 70 91 11 88 72 7 4 56 90 36 29 47 65 76 46 49 70 84 71 99 64 58 7 88 78 64 78 54 80 40 82 71 19 101 67 8 38
51 28 53 25 50 35 67 78 101 37 75 69 56 1 66 28 82 44 36 2 29 80 32 62 49 2 14 62 61 42 72 -2 13 58 99 0 24 16 76 2 74 90 44 70 100 80 57 46 8 27
83 32 60 7 82 97 82 27 60 25 76 18 53 94 35 1 74 63 47 3 55 81 98 36 26 6 63 81 72 64 92 5 22 10 25 87 34 9 40 72 77 14 31 74 63 46 17 81 24 68
67 9 2 88 69 36 11 9 72 46 81 39 16 46 49 85 53 40 29 76 5 35 47 22 100 1 31 89 71 12 38 16 100 1 19 25 41 30 89 33 53 15 18 93 68 30 42 62 52 26
97 6 101 23 44 30 68 5 88 7 5 83 36 26 54 22 92 71 6 41 43 34 62 6 65 22 21 18 63 50 48 2 61 2 87 63 36 4 77 100 76 48 10 28 75 72 85 82 14 99
98 34 68 8 44 53 81 60 47 64 83 56 49 11 72 20 83 18 34 74 3 94 88 43 101 94 6 37 84 78 33 26 37 44 27 93 32 9 64 8 66 95 43 43 52 42 69 13 21 81
47 19 56 73 39 8 68 95 32 37 80 42 25 80 80 47 17 20 46 4 13 19 3 47 32 37 49 43 57 88 6 82 60 26 101 62 41 38 45 62 99 50 64 54 75 48 5 9 70 31
32 55 33 33 79 59 84 -3 71 87 12 2 14 38 54 57 11 93 26 1 19 80 16 30 52 70 8 26 21 57 74 36 32 47 69 88 32 22 16 49 64 12 20 22 25 61 41 95 40 54
85 15 61 26 96 17 65 27 36 50 9 75 25 82 64 59 46 71 50 96 78 69 75 4 30 36 54 22 16 4 22 48 23 15 67 80 17 33 30 44 14 27 63 79 92 2 33 65 48 42
34 70 29 28 69 41 33 25 26 79 47 29 92 -2 52 25 45 53 23 78 14 18 49 53 92 94 22 69 69 57 22 90 100 -3 48 -1 80 7 78 3 83 62 90 55 45 6 13 1 19 79
35 10 82 3 13 25 21 9 60 32 95 98 4 7 83 75 58 16 72 48 97 99 92 9 18 26 101 72 99 1 46 40 89 19 70 93 86 43 21 37 96 50 4 47 64 43 77 98 77 100
31 96 60 8 92 69 79 20 3 74 24 84 74 10 9 96 97 84 27 2 73 59 36 8 75 86 87 58 6 35 6 17 91 52 67 0 79 66 91 89 53 3 22 72 26 78 97 85 95 32
76 85 53 63 10 40 17 38 76 66 15 34 29 55 72 21 48 84 84 5 44 44 51 61 43 76 94 17 49 51 63 24 60 32 34 69 79 28 14 70 68 67 73 98 35 84 44 14 92 33
6 55 36 13 68 9 3 69 63 12 90 85 44 80 46 16 25 55 92 0 27 93 97 73 25 73 83 11 27 86 12 49 55 80 38 52 58 82 45 31 79 59 55 72 39 25 15 96 29 62
63 25 5 58 63 25 56 11 77 25 11 86 26 45 24 32 76 6 69 62 26 41 10 3 67 10 32 15 46 92 28 22 56 86 8 31 31 4 71 28 64 33 85 95 55 98 80 2 39 48
94 96 27 31 56 50 57 -1 43 15 39 88 83 9 20 59 85 70 63 28 21 64 71 90 23 54 68 21 92 12 17 38 56 95 3 6 78 30 12 80 16 51 67 7 82 68 31 68 53 89
68 49 41 19 61 19 66 94 32 100 79 20 67 10 97 71 35 6 48 23 35 35 21 5 37 33 88 89 65 65 9 33 69 30 7 93 97 23 41 40 92 38 69 7 84 35 101 46 17 46
21 33 32 42 79 77 85 0 21 45 94 34 66 86 16 30 34 12 63 89 7 21 82 89 7 67 24 84 51 94 82 83 51 37 43 95 28 0 4 36 81 92 15 69 21 51 7 59 91 44
87 85 25 69 62 80 74 78 35 79 4 1 32 3 7 76 73 78 98 21 79 67 66 19 92 4 35 80 35 60 35 25 89 43 43 3 62 23 26 67 15 35 78 5 96 86 25 17 55 98
11 30 59 73 35 60 29 -2 44 61 68 22 80 28 69 40 19 10 74 27 74 74 100 -3 88 38 30 74 94 52 52 64 27 58 58 15 100 72 73 88 4 75 51 54 89 89 6 67 71 20
61 95 80 97 77 66 96 52 27 26 54 3 70 67 82 24 67 7 24 55 30 91 48 96 31 21 84 91 90 5 32 78 79 10 68 38 9 17 74 35 46 60 19 25 93 60 80 49 98 56
56 44 15 69 65 60 100 35 87 8 69 46 48 69 42 24 80 31 7 9 13 29 87 -3 37 92 57 20 93 9 63 42 101 58 29 53 30 89 88 7 89 11 39 69 4 96 4 22 47 69
11 86 49 31 79 88 65 81 41 10 99 92 60 4 90 97 53 22 24 73 46 53 37 22 41 78 55 20 65 10 81 37 95 71 102 83 81 32 66 41 79 25 25 55 95 17 91 14 67 48
101 11 81 65 45 38 86 -2 98 55 96 29 93 82 11 53 58 67 34 96 43 64 3 33 39 61 25 66 51 16 5 70 80 9 8 34 44 8 21 26 73 26 11 46 52 48 43 57 69 74
21 15 93 37 15 14 54 21 35 1 49 82 26 95 52 40 22 35 38 66 98 49 71 79 35 83 43 68 98 32 75 92 49 89 74 88 69 77 49 11 21 96 77 60 6 72 14 59 98 74
93 24 80 6 77 56 17 25 68 14 4 71 47 33 68 73 19 31 96 78 36 -1 18 87 52 74 68 66 37 63 22 65 64 29 74 24 49 25 67 73 69 3 64 5 77 21 13 51 60 91
41 33 38 47 46 15 55 2 29 25 52 59 40 36 21 70 82 4 100 68 3 57 75 69 101 34 62 32 59 29 75 45 31 12 88 17 71 46 76 60 65 32 56 19 28 1 21 51 77 64
16 25 37 15 64 81 46 38 33 0 9 55 68 0 63 32 65 60 4 -3 9 73 17 54 54 32 100 45 95 -2 11 32 11 6 90 20 74 34 56 33 12 80 20 15 81 35 29 36 54 2
29 43 64 36 15 84 24 45 35 87 71 88 49 42 82 49 13 73 12 85 41 91 75 64 29 73 7 95 49 88 16 32 31 21 82 69 15 67 91 93 19 38 98 49 8 20 5 48 47 52
2 54 26 15 55 63 17 80 48 49 38 -2 98 37 77 26 15 61 81 25 54 23 29 56 27 72 52 62 60 14 9 5 65 87 41 74 73 42 7 34 100 7 7 19 70 -3 13 90 99 10
86 71 16 14 34 85 96 2 88 9 68 52 100 49 6 68 25 100 77 16 67 4 42 89 66 91 73 30 74 81 63 63 21 15 40 78 12 86 36 18 94 5 58 23 28 62 34 96 63 36
22 -1 51 9 73 60 74 53 97 5 32 33 61 2 53 60 48 65 10 72 23 19 75 51 63 -2 72 61 16 8 48 35 71 21 69 54 61 17 6 6 98 10 72 43 40 -3 101 92 24 45
20 15 41 87 47 54 40 10 70 83 48 100 69 64 16 97 67 30 25 40 41 40 19 79 80 22 15 99 22 72 54 15 71 62 62 47 31 58 7 89 11 40 39 48 11 92 24 53 42 69
24 92 75 16 45 71 61 5 76 10 41 78 83 27 63 30 74 25 89 77 15 92 77 87 47 12 101 79 19 3 83 43 5 94 74 9 93 22 91 25 31 4 2 -2 14 -2 19 1 13 81
78 17 45 25 6 62 19 45 67 55 81 25 38 68 39 37 32 3 8 37 82 34 59 2 33 91 6 58 52 20 32 69 25 84 14 60 57 30 59 73 12 83 60 32 90 1 102 76 59 56
95 55 72 95 88 12 47 94 15 69 73 33 82 21 32 87 31 36 32 12 27 87 39 23 35 34 82 33 81 45 8 -1 82 65 59 22 18 27 69 1 64 4 18 92 44 8 11 36 61 54
4 16 66 16 82 83 91 91 54 62 5 95 11 45 93 84 30 85 43 76 76 91 19 71 92 9 53 40 30 42 13 85 68 40 37 92 56 59 5 59 98 69 83 16 42 90 52 90 38 76
9 35 74 16 2 7 49 76 66 43 93 60 61 13 33 91 97 10 56 74 81 25 56 80 96 53 14 1 21 4 95 6 11 6 99 52 39 31 97 41 62 82 52 93 93 37 24 73 97 76
63 5 100 36 31 20 96 13 97 6 55 71 96 23 86 38 34 2 7 48 17 41 46 50 27 55 72 42 13 97 99 61 73 97 88 19 19 59 26 56 50 60 71 41 57 13 53 21 55 63
28 10 14 92 89 5 61 90 27 12 77 24 19 6 66 77 16 90 80 53 80 96 97 18 67 33 86 96 75 13 13 32 85 50 99 46 4 83 7 53 82 17 83 79 11 74 86 49 33 60
28 71 82 73 17 90 51 99 85 10 39 84 27 28 50 59 87 93 23 47 21 42 88 50 92 6 49 69 55 11 4 41 31 18 79 32 55 89 86 71 57 89 64 43 101 86 49 26 18 36
18 12 98 0 94 20 90 -1 53 12 99 94 88 -1 64 45 78 82 67 76 82 6 62 35 36 58 80 67 52 29 14 96 42 25 26 64 45 15 50 83 41 73 24 81 43 66 69 57 94 54
El programa tardó 63 milisegundos en ejecutarse.
