94 88 85 16 96 21 42 64 24 78 22 44 89 23 59 93 16 96 86 45 31 2 65 86 91 65 73 13 62 39 90 15 66 68 15 9 19 75 98 54 61 30 18 76 49 83 16 44 14 90
28 48 96 25 77 70 78 27 79 70 85 29 98 82 5 -1 37 82 75 53 58 21 13 55 70 -1 42 52 83 4 21 72 96 89 49 88 36 66 98 44 77 75 72 82 70 14 22 58 93 64
14 49 89 10 98 96 73 70 12 37 31 17 40 98 97 53 38 6 73 54 40 45 97 46 39 73 5 85 68 78 95 6 46 92 38 32 70 70 77 85 87 16 40 45 88 70 90 73 56 9
6 14 71 26 5 6 25 7 19 47 100 8 89 84 20 67 55 -3 8 21 62 77 73 21 23 56 89 42 55 72 31 61 73 62 31 14 93 2 99 10 83 25 88 33 42 81 22 30 24 19
12 62 29 18 51 9 70 91 85 21 96 19 37 88 74 43 36 87 69 70 63 80 69 63 24 48 44 6 94 28 28 46 24 3 102 95 3 20 3 27 54 51 47 63 19 1 41 90 18 56
88 73 93 93 29 40 65 -1 40 87 78 62 28 17 85 87 82 95 70 33 86 37 79 4 32 72 65 -1 48 15 96 86 13 89 17 69 15 33 16 75 100 15 101 9 90 95 12 96 8 66
36 15 35 34 29 46 35 60 88 78 31 19 58 34 79 55 95 99 93 46 10 58 92 49 65 3 5 39 94 79 41 97 18 51 60 6 59 6 87 98 30 19 31 83 75 61 3 85 41 29
7 92 33 39 93 78 63 70 59 52 16 17 85 34 10 77 32 55 49 29 95 25 5 75 77 58 39 52 11 7 62 82 60 38 74 84 28 44 43 35 25 76 21 53 26 56 28 -1 87 8
62 32 89 52 58 49 83 40 32 21 92 31 30 1 17 5 86 63 23 19 69 68 64 53 74 66 98 10 93 16 28 52 15 36 86 46 45 59 69 44 5 3 68 91 63 65 34 32 84 40
86 40 17 3 65 37 67 22 66 7 30 95 78 1 101 2 92 20 48 1 13 61 98 46 3 90 53 11 18 73 66 -3 27 14 10 11 15 71 48 71 50 72 4 95 48 29 13 52 25 1
14 99 28 15 79 90 36 28 102 39 8 14 61 77 82 62 54 28 77 18 69 6 63 57 71 55 28 56 101 98 55 18 102 50 52 6 102 35 15 22 86 13 72 71 87 7 71 41 14 49
99 50 59 82 67 6 50 40 101 93 55 16 76 19 82 55 84 45 98 11 93 30 50 52 46 82 56 22 90 95 13 59 64 3 32 89 78 88 43 44 96 55 15 77 9 59 40 49 27 84
93 26 24 48 29 14 92 99 95 75 14 22 60 75 41 76 7 88 69 75 49 53 47 16 100 38 17 41 13 31 63 48 39 15 86 12 76 67 66 51 78 36 28 27 83 72 71 7 60 6
10 91 22 64 88 36 62 87 50 10 44 38 48 12 79 81 37 89 42 61 34 24 9 92 93 69 17 13 87 77 101 69 46 15 56 66 76 40 79 53 24 23 81 86 49 40 42 16 98 51
64 79 5 15 14 28 27 99 97 59 48 27 78 47 70 39 83 73 30 56 52 71 8 54 76 56 81 77 49 45 46 72 75 92 73 84 50 9 6 85 73 76 92 68 94 89 49 89 100 30
94 13 35 4 48 78 18 49 81 1 49 -1 42 46 52 -1 11 94 63 46 10 42 68 30 36 79 65 45 58 87 31 39 44 95 7 27 21 -3 6 95 20 40 95 56 96 90 86 54 70 48
56 58 77 35 51 80 82 98 99 92 54 24 102 17 94 59 40 66 95 39 24 24 16 36 21 35 29 81 61 11 15 30 71 28 80 87 22 57 49 5 85 32 50 17 40 28 39 2 7 98
28 1 49 88 81 76 56 52 80 66 81 4 67 81 22 39 45 78 50 35 43 93 28 -1 46 61 8 13 30 81 22 95 97 66 100 51 10 78 70 34 42 28 10 87 4 53 40 17 82 25
13 99 41 39 102 53 63 81 63 10 69 37 95 70 35 60 85 28 66 38 31 88 5 8 35 33 51 100 31 71 41 79 69 96 99 58 17 58 3 54 22 66 12 3 7 21 3 86 88 93
6 29 93 33 31 85 59 91 13 42 78 72 96 64 59 86 92 49 23 60 44 49 76 42 29 18 24 64 91 92 84 19 42 65 13 88 71 19 20 7 38 83 66 8 59 66 29 77 81 41
47 60 59 39 21 8 64 17 31 50 41 44 78 37 101 23 90 17 76 47 30 96 90 86 14 76 7 96 76 75 89 35 22 62 45 11 100 28 26 23 79 90 81 93 49 72 31 21 21 37
56 36 38 69 53 5 54 48 43 91 14 64 19 94 82 32 97 72 95 43 13 27 77 51 9 40 54 85 26 36 98 65 64 4 32 35 75 84 25 91 83 -2 90 61 92 95 57 36 97 38
26 37 54 58 99 65 86 77 27 97 75 42 19 78 89 91 45 43 7 4 90 44 61 92 88 19 8 33 97 88 24 35 74 100 71 50 5 12 51 38 16 8 31 22 22 51 85 90 100 96
90 92 75 51 59 71 83 89 26 85 19 41 95 42 45 84 78 94 12 3 73 22 46 4 19 84 53 7 26 22 78 -2 67 90 55 61 78 -1 21 44 90 42 94 40 37 95 46 44 99 84
70 56 27 30 6 64 55 65 55 36 87 22 10 18 5 82 32 75 10 10 9 63 51 81 40 28 71 42 85 92 10 72 65 61 75 72 47 48 94 21 75 24 36 10 89 35 50 81 63 64
47 69 34 62 36 12 45 12 21 66 100 90 2 61 59 34 100 78 35 85 6 18 10 62 70 53 15 83 17 52 100 20 26 1 24 2 38 80 30 94 70 61 22 2 83 65 44 64 53 0
100 51 83 12 70 53 69 29 66 86 87 54 70 19 75 58 9 37 22 12 13 50 12 70 43 10 93 15 21 71 15 13 21 32 48 12 56 7 62 66 77 74 38 62 52 76 102 70 21 35
58 43 11 72 40 72 24 78 39 37 9 2 95 68 42 90 13 46 86 28 42 89 66 7 5 88 14 86 5 19 22 29 98 85 75 73 76 44 28 91 77 82 83 86 63 0 3 7 60 11
29 99 89 47 80 84 61 89 49 64 4 30 49 91 49 61 33 44 97 61 70 29 96 10 21 53 81 92 4 49 27 37 65 47 17 38 46 32 14 67 44 68 98 49 81 83 87 96 65 72
100 73 93 22 34 41 92 -1 80 0 82 62 36 81 76 9 59 22 74 11 46 64 75 24 52 18 45 2 97 55 8 0 5 30 80 51 30 59 65 29 61 40 33 35 54 95 62 85 70 27
77 88 69 45 35 34 5 34 39 29 38 80 84 1 55 65 78 11 87 79 36 39 9 27 40 14 50 44 77 1 46 61 99 13 97 76 65 77 101 5 69 48 20 25 42 29 64 42 48 32
61 61 85 69 40 75 30 83 4 80 86 7 83 67 91 86 60 89 33 5 49 94 33 75 23 81 42 75 79 45 54 41 87 -2 68 7 81 57 70 95 33 85 68 46 54 39 3 13 33 39
27 32 12 61 17 76 36 91 56 12 77 68 61 39 18 53 11 57 55 22 69 72 34 64 16 73 11 93 97 73 91 76 72 6 4 84 10 61 10 58 83 21 64 6 61 57 91 55 47 61
3 65 11 45 60 94 80 33 7 -2 86 17 81 47 77 82 35 90 61 92 51 40 16 22 31 28 33 17 24 42 78 70 42 69 27 78 26 41 35 1 62 68 10 45 45 65 4 80 66 58
49 71 35 50 7 93 16 52 24 70 35 8 53 15 24 91 68 25 23 27 61 78 25 8 17 21 37 38 65 55 91 41 77 13 34 28 68 73 84 97 39 40 79 43 72 76 34 14 19 67
73 59 60 45 82 21 85 59 81 48 33 1 43 28 97 29 88 20 2 66 52 42 86 46 19 62 22 35 16 43 38 73 5 15 99 81 92 72 64 67 55 0 99 28 38 65 63 78 88 42
54 36 27 69 26 28 25 31 37 30 19 5 16 90 51 90 67 25 27 14 40 42 96 18 34 81 24 30 96 48 88 52 79 85 68 94 43 58 81 73 74 88 61 43 54 97 69 1 64 17
53 63 26 30 24 5 81 34 63 74 82 59 39 62 50 32 75 0 59 39 37 80 21 65 30 93 80 79 95 34 16 67 38 46 84 46 9 67 85 27 54 20 4 43 58 17 86 79 14 47
58 9 74 10 36 64 13 71 90 71 23 95 19 36 75 92 59 40 44 82 30 76 52 9 78 72 9 22 94 83 43 6 40 18 96 69 95 50 25 26 93 100 88 60 88 7 30 96 50 41
45 34 3 28 28 21 32 44 12 33 50 72 84 20 99 15 48 -1 78 59 93 10 9 26 8 10 61 51 29 13 100 27 99 13 5 83 65 39 5 36 90 11 3 23 16 33 34 11 64 42
81 99 51 22 77 67 25 57 4 80 58 69 16 14 3 62 58 74 53 85 68 5 22 25 96 94 85 76 69 60 27 24 37 34 57 49 84 10 77 67 49 95 81 61 4 23 50 85 49 100
26 1 66 53 31 18 16 13 40 8 8 76 68 71 82 70 39 4 30 33 101 70 59 20 3 42 39 58 37 7 8 8 28 0 2 56 3 34 77 36 12 24 23 13 82 91 39 24 73 45
19 98 61 65 21 39 48 6 62 53 97 29 99 83 90 68 28 34 12 95 13 48 89 9 48 97 75 15 16 9 73 8 54 47 87 11 49 8 51 61 83 28 43 82 33 20 37 29 64 2
91 47 6 36 38 61 9 29 19 88 42 50 9 82 87 85 59 17 32 76 94 92 36 29 64 68 24 -2 25 51 55 46 17 59 42 13 47 65 88 33 66 28 29 70 66 41 75 58 4 17
95 90 61 17 41 60 23 99 52 43 6 60 39 16 20 74 81 100 85 34 89 71 49 43 50 29 102 37 61 36 17 56 83 82 4 38 90 7 84 18 57 72 95 42 42 7 21 38 57 76
91 95 47 10 27 93 41 21 47 44 83 35 9 13 77 68 55 78 70 55 72 18 58 46 95 46 5 31 96 45 9 54 97 49 64 56 65 34 45 32 34 78 23 4 91 93 39 20 54 8
6 98 60 55 9 5 26 65 34 85 62 18 33 84 61 76 51 38 13 93 60 56 33 52 52 70 65 69 62 53 94 93 18 34 59 45 48 90 76 15 61 98 85 54 47 33 32 10 13 54
30 24 22 66 24 9 17 34 45 82 69 56 101 63 22 62 61 57 10 67 95 11 57 88 21 84 4 59 41 46 54 62 30 11 17 51 2 0 64 39 21 10 23 76 44 59 45 56 92 -2
41 40 102 27 46 98 80 8 14 85 23 66 9 79 46 31 9 99 91 32 60 81 17 80 67 70 53 28 62 61 91 3 35 47 9 50 53 21 4 26 90 48 42 46 86 60 22 77 96 55
86 61 53 87 97 51 81 0 73 78 63 20 12 66 16 59 93 24 76 33 86 67 30 58 70 58 56 88 34 26 96 7 38 55 72 56 94 51 80 8 47 95 52 68 64 38 25 64 71 88
El programa tardó 89 milisegundos en ejecutarse.
