73 44 13 74 63 43 12 41 89 93 11 45 33 78 19 7 97 66 61 39 28 3 93 9 24 13 91 28 23 49 11 47 64 18 25 6 80 45 66 39 12 19 14 78 100 44 11 86 31 76
11 69 4 17 63 60 35 27 51 11 23 33 26 70 92 30 59 33 11 19 100 57 67 14 3 27 36 1 68 8 70 54 83 64 5 -3 4 47 80 35 2 23 15 35 14 25 51 20 66 20
42 85 24 61 26 96 11 22 23 86 67 46 20 3 57 69 78 58 45 100 41 55 37 90 86 71 53 66 55 29 33 36 98 33 90 88 32 86 45 62 71 44 21 62 12 18 60 84 46 91
25 -2 82 59 90 48 92 4 80 83 64 65 16 6 22 5 41 68 34 81 36 57 10 73 33 74 44 8 19 44 97 52 54 95 100 54 4 93 63 2 56 87 30 42 7 20 78 76 71 20
42 1 6 68 93 60 68 20 40 12 34 8 100 56 81 7 83 12 101 99 4 50 44 53 68 67 11 3 69 37 9 71 92 45 50 21 17 5 35 9 28 93 69 44 30 53 94 52 96 70
83 78 48 20 11 12 45 93 59 34 86 20 34 3 60 25 63 29 91 41 19 63 51 48 82 -2 39 8 52 35 6 67 70 22 25 7 68 14 17 28 49 44 89 88 23 69 89 96 77 -3
15 43 23 60 6 85 73 63 46 64 34 48 17 86 49 80 50 11 26 41 60 99 98 46 4 77 101 65 33 98 28 39 74 24 31 54 94 6 48 28 36 100 10 47 31 94 50 9 43 94
68 78 44 78 27 46 39 -1 31 55 40 32 43 30 81 36 10 -1 8 77 26 30 6 82 46 32 43 64 56 63 71 60 73 49 40 66 83 -2 47 7 42 66 58 2 68 24 30 47 27 55
46 94 60 94 32 99 34 13 59 100 33 89 25 61 36 7 28 38 62 27 91 10 48 29 56 10 99 31 75 34 96 8 33 31 78 60 38 100 31 69 23 45 72 16 96 85 25 81 48 38
69 -2 43 55 21 86 76 16 48 43 28 16 38 30 92 91 64 10 27 16 46 -3 97 79 83 30 7 32 70 70 72 29 15 60 15 60 83 53 18 48 45 36 8 45 91 -3 23 40 55 73
7 77 40 61 45 21 94 50 54 94 69 43 6 41 19 33 4 15 11 41 38 80 45 8 80 61 19 66 9 51 59 56 55 18 43 16 41 7 70 83 66 8 11 29 96 12 37 64 63 32
78 35 68 60 69 95 37 95 55 11 51 90 2 -2 3 76 13 39 22 71 83 86 8 21 44 0 86 25 37 24 7 40 22 38 85 2 80 32 18 45 80 20 32 63 9 96 54 84 11 46
44 16 83 6 97 34 55 44 92 33 75 5 36 98 29 56 76 30 66 85 26 95 13 45 93 19 95 87 16 65 101 11 73 67 98 17 36 35 71 29 85 72 4 20 77 80 42 68 38 93
55 22 87 1 23 11 43 13 86 82 58 70 70 36 100 30 71 49 94 38 95 61 22 72 13 84 69 67 9 12 17 8 66 67 34 37 88 92 101 25 77 69 10 81 92 77 88 32 10 11
94 1 70 33 94 58 92 94 58 28 46 2 56 22 68 92 8 96 57 35 45 43 93 69 63 66 91 23 26 70 69 10 30 36 47 65 88 40 3 94 14 83 12 16 65 58 71 79 92 46
38 41 96 -1 90 42 8 92 46 41 22 4 44 28 8 23 101 34 90 96 3 36 92 69 39 87 30 56 47 21 62 40 33 20 36 62 86 71 7 4 23 78 26 13 18 46 26 94 66 -2
7 49 78 35 4 94 63 87 48 5 71 30 78 20 69 85 32 97 97 84 67 55 18 18 61 99 100 31 50 46 85 24 7 34 96 7 7 78 83 93 60 63 83 41 72 23 75 19 98 79
15 46 57 95 33 0 88 58 7 82 42 84 93 62 96 53 98 6 42 92 57 51 45 75 82 -3 97 74 71 79 78 44 8 10 50 25 85 94 4 9 77 35 6 22 31 77 12 26 8 50
78 89 14 36 19 79 48 40 72 69 100 7 62 59 40 16 78 98 24 34 48 81 89 26 48 52 69 36 47 46 67 54 81 15 87 90 57 100 72 75 63 49 52 34 4 71 18 64 19 93
81 11 45 48 14 4 70 62 69 60 89 82 90 3 19 33 81 67 49 47 31 48 92 72 51 73 95 59 64 18 12 19 59 22 72 44 10 22 96 20 66 29 2 31 61 90 89 11 65 55
83 86 82 96 68 71 49 10 44 69 22 19 95 36 19 83 47 14 8 61 9 8 76 47 14 39 33 8 60 43 75 20 32 21 66 98 38 3 32 73 79 39 66 97 62 58 8 95 39 38
49 36 15 22 21 66 38 74 65 -2 45 95 59 76 99 51 62 17 69 95 76 12 87 26 56 65 51 59 16 53 16 94 41 44 46 28 100 69 27 60 91 67 13 17 44 30 61 29 51 32
60 78 18 51 79 19 17 8 63 57 52 72 10 26 32 77 71 74 58 9 39 70 93 48 101 15 16 75 45 26 102 74 62 9 40 44 55 36 20 65 85 99 34 86 94 8 17 98 41 65
97 7 27 73 17 30 67 74 37 41 31 32 91 14 41 94 99 22 31 28 19 2 64 37 28 55 13 91 65 49 56 78 14 9 75 47 13 45 68 53 87 18 85 24 46 96 58 92 69 20
68 63 98 74 92 92 95 59 17 54 81 76 63 83 52 4 32 40 87 11 56 22 24 18 7 87 12 43 72 35 7 30 22 2 33 83 9 9 57 78 23 33 70 42 65 61 80 96 87 5
89 27 96 67 66 8 5 93 36 10 68 80 48 74 37 77 99 24 50 10 13 66 8 53 53 27 72 6 7 23 65 59 26 44 33 56 19 1 6 48 96 5 23 33 33 58 54 46 95 22
6 34 58 26 30 44 96 31 69 27 12 82 53 68 96 73 48 53 6 97 78 83 31 59 76 22 41 71 37 66 83 80 101 67 29 59 54 52 55 52 100 28 95 40 35 7 44 73 65 5
25 93 78 11 10 63 34 29 67 42 38 -2 62 63 14 69 90 24 28 41 64 71 97 96 69 47 75 24 52 62 76 55 52 42 43 47 33 54 12 88 16 65 79 89 77 52 15 83 28 71
72 89 37 20 21 72 62 35 9 88 51 52 91 78 44 79 79 75 33 73 82 34 21 75 63 88 27 40 21 63 78 93 88 71 90 45 20 11 45 100 60 29 50 63 8 99 76 98 94 85
26 61 46 8 84 83 100 42 19 4 84 36 75 17 2 35 4 58 34 38 97 93 93 75 100 36 14 6 11 78 49 46 79 38 61 34 54 72 75 40 46 25 10 26 32 56 34 74 3 82
12 100 85 90 85 75 81 34 15 51 90 14 42 91 97 19 51 37 17 47 29 18 77 69 89 36 41 15 80 96 54 3 46 98 65 53 14 14 6 34 75 47 32 37 98 86 36 2 70 33
9 48 61 18 80 24 55 85 89 56 29 45 92 63 47 22 22 96 87 26 63 14 97 52 87 27 7 -3 57 93 83 57 78 21 73 13 76 0 83 18 27 31 8 75 88 16 37 65 24 21
89 91 74 29 26 51 95 25 73 50 82 44 76 98 35 43 19 85 9 86 88 49 30 61 44 90 17 37 67 62 5 83 41 26 74 77 63 22 68 16 89 74 87 71 72 25 57 11 94 64
36 59 70 87 2 77 46 32 59 92 54 50 67 80 10 71 30 62 19 1 12 31 43 41 20 77 101 5 9 70 39 11 64 63 75 8 9 24 38 38 43 72 61 3 21 14 25 58 72 44
96 33 62 17 47 1 48 55 80 15 86 55 83 3 87 36 80 85 22 19 82 48 86 72 78 23 39 3 24 100 53 92 75 16 42 14 80 1 10 92 6 40 81 13 88 15 62 100 4 83
92 66 46 73 75 43 45 78 32 57 18 6 32 93 47 40 59 13 76 3 21 57 97 66 79 24 43 92 5 -1 47 91 59 36 4 26 81 94 100 19 67 7 101 71 91 3 64 12 16 16
26 89 85 85 50 68 85 18 74 12 23 34 55 67 71 97 43 4 77 53 41 35 94 100 61 14 66 72 7 91 45 89 94 57 32 52 11 80 56 69 67 35 44 93 95 67 35 12 98 37
91 86 14 77 97 41 26 79 4 15 87 64 72 72 82 12 89 40 88 68 78 93 37 56 6 81 79 71 98 70 29 71 99 82 48 42 90 5 42 95 55 52 77 85 13 41 3 49 74 92
84 91 64 38 10 38 50 30 101 2 44 34 3 66 13 83 81 7 11 2 65 89 80 98 50 67 78 25 83 34 6 82 42 44 64 55 25 43 38 100 85 27 19 71 10 80 17 84 34 30
60 95 78 65 80 16 60 35 11 89 86 39 47 15 35 8 17 71 74 51 4 86 86 60 83 81 4 51 23 74 8 90 58 91 48 35 68 27 41 41 59 74 72 33 76 96 71 80 20 47
63 78 32 100 101 53 91 16 70 61 48 80 99 36 25 72 87 13 44 77 31 29 56 89 72 24 76 55 19 13 20 48 85 72 44 54 94 77 82 82 7 95 15 5 38 25 88 3 51 65
9 65 16 66 33 69 85 67 42 28 64 2 32 46 40 15 27 34 69 96 17 47 51 0 85 55 62 53 15 70 63 3 3 30 14 32 65 86 16 34 40 -1 96 25 90 1 65 8 88 58
57 34 26 30 13 23 16 66 12 76 73 29 64 88 61 88 68 56 30 23 23 32 61 3 7 43 13 76 90 61 14 52 17 32 78 85 38 50 27 8 40 26 4 49 70 18 98 43 68 32
91 2 87 82 10 76 22 61 94 30 20 35 74 58 84 93 89 74 100 31 20 94 59 12 38 43 81 17 22 29 6 57 23 71 31 66 37 79 63 45 35 61 55 35 51 12 29 29 47 38
22 98 98 72 17 24 27 91 100 6 74 62 53 88 41 53 33 21 64 69 19 99 74 8 11 63 79 69 41 100 61 68 3 79 21 16 73 13 92 58 71 71 72 82 46 89 63 55 83 96
57 32 55 -3 64 13 82 32 14 92 40 9 34 19 94 -3 84 0 32 78 16 95 62 23 15 94 21 67 5 7 64 54 22 76 50 80 69 40 31 36 44 7 18 49 72 88 84 63 29 70
82 36 48 44 56 45 85 89 67 99 93 29 51 79 12 78 41 2 79 52 90 82 4 1 98 9 3 49 16 77 62 21 56 83 31 25 66 38 77 66 87 53 95 70 35 73 76 97 10 49
53 49 92 72 18 87 17 40 27 40 21 69 11 12 35 53 60 17 91 47 68 40 8 -1 90 49 85 49 21 21 88 83 100 59 43 57 85 32 49 83 100 19 95 4 14 50 61 61 74 31
84 97 101 43 6 13 59 87 18 10 10 32 89 9 59 94 94 33 68 31 29 44 29 71 78 38 12 25 82 58 50 91 45 100 87 21 42 70 88 24 100 21 70 50 59 23 26 63 48 11
15 52 20 43 92 73 71 40 77 2 12 23 37 52 43 67 52 13 53 34 16 36 80 76 39 78 60 57 99 24 3 22 16 29 3 6 5 25 83 69 79 80 39 24 25 90 70 7 90 32
El programa tardó 86 milisegundos en ejecutarse.
