85 63 82 17 43 4 44 75 94 52 22 6 22 50 32 63 47 1 98 53 20 94 10 82 101 77 99 50 99 97 68 99 91 97 42 58 82 63 21 38 60 24 71 10 81 13 78 12 5 87
9 87 95 46 44 45 71 2 39 78 35 -2 49 3 33 35 98 73 99 62 96 0 17 60 26 14 93 3 93 15 67 70 5 -3 101 56 91 30 77 42 60 51 26 46 48 12 7 8 24 86
60 37 8 73 71 41 89 63 59 33 22 25 78 4 82 28 28 62 12 66 45 9 58 41 49 55 102 32 21 84 77 57 91 3 83 72 89 77 17 32 100 2 9 6 37 2 53 14 56 74
99 13 10 22 78 90 38 41 30 88 2 91 71 43 43 2 26 38 16 37 14 77 32 1 79 23 33 15 32 70 27 18 65 96 61 53 7 78 66 40 39 25 33 22 77 17 76 38 8 48
12 64 29 77 57 5 43 7 81 8 48 95 46 88 49 3 69 13 83 42 37 83 27 47 3 76 33 46 66 22 94 43 6 77 71 70 67 55 22 15 88 16 62 58 90 83 47 33 71 12
28 53 19 23 27 32 85 70 91 25 32 56 81 82 94 75 72 77 93 42 8 89 47 10 37 81 66 49 82 94 71 54 27 60 99 28 83 -3 50 10 96 73 11 82 86 71 45 23 61 16
73 72 39 100 62 35 19 16 81 99 86 7 64 41 101 83 58 29 29 22 91 15 69 88 25 86 32 40 37 55 58 29 28 25 101 81 79 53 35 7 27 28 3 95 75 69 27 70 68 27
10 29 77 0 29 50 96 55 72 82 18 4 5 45 91 9 60 59 63 71 34 46 16 26 35 74 49 15 76 95 28 41 28 32 43 21 44 3 86 5 44 53 100 9 19 8 42 5 19 75
93 66 45 26 22 76 98 27 41 16 79 65 16 72 6 29 86 76 95 69 46 57 38 25 63 69 64 58 70 9 92 7 67 97 49 75 44 46 102 69 39 36 7 15 56 42 71 65 98 65
70 45 101 72 88 3 91 57 49 77 65 35 3 43 58 8 95 94 13 70 69 13 19 29 92 -2 32 41 83 32 23 94 87 41 68 54 12 96 44 -2 65 86 37 59 32 7 81 24 33 74
11 28 66 20 18 96 68 67 13 59 76 82 43 87 39 85 79 97 42 47 36 98 25 6 50 33 52 46 80 60 65 27 11 9 61 38 28 21 21 39 100 2 9 19 67 83 58 88 43 5
3 22 45 36 40 72 87 51 15 77 44 59 26 62 54 70 14 42 26 18 91 67 8 14 75 -1 80 34 14 43 29 45 18 61 59 13 31 14 47 82 57 88 64 1 5 10 46 85 87 55
25 51 82 89 71 78 13 8 92 87 40 42 84 10 20 81 32 62 44 89 52 48 26 4 87 68 60 22 73 100 73 86 39 58 94 74 61 18 42 38 12 62 62 78 49 77 3 42 68 12
99 69 89 72 31 4 12 59 81 9 51 35 60 -1 93 63 93 67 46 86 35 53 59 14 81 38 32 50 98 56 38 95 80 -1 80 83 33 1 15 79 79 56 2 39 23 54 40 72 100 5
73 46 10 47 100 3 69 92 90 100 71 99 19 72 23 99 66 68 36 79 86 74 87 83 41 8 22 96 16 90 99 68 56 43 43 93 90 33 76 66 28 92 38 23 45 31 44 39 21 3
21 89 94 23 87 68 101 60 43 9 5 68 77 43 16 71 10 84 63 5 83 16 45 7 21 48 5 91 93 45 99 8 5 1 90 5 79 35 83 69 62 22 51 17 92 74 30 26 60 66
40 45 78 87 86 57 21 56 51 95 33 22 95 20 13 19 18 100 56 88 23 55 27 85 74 76 57 50 7 69 97 76 46 34 35 66 24 84 7 66 32 84 30 58 31 52 83 52 56 73
7 8 85 34 61 86 18 40 51 63 87 32 100 21 82 22 46 26 75 59 47 13 59 81 88 30 76 49 97 26 91 81 63 19 94 31 13 45 33 47 67 21 79 82 70 26 95 39 62 58
30 72 55 7 94 52 100 94 88 27 39 8 9 3 39 93 68 41 6 50 67 27 64 21 5 43 90 27 88 9 63 21 5 5 59 93 53 60 16 67 71 13 64 17 10 51 23 35 99 60
22 64 93 95 61 74 73 76 14 29 44 8 48 15 36 10 2 92 53 21 52 5 71 68 8 29 54 74 85 90 42 51 22 83 61 25 52 -3 97 25 96 28 93 85 63 38 86 63 67 47
69 40 16 72 92 11 23 74 34 60 7 76 48 23 72 53 68 60 42 62 5 8 17 80 86 34 40 80 73 38 21 62 20 46 49 95 29 24 15 16 56 17 37 95 93 94 6 51 56 100
8 92 101 73 59 33 93 29 64 83 29 16 86 91 81 12 11 16 39 57 39 42 70 61 74 41 63 52 12 5 45 17 93 35 44 22 99 27 52 18 79 68 92 57 44 89 25 73 81 33
33 24 96 24 8 84 83 1 48 9 45 18 75 87 16 75 46 73 20 32 7 75 96 7 6 30 55 13 78 48 79 49 81 82 61 86 50 17 7 42 56 36 54 93 78 12 8 24 100 100
49 64 95 5 38 60 57 94 101 88 7 0 13 61 61 16 36 54 18 86 45 92 65 -2 51 36 86 29 79 35 34 6 39 49 57 20 20 69 36 53 67 32 36 66 69 14 24 -2 38 3
101 64 26 19 99 85 95 67 51 16 11 44 91 5 44 46 61 55 35 14 17 57 36 31 81 36 98 7 77 71 94 5 86 100 9 91 10 20 92 1 89 84 59 79 23 94 42 35 59 65
71 18 65 59 3 83 6 91 45 59 101 57 67 29 34 57 27 33 11 72 46 44 62 65 97 86 28 22 77 41 69 44 68 23 78 45 40 94 20 9 8 38 97 44 25 88 76 27 38 77
23 60 10 65 79 90 86 24 97 44 29 67 84 66 76 13 39 8 53 36 84 16 4 46 43 13 4 55 21 64 10 15 35 35 68 64 8 61 51 68 92 68 95 23 94 8 51 5 97 89
85 55 39 3 71 52 83 36 19 32 3 53 21 95 10 73 55 32 36 6 2 92 49 94 15 38 47 71 81 75 82 57 44 50 88 4 2 7 54 27 96 79 59 38 101 81 6 40 87 2
47 42 75 54 9 51 13 73 36 89 26 1 40 98 45 2 64 25 89 91 12 55 22 3 6 14 84 66 19 81 19 7 4 12 85 63 62 12 57 14 87 28 88 83 83 96 79 65 50 35
94 35 101 6 19 96 69 70 86 43 48 38 33 78 90 23 24 43 31 15 55 68 6 79 4 69 78 2 21 95 13 6 66 -3 50 20 61 50 23 -2 24 43 7 39 50 8 54 75 71 89
76 67 75 47 31 49 72 66 61 1 48 96 73 49 51 95 81 67 93 12 61 54 37 18 33 34 64 68 79 94 31 23 15 41 77 36 4 24 89 37 58 59 83 49 79 50 47 3 47 3
84 2 79 81 43 96 34 96 95 80 83 8 92 2 80 68 87 66 87 51 20 1 53 74 71 34 27 92 87 82 101 46 16 1 10 91 34 84 68 83 89 59 52 86 26 80 96 11 89 67
90 88 102 18 74 15 81 43 101 74 34 32 93 79 77 78 53 100 69 35 30 52 18 1 78 31 95 28 82 62 37 32 19 60 52 64 91 46 20 90 22 16 4 14 65 33 95 96 47 31
9 69 76 34 11 38 37 31 82 12 73 64 95 25 68 -3 18 3 57 51 86 3 46 58 20 88 12 65 92 44 62 51 82 59 74 70 29 44 94 75 73 38 85 5 14 48 17 71 49 43
72 45 44 20 77 52 95 26 38 28 67 87 24 21 58 67 70 97 38 8 21 22 28 41 81 63 13 62 65 37 87 8 51 80 15 60 91 42 19 14 40 28 89 4 43 35 53 48 82 9
21 57 43 23 100 42 75 15 96 71 84 11 87 46 46 36 4 7 10 42 94 65 33 79 34 13 97 49 72 91 26 41 19 44 26 19 79 64 68 -2 2 65 4 20 63 96 79 14 51 62
89 98 86 3 90 46 43 100 20 4 59 67 68 80 87 88 63 76 50 100 90 37 64 20 13 97 59 18 93 23 98 22 16 46 94 46 93 83 90 18 11 42 77 69 76 45 77 81 100 93
75 43 80 22 98 52 87 43 36 77 39 21 85 84 59 64 54 88 41 54 91 2 90 5 20 49 37 84 52 31 93 53 24 78 97 49 33 38 56 45 4 91 91 10 83 29 31 6 71 59
57 60 41 62 63 40 47 38 69 39 25 16 78 69 97 24 36 19 37 86 72 52 57 28 71 89 34 40 64 53 60 1 21 41 51 65 6 81 28 58 63 17 8 26 65 39 92 44 84 98
89 71 18 5 42 72 8 65 19 0 29 2 25 84 46 86 43 18 94 32 39 36 60 48 6 0 72 73 97 88 100 11 77 26 45 40 63 41 33 29 69 36 76 12 66 80 65 17 48 36
41 41 65 98 51 36 28 51 68 30 4 58 18 56 7 92 22 30 92 64 73 80 79 26 89 17 98 99 44 98 32 20 63 59 26 59 87 99 15 87 47 31 37 45 70 96 43 26 12 99
14 16 91 14 52 61 71 84 100 78 18 71 50 71 76 -2 42 8 34 1 7 18 32 76 27 74 39 56 81 53 89 77 3 16 49 72 85 70 69 42 101 37 66 61 36 76 17 75 13 74
44 83 28 59 96 42 100 31 46 98 36 26 61 58 13 76 86 45 56 1 97 66 72 82 95 34 92 40 81 70 24 12 43 73 87 23 9 83 78 85 35 98 58 76 25 54 92 18 25 33
44 56 100 11 51 75 49 18 22 80 86 12 77 23 63 -2 27 7 18 12 31 1 15 9 73 50 50 33 36 22 13 58 91 95 50 18 6 61 63 82 96 86 79 47 52 34 82 82 77 64
46 84 37 46 10 18 58 51 87 62 56 96 78 70 61 86 49 69 95 49 17 65 15 24 44 38 88 42 96 51 40 90 5 60 64 82 29 93 16 55 87 25 66 22 9 61 44 27 65 5
74 55 28 75 19 12 43 46 83 6 12 83 95 46 62 73 90 58 75 22 7 31 68 44 11 7 65 52 76 96 101 81 29 6 68 42 22 49 95 60 38 11 80 18 50 45 4 78 41 86
76 51 88 51 96 91 10 15 18 88 94 24 79 40 17 96 102 25 61 99 60 80 6 79 28 21 85 94 38 12 52 28 24 96 69 83 79 83 20 93 96 11 96 44 45 65 45 3 52 86
72 38 55 68 74 43 33 9 43 96 11 95 53 21 66 65 15 88 8 81 37 96 78 36 48 46 16 31 73 56 86 -2 3 58 10 53 76 80 30 34 45 11 74 92 89 73 101 61 61 -1
14 72 15 94 4 11 9 12 39 47 41 97 40 72 34 29 22 96 21 3 19 26 22 71 41 35 56 1 7 95 50 12 37 42 4 75 98 72 68 44 70 84 13 45 49 59 35 22 55 10
45 2 14 91 67 60 92 94 58 39 93 40 97 13 42 51 28 41 37 87 27 94 98 3 58 44 15 60 45 71 57 30 7 60 25 70 38 49 4 23 6 1 79 47 91 76 48 81 77 90
El programa tardó 66 milisegundos en ejecutarse.
