65 80 89 8 88 79 27 3 55 80 80 94 54 4 62 18 68 10 90 17 100 32 11 49 27 30 27 74 47 12 87 17 72 90 14 34 70 97 62 71 76 9 80 84 28 81 99 85 48 41
25 23 60 37 25 17 97 14 77 11 39 74 61 71 58 65 87 46 96 78 90 6 86 68 65 81 32 74 46 68 91 78 41 1 4 15 56 27 60 41 78 66 49 31 51 81 84 81 9 47
58 58 32 37 99 31 55 96 46 76 72 14 93 15 38 98 72 88 78 11 54 63 24 55 84 67 46 49 54 58 35 48 17 49 77 5 81 42 18 77 63 3 50 46 94 100 73 22 80 57
60 66 34 20 63 25 27 69 74 32 30 63 77 27 31 11 49 42 86 18 93 63 15 31 37 -1 19 91 79 34 61 74 55 48 14 55 36 17 78 78 92 94 90 85 52 52 2 14 98 30
4 41 32 29 38 11 64 35 34 11 16 48 28 23 85 10 26 82 19 95 21 82 81 2 81 60 28 57 45 12 102 77 31 42 54 16 34 83 44 64 22 80 33 29 50 81 69 11 9 24
100 16 8 76 78 83 24 55 10 81 87 52 9 29 76 76 46 65 87 78 30 42 95 53 71 69 69 84 77 60 24 78 93 82 87 78 42 50 33 17 55 66 96 48 3 44 89 87 76 30
94 17 77 75 29 39 85 69 38 82 102 70 95 2 54 30 37 5 19 69 56 71 102 9 19 13 86 27 6 84 27 6 6 96 28 3 11 21 83 99 68 70 54 7 63 87 34 96 33 6
58 1 44 85 25 74 59 43 84 16 24 54 65 90 18 62 42 81 32 59 5 64 28 37 93 24 84 14 62 9 39 40 40 90 52 87 26 66 78 72 101 34 9 41 34 19 75 86 37 48
90 90 19 48 52 84 74 90 40 18 51 1 33 57 31 15 53 42 40 57 11 71 62 99 17 76 64 45 90 38 50 10 19 19 31 57 65 43 17 7 73 27 8 7 30 78 64 6 83 95
64 74 16 15 9 81 44 71 13 85 3 5 33 56 49 -3 47 56 53 93 16 28 53 2 7 53 67 55 43 89 13 44 25 48 54 9 16 37 6 71 34 20 66 73 77 40 91 -3 34 85
48 54 57 54 67 69 55 39 86 36 80 53 44 30 57 15 78 61 19 85 38 61 64 57 41 59 51 21 39 94 20 98 30 83 64 32 26 39 94 8 48 9 40 98 20 16 8 84 58 30
77 50 14 32 35 46 26 9 64 53 3 83 9 34 71 63 83 40 10 20 34 17 80 45 28 80 83 56 80 36 29 7 69 59 10 11 21 63 17 54 70 53 72 67 40 50 92 71 75 64
32 24 5 87 42 33 101 46 38 55 87 49 71 3 96 2 71 42 100 37 84 19 78 100 87 90 46 11 47 65 40 83 19 62 26 56 10 100 80 56 40 23 32 90 91 32 17 48 11 30
36 49 67 92 94 19 52 39 53 42 34 10 66 96 30 32 17 14 3 33 23 5 26 18 22 22 60 83 20 4 44 28 11 85 21 57 97 5 72 3 8 38 33 62 10 8 98 95 24 38
19 82 3 33 56 84 101 84 57 85 3 81 36 30 50 43 56 79 25 12 101 85 16 26 64 10 88 74 87 68 71 23 102 62 102 23 76 76 5 74 36 63 84 54 73 56 90 7 20 53
92 1 28 77 14 96 66 78 3 3 82 44 30 68 31 43 54 93 18 83 48 20 31 83 39 10 67 24 71 58 7 86 40 47 86 89 74 79 21 85 100 21 6 86 41 15 47 30 97 82
25 34 36 42 78 95 72 90 86 25 57 92 85 6 98 1 83 45 14 93 81 65 32 88 55 71 22 43 80 59 53 40 81 7 88 3 55 61 85 18 94 73 62 35 40 37 77 13 54 30
48 39 22 42 58 78 58 95 27 25 23 18 27 60 95 16 8 62 65 78 7 28 36 63 26 42 71 86 92 -1 50 79 63 64 45 65 82 14 77 34 30 47 27 48 53 73 90 2 60 0
30 93 21 81 40 9 5 94 84 9 3 14 47 84 7 75 72 3 86 65 9 71 19 77 11 85 35 96 23 22 83 75 7 7 28 68 32 78 76 79 20 76 81 13 66 77 11 16 89 97
7 0 24 69 24 -3 4 72 31 41 22 82 15 -1 47 77 31 12 97 19 89 72 15 22 101 13 43 17 41 88 100 55 48 94 42 14 79 93 17 26 68 87 74 37 65 91 63 95 58 56
54 76 26 7 77 98 67 33 7 64 66 74 25 55 90 5 4 10 88 6 30 58 59 4 3 38 86 76 25 91 84 60 49 1 89 29 85 98 44 37 82 37 51 56 91 41 44 2 96 37
28 30 5 60 63 35 90 44 86 47 81 70 98 42 92 50 17 55 25 -3 35 63 24 81 83 25 84 3 27 31 85 44 89 89 41 45 76 41 33 95 67 92 19 6 98 76 100 78 32 10
43 69 71 45 84 10 17 81 4 61 67 4 85 65 12 47 24 45 20 6 101 36 79 69 21 100 92 47 76 34 94 81 18 97 28 26 74 45 41 22 44 26 13 61 37 3 72 4 26 77
82 86 32 1 99 40 69 93 37 69 6 5 93 5 70 77 69 63 89 52 80 30 8 65 97 36 29 29 82 8 26 35 73 39 59 67 54 76 75 39 9 61 93 14 72 29 93 13 20 24
35 59 14 48 48 50 7 11 40 57 23 100 45 6 4 94 49 44 40 4 17 37 78 74 100 82 59 12 5 18 52 91 82 78 23 40 12 1 75 56 88 17 85 26 13 67 86 89 71 48
86 22 14 17 26 86 26 40 29 -3 20 59 5 2 49 5 57 58 42 26 17 70 30 16 56 60 62 79 73 48 96 1 42 69 32 92 86 50 15 9 8 39 68 60 32 62 14 21 41 82
82 40 75 11 76 94 23 9 47 67 11 70 17 43 82 56 99 59 100 2 76 35 74 91 11 64 65 4 43 96 84 82 5 89 85 7 19 72 91 5 77 95 14 99 85 37 38 57 51 71
3 23 28 74 99 44 99 50 6 8 43 35 30 16 81 58 87 78 4 88 43 3 88 34 79 0 88 62 63 35 12 38 45 69 90 53 24 35 56 21 51 86 55 88 35 87 63 69 47 30
19 27 22 59 42 20 11 14 43 100 12 83 92 48 19 49 71 70 38 3 76 29 30 16 51 12 56 60 92 93 101 67 102 44 18 99 24 100 78 8 11 13 48 57 97 67 22 71 96 70
94 7 54 80 67 43 68 94 70 36 33 -3 30 46 80 74 9 90 2 76 92 20 47 12 80 90 92 43 47 23 64 49 57 10 46 84 92 34 72 35 34 89 43 58 69 83 42 39 10 89
87 41 21 95 72 21 22 15 69 94 98 65 21 79 63 7 39 65 40 88 34 90 39 53 45 24 20 27 14 55 50 12 20 97 8 6 56 25 70 57 37 85 14 15 54 13 4 26 59 39
2 11 33 64 14 74 43 47 3 85 77 89 68 32 93 74 35 76 49 17 19 38 55 2 41 21 26 87 53 60 100 22 99 47 100 73 54 22 63 67 39 11 14 71 53 50 96 37 5 85
26 36 95 63 78 21 22 25 25 13 102 19 84 57 63 64 68 57 53 52 4 53 39 50 62 63 89 13 71 1 38 84 44 90 7 95 23 55 94 25 35 64 19 58 26 20 61 5 48 54
82 31 27 6 30 39 2 92 28 96 10 84 10 56 51 79 36 29 71 9 39 19 41 44 44 12 50 29 42 78 49 20 88 26 68 18 15 75 79 37 4 46 77 30 6 33 99 1 49 54
98 17 43 50 56 65 10 10 16 41 100 53 5 51 11 38 71 94 32 27 37 74 52 76 39 73 3 67 90 74 22 20 4 71 76 35 68 94 67 85 68 30 65 53 25 2 28 11 44 27
62 18 77 81 59 18 38 79 67 73 39 91 101 48 3 44 9 92 16 13 60 80 18 77 28 32 85 89 29 71 52 16 53 64 54 4 51 48 86 34 96 15 84 44 96 6 14 5 54 49
99 61 20 40 55 33 81 50 33 93 17 79 24 2 68 64 86 76 87 50 74 92 68 60 89 96 76 32 84 35 20 72 89 60 65 97 60 84 79 34 14 46 14 73 85 77 57 60 92 1
85 48 15 86 17 87 98 21 10 25 31 95 98 28 89 49 55 45 72 1 44 34 37 14 23 3 20 1 61 28 54 72 86 2 19 92 53 54 3 -2 25 90 29 44 85 4 15 92 50 12
65 94 77 71 54 74 94 52 61 2 35 88 15 10 18 50 73 54 80 27 41 62 91 44 94 24 5 98 83 11 102 31 45 38 97 75 61 73 14 59 91 68 93 96 77 75 4 19 64 70
52 59 2 16 22 73 10 92 81 49 43 43 63 61 88 10 18 14 35 88 37 20 83 30 87 33 49 92 93 74 18 18 64 40 92 0 23 61 83 26 21 47 32 72 39 61 92 3 39 14
98 79 30 95 65 48 8 79 15 47 10 76 72 88 48 93 90 21 35 64 3 76 26 81 47 8 41 26 51 56 57 93 85 20 33 96 93 65 102 89 8 85 27 27 54 11 102 35 41 38
26 47 50 77 26 60 39 30 82 83 60 21 15 23 59 36 67 70 74 81 27 48 35 -1 75 18 11 70 55 86 85 93 101 84 14 26 52 87 56 92 91 40 52 91 70 66 48 27 55 74
96 94 27 30 14 12 69 52 48 14 43 70 100 46 33 10 45 10 11 91 76 75 55 99 43 91 85 62 92 92 59 55 83 50 26 40 32 43 53 70 88 52 10 27 59 8 19 36 17 98
98 13 89 6 75 23 11 18 45 73 28 7 56 76 89 75 55 50 35 76 88 67 68 47 42 -2 41 55 67 2 38 72 45 63 8 38 70 65 12 47 5 91 4 53 40 -3 7 -1 7 26
52 12 52 98 62 3 30 12 45 42 9 46 69 69 72 22 79 78 79 52 92 95 56 1 4 7 36 20 99 92 102 63 13 13 57 73 9 28 35 66 28 6 23 56 63 11 73 12 39 87
7 30 51 38 10 2 3 92 45 81 56 37 89 61 29 45 16 51 88 13 6 84 83 59 4 14 49 29 35 4 93 9 93 65 24 93 36 88 60 81 22 19 92 67 76 66 79 2 14 15
13 83 12 88 34 75 41 40 26 78 75 35 18 22 92 5 79 53 85 88 16 64 68 88 47 57 73 56 14 44 10 64 39 47 82 37 44 66 26 13 83 39 89 17 77 65 95 100 45 85
66 60 23 72 49 26 21 71 67 1 101 76 60 40 10 41 2 79 74 54 87 -3 49 19 54 32 83 70 69 64 72 68 42 49 15 58 49 1 42 82 26 74 90 84 82 21 28 56 16 79
48 30 56 54 68 43 36 32 69 76 23 46 11 44 44 100 78 36 36 94 43 33 19 18 98 35 22 63 40 82 52 61 41 8 35 47 92 29 18 10 85 38 90 88 8 45 12 32 59 87
56 47 73 63 62 75 17 25 58 12 49 85 79 93 5 68 21 32 5 62 71 81 33 27 53 83 40 36 65 50 2 93 63 82 43 -3 5 74 67 0 36 67 73 54 94 26 18 90 33 51
El programa tardó 72 milisegundos en ejecutarse.
