100 100
0 89 82 98 57 60 74 4 21 78 50 64 83 51 58 85 75 34 97 74 27 36 35 7 33 21 48 73 19 86 58 32 48 22 17 97 14 7 34 60 91 46 68 31 57 83 8 73 79 14 45 99 93 37 99 95 83 70 11 21 9 98 9 56 38 14 65 50 42 42 24 49 90 44 43 85 13 53 96 11 57 67 18 8 51 32 45 79 75 98 49 99 26 29 49 90 66 68 50 30
8 86 95 40 57 18 80 31 15 18 11 5 21 22 71 92 13 74 1 97 24 4 48 34 99 45 62 15 8 7 97 69 59 10 47 97 33 52 10 27 91 51 98 4 57 89 93 25 45 64 80 72 46 19 4 6 93 53 69 20 16 49 0 64 66 89 95 12 62 10 66 45 89 53 24 93 39 48 76 85 22 20 49 56 74 54 7 25 85 33 10 12 41 14 4 7 9 82 62 63
26 93 71 57 60 92 79 2 61 66 23 94 27 70 41 99 2 69 45 29 55 80 54 36 87 51 25 42 75 41 97 99 0 21 61 46 70 64 97 54 3 35 71 83 60 74 80 49 53 74 39 4 10 88 38 27 84 91 82 39 89 42 12 44 28 46 30 43 30 80 5 19 18 44 40 90 81 61 36 67 72 45 97 41 31 42 22 92 83 23 66 4 62 39 56 35 36 84 97 87
58 82 97 12 39 62 12 73 74 6 5 77 45 78 0 98 44 47 80 4 85 4 25 8 72 48 97 74 55 75 6 9 59 78 26 0 22 60 29 52 36 17 9 32 41 56 7 9 12 78 7 35 89 78 78 40 66 52 45 16 82 70 39 49 39 4 36 45 4 49 23 79 95 61 31 15 78 47 85 1 62 56 52 5 68 36 54 87 85 32 93 74 58 36 64 85 32 12 1 70
89 43 61 30 44 98 66 52 22 28 70 46 29 45 84 60 62 93 56 40 19 25 82 52 75 96 4 0 64 86 3 43 64 57 27 19 14 60 97 67 98 28 48 31 26 80 72 69 11 89 47 24 85 4 91 6 5 81 35 62 34 75 28 94 31 15 17 44 58 40 6 41 39 7 62 63 40 14 99 57 98 19 65 52 25 85 59 22 56 22 99 43 26 57 87 54 75 95 71 53
66 8 95 18 49 43 41 83 58 99 95 55 26 87 62 3 40 57 18 29 55 55 53 45 37 29 70 22 42 95 19 33 9 61 48 19 2 62 62 23 4 78 97 73 18 80 65 31 36 41 69 27 49 58 39 72 41 14 9 46 59 20 59 35 1 89 3 90 53 84 30 76 21 18 37 5 37 77 68 91 5 68 66 48 39 8 77 5 69 7 86 47 67 4 57 10 88 67 60 69
88 89 86 95 59 52 49 56 41 73 43 95 29 87 37 40 35 66 85 24 22 29 47 52 83 43 75 75 66 78 8 88 86 23 35 16 99 64 7 92 55 36 77 93 2 0 23 71 35 89 23 35 99 20 57 60 87 67 18 12 19 51 83 87 16 12 9 7 1 78 81 15 67 80 39 76 88 9 45 64 35 63 64 34 61 50 68 29 36 28 14 81 84 37 41 62 54 14 47 40
70 93 29 72 58 72 65 7 95 8 97 57 51 58 88 98 10 56 16 96 96 16 12 60 41 97 66 37 26 89 0 95 60 26 0 71 49 60 74 74 79 82 61 82 85 22 1 86 4 7 50 8 8 99 9 19 29 23 99 55 76 94 66 75 88 93 76 41 73 27 5 74 72 42 48 75 98 82 82 85 82 86 74 94 75 92 2 6 84 83 89 4 60 10 45 62 83 1 27 7
77 63 79 12 32 79 68 11 18 81 49 65 30 11 19 49 70 42 61 67 6 89 76 57 60 86 22 88 59 84 98 87 46 79 92 34 21 48 15 55 71 41 56 68 64 64 48 48 75 50 33 87 48 88 91 46 35 8 76 30 8 42 20 26 52 26 23 84 12 70 91 53 36 40 11 15 33 61 69 90 46 6 65 60 29 86 90 57 81 3 7 40 22 25 44 40 28 50 75 78
9 71 42 37 25 31 25 48 59 34 91 57 94 61 57 80 80 88 2 48 27 55 99 88 42 27 4 1 67 76 39 13 4 28 28 55 92 67 75 86 93 47 93 7 0 11 37 55 1 70 14 98 56 55 0 40 24 14 98 30 48 3 81 98 57 61 10 31 58 69 4 14 98 31 20 84 51 17 64 54 56 67 68 75 44 69 27 52 41 76 1 30 83 39 56 5 90 30 72 51
70 1 38 92 60 48 12 62 5 44 48 73 87 99 99 31 30 43 0 98 0 95 0 36 94 49 47 48 23 74 60 65 82 91 30 93 18 82 43 4 72 29 8 24 53 12 79 25 7 16 0 14 89 54 55 88 8 37 25 94 22 61 47 26 58 54 33 62 28 43 3 56 29 70 44 58 97 44 6 66 45 72 49 77 50 56 81 40 89 48 44 88 78 74 26 41 6 61 92 4
42 14 88 59 59 39 38 3 32 24 0 83 27 12 18 96 73 76 62 80 77 94 46 7 7 17 28 62 31 16 63 93 18 7 26 86 8 29 81 32 62 85 35 24 24 48 62 45 18 35 85 84 71 13 8 44 82 41 61 87 15 71 60 11 55 53 28 11 76 13 23 56 14 15 95 72 83 28 70 3 62 5 98 94 25 40 98 7 81 8 78 95 25 56 22 5 50 17 54 95
26 42 49 41 12 18 49 93 48 82 56 33 70 25 0 17 70 14 68 56 66 68 65 8 43 43 11 76 84 31 16 98 22 52 81 52 59 14 58 7 2 93 59 77 88 61 46 54 70 9 66 51 87 63 66 67 19 27 29 90 28 59 98 24 92 14 2 16 57 56 4 81 34 95 79 82 71 73 87 52 87 82 74 35 7 67 14 44 56 36 61 12 77 84 5 80 12 91 8 18
43 72 42 51 34 95 32 48 21 20 27 77 89 52 70 41 56 30 4 76 10 67 51 70 11 22 37 69 21 36 85 18 59 35 80 67 11 20 34 2 65 85 7 19 70 6 22 17 7 73 85 20 27 45 89 37 77 58 83 1 54 2 7 92 37 59 83 64 34 88 7 92 47 21 22 19 99 27 94 82 82 81 71 36 93 5 36 47 97 10 48 33 9 89 64 1 17 14 3 56
2 5 11 19 51 31 49 18 96 45 88 8 74 45 90 97 18 7 67 26 4 15 96 34 27 2 12 78 85 73 33 58 35 90 3 77 48 65 9 34 30 15 9 26 3 14 42 22 38 63 38 57 98 42 30 75 11 48 51 54 41 80 82 30 97 16 15 34 65 45 56 68 44 24 51 50 94 73 99 31 52 2 87 64 32 30 81 40 59 48 22 94 83 42 84 50 33 90 65 22
81 19 83 25 5 15 10 36 76 57 14 31 69 55 46 23 19 52 36 69 23 82 36 66 30 51 26 4 39 42 90 71 52 30 59 68 78 41 23 61 14 76 70 21 97 60 92 1 66 99 87 18 4 48 24 31 55 25 99 14 57 52 98 48 52 22 89 96 23 48 34 29 58 73 38 29 42 99 12 10 35 97 99 53 56 60 13 67 53 78 82 77 92 95 53 36 49 61 0 44
22 69 78 98 20 7 77 65 42 57 1 3 22 40 12 60 26 59 24 2 32 15 39 38 54 13 86 30 98 86 48 8 28 63 98 36 81 58 44 7 22 10 79 75 71 57 61 85 16 55 5 90 26 50 57 86 27 13 19 63 63 86 59 2 40 59 79 4 14 58 39 10 74 27 38 6 4 96 25 1 68 93 74 97 33 47 91 72 64 90 29 52 63 98 85 29 98 39 18 54
35 49 71 34 62 11 10 20 80 39 99 94 80 44 99 22 86 94 50 57 99 70 27 73 45 33 90 86 13 41 6 66 89 62 47 8 56 56 61 70 81 39 94 78 38 18 0 36 37 93 96 83 98 84 67 59 77 26 60 89 12 87 45 96 41 25 93 9 83 33 14 50 19 82 57 34 80 11 70 54 76 82 77 64 21 68 74 24 73 11 40 26 16 34 85 63 13 94 91 71
9 95 90 30 69 74 19 75 82 63 31 22 67 74 77 11 17 81 6 11 35 20 91 33 37 54 88 47 30 11 49 16 48 17 78 20 29 56 71 36 72 54 8 39 18 32 0 74 45 51 35 66 27 11 81 96 1 40 15 23 3 80 91 16 86 53 33 52 4 39 56 85 64 19 27 94 66 56 70 17 11 53 52 36 72 15 88 75 0 27 43 15 26 79 72 74 43 19 91 93
13 69 97 64 23 85 48 39 95 10 59 8 41 0 1 93 69 14 41 60 67 54 97 76 7 91 23 30 49 7 17 81 25 12 44 54 47 44 7 79 74 57 46 41 74 68 34 82 45 36 76 46 72 34 22 89 18 56 15 95 55 14 74 89 14 68 43 64 83 35 99 86 24 36 92 86 75 41 98 95 20 88 26 34 48 63 63 3 75 55 49 11 54 4 15 3 47 9 38 43
64 66 76 47 7 49 45 52 85 85 35 70 9 99 26 56 40 48 83 83 40 19 78 31 49 94 8 41 91 42 91 22 68 53 71 27 40 85 71 88 83 45 20 14 39 98 54 32 80 54 1 94 46 55 42 29 22 62 74 87 46 95 33 75 5 85 54 64 36 61 3 1 85 64 17 50 96 15 84 40 88 91 54 0 52 7 39 33 48 79 63 49 2 28 32 12 32 16 2 83
68 91 25 3 55 34 58 94 98 4 78 22 91 10 86 0 19 34 16 79 20 74 42 48 28 77 95 90 86 78 5 43 63 82 76 77 56 64 53 51 90 95 94 11 77 36 63 77 14 19 84 99 8 14 23 29 76 10 88 53 51 25 88 0 9 50 74 81 10 82 23 38 65 66 19 80 69 20 9 83 36 98 57 27 38 13 99 95 16 18 86 97 36 98 64 2 2 65 74 58
98 50 54 36 11 48 33 20 21 13 69 41 68 17 27 32 99 72 20 69 97 25 43 60 98 14 9 2 9 22 48 90 73 19 80 57 80 46 90 42 46 77 0 74 56 16 45 74 71 33 82 83 24 30 94 32 68 83 65 8 55 30 85 64 7 93 94 52 88 91 34 2 64 6 84 62 10 32 47 90 83 64 54 83 76 65 72 98 22 49 61 43 44 36 23 67 56 33 73 26
32 14 28 55 74 85 63 21 35 30 88 99 92 71 16 71 34 85 62 3 61 55 70 42 91 65 4 10 55 74 42 90 40 47 17 31 59 63 6 7 78 64 12 39 89 32 30 62 37 80 67 37 26 34 80 64 95 92 48 69 35 76 52 34 38 47 17 35 4 61 97 47 8 52 44 19 32 55 38 71 75 13 14 51 36 23 97 41 23 33 62 60 66 90 89 29 51 48 17 75
49 95 47 93 20 87 6 7 96 61 78 26 87 82 67 99 46 10 71 41 27 65 68 30 26 63 4 43 21 35 21 15 62 35 32 0 60 68 57 36 60 0 31 3 4 8 84 98 37 90 46 60 87 71 55 80 95 53 75 96 53 43 7 49 41 79 58 36 78 54 61 38 7 78 88 83 0 47 84 20 26 65 38 41 69 6 60 11 68 80 81 33 89 85 11 3 32 58 49 6
7 45 78 99 58 20 47 46 81 29 47 3 6 51 32 18 21 96 69 92 6 96 18 17 0 97 36 64 86 63 60 11 64 93 81 44 27 54 32 75 90 20 34 94 2 29 12 77 86 49 52 57 96 82 25 62 12 19 90 30 28 1 15 25 77 29 96 47 2 22 37 96 46 8 39 11 63 0 8 57 41 7 10 25 50 72 44 70 47 93 46 86 58 70 71 1 40 20 72 58
47 11 97 36 96 16 61 33 72 84 75 57 65 9 60 45 21 99 99 16 0 85 26 8 76 63 6 0 86 52 67 68 37 15 80 12 2 43 97 12 83 32 94 90 23 88 34 68 45 65 10 38 30 39 11 86 30 97 32 49 94 35 71 88 14 20 11 42 52 24 70 17 82 64 95 40 87 89 11 41 10 39 15 64 84 51 76 80 91 67 37 15 13 33 41 54 60 12 10 76
89 14 75 91 75 43 10 60 74 13 70 27 50 83 37 60 41 70 54 93 53 22 42 14 18 26 73 68 14 11 70 66 73 9 52 47 0 58 47 87 10 83 71 52 62 92 59 7 87 18 17 74 57 70 94 42 84 82 90 48 92 31 45 42 63 76 81 80 61 41 96 86 19 45 54 73 48 72 36 91 9 48 86 45 36 6 77 24 90 74 59 15 51 68 70 31 26 19 12 2
94 11 47 16 42 77 75 78 85 31 24 36 13 14 71 55 99 64 53 1 45 3 36 1 61 2 12 90 73 66 2 12 51 39 48 23 72 43 54 99 19 8 38 46 76 71 25 50 21 95 24 27 46 57 25 79 20 39 31 64 15 82 99 84 12 35 76 55 23 54 56 67 79 14 34 83 14 2 36 82 72 75 19 7 45 96 80 24 77 66 81 79 45 7 31 77 24 67 41 9
17 65 97 72 23 9 18 61 78 69 31 30 63 25 10 45 63 51 10 95 92 36 26 46 52 16 33 80 59 2 10 94 2 95 70 67 7 93 76 73 76 84 15 55 26 72 46 28 8 62 29 43 13 80 87 1 50 10 95 71 5 69 59 24 88 69 1 84 76 34 29 40 20 14 29 78 8 23 23 29 35 32 21 42 85 38 11 67 41 26 32 10 75 54 49 38 15 85 26 79
81 11 22 80 94 1 39 76 96 69 67 35 18 6 26 50 80 22 64 35 93 76 86 50 44 11 24 39 42 15 98 8 27 87 25 12 54 17 41 13 70 13 50 8 53 83 66 89 48 96 52 80 54 10 44 81 13 5 42 62 63 14 14 12 34 8 65 77 48 37 1 92 72 24 25 57 90 39 77 56 7 89 66 95 82 2 88 86 92 78 22 69 43 73 68 50 37 20 90 85
60 37 11 30 11 14 96 47 80 93 81 52 37 31 52 53 8 63 69 40 18 40 20 63 90 81 33 33 99 22 41 91 86 24 79 58 81 45 99 30 55 80 77 45 19 7 3 91 13 80 3 17 83 84 31 30 36 22 61 3 58 35 69 94 24 80 35 54 17 52 20 97 31 64 56 48 90 46 82 24 44 78 94 30 4 25 17 11 62 96 18 23 91 98 60 57 0 42 69 86
64 97 31 57 34 63 42 29 17 28 63 76 42 5 81 0 6 70 53 88 27 56 31 98 11 90 95 59 12 2 90 94 79 51 56 48 52 11 62 44 10 20 5 49 6 51 15 38 35 4 7 7 43 85 72 26 82 81 32 67 2 27 11 94 55 96 56 57 16 36 34 96 50 36 43 1 71 76 49 67 91 10 38 14 59 83 60 60 63 99 14 35 51 15 59 97 68 49 46 84
97 67 85 15 43 18 9 62 19 82 69 53 97 5 24 31 77 91 89 9 78 30 99 28 4 67 13 67 56 21 30 16 38 66 92 69 1 50 77 68 16 95 36 76 80 12 13 38 94 32 86 57 5 37 18 69 10 88 61 97 15 91 67 35 5 85 49 95 50 89 31 23 65 80 62 15 84 44 96 99 63 80 86 9 0 13 58 14 98 12 88 6 21 12 57 46 62 44 57 56
58 27 62 85 94 78 4 64 9 24 12 99 87 55 36 59 33 44 68 48 72 52 81 72 87 37 57 31 80 42 44 27 92 73 87 74 63 66 93 71 70 25 69 14 32 42 27 88 61 14 93 15 31 74 73 79 29 75 18 32 55 84 3 1 98 65 90 15 97 51 76 1 85 34 1 1 68 31 47 84 20 23 27 57 16 99 95 96 70 65 47 52 69 40 59 22 6 2 99 90
47 76 90 28 89 46 37 19 30 92 57 87 44 36 2 96 82 28 65 78 62 84 98 89 63 28 62 43 62 6 74 33 71 60 61 44 66 75 9 66 15 65 0 59 3 52 86 27 95 91 98 93 40 72 85 87 39 15 3 9 82 4 27 34 44 61 28 5 14 0 72 52 90 79 25 79 79 3 25 46 47 21 42 71 89 86 18 16 92 52 55 64 33 39 72 79 93 66 87 87
34 27 57 86 38 96 46 66 53 77 91 94 12 58 36 87 49 78 68 80 57 30 40 86 39 5 90 9 53 97 67 85 35 81 47 97 16 83 15 21 25 63 71 35 10 70 97 55 36 1 56 44 89 63 19 44 14 3 25 7 52 54 25 17 79 21 80 76 53 0 32 0 57 24 72 48 3 4 29 60 95 33 66 90 65 90 12 79 11 33 1 11 20 79 72 71 37 83 70 39
58 23 71 7 42 93 50 60 22 65 62 7 70 30 82 95 13 10 36 14 10 92 74 44 22 37 19 66 76 43 62 27 62 88 34 18 96 96 72 87 7 10 4 0 8 11 53 39 61 36 72 88 16 21 92 82 19 34 48 39 74 8 7 16 88 57 31 23 75 99 95 9 83 77 38 41 76 53 83 31 19 79 58 10 99 55 97 37 47 53 14 63 57 34 62 62 31 15 81 98
21 79 74 70 53 34 20 59 21 24 37 67 76 51 6 47 40 12 42 67 30 16 63 86 57 64 15 70 83 87 47 99 28 22 95 2 19 56 24 59 34 35 90 8 33 1 40 25 18 1 33 12 12 73 83 92 0 96 39 84 66 80 83 85 35 45 30 71 31 20 96 1 54 18 82 85 52 65 66 71 13 58 4 59 16 13 77 92 21 73 65 6 1 58 20 62 45 41 22 54
56 37 43 2 95 29 11 31 34 54 63 62 35 3 8 22 27 4 58 38 97 96 85 35 94 30 64 51 68 54 89 33 75 96 41 60 89 76 42 31 21 56 97 13 85 27 38 60 2 51 74 63 10 69 76 39 57 70 27 88 87 74 59 22 3 42 71 8 66 76 51 6 26 68 67 86 30 98 70 5 2 90 54 45 36 64 50 44 41 62 82 41 55 58 24 17 38 77 81 89
48 27 85 17 82 53 65 18 11 2 34 31 53 94 84 93 54 7 35 51 5 70 44 58 9 82 27 63 29 83 67 61 80 15 50 92 22 23 75 83 73 94 9 33 26 17 1 67 83 1 71 82 6 28 67 33 16 4 62 59 72 73 87 18 72 41 25 86 79 42 83 72 20 90 41 43 50 50 17 12 45 62 35 42 13 64 80 8 40 72 13 81 37 67 96 47 80 78 1 56
17 58 24 4 0 71 90 66 44 14 69 25 52 83 99 17 46 38 39 88 33 37 9 24 6 88 4 2 0 41 46 67 81 64 43 57 2 20 98 35 73 70 87 41 17 31 96 85 42 15 4 87 59 4 2 85 50 95 64 5 95 98 88 24 73 71 91 25 95 82 83 7 37 59 98 52 90 57 29 65 47 60 45 1 29 3 81 55 22 24 79 76 45 97 34 24 58 23 40 5
79 47 60 63 74 58 42 43 24 41 94 77 26 50 70 2 76 86 0 43 82 70 41 80 18 14 6 37 89 22 23 0 65 61 85 54 99 78 26 56 54 54 28 42 8 26 81 57 44 51 34 27 37 83 87 9 73 37 3 11 60 87 4 53 86 59 25 55 58 68 92 80 17 50 92 94 47 58 49 78 8 85 65 28 18 97 90 79 82 67 92 0 85 36 65 8 19 24 52 54
15 55 17 65 84 82 62 22 15 37 22 86 15 40 86 5 76 75 63 58 82 45 21 24 96 91 26 90 50 74 65 62 59 8 36 62 24 46 66 42 15 99 54 11 57 26 34 81 96 88 98 20 45 9 57 41 77 9 85 13 47 69 28 52 39 26 89 85 88 38 24 83 22 62 53 10 56 38 50 91 55 13 25 18 81 67 45 57 11 41 85 16 68 48 50 16 22 47 92 2
26 56 34 12 46 1 69 16 89 96 54 56 80 62 99 89 60 5 6 57 58 8 6 15 95 85 70 52 75 90 40 51 17 6 63 68 25 41 92 3 29 26 60 81 56 25 9 78 63 12 42 54 62 15 81 92 83 76 83 76 77 14 24 72 36 48 83 34 39 71 81 85 13 47 3 77 40 52 9 90 56 35 76 73 73 75 34 0 48 49 79 60 49 8 81 80 41 60 12 30
47 93 21 37 33 3 0 14 8 50 89 70 90 56 18 58 2 70 55 96 65 95 20 89 18 3 69 49 79 30 98 27 56 89 1 37 57 0 28 90 30 7 48 1 21 98 54 94 99 31 82 98 4 33 26 48 94 8 60 28 31 71 16 92 10 14 15 41 71 87 34 31 62 45 13 30 66 47 53 70 53 42 25 71 84 90 3 36 84 75 67 76 67 59 92 54 0 17 97 75
47 47 66 17 68 92 69 24 72 14 12 54 23 76 3 33 54 9 81 99 24 85 90 35 36 4 58 96 14 84 68 54 36 20 29 25 69 86 24 42 18 5 18 0 85 49 12 85 97 91 89 90 35 63 90 9 78 38 28 75 90 3 22 34 86 53 72 8 12 97 91 41 38 30 35 75 18 98 15 75 61 45 43 62 11 10 82 87 59 30 93 60 18 66 23 73 86 69 88 91
64 75 96 98 72 27 15 18 97 95 63 77 17 82 73 68 26 72 66 74 35 26 54 2 44 79 40 37 31 64 52 96 37 32 20 65 38 19 44 16 26 71 30 99 36 16 63 7 68 26 67 63 37 18 69 25 17 13 97 11 21 31 75 86 34 37 53 46 34 89 96 11 90 76 86 16 97 3 22 81 96 88 12 18 84 33 29 46 51 68 55 51 72 5 87 46 17 41 83 96
59 85 29 28 31 59 84 30 16 1 78 79 24 56 27 92 20 49 60 14 17 70 14 48 64 36 46 76 7 29 4 48 64 49 95 31 51 77 76 51 4 51 99 91 32 72 58 63 73 33 49 79 56 87 42 32 8 85 65 15 0 94 53 69 30 69 77 5 40 22 60 4 45 91 36 45 0 7 23 2 47 10 92 83 19 75 29 84 37 47 74 92 21 38 70 29 59 55 55 55
26 80 41 64 2 84 94 65 61 73 79 59 28 56 76 79 34 47 68 88 28 99 2 97 87 96 80 12 7 46 95 41 58 14 23 14 49 87 25 56 92 67 24 79 25 5 73 72 92 65 57 94 41 68 81 83 9 89 9 34 27 38 58 31 2 66 31 26 25 25 49 21 18 24 18 38 31 1 69 88 67 61 28 23 89 33 79 83 10 93 14 98 47 35 44 80 73 91 44 69
15 9 98 92 46 14 33 13 8 52 17 63 52 78 3 79 32 44 60 68 72 45 47 75 67 26 52 36 83 16 68 45 58 65 88 92 28 48 21 65 1 32 8 63 26 42 70 98 92 69 64 10 10 66 38 97 85 95 67 69 25 14 26 44 73 95 9 21 37 19 17 57 73 89 77 27 43 55 89 20 99 66 12 91 62 10 5 92 46 41 77 27 68 18 73 26 17 63 47 68
85 62 59 93 69 87 25 32 47 12 20 79 59 81 41 17 17 43 94 29 16 36 10 13 91 47 39 33 66 4 31 47 47 44 35 78 1 76 71 84 12 45 80 30 46 70 64 72 55 36 30 1 80 1 96 95 30 66 93 18 21 56 98 57 28 76 59 15 59 77 30 41 8 97 16 90 18 45 43 93 24 98 12 19 69 14 59 28 60 65 40 4 36 22 92 68 42 50 64 9
52 0 10 49 89 8 15 11 65 46 5 63 32 20 16 46 9 30 24 17 95 67 31 69 77 54 80 34 21 2 31 17 64 88 42 14 10 40 31 71 72 39 71 38 70 54 37 47 91 41 63 92 14 57 8 50 98 62 99 27 51 98 30 4 46 76 26 91 65 16 36 1 17 37 11 96 58 11 41 59 75 52 52 12 17 40 72 80 53 49 26 98 30 52 98 35 24 89 13 3
53 95 4 25 84 48 31 9 15 87 58 4 16 83 64 0 0 25 69 44 19 71 70 65 47 55 34 89 39 52 0 83 68 59 11 33 10 45 74 42 58 14 87 5 5 1 78 90 59 24 13 60 58 17 92 20 0 44 22 0 6 33 60 40 13 36 67 76 51 65 58 77 19 31 36 45 52 68 23 15 16 92 23 91 95 27 55 72 21 90 80 18 3 9 91 55 43 44 68 84
77 29 28 61 95 90 76 40 81 22 36 7 71 77 91 74 22 19 85 0 37 6 33 0 81 58 92 93 24 58 75 18 86 94 43 79 19 76 31 41 55 83 52 26 83 3 74 81 32 50 72 45 59 87 7 24 2 69 65 49 31 4 20 31 52 16 79 55 51 61 90 62 25 75 19 19 67 79 10 0 72 5 88 19 83 75 57 28 0 91 37 15 53 80 31 73 92 56 64 72
8 76 34 30 6 84 37 96 27 27 59 44 23 99 31 38 27 40 11 73 71 93 18 72 45 97 92 2 54 96 34 22 3 14 6 65 75 35 16 35 3 40 70 82 8 17 95 90 92 2 45 34 78 56 71 4 80 50 17 39 42 89 14 83 17 51 89 77 94 94 71 16 54 62 73 99 23 75 64 15 42 61 78 15 95 88 13 46 49 9 54 30 55 31 27 10 99 1 21 95
62 97 31 69 55 97 94 79 88 96 32 17 14 60 99 84 64 68 45 47 72 43 18 46 58 55 26 66 84 88 26 18 88 7 79 60 30 37 99 12 32 30 49 3 53 78 11 41 86 8 99 64 38 59 43 5 71 56 49 67 41 46 79 95 89 83 17 93 0 21 58 26 97 79 89 42 69 38 3 7 28 45 16 80 68 72 58 11 89 36 3 54 42 46 87 21 19 93 49 39
61 16 38 47 69 64 44 48 21 46 55 34 63 57 46 45 11 1 95 30 27 80 73 97 60 44 2 68 10 37 1 91 89 21 18 80 33 4 47 99 26 53 49 51 31 5 72 41 52 85 17 84 86 46 48 12 89 59 55 35 57 1 54 48 66 1 33 17 54 31 11 65 94 42 30 21 27 95 67 81 56 28 73 72 47 94 86 13 94 70 16 23 6 36 14 13 31 42 37 74
82 17 6 72 82 45 66 36 10 72 62 19 32 69 71 11 86 28 90 87 74 40 81 42 89 60 90 28 59 33 0 41 82 42 46 90 85 74 55 27 41 36 53 96 22 74 93 14 22 71 17 89 67 73 80 32 66 88 18 26 64 73 16 74 94 70 15 41 38 88 46 7 48 80 22 8 18 56 11 79 82 59 11 67 66 82 14 16 0 83 94 12 27 0 55 95 5 67 6 38
54 79 81 31 9 57 95 96 1 17 54 12 95 67 59 12 68 90 14 80 60 37 36 68 43 49 20 31 65 28 97 43 79 86 76 88 63 73 7 64 3 22 76 73 10 53 76 30 42 61 27 69 44 72 78 82 6 33 44 65 7 40 39 53 81 32 13 13 52 97 15 23 4 86 66 44 38 29 7 39 27 41 26 20 26 67 77 2 7 51 5 29 12 68 79 16 53 84 64 31
77 10 15 55 38 95 77 27 21 63 63 98 56 41 47 9 31 17 56 19 62 17 68 1 84 60 7 61 49 44 42 14 87 61 96 9 40 56 78 64 26 96 77 47 95 34 44 28 37 4 66 68 65 16 50 45 55 86 21 61 45 62 67 75 95 68 17 15 9 55 32 80 62 89 86 90 23 79 82 90 98 5 74 60 65 88 13 68 21 95 23 22 18 69 72 83 8 24 6 27
96 59 3 57 21 0 39 86 21 72 39 52 90 18 74 36 71 31 81 99 90 0 42 89 60 45 18 97 91 46 86 94 21 35 85 27 51 74 28 77 96 21 48 69 90 17 31 48 74 38 80 3 71 86 71 87 7 3 49 35 57 34 28 47 11 86 53 93 45 72 45 34 30 49 55 69 74 29 41 61 4 46 3 7 71 49 48 78 0 3 58 61 75 66 23 18 69 29 44 73
60 11 66 32 44 13 2 55 40 36 17 87 6 21 7 65 33 49 38 49 68 90 89 0 10 13 87 85 57 84 61 74 61 44 55 48 1 61 39 34 58 7 9 34 42 67 24 35 86 0 63 23 38 56 58 77 81 78 86 35 20 93 1 84 88 48 0 85 26 0 62 65 45 46 35 93 21 52 5 89 30 78 40 94 66 27 4 81 51 63 84 61 17 66 10 95 50 53 67 19
49 3 68 38 61 77 48 36 47 68 86 49 38 52 55 90 1 76 56 53 37 61 20 73 91 47 62 45 44 86 83 76 78 29 43 74 41 40 27 50 0 11 80 39 87 48 53 57 60 61 34 2 50 70 13 48 60 11 64 91 92 42 44 25 96 75 74 56 35 24 85 90 36 88 92 74 18 34 64 72 46 89 74 44 50 31 82 90 28 80 81 6 20 86 46 8 81 53 82 73
88 18 11 60 17 49 64 62 9 22 40 75 76 99 71 64 42 1 1 28 26 69 94 95 39 66 43 83 55 86 80 4 39 90 31 17 63 39 36 42 88 12 30 37 40 80 56 9 79 37 71 30 80 52 79 43 74 71 28 1 48 35 63 17 43 92 99 0 25 87 43 39 59 47 76 39 88 5 90 97 6 15 27 45 98 61 8 86 97 93 42 2 5 53 17 93 22 85 9 86
96 4 28 48 59 95 25 87 34 96 91 63 17 69 56 72 83 97 79 5 4 30 3 42 96 51 52 81 40 92 32 70 29 22 84 41 38 63 81 47 96 9 76 16 42 60 56 54 79 83 73 47 3 7 69 37 72 9 63 75 0 82 84 68 97 44 24 1 65 29 72 5 47 49 41 32 64 61 4 89 31 27 31 70 31 20 12 41 27 91 18 13 68 66 7 50 65 30 65 80
59 3 45 57 4 5 52 69 49 79 64 79 78 14 54 14 2 13 31 42 3 3 65 5 28 29 89 92 97 0 53 80 43 9 85 13 37 16 72 3 12 91 7 95 63 33 40 97 70 69 83 86 5 63 67 86 49 82 0 54 79 67 0 63 29 98 59 42 98 56 8 94 3 13 67 66 79 12 32 33 27 37 40 25 49 4 66 90 88 43 56 92 76 95 49 82 16 79 87 23
85 48 81 77 17 88 13 2 32 92 98 80 16 78 69 90 34 98 65 53 14 35 3 79 6 75 70 44 26 81 37 41 24 0 27 72 35 5 50 32 27 20 37 10 77 35 42 95 38 5 39 41 59 20 39 67 42 38 73 83 61 34 44 91 73 69 20 26 82 34 49 72 89 67 5 2 15 30 68 50 38 51 71 97 87 48 45 61 45 82 50 79 78 84 53 15 65 48 18 77
13 98 93 21 99 72 74 65 94 88 46 22 58 25 11 26 99 36 49 29 8 30 44 83 98 23 91 67 57 80 33 42 30 62 56 71 61 11 5 84 50 84 55 97 38 6 61 88 55 73 20 27 40 9 38 79 38 50 61 95 22 92 36 33 14 47 2 58 89 92 55 87 40 13 52 88 32 12 89 29 24 47 75 59 67 60 71 64 61 55 60 53 50 61 74 94 87 70 11 20
25 70 7 44 9 87 11 50 27 76 59 32 55 98 22 50 58 68 81 60 64 29 27 39 89 2 20 65 4 13 33 99 79 98 23 85 80 59 76 37 95 46 95 95 81 98 19 58 77 17 73 42 78 99 10 54 98 77 43 76 58 12 59 51 91 86 20 45 75 70 48 69 55 10 63 29 43 50 65 99 65 71 7 0 0 86 59 87 35 37 12 53 20 72 25 89 24 6 80 39
55 17 84 33 78 45 86 88 34 21 16 3 34 84 15 20 50 89 52 30 60 80 10 66 2 9 39 55 77 1 74 51 92 55 39 8 1 94 75 20 80 94 18 94 5 28 46 91 49 99 31 9 76 42 91 84 43 16 26 9 26 35 19 60 60 17 15 10 79 64 90 43 34 42 73 97 52 49 30 40 28 28 79 49 82 9 44 74 18 52 13 44 87 59 55 80 53 59 47 69
52 53 28 46 5 39 27 61 81 52 69 89 54 69 12 60 60 54 99 6 79 58 20 33 11 7 49 37 28 36 10 26 45 0 29 18 2 80 85 23 38 4 53 38 92 86 96 44 81 98 42 99 15 0 93 94 92 10 27 56 73 94 51 54 86 57 14 98 15 42 47 81 29 66 4 73 77 16 96 36 41 3 70 81 38 31 54 82 13 49 24 91 1 97 44 14 52 95 46 51
7 55 73 1 76 49 42 98 28 9 44 60 18 77 57 80 95 86 73 6 5 13 66 62 67 71 75 19 43 22 13 72 45 10 70 46 97 98 74 93 74 86 30 22 57 17 56 37 7 95 73 73 45 1 71 31 13 76 48 40 76 40 39 8 42 85 6 33 1 94 14 0 9 22 30 14 78 72 23 49 29 24 52 55 61 37 82 94 32 4 16 26 9 14 21 17 41 1 51 10
25 91 20 26 75 56 41 52 10 26 59 25 36 40 38 78 82 15 17 4 66 2 42 52 81 76 85 39 4 96 34 64 77 65 66 80 68 26 57 41 49 15 88 84 36 4 63 43 95 68 52 15 20 14 74 97 90 51 76 97 44 32 38 47 22 3 29 27 64 30 63 55 44 62 54 66 8 86 64 69 38 61 21 52 9 62 61 35 86 2 66 29 71 21 10 32 77 4 8 77
81 7 50 53 0 41 41 67 60 3 6 56 17 10 47 6 21 31 77 67 94 9 90 36 65 78 0 96 44 13 65 85 54 50 67 11 21 64 22 9 22 89 40 81 42 27 96 58 15 3 85 62 55 69 4 57 79 2 24 20 59 74 90 91 44 39 84 88 58 94 35 27 52 82 70 13 96 87 58 20 36 95 12 37 4 21 74 74 61 76 54 22 73 18 95 72 66 97 91 7
2 81 76 83 73 43 63 56 20 24 44 7 60 36 62 50 64 93 82 39 4 97 28 10 48 62 29 32 48 81 13 67 86 29 23 4 40 94 65 19 34 49 25 35 60 63 49 28 64 83 67 23 19 29 93 65 93 44 18 1 7 89 62 84 22 76 87 48 23 85 62 2 70 92 79 36 1 40 45 12 88 53 78 93 37 81 64 39 8 80 36 76 61 90 98 45 61 16 80 94
18 84 48 22 43 72 70 9 58 9 74 33 46 57 64 15 30 10 16 92 70 44 92 75 51 90 30 97 73 27 17 52 86 93 31 45 39 95 55 86 55 60 11 9 72 93 86 81 62 49 95 45 27 73 48 19 4 14 34 60 56 42 35 8 14 92 53 62 29 64 15 30 41 30 16 69 41 73 46 59 66 61 56 56 31 1 63 42 11 13 95 62 74 31 43 81 3 97 49 79
8 32 0 55 75 19 93 3 16 29 53 71 36 18 29 30 89 15 54 25 30 3 80 97 12 16 95 20 75 58 17 29 62 65 19 71 50 46 71 33 24 33 5 93 61 1 5 43 40 34 93 50 23 19 31 14 59 9 86 12 18 73 19 22 60 39 37 54 30 13 11 14 47 50 0 83 66 33 50 3 57 19 21 85 4 6 86 28 20 71 77 24 41 26 9 9 62 54 5 43
27 7 37 54 44 13 74 35 90 28 45 25 76 0 90 94 23 23 22 56 47 6 42 68 64 55 85 72 67 86 16 58 83 18 95 68 0 22 54 49 86 70 46 40 47 36 27 66 74 81 23 76 99 67 37 87 27 43 61 44 71 48 82 47 97 90 35 45 94 68 54 39 43 18 76 21 12 95 32 77 22 98 80 16 25 97 4 71 30 31 69 52 63 89 41 58 66 91 17 53
98 87 74 59 37 34 35 37 9 60 85 68 59 89 6 62 72 92 91 97 95 65 89 81 35 8 81 30 48 10 43 57 93 32 44 49 6 34 42 39 96 61 97 57 87 74 83 97 23 87 98 93 49 52 95 70 25 5 99 17 63 78 16 72 24 74 79 20 46 69 96 57 5 31 71 71 20 8 29 60 48 70 53 24 40 61 30 27 80 42 77 33 5 17 19 32 63 26 68 48
40 26 64 38 23 86 94 3 18 46 96 32 94 18 5 12 71 30 15 71 48 42 87 21 87 10 28 94 7 95 80 6 1 57 95 91 86 35 56 96 40 25 87 49 93 61 54 68 63 13 64 2 91 6 20 50 9 1 35 57 5 56 3 13 54 34 60 76 17 7 87 48 26 74 2 35 93 69 91 62 42 43 43 88 27 57 41 34 54 12 14 12 95 52 2 13 31 23 14 5
70 12 30 51 4 48 9 67 19 64 76 11 49 23 43 90 91 9 66 78 99 96 99 15 83 19 6 71 92 91 82 68 11 17 25 42 14 88 32 58 53 60 35 90 81 41 80 96 31 61 65 49 65 3 90 89 33 38 17 9 83 35 78 96 20 57 32 90 74 5 82 68 50 22 80 75 47 12 21 95 17 16 97 69 83 82 88 41 95 6 45 48 2 29 38 33 19 64 70 3
50 90 89 40 64 55 59 5 61 44 38 66 85 24 56 41 85 99 49 17 44 41 70 91 3 11 86 45 24 22 80 61 70 48 83 65 10 21 29 72 49 27 81 94 0 51 56 86 24 89 72 72 57 4 26 24 18 79 22 50 21 54 25 73 49 57 79 62 49 67 53 34 86 50 78 16 46 74 34 22 17 20 97 69 5 49 9 37 10 22 35 71 72 20 95 62 46 54 3 94
95 98 22 56 64 40 63 87 42 98 75 54 12 99 46 3 78 1 18 85 41 74 43 15 37 57 61 71 48 44 36 1 48 58 5 73 68 33 27 69 81 3 71 96 84 87 75 50 26 50 9 56 78 91 53 80 32 29 32 96 71 32 81 62 54 43 19 80 0 56 92 53 94 9 98 15 47 51 57 38 37 85 85 78 12 54 52 86 4 10 50 44 90 88 57 81 89 44 29 43
6 52 14 99 44 71 20 5 5 31 90 51 27 36 5 44 12 99 22 24 33 93 6 17 1 24 24 99 66 0 70 45 42 12 7 2 36 1 15 78 12 42 30 45 65 54 15 64 93 69 72 43 59 18 84 20 95 11 22 28 72 97 94 41 62 49 96 89 59 7 37 89 73 92 44 3 18 8 16 40 25 90 9 49 37 28 24 92 66 7 43 14 20 72 43 56 28 82 89 30
53 64 87 76 55 32 97 6 22 12 43 69 45 80 22 39 13 56 13 66 42 23 26 22 42 52 49 92 45 56 84 85 93 11 19 36 35 24 57 31 76 75 77 71 19 70 95 51 24 24 8 49 39 0 76 46 90 21 52 74 27 80 89 69 13 63 72 16 66 44 27 74 70 76 83 38 5 65 49 51 31 77 67 34 46 24 8 49 72 4 54 6 82 95 75 44 36 62 22 37
70 98 3 3 23 64 65 13 61 14 1 30 64 44 27 29 23 60 18 19 14 78 86 69 21 63 53 41 47 39 59 35 55 72 54 25 59 80 57 90 65 19 56 38 8 12 85 19 38 10 77 59 38 14 8 27 0 83 75 93 79 15 96 36 62 4 31 88 3 14 27 41 64 64 17 38 98 36 24 44 21 95 49 95 76 37 34 73 77 33 57 13 27 14 92 49 30 80 1 7
1 75 18 68 50 62 27 87 50 71 45 12 41 72 41 13 98 14 76 89 4 34 33 78 92 10 11 87 87 56 99 7 64 89 7 81 59 39 30 39 15 27 43 26 18 59 64 23 77 67 18 35 32 42 28 50 42 94 98 11 75 6 14 0 46 32 85 96 96 36 59 74 52 51 91 49 49 2 36 40 69 9 16 67 54 63 63 18 4 70 85 3 84 93 95 85 33 73 77 65
81 33 51 57 33 33 60 82 62 57 96 98 21 9 18 71 65 95 77 65 77 72 17 60 28 68 85 65 66 51 66 27 28 11 86 12 72 36 60 71 3 97 52 87 7 77 12 32 46 90 80 60 76 9 11 14 34 86 74 5 92 77 63 84 40 20 48 31 74 56 7 45 36 51 49 12 86 80 0 20 79 51 25 75 93 31 29 78 62 62 84 97 28 57 87 2 38 90 13 3
14 0 13 70 74 59 64 78 85 76 95 3 83 41 18 29 88 29 87 16 43 35 77 64 62 42 76 39 6 55 66 69 41 93 3 31 39 59 25 5 8 79 45 93 77 29 32 54 3 47 82 39 57 70 85 79 74 6 23 97 65 9 36 99 4 12 59 45 37 99 57 60 70 46 78 1 63 52 67 85 6 30 45 25 15 77 67 20 78 41 35 97 79 82 62 99 2 36 83 88
66 64 51 21 55 89 78 33 42 9 22 83 50 92 22 64 84 60 94 36 98 88 21 82 70 43 79 43 68 36 89 58 49 43 57 60 1 13 79 1 49 73 96 72 68 8 76 31 30 88 52 51 64 83 99 43 76 32 31 24 62 75 22 53 84 10 7 59 7 77 93 62 14 35 16 9 87 37 17 77 82 91 78 86 28 33 34 70 17 6 14 35 10 40 97 83 30 32 57 38
68 87 53 85 51 68 85 74 63 60 58 52 27 85 15 6 17 16 96 31 1 27 33 75 44 1 67 1 9 9 56 27 33 2 86 36 68 20 59 92 53 56 91 51 32 14 95 95 99 7 45 72 47 57 95 76 91 91 14 61 40 26 45 40 89 75 15 97 4 24 49 68 1 89 90 84 78 30 43 55 82 29 46 43 30 88 21 61 67 12 65 1 88 45 71 96 71 14 78 0
92 47 44 62 53 30 45 70 40 79 16 29 34 24 97 49 61 99 84 23 8 65 34 51 54 7 35 49 92 72 76 94 45 49 67 75 99 2 11 58 67 33 52 48 29 57 95 33 84 31 73 28 22 11 88 68 73 74 61 52 5 59 47 36 66 76 46 71 35 46 92 74 13 32 60 8 21 41 19 67 98 89 79 46 67 47 40 89 47 83 91 42 86 77 63 1 90 76 15 16
56 18 38 89 69 56 19 64 35 83 40 89 9 74 14 6 54 16 64 18 1 32 4 50 42 84 54 24 40 40 44 46 68 5 81 18 37 24 19 59 93 66 57 48 7 35 42 76 70 35 37 33 64 90 60 39 46 83 52 63 16 67 86 61 32 71 86 34 25 14 8 66 57 42 57 83 57 42 48 66 37 55 4 18 73 31 71 65 93 35 70 88 10 56 55 41 22 23 28 22
57 12 85 68 3 62 0 24 31 0 26 61 84 41 74 22 4 95 95 60 87 93 95 97 37 18 26 87 24 8 99 41 26 81 97 52 15 22 31 20 57 66 89 73 54 76 31 41 29 69 56 47 48 66 10 52 0 22 60 92 42 32 38 26 52 61 80 35 7 44 11 90 86 9 8 21 26 97 79 26 95 0 87 74 45 11 47 48 79 58 56 30 47 99 81 3 85 89 10 10
67 70 82 98 0 86 79 37 72 47 6 19 31 29 3 75 55 38 53 95 38 25 28 72 32 87 43 40 15 48 86 25 34 90 49 57 32 47 10 95 35 59 80 4 75 48 91 57 50 54 95 39 64 54 3 33 10 35 19 12 20 36 40 72 88 92 94 56 15 61 30 67 25 60 60 96 36 85 34 9 0 23 77 99 32 40 51 36 26 67 20 1 32 66 67 22 75 38 6 7
59 68 33 0 56 5 40 48 68 17 53 40 12 53 88 28 85 16 30 6 97 33 16 13 29 86 82 64 49 60 44 29 46 61 38 25 89 32 16 81 79 1 79 41 84 9 81 7 52 36 68 86 74 79 26 25 57 26 4 84 50 91 25 43 60 89 81 82 16 43 78 46 61 34 44 67 92 53 62 57 81 98 59 77 40 40 14 54 69 71 59 61 93 11 29 3 31 82 24 78
58 11 25 3 46 39 4 52 99 1 19 75 5 77 93 12 14 60 24 56 94 59 17 92 95 22 37 45 13 5 95 67 99 12 5 30 85 72 81 43 85 18 68 6 24 0 4 42 2 35 28 43 33 0 47 41 16 53 93 65 80 40 52 53 29 79 86 58 56 58 36 62 10 25 25 24 18 28 46 55 52 81 10 28 74 24 98 9 35 76 86 20 54 83 71 20 29 86 45 27
92 52 59 92 94 37 4 50 86 76 96 21 53 31 68 98 33 55 9 37 43 67 60 55 52 78 62 87 72 52 82 71 39 20 94 86 29 30 41 92 8 54 78 55 41 50 43 8 28 5 38 26 65 71 53 57 61 66 0 90 46 75 67 20 33 52 78 7 11 23 39 7 27 30 14 12 48 81 73 1 70 98 21 89 6 10 55 26 36 69 98 83 13 87 2 41 10 93 16 84
97 94 46 91 67 26 0 4 60 14 72 56 76 16 53 21 24 4 91 82 28 83 87 71 83 33 14 92 34 5 71 4 94 16 45 94 65 27 9 42 8 78 35 53 19 73 97 0 23 20 37 89 27 19 36 62 14 81 71 2 53 50 88 17 61 23 84 57 38 25 13 2 87 64 64 76 93 8 14 10 78 52 49 8 44 44 84 50 45 54 25 84 79 3 35 77 47 91 19 78
