100 100
87 41 5 41 25 6 9 9 42 32 66 30 21 22 50 82 89 13 24 6 62 75 54 49 92 57 33 78 32 83 2 31 79 52 3 25 59 44 84 82 65 34 74 76 65 32 77 22 71 81 4 41 37 85 44 36 87 46 86 64 82 35 76 20 68 32 27 25 64 33 37 12 73 32 75 8 53 65 81 31 78 83 63 87 19 62 59 19 26 10 99 30 60 63 30 51 4 67 41 14
47 50 39 60 37 88 23 81 18 12 33 93 65 7 15 0 62 69 28 2 36 28 47 16 70 71 46 20 6 21 29 83 43 71 83 91 67 8 34 29 95 14 82 49 26 48 34 84 72 2 12 57 99 29 11 89 90 33 95 71 3 49 78 53 65 4 11 60 60 17 77 26 70 50 87 34 41 27 48 11 58 48 51 27 17 76 77 28 35 91 93 50 99 25 85 9 69 54 76 27
70 38 87 81 59 61 89 52 57 38 53 70 21 49 34 45 96 60 60 25 47 91 78 89 62 5 83 60 50 5 27 89 6 15 95 51 8 84 98 66 97 19 62 36 57 10 95 90 55 34 53 12 5 31 11 13 46 8 4 23 63 33 15 48 58 45 99 81 16 26 9 18 81 45 67 70 91 15 37 60 65 58 1 16 69 48 4 69 31 22 50 33 66 45 30 98 42 46 43 73
91 51 40 73 86 52 35 39 33 78 75 72 6 79 1 35 36 16 74 82 84 40 8 76 91 33 56 36 73 47 33 75 21 4 98 88 23 78 27 64 58 20 8 86 53 36 28 43 37 81 18 38 59 14 73 51 37 66 56 99 62 99 74 93 78 44 71 7 39 38 40 91 20 62 15 58 85 77 81 19 41 13 15 92 7 43 10 51 92 0 82 27 43 14 28 41 42 22 40 75
50 14 74 91 76 50 80 11 24 21 60 98 2 87 58 94 21 78 29 78 75 12 7 54 14 35 6 96 54 64 20 88 94 83 26 76 50 8 30 39 91 30 62 51 17 86 2 51 1 52 94 69 6 62 85 16 16 18 77 96 90 94 25 58 5 53 9 53 9 6 17 30 94 8 10 86 15 35 42 5 45 44 51 65 4 79 34 90 27 50 2 54 61 72 57 10 24 42 94 90
75 59 2 19 38 34 0 78 73 50 17 40 68 60 88 89 1 74 44 58 87 87 3 97 44 67 25 96 25 69 78 17 54 55 88 56 58 9 72 25 52 21 38 15 41 35 10 57 92 72 14 94 42 18 44 32 25 44 79 43 68 74 76 45 96 0 57 14 82 33 17 18 61 18 37 17 58 77 48 13 2 77 4 75 22 57 44 41 82 84 78 21 80 65 44 17 75 92 47 11
15 9 92 54 45 19 47 47 28 13 89 90 79 57 27 21 35 52 14 90 82 23 81 35 56 89 14 75 94 18 45 59 49 68 79 56 0 63 6 21 92 81 33 89 18 51 52 56 92 29 21 75 8 26 58 48 91 26 70 60 24 83 9 40 0 20 50 33 9 35 80 4 63 33 68 97 3 11 37 94 53 53 71 84 10 73 37 18 35 10 36 35 54 50 17 7 66 33 74 52
6 65 19 70 95 72 84 13 74 61 94 58 99 18 25 91 80 77 60 75 67 72 96 28 78 23 32 7 11 31 36 47 68 62 35 76 70 3 94 14 28 82 66 10 33 63 31 71 54 29 81 7 4 16 36 7 97 39 4 35 82 26 89 43 23 65 99 73 21 23 0 34 32 22 38 17 0 7 91 38 38 65 74 87 27 9 14 78 58 92 90 3 36 64 30 10 90 28 75 37
66 26 65 78 74 35 73 39 37 20 42 13 57 56 80 8 36 4 52 3 4 85 96 47 4 6 93 43 44 20 71 25 83 36 22 55 28 40 68 42 43 3 75 16 33 27 65 59 30 85 51 51 63 1 55 46 79 26 79 65 5 56 11 55 92 64 5 35 47 8 38 33 79 10 65 79 84 97 15 16 9 37 41 66 49 2 17 75 22 41 5 52 47 54 44 14 79 93 3 37
90 73 24 24 88 84 37 87 53 51 50 59 5 42 43 69 98 51 74 83 97 61 76 92 42 11 71 89 36 83 43 38 61 68 30 22 49 22 50 45 55 28 61 22 34 98 64 75 23 65 5 86 34 66 85 55 19 12 91 24 24 9 92 4 78 83 78 37 40 61 13 71 55 39 78 52 76 68 16 44 98 83 47 98 15 6 38 6 53 57 86 99 68 13 92 54 71 57 94 24
45 97 16 5 68 11 59 14 81 46 56 49 64 70 91 79 81 31 2 25 82 16 20 38 73 89 11 42 0 85 15 42 73 21 98 57 87 52 5 2 93 54 60 76 61 34 5 11 67 41 81 64 41 9 66 41 64 93 27 67 0 55 25 44 3 85 28 66 32 46 1 84 9 64 10 45 85 81 76 95 67 61 15 27 27 12 60 40 53 75 31 7 49 6 10 88 61 89 21 99
25 69 78 73 56 42 15 58 72 86 88 82 15 44 3 68 89 85 77 78 33 33 61 79 66 22 46 77 17 97 74 56 92 29 4 23 96 18 53 69 2 88 10 16 96 0 54 23 37 28 34 18 89 2 54 24 27 34 5 19 6 76 27 22 91 36 3 40 50 81 40 83 33 22 23 16 81 44 61 63 88 60 18 75 48 59 26 14 12 61 88 15 78 58 47 25 58 96 89 33
61 3 23 74 61 58 67 69 90 74 96 72 20 26 39 70 35 55 84 91 75 70 88 74 66 32 48 28 89 23 35 81 66 79 97 38 94 80 5 63 75 73 44 48 66 21 4 11 73 73 50 23 34 64 67 45 91 59 18 48 34 86 60 25 0 3 49 62 68 85 28 29 28 37 42 35 29 53 23 3 97 14 16 87 98 87 71 89 80 5 89 93 30 74 47 90 32 59 26 19
75 4 70 24 22 21 60 72 15 17 37 75 92 1 32 83 6 69 61 56 14 12 19 30 45 87 81 24 9 42 29 92 18 51 57 23 66 25 97 77 1 99 66 39 66 15 4 65 99 78 70 5 2 84 3 75 59 60 13 74 42 7 27 22 98 97 76 51 92 87 6 43 19 12 91 72 35 49 28 4 12 13 90 39 77 2 16 9 63 94 54 71 11 34 7 78 18 70 76 30
66 14 45 72 75 45 55 19 44 97 44 66 99 11 78 67 23 63 68 16 85 34 84 58 85 29 34 55 16 76 83 55 24 33 50 25 82 43 87 27 7 56 19 31 72 84 93 93 16 41 93 55 41 57 99 27 88 41 52 96 21 49 50 91 30 67 33 4 27 17 62 2 74 61 51 16 73 81 51 28 4 84 64 43 11 86 67 90 70 6 95 39 38 23 27 3 61 38 10 48
58 68 70 86 19 44 99 46 70 73 9 27 98 20 25 79 37 39 29 74 10 21 35 86 52 34 57 4 21 92 45 71 96 43 25 71 63 17 38 29 74 64 78 53 0 1 56 75 55 90 3 40 53 39 49 7 61 40 0 27 71 51 28 5 76 19 89 21 11 77 44 73 85 28 50 63 49 63 59 32 41 67 33 24 57 86 10 53 33 71 74 32 95 90 77 88 10 2 25 37
18 41 94 14 61 71 63 22 93 21 68 23 88 63 45 8 74 11 6 12 92 2 30 23 81 41 55 59 72 60 75 32 84 7 99 79 14 12 81 39 87 79 91 11 7 84 47 14 53 53 87 74 18 52 47 5 30 14 24 92 16 77 62 41 67 29 60 72 28 99 5 32 16 69 64 92 53 13 36 22 72 36 26 31 84 7 56 55 98 55 19 45 13 35 18 49 26 33 48 80
5 46 3 12 43 17 45 58 76 5 40 15 90 95 17 97 13 71 79 23 50 18 49 41 11 14 35 54 90 46 10 7 34 87 72 0 81 31 21 89 99 99 86 46 25 13 91 60 58 35 8 59 46 69 15 71 29 25 46 40 43 52 98 39 83 71 23 62 93 17 49 68 12 67 86 34 60 98 62 47 10 79 97 60 56 11 68 20 64 65 21 87 48 81 27 22 26 66 83 70
11 15 15 22 6 77 55 80 70 76 91 28 33 94 85 47 88 39 74 25 37 97 3 6 83 12 53 76 78 98 38 93 87 65 18 89 20 85 46 15 80 12 82 29 15 33 40 64 55 11 22 46 49 52 51 88 10 4 82 27 72 13 83 9 64 98 90 6 17 57 23 64 37 53 97 91 56 80 32 7 55 57 44 76 73 62 27 92 67 63 97 66 52 60 11 40 76 45 26 27
84 3 43 44 22 4 5 30 71 53 30 66 86 98 63 66 70 12 90 47 82 13 14 37 89 6 21 18 65 83 46 62 61 55 76 80 72 15 42 41 27 25 20 9 76 3 70 77 20 24 28 86 17 15 66 43 31 67 50 69 37 93 86 46 87 48 42 51 40 11 10 20 93 73 55 76 48 65 22 63 92 55 12 1 33 90 4 82 67 75 33 29 29 52 8 24 83 47 79 58
69 30 94 8 29 52 22 8 4 99 69 68 31 34 67 24 83 87 32 6 29 59 85 80 7 48 33 74 45 82 30 17 99 97 5 62 90 94 43 93 32 74 97 61 68 13 83 34 26 55 57 5 2 57 13 11 94 17 9 41 76 22 58 77 95 16 44 59 57 30 93 44 46 60 11 81 63 47 33 90 71 62 76 18 78 56 47 11 8 8 95 7 32 59 88 69 2 97 1 8
96 40 45 1 43 8 25 24 65 98 35 84 43 17 76 66 19 47 98 74 46 74 70 80 3 33 72 68 22 95 72 6 42 25 46 50 90 50 95 40 2 68 21 24 73 39 70 12 57 16 45 43 74 82 74 10 8 71 77 92 19 82 97 5 1 6 8 80 33 25 61 64 95 51 46 41 17 30 46 46 6 52 40 68 51 57 71 29 28 53 0 18 50 44 35 9 86 50 32 51
33 32 28 67 94 12 12 19 94 88 54 93 17 85 46 99 80 42 28 18 50 9 10 26 16 1 51 99 72 16 56 1 27 8 59 38 43 96 19 54 56 41 6 49 38 45 90 92 78 90 37 98 46 28 11 71 41 51 40 76 82 26 19 68 10 25 4 83 68 53 47 31 78 1 12 41 13 51 51 51 73 77 42 45 76 10 33 73 80 43 63 36 88 72 68 38 51 22 46 57
92 96 56 35 75 50 32 8 4 17 69 91 30 41 10 28 9 27 47 37 43 68 23 66 49 29 67 23 22 52 79 14 71 78 12 77 41 46 55 15 30 96 76 22 95 47 11 82 77 16 2 97 51 84 50 67 64 12 55 62 62 64 4 86 56 1 42 57 19 58 10 84 42 31 55 64 71 75 33 89 52 98 97 86 18 60 28 98 56 45 8 41 62 99 54 89 88 42 10 40
93 21 93 56 11 51 26 86 15 35 18 2 43 19 63 29 48 44 28 50 80 59 41 50 73 20 45 47 3 7 18 63 99 22 21 72 57 74 53 65 58 5 22 82 26 20 81 60 72 63 85 45 53 21 24 52 46 63 49 49 78 17 39 71 73 5 17 88 85 49 77 76 56 0 8 65 91 23 26 70 96 38 86 55 12 75 36 87 86 14 92 24 87 5 62 66 12 7 12 4
59 11 77 5 62 51 48 49 22 57 23 71 84 34 88 47 96 23 26 96 41 8 82 47 97 50 76 94 70 13 78 25 97 75 52 85 23 31 71 17 94 91 48 93 57 28 65 62 54 16 18 69 14 61 54 65 75 34 67 50 73 41 80 49 85 39 29 60 3 85 15 69 2 10 32 4 30 6 71 6 77 84 29 25 92 18 48 51 29 14 50 8 58 49 61 71 32 24 0 69
31 99 19 96 9 0 8 49 57 80 38 72 54 82 13 5 13 27 6 83 73 37 17 79 43 68 44 22 29 36 75 65 73 89 35 64 25 71 76 23 17 40 90 92 54 62 34 5 47 47 97 47 11 59 20 91 18 58 67 24 50 50 73 48 33 13 62 35 5 96 88 65 12 15 89 4 34 73 65 21 10 72 67 65 57 11 68 96 58 97 31 80 70 22 24 28 69 10 11 3
76 77 67 73 4 78 99 49 73 87 5 24 93 79 13 46 66 69 57 1 70 81 89 79 8 22 7 14 48 67 88 65 90 42 46 52 60 60 85 99 25 42 25 63 30 11 80 68 1 64 24 26 55 62 46 32 99 2 5 26 16 7 10 4 95 59 33 81 38 99 27 94 4 20 44 88 77 73 89 79 24 11 19 81 1 5 92 31 88 75 95 31 92 2 40 16 41 78 0 7
86 6 63 25 90 44 20 0 25 64 85 27 4 64 15 80 1 69 57 36 50 28 48 8 98 11 46 38 3 1 99 63 75 66 59 22 63 3 75 29 36 22 9 10 58 93 30 63 91 18 89 80 31 62 71 36 1 49 95 23 32 70 2 13 50 55 0 80 56 96 36 29 1 8 1 57 16 94 79 60 20 53 66 8 25 48 58 3 88 71 55 28 32 88 65 22 12 87 11 7
43 12 15 8 27 2 23 31 6 13 57 67 41 65 20 32 60 14 83 48 63 90 41 29 60 61 19 48 19 80 96 93 40 24 95 75 47 33 6 55 71 5 34 58 26 28 95 20 24 58 98 20 70 14 73 60 53 63 83 59 16 59 10 10 42 13 59 16 54 29 27 69 4 13 90 10 6 96 30 2 8 84 75 66 43 10 59 85 76 30 7 81 90 72 50 31 77 19 32 95
63 94 8 4 12 71 61 64 43 44 59 7 74 59 62 48 75 94 15 80 2 77 35 65 48 32 73 78 89 11 54 78 96 10 40 89 8 34 20 4 16 21 48 19 50 6 64 74 17 45 95 56 10 40 95 81 22 96 39 96 48 90 75 83 89 63 32 77 19 37 79 64 40 37 44 65 53 7 57 67 3 45 55 97 11 45 13 36 96 52 82 47 76 7 78 56 34 95 84 97
29 67 15 61 9 66 63 26 28 46 16 45 93 41 41 25 2 95 57 18 63 44 98 34 11 16 22 71 31 83 90 37 39 77 25 48 58 82 89 63 22 65 80 43 52 37 0 91 36 96 97 67 99 19 66 47 83 47 18 54 81 34 60 42 57 8 1 98 59 20 7 86 78 56 27 42 42 5 16 93 29 90 97 66 75 90 93 36 26 1 20 34 90 20 66 45 11 47 33 9
34 50 59 35 53 62 94 37 50 26 72 11 81 29 30 60 78 40 76 6 6 79 49 18 10 25 25 20 89 8 38 37 0 94 25 87 63 26 0 23 29 56 38 82 32 65 19 4 68 38 3 40 83 25 40 91 93 21 89 59 98 35 9 49 33 55 27 93 54 40 11 6 78 10 83 81 31 65 99 26 61 83 65 49 87 5 12 41 80 71 76 76 59 31 97 9 60 74 61 38
96 39 21 43 36 81 9 43 46 59 11 24 25 79 0 37 32 99 61 9 14 58 14 37 13 15 11 81 75 13 52 23 2 9 64 3 4 78 17 1 79 0 14 86 16 27 63 5 41 32 89 65 68 32 20 9 65 2 44 61 84 67 33 78 72 23 43 57 95 88 88 54 27 63 23 31 28 46 20 69 10 17 43 7 11 91 98 44 46 4 28 32 65 91 53 93 66 2 91 87
4 68 3 54 51 57 81 79 74 17 62 8 85 29 88 87 92 79 60 76 99 63 11 51 66 63 8 80 93 2 56 26 10 58 71 25 81 72 41 45 90 59 50 38 72 8 6 59 49 14 81 52 95 8 57 47 17 63 94 54 38 26 8 20 96 18 98 4 38 42 87 59 61 18 85 3 65 77 13 58 44 43 68 89 70 27 77 59 74 84 87 48 98 54 73 15 94 97 68 2
90 40 70 8 80 90 98 6 11 93 10 95 26 12 61 45 90 82 79 89 85 61 54 42 61 15 91 72 65 18 61 2 23 94 74 4 23 66 72 46 84 21 49 89 14 74 62 26 39 29 47 86 80 35 78 26 91 60 3 1 89 93 84 68 44 30 7 82 54 4 78 98 97 33 33 8 8 12 76 17 28 79 43 49 91 29 14 84 56 85 53 26 93 63 36 91 8 40 16 14
56 23 53 6 32 29 35 53 23 91 91 30 42 77 32 59 89 62 73 0 68 58 30 72 96 64 93 49 65 72 26 57 82 22 83 6 98 87 46 52 50 37 76 85 94 5 38 40 53 77 26 97 53 85 20 79 85 10 24 4 42 49 2 19 35 29 29 73 12 38 45 88 45 35 6 12 20 13 19 33 62 2 32 96 47 97 94 35 8 16 21 14 38 10 47 53 74 67 65 93
9 62 96 50 30 60 8 82 90 72 73 8 11 32 98 97 14 54 13 44 0 27 67 73 52 81 9 77 39 55 48 59 69 13 67 3 40 23 41 55 48 58 61 93 52 36 56 92 93 90 65 13 30 92 19 80 37 61 24 18 11 22 14 94 81 67 79 94 73 54 90 65 70 50 59 31 61 92 71 97 66 67 21 59 75 46 22 26 68 46 83 81 83 58 87 97 19 96 76 74
82 0 93 17 61 67 43 60 27 44 68 13 51 67 23 54 16 29 44 15 54 65 16 40 72 81 35 19 52 66 21 50 80 51 90 19 60 20 81 23 74 82 92 11 26 96 86 82 60 20 41 97 52 52 15 61 42 32 25 52 75 60 19 56 82 94 96 34 84 87 69 93 97 55 87 39 70 27 38 30 89 7 39 40 29 36 67 43 62 0 27 59 69 31 58 60 58 88 3 58
89 28 80 37 32 2 0 60 32 57 74 99 36 73 49 21 27 61 23 87 82 62 24 16 78 66 88 81 24 67 3 23 59 5 38 91 46 6 13 7 31 94 44 43 76 8 5 35 75 22 86 92 40 56 60 87 20 95 10 45 47 66 34 28 20 40 29 69 54 83 98 72 68 68 58 28 53 52 23 45 4 40 27 72 88 77 6 17 21 9 1 59 85 70 60 87 74 0 19 95
60 87 98 12 78 66 21 25 29 60 87 39 7 50 23 0 49 94 54 61 64 9 59 10 45 98 67 12 72 92 14 60 22 42 33 87 94 97 94 18 53 86 65 27 10 19 26 75 92 2 33 21 82 78 77 88 69 95 89 13 90 2 32 98 49 2 29 14 45 72 72 45 61 0 44 53 74 86 48 23 40 84 56 28 54 86 34 43 43 67 54 31 55 43 9 99 11 31 76 58
74 20 0 56 98 31 90 38 19 36 79 5 98 14 84 32 48 5 20 52 34 28 63 83 71 41 26 38 85 15 4 37 83 23 99 8 67 22 35 46 79 84 28 71 5 72 21 27 70 64 81 24 48 77 85 49 92 32 57 29 17 92 96 57 3 73 33 69 0 29 92 70 75 97 83 23 15 92 31 98 47 19 89 24 17 2 84 69 8 99 55 9 20 10 11 74 89 64 84 62
58 28 90 55 15 38 7 9 2 33 85 91 41 54 43 23 10 5 68 74 54 25 45 45 85 11 44 77 38 1 69 25 50 59 34 34 24 28 49 45 84 73 23 13 73 1 83 72 66 53 63 41 53 69 59 61 23 38 4 94 34 32 66 99 84 87 95 92 91 41 84 56 83 29 50 52 83 92 43 5 55 56 11 65 79 76 84 1 35 70 24 32 21 16 79 39 41 92 18 64
43 24 81 47 1 2 56 23 13 32 16 61 65 68 96 70 44 1 41 4 0 75 86 35 92 3 18 56 67 84 63 43 55 33 89 94 24 53 55 43 15 97 56 35 10 14 94 31 10 71 88 13 94 0 78 67 13 49 8 75 2 41 64 25 64 7 55 66 52 89 57 25 81 55 95 54 66 42 44 29 31 59 45 8 30 73 80 20 66 50 27 24 24 74 17 73 30 56 62 66
53 91 59 1 99 19 92 77 32 99 52 33 14 90 49 60 23 37 60 53 18 2 55 49 23 16 92 9 5 78 97 4 39 56 63 70 39 19 0 19 13 31 10 98 8 73 32 13 86 11 14 48 17 91 71 46 0 35 69 28 37 4 34 85 75 70 18 69 57 97 69 1 34 15 51 94 17 54 20 90 43 69 14 97 12 1 48 31 85 76 98 43 97 66 59 32 4 98 92 70
31 36 60 27 72 3 17 65 40 95 63 25 70 52 95 8 96 50 98 22 92 22 92 42 26 83 1 30 4 12 61 3 10 5 96 83 17 7 66 97 30 81 87 19 63 96 54 42 74 51 23 52 85 85 32 90 14 87 1 92 64 30 29 0 6 36 31 62 59 92 88 31 89 47 72 22 33 95 88 72 63 1 3 10 81 20 6 35 0 58 2 55 90 90 72 71 96 15 48 13
95 12 60 86 75 37 53 38 13 78 43 68 8 87 3 2 68 62 73 54 98 95 65 99 34 43 2 98 53 16 78 17 68 53 20 14 45 78 49 58 11 25 96 6 27 28 7 35 57 95 49 18 47 8 4 90 46 77 64 59 6 42 47 90 25 14 63 76 16 91 12 15 67 92 65 0 79 29 77 37 51 35 15 81 90 34 56 48 56 56 54 72 20 99 48 3 2 11 67 49
53 16 11 66 49 72 35 68 62 74 35 86 48 50 60 98 69 80 69 42 76 0 60 71 7 98 36 34 34 96 46 50 85 69 29 97 71 80 14 9 33 32 75 79 56 95 37 64 57 90 19 11 29 70 32 0 51 78 51 47 93 18 16 93 40 21 91 59 30 58 14 17 46 97 93 19 49 78 55 79 4 39 44 4 5 96 71 36 72 51 61 84 46 92 4 64 12 4 18 16
76 9 60 13 32 44 49 24 33 48 87 43 19 48 16 48 36 19 55 36 6 80 37 99 41 6 64 29 45 38 4 35 2 54 14 7 82 21 48 67 50 11 7 66 63 28 29 49 6 63 73 8 11 72 47 1 15 43 32 54 52 90 19 86 62 18 36 82 77 55 51 40 93 68 54 13 80 44 9 3 73 28 99 10 98 9 77 34 33 37 97 67 46 50 34 79 9 32 62 0
27 90 5 36 63 79 19 67 48 12 61 44 28 12 83 70 93 90 78 74 45 47 2 31 12 38 78 15 66 74 12 42 41 51 8 70 32 53 54 22 53 13 29 11 73 59 70 34 13 8 36 55 75 59 69 48 89 32 9 70 15 19 16 63 23 23 85 10 50 60 10 98 89 38 91 43 23 23 43 38 78 46 71 19 27 14 45 91 84 25 24 0 13 27 74 77 92 69 4 42
61 73 1 79 89 51 65 99 40 70 88 4 42 5 54 94 23 58 79 50 13 4 79 75 36 48 35 71 24 62 4 57 54 31 87 84 69 86 61 98 79 95 93 64 47 46 59 88 62 19 23 17 65 52 46 34 42 57 3 33 24 48 57 64 34 28 89 53 8 61 34 91 75 68 59 3 9 70 27 20 4 11 51 85 84 83 92 65 66 12 66 15 22 31 50 27 23 27 24 65
49 22 83 56 41 3 50 37 24 12 68 66 87 55 13 79 92 92 75 11 34 34 52 18 87 84 95 31 77 99 69 77 23 9 62 12 1 56 57 4 0 68 79 37 52 39 8 7 19 37 77 4 6 19 13 99 78 85 62 62 41 87 44 95 0 50 18 68 43 45 90 90 12 39 92 77 10 85 82 40 69 45 56 22 41 67 25 10 10 80 37 27 15 99 27 55 68 76 62 88
97 94 1 74 88 9 44 91 27 61 54 14 12 38 20 66 91 43 22 49 49 65 7 90 56 15 91 49 31 66 52 87 38 3 21 99 13 43 75 89 33 98 66 58 92 93 32 69 14 58 53 56 33 3 68 32 0 31 64 59 33 13 13 49 20 46 33 74 63 7 45 70 55 48 53 50 69 15 39 26 20 78 57 11 15 52 60 39 7 24 15 25 14 15 75 72 22 89 62 89
62 20 86 14 81 57 48 91 79 51 20 56 32 56 74 78 35 34 23 17 38 38 70 37 82 93 37 36 37 38 96 67 62 27 68 10 44 72 1 10 29 8 67 73 82 90 75 57 9 16 82 29 50 99 44 46 16 35 60 96 66 4 25 34 53 95 0 10 31 59 35 96 1 20 87 1 26 8 14 74 59 23 56 56 21 55 6 12 90 62 77 2 53 6 12 18 94 40 46 97
20 64 12 42 97 19 27 4 85 73 11 87 45 74 94 85 94 41 65 64 24 20 39 43 38 86 88 67 68 75 75 90 39 82 39 35 3 43 31 38 13 17 58 23 44 42 28 23 52 66 82 92 64 97 76 14 37 55 63 98 69 80 30 67 53 64 90 50 71 67 12 36 86 98 49 34 43 41 61 33 18 28 3 63 76 67 86 13 41 66 78 73 3 5 27 18 71 41 53 81
40 55 59 14 21 87 34 86 53 37 76 98 74 54 30 63 77 55 53 56 52 6 64 87 27 91 73 16 84 76 10 96 68 41 61 2 16 69 3 65 61 84 67 7 9 62 97 61 85 30 87 26 32 21 44 0 99 19 15 19 25 41 29 13 99 35 63 0 17 84 89 12 95 83 0 69 96 53 90 1 94 26 86 37 83 55 45 77 65 84 7 96 54 19 95 5 53 52 39 59
9 76 99 84 22 71 93 51 85 24 79 17 73 77 27 28 53 26 41 62 66 93 12 77 68 30 56 28 33 65 99 89 35 85 68 37 63 33 32 36 26 6 83 72 96 90 84 86 63 20 26 74 68 89 18 24 34 83 96 71 70 88 13 88 33 48 44 37 42 32 96 20 22 29 53 28 92 36 62 86 62 10 3 34 18 0 87 38 54 52 39 38 83 77 66 1 5 33 90 92
53 77 23 13 95 13 89 34 17 66 68 62 4 1 1 5 31 10 26 79 48 80 68 51 67 64 34 99 12 3 15 14 56 5 87 87 88 79 72 39 59 55 99 99 56 3 22 66 93 61 83 18 62 0 78 76 9 9 86 86 82 89 29 1 98 92 13 32 86 89 27 39 63 68 52 54 24 26 8 14 95 74 67 12 7 96 49 78 24 80 11 32 61 6 27 51 51 91 8 46
65 13 15 39 80 52 74 98 6 97 30 80 88 0 95 2 17 69 45 99 19 58 75 27 72 83 90 90 92 93 17 46 63 12 34 43 46 56 16 86 74 10 13 75 68 89 64 43 34 47 38 59 83 68 91 63 11 20 19 37 89 10 11 9 79 61 68 71 79 69 32 49 77 93 73 71 82 94 46 48 20 8 60 88 97 32 29 42 61 73 89 84 23 90 95 31 97 80 40 0
9 90 86 16 68 5 87 86 59 91 9 68 91 32 73 78 75 50 38 5 35 59 28 11 36 50 39 17 31 2 2 29 27 22 1 56 62 57 89 17 68 30 67 89 78 78 72 58 28 5 0 91 42 92 28 15 97 40 38 92 99 62 48 71 58 85 15 45 10 54 83 78 1 5 43 60 11 84 9 1 50 91 8 13 80 39 68 72 96 25 98 39 21 10 48 67 67 60 75 64
8 71 90 77 78 57 75 41 31 97 39 52 32 68 69 72 48 5 76 22 67 99 40 62 42 51 12 26 83 59 55 15 22 44 15 12 82 92 30 76 23 23 97 79 1 46 31 84 92 37 7 76 29 21 40 74 79 11 76 96 48 14 89 65 45 90 37 94 14 36 53 98 79 3 99 52 84 84 33 34 72 60 47 55 61 75 80 9 93 21 15 47 95 93 41 16 74 58 34 92
75 4 38 52 80 13 63 48 95 23 87 62 48 36 48 44 90 56 38 59 90 37 77 92 48 48 96 97 13 92 18 3 73 99 23 44 11 96 57 78 50 40 75 69 3 44 77 80 14 83 96 38 40 74 47 28 47 78 68 85 7 31 10 57 59 37 14 16 91 9 81 39 3 27 83 44 80 87 4 62 47 32 69 67 26 75 35 98 3 20 49 48 90 30 28 28 79 95 29 49
35 2 56 93 12 99 47 25 50 30 2 80 88 98 69 91 20 98 85 84 67 71 66 14 69 1 8 92 57 84 68 84 42 17 57 72 24 19 34 77 3 54 80 83 17 83 86 13 73 27 12 24 37 27 76 64 23 88 45 89 6 50 12 76 2 18 58 4 94 57 45 2 68 40 38 57 10 4 97 56 47 17 66 51 81 50 80 50 36 61 64 28 55 91 44 66 32 41 7 67
15 67 40 66 49 74 46 37 90 33 99 54 57 54 18 56 89 62 61 43 51 35 10 3 12 15 91 83 37 69 24 67 92 93 92 59 94 86 55 39 91 54 71 63 43 46 71 86 47 61 51 97 45 16 68 45 38 5 3 69 95 39 28 42 20 98 63 75 87 3 20 25 58 50 54 98 72 38 97 53 41 66 18 47 38 74 4 89 62 23 40 26 68 62 86 89 5 21 9 17
65 35 60 80 61 17 61 95 60 46 0 77 80 79 87 23 19 32 37 76 9 30 0 98 34 78 86 19 96 53 5 31 58 77 41 28 44 94 11 1 14 28 1 54 47 83 73 0 0 96 27 71 60 38 63 63 51 34 35 33 57 46 99 60 55 52 74 64 92 33 86 85 14 71 51 41 77 56 50 61 96 92 97 11 28 80 62 63 41 83 86 26 45 39 89 27 99 59 53 10
28 76 19 74 1 0 68 79 58 12 40 93 29 39 75 78 74 12 78 54 1 11 88 18 30 17 24 40 98 62 6 7 30 70 97 20 10 26 97 28 53 73 27 9 57 46 60 97 31 33 64 80 35 92 56 1 35 85 34 25 72 95 78 18 78 4 98 84 7 3 1 35 56 58 99 87 27 31 18 52 67 37 89 71 18 59 75 25 92 78 80 79 16 96 36 64 22 70 51 49
71 21 67 25 62 99 11 41 56 68 0 43 63 82 11 73 80 11 20 94 37 88 34 57 93 65 99 86 76 45 15 59 86 17 47 15 75 87 76 15 32 54 82 48 23 95 70 93 17 36 11 0 21 22 79 73 51 47 92 27 42 8 94 79 67 19 20 59 28 37 79 1 46 7 35 26 3 90 13 78 23 64 81 71 48 76 38 33 61 39 32 42 48 71 64 87 4 5 74 6
37 81 19 85 44 88 19 36 74 17 39 13 54 46 79 53 38 46 25 94 89 24 27 32 22 42 37 83 40 95 25 99 74 84 71 14 7 41 1 88 97 40 66 48 13 49 95 14 17 53 25 40 82 28 11 5 88 14 41 27 65 65 48 87 72 88 79 88 55 69 95 8 34 31 35 44 57 91 5 68 30 1 93 94 90 5 97 59 80 69 32 2 38 85 42 63 47 79 67 83
76 27 34 44 80 94 26 53 36 87 51 31 79 55 84 46 3 40 60 93 92 22 25 3 39 84 15 35 51 77 84 92 78 42 60 78 19 17 3 15 50 27 37 99 85 46 5 9 18 87 40 39 44 75 53 48 37 40 95 14 49 57 64 96 73 59 45 83 8 40 90 86 39 80 51 52 79 4 92 4 34 26 75 24 81 8 54 14 90 92 73 30 16 90 19 54 74 12 31 87
81 60 64 82 87 15 22 80 14 5 13 61 64 44 54 53 86 88 74 5 70 81 55 71 66 6 55 27 30 19 99 74 86 49 76 63 62 61 85 37 2 60 93 55 81 43 0 20 33 6 6 34 6 13 57 53 2 95 8 19 78 0 66 4 36 5 98 24 73 74 87 21 81 14 70 60 80 76 75 39 47 36 44 37 61 49 13 6 92 15 11 43 21 27 96 63 95 26 96 29
60 48 8 75 99 76 72 30 73 0 8 8 8 22 73 14 25 20 12 93 69 41 85 21 33 91 49 31 86 6 22 52 99 34 14 17 32 77 16 8 2 64 55 90 64 92 70 86 45 62 62 50 60 29 51 99 87 0 44 83 21 64 38 60 39 98 25 92 18 47 40 54 86 13 76 26 79 90 44 89 64 87 74 50 32 9 76 91 11 95 59 6 56 84 64 9 64 92 20 49
23 20 50 4 82 24 41 64 1 37 91 79 2 64 75 96 70 4 29 50 65 1 41 52 81 97 44 67 77 58 60 49 30 67 5 50 79 59 63 25 58 21 79 77 47 42 46 36 82 68 79 59 46 93 56 5 16 75 47 71 8 59 36 87 48 45 11 46 14 56 52 81 75 4 57 28 82 82 81 3 18 57 5 50 17 93 52 80 54 54 86 96 56 21 43 49 56 81 56 41
14 29 92 71 23 61 89 87 33 23 77 81 24 22 38 52 61 92 54 45 10 87 63 58 39 20 81 91 65 78 55 32 62 4 56 29 85 37 10 36 36 75 45 96 19 22 26 55 59 93 85 69 8 12 44 36 89 76 79 38 1 39 36 51 90 78 24 49 52 39 13 16 44 27 43 32 96 71 24 5 95 81 4 90 85 53 52 27 58 84 44 18 27 27 35 65 91 2 51 67
40 42 57 97 41 91 45 72 44 1 7 25 86 23 75 17 27 45 89 16 51 63 35 10 75 45 26 13 67 85 38 69 42 25 98 57 95 64 20 61 3 58 12 57 33 82 65 50 21 81 82 82 90 35 63 25 10 35 75 58 91 32 42 28 88 38 53 2 29 18 50 1 39 18 3 32 3 67 55 24 42 84 55 16 0 26 13 8 24 16 16 70 99 99 8 62 46 80 77 99
19 13 64 64 43 27 59 60 31 2 89 87 56 10 23 77 13 90 97 68 40 30 54 32 7 76 19 21 41 16 77 42 16 38 99 33 59 73 92 57 52 21 39 91 55 66 18 63 12 66 27 28 59 31 90 74 55 95 83 91 96 10 43 34 96 72 91 67 35 72 83 78 50 88 97 17 13 63 31 14 84 48 12 7 19 81 79 25 69 66 34 35 7 86 10 8 31 79 80 95
95 92 51 97 41 45 97 24 70 87 81 37 8 93 86 22 84 86 0 96 56 29 65 49 32 18 34 55 85 13 54 28 46 91 40 92 75 79 55 15 35 99 19 52 67 45 53 13 58 49 65 90 17 43 81 45 16 34 12 97 41 69 6 1 0 85 36 68 69 19 38 39 23 56 42 74 79 83 68 2 23 47 44 26 93 88 83 63 31 60 5 64 45 35 21 39 24 41 4 2
54 59 55 13 6 65 42 7 62 5 27 66 2 41 16 3 30 4 72 7 50 73 4 15 82 89 92 48 19 95 57 7 59 98 80 65 3 49 79 71 16 24 0 42 48 1 47 74 66 44 78 0 35 95 10 71 70 13 52 31 20 91 42 31 16 13 90 9 81 52 72 54 35 98 75 59 58 65 96 61 55 60 17 72 66 97 42 79 86 28 38 26 18 52 58 73 83 57 36 44
89 60 26 85 40 77 36 83 9 14 37 77 3 8 74 67 78 40 76 0 13 60 79 76 19 71 95 28 6 76 35 69 15 48 74 34 42 87 57 4 24 80 15 90 36 85 3 80 33 35 98 20 10 31 4 17 10 27 97 56 90 54 89 37 71 56 51 39 25 24 33 32 60 77 23 99 93 84 63 14 16 24 88 91 14 70 83 92 68 31 54 73 10 87 26 25 93 87 89 55
60 87 25 32 18 51 2 44 40 75 69 67 51 1 34 89 61 57 86 98 82 87 19 74 35 75 69 29 83 30 36 26 33 23 34 70 87 65 73 35 12 18 76 40 51 38 60 4 32 80 73 43 5 90 42 75 85 45 32 87 55 7 7 92 15 12 4 99 4 1 85 10 84 93 85 69 84 51 87 54 28 31 0 45 29 42 40 80 8 94 34 26 27 52 51 8 37 60 41 53
41 90 95 17 55 57 69 92 67 89 16 21 68 15 62 44 86 92 86 80 85 61 42 36 24 1 49 97 8 33 68 85 21 66 70 14 69 29 32 24 88 36 40 11 9 95 53 39 74 6 22 65 60 20 44 63 7 25 36 24 49 4 94 13 58 49 12 11 56 96 92 73 50 55 71 48 98 49 50 63 11 56 1 72 91 7 35 36 35 70 44 97 48 30 20 2 13 46 15 18
0 49 81 73 38 49 4 81 39 65 27 64 5 42 50 56 32 55 42 7 48 36 78 90 52 57 54 66 93 83 40 28 27 37 77 42 19 40 2 23 97 52 94 27 59 31 63 78 36 74 63 31 67 75 6 97 73 44 69 94 53 59 15 27 22 52 64 68 57 87 97 14 17 80 55 13 95 24 12 27 84 42 35 58 34 11 88 3 25 13 73 9 46 26 68 20 75 38 8 17
57 19 34 12 71 46 96 23 7 50 92 67 39 25 28 53 64 93 14 87 84 30 10 41 76 94 73 92 42 19 63 70 41 97 19 97 34 58 98 91 34 83 79 98 24 24 64 51 30 67 81 44 72 3 81 31 93 60 35 87 40 66 3 79 35 99 13 18 80 57 72 98 65 81 27 57 28 45 58 21 68 70 88 40 70 12 98 61 3 65 84 13 61 69 78 55 93 34 31 50
4 47 24 17 58 60 78 36 32 94 89 65 11 63 54 82 51 56 55 6 8 70 9 78 16 53 92 74 42 71 86 83 71 69 37 70 1 81 5 19 68 97 90 45 46 70 68 21 39 34 30 15 71 63 7 41 0 9 11 17 47 10 36 34 89 81 88 29 76 67 74 61 92 47 67 21 93 58 59 75 0 45 6 7 99 91 64 96 83 49 94 20 12 59 79 88 4 78 79 23
70 50 39 75 93 72 42 31 17 32 93 83 43 14 23 9 61 10 51 81 28 92 44 70 96 51 52 54 28 29 6 86 96 31 49 52 18 34 24 84 56 60 92 76 66 46 50 1 27 68 59 2 33 71 96 5 56 77 74 59 82 42 39 16 43 82 96 6 31 46 97 83 81 22 80 79 7 99 88 98 28 11 45 98 93 66 14 53 21 47 96 58 69 53 37 70 56 53 75 42
85 19 41 72 77 82 58 34 36 89 91 55 45 7 16 15 99 61 30 91 83 79 90 70 74 38 87 81 33 21 76 52 33 31 76 6 50 87 97 55 59 14 15 89 24 7 23 17 47 28 93 31 20 7 57 45 88 56 60 92 53 56 97 29 53 24 27 53 58 92 60 98 59 9 96 39 15 23 97 15 85 36 54 23 36 18 58 46 50 11 3 31 25 13 88 18 2 26 20 10
69 6 48 62 55 19 44 41 32 31 95 27 75 79 67 98 36 12 76 66 27 40 50 92 66 46 11 76 98 92 98 53 47 68 72 19 82 3 74 31 45 2 83 52 90 42 25 23 15 91 99 64 5 31 56 60 3 56 32 74 20 77 65 11 52 44 47 55 10 60 49 74 90 58 34 84 24 75 12 84 82 67 27 27 16 56 60 45 92 55 38 11 40 31 55 56 78 52 16 54
71 80 56 16 11 48 55 40 39 8 83 0 5 99 6 58 85 43 75 49 78 59 73 60 75 20 24 35 5 7 95 95 24 22 9 66 21 58 45 16 29 80 74 53 75 54 89 91 3 58 96 60 65 3 6 37 69 72 66 8 88 1 44 72 41 15 70 94 90 36 65 70 11 98 25 50 8 95 18 24 23 24 37 64 18 89 20 91 93 45 61 24 56 94 63 54 14 84 97 62
61 52 49 24 44 21 45 8 58 87 31 85 84 56 95 89 91 48 27 29 76 23 37 20 51 42 14 51 89 3 21 78 84 71 22 3 67 65 85 61 68 41 99 19 58 31 36 66 75 31 8 55 61 39 71 36 81 47 66 19 34 71 46 71 85 63 60 85 68 40 46 97 32 65 84 99 26 70 6 25 74 35 76 40 80 18 97 71 5 25 67 84 15 13 70 0 50 31 64 83
76 3 10 14 99 59 20 67 70 58 68 7 10 34 70 20 60 48 59 47 38 10 41 93 13 6 37 76 41 68 63 55 75 47 97 11 83 22 24 91 1 80 66 7 44 56 65 6 54 75 72 12 82 73 8 86 55 36 9 17 30 32 41 32 48 1 41 89 15 86 30 60 3 87 7 38 28 68 19 37 90 24 18 58 87 76 29 0 76 66 69 29 69 55 90 76 40 73 3 92
9 83 46 90 10 84 78 24 83 99 28 42 56 44 63 70 30 40 81 91 6 44 43 6 74 72 88 59 55 97 91 63 57 25 40 65 98 44 80 13 99 77 26 41 0 79 3 96 24 46 49 87 76 30 46 61 38 73 1 73 68 24 27 32 50 18 47 99 14 48 90 18 59 2 93 55 58 64 28 46 49 60 49 59 57 42 63 77 73 87 8 59 67 27 19 20 22 97 0 23
17 49 49 86 92 32 98 57 12 43 16 15 8 79 77 25 19 39 45 84 69 85 60 62 22 34 72 79 17 91 97 97 59 60 72 85 47 6 63 38 68 16 55 27 12 4 74 75 16 19 32 67 86 7 49 18 74 84 14 49 88 0 75 52 73 70 88 21 98 83 54 0 57 10 79 6 87 42 27 18 95 45 4 90 64 22 16 51 52 16 55 40 15 17 25 46 7 81 97 79
62 10 94 78 67 73 44 78 1 27 89 60 36 0 54 51 66 4 77 16 16 69 67 48 47 55 24 55 59 76 61 89 61 13 6 81 95 96 15 90 28 70 26 1 5 61 91 59 36 37 77 43 22 19 89 82 77 14 93 88 62 3 14 17 86 18 73 61 28 57 85 56 26 30 84 64 47 4 60 38 91 48 63 30 14 40 56 29 30 64 80 18 74 92 0 79 7 91 34 8
47 91 21 30 45 15 92 44 89 24 92 57 34 58 92 41 40 78 58 37 89 57 72 53 2 95 32 82 94 2 95 68 54 88 31 5 60 4 77 79 81 94 80 81 90 63 54 39 93 70 17 21 36 61 26 16 51 50 83 91 70 25 69 90 25 10 56 31 27 99 15 56 53 37 78 47 73 39 28 46 82 68 97 3 20 26 27 62 99 66 93 21 86 47 43 87 95 41 85 64
65 91 97 33 1 29 24 73 72 72 54 22 15 1 29 68 58 65 74 14 90 42 12 49 21 15 65 40 55 51 7 40 65 67 32 90 0 28 92 83 64 14 44 69 24 57 70 51 47 68 87 26 58 6 54 56 11 5 63 8 86 98 70 69 20 30 61 1 32 21 63 58 54 59 2 67 2 91 84 42 15 35 42 72 78 76 92 96 96 9 82 78 9 42 78 56 82 44 7 41
55 4 25 18 38 52 78 25 71 59 47 25 86 42 29 55 36 50 63 81 99 54 49 31 69 98 9 53 48 15 48 3 83 84 0 26 90 16 49 69 71 74 75 35 78 21 35 48 25 24 9 3 24 49 62 36 33 99 60 26 60 83 9 54 96 2 90 10 77 9 16 42 80 90 84 45 20 77 54 54 74 25 37 69 85 44 10 69 23 97 9 55 46 48 86 8 80 89 55 22
97 0 36 39 54 9 66 72 98 18 19 98 87 81 6 70 55 31 8 57 71 77 15 53 68 20 89 25 80 40 6 16 41 79 74 62 93 15 98 12 25 23 64 34 25 5 41 71 41 55 61 48 95 12 31 16 12 89 19 39 93 17 38 49 84 83 77 2 33 32 73 5 34 20 4 86 96 14 65 27 89 58 59 3 1 23 50 95 90 28 59 5 72 76 72 7 96 52 79 44
63 7 50 11 0 4 44 9 82 64 66 23 4 46 89 14 21 83 71 90 75 12 97 76 64 14 32 65 82 8 29 0 65 15 43 24 83 70 15 79 87 17 81 41 4 86 74 53 56 30 96 74 56 69 71 2 72 54 46 59 44 61 42 67 83 96 18 10 96 73 34 2 7 28 8 49 98 14 40 33 62 19 43 40 20 55 43 56 35 39 67 94 71 39 77 1 10 13 31 57
3 18 80 55 30 62 43 17 83 85 5 10 52 89 90 72 63 49 92 85 45 64 25 67 49 41 39 34 11 28 78 70 39 65 13 48 57 30 43 59 71 39 94 96 27 58 48 45 18 79 38 80 76 24 0 24 5 17 7 95 59 19 79 71 50 70 99 7 52 56 12 0 42 90 78 4 24 44 47 42 13 69 86 85 48 91 21 39 65 76 87 75 5 9 81 42 66 45 75 94
12 62 11 61 17 45 41 20 3 12 59 4 54 14 98 13 12 20 92 13 46 12 89 2 65 21 92 79 96 43 27 40 69 89 97 81 61 50 68 93 44 43 41 2 32 78 90 3 58 69 39 6 66 60 27 50 43 66 33 76 47 69 5 9 7 29 85 54 7 50 63 55 83 28 0 34 55 17 51 90 54 56 88 89 87 76 50 72 66 48 20 39 66 17 51 83 15 94 34 97
8 88 83 67 58 92 86 47 4 28 92 8 2 33 58 21 73 42 95 52 56 98 70 16 15 31 60 79 56 1 59 40 14 17 9 84 94 36 16 81 18 23 15 15 26 89 93 56 83 95 58 90 18 30 31 60 60 90 67 84 66 91 67 39 70 48 33 52 6 9 9 46 98 26 10 43 81 76 5 66 82 84 6 9 58 26 39 12 94 21 48 17 80 65 20 21 45 10 75 26
