100 100
81 99 89 32 70 26 80 52 49 95 7 28 54 30 61 35 3 62 9 72 49 64 10 82 53 71 2 22 37 25 60 47 11 70 36 28 35 57 95 67 65 40 5 86 77 98 20 60 70 20 98 61 82 68 9 82 0 33 71 22 41 79 21 7 87 92 41 59 86 23 12 5 39 49 38 77 23 48 63 33 16 29 62 88 37 46 8 59 2 55 27 38 12 93 48 88 8 59 96 43
17 43 60 64 87 39 28 37 45 36 52 51 51 95 4 27 17 87 23 41 24 73 98 30 86 80 26 25 59 74 4 32 0 46 38 21 9 37 44 86 99 36 94 68 47 78 11 54 79 5 37 2 43 54 28 44 34 61 83 96 64 92 22 5 46 47 15 16 53 83 48 86 13 77 45 23 3 48 5 60 11 19 12 45 23 20 43 77 39 9 10 69 71 97 36 99 95 50 56 46
0 63 78 20 81 97 39 6 41 76 34 88 30 70 25 23 16 84 44 75 5 24 0 76 57 0 55 55 20 70 67 4 80 61 48 0 73 28 46 40 27 45 75 99 1 63 33 77 90 21 15 50 83 24 19 6 63 63 33 98 66 91 75 22 10 40 76 99 84 5 51 87 15 82 69 54 89 28 55 3 75 58 71 24 26 66 96 31 48 44 14 31 11 37 20 57 55 47 37 6
94 95 58 89 15 22 81 31 29 12 86 43 46 94 15 98 66 92 46 52 72 76 4 65 46 79 87 90 22 42 38 7 63 58 26 23 90 93 83 62 23 88 36 0 16 39 36 44 20 2 8 67 5 62 70 68 92 56 50 56 66 52 25 91 48 30 19 86 73 30 65 93 69 1 88 79 71 84 16 29 19 45 17 74 57 99 56 38 31 31 50 96 34 54 4 86 42 28 88 5
15 5 63 74 98 26 89 52 10 90 77 52 61 40 92 91 35 28 31 4 67 67 90 36 27 76 2 7 42 89 79 74 52 93 23 71 58 62 57 51 30 11 40 17 90 27 61 99 27 4 63 53 13 25 64 91 87 29 34 46 42 19 60 9 1 58 82 4 4 43 21 78 23 30 20 29 1 29 99 20 8 0 11 80 98 96 2 91 12 62 16 72 45 84 80 33 76 60 79 9
25 77 84 55 2 29 37 6 69 55 98 10 72 25 51 57 5 50 49 36 93 40 84 65 10 14 46 90 41 96 85 25 87 14 5 82 52 83 58 28 2 14 58 81 90 77 17 44 31 11 60 74 78 50 52 74 14 36 33 76 70 57 66 8 12 31 16 29 6 74 63 7 19 65 7 52 91 14 76 3 71 63 25 4 61 30 86 95 46 33 9 97 47 17 64 68 73 47 55 56
47 37 30 76 59 87 47 14 69 52 21 57 28 71 21 4 94 27 9 78 24 27 96 56 85 41 6 32 13 64 30 47 32 23 57 10 3 71 13 35 16 90 97 57 50 39 85 84 28 72 25 61 33 86 46 65 70 25 38 28 99 30 7 83 45 93 96 73 33 44 77 77 80 60 41 91 91 81 13 65 71 86 77 23 95 56 52 71 32 53 83 6 91 27 16 28 68 39 21 80
9 14 58 41 44 96 58 1 92 27 82 83 84 13 18 67 61 21 73 25 35 86 26 66 40 88 97 43 91 21 17 99 74 36 68 45 38 38 16 38 96 46 4 13 88 73 19 27 23 87 91 61 5 72 24 27 14 33 51 34 28 34 97 62 84 15 83 18 65 50 67 35 78 0 97 30 6 37 92 99 61 85 94 7 65 81 34 12 39 34 37 11 74 7 36 16 56 20 28 20
64 73 91 8 13 22 86 78 22 42 45 94 5 8 80 18 12 66 79 61 80 8 78 81 78 13 44 87 56 32 5 92 87 97 71 80 52 12 26 80 77 11 60 26 28 69 87 38 9 54 25 68 32 25 97 63 48 15 50 74 97 15 29 26 12 59 86 34 41 71 51 64 74 12 93 11 66 81 49 84 3 48 95 47 47 51 85 32 70 32 19 71 68 10 98 65 69 67 36 84
50 47 51 15 23 39 4 5 52 68 77 51 73 72 0 14 78 11 79 80 65 33 94 8 93 56 86 21 0 48 83 77 35 14 68 56 0 14 6 56 91 96 64 56 96 26 97 3 56 79 83 10 62 52 54 21 2 35 64 23 43 22 25 19 24 74 23 48 37 18 47 87 45 30 17 85 44 74 77 4 86 92 97 50 1 30 14 45 44 43 37 91 36 2 95 26 29 83 63 22
35 48 8 0 52 21 10 90 5 57 67 26 67 86 84 94 55 87 31 36 8 86 19 31 49 13 77 93 77 2 38 28 5 91 35 12 69 10 66 88 24 27 69 79 45 67 54 70 84 8 50 9 83 99 20 59 45 47 54 3 72 75 98 16 27 35 87 7 35 62 63 3 74 5 17 96 81 93 78 26 12 64 65 13 33 91 67 45 57 32 81 44 83 29 16 39 40 95 16 20
66 23 64 21 52 74 61 62 51 92 23 50 24 53 12 20 3 18 48 88 0 30 80 65 50 3 44 81 58 70 69 41 68 8 73 76 97 84 75 81 70 1 14 10 95 70 80 47 47 76 79 10 99 65 60 49 21 98 79 8 4 21 15 50 82 0 14 61 35 93 89 64 35 30 23 18 39 93 55 98 85 23 94 81 49 66 65 11 15 54 67 51 78 76 98 69 49 91 40 59
50 22 54 38 5 49 75 22 86 8 85 35 77 22 69 64 96 45 45 25 2 52 26 4 41 62 13 46 1 36 60 6 77 47 18 88 91 4 95 21 83 46 64 70 29 15 62 87 43 94 51 77 18 38 98 56 32 57 12 60 77 35 94 71 22 7 39 16 85 59 58 6 20 52 55 82 25 16 79 41 85 7 55 33 95 80 18 43 2 71 27 56 67 46 60 73 6 38 18 31
4 52 85 27 77 76 25 67 78 30 69 1 63 31 2 47 29 40 18 26 83 50 25 94 76 11 71 6 36 41 58 60 65 95 50 82 8 95 11 0 7 4 46 75 48 37 75 81 57 79 50 93 73 7 86 39 17 19 71 6 0 60 47 88 80 79 18 33 34 47 8 33 48 90 24 73 50 23 92 54 73 79 32 89 49 77 2 60 26 87 89 33 85 97 66 15 82 17 8 46
72 6 90 12 74 46 91 5 43 31 31 24 60 0 29 71 7 95 9 66 6 70 22 78 21 50 24 53 71 9 79 61 88 72 44 23 57 55 2 3 31 1 73 81 53 54 47 82 24 3 38 61 91 88 34 3 53 69 17 28 87 29 40 75 67 84 34 58 42 68 92 71 26 41 74 74 22 6 59 55 47 77 87 25 37 92 95 94 36 46 11 25 7 40 89 67 22 70 99 11
52 78 25 51 52 30 61 64 81 3 54 45 7 85 35 19 44 41 30 49 50 24 49 49 68 34 76 30 12 7 60 95 20 13 60 26 83 36 54 96 29 23 11 79 57 63 56 21 89 13 2 90 50 35 88 10 18 96 85 42 99 18 61 88 38 57 42 37 98 67 10 0 4 53 0 34 35 25 83 76 99 34 20 92 33 58 55 39 84 92 51 57 19 88 39 1 40 97 23 34
60 47 98 16 71 91 5 40 51 86 77 83 42 42 64 45 32 9 32 23 71 83 94 17 85 4 9 71 4 91 2 44 29 11 90 44 32 73 72 14 4 24 35 97 38 65 46 40 39 49 66 70 87 65 83 94 16 28 80 80 83 64 98 73 87 28 89 20 63 23 88 2 18 55 15 63 10 30 87 76 46 19 99 93 89 35 18 60 82 81 96 1 55 28 37 23 3 54 68 15
70 29 74 70 5 39 88 73 39 98 25 96 14 6 29 27 56 77 49 71 83 68 1 62 7 31 74 41 8 2 46 62 79 50 13 97 53 9 17 44 66 19 42 44 74 24 95 64 86 77 7 88 51 17 27 47 36 23 37 92 6 41 83 1 41 36 0 8 43 28 58 26 1 16 26 55 37 28 82 15 21 62 66 13 74 44 11 7 78 52 89 56 8 20 0 62 75 84 14 27
84 67 89 37 71 95 44 59 47 49 60 0 91 68 36 62 47 52 35 12 62 87 28 46 82 17 26 58 18 11 19 55 75 11 60 12 79 74 53 16 49 54 35 58 92 23 67 47 47 39 88 11 92 61 4 61 44 10 71 14 21 61 88 71 99 86 75 91 1 43 27 79 77 34 43 87 78 63 90 97 39 48 60 34 47 44 55 54 57 81 18 16 49 26 50 66 30 17 88 21
4 48 17 75 83 14 48 4 88 77 79 98 94 33 55 5 11 34 87 28 71 33 49 85 27 1 68 87 77 7 35 90 79 97 25 17 77 90 83 37 93 61 35 59 45 47 29 89 30 82 54 63 71 42 87 81 88 61 38 25 41 42 87 83 18 95 18 36 94 87 6 30 66 16 1 0 64 63 60 60 86 34 87 58 68 32 71 22 71 60 8 12 12 18 24 61 98 98 49 43
95 51 83 90 84 57 98 72 57 17 32 95 6 6 32 6 2 71 47 39 22 59 36 50 74 0 39 70 0 1 22 10 81 52 0 42 47 56 86 95 97 71 54 92 86 71 16 87 73 93 97 49 31 79 56 67 47 97 67 73 50 42 64 85 41 27 93 20 27 1 49 22 69 10 0 14 50 91 46 97 99 51 77 58 96 77 82 94 51 74 35 1 90 37 39 20 20 38 7 79
43 91 12 35 50 57 70 61 26 51 22 88 1 88 93 79 6 45 31 64 95 72 41 42 60 36 71 36 15 58 83 33 56 45 73 56 6 16 84 57 50 37 83 43 7 35 96 91 49 40 75 47 86 73 56 41 23 10 3 3 91 83 62 17 91 46 66 89 23 36 96 77 97 28 72 73 83 35 4 9 51 34 9 1 73 72 51 36 4 52 78 53 32 66 24 74 88 1 52 87
52 10 34 85 32 19 33 39 95 94 45 83 33 93 56 46 6 85 51 9 55 17 46 12 5 81 42 71 73 31 22 42 90 87 62 4 92 64 27 99 86 51 34 27 0 74 90 73 27 78 9 75 48 76 88 63 57 8 69 30 56 88 44 99 77 14 74 12 88 46 73 78 86 77 63 67 47 56 85 69 82 24 13 78 90 99 80 24 34 41 42 99 52 91 15 1 25 7 9 60
34 74 21 68 44 2 26 16 98 91 87 71 62 80 10 35 67 66 67 65 26 30 23 32 33 93 57 49 67 42 86 12 4 4 39 48 83 57 65 74 64 77 17 44 60 93 61 79 9 94 74 37 36 37 51 6 95 65 22 97 33 68 74 21 7 83 39 33 87 56 38 53 28 65 95 84 67 28 14 52 80 1 30 34 78 22 30 58 61 17 32 67 51 57 80 17 93 20 10 41
0 87 21 30 57 83 85 50 82 27 13 4 98 87 31 77 89 58 35 45 2 33 41 89 74 64 63 28 80 80 97 98 67 40 22 18 36 85 75 8 48 84 20 26 73 39 14 24 82 65 46 35 82 34 18 65 29 25 78 24 14 8 83 52 86 55 33 67 29 34 73 21 21 53 71 9 77 67 68 1 11 69 9 20 34 72 64 65 95 69 35 84 39 70 17 25 90 91 99 91
65 97 31 42 52 78 48 21 31 63 59 67 67 92 18 48 60 39 48 36 1 66 92 94 10 26 50 83 57 33 15 16 44 78 97 49 6 43 90 18 26 80 92 96 96 58 22 92 46 10 64 47 55 88 72 61 13 25 7 33 39 8 45 59 77 63 87 95 96 58 14 70 62 43 85 84 47 34 62 35 16 4 24 56 93 7 0 61 28 26 79 46 22 36 69 21 47 2 84 87
50 61 67 24 15 79 80 88 37 89 28 81 5 77 65 95 56 9 66 3 1 41 39 3 5 5 59 19 87 9 64 90 97 47 8 79 30 80 70 82 50 79 42 95 53 32 89 92 89 37 23 29 52 10 90 69 11 68 66 32 99 86 45 52 80 24 8 96 33 80 56 43 54 59 70 65 30 60 23 8 69 59 91 28 3 89 28 84 16 67 49 79 85 81 60 62 97 92 76 28
79 67 28 59 48 20 49 90 82 5 7 2 55 59 7 80 30 80 36 94 6 81 18 16 6 56 60 27 62 48 15 78 13 13 70 67 28 49 54 90 9 54 5 27 63 56 83 30 46 67 6 90 62 0 6 63 69 98 31 70 94 19 95 77 64 35 89 8 85 13 76 48 55 46 43 38 69 44 99 75 1 95 77 84 65 25 65 55 40 37 51 66 32 9 59 94 61 77 75 13
22 76 31 68 36 17 68 39 33 61 18 86 14 57 6 7 27 87 86 14 72 5 62 90 70 87 49 65 77 14 75 16 1 27 98 67 87 62 37 47 51 81 24 54 25 21 61 27 52 2 46 52 74 6 65 97 23 86 60 51 88 92 6 84 12 48 72 84 34 23 31 82 28 32 91 56 75 72 37 98 14 39 82 96 88 24 50 25 16 39 14 18 76 80 78 76 66 96 51 18
91 5 87 82 86 35 66 47 9 85 1 33 67 20 81 34 6 46 44 23 94 26 66 43 33 54 58 32 17 16 46 93 85 14 63 46 80 77 92 85 6 17 60 0 74 47 7 97 2 12 83 6 64 58 29 47 14 8 41 79 4 77 10 44 1 22 23 96 58 96 42 69 35 29 54 45 69 45 45 53 91 97 13 29 55 85 28 51 94 84 63 66 23 29 1 31 57 54 51 74
30 7 88 11 30 34 72 35 35 39 71 35 18 8 14 96 12 18 78 57 65 31 31 25 22 97 63 72 1 6 87 50 74 35 86 28 93 63 97 36 12 53 52 90 65 12 51 81 0 90 82 52 53 86 72 54 16 84 39 12 34 81 87 70 59 90 96 63 32 62 77 5 30 30 60 57 87 90 43 90 54 36 66 44 55 85 22 25 39 12 97 6 56 55 12 16 95 55 20 27
3 15 10 15 65 85 28 61 75 9 71 32 31 91 24 15 10 96 27 23 6 81 96 35 42 63 39 99 12 3 65 67 98 86 71 1 22 76 12 45 35 27 93 24 8 28 0 2 88 71 73 0 14 55 67 38 36 18 98 77 60 44 38 64 45 90 48 31 44 2 92 15 7 21 1 21 89 8 90 8 6 38 43 65 57 76 20 83 78 47 34 91 32 86 54 48 37 90 15 5
39 28 94 18 92 35 89 70 45 61 66 27 72 0 0 89 73 95 82 47 48 55 93 34 20 32 82 43 88 17 22 74 41 33 34 41 16 56 57 84 79 91 33 3 52 76 88 42 14 35 49 32 40 15 33 43 84 94 6 35 10 14 16 91 93 83 87 35 16 23 34 49 13 5 3 15 55 52 63 50 40 81 78 2 61 83 65 9 60 39 19 67 19 7 79 78 51 31 89 70
50 44 26 49 1 70 1 76 58 68 54 83 35 85 88 48 52 36 11 23 82 51 33 59 61 1 3 29 18 39 55 1 29 55 91 24 70 89 89 70 43 24 38 62 59 6 99 69 36 37 90 43 32 30 22 50 70 2 77 26 0 28 23 78 81 92 40 43 78 9 18 8 63 16 45 94 12 69 88 93 92 21 35 76 20 3 86 65 41 58 8 90 89 49 30 64 36 95 59 10
9 50 11 7 36 89 95 30 31 53 74 9 52 16 22 5 81 71 44 13 43 32 64 51 72 84 4 89 34 36 58 94 82 59 59 96 59 24 47 55 7 99 25 30 24 73 39 21 2 72 42 5 40 0 40 46 57 70 87 24 62 67 49 76 89 90 50 51 51 44 81 89 33 48 95 84 39 40 72 93 73 77 0 94 46 66 56 41 39 44 82 80 13 0 42 36 62 9 26 47
21 48 8 28 73 5 77 22 24 43 10 58 63 6 73 48 10 12 69 78 73 21 22 33 72 4 68 47 59 25 54 44 55 66 93 2 53 19 94 60 99 3 90 36 22 69 43 44 12 65 18 43 88 89 70 79 28 39 33 10 78 44 33 88 37 48 19 57 87 97 1 38 4 79 55 71 4 36 32 82 99 96 96 71 17 33 33 0 5 1 89 5 92 45 20 47 87 64 59 70
15 42 24 11 41 26 41 98 22 26 43 36 34 36 38 61 52 87 18 74 27 2 35 68 19 92 79 65 33 45 90 74 78 9 15 57 49 86 88 32 18 27 26 15 77 25 40 27 28 4 94 92 99 70 38 96 5 58 67 43 93 33 15 30 8 98 36 19 4 6 81 84 71 37 65 65 90 83 6 66 31 53 95 14 21 79 87 76 40 82 27 48 3 70 28 99 51 57 71 66
37 73 7 2 16 31 97 80 63 1 11 60 30 49 36 39 21 94 63 34 95 50 22 41 48 5 84 62 11 26 55 79 88 78 41 36 1 56 47 52 70 65 95 94 30 94 63 10 15 55 44 17 87 97 83 35 37 22 15 45 20 92 37 69 71 8 65 32 58 43 98 37 51 0 86 4 61 57 23 36 94 75 22 97 64 37 90 76 88 5 53 87 29 77 61 5 81 58 98 44
7 54 77 48 9 43 36 50 79 68 60 42 32 67 57 95 23 22 72 51 49 15 88 20 32 50 75 87 7 71 59 74 80 48 73 77 45 33 94 13 1 44 35 46 25 94 51 38 45 15 37 16 37 2 51 77 11 63 66 27 87 3 57 43 73 73 74 35 9 37 97 15 63 35 73 59 45 51 46 36 60 2 20 57 4 36 15 31 0 9 17 63 79 10 99 76 21 82 33 24
80 93 88 67 0 1 38 6 33 59 49 84 34 17 66 64 33 65 29 52 86 14 91 98 57 63 29 22 1 77 62 29 71 79 61 43 55 8 21 82 3 0 83 93 84 96 29 47 49 97 73 88 24 41 42 62 33 89 91 90 55 77 38 40 55 12 26 73 7 53 69 24 80 61 57 41 15 62 98 60 62 11 37 84 87 31 46 98 11 32 10 20 41 8 52 89 23 64 6 68
36 11 28 11 59 16 68 50 85 24 54 58 37 86 29 5 29 62 60 78 50 44 12 70 12 21 69 26 58 13 50 68 97 9 13 90 93 25 27 94 91 13 46 83 79 62 2 5 82 36 8 36 72 1 55 35 14 36 19 10 46 7 80 9 31 27 6 24 0 61 7 23 84 28 88 66 58 23 13 5 81 90 85 34 76 38 93 83 14 8 12 28 97 63 60 25 98 17 77 71
0 64 13 16 8 26 95 59 41 0 4 5 0 29 96 50 92 16 61 26 48 17 79 36 5 89 83 67 31 55 29 81 73 13 90 62 61 18 30 94 67 10 3 20 27 94 13 87 49 9 91 6 99 91 34 35 24 26 96 52 22 15 72 21 50 33 39 63 87 6 82 60 32 13 59 37 58 40 55 15 79 23 43 14 98 40 68 57 74 19 39 33 26 62 16 28 16 17 71 60
85 30 70 13 11 90 97 0 15 51 3 30 31 29 72 29 48 34 59 88 68 15 15 98 93 85 92 81 49 81 80 86 52 57 71 7 95 55 94 19 92 78 28 44 26 30 12 86 79 85 19 13 66 81 82 90 28 35 3 1 81 39 43 47 41 77 69 47 59 91 93 9 25 95 53 96 29 51 87 63 17 70 50 80 58 49 70 56 71 7 89 80 81 5 43 25 55 39 34 75
55 98 25 41 84 91 37 91 42 53 52 0 94 72 42 0 62 89 27 17 5 34 27 27 68 20 20 3 56 2 27 73 27 87 70 34 97 74 81 61 31 69 50 37 63 48 83 60 58 1 85 65 86 12 51 44 42 3 42 22 7 17 26 96 52 81 35 61 90 15 63 54 74 72 2 84 59 19 2 70 37 40 53 88 3 48 0 28 49 27 10 55 31 32 74 27 8 50 62 85
61 0 98 45 29 64 16 7 69 90 30 33 87 56 37 13 60 34 84 93 63 24 77 14 5 19 65 60 66 67 55 17 69 26 20 78 39 87 28 46 35 91 95 36 89 68 79 80 80 45 88 24 98 8 0 79 67 31 38 6 3 97 38 0 60 4 91 20 49 64 60 55 79 43 32 69 53 58 31 41 41 62 87 48 43 28 13 45 59 83 11 22 47 96 36 21 8 98 36 59
54 64 9 68 54 54 27 73 67 95 43 75 30 25 92 37 20 45 26 8 91 54 29 71 43 51 80 44 84 88 99 8 77 90 56 92 21 33 80 2 79 72 82 45 27 98 28 33 72 33 54 63 25 16 44 1 42 36 36 70 54 51 30 48 61 95 7 18 47 31 95 25 99 86 77 62 11 76 22 94 75 5 59 34 90 95 14 51 21 91 62 19 94 78 90 86 92 17 52 65
35 15 95 35 31 27 87 83 95 5 29 76 66 69 29 26 24 44 37 85 23 36 89 44 40 6 90 50 53 48 52 46 71 51 61 3 22 2 91 38 78 27 77 27 11 97 77 7 33 50 96 44 21 2 26 61 53 80 44 92 89 19 51 56 4 31 0 40 47 78 10 71 31 61 38 17 86 33 64 5 81 64 43 34 14 84 91 11 15 40 54 32 9 19 15 92 42 5 31 93
7 53 46 16 4 96 24 82 90 19 47 42 3 59 94 24 42 33 63 45 51 30 23 21 9 30 89 88 82 58 4 65 64 52 55 93 57 16 10 6 76 44 59 85 44 2 65 84 25 54 70 31 69 36 83 24 16 90 88 87 57 97 36 56 90 49 35 27 15 50 75 16 15 20 1 23 22 67 18 39 32 47 88 91 35 47 57 37 67 89 9 27 18 67 78 35 48 8 47 0
56 41 82 10 82 89 72 72 18 60 40 49 71 62 73 57 64 39 42 22 0 75 65 57 27 99 6 31 98 57 59 19 13 52 65 5 61 44 15 1 85 75 48 19 9 78 19 61 39 88 18 70 82 0 47 83 89 70 33 56 20 83 9 15 7 82 56 14 87 84 93 91 90 74 14 24 8 18 36 39 59 6 79 89 53 80 14 25 1 3 52 42 76 51 6 64 6 19 30 45
0 88 87 4 79 91 16 75 96 77 58 69 8 0 98 19 1 84 1 17 26 77 98 17 84 51 40 36 6 13 74 24 36 22 22 94 59 63 19 89 57 82 70 29 44 61 3 65 61 50 61 15 97 75 42 96 22 66 31 62 37 73 87 52 32 57 15 32 19 85 76 6 46 74 65 81 28 74 90 61 33 26 18 42 41 48 99 96 58 72 94 37 98 92 96 72 64 30 50 61
63 88 55 11 33 14 30 81 61 51 58 61 34 29 64 54 30 8 78 88 5 52 31 38 11 94 9 73 9 12 76 70 74 44 91 99 68 22 40 15 57 97 64 46 70 37 64 27 58 45 36 58 99 48 55 74 6 10 79 16 26 17 34 3 6 98 66 48 73 28 1 55 37 92 8 69 33 5 95 77 39 73 77 6 2 27 26 55 24 73 6 82 69 25 3 82 92 21 6 33
58 58 97 49 48 5 43 8 22 1 8 98 38 89 61 63 32 76 23 88 55 46 55 47 23 33 77 64 89 89 17 52 65 44 74 23 9 28 8 62 95 71 14 29 16 75 47 34 19 27 34 6 90 66 3 85 60 34 62 18 33 90 27 85 29 53 44 23 80 39 86 61 40 29 98 44 9 8 58 67 81 98 80 6 5 20 9 89 30 17 4 27 37 52 73 73 76 45 20 68
56 84 88 0 68 72 50 68 31 6 68 49 27 64 52 26 69 45 14 25 67 95 34 19 94 0 99 27 34 62 65 41 87 93 63 7 46 16 37 18 95 94 19 24 91 56 81 43 74 48 57 3 27 54 44 16 25 31 80 59 78 26 75 90 22 14 28 27 33 63 78 68 67 96 63 35 81 77 32 92 96 57 26 83 45 34 89 17 36 27 84 36 96 82 89 73 82 73 33 38
62 89 66 41 41 53 24 93 62 49 22 12 72 92 25 92 24 26 5 97 10 75 39 63 79 49 13 7 49 61 37 83 34 59 97 23 40 66 87 75 56 83 61 23 11 67 73 82 43 3 66 39 16 28 41 91 40 5 79 62 91 45 24 38 39 63 37 6 44 61 17 37 75 78 24 18 24 13 25 1 92 66 53 84 55 86 84 45 51 96 25 61 3 4 30 98 7 87 8 50
35 84 96 62 71 34 39 89 83 23 17 92 33 28 53 12 13 95 3 81 15 66 0 22 78 91 8 87 79 93 97 79 79 17 86 28 19 6 8 69 1 28 37 22 87 9 88 41 60 80 63 71 54 20 98 16 1 16 8 1 7 43 95 92 26 18 27 99 18 67 53 9 40 97 22 28 40 68 60 62 56 3 54 5 26 2 7 48 70 61 85 65 73 29 58 4 31 92 41 49
21 9 77 73 46 59 81 96 82 50 27 84 91 35 18 24 69 4 94 69 40 13 35 23 39 43 97 18 11 84 80 1 90 59 63 58 99 50 37 58 67 65 2 21 51 70 6 77 63 0 12 11 92 27 53 52 19 65 84 6 18 89 89 0 72 28 88 45 4 89 1 19 95 90 77 87 3 46 54 1 25 6 27 45 27 11 16 97 80 76 93 32 38 4 94 2 8 78 71 67
91 76 70 5 27 96 75 29 12 6 83 28 25 56 74 67 89 37 93 36 58 98 62 91 21 89 18 97 58 23 37 9 51 14 43 41 14 97 19 80 74 76 29 17 25 18 40 5 5 77 76 64 13 58 76 73 29 61 22 52 54 41 9 28 91 59 71 49 66 30 35 37 87 68 93 9 50 22 67 58 58 64 43 10 98 76 84 55 14 10 69 79 85 26 30 2 18 94 27 73
28 53 77 60 30 12 22 9 76 19 85 49 81 80 38 72 55 83 31 17 16 44 14 28 93 59 6 98 46 27 3 30 96 77 75 9 86 10 9 95 47 64 64 15 75 63 79 81 42 55 24 82 91 54 19 9 9 96 69 74 24 11 30 86 53 11 7 87 74 17 19 42 17 24 0 15 55 49 98 86 78 80 15 81 61 9 92 31 3 98 76 97 1 1 27 53 22 44 4 27
12 42 45 87 17 11 14 63 21 25 91 70 18 47 17 48 92 68 55 76 65 69 23 94 1 18 67 17 62 44 67 89 12 82 84 6 45 40 88 89 49 22 9 85 48 61 35 29 91 29 29 89 6 29 91 20 33 54 77 88 68 87 24 93 85 76 38 18 86 12 19 21 14 25 62 16 9 79 35 28 35 91 55 1 92 11 11 55 23 93 60 74 13 4 99 68 86 82 43 23
49 21 96 0 32 4 54 67 44 79 25 69 21 48 29 67 92 79 60 30 70 59 38 79 5 63 11 33 73 85 22 52 34 88 12 8 33 80 45 78 73 44 68 92 42 7 67 39 64 75 77 70 33 93 26 32 75 68 4 99 97 25 60 51 29 17 89 31 52 11 28 54 89 79 23 63 86 31 0 60 51 88 7 69 29 46 25 38 84 86 89 98 17 52 9 89 19 81 36 44
50 1 44 39 81 50 0 18 65 4 83 81 17 51 70 84 74 7 47 46 60 99 25 36 36 8 13 85 32 28 32 17 60 35 12 93 82 50 53 25 64 23 38 6 97 59 51 59 35 50 60 57 58 78 12 71 65 27 64 69 7 14 25 53 56 44 89 10 40 81 88 83 18 19 20 59 77 19 22 71 15 8 56 45 47 91 20 15 12 70 76 61 78 61 69 48 44 88 54 57
19 79 0 27 12 95 2 81 99 15 81 2 57 71 51 8 15 22 38 65 95 76 88 75 0 40 75 71 89 66 16 32 19 44 38 77 5 98 98 46 89 5 24 38 79 9 6 41 10 28 44 54 79 44 94 57 85 78 96 77 51 57 48 55 27 8 89 0 85 5 94 8 10 45 35 87 30 21 71 41 0 15 11 30 42 37 92 34 68 94 28 41 62 76 44 80 85 23 88 1
43 46 18 65 44 30 7 30 72 11 57 29 53 37 25 60 63 12 63 0 1 53 45 18 17 62 7 29 91 79 62 39 73 43 32 57 92 66 82 90 87 81 34 97 52 24 39 57 32 73 75 22 69 51 49 24 94 89 54 62 21 35 82 69 97 79 40 84 7 67 20 32 10 61 49 91 29 36 43 32 94 54 7 68 30 22 58 50 98 2 50 58 79 93 58 6 21 91 36 48
46 71 94 82 86 52 75 3 25 36 68 76 7 23 4 67 84 73 3 94 33 79 67 31 63 80 48 15 3 82 61 26 48 90 5 74 49 4 80 2 74 93 6 60 32 8 56 89 61 39 66 22 95 14 69 64 72 64 92 30 62 71 0 58 39 80 28 25 36 10 26 79 17 11 64 64 50 57 94 52 43 68 32 51 90 32 20 78 22 95 78 93 99 55 91 70 64 33 78 30
12 33 87 27 32 76 33 32 94 15 26 51 97 27 70 58 81 23 17 13 96 67 28 16 47 3 72 17 35 0 4 82 30 55 97 38 1 37 91 46 18 29 81 18 52 38 38 15 60 1 49 43 16 9 7 80 51 73 37 52 15 36 6 24 15 48 21 29 87 6 26 36 82 79 94 99 81 32 15 52 35 95 80 16 42 97 64 43 65 54 34 19 19 71 81 16 68 72 52 94
51 84 86 0 68 30 4 66 23 36 55 34 58 55 61 14 95 94 89 83 83 34 75 71 46 4 86 34 0 3 29 73 86 12 53 63 15 16 81 42 24 76 70 80 64 92 59 38 2 15 4 68 81 91 78 19 28 25 37 93 88 76 87 60 72 51 41 55 85 40 82 62 1 16 32 87 43 36 19 29 72 17 73 38 4 14 31 92 17 58 22 92 58 62 27 23 71 82 23 11
52 9 24 53 36 11 6 99 33 23 45 96 92 10 40 31 57 40 83 40 79 34 47 89 93 67 11 56 26 29 79 2 11 83 91 40 91 91 6 85 43 9 13 85 50 98 89 14 37 23 58 46 32 86 4 92 62 54 84 53 5 18 68 86 24 60 58 77 52 70 75 51 94 1 99 64 82 44 30 57 83 30 96 74 95 67 61 88 81 89 20 7 59 45 32 89 73 78 45 4
90 78 88 75 91 20 42 35 48 58 16 18 47 53 16 36 68 0 85 86 91 21 93 41 3 87 16 7 60 45 94 28 60 21 87 65 15 89 28 75 26 10 73 60 3 54 8 86 36 42 81 89 70 74 76 51 34 21 19 32 10 95 71 31 11 61 33 45 46 43 94 94 35 74 68 95 67 33 48 40 98 86 61 94 60 77 58 83 57 78 71 9 16 65 96 98 31 24 88 62
5 62 67 27 85 84 90 45 49 19 35 17 23 78 39 8 29 4 90 37 54 22 27 11 0 5 90 75 12 35 22 23 24 36 19 42 49 32 68 35 30 86 59 13 26 61 47 3 48 56 63 87 64 49 95 45 2 0 59 53 43 76 39 55 44 51 53 82 61 77 3 9 62 98 91 87 73 48 79 81 4 56 94 34 94 15 85 77 93 34 91 71 26 65 39 86 28 97 11 25
36 83 30 72 93 75 96 90 11 19 58 73 26 70 56 80 57 87 81 90 13 61 89 46 16 71 94 57 12 5 7 73 21 88 8 51 22 85 72 99 20 36 29 65 47 61 20 28 28 19 43 56 35 18 15 34 88 39 53 57 71 11 86 62 67 90 30 91 68 62 21 91 95 93 82 37 84 58 27 10 31 55 32 44 53 47 78 9 32 52 76 80 16 38 8 4 27 61 60 68
79 47 30 38 47 84 86 45 46 56 83 32 53 56 55 48 97 55 27 69 63 16 88 12 11 8 57 45 76 87 93 29 50 59 95 23 33 1 64 7 63 40 83 52 72 50 43 36 67 92 86 66 69 62 59 39 18 82 73 56 63 32 45 60 79 80 53 83 11 51 86 34 48 34 53 82 24 9 48 34 3 56 99 67 73 85 10 82 71 16 15 44 81 28 63 76 43 80 52 81
20 3 82 74 77 72 27 7 84 52 73 25 66 23 15 30 28 97 44 57 63 47 38 88 66 88 63 37 94 56 41 99 78 60 90 80 95 0 37 44 78 71 11 79 59 2 85 13 28 14 0 57 74 9 8 7 17 44 88 85 90 98 80 55 19 53 22 14 48 98 39 8 18 82 28 5 58 13 91 6 58 62 35 65 9 64 31 41 48 15 2 16 44 83 87 49 42 59 57 63
43 26 56 18 62 1 62 31 80 94 0 87 52 8 32 86 69 66 16 68 59 92 94 66 1 92 97 31 91 51 61 90 27 2 52 21 0 49 39 7 72 31 39 1 90 21 23 7 51 47 54 40 32 55 20 30 35 52 55 94 59 66 26 4 97 98 23 39 64 74 35 30 20 9 99 68 11 55 53 84 58 23 30 46 56 10 63 98 80 5 29 93 19 0 42 57 29 64 27 50
61 8 37 2 91 96 63 16 58 53 56 45 54 40 58 99 74 57 20 26 77 97 54 93 75 28 89 65 37 76 21 81 37 38 54 5 97 48 55 36 42 85 61 33 25 24 33 50 55 73 14 24 54 97 92 30 42 52 53 59 55 10 38 39 60 12 32 6 79 34 23 61 33 3 25 59 79 74 23 23 93 31 30 72 22 40 23 12 50 70 74 53 44 41 81 59 31 64 12 84
24 95 36 76 80 23 83 88 63 73 73 81 30 39 78 61 3 94 63 34 76 70 6 41 25 65 45 77 19 64 94 83 4 24 15 48 49 35 37 50 9 19 39 11 2 2 79 58 82 52 1 23 93 53 20 22 34 52 62 34 19 0 48 90 37 69 83 82 90 37 52 73 4 93 47 37 11 12 78 99 82 48 65 8 50 74 14 45 5 12 73 97 43 71 28 42 75 60 46 2
30 88 95 45 82 37 77 60 29 61 78 0 65 0 12 9 81 20 58 79 77 99 25 14 24 24 28 50 20 71 91 58 88 96 85 94 47 72 74 15 13 83 6 5 58 81 42 64 28 98 67 15 30 36 91 85 57 97 52 52 61 95 15 57 19 24 77 1 14 32 74 66 55 18 97 43 1 4 39 65 97 58 87 84 35 56 17 61 52 0 18 93 37 48 82 21 76 22 65 34
83 23 75 13 59 96 4 27 29 47 37 32 39 40 17 4 42 84 90 76 27 15 79 31 26 1 91 66 7 86 12 5 30 11 7 31 33 59 41 64 67 89 6 4 50 43 51 55 83 30 42 89 13 24 70 59 57 35 88 9 67 41 12 59 28 31 53 35 15 92 38 97 59 80 71 59 5 19 47 72 7 16 62 65 92 62 89 63 53 18 87 99 61 50 60 79 92 28 73 63
20 93 32 73 19 35 51 58 8 97 20 70 39 21 47 70 56 87 91 97 86 15 27 77 12 42 68 24 47 10 69 93 14 63 77 32 3 49 22 12 72 26 58 89 54 57 74 3 92 91 14 89 75 11 46 50 50 76 88 83 26 43 66 78 8 13 84 22 18 38 8 81 24 43 67 70 94 69 93 37 93 19 29 69 91 71 83 5 30 20 71 69 84 54 20 11 85 11 75 41
37 9 98 85 33 75 39 45 93 54 52 4 92 25 11 20 0 18 9 35 75 63 50 19 51 74 55 8 47 41 81 2 59 53 84 55 64 54 45 65 38 12 38 88 27 47 44 57 28 38 78 99 38 41 37 31 91 92 19 26 83 95 44 25 82 58 24 98 59 62 53 43 50 22 55 50 17 9 41 32 44 8 3 1 97 1 65 30 7 48 66 99 74 86 60 49 1 55 36 90
38 7 68 32 91 36 13 85 83 47 94 60 77 55 59 97 73 84 33 41 53 40 70 96 11 87 35 79 37 85 12 0 29 11 7 12 95 6 54 88 74 63 50 75 53 32 12 26 67 27 95 9 84 59 53 17 45 95 81 47 89 90 53 27 23 38 85 23 26 29 99 62 33 99 7 4 60 22 70 67 28 3 58 27 20 53 49 97 58 23 17 1 5 29 42 76 54 33 37 3
63 25 13 38 82 38 43 74 34 74 60 21 48 74 21 99 47 14 83 50 60 10 13 28 89 25 28 45 97 96 61 66 2 32 9 28 28 35 60 38 77 50 32 16 73 75 23 22 32 82 82 29 16 61 50 89 21 27 42 48 7 76 84 96 93 33 62 96 3 64 64 30 87 9 85 37 50 25 26 97 69 91 9 13 90 14 6 83 13 5 41 59 63 92 56 68 91 99 61 64
22 98 60 43 30 13 20 87 88 55 23 62 48 22 20 21 19 27 70 45 81 69 65 77 52 78 69 99 45 68 78 33 67 8 77 29 24 53 19 63 54 70 66 54 53 93 51 49 9 92 75 56 47 6 35 25 76 55 99 17 3 41 62 34 0 91 20 32 53 6 45 68 87 28 23 91 76 69 23 31 62 75 63 83 67 53 64 67 73 23 75 58 39 6 65 4 99 24 40 37
7 15 69 35 42 54 57 83 66 98 75 31 19 79 72 52 79 85 97 48 77 84 70 89 18 86 81 84 12 34 37 53 41 94 26 91 52 64 31 66 98 71 30 50 35 34 45 27 81 35 76 68 96 89 23 54 72 13 27 46 50 8 82 11 69 54 88 33 25 33 43 60 66 12 69 69 77 13 68 39 29 36 30 75 16 4 78 47 13 28 29 44 94 13 70 95 74 64 72 37
56 70 77 56 1 83 45 7 48 66 36 16 67 85 93 82 27 8 54 7 57 1 52 85 26 51 88 96 47 27 61 89 70 28 84 25 24 26 18 11 29 91 32 53 75 40 39 9 81 14 37 45 89 83 38 34 99 34 21 88 50 85 62 39 90 41 91 50 4 19 11 68 61 18 44 5 44 36 48 59 70 13 99 83 42 78 85 36 13 89 70 33 5 48 78 87 28 75 28 89
61 65 92 45 32 23 4 98 81 24 1 4 28 44 43 34 2 40 37 66 29 80 8 7 9 52 17 85 98 17 83 57 83 3 88 45 10 71 41 73 30 42 87 9 63 93 66 93 43 2 10 7 4 62 49 57 68 35 14 70 64 79 88 35 71 42 13 4 84 79 78 51 28 7 50 72 8 8 58 62 85 17 34 48 54 58 49 76 65 46 85 21 99 34 19 8 7 26 32 94
40 1 38 23 75 30 50 97 2 49 13 97 73 36 27 6 34 61 31 6 45 69 6 38 83 71 28 20 50 15 41 68 55 48 80 65 39 59 53 86 93 55 81 78 85 8 89 83 51 59 34 69 31 85 13 52 17 78 99 63 57 99 75 19 24 23 67 82 82 48 47 54 69 43 28 9 66 0 27 36 0 86 87 19 61 44 33 54 62 55 31 81 24 34 46 68 8 89 44 70
8 49 84 80 9 24 32 36 82 45 97 79 23 3 8 18 50 76 31 51 10 38 39 11 59 1 99 78 3 53 57 11 42 27 39 72 64 53 5 97 7 21 76 7 94 95 30 42 81 17 93 48 72 65 86 36 77 97 94 89 38 85 88 82 29 3 8 59 60 96 27 95 25 44 60 47 31 0 47 9 18 68 24 55 96 55 41 75 15 39 17 83 2 54 15 3 61 25 15 13
28 26 24 91 64 93 87 33 30 60 94 31 42 70 80 17 9 18 59 88 81 5 16 72 88 94 99 97 24 54 58 93 56 47 55 28 54 59 75 5 25 99 38 91 19 10 16 72 84 85 82 13 23 95 52 6 68 92 99 87 83 87 68 11 73 33 31 79 8 22 2 37 73 21 10 52 81 53 65 32 27 67 76 26 22 14 92 18 88 5 5 4 70 96 8 28 46 3 60 19
31 41 0 83 66 40 52 77 48 96 43 86 99 40 82 24 12 84 12 79 92 92 2 34 24 96 77 73 14 17 12 18 49 86 72 55 64 34 89 90 59 45 71 38 56 51 99 33 28 84 30 91 74 88 55 81 28 38 58 85 39 92 15 69 70 82 42 22 57 13 30 47 41 24 35 56 14 50 88 47 68 4 69 98 41 85 24 57 97 24 81 83 89 51 72 31 61 84 27 37
51 30 92 46 94 2 54 58 40 52 5 84 98 38 38 22 23 50 98 0 70 53 9 62 38 94 4 1 60 75 31 84 74 2 53 50 5 48 91 19 73 15 52 71 62 90 41 29 83 65 58 13 42 87 59 8 97 91 17 13 6 91 64 54 17 65 17 44 86 13 77 98 59 49 63 52 31 13 9 11 77 88 61 31 10 39 39 43 66 1 97 59 98 67 96 48 90 47 26 10
40 31 62 98 24 52 6 29 76 69 63 6 17 43 58 11 52 98 12 96 16 24 27 35 72 11 19 97 8 74 72 32 46 52 95 47 60 65 14 11 54 13 94 30 74 38 25 47 28 65 86 95 92 65 30 13 15 6 49 18 4 92 54 26 75 96 23 1 44 56 42 8 36 8 73 40 99 98 27 11 4 22 32 85 40 29 38 42 91 29 45 82 59 23 52 88 25 32 24 82
82 26 46 36 46 59 84 25 73 33 5 21 2 26 21 73 64 49 82 64 3 1 56 22 70 39 21 79 89 82 54 26 70 47 90 52 35 74 83 17 75 29 89 28 82 24 90 99 2 23 16 64 72 64 94 53 25 64 21 20 41 55 28 71 89 14 75 12 72 50 84 25 85 56 30 36 34 98 31 25 32 89 54 43 46 73 24 21 25 2 65 30 47 97 20 60 23 29 97 59
66 83 63 4 3 12 68 37 11 28 7 58 2 18 41 12 30 25 92 84 7 87 90 70 7 72 92 75 94 13 24 30 9 7 96 37 99 87 16 83 78 90 92 93 80 37 45 18 45 5 68 6 17 60 60 28 18 68 45 90 39 36 4 92 46 52 15 51 85 51 70 73 84 66 36 79 37 72 79 87 11 60 18 85 82 72 91 18 61 27 0 55 89 74 96 98 70 32 92 53
12 65 49 69 68 95 53 17 51 21 36 97 51 99 99 3 33 10 94 10 14 98 94 99 97 93 24 76 45 55 52 95 94 29 55 37 84 33 38 75 31 45 64 76 24 13 82 2 30 46 58 84 92 18 16 68 72 56 58 36 41 59 98 56 56 35 60 14 49 48 8 37 78 95 58 26 84 28 97 80 28 19 43 6 9 16 50 73 49 61 20 5 16 75 79 62 3 65 19 98
22 39 62 64 59 50 76 64 63 74 5 21 60 31 6 33 68 45 59 77 77 89 14 86 0 9 66 17 25 1 6 61 2 75 78 98 11 93 82 99 73 89 92 43 50 78 52 40 72 34 88 0 40 96 84 43 22 57 66 71 11 65 73 94 56 64 22 70 75 4 17 28 44 35 93 74 44 0 7 74 66 67 86 51 98 18 90 11 51 40 55 3 5 84 44 72 71 46 90 52
44 82 88 57 75 54 37 47 74 57 17 35 96 94 62 80 49 3 16 28 64 63 33 37 73 76 18 41 27 9 75 24 45 88 89 49 23 39 18 36 40 32 70 71 99 52 62 67 24 66 3 99 48 3 11 78 3 70 13 37 97 31 52 63 43 17 45 93 6 29 92 93 23 55 53 15 21 28 73 21 4 81 99 75 9 21 19 74 28 38 25 28 79 50 98 69 70 93 77 6
34 37 97 34 20 60 17 35 45 32 47 17 61 79 46 67 27 94 41 6 73 65 12 75 39 52 30 4 78 89 95 52 69 99 0 33 2 55 83 11 67 6 56 48 21 87 80 79 18 81 70 98 27 37 12 27 94 92 70 64 19 74 20 88 8 42 68 48 1 28 63 38 73 54 68 8 61 82 65 64 33 5 95 56 43 51 74 36 7 35 33 70 47 83 22 38 85 88 64 74
22 75 10 58 61 93 51 99 23 80 47 17 76 68 10 30 59 60 24 94 17 21 46 87 51 10 94 91 9 76 68 14 74 45 93 9 74 36 99 64 55 34 36 73 47 83 43 2 47 33 49 5 87 63 84 71 5 31 38 17 17 10 25 81 32 24 95 5 64 97 86 38 77 79 8 54 16 36 20 0 83 46 11 71 84 58 38 34 48 49 89 22 57 31 14 25 26 33 40 40
85 18 41 34 74 78 41 16 13 75 49 31 49 97 80 7 74 32 2 42 91 62 55 15 98 19 44 80 44 54 39 14 0 27 52 47 13 16 66 43 51 18 22 48 53 42 2 87 52 9 90 29 43 63 87 5 58 14 78 39 75 85 66 88 23 17 96 89 82 97 50 53 69 90 56 38 77 62 80 6 93 0 77 45 62 57 69 27 63 66 75 59 63 14 57 63 82 47 85 40
60 86 1 31 2 82 49 31 49 52 89 69 25 23 60 22 43 6 40 83 31 8 66 79 95 18 35 81 8 77 50 32 4 63 99 92 75 43 61 40 43 33 12 12 33 44 53 69 14 2 33 18 76 53 45 75 12 98 58 53 45 21 39 57 69 5 48 61 24 84 28 22 0 94 1 37 83 44 96 92 66 60 47 18 39 19 96 34 42 23 95 15 93 26 47 95 50 96 64 86
