100 100
4 54 26 68 36 67 64 37 51 18 26 91 72 78 39 80 81 71 18 80 11 61 23 61 0 33 94 0 15 25 13 25 27 43 2 12 69 95 38 28 66 86 14 80 13 3 65 81 11 27 9 13 97 27 96 67 88 82 27 61 80 5 29 65 34 59 75 21 91 66 51 20 89 34 77 8 31 68 10 65 47 40 9 97 88 30 78 89 90 2 72 44 75 89 94 71 93 31 69 38
33 31 60 71 86 61 7 54 57 79 22 14 13 6 33 92 22 22 63 18 4 51 79 35 24 27 81 60 75 20 77 53 80 75 47 69 7 71 56 38 27 0 49 2 71 31 45 58 23 28 71 22 99 48 44 45 48 48 67 13 30 35 29 66 47 55 29 76 64 44 7 46 70 54 59 98 9 63 38 37 99 8 81 3 9 56 88 48 63 77 76 98 89 79 82 88 85 78 11 2
42 33 72 82 18 52 95 2 55 48 36 61 51 37 87 78 52 99 66 44 98 74 38 6 86 9 31 55 6 91 46 2 28 90 9 38 38 44 46 88 16 7 18 80 18 15 75 94 74 93 3 45 51 97 75 18 14 37 56 72 44 4 30 96 70 12 73 99 97 94 47 89 38 43 77 23 44 99 34 59 22 12 50 90 54 93 18 94 99 39 79 84 26 35 24 20 61 16 84 68
45 84 5 0 1 71 90 76 69 61 79 2 35 68 71 81 75 9 34 92 98 5 61 70 83 80 91 94 42 40 25 11 24 38 43 3 23 68 28 88 45 69 15 58 64 26 48 44 41 35 99 8 28 99 11 59 73 9 69 19 36 62 60 38 5 76 82 20 6 61 77 4 76 99 12 77 19 40 16 22 83 65 77 38 18 59 32 76 39 85 62 3 7 50 86 0 49 91 34 96
99 24 92 23 89 64 11 59 37 12 24 81 10 90 36 74 81 5 78 12 88 12 59 3 38 38 98 14 88 48 30 99 81 14 80 74 20 76 57 13 75 81 14 53 8 7 80 15 16 91 54 12 93 3 73 0 42 21 91 17 42 12 67 46 79 21 93 27 36 24 53 42 35 30 36 95 62 62 18 13 38 66 20 4 22 76 16 98 92 80 74 34 48 1 84 61 6 50 62 24
73 84 41 52 3 26 74 77 2 12 44 33 24 66 42 33 95 75 88 39 80 32 24 84 23 59 61 50 21 26 51 32 1 55 8 87 18 79 12 98 80 18 54 47 88 37 46 34 58 17 93 56 97 3 51 3 51 64 40 6 22 23 25 29 20 12 13 87 75 27 13 20 62 52 78 50 89 70 18 27 92 56 87 44 40 22 0 95 89 47 82 34 57 18 65 6 75 92 48 75
35 51 30 30 56 45 47 98 49 74 12 33 40 88 43 56 47 53 65 4 5 50 34 10 62 74 85 0 93 1 17 63 74 6 39 32 56 43 74 78 9 65 91 22 60 63 45 24 51 35 41 19 38 99 29 53 25 41 90 54 58 45 39 92 54 87 96 55 17 2 71 94 1 86 96 76 4 35 4 7 64 61 94 96 85 7 17 32 75 87 51 91 95 93 79 83 13 9 24 94
53 99 84 87 53 46 30 88 26 31 6 66 83 75 55 8 6 0 4 93 93 56 11 27 89 55 7 31 91 24 20 69 57 72 53 73 11 89 80 79 4 46 75 54 24 97 45 21 65 69 37 14 54 42 8 97 29 92 75 8 68 55 87 16 52 85 2 8 93 88 50 40 1 65 68 45 76 65 15 93 86 49 95 80 87 97 28 18 69 48 26 0 38 56 96 99 61 16 48 82
63 58 30 5 40 6 92 77 87 20 25 3 42 14 17 87 67 63 87 63 26 10 19 64 3 97 67 46 8 72 40 33 33 3 83 39 8 94 51 24 66 93 34 94 62 13 51 74 24 22 28 72 91 86 92 17 91 79 79 13 37 28 18 86 87 80 65 65 87 52 9 96 20 35 25 54 67 12 29 72 84 79 50 81 75 21 34 41 1 67 5 68 62 89 4 22 35 93 59 99
6 25 86 58 11 66 47 15 34 80 64 82 34 65 64 82 72 21 99 20 76 51 66 13 39 82 11 66 85 8 45 24 21 24 76 77 34 45 93 77 73 82 76 82 5 69 66 99 50 18 32 99 92 34 20 8 67 72 78 4 47 99 86 85 22 94 86 96 27 69 87 58 48 13 43 52 92 91 39 99 73 49 24 68 81 41 69 47 3 95 37 24 59 14 44 3 53 16 13 30
3 0 15 69 1 44 70 29 88 22 86 21 37 64 95 71 77 55 90 36 19 26 96 80 35 63 24 23 78 20 26 86 7 10 63 15 23 1 94 84 47 49 76 31 37 61 97 42 82 82 97 9 67 69 50 86 43 41 30 80 49 35 94 15 97 56 93 22 31 69 6 25 75 86 26 8 63 43 48 63 62 30 25 68 82 70 22 28 5 69 66 97 19 57 22 77 55 80 38 80
81 14 0 26 44 25 1 46 9 0 84 51 69 27 35 42 3 54 21 7 24 59 42 97 64 48 22 45 12 27 22 28 6 38 47 83 26 22 43 86 24 16 42 63 83 53 51 74 19 93 30 4 35 7 17 54 41 52 8 21 11 2 9 45 73 55 95 85 60 95 21 77 68 8 65 34 80 1 17 39 46 94 20 71 78 14 67 59 67 41 8 88 90 35 71 83 67 91 94 24
40 59 12 48 13 74 30 37 31 65 83 74 19 10 81 46 3 22 69 10 21 89 14 79 83 85 84 9 6 14 45 20 27 78 99 24 54 86 9 64 21 52 10 49 20 83 92 95 93 85 22 39 72 65 46 73 58 63 54 88 72 81 73 77 88 44 5 52 51 89 44 38 89 12 8 48 23 9 1 77 15 63 81 49 40 53 47 22 71 79 59 77 74 20 27 57 61 87 37 59
97 41 56 47 2 7 89 82 67 21 38 35 98 35 28 84 64 97 97 90 48 15 19 54 33 27 6 86 41 98 70 32 10 68 75 5 50 91 57 32 55 9 57 9 32 44 57 27 17 74 64 34 94 25 97 66 88 95 4 82 93 87 48 26 45 46 93 33 61 24 13 7 76 59 90 83 94 64 91 13 26 87 63 93 26 60 15 4 37 67 91 8 94 66 9 95 43 9 50 71
52 7 90 30 50 14 39 45 99 91 23 77 34 86 55 16 26 11 6 5 96 9 5 50 92 46 40 46 90 84 33 12 93 44 10 57 8 62 89 79 77 62 78 22 71 13 63 5 26 91 80 75 81 14 82 20 98 73 55 25 14 49 11 60 4 26 70 8 81 59 38 82 72 97 7 12 65 76 18 90 16 24 20 42 20 28 3 85 97 83 92 20 99 11 90 19 76 46 49 34
29 56 66 4 70 65 98 90 67 37 20 22 72 76 9 26 92 3 66 19 87 78 49 91 26 20 93 95 13 29 41 3 86 71 18 15 49 78 18 25 5 40 38 0 18 0 71 44 80 71 92 84 45 31 29 32 42 0 64 39 3 99 18 11 34 79 17 92 52 5 77 77 65 53 27 13 6 12 43 33 63 50 41 30 8 21 22 44 47 5 1 99 13 61 7 24 0 20 2 39
94 20 19 96 94 37 68 15 23 85 73 1 21 65 68 24 97 82 6 51 16 2 11 9 8 15 6 35 77 44 86 27 82 63 36 33 29 44 37 23 22 78 38 1 76 3 93 4 45 85 71 24 38 83 90 97 96 89 12 57 78 69 46 55 69 37 9 93 51 36 0 36 82 80 95 30 45 91 4 57 68 42 80 38 80 94 27 20 95 4 81 30 99 79 35 49 30 24 73 95
64 33 31 83 88 86 48 59 32 94 78 23 49 40 36 59 83 92 40 23 33 54 14 64 27 30 18 69 60 25 4 75 99 78 52 95 38 97 46 77 34 45 30 21 54 88 93 44 77 33 25 23 63 24 64 99 55 93 31 57 4 29 37 95 42 38 4 2 77 39 2 71 79 95 93 4 68 4 79 75 18 75 39 19 10 20 68 91 33 16 74 98 5 9 7 96 92 22 38 58
52 15 45 21 83 87 10 38 61 16 49 15 64 12 9 28 39 36 9 29 43 18 18 12 80 30 9 61 33 25 37 81 95 79 83 31 40 66 63 3 74 92 63 91 56 35 56 42 52 34 98 68 90 96 41 71 22 2 94 9 45 1 53 32 30 29 5 76 26 94 21 21 33 96 89 98 43 10 58 12 3 58 83 95 33 70 96 38 26 39 78 19 30 57 80 7 8 41 2 75
41 14 12 13 88 68 29 30 16 89 23 61 50 72 82 14 25 45 91 34 40 56 87 67 63 75 45 64 57 5 9 95 63 15 29 73 78 27 73 39 84 44 1 16 17 17 43 60 93 99 4 29 37 85 20 99 79 54 26 64 72 10 82 75 39 42 46 74 15 2 75 15 54 21 10 68 94 99 26 37 30 99 19 55 23 16 37 25 67 84 98 47 16 33 89 74 90 21 72 94
1 87 57 92 57 27 95 55 52 1 13 80 21 41 90 49 56 66 77 36 7 40 95 30 58 70 33 49 51 7 25 71 65 21 34 78 86 35 6 75 94 16 41 42 88 10 25 20 1 71 96 49 21 1 8 23 25 80 1 53 27 63 32 81 27 89 69 16 60 18 5 17 18 13 63 7 67 73 97 37 5 2 33 75 52 0 4 83 86 59 31 60 82 64 50 40 85 60 50 59
21 7 95 21 16 18 27 29 1 94 86 45 97 10 99 13 66 86 62 82 59 42 9 19 45 20 18 34 30 32 90 82 45 74 79 65 92 26 88 92 67 67 36 7 15 88 94 70 86 30 50 4 44 22 94 23 51 30 32 70 85 20 59 10 87 40 36 72 5 42 43 0 19 89 42 71 55 71 44 4 41 38 13 70 80 1 58 14 95 57 42 56 66 55 32 76 47 6 30 45
43 35 85 89 67 40 65 57 51 46 67 92 48 96 91 81 26 63 62 4 22 30 77 4 71 17 67 0 59 15 39 26 13 27 91 61 69 5 67 75 69 99 64 27 15 46 64 92 68 72 52 31 34 73 96 58 94 89 12 0 12 30 10 83 64 6 30 54 55 9 70 66 41 80 33 32 71 77 17 8 53 98 78 26 30 52 61 48 65 37 27 18 87 46 44 16 30 60 93 23
78 82 50 66 10 96 11 7 16 48 39 10 43 63 38 22 58 57 34 64 10 14 37 79 27 21 93 94 99 38 59 56 85 46 40 99 7 29 33 97 6 29 33 95 3 13 58 70 10 0 6 67 41 89 15 72 26 33 0 13 10 34 69 9 11 34 74 92 54 77 31 89 55 78 67 53 1 21 78 99 26 43 44 10 70 6 76 58 46 65 48 81 70 6 44 72 7 26 45 14
88 20 39 24 59 31 36 63 43 9 78 81 28 49 64 95 48 57 13 98 60 13 43 29 0 0 13 53 88 12 93 44 13 17 43 48 58 25 59 15 33 92 27 39 87 59 33 50 24 95 42 12 18 16 19 40 5 22 73 95 98 86 17 59 73 19 36 74 9 42 94 55 51 60 48 67 2 95 90 32 40 55 83 58 35 16 72 18 69 17 73 8 19 52 10 55 58 13 17 84
93 80 83 60 62 70 18 85 13 83 0 57 39 17 66 43 15 43 7 63 70 84 24 36 85 73 25 80 25 87 99 40 43 49 20 32 47 69 88 7 36 9 23 50 6 79 49 48 85 17 29 85 32 10 31 42 32 27 56 7 53 28 53 32 98 92 45 25 64 48 31 50 23 94 18 28 29 65 80 89 64 87 42 39 90 32 50 25 74 1 56 20 14 32 72 47 83 28 58 83
24 12 11 51 48 93 62 98 93 58 69 96 58 87 79 83 86 21 76 50 97 3 68 32 78 51 58 62 9 25 66 23 2 79 79 21 14 27 7 88 85 46 93 21 70 16 63 62 85 97 49 18 83 3 90 26 38 61 43 60 10 91 51 23 69 2 97 22 94 30 46 1 39 12 20 68 47 50 83 18 27 60 88 50 59 93 64 18 60 48 24 81 88 1 61 48 48 21 81 61
87 27 17 91 98 31 67 51 46 72 0 27 91 57 50 99 66 82 82 51 59 34 28 82 98 39 29 97 98 34 74 23 2 37 29 66 0 2 72 73 20 33 81 55 91 63 12 89 61 6 27 8 1 13 6 38 50 66 17 73 18 94 41 13 74 98 6 21 94 7 0 34 41 31 48 41 95 92 84 78 39 68 35 54 26 20 43 58 38 20 81 84 82 40 94 37 94 20 65 85
77 83 67 62 40 21 66 15 70 38 37 45 79 3 79 4 4 24 2 28 95 32 69 60 95 34 30 0 71 60 13 2 57 34 98 68 71 50 44 21 55 32 68 3 15 67 83 9 6 45 86 82 69 77 35 3 74 45 12 31 17 26 76 36 43 58 98 32 4 9 67 85 50 27 76 34 41 50 59 74 5 95 29 93 31 37 82 58 57 42 58 33 60 1 43 95 58 98 60 3
42 24 51 97 38 14 79 55 25 17 67 1 7 47 13 95 2 4 34 10 36 18 66 60 75 97 41 88 75 30 86 34 62 56 24 18 31 52 41 6 64 71 3 51 97 28 4 25 7 95 26 7 10 42 57 13 44 29 38 2 85 59 48 37 82 40 30 18 38 34 35 58 51 41 12 37 15 32 18 92 53 99 20 5 71 26 51 69 47 21 65 5 79 57 58 67 51 37 64 33
61 71 24 55 77 99 22 37 60 68 16 71 37 50 53 43 10 30 57 29 68 28 63 73 69 10 74 26 67 24 21 53 13 1 71 75 51 98 8 41 13 24 10 23 69 16 4 36 49 84 0 96 28 90 62 46 20 4 27 92 18 97 84 26 63 30 74 18 50 33 78 8 90 57 12 36 31 28 82 0 96 32 63 70 51 7 77 4 15 26 71 81 50 4 22 96 6 88 19 17
90 37 85 65 15 17 91 96 54 18 50 98 33 12 62 77 45 45 32 72 46 95 66 25 55 4 27 63 59 18 73 80 23 89 64 15 25 83 69 83 22 93 67 13 16 50 38 19 15 57 14 45 25 19 75 77 90 51 64 66 78 87 84 45 65 54 94 85 91 33 33 84 1 31 53 41 12 87 80 47 94 37 41 45 23 70 94 46 20 2 58 92 5 19 20 76 35 50 83 87
75 36 76 41 93 99 84 20 54 23 73 62 10 0 64 97 32 92 2 52 79 45 93 13 35 60 24 70 35 37 83 10 99 69 60 20 16 98 13 70 24 95 67 43 64 78 94 34 57 32 43 3 69 64 46 43 12 64 2 95 47 27 24 36 50 61 10 3 7 38 6 69 60 74 75 90 46 48 47 23 25 91 25 10 70 17 43 22 52 98 27 58 52 28 76 81 6 58 23 9
52 30 16 48 89 87 89 8 65 89 19 18 26 7 47 10 84 46 39 28 80 85 76 84 79 4 39 59 86 13 14 35 36 3 77 15 79 67 35 1 16 51 90 43 77 57 54 28 4 9 22 10 8 64 89 35 80 69 52 76 25 12 77 27 30 59 15 1 31 27 37 97 58 61 41 88 6 91 13 54 1 38 45 48 23 72 49 47 28 96 27 42 76 5 77 72 85 33 97 31
77 58 15 3 30 51 11 44 73 81 14 54 43 24 81 37 10 57 94 89 35 60 19 13 37 83 63 21 72 95 99 22 14 51 9 75 81 4 63 50 0 6 1 98 36 20 5 97 97 17 50 54 5 0 5 60 97 65 10 28 25 68 97 3 67 48 21 19 37 37 92 78 40 55 21 15 91 81 98 5 21 57 90 70 4 9 99 53 19 16 83 21 28 74 83 67 64 14 88 21
80 98 42 30 65 56 5 81 16 14 79 60 29 76 15 39 58 49 90 85 36 89 26 95 16 5 15 39 45 38 81 89 61 97 59 69 75 30 64 17 30 66 56 60 90 81 67 98 76 88 1 3 78 96 79 32 3 16 77 70 97 51 20 34 34 52 67 74 42 73 25 27 6 33 15 20 46 19 59 7 0 66 78 85 22 93 17 45 40 47 77 68 8 81 26 71 19 71 62 14
69 62 78 49 39 89 18 99 77 39 37 63 73 82 0 20 72 6 13 47 88 72 66 35 51 21 89 37 85 50 40 54 82 78 53 41 35 44 36 63 1 81 60 35 40 14 18 30 52 66 31 40 27 61 77 47 91 34 66 49 59 4 47 85 41 70 26 85 30 31 7 69 87 82 12 28 72 48 16 10 41 81 40 43 83 83 94 46 14 68 0 74 64 12 51 72 77 27 44 18
30 10 12 75 4 17 33 73 11 52 95 93 18 24 53 26 83 25 48 62 89 13 69 31 80 1 43 36 61 88 77 89 75 2 85 73 90 58 80 36 41 61 91 39 38 56 93 88 32 32 32 65 47 69 55 18 25 41 58 57 86 69 97 42 36 49 40 50 47 58 9 54 93 89 5 54 37 63 81 43 18 86 47 31 89 47 39 57 67 76 30 1 83 19 81 18 28 94 29 72
57 65 84 6 60 73 70 28 52 26 55 45 43 94 67 42 18 90 28 74 64 76 63 75 61 98 35 92 51 90 21 92 33 58 12 90 49 33 33 3 79 11 5 26 74 12 32 7 96 26 94 97 15 10 28 3 68 86 51 24 60 32 11 88 82 5 1 44 52 64 74 62 41 91 42 70 23 91 70 11 26 37 49 81 55 51 93 30 81 6 81 45 52 17 43 18 6 51 42 79
46 47 34 45 95 84 85 4 54 45 36 83 61 60 42 58 57 1 66 52 18 86 39 58 85 26 75 7 15 32 21 42 13 94 84 89 54 19 77 20 5 48 82 97 32 11 78 14 74 43 76 66 76 33 34 75 20 31 52 59 77 6 48 6 88 4 8 98 43 34 27 13 50 52 50 91 10 30 64 86 94 18 65 50 97 44 14 71 86 30 15 85 85 14 21 79 35 59 15 27
67 88 72 55 73 39 88 18 85 60 84 89 29 26 20 69 54 27 52 64 73 0 34 69 54 73 6 47 41 34 78 3 20 7 66 88 71 82 98 12 73 40 89 67 22 53 15 96 65 66 41 21 47 87 56 46 35 78 48 30 41 40 94 63 5 49 1 40 90 48 97 91 51 32 25 67 86 24 91 73 32 91 27 95 92 9 94 20 67 45 2 75 64 84 72 21 87 96 40 73
70 15 16 72 10 71 72 36 61 77 51 85 4 90 59 73 77 89 27 89 42 68 95 64 7 61 43 58 71 73 86 48 32 18 17 28 42 31 22 53 0 67 90 64 65 37 65 64 47 17 32 12 0 5 6 57 34 67 98 40 99 90 69 23 74 19 32 49 41 34 71 72 82 91 37 16 46 43 57 3 40 28 42 88 51 93 77 49 94 38 50 53 78 7 65 66 9 4 38 47
42 64 41 3 42 40 34 78 69 42 60 80 28 12 23 72 17 81 49 62 76 16 22 77 30 29 32 5 10 0 42 75 72 23 28 8 36 78 36 91 2 91 57 0 85 47 80 1 2 89 15 56 74 35 54 68 71 24 79 93 97 26 5 72 37 1 71 27 24 39 31 8 55 0 77 65 75 56 92 60 89 99 7 64 91 37 46 80 7 61 51 4 36 58 86 39 26 71 48 30
82 59 95 20 88 91 87 74 71 94 60 65 56 62 6 60 58 13 16 4 62 82 47 49 67 26 2 34 44 22 99 90 33 23 60 8 54 73 28 62 99 48 95 70 25 37 72 41 84 63 88 33 31 90 60 24 65 36 32 92 69 97 71 83 14 44 20 25 56 49 62 52 98 78 20 5 27 48 8 45 27 89 4 53 52 70 41 74 10 15 24 76 34 75 90 16 55 65 48 93
44 47 51 37 17 69 98 33 99 76 37 84 93 7 60 58 11 30 90 91 98 79 49 47 37 65 57 72 92 86 54 39 20 70 61 86 30 18 95 37 4 64 16 8 57 86 68 94 64 67 69 31 66 31 59 59 68 28 67 90 2 12 49 43 81 83 86 78 78 41 52 24 76 56 68 94 14 13 44 19 89 61 45 59 48 81 88 85 69 33 60 64 65 35 56 17 84 10 5 54
32 1 97 66 87 59 39 57 48 84 17 99 65 91 51 14 54 90 65 60 17 20 86 66 46 30 22 8 27 70 56 3 89 75 71 57 43 27 85 90 32 13 71 23 69 79 79 8 71 42 58 56 30 8 7 96 6 88 79 29 72 30 38 64 87 29 89 96 7 73 79 21 52 77 0 39 3 54 96 43 98 39 47 77 97 15 15 62 41 61 9 10 76 83 41 62 46 30 15 98
37 3 42 10 50 76 0 25 45 50 78 54 93 21 7 83 40 2 78 74 35 45 48 73 56 53 99 59 35 77 70 28 61 81 8 50 3 24 80 79 26 17 82 77 57 11 37 34 92 56 13 72 53 77 11 44 82 27 63 39 62 60 63 61 69 13 1 14 14 64 96 32 29 66 31 45 36 86 96 66 6 79 82 76 46 64 39 71 82 9 7 15 93 43 45 66 35 57 49 14
42 4 17 91 16 37 33 7 51 74 73 83 86 18 9 61 90 31 72 85 89 99 55 56 92 72 91 14 59 59 13 88 43 84 8 4 80 92 17 69 51 71 81 83 46 11 34 58 42 6 54 74 99 98 34 48 88 6 7 17 38 17 50 15 48 65 43 51 17 29 99 67 91 90 73 5 88 61 76 75 29 12 50 89 60 36 49 74 65 76 57 82 59 64 95 48 57 41 44 58
30 26 74 56 41 28 89 96 17 33 37 54 57 99 2 68 88 33 87 18 81 71 19 99 22 80 67 82 64 82 40 42 57 10 30 33 7 64 18 16 63 82 15 39 43 95 0 95 1 71 46 0 9 40 69 49 81 28 8 38 5 93 55 71 16 47 86 78 92 77 97 52 46 95 57 81 84 82 79 73 89 3 83 29 1 31 84 39 17 15 38 78 27 8 21 60 85 59 59 27
73 96 26 69 56 71 27 62 31 98 49 32 94 82 98 87 82 42 72 61 29 80 38 41 91 0 10 83 2 70 54 59 3 65 10 84 57 13 3 43 8 64 41 50 31 17 29 34 66 13 30 79 56 0 62 5 93 25 4 16 92 68 77 22 41 40 31 58 25 60 97 42 42 34 79 16 21 50 85 39 97 24 21 33 23 31 68 75 8 82 72 1 15 1 78 71 7 12 38 21
99 25 3 32 29 74 85 0 57 64 97 38 17 36 83 79 6 68 79 0 69 2 93 38 44 92 12 41 62 50 66 19 66 79 67 66 11 62 98 60 94 10 95 13 54 44 59 46 30 29 63 2 60 67 81 1 66 85 33 40 8 72 77 84 72 41 83 31 95 15 27 70 56 63 9 0 43 62 51 20 90 68 47 46 39 44 56 77 6 7 7 65 21 39 33 35 44 9 17 15
80 42 23 72 83 2 99 21 64 30 0 55 91 10 44 25 91 50 27 33 81 65 51 50 3 79 83 94 58 1 48 18 24 18 81 56 88 16 7 38 10 47 95 6 21 13 18 72 93 46 2 6 74 60 99 33 61 28 87 38 16 35 44 67 27 88 59 61 47 30 32 36 79 32 1 90 48 52 65 98 18 42 31 20 32 32 93 47 12 4 54 70 50 22 55 72 38 93 35 6
13 63 37 29 89 1 15 68 31 33 20 54 54 47 60 26 98 24 96 44 11 1 13 14 63 96 37 98 97 21 73 38 55 7 70 93 21 79 45 58 74 27 96 22 53 23 25 66 59 78 33 36 7 8 6 38 76 57 95 69 89 84 30 20 19 32 23 18 85 32 20 67 91 32 34 22 5 83 57 68 18 49 55 65 18 58 3 3 19 45 57 89 31 22 75 22 20 16 7 94
10 26 15 50 2 57 97 54 34 98 25 57 2 50 32 94 38 95 50 32 31 43 69 94 84 23 40 58 52 96 50 15 63 7 12 97 49 36 69 59 22 40 94 99 84 18 62 29 68 70 33 7 96 95 16 27 88 84 96 38 27 57 34 9 89 12 76 41 48 62 97 7 55 47 13 63 32 4 17 63 65 62 74 93 1 58 68 37 20 80 47 42 41 24 37 98 78 99 63 90
52 51 44 9 98 7 28 19 88 95 6 42 23 26 46 86 15 75 53 5 80 69 63 27 58 4 19 79 57 10 50 92 47 21 75 55 90 80 15 43 70 54 63 60 80 57 19 79 98 72 49 97 4 18 22 54 28 32 18 24 4 46 91 14 74 13 65 77 70 29 47 70 94 85 64 82 42 93 25 68 31 84 12 33 95 56 84 43 22 57 82 21 93 83 97 57 72 17 33 34
23 90 77 47 26 31 65 79 42 29 54 64 79 1 16 91 87 47 99 48 97 41 19 23 58 99 41 83 48 42 0 29 53 59 51 36 60 84 71 6 13 67 72 48 65 44 25 33 28 97 19 61 84 94 75 32 86 35 89 83 71 94 77 45 78 5 44 20 18 32 21 90 99 82 60 40 82 61 93 51 92 75 58 44 0 26 37 5 33 78 59 55 92 95 64 4 60 14 26 49
74 28 5 52 78 23 88 94 27 52 83 46 10 69 60 77 90 27 59 87 64 65 94 16 89 11 96 61 44 45 41 3 8 75 6 48 21 28 4 24 51 18 10 27 37 62 1 39 86 72 18 65 23 23 74 37 36 20 91 9 38 26 26 87 76 53 61 41 66 73 53 47 49 33 18 36 32 30 12 10 98 50 85 49 21 20 47 0 99 93 39 25 5 66 45 41 21 52 54 92
25 41 19 58 63 43 72 96 69 75 30 3 28 23 35 81 53 51 78 87 52 8 12 25 91 95 49 84 89 45 30 81 14 16 97 26 13 93 82 90 76 68 69 10 6 99 68 66 42 47 35 85 28 84 93 57 68 26 68 79 84 79 34 49 5 7 81 15 57 69 46 58 90 37 25 88 56 42 65 24 4 4 95 20 81 46 39 11 10 45 17 25 44 91 78 70 4 91 86 32
74 75 24 25 45 57 92 57 80 99 66 78 39 48 72 24 87 4 62 56 89 26 36 72 44 54 29 39 58 83 87 99 65 35 32 45 83 85 21 29 77 57 70 54 47 8 71 8 61 72 37 5 1 71 52 58 15 38 24 99 83 32 93 48 93 9 65 86 87 7 86 64 79 20 62 18 71 32 74 83 0 96 42 0 6 72 63 83 2 7 13 76 15 43 35 48 34 48 44 20
43 19 90 45 12 18 70 28 64 18 42 84 56 25 6 29 12 0 53 90 37 38 19 56 95 19 85 46 64 64 82 56 25 23 82 84 87 31 38 18 77 70 44 39 28 85 4 56 62 21 29 90 41 56 31 72 66 37 0 42 61 32 89 83 4 58 15 46 15 49 28 2 80 81 18 47 84 1 56 92 64 36 80 94 46 9 19 27 9 35 90 86 41 7 83 51 85 51 11 8
41 49 53 9 2 44 45 87 3 27 69 76 35 42 65 86 51 55 74 38 91 40 12 0 15 81 45 70 67 91 69 33 10 2 22 33 94 81 60 60 45 6 88 93 76 21 26 10 95 83 70 2 48 12 86 24 68 50 84 31 26 36 84 74 55 99 25 23 26 4 79 39 49 63 86 5 68 60 23 85 59 52 60 92 86 10 38 88 70 15 36 62 28 32 97 2 12 9 27 83
0 96 57 61 49 7 70 21 94 83 97 48 92 62 84 76 14 92 70 10 5 5 87 98 63 73 71 63 55 59 5 3 92 19 67 30 18 74 14 80 92 19 58 21 59 41 13 58 92 34 54 18 30 28 16 85 7 72 88 49 60 36 91 21 20 50 5 58 42 85 17 65 21 90 92 96 22 68 14 52 18 76 45 95 57 39 64 1 3 63 76 8 98 20 57 98 34 33 23 21
11 32 92 38 62 26 5 57 36 12 37 70 24 89 28 54 58 46 39 11 76 30 56 70 43 36 14 29 33 67 84 40 40 91 67 9 41 3 79 16 78 0 34 45 10 76 88 32 2 26 27 37 65 60 19 96 11 35 38 71 6 13 39 99 11 56 26 15 77 10 60 82 97 9 97 75 97 89 97 15 6 78 46 64 86 13 21 65 27 0 26 2 98 25 38 72 49 99 62 41
53 32 73 51 89 84 20 88 4 73 38 81 21 96 11 59 14 31 12 68 9 74 70 0 6 8 56 86 10 60 63 51 14 72 53 20 99 80 96 38 55 40 44 76 39 69 36 25 95 61 82 44 85 16 64 52 89 4 52 5 2 54 22 55 93 85 15 28 46 28 25 27 6 63 68 9 24 98 51 74 84 6 36 26 29 77 26 83 12 97 46 37 33 11 68 94 53 42 32 26
75 30 56 42 1 96 75 73 68 53 49 29 0 4 97 26 25 13 55 13 16 46 30 74 79 32 27 52 66 23 52 61 32 74 56 32 46 19 63 96 77 42 59 48 13 29 23 34 56 6 3 39 3 45 90 45 75 81 4 99 6 27 34 97 66 77 92 95 22 8 2 7 74 9 40 73 57 16 63 46 18 24 85 40 58 4 73 5 40 89 93 45 74 14 11 54 52 53 55 99
3 34 4 38 33 60 4 9 63 16 29 20 54 99 0 12 88 57 55 44 19 97 10 36 45 67 72 70 45 2 92 29 19 78 15 44 37 9 61 19 20 68 94 54 25 32 87 19 90 96 58 17 52 14 52 61 42 84 79 1 54 33 76 49 32 83 37 49 59 55 91 53 57 4 17 84 90 22 0 76 40 28 72 11 72 0 79 93 32 90 3 27 46 2 95 5 37 16 66 20
68 75 37 95 58 77 95 21 26 25 12 61 12 59 16 23 18 83 27 46 48 74 84 97 68 80 64 34 96 71 61 63 63 55 33 42 97 7 32 95 64 26 43 36 17 99 15 72 87 92 36 73 42 60 17 95 97 46 69 17 88 86 40 45 31 32 43 99 93 64 44 42 49 51 11 12 73 99 9 35 1 15 14 66 51 88 68 32 23 4 31 41 90 88 97 40 25 70 38 10
1 66 79 99 37 93 9 29 93 7 79 3 99 92 16 5 98 34 6 56 41 25 92 95 83 66 43 4 76 58 86 2 20 6 70 38 97 69 11 56 4 50 8 69 58 20 56 11 17 48 68 0 83 17 36 92 74 63 75 67 22 37 80 66 27 5 5 17 60 98 94 32 87 43 58 33 42 91 41 41 94 16 45 42 66 10 24 6 59 98 70 62 65 41 79 52 41 87 29 60
75 5 95 13 45 21 76 43 65 55 25 98 49 51 95 1 71 83 62 50 95 13 2 64 56 80 81 97 2 82 70 56 1 53 86 62 91 98 24 47 90 2 0 65 25 6 75 45 39 98 89 60 8 41 88 67 0 30 21 75 89 53 85 91 20 98 78 48 69 51 36 85 45 76 98 74 17 15 9 41 0 72 95 22 20 2 51 80 87 62 88 72 49 45 34 2 74 68 47 81
95 25 1 92 72 12 28 89 15 56 73 15 25 70 56 10 5 24 17 50 52 87 75 83 60 65 84 51 30 64 87 69 18 67 61 35 95 94 35 20 81 39 2 42 98 16 2 59 63 89 30 7 54 35 49 41 16 82 28 32 67 98 88 97 19 84 49 74 13 42 81 62 44 23 35 66 22 43 9 57 33 1 1 35 88 45 47 68 38 52 37 98 89 40 38 34 23 28 42 45
19 24 57 54 25 52 70 37 39 56 10 64 12 85 66 72 9 96 96 46 6 75 34 13 67 2 50 67 41 0 40 69 50 91 15 71 80 21 54 79 87 24 35 55 16 2 91 32 0 54 62 17 23 64 94 32 98 41 15 54 37 86 74 87 51 40 26 33 79 66 95 78 70 0 79 91 57 1 80 50 43 41 19 15 0 54 66 5 95 90 79 4 21 14 34 20 70 97 67 44
0 77 97 3 63 62 92 10 44 86 25 52 34 40 45 6 63 24 25 0 1 12 47 91 62 36 28 52 84 29 23 55 54 34 24 39 36 77 89 49 19 10 67 58 11 14 45 71 91 50 45 64 27 81 7 76 34 37 59 42 33 84 28 52 27 78 84 61 8 0 96 86 3 97 98 99 16 56 96 4 77 83 97 96 14 83 87 69 77 68 33 56 0 44 21 67 63 94 43 17
16 84 10 8 80 90 72 65 68 63 17 35 10 48 77 50 25 52 28 10 95 4 88 26 0 19 28 16 51 31 64 51 24 30 93 7 99 15 50 80 81 34 69 82 87 73 52 65 55 20 89 72 66 24 52 40 99 54 72 63 55 33 61 37 42 47 85 98 6 83 70 94 88 94 72 26 50 39 34 20 69 96 76 96 89 24 20 42 62 65 7 5 59 13 96 50 83 48 42 61
93 7 38 8 2 41 53 11 44 58 83 9 68 78 89 46 46 45 62 77 22 2 76 89 39 32 81 54 34 67 6 13 82 47 45 20 98 22 18 67 2 74 28 43 76 72 6 90 96 36 54 41 72 32 97 44 65 22 25 17 58 1 89 1 23 84 13 0 17 28 46 65 57 89 18 84 55 56 80 7 94 31 31 72 86 54 66 47 17 21 85 56 23 78 92 19 32 11 63 81
4 24 13 87 76 17 94 93 38 56 69 18 26 62 70 58 65 31 99 12 37 37 62 97 49 47 45 52 35 54 5 86 59 88 36 28 21 58 92 10 1 50 90 41 80 89 96 68 5 55 83 98 4 36 7 69 85 98 70 49 55 22 59 74 22 95 44 22 33 1 63 59 44 0 92 75 37 59 8 17 93 28 64 51 26 61 61 21 10 3 70 10 11 72 95 9 80 6 77 92
44 49 28 71 6 4 63 5 88 89 40 45 25 79 54 63 66 66 14 59 62 83 47 12 48 6 4 63 0 98 4 24 12 74 46 44 8 80 55 34 72 73 41 32 51 96 66 63 90 83 96 14 82 0 42 48 95 94 93 29 84 10 69 66 80 91 16 16 9 65 35 37 49 15 75 28 46 87 72 28 39 11 83 33 97 78 97 96 37 16 95 78 52 18 68 57 60 60 4 71
2 51 69 46 84 89 59 13 3 68 85 19 28 28 41 94 16 39 45 17 25 33 20 25 51 31 36 73 48 13 89 66 19 35 14 52 69 20 13 84 55 74 70 47 66 33 80 46 57 74 29 68 2 85 22 25 84 17 76 5 55 6 36 85 79 0 55 41 62 91 44 64 15 93 79 57 5 9 47 77 1 37 38 51 57 9 86 99 70 50 1 58 69 96 1 15 42 24 53 48
55 78 49 33 52 29 6 45 15 10 36 1 64 58 74 79 8 83 54 79 23 84 8 74 39 40 49 54 3 1 23 37 63 7 49 93 78 85 72 89 80 80 22 79 99 89 40 70 98 2 62 81 61 53 70 87 89 27 7 34 7 6 36 10 43 38 39 45 76 80 34 20 18 87 28 54 22 68 58 67 32 68 14 98 41 91 62 94 47 22 39 76 80 65 47 37 35 70 75 8
38 78 21 2 34 91 6 20 65 13 5 81 27 10 67 27 9 84 4 56 10 50 41 71 99 68 49 12 29 76 75 44 38 55 87 50 89 32 55 15 46 42 82 59 91 35 57 16 89 42 34 23 29 94 71 80 79 93 47 36 53 62 52 26 26 80 1 62 0 43 52 29 78 10 0 82 30 94 38 29 87 99 1 87 16 22 93 61 84 65 63 20 94 49 67 15 46 30 53 89
61 88 18 54 88 78 99 77 72 77 49 53 23 34 92 51 84 39 54 27 69 33 63 22 37 78 13 73 83 24 84 15 91 33 3 43 71 10 84 68 25 38 13 13 88 19 73 36 2 64 85 22 38 75 10 96 34 48 18 0 32 84 52 77 7 26 97 4 67 82 92 39 56 34 46 18 29 99 62 0 85 31 22 20 38 30 38 81 91 69 77 89 92 23 10 95 23 18 68 13
58 32 85 30 92 0 9 41 52 83 24 94 1 15 56 61 72 49 59 0 89 50 4 10 84 53 18 40 72 97 26 59 98 22 56 60 50 43 69 8 57 69 96 32 9 87 9 98 31 79 90 99 22 2 20 27 0 23 73 20 52 58 6 5 61 34 80 62 96 63 97 22 93 97 28 93 16 85 32 79 65 64 1 95 66 73 51 21 69 80 73 94 1 87 79 84 18 83 70 60
14 98 84 12 43 19 59 46 64 22 30 47 68 79 97 64 72 9 63 61 53 55 95 4 94 78 96 7 38 64 72 58 21 92 84 5 28 97 8 3 42 8 10 70 91 80 18 46 76 29 15 80 66 73 8 47 65 70 40 13 14 17 78 63 88 96 82 19 42 27 1 89 18 4 57 97 80 88 69 73 47 43 40 88 20 89 4 52 57 14 22 28 14 18 68 24 97 84 87 90
6 90 12 44 1 96 33 29 43 90 69 29 51 75 55 8 92 52 59 3 92 59 86 57 55 99 70 4 21 98 53 16 52 23 38 50 25 0 99 30 34 72 31 30 44 29 85 30 22 87 14 67 70 70 49 3 6 89 57 73 26 22 16 28 32 17 94 79 63 89 68 50 67 73 63 30 84 67 20 2 30 8 87 65 93 62 62 2 14 80 56 28 1 74 68 90 47 44 31 70
56 39 78 81 59 62 97 53 78 20 1 35 61 54 3 53 8 70 99 95 53 22 90 33 11 28 47 21 4 1 90 27 79 12 89 33 86 47 40 48 46 16 19 41 57 52 55 39 89 33 63 14 1 38 44 95 77 61 55 39 0 88 63 44 24 56 10 40 79 3 51 74 13 45 48 87 47 97 89 18 23 11 32 1 42 67 54 48 83 18 4 33 30 2 97 58 10 28 47 86
30 26 47 2 24 36 2 85 72 71 7 35 43 25 9 45 90 31 21 83 97 15 79 65 15 65 13 21 17 51 80 58 37 13 25 48 87 68 13 0 26 71 8 74 70 19 22 52 40 30 54 82 33 52 35 86 64 68 52 2 49 88 56 26 63 68 18 29 40 1 39 83 27 78 43 71 86 47 24 31 44 55 31 92 26 65 16 86 53 50 44 10 19 41 21 46 26 30 74 47
42 36 92 30 10 36 98 48 35 95 37 16 16 31 91 20 36 90 92 65 32 92 7 48 57 85 64 87 12 31 52 91 88 97 97 69 49 69 3 79 44 11 13 0 50 89 49 47 80 64 35 32 60 40 69 82 46 11 95 84 14 70 58 71 52 38 68 70 1 11 68 76 68 76 17 5 76 53 37 77 82 42 7 24 59 60 11 49 84 9 39 18 95 24 90 75 54 77 19 75
75 72 39 2 67 89 43 71 38 58 65 0 54 45 77 54 98 2 41 74 68 68 66 17 75 74 19 48 50 52 89 61 26 23 83 11 3 84 49 73 88 95 16 92 1 25 70 84 98 8 86 27 2 1 39 88 48 63 92 1 50 7 2 25 75 4 98 5 59 66 18 61 18 76 57 31 47 69 29 22 68 29 21 91 39 97 84 65 16 71 58 38 57 0 44 89 57 65 41 26
93 79 48 24 7 27 81 41 93 13 11 42 58 76 5 70 32 1 96 91 55 23 20 18 38 31 73 42 84 21 96 69 4 92 60 84 1 6 72 59 93 87 5 32 44 93 63 9 27 10 57 20 4 20 13 33 11 4 45 91 46 45 49 17 34 15 36 10 9 44 93 31 59 90 73 68 34 56 71 44 69 5 91 47 76 90 9 15 63 11 71 52 26 74 0 3 92 37 84 58
33 12 4 34 88 83 22 8 97 97 88 80 40 0 34 56 98 71 40 66 93 37 0 56 49 44 0 3 97 90 19 39 16 15 98 12 22 8 93 15 29 51 94 89 16 20 35 4 73 14 53 17 76 92 21 86 46 57 3 41 53 40 79 7 19 9 70 50 19 34 82 5 25 29 66 34 55 98 81 24 70 15 86 7 57 75 96 32 55 63 57 34 50 99 61 75 23 41 5 70
62 31 81 16 91 22 71 22 6 11 44 46 39 65 75 93 65 47 16 82 36 68 5 48 81 67 84 60 52 20 92 44 88 61 47 9 78 16 90 79 45 21 59 61 43 37 74 74 57 51 77 25 17 79 25 91 94 91 71 43 28 5 65 41 41 99 94 88 35 48 62 48 35 60 18 90 28 83 13 57 82 33 91 91 63 56 86 22 63 61 68 63 43 26 70 97 49 81 15 47
92 75 56 12 9 27 2 93 8 70 74 30 75 9 15 5 74 2 33 91 85 18 73 31 61 26 50 6 31 73 20 41 71 74 69 52 86 16 22 94 81 32 92 72 72 44 6 77 99 75 92 99 5 97 6 72 46 23 65 41 26 63 5 84 12 67 43 14 99 69 98 35 62 49 85 87 52 59 99 7 85 21 9 87 63 90 88 91 9 11 28 98 43 90 50 72 36 66 15 13
61 50 58 55 54 54 5 53 2 65 19 22 46 38 6 51 65 34 59 63 89 70 74 61 47 78 29 29 22 51 87 57 48 48 62 95 31 61 15 12 10 22 5 35 55 61 62 74 84 28 11 48 48 12 45 2 56 18 61 77 19 64 21 98 8 5 50 20 50 21 92 69 84 23 69 29 67 73 29 96 78 68 52 34 1 46 9 95 72 54 72 37 73 36 63 7 98 65 18 79
96 1 54 27 88 95 76 67 62 38 56 93 43 15 90 98 66 73 99 62 40 10 92 47 90 34 85 72 45 54 18 80 40 90 14 46 12 42 50 25 15 69 59 97 83 84 49 5 39 2 76 42 20 29 70 12 12 35 61 25 29 76 78 94 29 25 56 17 63 93 3 54 88 8 92 29 6 55 3 13 97 90 23 84 94 51 21 75 29 24 59 95 95 47 56 81 98 52 36 74
81 95 91 62 55 38 67 65 53 14 37 24 20 14 53 64 95 2 89 13 8 18 64 75 87 42 14 47 12 1 15 24 81 11 98 26 42 22 82 21 37 19 37 43 45 58 58 33 62 19 46 60 52 13 27 31 9 71 14 21 26 92 3 4 21 59 35 24 0 60 78 66 23 85 99 72 42 35 65 84 18 90 4 53 82 63 29 20 11 84 44 54 73 64 44 61 88 69 78 96
95 78 30 59 24 1 66 22 14 27 35 44 72 32 62 5 42 69 85 47 97 96 70 56 80 33 16 57 23 65 16 28 34 40 47 17 20 72 92 59 21 52 68 96 53 79 72 3 34 13 60 33 62 39 5 40 7 69 56 6 54 72 38 62 2 79 11 92 10 75 28 66 35 56 51 21 57 6 36 27 74 97 18 19 53 35 13 6 5 99 16 24 68 53 35 27 41 64 35 96
84 56 32 35 12 34 20 66 35 75 18 98 73 26 91 92 52 6 32 41 10 43 36 12 1 61 33 6 34 79 45 28 20 40 6 82 95 65 49 41 87 3 91 53 45 97 77 32 87 93 21 51 54 61 53 67 54 27 44 13 35 44 92 42 6 73 62 89 39 88 67 33 99 60 5 38 42 30 61 91 69 8 38 9 4 38 24 6 35 64 53 5 5 41 80 36 90 82 3 68
64 86 94 55 94 89 79 31 4 12 60 87 50 18 36 40 24 91 76 28 25 3 18 20 87 80 32 60 49 67 38 52 27 12 13 12 9 47 19 91 48 74 95 36 9 37 89 16 66 89 90 93 70 50 3 30 98 87 67 55 92 18 20 14 25 22 52 95 3 83 61 26 74 86 87 99 64 61 43 92 80 18 98 27 98 68 35 30 51 8 13 19 78 47 4 3 23 48 4 1
83 27 42 95 92 84 78 55 3 12 87 55 56 57 15 59 59 86 82 46 96 54 38 91 66 58 38 12 1 92 68 75 59 14 87 26 87 15 79 6 49 22 52 1 84 82 87 68 93 29 58 71 96 54 12 64 89 35 70 68 32 36 6 81 24 27 34 64 93 14 37 96 42 31 40 43 45 94 69 75 21 82 57 21 11 46 87 22 48 53 91 50 83 91 45 94 55 71 71 46
8 99 37 66 52 10 70 34 24 80 32 41 60 67 7 24 31 87 7 8 38 23 91 27 39 63 79 20 45 63 9 91 20 98 18 30 11 22 51 26 44 86 85 1 68 54 47 26 8 87 44 3 93 49 50 24 58 42 21 39 58 57 70 30 66 97 22 68 75 90 84 42 39 27 31 23 7 92 40 27 36 73 53 46 64 23 45 14 40 22 58 76 3 89 12 47 16 9 63 58
9 2 86 82 31 14 43 85 36 69 97 39 36 73 57 67 11 38 94 34 36 44 48 90 43 44 64 55 78 78 27 25 1 38 37 54 51 7 65 86 28 93 34 72 86 28 58 52 26 25 11 23 69 61 31 99 21 56 1 89 31 3 89 13 88 21 58 22 78 99 42 72 10 2 55 46 56 28 67 29 86 18 95 91 83 31 70 20 15 24 32 32 81 79 62 87 26 96 6 89
