100 100
9 11 11 83 74 71 63 31 87 36 90 67 23 50 6 59 21 51 17 24 70 3 49 4 57 89 49 44 56 4 8 63 7 53 33 57 76 48 66 69 66 68 51 80 70 40 1 19 89 77 68 89 96 3 36 52 58 93 45 38 0 30 30 96 92 23 44 19 87 84 0 26 78 0 52 49 40 33 60 80 28 98 87 28 47 73 14 46 92 27 61 92 37 65 27 4 78 17 30 68
23 13 75 91 50 50 40 99 21 36 39 19 31 96 59 96 78 12 4 70 8 48 42 33 28 22 64 45 18 90 82 4 72 92 57 36 84 22 38 86 47 18 71 60 97 22 41 0 9 47 3 59 91 42 29 51 74 11 58 71 42 46 41 87 86 60 18 11 89 48 97 17 87 39 25 25 75 7 27 79 23 7 51 8 19 79 29 33 19 75 48 95 8 45 73 31 87 34 10 63
54 58 78 98 64 91 85 10 31 79 27 2 92 25 14 99 35 96 5 20 77 49 90 69 94 44 63 19 6 25 67 73 29 70 52 1 0 72 59 81 53 14 84 95 23 70 1 56 55 2 96 89 92 44 78 2 1 62 42 35 47 73 33 28 49 16 34 61 82 84 11 96 65 16 3 95 38 0 1 27 91 8 54 65 19 57 86 91 89 60 32 35 73 19 9 13 68 80 32 99
56 53 19 58 77 12 17 25 68 36 48 87 5 88 14 49 24 5 40 87 33 61 19 36 14 93 32 25 25 67 29 62 44 78 55 85 53 80 66 95 78 68 7 67 87 56 83 78 22 88 11 75 12 86 54 25 10 28 74 19 38 1 86 98 90 2 95 9 10 96 13 32 21 86 88 11 57 73 58 9 26 66 36 89 13 14 70 2 67 6 69 72 11 41 71 49 23 8 47 2
40 15 76 27 4 27 87 55 93 79 67 25 32 75 61 50 65 70 34 44 48 18 64 79 82 23 14 73 55 43 12 19 52 63 89 14 98 59 45 29 82 53 36 70 22 59 12 21 2 41 20 95 82 57 92 66 82 34 84 87 98 63 66 80 46 69 89 72 53 81 40 92 98 85 79 3 95 31 90 98 40 10 2 76 4 35 78 35 30 0 96 41 4 7 64 59 9 12 21 53
50 51 98 83 6 94 17 86 25 55 88 18 92 21 84 29 13 22 61 33 43 10 35 10 35 93 74 16 37 96 81 28 78 43 34 2 88 49 18 88 39 57 38 97 98 63 41 78 61 12 46 40 81 56 18 17 60 38 34 40 79 52 70 71 33 20 12 13 95 32 61 21 21 58 81 92 84 87 96 19 66 14 79 87 5 4 63 75 64 9 36 25 10 60 80 56 37 41 37 77
25 17 33 95 49 36 61 84 48 43 17 36 45 68 51 3 75 88 3 61 1 91 31 66 27 2 9 84 93 87 64 6 26 77 43 3 42 11 42 89 66 39 37 37 81 85 19 77 61 26 7 11 55 86 58 88 68 35 91 38 59 15 42 40 23 13 60 26 47 48 56 0 26 31 6 21 3 15 61 52 80 69 38 38 37 37 9 87 62 94 58 54 43 38 73 55 70 15 86 71
43 1 73 38 88 36 60 65 6 33 50 44 67 63 32 79 1 71 6 9 97 13 25 29 31 26 0 90 28 37 41 24 71 64 92 48 69 70 22 39 81 59 55 80 60 51 0 66 86 71 6 49 18 78 2 41 36 33 25 5 68 11 86 36 87 61 65 3 46 9 22 46 80 99 69 71 20 83 60 20 90 77 38 70 46 3 28 8 71 56 42 58 97 71 57 28 49 53 38 45
98 76 46 85 3 5 54 99 63 67 88 73 54 6 60 55 28 24 29 58 50 4 4 11 11 15 40 28 15 72 21 41 56 57 9 40 8 74 26 39 34 36 98 10 88 97 36 79 4 35 8 35 10 12 11 61 73 82 55 25 81 82 87 74 94 36 53 95 48 57 46 98 90 39 47 45 10 86 47 8 6 25 51 22 62 59 20 91 15 61 77 53 30 66 86 52 32 56 68 73
37 2 53 81 20 62 64 11 15 99 25 25 79 65 65 99 66 29 89 54 66 24 76 1 17 26 91 40 75 11 41 0 29 22 13 89 80 73 0 85 68 79 5 74 25 99 35 11 28 86 36 75 3 75 83 43 72 31 72 30 67 55 30 95 39 83 94 30 63 89 15 29 24 31 11 35 77 77 15 77 27 75 27 83 30 42 84 98 32 64 83 18 77 42 58 82 71 17 66 66
85 69 73 63 66 90 61 26 92 96 32 13 60 55 95 64 79 73 31 12 97 14 90 22 8 87 42 31 87 72 30 77 2 38 78 61 78 26 1 22 77 85 24 83 23 49 71 41 40 75 92 66 8 83 9 12 29 53 33 22 89 67 65 56 49 22 25 69 37 58 61 5 29 97 1 79 4 23 51 79 10 66 8 8 56 22 77 76 36 66 95 33 33 90 9 23 6 26 78 53
29 5 37 39 12 39 30 21 11 90 88 15 73 59 92 13 10 86 52 4 33 51 99 56 66 11 53 70 85 23 75 67 95 59 98 68 49 18 44 82 19 36 96 14 2 65 43 64 73 26 24 97 43 94 49 34 85 21 73 29 51 72 60 50 97 78 20 36 46 23 78 41 46 77 99 46 84 30 84 62 63 91 67 7 42 32 26 27 30 3 78 60 55 65 32 47 10 12 40 42
36 16 28 61 54 32 87 93 77 84 36 56 20 67 2 97 13 62 65 1 87 17 88 74 4 94 27 53 45 49 41 8 52 64 40 90 67 32 6 78 84 28 2 3 33 35 0 24 37 83 48 41 35 19 30 70 47 45 21 81 85 83 58 80 23 88 15 84 28 43 75 18 55 38 87 51 0 54 94 52 96 53 31 91 97 0 71 6 93 17 59 65 60 17 8 51 92 33 50 65
68 24 18 10 18 98 41 45 3 75 26 91 8 84 89 17 36 55 61 89 51 67 11 72 35 81 53 10 67 76 92 93 7 2 33 27 28 54 22 62 21 71 19 54 87 47 90 98 63 68 16 93 92 76 47 53 31 82 74 15 91 46 28 68 80 74 78 54 46 97 91 69 53 98 69 42 27 16 92 39 71 34 16 3 42 46 45 10 66 72 86 91 33 73 95 60 82 40 84 42
41 67 23 4 78 79 64 60 7 23 68 11 3 95 28 79 96 17 18 94 25 47 65 56 19 68 12 57 47 53 96 85 17 91 56 85 35 15 33 50 31 56 50 14 34 8 63 52 55 10 68 24 52 71 6 66 67 20 43 44 45 96 31 27 67 29 53 43 28 18 10 52 80 61 5 66 84 36 45 38 98 0 66 33 68 20 8 91 68 20 82 1 7 89 73 92 49 64 92 80
55 71 33 91 99 87 30 20 57 62 17 81 63 3 53 36 15 54 76 13 75 13 61 36 73 15 82 39 89 6 88 51 67 13 60 86 7 47 78 99 99 30 67 22 70 3 75 31 21 17 59 49 29 75 89 31 67 72 32 37 9 20 28 73 47 46 18 89 27 1 4 63 87 13 74 89 56 90 31 13 99 56 4 1 3 8 9 20 99 53 79 79 76 87 44 57 14 73 67 44
50 75 35 98 42 1 89 19 40 28 54 24 59 68 35 26 73 69 85 94 84 51 43 3 87 83 98 68 56 55 2 73 12 95 73 28 64 19 32 92 17 56 17 21 54 75 68 39 15 19 13 22 97 81 27 51 62 85 3 5 83 98 65 90 8 50 16 58 93 65 23 5 69 99 60 72 48 17 35 35 25 98 52 7 41 42 53 48 78 3 64 11 10 58 94 32 24 82 3 34
99 78 26 64 6 16 43 78 8 77 47 35 67 26 90 62 54 86 24 8 20 37 44 3 63 81 92 23 94 94 90 34 90 29 30 97 31 68 28 14 25 27 73 64 44 24 25 11 25 29 15 61 58 58 53 35 6 57 21 62 87 92 45 83 52 34 50 0 30 11 81 6 51 99 48 44 93 73 78 13 51 76 85 10 49 12 69 77 99 9 23 29 13 44 75 90 10 97 48 4
88 17 99 20 75 82 5 25 5 78 25 20 7 71 14 11 64 57 76 22 79 0 61 24 58 72 67 17 12 76 90 66 28 15 71 86 8 47 33 24 74 77 62 47 44 81 71 75 42 12 33 23 65 68 95 31 42 60 70 61 46 73 17 84 74 63 48 44 8 91 58 8 68 61 86 78 18 97 96 3 68 45 62 48 88 87 69 98 4 93 83 72 71 47 49 47 44 38 53 11
20 8 50 87 24 27 7 92 36 60 20 34 72 74 70 63 47 48 37 51 7 23 84 94 86 61 10 94 65 59 10 79 42 89 56 37 67 50 82 12 29 17 98 31 60 3 83 43 90 71 3 30 78 51 76 27 8 42 78 10 10 27 95 36 21 44 58 53 62 88 78 85 58 0 74 82 64 75 22 98 19 41 96 52 62 44 61 14 91 73 62 43 65 98 15 8 73 45 51 18
79 1 55 82 29 23 71 31 23 54 84 39 19 63 58 93 4 70 35 60 60 11 1 47 19 72 16 34 18 2 55 5 95 5 76 25 50 20 4 32 80 34 68 56 19 50 69 1 64 63 12 67 73 27 93 49 79 17 7 59 60 58 47 98 9 48 45 37 0 89 16 31 14 65 10 28 64 32 88 33 45 7 73 0 7 69 45 37 9 8 18 51 67 13 12 40 93 6 63 24
34 77 43 68 90 15 53 53 30 88 26 15 56 53 38 77 72 56 44 87 94 99 78 55 0 68 33 11 62 12 17 68 1 78 3 8 38 48 35 10 48 9 37 27 91 54 63 81 46 91 66 93 33 15 16 54 51 99 92 22 68 4 89 63 96 66 9 98 55 31 11 38 60 81 41 18 42 26 64 2 37 4 97 45 53 75 95 72 9 53 7 40 25 0 89 59 38 43 8 42
30 67 89 48 4 93 67 36 30 39 63 96 70 17 83 16 47 28 61 88 59 70 85 36 53 0 20 44 63 23 40 10 2 48 0 53 15 75 23 94 65 30 63 81 99 35 8 80 40 29 27 87 95 33 7 61 47 9 59 43 52 31 33 64 31 39 87 26 56 52 87 53 29 34 43 45 46 61 97 52 79 32 72 28 66 35 34 41 78 89 70 43 80 32 13 18 5 85 25 82
78 35 36 36 86 57 84 92 57 35 35 62 51 3 74 36 42 79 38 3 10 31 36 51 88 85 41 13 66 38 57 92 96 25 79 62 13 54 14 97 95 5 27 40 15 72 63 30 7 98 63 23 50 59 25 64 88 22 80 23 61 20 68 6 94 51 36 7 62 47 84 3 48 12 65 37 76 95 97 62 82 6 0 99 15 53 67 72 79 49 80 88 24 96 68 20 59 27 26 89
42 60 60 33 67 9 34 68 70 53 70 90 59 66 4 49 32 98 72 89 5 76 93 63 71 91 17 54 37 39 93 84 26 85 52 26 29 2 40 76 79 66 40 73 79 86 16 36 56 62 61 98 21 70 12 3 34 9 59 61 8 52 44 55 88 66 58 7 21 13 52 27 72 41 82 90 17 48 27 16 18 94 29 35 1 32 32 64 11 1 93 60 97 45 23 18 61 12 39 71
56 73 89 26 69 40 66 90 4 45 59 13 97 49 26 84 54 1 42 36 45 38 64 93 4 74 4 27 17 38 14 97 4 36 13 60 35 72 65 57 71 62 70 12 14 40 72 6 79 83 33 95 21 21 78 10 57 49 13 84 80 22 86 94 60 23 56 66 87 14 80 7 13 68 85 91 53 11 88 95 36 4 44 86 2 12 45 77 92 53 68 75 60 99 87 56 26 85 76 22
41 50 95 10 87 37 59 62 13 37 60 46 49 86 18 24 74 91 44 4 64 67 52 34 7 68 52 58 26 91 25 62 76 50 58 36 27 1 54 48 69 52 24 64 26 53 94 25 26 35 15 10 72 37 8 25 0 33 17 66 41 52 56 24 19 52 82 21 86 15 47 83 77 96 71 89 11 60 20 64 56 26 79 0 18 53 56 53 51 64 42 79 72 54 48 14 66 89 76 68
7 58 64 31 92 91 89 45 58 40 91 50 92 83 72 76 83 64 41 6 43 86 57 93 25 25 53 96 17 30 99 61 15 54 35 39 13 42 21 18 30 91 14 33 50 17 18 71 40 6 0 9 85 90 36 86 26 29 78 14 46 48 38 19 36 19 76 8 57 60 46 61 22 72 92 36 6 12 20 3 77 67 56 12 99 71 95 38 53 81 78 31 87 16 13 57 35 33 0 92
52 16 97 15 13 37 42 6 4 34 71 61 58 69 42 5 27 91 15 66 3 85 92 99 49 24 4 88 93 37 43 24 60 12 90 64 39 82 33 94 82 59 3 12 99 76 39 49 62 69 87 91 75 0 83 46 58 25 8 43 92 54 27 58 24 82 87 11 91 28 46 63 21 32 48 34 79 34 53 38 14 87 90 25 86 34 22 0 23 99 17 11 36 37 39 51 37 19 80 82
42 24 66 15 25 46 31 72 65 22 4 88 85 34 84 85 1 58 85 28 19 55 19 15 96 43 37 56 40 23 2 47 95 71 92 48 25 51 89 27 72 44 48 46 83 67 34 35 2 45 82 3 13 41 33 7 75 25 84 45 43 79 64 76 55 82 79 33 3 82 8 54 40 37 21 24 57 96 59 47 71 38 2 94 92 95 56 84 3 58 8 63 70 53 11 18 34 53 98 20
48 19 94 6 42 0 8 64 49 1 3 92 2 40 96 91 39 9 48 39 54 85 78 95 31 19 11 94 68 72 28 69 31 66 60 83 15 62 41 21 86 64 34 53 38 29 73 39 14 24 32 27 89 89 14 69 18 11 64 33 72 43 66 5 6 58 48 19 13 58 14 77 81 38 69 65 35 0 28 8 75 52 27 63 27 88 21 78 27 96 36 19 14 43 66 93 43 92 64 89
89 47 30 73 73 28 15 79 46 30 91 89 13 16 95 42 31 60 44 29 3 72 21 67 10 97 4 51 74 85 50 45 0 38 71 73 82 9 48 52 33 69 5 6 23 20 30 84 36 88 50 14 12 0 27 26 53 82 67 70 75 52 73 67 41 55 91 49 93 62 9 59 6 54 28 61 87 43 52 2 83 34 36 12 36 45 84 9 60 57 62 79 66 16 43 52 93 21 37 95
67 35 26 32 81 53 54 99 96 58 42 4 92 33 60 13 96 59 79 36 46 16 59 17 41 36 51 20 12 65 95 56 71 30 62 30 74 28 68 6 83 77 97 5 54 17 1 62 97 77 19 22 25 62 52 40 17 68 40 47 30 58 55 95 40 22 88 18 3 28 20 18 93 17 3 80 49 62 36 37 99 43 15 67 32 16 48 53 13 40 93 22 86 74 10 80 60 87 82 93
33 2 28 70 71 97 45 30 89 59 53 45 15 60 90 92 76 43 82 62 54 63 53 32 81 71 74 90 75 72 48 11 34 41 2 60 78 52 31 77 86 11 79 47 30 65 18 85 9 1 51 56 96 62 59 65 60 3 28 52 21 80 69 62 67 45 94 43 29 84 52 88 45 57 39 4 48 28 83 82 32 29 83 10 79 31 20 52 18 55 85 7 88 83 74 51 0 13 76 47
60 26 55 18 81 17 36 55 62 81 61 64 12 39 19 15 7 14 99 15 29 98 92 91 99 57 42 18 41 56 41 16 16 35 49 78 66 62 63 12 54 64 35 86 38 52 33 34 47 13 36 55 3 81 43 47 23 49 18 74 0 41 28 76 67 15 38 37 93 17 28 83 12 2 28 31 89 49 66 80 57 19 83 62 63 32 27 63 4 62 67 63 77 58 70 28 50 56 69 37
70 76 17 25 77 4 64 82 40 49 91 23 41 65 77 40 57 1 97 29 24 69 44 59 76 5 76 69 29 9 13 38 39 56 75 12 18 89 52 27 81 11 1 18 23 14 27 76 82 11 64 29 85 48 88 72 37 10 27 26 89 73 71 94 18 61 10 36 21 36 96 83 67 64 22 62 53 60 33 12 45 50 18 47 16 46 54 89 0 66 4 32 50 18 2 41 70 87 28 34
19 59 33 51 97 59 52 68 31 59 24 61 38 76 73 6 12 70 52 44 95 3 38 13 7 28 76 24 95 37 91 29 30 7 92 92 8 51 25 78 62 90 30 34 48 50 31 25 84 92 22 98 47 73 86 6 94 71 52 39 51 75 96 10 32 89 75 24 99 94 96 88 32 32 69 4 88 3 87 11 52 95 35 61 19 69 34 3 74 90 86 2 92 90 85 27 62 25 76 55
86 79 61 2 10 72 65 82 49 12 37 65 47 30 14 26 72 65 18 17 56 24 56 50 41 1 74 17 30 18 8 32 72 80 88 15 79 38 90 31 81 13 32 21 48 5 78 36 50 81 80 74 33 50 19 54 79 72 13 52 73 60 68 16 45 35 84 14 82 51 29 97 2 38 43 5 40 97 22 72 93 73 41 33 45 57 88 70 66 63 69 8 20 51 19 85 7 49 85 12
8 10 74 62 25 69 56 22 97 94 7 68 75 53 4 24 75 31 36 9 84 3 27 73 92 51 3 64 18 24 66 1 85 98 37 37 16 27 93 69 92 50 90 49 64 25 75 17 58 83 26 28 3 82 31 59 22 59 78 70 77 9 80 28 15 12 95 59 74 81 55 66 28 78 66 95 11 51 21 17 24 87 65 57 75 79 33 62 99 7 70 94 14 78 25 7 22 21 55 33
34 78 94 23 0 63 44 33 58 46 40 77 61 49 82 37 53 3 81 25 45 88 69 1 19 37 26 43 32 45 45 83 1 10 3 20 78 95 43 47 80 90 66 44 9 6 34 97 33 70 22 45 4 8 30 55 89 51 54 90 75 62 31 40 5 90 42 24 14 38 16 20 41 68 92 22 69 38 32 47 23 98 37 92 68 57 16 73 6 93 64 28 10 43 59 46 80 70 78 20
75 9 98 99 87 38 22 70 46 17 97 95 34 27 97 59 23 12 52 3 30 29 53 71 80 3 20 90 70 68 55 77 7 1 77 79 52 22 47 14 17 73 40 99 1 70 45 33 17 63 13 19 29 16 54 95 90 85 44 64 60 32 92 28 13 12 93 24 99 21 44 92 14 89 62 31 24 82 2 98 60 57 36 57 27 32 48 91 7 67 14 46 33 23 98 87 62 11 61 1
80 54 7 21 45 20 89 78 37 57 2 56 42 83 50 59 75 30 1 50 88 91 9 10 46 26 19 81 28 27 18 48 24 26 91 89 32 36 20 58 1 52 48 75 82 63 42 52 56 14 29 61 36 23 69 56 43 82 9 11 42 58 96 58 46 17 93 71 75 92 9 67 20 32 93 63 97 81 40 52 5 46 84 46 71 31 89 68 77 47 22 43 81 13 20 0 87 0 50 75
42 20 70 51 88 44 46 68 99 35 22 88 58 69 71 15 37 91 33 2 73 81 33 13 72 70 31 51 75 81 69 5 86 51 5 99 54 11 8 99 17 6 52 54 31 65 83 40 31 22 77 86 2 53 82 65 32 67 33 66 10 61 71 55 82 54 54 64 16 56 28 76 40 66 43 87 12 31 67 67 49 39 76 60 94 78 46 14 19 13 65 65 79 33 73 28 95 10 83 10
40 51 81 4 94 98 36 68 94 83 9 40 69 37 53 27 61 73 27 29 22 27 1 46 89 92 87 75 66 3 78 80 0 82 80 72 33 45 18 47 16 83 52 59 53 93 16 45 58 48 82 48 66 98 72 25 32 81 45 65 33 40 81 92 51 56 8 73 61 90 50 97 44 93 30 61 72 3 5 26 61 8 57 10 47 76 12 1 70 52 49 76 63 94 42 63 17 13 72 57
82 51 33 91 65 54 35 19 58 34 49 73 72 93 65 16 92 80 34 43 50 59 51 13 25 71 97 48 12 80 85 1 65 12 89 99 16 87 1 80 85 8 66 38 54 34 76 21 39 42 24 9 35 73 49 49 73 8 72 15 83 40 79 10 46 65 76 22 31 24 22 11 71 6 74 5 79 39 36 36 50 64 66 78 70 26 17 93 68 91 14 41 77 30 29 41 45 94 17 37
12 60 89 86 0 3 36 97 17 5 16 72 42 7 89 19 70 69 52 84 9 95 43 29 34 61 16 46 16 67 65 78 36 29 51 87 81 18 25 8 34 45 78 97 47 6 43 82 26 72 53 6 7 58 32 55 7 68 6 55 15 69 88 36 73 13 7 35 23 3 15 64 28 57 70 22 94 4 89 5 49 33 21 30 70 69 10 38 2 80 62 65 96 43 76 84 37 63 15 45
35 44 97 2 83 1 48 13 19 18 32 60 26 22 84 83 17 94 93 37 49 16 67 70 36 75 79 32 61 58 36 3 59 94 24 83 48 12 16 28 98 25 58 15 12 44 48 40 22 14 35 70 94 10 90 6 77 86 69 2 98 79 91 77 17 29 74 19 44 33 3 77 9 71 17 20 35 35 74 39 76 95 11 60 15 55 65 27 99 61 19 29 39 17 56 38 91 32 42 34
93 77 48 6 10 18 12 26 41 71 78 28 78 85 17 5 70 79 96 1 16 99 20 89 70 96 69 25 24 94 58 49 78 8 28 11 50 97 28 23 48 13 59 28 48 30 1 72 58 37 92 37 99 86 12 50 43 30 74 14 50 50 27 86 17 53 0 74 6 99 77 1 40 72 44 26 71 17 17 21 20 34 23 29 19 99 47 48 73 0 80 33 45 34 96 1 74 36 68 23
38 91 70 42 72 98 72 94 58 46 3 47 50 76 3 33 19 26 71 90 66 55 52 84 3 59 47 47 88 34 80 16 71 47 17 35 11 0 87 29 38 21 88 53 44 37 96 65 12 21 38 81 68 45 24 2 41 25 10 50 26 69 49 56 11 18 49 13 99 81 71 24 72 71 16 43 63 61 46 24 0 76 41 71 35 71 36 33 24 50 9 22 67 10 94 26 69 12 65 15
36 7 90 55 93 91 4 45 29 78 41 39 23 20 79 40 38 62 99 40 21 25 23 93 6 12 12 46 29 13 4 84 93 98 71 3 72 15 20 52 43 55 87 47 27 50 32 92 84 81 81 31 78 99 85 65 86 73 74 66 25 14 45 69 50 44 4 94 8 6 86 99 28 69 22 85 61 73 83 85 68 55 25 17 22 80 89 0 49 21 40 70 52 84 29 74 57 42 67 66
40 76 9 53 93 0 43 21 1 89 43 84 42 20 83 88 91 71 42 27 25 18 8 18 1 51 5 18 22 67 76 63 91 33 32 35 35 54 65 95 92 84 17 34 19 9 80 19 85 23 20 71 28 4 83 2 15 18 7 25 21 58 64 50 29 44 17 66 47 15 4 99 22 61 91 64 99 50 4 2 39 20 68 17 93 46 69 37 77 99 45 36 35 39 77 59 62 33 44 38
69 8 84 72 17 87 34 15 11 94 19 99 33 81 12 86 29 30 91 67 11 82 36 51 13 52 6 51 47 99 45 6 50 6 68 24 64 67 41 88 95 70 3 19 15 95 3 49 1 68 38 5 26 15 43 93 59 32 32 12 35 59 55 14 46 43 14 85 53 47 92 23 96 62 10 31 53 76 79 57 35 30 37 91 64 24 56 95 42 89 5 71 32 18 92 34 35 66 63 78
53 38 34 1 92 14 61 82 14 43 64 99 47 8 40 82 94 42 84 17 34 32 45 38 93 62 61 42 62 7 36 19 6 66 94 69 40 57 57 63 68 28 76 86 1 98 51 58 12 80 79 83 73 1 66 76 31 78 82 12 4 77 78 38 48 46 13 93 54 60 13 83 12 8 76 56 88 7 65 62 79 10 87 44 46 42 29 91 65 96 46 31 66 92 6 31 56 85 7 35
99 13 29 73 23 59 29 12 33 94 41 59 80 78 15 72 6 88 17 49 77 59 91 54 1 16 93 29 17 3 52 53 23 26 72 20 37 40 98 75 22 23 98 23 6 41 36 68 5 83 36 19 9 17 9 67 45 35 81 0 28 86 94 29 99 61 91 17 53 96 61 70 63 51 29 48 64 34 3 8 56 19 39 40 70 46 75 83 95 54 4 74 14 62 85 20 2 80 58 47
56 95 51 32 63 37 51 83 8 51 6 0 22 0 80 14 85 90 96 68 95 18 52 86 75 97 41 34 10 30 29 84 72 75 25 40 33 76 72 94 3 63 37 79 28 38 89 22 52 32 99 80 57 63 50 53 59 25 32 35 27 39 31 28 45 37 50 74 21 57 86 51 3 53 92 16 92 64 70 67 37 88 26 42 4 79 67 74 55 93 87 64 32 49 79 53 42 41 27 0
67 50 94 36 63 79 92 63 96 69 33 42 87 23 68 38 37 18 46 50 17 43 32 98 51 71 12 92 74 45 26 75 82 16 46 82 71 62 35 13 66 72 36 21 68 98 17 33 28 6 63 36 8 2 49 18 63 55 57 39 57 55 57 83 55 38 14 32 9 97 59 89 85 12 72 77 37 39 48 18 40 99 7 11 73 19 63 18 17 2 15 82 81 12 58 90 82 83 82 27
35 94 53 60 32 57 58 23 22 26 19 80 68 47 91 79 35 5 52 28 87 88 82 53 18 94 16 28 25 86 72 16 90 38 66 82 42 53 71 83 44 19 2 98 10 96 78 92 14 15 80 68 40 18 76 13 49 50 2 4 88 58 83 91 36 75 68 56 94 84 92 78 55 96 38 64 54 8 46 99 76 42 59 20 43 4 11 51 14 56 44 30 27 25 62 50 11 30 10 22
21 65 86 52 4 23 13 29 3 10 62 18 2 48 34 36 82 67 77 21 91 95 15 87 76 81 0 82 14 38 33 74 48 58 1 3 23 53 65 70 13 61 95 36 88 11 94 60 12 69 62 89 97 63 51 99 7 78 52 77 14 14 84 95 56 10 94 63 48 36 12 88 67 57 46 32 59 0 6 81 33 62 80 18 19 5 89 49 6 32 80 65 83 32 64 25 63 24 82 78
53 71 6 29 59 44 5 25 23 77 76 10 88 68 44 73 61 64 39 8 85 60 21 73 56 45 4 47 42 43 17 35 18 69 11 28 21 73 33 49 37 18 33 82 87 84 49 47 28 68 72 92 6 36 87 16 13 19 61 3 55 73 91 0 21 51 9 81 60 65 70 50 7 70 42 83 59 6 86 18 22 36 37 48 39 79 81 3 88 96 40 33 14 16 56 84 48 64 26 37
31 14 66 10 4 17 36 97 22 88 82 30 74 4 3 61 43 63 39 75 4 82 44 41 69 42 79 37 35 27 90 22 25 4 41 96 17 90 79 92 86 12 62 95 94 90 24 85 74 46 6 69 30 60 43 78 20 78 15 68 37 98 6 84 90 60 61 34 17 84 50 11 75 1 39 26 49 67 34 1 8 36 26 99 66 27 75 64 55 21 11 81 10 68 65 61 75 18 52 5
59 13 51 7 79 41 24 88 67 75 60 4 7 71 63 70 52 56 69 23 7 82 30 49 33 83 65 79 95 21 29 72 2 81 47 89 24 32 68 82 62 48 65 6 89 30 46 14 99 84 91 45 46 51 0 0 45 83 75 70 27 43 52 26 50 87 24 5 77 76 24 46 88 76 13 72 43 69 38 50 52 27 16 80 90 86 96 40 9 74 5 20 26 36 9 61 30 46 72 35
64 68 35 87 15 80 64 76 52 77 31 71 68 13 28 50 39 32 34 91 4 20 15 37 69 98 26 70 87 42 0 26 25 35 48 35 35 22 87 85 54 65 65 53 32 49 42 88 39 57 0 62 38 65 46 50 23 77 95 73 1 1 65 38 85 81 52 23 84 38 4 66 18 70 73 94 83 6 52 2 68 24 2 36 91 73 65 25 38 87 32 62 36 92 39 24 54 72 42 93
99 88 52 22 54 94 52 74 78 31 1 63 50 74 43 93 76 0 56 12 65 57 62 75 14 50 90 30 51 32 4 23 93 46 82 44 40 62 54 40 75 87 85 24 89 49 24 50 32 84 13 16 0 3 23 95 4 32 93 21 55 78 36 82 60 97 68 0 81 5 12 17 39 16 67 52 29 28 70 27 37 69 77 94 49 24 98 74 50 85 66 35 76 70 78 16 97 77 54 40
85 73 75 46 78 22 34 99 49 96 80 40 50 45 86 71 25 29 75 82 16 51 30 59 60 89 81 42 64 23 17 27 73 66 89 43 1 90 63 87 65 32 2 20 72 18 55 91 64 74 27 78 52 89 93 29 7 40 91 89 55 57 61 1 7 95 81 85 3 16 22 22 74 25 36 54 43 4 78 82 69 45 20 11 97 27 62 56 23 83 67 43 4 95 31 53 47 65 88 25
71 79 91 35 12 17 59 50 48 46 63 54 77 46 43 42 97 37 78 83 96 82 17 34 12 71 57 43 30 88 93 21 20 19 10 48 40 67 74 34 65 63 79 21 50 28 69 96 50 33 76 56 92 88 59 38 97 1 17 25 76 13 1 3 50 56 55 57 62 40 89 64 24 12 38 43 1 31 33 29 79 1 69 27 82 38 17 5 75 60 35 7 21 89 32 56 32 27 31 53
55 27 16 74 1 88 1 99 26 58 42 32 30 42 60 82 90 85 23 17 61 89 89 37 69 49 37 33 14 44 97 56 32 84 99 37 31 37 1 81 82 71 8 54 87 54 77 94 68 52 66 67 94 29 59 8 74 15 50 90 56 88 14 81 34 93 60 65 47 5 6 15 73 15 99 48 25 27 32 94 95 7 50 62 94 73 92 90 47 41 50 46 89 17 17 30 33 62 81 20
49 5 89 6 72 64 30 45 78 71 8 79 0 73 83 54 35 50 91 90 83 63 59 70 0 4 14 0 79 32 0 57 89 9 38 10 63 92 62 56 35 65 68 35 15 47 90 95 52 32 34 36 22 91 64 93 35 4 6 29 53 23 40 96 87 71 82 27 9 69 41 92 63 33 90 90 45 61 54 16 64 62 15 82 23 14 56 44 41 33 40 54 60 98 59 6 76 65 47 22
45 87 49 12 50 42 29 90 69 57 77 35 29 16 11 40 76 37 6 7 18 92 75 6 34 51 24 32 59 59 32 73 96 4 90 0 78 30 0 1 65 89 68 81 21 78 73 45 27 39 53 14 6 93 85 17 85 30 15 29 5 7 18 37 19 15 98 60 23 54 91 35 61 54 58 52 31 50 39 27 37 57 30 50 92 30 79 69 50 70 49 34 62 69 91 50 75 54 63 44
68 66 94 5 4 43 37 97 98 84 84 30 64 98 5 91 45 64 50 46 88 63 30 56 96 50 1 43 17 8 98 95 57 11 71 95 64 22 19 17 58 35 78 37 62 71 49 68 75 33 47 35 85 47 29 96 56 77 37 91 11 71 9 23 60 56 34 68 56 31 30 96 22 46 82 31 19 46 37 46 13 94 74 33 99 22 79 87 67 85 36 82 79 15 15 6 75 39 58 89
91 15 18 56 80 52 62 78 7 43 59 44 27 82 11 86 12 94 5 60 42 40 6 11 65 82 69 9 44 39 17 81 50 79 98 38 27 11 34 35 68 36 74 63 47 0 64 58 27 33 74 40 20 85 85 4 32 11 23 36 3 85 39 94 81 62 8 5 15 63 26 81 13 90 70 53 31 30 34 16 70 73 71 60 36 1 17 61 76 84 4 3 51 72 0 15 27 42 4 72
34 9 75 77 59 19 67 94 43 70 20 46 36 21 99 7 9 10 58 23 71 96 27 35 47 19 27 88 71 65 67 61 10 18 38 49 79 76 33 11 67 2 37 90 44 0 5 84 55 86 2 76 36 54 23 89 30 38 34 71 15 0 49 81 34 60 35 93 88 53 25 9 36 70 66 14 25 16 32 8 28 7 38 64 30 98 97 7 68 38 88 10 76 10 28 35 15 58 20 14
44 23 67 32 95 1 27 94 38 44 94 21 87 14 30 37 70 50 12 85 27 48 88 38 11 65 3 44 57 73 66 75 79 99 37 53 78 41 76 30 3 52 77 40 82 15 16 21 70 80 93 72 67 67 75 9 68 63 3 8 63 12 85 89 60 12 92 80 27 13 28 89 62 34 63 18 74 96 43 15 14 12 62 96 64 42 75 40 57 85 30 82 60 53 69 20 61 29 6 96
15 10 4 62 70 78 87 37 69 69 14 8 47 39 93 11 56 65 49 99 53 76 17 81 51 7 56 21 76 82 49 20 11 3 5 62 2 59 5 28 88 39 76 29 93 71 95 70 14 98 86 95 18 44 19 13 96 99 24 87 46 29 73 89 64 85 9 32 93 52 0 14 55 0 15 13 97 9 21 25 39 26 10 12 50 91 29 30 12 70 3 42 14 39 37 75 7 26 94 85
0 75 7 72 11 50 90 99 97 43 95 48 83 29 16 62 60 65 10 9 99 13 19 46 7 0 48 15 94 65 86 70 87 51 61 29 56 40 89 51 13 70 77 84 92 83 27 53 69 41 66 57 98 26 62 27 43 55 34 75 61 23 32 61 37 4 78 81 11 39 0 99 64 42 35 19 84 87 87 0 32 18 23 42 60 98 75 38 57 62 36 40 5 39 95 69 90 70 51 31
13 27 24 16 19 42 63 82 39 10 62 47 88 55 48 45 56 9 72 42 63 75 30 15 92 32 82 82 4 40 79 59 23 19 99 8 54 76 4 70 21 69 84 19 37 18 86 44 2 65 78 19 27 58 67 72 99 90 86 32 42 26 17 13 71 3 54 37 53 96 13 92 29 28 3 99 33 62 19 13 8 57 97 0 81 15 50 2 62 84 63 80 85 52 51 29 22 14 91 65
25 52 37 46 61 21 78 31 16 30 63 56 63 35 3 22 44 55 22 9 67 0 27 32 66 65 0 69 59 24 85 27 45 55 21 16 16 4 87 45 54 89 71 62 28 21 55 13 87 69 89 14 56 8 76 80 34 84 40 92 7 61 16 22 20 81 41 95 14 34 57 7 24 73 82 83 71 39 44 2 8 49 63 95 62 48 37 62 41 58 60 43 65 56 23 39 90 93 65 37
39 59 32 1 5 70 75 38 17 67 51 48 37 12 33 49 65 40 38 55 52 62 30 75 76 8 81 97 36 81 27 26 14 55 52 26 8 20 64 46 24 26 44 98 71 69 60 73 78 22 8 87 83 10 9 84 15 83 5 19 32 43 41 78 94 66 64 23 21 46 9 77 88 78 96 74 25 1 94 80 57 15 0 76 65 97 66 86 4 26 84 27 7 76 32 61 93 86 64 30
86 6 52 35 67 64 21 77 16 76 21 33 30 11 37 98 26 62 35 99 53 10 26 59 40 0 89 49 20 56 46 56 97 70 84 61 37 56 45 21 66 79 31 8 60 81 85 70 6 83 86 69 23 4 46 20 79 4 53 89 62 89 96 80 25 27 33 64 68 41 96 93 35 72 16 75 27 18 53 68 93 90 31 6 18 64 65 48 83 20 19 4 70 22 1 85 66 8 76 73
26 27 19 32 72 80 84 15 38 96 12 67 86 6 47 55 97 55 38 12 92 18 73 16 88 88 81 4 16 44 76 22 2 73 21 39 4 98 10 52 58 58 45 2 81 14 27 87 20 96 14 29 15 27 42 93 94 19 50 96 74 43 50 48 60 45 34 12 31 28 99 17 71 31 22 58 80 46 55 16 4 23 8 14 54 88 87 23 73 71 4 52 58 90 52 27 23 2 8 0
65 39 87 31 63 61 91 88 34 99 11 42 22 88 9 47 45 16 97 13 14 72 29 19 64 79 91 25 64 94 30 87 83 46 57 17 31 77 10 45 0 77 91 17 11 78 9 70 24 7 33 14 30 97 36 52 31 65 65 79 45 2 59 3 4 27 83 39 15 78 85 55 27 56 63 39 16 54 55 8 23 53 77 65 5 72 25 90 49 42 30 3 61 89 0 53 1 53 3 58
60 46 51 98 73 73 40 70 53 27 30 10 85 93 20 72 63 94 63 59 77 47 82 14 21 82 90 77 26 47 9 23 96 82 64 26 37 46 81 73 0 44 55 27 11 82 62 4 70 85 2 98 94 86 75 92 52 82 17 31 68 71 71 78 51 71 28 2 24 11 19 87 12 13 20 0 24 90 53 14 46 66 9 11 76 92 57 56 20 89 61 98 35 34 80 0 79 70 40 66
27 87 10 13 60 44 37 85 66 24 43 93 20 55 28 42 91 95 35 69 91 64 61 19 55 27 17 59 23 16 63 18 46 71 7 34 95 19 19 96 13 73 67 39 98 96 66 80 26 36 63 70 3 9 5 50 13 82 47 7 99 69 25 39 20 50 67 58 43 84 85 79 18 83 51 58 55 4 3 82 38 85 53 26 69 70 49 47 99 56 43 85 1 72 41 27 88 45 70 83
11 70 87 1 82 52 47 86 63 46 26 26 22 0 17 15 5 74 55 71 95 43 22 61 38 39 60 61 80 70 75 91 38 37 66 78 44 51 86 38 33 36 89 91 17 6 29 28 83 79 62 26 80 5 26 91 93 66 39 92 25 33 92 65 50 40 28 13 2 74 64 83 89 63 3 52 29 94 11 0 10 61 74 12 54 34 6 5 2 72 41 54 90 43 85 31 55 26 54 74
51 7 45 40 60 41 38 13 76 51 52 64 25 18 75 8 1 34 49 18 69 59 57 6 40 54 99 24 59 50 23 81 58 25 98 4 5 82 65 53 67 15 39 32 32 0 78 85 68 35 18 67 95 0 53 95 27 31 8 84 2 22 67 35 51 19 50 92 58 98 16 10 99 51 27 0 50 67 83 33 68 22 24 69 39 53 44 45 1 41 93 70 26 73 53 56 34 36 70 19
99 27 64 74 84 56 24 74 90 71 73 21 11 98 22 9 1 96 91 72 44 67 41 2 63 52 84 60 39 55 75 96 50 79 38 21 93 86 4 32 60 60 29 82 62 67 26 54 30 93 25 23 38 50 74 30 51 40 32 48 84 82 65 50 96 16 56 59 36 8 47 96 89 12 73 19 19 45 58 84 60 78 93 39 46 56 97 28 74 0 84 31 74 77 76 80 34 49 89 9
58 82 2 42 82 89 33 37 22 92 15 54 66 69 32 46 26 62 75 5 28 40 32 74 14 91 65 22 38 64 40 5 66 59 75 27 96 21 36 2 79 75 66 84 49 8 66 66 68 78 32 56 7 10 66 66 55 49 17 53 62 73 59 20 73 16 43 46 44 8 21 26 23 48 69 64 45 21 30 61 56 83 82 21 22 22 13 16 61 40 75 15 59 87 77 19 80 3 90 9
19 58 87 69 97 65 18 96 56 4 15 93 55 92 73 82 41 90 82 72 0 42 0 58 22 17 65 33 68 23 75 51 53 35 53 80 52 13 11 52 15 39 45 14 20 50 69 80 49 2 49 69 66 65 51 21 65 0 23 64 27 38 17 53 86 48 52 48 85 73 44 59 63 32 71 83 37 41 47 55 45 13 60 99 21 30 93 23 10 50 84 11 4 92 6 7 75 54 48 88
87 1 34 12 59 72 95 0 83 36 23 17 52 63 59 1 60 59 29 93 13 29 55 20 77 72 48 88 20 88 78 48 32 42 60 9 18 19 18 75 11 51 7 35 56 23 40 91 7 1 57 16 10 51 76 60 54 76 24 62 13 21 16 45 76 61 34 13 64 23 13 16 65 47 72 53 78 61 31 99 34 77 53 4 87 5 2 30 97 25 79 15 20 42 67 16 89 4 96 38
18 51 22 40 15 37 63 38 55 37 94 44 1 54 75 98 76 7 18 78 75 88 34 9 83 64 84 9 13 81 35 58 6 59 80 16 19 32 15 42 60 24 56 27 24 41 1 90 78 73 70 59 32 35 28 62 42 54 5 85 40 80 28 46 88 75 61 29 10 4 9 98 44 48 60 52 73 8 80 75 6 21 28 7 92 13 79 48 94 90 25 54 19 93 16 32 24 11 51 65
8 81 46 34 94 59 50 75 84 38 17 16 60 94 71 42 81 55 71 35 67 43 85 31 86 85 98 92 54 6 49 30 55 55 50 16 29 26 67 67 5 98 81 52 21 12 94 91 75 3 71 31 26 84 86 21 18 73 45 57 3 79 84 87 82 30 89 19 12 53 85 17 66 31 35 16 71 46 50 43 76 64 65 72 92 12 38 25 18 35 51 50 24 28 68 20 88 86 32 13
93 26 62 47 67 85 95 87 43 19 3 24 13 85 22 21 7 14 16 73 15 47 99 47 47 32 66 23 59 66 19 85 68 78 19 61 0 54 10 58 89 30 18 1 61 61 80 99 98 46 62 85 0 41 58 61 68 97 94 17 1 97 68 81 77 86 44 12 91 55 73 42 76 5 69 6 97 61 65 41 92 35 93 48 77 92 99 57 57 14 43 84 2 26 95 70 12 90 20 2
68 20 47 89 9 71 74 90 68 78 23 77 34 19 49 30 45 22 44 86 92 46 25 36 20 91 69 42 59 35 84 97 55 23 28 38 78 58 59 96 95 13 89 31 42 92 55 9 6 41 34 42 15 44 48 0 94 4 85 17 66 39 98 76 88 22 24 91 26 22 37 66 96 75 71 59 90 95 14 34 92 1 20 57 20 84 11 38 83 77 68 96 28 90 60 2 59 36 64 7
47 96 24 64 33 7 65 97 1 19 25 4 22 84 89 3 57 26 30 79 23 53 96 22 7 64 30 14 85 39 27 34 7 67 71 27 91 47 94 44 82 34 21 78 85 11 6 35 69 5 81 88 19 76 53 76 67 67 83 51 0 79 2 46 91 71 27 44 71 95 71 66 72 49 40 10 40 74 79 46 51 42 78 53 52 85 3 93 43 4 90 94 75 34 71 29 73 25 18 58
21 27 87 27 23 91 13 4 53 98 62 59 31 85 68 3 23 22 91 2 28 75 21 39 56 73 12 69 13 69 67 90 81 16 25 42 0 12 81 96 46 26 69 33 80 65 55 40 5 79 73 99 89 94 76 92 40 62 34 82 77 50 20 92 57 88 97 56 7 21 40 65 84 25 18 1 46 89 45 9 37 63 59 33 9 29 34 89 59 81 36 60 85 15 13 25 25 2 9 53
46 39 0 66 76 25 6 33 13 53 22 87 37 82 97 26 48 74 40 41 7 72 84 46 80 39 53 57 49 49 50 82 84 83 86 85 8 74 97 18 83 75 45 94 30 68 70 18 37 44 99 4 75 12 22 30 27 76 29 96 35 82 2 11 67 69 46 22 96 25 49 79 88 61 68 34 19 12 20 29 89 89 13 77 27 9 3 74 31 31 50 34 5 71 81 11 37 44 99 3
70 47 49 6 21 92 93 58 69 30 2 54 42 43 34 20 84 23 46 62 87 65 2 29 91 81 1 58 93 44 96 8 78 55 93 19 92 37 36 55 15 59 60 82 23 91 38 98 51 16 19 72 46 13 33 4 68 70 60 62 64 76 17 34 14 74 73 53 19 90 33 67 4 66 27 35 37 62 35 58 54 20 46 75 15 41 69 78 96 26 56 25 9 22 82 71 79 20 1 69
32 31 55 24 54 93 48 38 82 47 93 14 11 40 36 55 81 19 40 10 98 12 22 17 52 69 97 18 56 11 50 92 5 16 59 11 43 22 37 8 93 47 96 79 23 67 45 66 48 18 49 82 57 50 94 83 26 71 19 9 20 4 28 67 19 90 63 58 18 64 48 75 0 37 20 1 95 33 56 96 17 39 51 0 44 21 95 72 58 26 46 75 64 49 70 53 43 23 39 50
32 76 76 22 23 62 41 38 75 81 84 72 78 61 67 18 63 93 50 95 65 81 34 25 60 77 56 26 45 72 39 74 11 4 86 55 86 58 58 53 27 59 11 80 33 17 19 89 28 78 26 97 86 68 42 56 36 10 58 19 21 71 44 72 31 43 62 88 55 92 52 34 20 44 44 17 41 94 87 48 61 6 92 70 33 57 93 83 82 94 11 85 59 40 31 43 42 33 82 72
5 32 63 38 46 89 93 61 89 57 97 7 18 29 11 80 66 40 70 98 80 57 5 77 20 28 78 44 94 73 22 25 11 42 95 64 68 97 81 70 88 2 33 82 37 52 51 19 1 33 30 56 62 97 4 66 48 69 82 41 4 60 76 9 58 1 45 48 81 14 77 9 97 26 67 51 12 84 24 88 31 11 45 77 88 91 93 70 1 76 7 66 43 59 13 16 87 45 53 79
12 52 49 94 66 33 24 23 93 15 50 1 83 65 73 85 54 25 48 23 13 49 59 6 47 88 52 89 56 38 88 52 33 40 53 69 7 54 65 45 11 23 43 15 95 80 43 61 19 59 28 54 76 15 83 22 54 39 59 62 31 63 47 33 5 89 31 1 93 2 98 24 24 97 29 84 14 42 76 28 64 9 95 0 48 88 83 85 63 16 75 30 2 44 86 54 49 95 53 9
