100 100
11 73 76 54 53 27 1 25 53 79 52 91 87 94 94 91 57 15 86 52 93 82 32 5 54 97 36 3 24 17 56 23 64 30 8 36 61 91 37 16 78 75 10 35 57 30 68 96 84 97 99 68 96 6 29 55 87 49 89 68 1 52 20 49 46 8 20 34 40 25 46 25 99 0 14 82 18 52 21 58 62 58 54 9 44 26 27 68 32 4 70 59 18 52 21 12 14 63 23 7
76 55 1 92 57 28 10 91 83 2 65 9 81 54 42 65 74 98 20 51 12 37 57 51 69 65 31 22 61 6 76 12 13 98 10 14 31 51 20 74 36 73 97 96 17 38 33 74 7 54 71 85 37 7 84 0 47 96 93 2 24 44 55 64 19 76 85 27 45 71 15 18 0 78 78 30 48 5 54 1 23 17 88 20 32 62 33 81 27 88 11 42 11 29 43 25 61 55 38 27
11 17 14 23 26 40 37 55 1 66 4 34 56 61 45 4 81 71 46 39 65 27 71 88 59 53 58 15 19 8 8 4 82 84 17 72 8 17 0 43 18 43 76 7 16 77 8 36 8 74 64 67 27 74 78 44 15 52 88 45 21 97 6 9 47 0 48 23 24 37 44 14 51 94 24 49 35 81 1 40 70 58 90 17 42 21 26 9 36 41 68 81 95 95 89 41 40 16 35 26
97 78 77 84 74 57 38 58 37 32 87 70 83 66 77 21 79 76 87 30 29 72 72 29 60 13 56 64 73 22 10 63 90 51 38 31 36 22 53 0 37 89 83 34 75 21 43 55 47 63 28 93 99 24 31 44 32 73 72 43 5 86 36 19 18 27 34 96 20 31 85 32 59 80 90 45 55 81 7 12 27 57 54 21 30 7 82 70 54 87 18 10 24 25 55 73 89 76 85 97
41 95 82 50 83 6 59 2 17 15 55 10 20 42 73 17 97 98 32 99 62 76 59 54 58 89 68 14 69 39 8 81 61 48 10 61 18 65 72 88 60 8 25 20 28 87 87 12 89 1 57 56 61 1 45 33 15 81 30 86 69 18 21 89 37 11 59 86 96 1 51 95 41 92 25 23 54 60 12 57 68 31 20 13 41 33 33 14 44 95 84 50 67 99 71 55 82 95 77 81
95 81 0 80 47 93 67 88 30 50 13 23 49 25 16 20 4 36 35 38 22 86 3 83 38 94 87 24 66 21 23 83 83 94 58 42 95 14 32 77 70 33 79 41 9 74 40 71 28 80 91 8 61 56 74 92 29 9 61 99 26 65 53 89 91 76 89 17 58 35 60 75 49 45 7 54 9 84 85 90 47 79 65 4 55 72 92 53 41 40 50 10 15 34 26 50 11 60 88 12
9 46 60 45 1 94 21 4 61 60 59 36 61 55 70 22 30 7 91 86 50 89 9 12 69 58 34 97 11 52 22 52 4 94 53 9 50 89 16 36 96 15 30 48 72 22 13 37 40 5 92 41 42 10 38 3 98 19 63 87 87 31 84 62 73 67 29 50 62 97 22 38 82 7 95 97 39 4 72 94 76 70 80 16 82 78 68 68 4 89 73 80 33 73 84 60 47 93 42 44
22 24 96 88 45 95 77 79 62 68 89 21 99 87 4 2 99 81 61 54 29 9 4 35 35 1 55 93 12 69 20 12 36 20 37 48 30 25 44 24 94 87 98 69 7 57 5 49 8 42 40 63 15 84 9 34 94 62 89 82 75 17 2 5 58 14 30 65 78 41 50 28 72 31 66 74 20 65 64 58 42 58 44 71 5 5 14 32 73 25 0 2 69 61 6 3 45 66 12 5
36 15 9 20 76 77 72 50 91 71 79 96 25 73 5 74 56 92 96 27 66 8 6 82 78 25 11 50 32 52 63 14 82 14 89 46 12 45 2 99 44 27 67 45 54 72 55 61 82 75 91 64 94 28 40 34 81 72 78 2 35 69 22 96 85 75 29 78 25 64 72 53 34 14 90 61 21 95 50 7 27 81 28 53 31 72 87 1 33 45 81 16 79 65 28 27 85 22 86 53
26 59 74 38 38 12 2 72 46 87 30 94 53 62 85 20 42 3 43 37 57 55 76 46 49 97 89 82 96 99 4 30 55 61 53 61 60 86 30 93 49 63 94 56 58 43 71 82 63 82 99 7 74 78 85 79 69 11 73 96 39 25 9 81 65 48 1 27 75 6 72 70 36 4 5 49 24 86 32 43 90 18 54 14 53 89 13 84 5 51 20 46 96 86 27 99 28 4 82 74
86 88 24 44 12 73 19 49 81 98 87 19 5 43 48 50 79 8 84 99 91 88 90 61 91 35 32 35 70 9 77 43 13 53 29 48 27 61 40 69 99 44 81 86 19 15 24 76 58 84 6 29 81 75 26 50 98 38 11 58 31 54 61 63 2 27 56 18 36 57 98 7 10 99 67 52 46 38 11 18 39 95 58 80 27 33 44 67 68 21 62 42 47 72 96 65 68 51 99 42
89 38 52 15 49 17 19 61 96 18 36 97 64 80 5 13 83 52 56 87 86 66 14 78 60 6 57 25 50 21 1 24 48 92 21 95 22 31 56 8 99 31 59 82 42 88 33 21 30 28 2 18 51 11 68 6 49 95 80 23 0 58 9 75 29 60 37 19 99 71 4 96 51 32 33 65 48 56 17 39 31 13 24 32 84 92 71 83 92 86 32 35 99 96 48 32 60 2 25 74
31 15 79 4 83 70 89 60 49 19 6 68 5 3 56 25 55 97 7 60 48 72 10 49 86 97 20 2 77 98 5 35 97 59 91 87 58 47 48 34 51 29 38 34 33 37 37 99 41 53 20 3 66 56 65 0 26 95 32 24 37 59 22 57 68 15 75 1 95 89 52 59 74 14 78 66 85 35 56 67 5 36 56 19 20 36 49 36 97 57 48 69 60 76 2 97 2 29 56 49
10 45 30 83 54 56 80 2 67 53 20 91 4 4 33 27 63 20 88 8 96 78 61 48 87 87 27 59 60 35 21 58 92 14 80 38 61 92 79 17 8 59 39 36 17 55 37 34 17 61 78 85 81 95 98 64 80 72 43 65 53 22 32 74 98 96 77 61 55 43 0 79 53 46 50 54 1 18 39 56 78 22 9 88 32 28 43 71 29 68 85 51 7 30 59 86 71 64 13 53
59 68 98 28 98 61 52 95 74 53 45 45 51 64 14 62 38 43 90 71 96 19 35 86 54 76 32 77 91 68 55 47 53 41 24 82 38 60 79 33 16 94 58 57 6 55 40 58 4 49 17 31 78 41 0 16 58 0 28 96 41 55 30 16 5 56 9 67 43 91 84 30 5 3 79 33 65 11 47 52 97 7 87 22 97 14 12 40 48 33 77 56 10 25 36 98 18 54 80 69
68 99 64 17 68 58 23 14 12 57 30 80 98 75 76 91 17 6 64 97 95 99 91 59 7 2 76 46 2 77 0 16 70 59 94 3 63 59 67 74 20 17 65 6 97 71 22 50 82 13 56 97 97 36 26 42 12 34 20 7 76 42 26 83 71 31 98 4 87 65 14 84 17 21 86 11 98 68 2 94 82 30 83 55 4 39 61 53 44 23 88 21 91 53 3 22 26 42 38 5
3 54 95 94 65 51 80 3 63 4 30 43 41 42 30 71 58 38 4 50 62 67 64 51 82 20 74 14 32 92 31 43 97 5 83 48 71 96 8 60 67 27 88 12 35 47 8 19 61 89 30 22 79 42 26 32 38 19 20 52 54 85 95 11 60 8 38 18 19 41 58 94 87 58 71 98 29 96 3 70 66 1 29 39 15 1 12 49 4 66 21 45 74 88 6 94 90 1 81 65
31 85 12 38 17 84 69 3 44 63 60 40 0 80 98 24 65 94 0 38 4 22 50 47 74 7 0 27 27 26 83 27 49 73 48 63 2 72 63 72 46 42 81 52 5 1 41 55 94 25 22 12 93 21 78 11 33 99 82 78 5 18 89 25 43 58 60 13 98 12 52 62 61 58 60 44 3 8 3 86 62 23 98 14 28 23 20 72 58 99 71 53 35 8 61 7 47 94 8 74
62 80 5 35 15 22 33 76 93 31 29 95 67 43 94 95 70 93 94 48 36 81 64 32 7 63 45 2 16 45 90 60 64 29 38 75 0 89 57 86 67 38 44 59 16 91 13 12 5 3 12 72 10 34 32 26 27 44 73 8 10 22 36 29 22 8 10 27 61 60 19 55 55 4 61 52 23 74 99 56 97 61 91 47 83 71 30 60 65 89 72 5 4 47 40 20 63 97 56 70
14 94 57 3 90 8 12 68 31 77 76 5 60 65 92 25 44 62 47 81 41 24 20 91 17 40 96 18 12 79 32 6 86 59 20 11 5 56 9 71 56 59 6 1 59 78 85 10 22 88 62 89 29 97 6 38 78 34 81 45 5 27 91 76 77 95 47 66 46 27 21 67 57 82 76 49 32 35 35 91 62 22 46 99 86 38 30 85 5 6 45 73 22 19 89 4 52 11 66 28
21 47 84 3 36 60 9 45 42 71 18 97 29 37 70 20 9 41 22 44 14 50 40 60 49 83 7 67 56 1 29 33 63 84 31 92 58 33 96 29 48 71 57 72 32 37 53 63 16 77 86 38 52 53 64 21 70 56 0 81 55 92 61 4 25 71 53 57 94 67 59 59 8 50 86 86 81 13 24 79 53 27 69 64 59 17 33 9 73 84 79 24 96 9 44 4 0 50 77 13
98 83 36 16 1 57 39 60 64 24 15 11 18 42 55 74 49 91 84 37 89 27 6 76 4 73 15 3 61 49 78 54 96 0 89 27 78 4 65 23 44 3 78 78 25 24 88 90 20 36 90 12 57 8 23 84 92 13 1 73 29 76 3 88 14 17 43 19 32 16 61 91 92 91 27 85 79 41 14 40 85 14 15 99 4 76 1 59 2 18 69 10 71 41 37 78 19 9 42 96
5 12 42 73 40 89 3 57 84 58 50 16 35 94 83 15 61 95 18 90 70 99 6 80 10 3 81 18 96 54 39 39 4 6 24 99 52 44 65 91 72 98 82 63 20 99 76 38 3 62 59 88 19 89 25 86 77 44 57 32 37 82 2 33 56 39 42 76 33 53 11 47 61 23 78 90 56 62 57 49 2 49 41 52 67 56 90 67 70 63 46 96 67 51 51 20 81 26 82 69
54 91 12 47 31 49 43 4 63 14 18 94 23 62 65 60 74 51 75 16 56 99 38 89 90 46 19 75 90 43 53 2 4 76 85 17 36 76 77 72 21 0 54 75 31 42 90 92 4 73 37 27 81 78 21 63 58 4 35 5 9 20 68 91 69 41 82 38 30 52 79 7 54 14 58 65 27 70 37 65 14 69 26 66 18 88 84 46 69 67 38 82 31 77 61 97 31 47 7 31
21 50 62 81 39 63 46 44 13 17 13 4 70 46 10 62 36 70 48 61 88 53 7 87 88 75 24 9 99 10 56 68 58 86 96 58 40 53 3 66 77 4 62 35 87 19 31 35 88 45 28 78 90 59 28 92 53 94 71 45 62 61 86 98 32 47 84 56 65 1 57 47 5 93 40 1 95 78 83 33 34 58 12 85 39 85 71 61 60 33 27 82 62 24 5 14 4 56 51 33
52 77 79 79 18 6 18 5 26 85 15 8 79 53 66 88 75 84 9 75 56 46 40 14 0 24 87 27 69 50 65 99 76 63 99 68 34 63 6 74 32 87 65 11 48 65 71 36 41 37 46 83 75 86 20 28 64 20 17 81 28 95 82 52 85 38 61 3 53 49 5 58 23 65 7 10 73 49 77 65 27 53 82 82 39 91 2 12 78 58 56 79 99 18 17 37 54 99 92 39
72 4 82 40 32 2 33 37 13 20 86 76 42 97 95 15 80 83 36 83 82 54 30 50 43 68 35 35 74 89 99 14 21 37 73 83 8 75 61 59 99 29 59 32 10 35 54 1 87 96 98 42 36 1 52 22 26 97 76 71 58 66 96 90 21 72 4 97 26 74 56 69 98 59 47 80 92 12 53 84 89 32 30 53 41 98 56 36 92 74 93 52 75 88 48 12 77 9 47 28
30 49 92 15 10 47 51 3 29 54 70 11 43 36 3 51 99 10 72 80 76 17 29 28 8 28 43 4 84 16 96 79 98 73 24 37 84 32 1 89 18 87 55 33 66 3 6 67 88 47 11 41 27 51 4 78 41 7 93 78 68 43 61 50 31 43 98 41 62 24 66 33 5 94 37 33 85 3 57 87 60 69 84 93 70 97 41 20 61 61 56 74 47 68 4 7 68 93 76 96
46 4 82 61 5 87 64 75 3 34 44 29 76 21 42 3 84 77 7 46 0 27 81 24 15 57 81 73 26 42 93 50 93 45 14 75 52 6 56 84 9 4 88 49 52 87 47 63 7 51 84 88 86 56 85 46 56 58 23 43 67 58 32 80 30 58 35 30 69 45 99 44 95 29 29 71 39 70 57 52 67 74 64 98 34 49 47 50 84 15 36 34 82 57 31 60 99 65 35 29
61 5 47 29 7 66 44 42 27 1 48 12 38 85 66 64 48 21 33 84 97 9 23 42 15 19 13 55 26 97 51 52 41 63 64 51 20 65 79 10 71 71 51 63 20 12 84 41 59 90 42 94 72 27 42 44 95 33 37 46 13 14 25 98 73 77 79 38 38 43 20 30 40 85 22 32 46 8 56 18 82 85 80 14 70 46 76 7 4 64 79 71 55 52 88 65 43 12 75 36
17 93 74 95 2 41 34 11 10 11 56 99 99 91 60 84 79 55 37 36 68 50 34 96 85 97 64 41 57 83 97 34 15 11 87 88 20 44 88 40 25 28 17 15 70 3 19 82 71 93 90 39 69 17 48 15 40 79 4 35 62 39 89 19 66 44 81 66 82 31 62 18 1 45 72 64 65 19 71 96 92 15 4 19 88 26 70 62 57 97 43 22 92 57 53 49 78 77 18 58
51 28 71 31 54 59 28 66 24 52 77 6 70 83 30 94 69 40 31 66 87 64 82 16 37 70 32 56 62 29 87 2 49 34 63 14 35 42 57 54 38 68 44 4 56 79 99 34 9 20 48 12 42 81 95 69 42 15 27 76 74 83 19 97 52 25 33 31 82 23 18 81 60 46 46 28 84 53 51 34 70 41 56 46 61 31 61 98 27 11 26 93 96 43 24 79 19 86 64 84
8 94 99 61 40 66 76 31 58 80 83 3 23 37 55 87 4 2 21 25 35 55 66 24 32 5 54 34 50 69 99 48 0 52 91 24 78 26 12 68 64 57 25 81 13 72 97 76 69 36 61 62 98 51 19 15 33 68 95 20 55 72 23 25 52 53 76 7 17 74 22 8 4 14 45 84 45 30 86 48 35 0 19 0 40 59 1 69 46 58 76 25 64 45 88 29 21 96 54 63
41 74 82 77 64 59 69 69 3 36 6 25 32 80 15 36 94 69 10 1 90 79 9 47 49 25 52 95 8 37 82 97 16 92 24 21 94 42 35 25 87 1 76 37 33 7 11 23 49 1 83 8 51 99 53 99 80 88 41 10 60 19 47 27 48 9 10 92 25 45 70 96 79 88 32 67 69 3 92 41 20 32 83 79 13 43 1 38 0 32 49 71 7 34 59 71 63 61 33 68
3 97 89 16 35 7 27 23 78 51 73 98 49 44 8 13 0 31 97 19 30 87 45 70 10 6 69 57 19 95 31 86 52 18 20 81 96 37 60 32 68 94 30 52 18 1 27 78 56 23 67 78 92 38 24 0 48 4 20 58 39 65 45 10 60 83 58 41 32 64 35 60 14 57 61 58 5 48 43 82 42 4 92 31 68 90 66 86 20 69 8 58 69 39 83 21 91 9 37 15
2 54 32 59 72 91 62 45 47 35 73 79 60 84 87 11 71 44 31 49 76 82 83 30 62 39 24 27 23 79 36 35 51 46 19 36 26 51 41 13 38 70 61 93 2 23 23 16 51 7 74 83 75 42 67 54 88 0 38 5 7 75 98 13 18 69 77 50 52 86 44 56 56 91 14 71 28 91 57 95 23 18 89 65 60 81 96 50 63 64 33 66 58 45 89 32 78 90 52 30
16 64 16 9 0 69 61 59 60 43 2 47 17 10 72 89 72 94 94 41 16 87 30 42 63 1 65 68 11 79 39 23 86 23 83 26 69 30 39 4 8 20 13 54 56 90 17 21 71 99 64 34 64 78 59 1 19 22 81 24 86 3 82 63 82 35 55 76 54 8 1 79 24 80 0 38 61 41 26 86 0 23 10 39 27 64 83 86 98 8 13 5 80 47 5 66 39 10 65 64
59 18 57 38 67 52 65 34 73 60 59 74 59 13 80 97 56 74 44 80 26 36 7 6 15 57 67 52 0 12 20 84 51 58 26 91 13 10 69 1 13 10 90 69 16 66 36 47 99 55 38 93 5 55 58 33 25 9 36 88 39 12 85 91 27 32 28 3 71 82 18 50 52 2 11 15 34 92 49 8 78 6 12 80 41 0 12 40 48 1 0 62 96 57 93 98 12 1 93 26
35 73 76 97 19 2 36 91 27 98 21 93 1 45 84 76 10 37 88 0 35 75 91 74 54 64 73 1 81 59 91 45 61 21 6 45 26 63 53 25 41 96 23 43 95 91 96 63 45 21 30 97 95 57 39 60 27 49 9 26 1 32 2 61 62 75 29 88 18 79 82 22 62 38 72 91 64 83 83 57 48 95 86 42 58 31 54 35 77 66 23 6 10 3 91 86 35 98 17 41
58 69 73 26 41 76 21 41 75 11 70 25 23 99 5 17 64 28 30 67 60 86 80 76 6 64 24 74 10 95 4 94 19 81 18 0 56 48 81 90 63 86 98 21 43 15 64 41 81 47 71 68 93 90 21 97 71 86 5 70 23 65 23 91 21 26 97 34 87 84 63 53 68 19 71 52 33 31 20 62 43 98 44 15 49 92 22 7 16 28 29 92 17 82 74 40 78 33 39 83
25 42 52 32 93 41 25 68 85 32 86 75 13 73 65 99 69 84 73 92 55 52 75 23 66 97 7 35 77 28 19 15 2 69 96 97 86 38 32 72 91 16 28 65 76 37 96 94 13 13 88 85 0 80 12 49 23 65 38 16 81 45 68 5 45 84 32 0 49 12 18 65 9 33 98 73 55 48 77 48 22 72 34 91 78 68 33 1 94 99 89 49 54 53 24 35 59 86 23 10
76 69 11 6 46 55 77 88 46 2 80 9 15 27 91 33 84 2 22 38 43 49 47 26 16 16 87 28 30 93 35 75 4 36 16 3 73 62 57 65 87 1 86 70 4 60 33 29 48 30 30 45 6 5 59 2 21 72 21 12 58 96 27 4 3 91 12 27 60 60 40 70 46 45 91 35 39 44 36 86 32 6 94 63 50 25 36 42 56 39 64 94 10 47 74 86 83 33 75 48
37 20 60 40 38 53 37 18 76 38 7 28 51 68 64 35 43 87 1 7 73 49 71 74 3 68 7 17 27 64 23 6 82 48 42 85 63 8 60 63 70 9 46 43 19 36 71 91 52 68 47 56 35 0 82 78 9 84 88 68 50 5 92 92 36 70 69 95 70 22 75 90 90 81 24 53 23 40 6 42 72 50 25 76 2 44 10 10 84 86 99 65 81 33 35 70 33 52 89 92
52 34 77 62 69 5 91 20 14 70 36 11 70 43 60 36 26 86 65 42 24 9 68 8 75 42 38 10 67 40 40 90 53 25 69 86 63 56 10 61 34 47 33 81 62 43 89 70 82 20 84 19 49 48 8 98 46 33 76 55 77 23 97 90 17 66 20 26 54 58 14 5 57 28 40 78 13 7 22 77 20 84 9 90 3 91 89 4 22 22 80 10 59 26 53 99 44 83 39 57
58 25 86 58 63 28 51 65 60 57 34 55 40 41 71 70 88 74 33 49 33 86 37 56 3 27 17 69 88 52 84 28 76 38 65 9 33 70 28 75 62 11 74 53 1 87 10 18 20 72 34 18 20 17 14 88 55 94 39 67 65 20 88 63 60 42 83 49 74 64 28 58 73 31 8 53 41 78 14 50 7 4 0 94 63 14 1 81 4 56 65 66 99 46 11 76 2 64 20 21
57 1 69 60 43 6 78 73 31 94 88 68 58 68 25 23 45 94 91 79 92 87 8 61 82 71 25 22 56 64 83 94 98 85 16 26 41 52 95 98 59 12 45 20 10 3 84 97 37 31 70 8 52 27 53 14 67 12 13 63 83 6 18 60 47 76 85 22 7 43 47 34 22 18 21 82 86 70 51 64 99 18 46 15 72 22 78 21 82 81 0 66 14 51 38 59 12 70 85 93
22 62 42 87 62 35 17 66 73 66 43 68 22 55 93 33 79 86 10 1 69 29 5 21 44 86 84 27 4 98 75 34 11 80 71 70 14 83 68 54 32 52 93 6 83 59 25 71 50 98 0 17 51 12 25 91 56 66 3 70 10 51 49 94 64 59 92 31 86 57 30 54 25 18 41 17 28 6 95 26 52 10 19 17 19 91 31 76 55 87 58 61 89 28 47 4 90 81 49 10
58 34 1 84 70 67 56 90 81 90 16 24 2 97 90 0 53 43 7 13 43 83 60 65 91 15 92 26 86 0 5 14 14 6 59 82 24 21 81 2 80 12 7 83 54 13 37 10 52 12 93 97 8 49 24 88 4 83 46 32 39 20 11 28 90 34 31 32 88 58 97 81 33 92 71 4 11 89 57 54 8 74 74 22 47 87 52 49 27 11 0 3 54 3 91 41 55 31 82 32
38 72 28 89 4 9 89 81 62 45 27 41 92 30 77 55 2 79 38 80 65 40 80 58 94 88 54 0 10 69 35 69 77 56 50 31 18 60 43 45 42 33 27 53 70 29 4 30 35 80 5 47 50 46 86 7 63 54 36 92 20 8 9 28 20 12 42 97 0 49 64 27 22 99 89 34 41 8 84 70 15 47 56 3 87 40 49 21 1 90 62 50 62 54 88 30 99 85 55 20
29 0 5 44 18 79 76 9 5 62 52 29 41 80 61 55 25 95 19 43 11 6 33 78 4 39 10 83 89 23 3 61 24 97 40 16 31 11 81 28 49 38 56 68 83 97 60 71 55 93 73 7 5 54 41 11 8 31 87 69 71 63 88 20 51 40 84 7 4 77 55 30 68 54 80 43 50 29 1 95 29 3 53 94 81 85 6 90 58 61 44 54 5 37 40 75 61 39 44 82
14 67 53 37 97 44 5 33 81 43 91 2 7 77 23 5 21 28 41 73 11 79 83 13 42 9 90 40 42 25 88 6 79 73 18 71 84 23 83 80 70 90 80 67 30 82 55 68 15 91 39 57 75 41 83 98 50 35 60 52 8 85 47 49 99 1 74 95 73 86 43 61 99 76 71 67 12 44 43 59 13 91 89 38 11 9 6 12 72 43 89 83 6 26 34 33 17 16 55 84
23 22 19 85 16 57 49 3 65 24 32 57 95 3 10 92 61 87 46 22 5 50 73 75 50 66 93 89 1 3 56 13 48 62 5 11 20 66 38 47 43 21 84 21 74 47 16 75 1 74 92 92 7 90 36 0 77 41 73 51 64 61 11 78 81 45 34 95 84 54 85 20 16 95 60 89 20 81 9 55 17 46 23 38 27 75 25 50 37 46 25 69 94 18 90 34 61 12 82 60
98 66 67 84 62 17 30 6 6 36 84 67 9 67 18 14 60 82 29 41 94 97 24 48 19 72 25 66 55 27 96 91 33 37 21 73 93 44 10 77 85 68 74 95 16 11 5 15 29 60 22 58 65 19 17 11 93 54 65 80 90 19 48 56 38 15 3 34 95 21 23 43 90 33 12 72 73 28 21 17 89 64 39 8 78 56 97 89 8 23 48 21 23 52 16 50 57 3 71 8
6 3 81 79 58 96 18 13 82 20 10 31 57 18 61 12 52 13 99 38 32 79 4 13 31 17 87 69 72 38 88 21 7 9 99 27 75 52 11 69 21 46 34 83 72 96 43 10 13 16 24 72 66 4 78 28 24 52 83 1 71 84 61 15 48 93 24 44 58 87 53 8 66 61 16 29 69 31 54 5 18 97 86 34 39 29 87 81 83 87 20 48 39 55 89 90 87 46 6 78
48 49 5 18 48 61 8 81 90 53 50 14 22 13 85 78 12 23 87 40 31 12 84 75 81 61 55 82 70 23 71 71 37 57 22 35 27 76 82 68 12 46 63 66 58 79 7 91 19 10 82 76 16 68 37 72 61 79 25 59 21 89 41 86 15 25 62 5 95 68 45 22 3 33 28 1 46 29 40 25 28 8 45 26 34 72 43 59 70 56 85 46 63 97 63 58 50 18 27 56
7 65 82 78 1 84 20 14 28 10 32 67 27 99 71 86 58 54 23 0 22 22 96 73 69 88 73 70 79 29 24 5 28 19 22 15 24 55 33 13 23 88 53 22 38 13 53 28 15 31 37 51 70 44 77 49 29 16 79 57 41 83 55 90 13 85 30 10 96 43 63 8 17 91 0 35 50 50 80 45 67 98 85 30 48 96 12 59 49 95 72 31 19 64 30 25 12 28 22 20
4 69 37 17 64 66 19 23 86 18 69 14 30 50 35 12 42 53 82 89 69 80 63 29 19 68 7 74 92 56 10 93 81 95 56 4 28 73 50 41 84 97 7 90 13 20 81 50 81 17 20 75 11 60 40 99 67 84 51 64 94 74 63 97 8 52 59 45 33 90 0 75 14 33 36 27 82 55 18 18 56 64 99 74 51 91 54 93 33 95 28 9 8 66 3 83 44 0 25 6
55 59 43 52 11 52 47 14 52 3 49 87 61 11 33 67 14 39 33 96 85 4 12 65 78 2 20 62 88 14 87 58 23 42 42 79 39 2 10 46 2 40 11 13 66 20 11 76 96 59 13 80 54 94 31 14 26 69 15 20 52 96 81 16 61 12 97 11 77 17 24 16 10 3 34 66 4 12 56 19 8 95 98 79 45 98 24 65 6 27 63 42 70 4 11 94 38 63 15 37
32 7 91 31 27 70 12 66 93 23 5 80 52 3 49 90 51 10 31 85 83 92 7 78 28 14 49 94 57 51 11 93 74 78 19 56 56 46 17 61 77 68 17 9 10 2 91 1 9 5 9 52 33 40 74 23 23 7 50 20 65 54 30 7 97 68 47 81 78 85 18 18 96 43 5 44 73 51 50 41 69 1 66 40 72 39 19 22 36 73 99 7 81 61 94 54 12 16 95 10
83 34 42 46 78 44 94 60 81 48 13 59 1 30 30 16 7 7 85 8 44 52 80 88 59 83 75 56 49 49 42 84 39 2 51 40 57 17 0 45 97 51 12 23 10 46 32 77 15 91 3 56 50 88 70 80 72 92 93 86 2 3 26 19 83 52 46 52 15 26 41 95 5 37 36 50 91 49 22 1 45 74 0 68 34 15 60 89 17 84 39 15 88 59 69 75 32 19 94 85
53 54 69 38 26 67 63 53 5 44 7 27 45 8 48 80 40 69 0 54 53 64 22 70 33 11 29 46 29 61 85 16 82 21 21 87 69 94 27 23 72 13 13 61 15 69 24 96 75 20 66 3 56 61 43 29 84 57 74 82 0 18 9 40 41 36 12 6 1 84 95 26 0 20 78 5 84 38 9 42 45 29 56 38 6 67 90 29 47 13 87 27 51 13 62 39 40 63 30 15
40 67 84 33 34 45 60 13 11 8 95 57 8 41 11 51 93 95 65 12 50 54 85 86 79 67 73 80 30 24 77 12 82 13 90 69 28 28 75 67 17 16 36 91 54 83 57 57 53 71 28 82 24 83 79 23 14 45 59 33 92 16 24 18 41 31 56 92 48 53 69 86 32 96 6 45 12 9 79 55 23 42 71 99 22 17 41 71 83 24 3 19 61 61 90 55 25 94 49 94
91 50 94 56 76 66 0 28 82 52 10 13 30 20 17 94 51 6 11 78 98 86 60 79 64 76 52 43 31 89 77 25 39 24 31 80 60 29 39 37 85 13 53 83 95 38 41 2 37 72 19 74 75 40 84 69 89 72 78 23 64 94 19 50 33 5 24 63 13 8 23 65 50 68 28 32 69 42 18 33 8 74 39 66 73 62 82 80 80 74 82 5 84 77 91 21 70 32 45 13
37 99 88 40 16 3 39 7 91 3 98 59 11 3 63 47 53 65 96 85 53 69 5 44 81 20 24 80 26 50 81 75 82 57 5 73 62 74 69 20 73 52 99 24 43 94 1 48 79 93 3 9 42 79 27 35 66 68 81 87 12 42 48 81 48 97 92 50 67 93 99 57 7 44 36 89 17 65 10 99 21 43 47 24 63 55 93 39 95 10 89 70 41 80 31 32 14 30 55 34
84 33 55 16 98 48 64 94 48 87 42 25 5 4 90 70 10 3 75 33 13 72 98 1 31 7 44 4 91 15 59 3 51 65 76 68 26 56 50 47 64 75 22 59 71 27 94 98 72 27 53 79 28 47 71 1 29 36 21 76 98 46 14 1 20 21 6 43 27 24 77 36 43 97 47 89 65 21 24 44 77 3 18 27 8 43 88 64 59 79 29 85 63 51 96 28 10 73 21 41
1 29 60 73 74 24 12 22 58 70 77 23 57 77 13 34 96 56 87 9 98 4 5 6 55 31 86 43 93 43 65 66 50 65 98 54 46 88 63 78 79 77 35 47 46 84 79 18 62 77 20 56 76 7 22 58 33 11 38 1 93 41 26 89 31 47 43 50 59 77 70 6 84 36 45 75 95 97 47 27 74 9 41 31 96 21 74 32 23 21 68 5 22 23 28 37 44 56 2 21
59 50 31 28 46 19 24 79 14 1 38 39 91 21 14 87 87 42 92 47 22 9 73 95 33 74 49 97 37 94 58 53 2 77 96 4 70 2 84 43 44 83 1 88 86 25 52 61 80 78 82 28 26 64 74 55 99 19 70 57 46 80 15 28 41 3 16 27 30 4 92 81 45 63 66 7 93 73 72 49 1 37 86 13 82 78 76 40 25 55 40 68 45 55 77 5 35 45 23 37
37 58 44 83 19 35 25 7 75 81 85 5 2 21 76 82 62 23 67 42 69 16 75 24 36 25 38 40 89 99 28 68 29 6 72 87 48 39 45 74 26 84 2 72 7 58 60 12 72 64 29 67 7 50 73 81 58 21 12 26 13 87 48 8 83 14 70 70 69 62 95 89 85 6 74 30 86 55 25 55 73 82 84 47 7 36 64 87 16 87 75 51 14 23 57 0 60 20 52 74
59 55 5 81 88 63 48 75 54 76 0 45 38 37 57 70 36 13 73 44 42 92 42 92 98 97 61 54 64 99 28 48 60 86 47 1 37 89 54 20 0 47 44 28 26 45 68 37 95 40 22 98 80 69 62 30 20 0 0 87 36 62 8 20 16 4 44 14 95 82 18 21 29 81 58 13 89 88 49 51 66 84 43 45 95 78 43 85 32 57 71 98 67 69 33 90 47 45 2 32
9 82 90 28 43 33 26 58 94 42 89 16 2 27 28 70 3 91 97 82 83 97 84 53 40 76 27 54 37 44 63 53 55 73 12 66 35 77 77 69 79 35 94 80 26 0 93 5 33 5 15 44 18 42 34 7 92 5 78 46 57 93 94 43 12 2 0 31 17 13 71 33 30 31 82 82 64 43 80 22 10 84 65 98 27 24 2 42 8 34 39 10 1 2 89 27 54 37 53 19
67 90 17 72 81 29 1 44 99 90 68 34 63 16 11 22 98 24 82 38 31 19 62 97 63 7 1 19 72 35 90 79 7 62 8 21 45 2 67 74 56 79 26 41 60 3 66 5 6 39 33 65 6 39 45 81 22 80 4 67 25 46 9 88 95 67 86 38 65 49 32 2 0 84 77 82 64 74 62 37 29 73 53 98 42 60 18 8 67 88 70 26 3 37 74 54 58 29 29 27
91 79 79 33 76 77 93 28 22 23 47 24 77 51 79 61 4 32 43 68 32 55 78 60 33 44 26 39 36 85 67 97 82 14 32 36 54 12 18 90 65 68 10 26 63 62 15 94 29 9 42 85 73 65 46 60 90 42 12 17 56 41 17 42 34 24 1 49 20 33 9 55 52 45 26 22 82 23 83 43 62 90 56 41 54 83 89 0 50 51 54 44 36 49 48 43 34 80 49 9
73 11 9 48 20 13 33 98 26 70 98 82 24 90 19 21 69 99 0 2 61 57 28 66 4 7 69 1 35 39 84 15 62 0 39 18 73 99 24 62 23 74 67 53 0 33 64 83 83 3 57 43 35 66 77 39 50 95 45 88 59 47 72 10 36 25 19 46 90 55 74 85 95 83 19 31 57 70 52 54 3 82 58 71 73 75 46 86 0 19 31 31 26 71 82 85 30 89 9 87
54 47 88 62 45 85 52 18 81 25 26 51 65 40 73 60 10 74 40 71 14 97 38 14 4 59 52 16 67 10 87 25 18 70 69 0 74 0 12 63 43 62 92 22 61 45 30 78 85 70 13 3 14 57 20 9 90 14 78 20 87 76 33 63 83 84 23 39 9 98 93 99 88 78 16 23 74 6 22 89 38 41 75 59 29 69 90 30 8 9 33 38 10 35 59 33 11 76 75 85
75 35 58 16 53 27 63 9 49 60 35 76 34 5 30 39 71 93 56 13 39 11 9 45 6 1 45 30 53 46 21 74 73 23 0 49 2 56 43 56 87 6 13 89 5 25 33 41 35 63 84 20 74 42 81 79 11 88 13 76 13 26 98 66 96 19 8 94 95 80 94 6 64 41 32 18 22 32 80 63 23 89 88 72 91 59 99 3 50 74 23 6 31 9 84 54 68 40 73 59
79 74 84 36 69 39 11 93 92 75 11 29 92 82 43 99 54 59 8 84 95 78 86 75 89 18 21 7 99 4 14 19 95 91 42 58 79 47 45 6 82 97 54 43 31 9 24 25 47 11 84 5 48 77 19 98 46 91 59 32 79 98 27 18 30 7 10 32 45 4 59 60 60 35 78 62 56 72 66 67 22 15 5 95 44 36 4 12 97 95 34 63 85 67 60 83 70 89 25 20
16 90 95 44 68 43 81 2 41 12 58 69 75 81 41 88 79 68 89 57 58 61 60 78 21 27 17 65 99 90 18 49 80 99 12 31 21 46 4 61 60 34 50 58 53 32 69 4 72 20 7 91 71 50 58 33 76 11 84 7 8 66 48 11 29 33 26 97 24 13 57 71 66 63 97 18 79 43 17 61 42 83 18 25 42 37 0 31 17 32 74 37 39 21 53 82 58 27 60 78
22 54 90 77 88 22 20 99 4 91 28 5 11 21 81 85 96 27 80 10 93 72 10 86 47 76 30 65 78 94 33 36 69 51 70 38 57 33 93 47 86 39 55 66 39 39 49 96 64 90 16 55 79 1 23 28 93 63 40 67 61 98 60 61 22 5 95 52 56 48 59 58 89 43 73 46 79 60 86 94 89 25 71 40 31 16 78 50 54 44 35 85 9 50 90 96 68 10 29 8
90 1 66 56 17 80 24 24 54 39 13 63 60 48 1 89 81 7 22 40 70 52 13 37 44 33 61 80 65 55 62 65 91 86 33 0 59 8 83 87 66 95 80 94 74 3 26 70 40 48 66 10 1 65 97 97 30 43 81 28 17 50 96 49 36 61 35 14 72 47 47 93 26 73 55 74 13 1 29 3 42 12 81 35 24 94 39 74 15 67 36 26 66 71 52 87 5 73 21 40
78 82 56 49 9 24 50 93 61 80 81 5 2 13 25 18 42 8 50 1 95 76 22 54 17 43 9 51 45 18 48 18 0 98 28 20 34 22 62 85 32 98 85 49 2 69 95 89 31 73 52 60 13 50 5 36 83 33 63 38 78 13 45 93 4 35 34 66 71 88 42 83 28 41 50 57 8 98 1 15 96 21 57 25 74 23 96 15 55 78 13 73 20 2 4 42 85 69 81 93
70 61 92 11 29 59 91 13 0 26 70 47 70 49 75 34 87 55 67 47 98 37 68 34 32 81 93 31 65 18 35 42 17 72 84 91 93 36 47 1 40 35 68 84 21 31 36 81 36 29 77 30 77 62 86 4 97 58 89 94 20 76 58 94 17 62 3 82 98 69 35 72 53 26 54 71 97 68 51 41 72 75 30 47 95 1 35 46 14 25 51 36 37 65 77 3 95 11 19 38
95 88 18 30 44 8 54 9 92 50 87 13 29 13 58 46 72 23 72 8 25 62 98 66 85 21 76 55 31 99 80 95 95 88 3 46 32 17 62 1 28 58 73 89 70 30 31 31 36 66 60 47 67 69 30 49 23 97 10 48 13 92 32 85 74 95 66 1 12 52 67 20 81 76 26 54 53 72 82 91 48 14 1 83 40 14 65 89 25 94 49 6 17 48 62 67 12 51 99 47
43 47 5 0 12 38 9 0 24 69 73 48 43 98 95 72 15 17 97 29 33 22 41 5 16 56 74 92 46 30 82 97 58 56 29 53 36 97 7 77 39 83 68 29 8 16 26 12 47 47 92 85 32 75 9 35 6 92 74 87 58 71 81 38 4 73 18 12 12 17 31 62 1 76 48 63 72 92 72 65 37 57 96 99 57 42 62 81 66 4 97 67 82 46 72 73 98 69 97 98
57 94 51 51 32 10 38 10 32 42 43 14 96 29 77 20 17 37 42 33 35 22 49 71 37 43 86 83 22 61 91 14 85 99 44 85 66 67 67 4 94 78 37 36 48 60 84 7 49 54 83 18 19 95 77 23 87 82 84 14 27 2 97 58 73 46 78 90 65 99 48 28 50 36 27 3 58 63 41 60 94 51 10 56 23 46 63 15 25 48 55 98 73 93 91 69 54 87 14 52
63 98 88 15 71 21 72 13 75 90 55 74 1 54 53 45 3 57 44 25 79 61 37 85 94 29 49 94 24 29 33 9 36 91 16 68 27 83 53 35 10 94 57 20 54 88 85 69 51 83 57 46 48 54 67 11 80 63 98 78 92 82 94 73 92 66 43 13 36 22 29 93 35 0 66 48 23 38 94 30 97 82 9 50 62 96 51 85 88 95 94 85 37 23 10 76 90 17 45 65
35 7 28 62 5 12 77 18 44 24 70 7 41 75 70 77 63 20 63 7 87 88 24 37 0 93 55 39 85 16 67 37 71 29 53 99 13 39 73 56 19 10 25 37 9 33 95 38 13 94 71 2 8 13 28 81 2 13 88 67 94 7 58 53 32 75 19 91 57 51 64 32 46 38 33 23 32 84 65 61 31 0 77 87 43 7 51 84 80 32 13 72 89 36 27 5 84 30 13 32
44 55 50 63 70 80 95 72 52 49 61 42 50 56 99 61 46 71 22 49 54 93 53 16 16 89 24 20 45 0 80 28 14 98 12 47 57 21 33 44 56 99 55 41 1 45 61 18 78 82 51 58 18 25 57 81 39 70 48 63 85 64 32 20 86 97 23 16 5 68 5 44 26 43 32 84 19 84 20 85 64 35 57 36 50 68 28 69 6 94 82 60 43 47 82 38 38 91 85 14
62 76 47 22 23 36 35 6 83 7 14 88 80 8 18 47 59 10 77 16 41 12 44 42 72 21 9 78 1 19 96 5 85 10 39 13 93 11 30 8 67 81 31 41 69 52 48 13 45 60 2 41 68 58 75 27 15 32 38 98 85 25 35 99 16 22 99 89 93 42 8 44 29 41 12 58 73 9 96 48 89 40 92 17 46 17 42 9 99 46 53 55 31 83 78 12 81 59 96 46
55 29 98 33 19 54 70 96 97 50 74 35 72 7 56 64 44 27 74 89 54 27 33 46 80 54 36 38 22 96 92 9 57 2 14 93 11 8 36 15 96 45 6 12 9 90 79 71 29 98 15 20 62 39 9 91 78 61 16 64 46 88 11 67 35 62 28 5 62 21 40 71 87 47 6 91 20 69 95 41 88 60 9 80 27 65 53 35 97 94 12 90 7 58 28 31 13 35 58 95
98 82 97 26 84 15 75 1 15 58 0 62 69 33 6 73 72 64 85 69 84 39 17 90 1 95 88 14 54 62 93 50 19 10 42 92 60 49 33 56 12 31 72 2 48 29 94 52 59 40 11 89 36 28 61 89 2 92 43 43 46 4 36 50 35 47 67 91 38 58 64 45 76 64 31 29 26 67 58 64 36 47 82 68 3 21 78 70 8 2 25 88 6 77 72 31 25 64 2 45
97 53 94 48 83 5 17 56 41 26 59 29 9 10 78 56 4 7 89 99 20 13 32 24 7 14 65 70 20 4 7 94 13 59 94 86 12 63 91 13 19 13 43 35 36 80 21 14 85 31 18 88 48 63 47 11 40 47 78 96 11 42 97 29 18 56 3 78 59 33 67 41 32 63 73 63 50 4 8 58 88 53 32 65 34 64 79 0 88 18 14 27 84 74 92 61 90 49 79 41
74 37 66 14 3 58 88 33 3 28 72 38 52 17 2 88 5 64 29 72 37 13 90 32 78 27 85 8 59 52 77 3 31 92 93 82 12 77 79 81 42 22 67 44 38 64 90 68 53 25 83 92 2 20 27 14 68 0 44 8 53 11 49 47 16 6 42 43 50 66 4 57 99 27 80 25 76 52 68 27 35 28 26 90 87 16 74 23 75 24 32 62 51 38 68 80 41 95 27 40
78 35 15 46 16 37 63 48 42 15 50 77 3 11 87 73 61 76 52 92 0 50 57 95 75 81 82 21 83 29 32 76 25 80 17 18 92 90 96 68 56 39 60 26 53 17 1 56 68 5 19 98 80 65 42 47 98 15 86 21 52 96 93 67 6 31 48 1 51 1 72 37 6 65 17 3 5 81 6 21 55 0 72 45 76 22 25 84 85 53 28 6 79 3 2 7 64 24 89 84
39 9 5 24 99 16 52 22 5 35 55 96 26 34 60 83 76 12 83 41 53 93 30 42 31 90 33 62 37 96 96 32 48 49 67 68 32 54 42 51 51 37 58 70 28 65 32 34 34 44 73 84 56 80 42 30 52 74 99 97 53 9 54 41 59 59 50 60 95 54 78 25 47 30 51 18 50 70 7 61 28 62 15 1 0 96 17 20 26 20 33 17 48 96 62 11 13 97 46 38
94 10 49 73 82 25 85 66 58 7 66 49 38 81 80 13 78 79 9 57 69 34 85 36 6 34 41 42 12 0 65 16 99 64 60 71 28 2 46 68 50 95 75 18 64 48 21 15 31 60 6 45 44 79 57 76 33 39 61 58 33 50 61 37 19 54 66 24 71 45 91 17 34 28 26 61 50 33 13 42 36 32 72 41 96 24 55 86 44 90 5 58 80 82 1 49 3 99 36 70
62 0 18 80 37 6 10 1 51 41 32 56 20 40 31 71 27 10 69 87 83 74 45 88 52 4 44 6 63 98 46 10 95 50 60 49 35 99 9 80 12 45 50 58 92 94 61 75 75 43 76 42 69 62 53 39 42 47 54 94 22 59 87 64 9 28 94 33 4 24 18 67 76 56 57 32 7 12 27 72 35 14 67 54 60 99 32 69 55 45 36 83 90 52 6 47 16 46 91 57
7 63 87 1 22 4 12 7 57 88 23 51 99 43 6 81 48 34 73 57 56 30 93 8 64 89 67 79 52 49 77 1 96 91 94 41 19 54 11 44 74 77 56 93 19 49 5 90 78 61 37 70 41 60 17 63 50 26 44 11 58 2 25 58 43 39 34 63 14 44 89 54 75 16 44 8 98 40 29 17 89 92 63 66 32 67 91 34 15 89 29 78 78 88 74 11 95 78 47 64
36 45 40 36 19 61 41 5 4 37 25 71 81 57 99 17 1 34 32 46 59 33 75 88 88 47 70 47 58 25 54 0 34 51 68 36 97 57 87 85 10 12 78 51 15 23 58 55 14 93 47 44 14 12 56 14 52 31 29 87 97 83 33 49 34 90 55 47 42 24 86 56 61 62 85 90 20 43 5 48 1 54 19 91 72 92 57 33 91 80 33 46 71 98 10 93 22 64 63 11
64 74 9 78 62 2 66 29 48 26 58 97 55 49 20 99 29 69 87 80 97 34 44 13 87 42 80 34 52 7 54 68 16 55 12 28 92 79 86 8 32 34 25 62 53 14 40 74 66 31 16 22 49 63 45 62 81 23 51 26 84 78 41 15 78 13 97 91 47 24 14 91 85 6 57 6 0 83 55 98 41 31 43 69 74 23 11 81 22 22 14 36 36 70 56 93 70 84 80 83
2 14 0 8 16 4 34 73 1 17 5 32 17 92 79 1 20 35 93 35 44 50 39 35 75 50 52 10 87 9 95 88 4 67 78 27 74 84 70 86 59 53 10 36 14 34 62 23 58 97 40 44 2 33 93 2 20 17 23 71 63 78 20 25 82 64 99 48 16 95 46 68 93 78 2 26 78 31 98 43 13 8 41 94 53 22 83 65 77 97 55 46 58 89 28 46 94 91 79 27
