100 100
89 57 92 98 59 18 96 90 36 24 66 79 14 55 78 2 67 9 76 80 85 51 86 41 60 31 60 55 99 69 79 9 10 10 56 73 72 5 38 65 79 69 54 57 24 55 1 18 36 56 31 46 47 54 22 92 14 32 57 32 83 32 60 31 73 98 3 54 75 84 31 34 14 65 78 57 84 72 73 44 86 89 63 42 13 82 5 34 6 23 42 80 67 18 75 51 55 65 35 44
25 98 42 28 29 96 80 97 30 93 29 73 69 36 33 42 14 12 31 72 89 69 65 4 93 38 92 96 69 13 88 27 33 59 59 84 3 37 36 78 53 42 83 38 0 42 78 12 8 67 42 59 80 63 54 33 90 96 89 12 24 76 31 50 27 53 40 92 67 88 55 16 64 42 89 30 31 56 29 5 61 29 85 70 46 77 34 63 53 54 16 94 13 24 90 26 38 69 95 82
96 31 17 5 93 99 24 34 46 48 45 77 48 83 5 92 1 25 75 32 52 39 3 33 20 87 97 64 13 55 83 29 27 15 22 2 7 14 96 92 88 49 75 26 76 86 60 44 41 66 54 16 62 61 70 91 58 9 65 18 57 0 45 82 1 61 74 32 56 20 78 87 4 10 46 57 36 57 59 21 92 20 54 49 22 66 81 3 26 23 89 68 93 33 51 25 27 0 88 26
38 40 66 61 19 96 74 77 80 96 30 64 94 14 77 75 18 3 13 2 98 55 65 22 52 58 82 53 76 24 14 82 1 79 65 51 32 0 0 4 22 23 8 51 4 53 89 13 86 31 49 68 31 49 44 47 85 6 32 83 96 73 0 43 56 28 95 48 42 79 55 13 60 51 48 20 21 15 88 61 50 36 6 2 2 16 8 18 3 17 30 83 53 45 69 13 26 4 27 89
93 20 42 2 34 71 72 8 46 73 99 14 73 80 72 30 64 17 61 1 40 41 1 28 0 23 26 90 12 11 40 69 46 30 51 77 94 77 24 23 56 37 87 9 44 80 87 23 36 59 63 50 40 73 36 83 67 38 85 23 91 25 3 75 80 50 98 76 6 2 67 38 12 29 6 4 83 99 31 53 13 23 72 41 73 4 98 7 77 50 29 98 34 6 90 54 12 90 80 1
77 89 98 8 84 73 65 67 72 76 51 61 97 20 25 24 70 1 49 88 88 55 90 49 51 31 7 95 47 2 67 91 6 82 83 16 10 21 17 4 16 71 2 63 63 60 29 97 90 13 3 95 58 19 50 89 59 61 53 45 48 58 15 8 56 43 26 39 69 94 83 3 21 39 25 74 37 59 94 17 5 0 2 63 40 37 79 72 81 21 7 49 36 75 97 57 63 95 58 44
90 54 93 5 2 29 36 55 15 67 76 20 15 91 19 96 97 13 82 78 59 14 29 6 13 45 72 21 52 87 52 8 79 2 52 4 17 6 52 91 92 13 54 78 88 56 87 2 41 72 89 21 4 56 2 60 6 7 64 32 97 92 62 57 72 93 35 68 24 5 34 92 23 88 28 81 20 21 48 47 3 88 51 83 65 41 87 16 47 29 80 59 90 18 90 42 16 85 7 84
59 95 62 14 10 44 47 31 25 88 34 36 22 46 77 75 22 18 4 72 61 27 47 25 45 52 72 26 73 11 60 33 51 88 28 13 13 22 53 80 51 97 66 21 62 23 90 21 6 12 47 83 98 4 67 45 26 30 98 6 46 69 88 84 44 55 57 18 81 0 58 77 12 2 87 31 57 96 2 68 42 55 11 53 76 10 11 96 93 27 48 59 38 47 76 19 64 77 55 31
19 75 44 47 58 77 8 31 70 75 24 16 24 46 56 40 53 38 28 6 80 74 60 4 25 68 19 76 93 19 82 54 64 61 86 98 60 47 87 97 94 61 95 87 3 40 87 1 27 30 83 67 98 1 16 5 64 58 65 26 84 29 42 38 6 16 2 44 24 40 37 31 60 31 40 99 11 58 66 50 60 23 15 79 57 4 62 83 24 43 83 65 85 59 10 57 13 95 27 62
28 68 46 85 82 41 47 82 6 21 42 47 21 10 28 15 21 39 43 61 33 70 57 40 1 17 76 10 0 27 13 69 88 32 33 22 26 64 74 12 37 17 12 10 63 30 4 11 80 36 72 35 64 51 2 93 78 38 16 46 9 15 51 24 46 54 25 95 97 43 80 66 43 78 6 55 20 80 32 83 54 44 17 68 36 34 10 36 3 83 88 10 19 61 24 58 80 27 61 53
58 81 80 11 71 99 92 54 27 59 80 66 16 97 16 5 41 99 16 45 43 63 56 25 84 23 78 28 47 99 15 75 72 40 27 14 22 70 13 27 71 27 74 80 47 7 21 21 2 78 89 82 99 87 30 87 93 89 24 91 44 74 55 24 67 81 15 73 18 38 43 53 64 96 15 24 7 80 57 87 50 99 57 45 89 37 45 91 53 74 60 13 96 47 14 29 26 19 11 76
98 94 73 8 37 47 10 85 39 61 17 66 28 58 43 37 55 65 50 83 2 56 21 92 70 54 95 91 9 7 13 90 40 81 19 25 65 64 41 87 93 97 73 31 21 16 35 66 94 16 36 32 41 19 55 15 13 53 2 15 89 40 25 69 1 35 55 85 18 3 46 49 81 35 19 9 7 15 82 63 16 79 75 35 97 36 19 34 17 30 85 67 21 96 66 83 89 40 72 29
27 77 35 81 46 32 35 49 40 28 8 31 28 58 97 35 8 66 8 70 5 29 24 53 33 84 3 87 60 19 62 95 88 73 21 98 69 5 76 15 52 25 57 18 37 73 84 79 31 83 98 41 46 4 29 26 43 35 2 98 32 44 27 78 80 90 90 60 92 93 87 10 82 74 63 14 85 79 91 86 81 28 27 16 93 1 66 22 99 7 8 5 36 69 10 23 16 5 81 38
70 52 45 13 30 55 38 70 8 20 92 51 87 84 90 92 47 65 12 8 48 16 58 9 82 95 60 32 14 59 1 6 45 68 21 52 36 10 96 47 13 1 51 72 81 79 65 98 43 64 32 70 26 97 2 76 51 55 7 8 97 72 59 56 51 7 73 97 85 13 91 89 89 85 21 94 6 12 60 23 65 48 79 18 73 84 66 26 21 21 80 11 12 85 34 37 33 75 57 79
35 61 88 18 37 15 61 89 51 5 92 70 87 29 24 14 77 22 28 40 9 47 31 49 81 22 54 25 4 14 72 33 71 1 56 58 29 67 85 54 14 80 81 33 30 83 8 32 41 94 25 95 37 24 2 90 72 77 14 8 21 17 21 67 84 72 85 79 90 22 33 39 84 60 79 0 59 82 19 40 70 85 86 23 31 70 4 1 99 32 8 6 81 74 1 58 76 74 28 74
2 62 64 93 52 95 15 83 86 48 94 2 94 62 84 99 41 40 29 7 40 95 94 11 50 35 21 66 86 66 73 48 40 97 84 41 49 16 73 69 19 33 47 12 4 81 16 44 82 59 79 83 92 64 81 52 14 4 41 85 50 86 31 50 29 10 83 83 3 9 88 1 16 25 22 53 21 21 13 66 5 89 29 64 37 14 40 84 55 58 32 5 74 93 59 10 21 34 16 23
25 18 74 79 81 74 70 72 87 43 68 15 94 7 9 82 42 14 38 9 49 87 73 8 39 45 98 19 11 49 91 15 20 72 71 87 72 51 51 92 82 71 91 70 84 25 13 30 83 65 5 10 96 63 63 90 34 85 48 20 58 5 95 37 23 36 19 51 43 26 60 41 65 0 89 45 3 21 31 52 93 66 16 21 70 29 59 1 6 68 52 37 54 70 38 98 55 89 57 13
5 72 85 9 42 32 74 30 46 97 11 48 32 0 8 19 92 20 45 15 39 7 21 11 96 8 25 54 16 21 52 35 14 97 77 28 52 30 93 44 68 74 40 21 87 50 11 34 32 5 18 24 62 36 77 86 99 70 53 66 86 67 40 28 89 96 57 79 93 2 82 23 2 94 54 31 94 37 15 96 39 52 5 58 72 14 15 92 27 25 30 71 69 53 7 6 43 32 45 27
55 10 46 26 6 62 71 91 87 86 52 97 84 22 3 27 94 40 4 77 49 3 24 80 46 74 89 61 52 44 5 68 89 2 69 74 30 3 50 72 68 15 13 81 45 84 44 89 57 1 98 51 22 71 31 10 65 98 89 70 44 69 33 23 1 72 39 9 15 51 75 45 7 46 79 65 1 62 83 48 96 40 84 55 97 34 74 28 50 89 33 22 5 7 50 33 66 39 7 73
8 59 62 43 66 49 89 72 59 97 15 68 87 56 47 63 54 51 23 28 35 62 42 70 28 90 35 97 71 57 68 23 7 35 96 46 41 2 22 5 9 42 16 22 92 19 67 99 55 93 40 33 26 55 33 10 67 96 73 26 79 49 64 65 36 2 87 98 43 83 11 29 94 81 4 56 49 17 32 88 30 9 54 15 84 39 39 84 30 74 40 25 23 63 15 11 32 87 53 42
89 81 80 96 15 66 32 84 67 29 84 26 81 29 52 51 38 34 64 10 94 98 96 99 22 57 78 65 71 27 33 81 28 40 3 77 57 90 2 9 59 18 87 78 17 85 5 95 19 69 53 32 38 51 20 84 21 5 21 32 9 12 14 70 86 18 97 34 36 76 7 65 94 52 19 97 9 60 9 79 20 57 92 1 10 25 58 5 60 29 37 52 51 38 98 23 44 79 25 7
80 94 91 87 81 50 91 76 73 64 63 37 82 91 35 77 16 55 2 54 64 62 67 62 51 0 76 56 31 7 42 33 26 5 45 3 65 51 90 15 76 28 59 56 1 80 50 56 31 71 93 1 60 24 60 76 24 0 47 47 47 45 50 84 46 29 16 56 63 9 46 23 70 33 6 51 69 93 96 28 39 79 46 21 16 34 52 1 97 82 44 24 14 58 88 33 1 34 53 44
14 18 29 34 48 53 76 65 31 38 20 48 96 64 8 53 12 45 72 63 75 96 94 75 44 24 42 46 15 56 67 92 60 51 58 60 27 33 75 94 69 66 83 46 17 24 28 81 28 95 71 74 37 80 5 91 44 47 85 96 74 40 22 43 50 35 57 57 52 85 40 38 15 94 8 50 94 18 65 39 63 96 81 13 56 74 73 25 29 96 35 6 56 8 52 79 67 45 10 29
35 12 57 73 83 60 55 44 26 54 13 43 74 42 92 35 42 58 14 79 79 70 45 14 78 53 0 67 84 22 64 42 3 56 11 57 34 95 23 40 92 86 53 49 44 36 59 7 13 7 24 19 5 87 12 62 73 50 82 21 41 24 42 79 87 75 57 48 57 32 67 90 33 51 34 32 73 54 35 68 91 82 63 10 51 98 15 13 94 7 77 2 53 90 87 5 28 36 13 60
81 26 56 5 65 17 70 92 96 25 22 11 16 40 64 82 16 24 79 92 34 26 44 36 34 42 31 68 7 43 84 34 9 7 41 14 24 66 73 90 20 41 53 94 99 69 66 15 99 26 58 51 82 96 59 53 55 98 87 20 2 83 6 41 81 59 57 41 21 2 1 97 99 86 0 75 84 48 72 51 74 86 49 61 96 13 82 64 20 25 68 65 73 2 22 6 56 21 49 7
37 73 37 83 15 99 3 71 47 37 33 34 90 30 28 27 7 21 45 48 71 2 28 29 68 99 70 57 25 11 15 59 31 35 94 17 2 52 25 40 15 84 60 71 88 59 15 26 39 79 71 72 20 23 34 56 53 56 13 2 44 82 89 25 83 22 37 1 86 62 33 96 8 64 51 20 54 18 54 79 68 52 9 39 98 11 55 36 72 81 79 28 96 94 33 88 56 60 40 30
50 20 2 37 13 38 57 3 90 86 31 35 90 30 2 52 36 67 83 44 26 84 33 24 76 21 65 93 82 90 63 64 25 55 50 12 75 39 61 42 9 85 10 91 27 71 76 10 72 38 73 18 85 75 78 38 99 71 8 75 79 28 52 45 10 8 90 97 19 85 86 25 63 25 91 31 51 67 54 27 75 15 14 53 14 88 70 44 38 43 64 9 85 39 67 21 9 49 10 10
93 14 33 90 88 63 1 94 35 35 98 75 2 53 22 24 35 29 68 45 83 3 10 92 26 47 39 5 2 4 80 44 36 43 37 38 74 98 3 60 28 37 73 54 76 15 54 33 8 50 3 3 28 83 31 45 2 64 39 57 33 14 85 29 79 57 51 74 69 78 35 71 60 22 36 84 92 41 59 80 36 46 76 79 78 11 59 38 1 40 89 89 26 19 74 10 58 19 54 65
96 46 71 67 61 89 53 27 42 48 35 61 99 82 78 19 87 58 54 50 35 49 84 95 33 68 47 64 61 7 85 31 5 0 6 56 18 86 37 27 74 47 34 90 12 38 37 46 17 21 2 40 10 91 45 12 91 45 59 28 99 72 4 56 40 83 71 3 48 23 14 80 66 89 70 44 4 83 90 88 23 20 37 57 4 20 0 97 21 34 47 64 97 26 71 27 45 98 67 44
0 14 12 32 34 36 70 40 29 77 75 31 65 24 93 60 91 4 82 35 41 0 90 41 19 56 61 93 81 46 30 28 78 46 76 90 60 56 34 25 94 89 58 87 42 6 77 80 72 98 60 71 7 95 89 41 7 53 91 58 73 91 14 86 97 72 10 74 42 43 37 3 19 51 74 1 50 21 71 93 43 54 87 64 84 91 68 1 56 80 84 89 87 50 6 15 54 25 40 80
80 63 39 81 21 27 3 75 73 0 49 24 78 49 84 70 32 41 11 66 2 53 49 56 24 4 59 99 33 65 4 77 74 26 35 41 15 14 63 12 87 85 37 75 49 40 36 51 23 59 14 77 49 58 92 94 47 42 60 48 26 40 68 23 59 77 16 33 51 67 30 0 99 76 77 81 60 43 23 0 89 28 64 79 8 79 49 92 23 20 11 65 90 84 63 13 50 20 69 5
71 43 89 5 8 8 33 85 11 39 72 2 80 35 49 55 71 65 44 0 0 53 43 34 16 34 56 44 32 65 89 42 87 79 0 1 87 56 14 40 89 3 33 16 61 27 85 87 0 14 74 76 5 30 53 37 36 67 33 11 54 92 28 43 95 87 99 15 94 58 21 44 75 59 84 78 26 94 74 41 54 85 16 40 63 52 66 97 46 72 19 24 65 53 57 17 99 81 14 9
9 65 23 85 91 58 56 34 41 78 83 72 26 33 64 65 48 94 20 39 56 42 13 55 64 89 64 2 77 23 15 72 94 26 57 25 57 88 86 97 10 7 48 64 18 71 82 91 55 97 82 86 68 89 61 2 83 76 70 16 53 96 86 52 77 80 51 99 81 98 96 26 64 48 8 87 34 53 95 61 99 83 80 71 77 89 36 89 84 96 69 27 15 7 16 3 63 88 74 49
74 56 93 38 83 95 61 82 0 91 89 83 34 91 66 80 93 46 60 80 97 31 5 51 37 3 26 59 69 85 11 71 87 27 98 30 33 75 39 69 6 84 54 18 3 43 5 13 97 88 43 23 67 86 54 71 45 29 11 38 84 52 60 96 73 80 98 44 33 81 20 82 80 86 36 94 14 33 87 84 13 81 44 23 36 32 50 88 92 92 15 61 55 23 58 94 78 15 25 45
49 30 53 31 80 86 23 43 32 41 60 26 13 75 66 31 46 76 24 90 69 66 22 9 97 10 30 0 54 19 56 27 8 44 20 83 12 22 53 61 4 72 94 40 38 66 67 67 69 61 76 52 36 13 83 94 28 52 66 70 96 49 40 45 39 63 10 75 80 19 50 0 8 21 69 56 52 93 2 59 61 79 62 55 81 33 58 59 30 97 13 57 5 32 55 69 44 73 28 43
50 43 78 76 26 60 86 26 17 53 89 17 39 23 19 33 98 36 90 5 32 97 8 15 80 94 79 70 83 63 26 88 48 97 31 12 40 55 3 38 95 46 95 23 88 54 3 47 98 40 97 39 23 40 22 28 26 22 98 23 97 15 56 56 76 23 36 95 53 5 97 58 70 37 54 53 87 97 58 82 39 97 99 51 86 99 36 60 96 37 30 39 43 5 55 50 64 43 90 67
43 2 52 97 5 52 9 18 66 63 11 66 86 40 61 14 59 11 39 39 55 0 81 22 66 38 44 62 30 20 16 37 29 25 70 98 13 98 70 33 83 92 89 21 88 56 61 8 18 74 54 55 66 44 18 48 89 6 64 35 83 40 52 18 73 51 7 54 60 98 11 15 27 25 61 32 89 87 95 68 92 81 87 89 3 28 72 77 27 73 32 44 36 29 51 90 1 98 37 51
90 64 81 95 52 98 9 44 61 49 87 66 91 64 99 70 93 15 71 76 31 79 16 12 57 85 25 87 51 85 36 27 77 88 47 69 23 64 16 86 58 85 46 3 73 75 11 49 76 79 85 83 55 75 45 35 32 38 95 12 47 22 96 72 99 59 54 61 3 38 89 16 0 38 30 40 27 88 22 4 94 33 10 83 45 82 41 52 65 40 79 69 94 25 61 36 40 3 20 21
52 67 1 96 78 45 43 45 81 22 60 66 4 87 63 19 57 73 68 20 95 74 99 34 3 58 89 71 18 55 49 40 58 25 57 84 89 69 59 69 41 98 59 78 21 22 18 20 99 78 19 30 43 89 19 35 39 91 40 1 31 48 69 99 90 35 88 60 94 36 68 46 49 10 56 68 74 1 53 57 98 23 21 38 76 64 95 67 92 93 84 9 38 30 1 31 78 12 71 73
94 22 43 19 68 31 16 51 98 95 26 28 87 82 59 27 8 89 68 32 77 48 41 54 56 9 46 22 17 35 69 9 45 38 42 88 94 37 81 64 50 39 84 59 27 63 42 88 18 83 66 0 53 88 45 10 87 17 0 25 94 45 1 92 82 65 24 88 88 61 44 11 42 11 85 40 48 16 73 33 91 22 43 93 75 64 24 34 72 5 95 6 45 58 36 7 86 94 0 85
41 68 50 50 9 39 50 81 12 64 63 28 92 9 32 5 66 30 18 55 61 59 63 11 32 19 6 40 54 7 98 6 55 55 17 87 93 27 45 89 5 63 57 52 60 51 34 33 10 61 14 93 19 41 29 63 47 66 57 58 19 68 67 87 57 84 91 11 63 13 79 79 59 83 90 82 25 77 23 42 82 89 6 94 49 59 20 77 42 29 11 2 72 52 91 45 29 24 12 45
46 48 36 5 85 19 69 3 54 70 82 55 91 69 85 1 44 59 10 6 84 48 60 9 23 91 41 82 74 38 22 24 93 1 22 13 47 20 77 42 22 29 60 60 54 69 47 43 63 40 84 12 30 21 86 60 84 50 40 12 99 75 84 99 71 87 46 25 50 48 5 25 5 58 56 55 93 80 34 48 32 97 26 54 35 72 4 50 76 21 66 3 22 6 31 62 72 24 21 44
54 64 7 68 1 72 29 1 60 61 93 88 68 90 36 12 79 50 26 89 60 52 68 60 14 68 46 6 51 11 94 89 24 32 80 79 71 36 32 21 81 98 62 43 32 35 69 30 22 42 60 20 92 92 14 23 53 44 53 95 94 35 95 44 85 54 71 97 15 26 66 3 33 96 85 92 6 21 0 82 83 29 24 67 10 64 63 89 11 64 48 75 2 99 16 47 23 28 5 50
60 14 71 41 39 94 47 26 88 53 13 69 43 47 91 8 39 66 61 68 68 34 47 96 6 76 13 93 98 28 44 41 86 79 28 0 92 1 36 93 26 19 19 38 74 86 55 72 21 95 59 49 43 84 55 68 5 93 35 65 84 16 65 54 63 47 98 1 1 61 30 61 63 83 93 21 94 13 28 59 76 92 65 12 53 46 75 41 31 28 74 89 37 74 65 93 28 43 76 34
65 45 7 10 15 0 39 11 47 13 52 89 81 19 10 41 4 56 23 3 34 50 45 20 87 58 95 36 77 89 78 93 73 63 86 46 72 61 82 49 3 62 48 74 77 53 46 85 98 83 82 14 0 64 87 44 55 88 12 27 81 3 50 46 23 3 84 45 21 59 81 50 91 21 81 13 4 17 69 24 64 74 77 57 83 99 89 12 92 48 62 78 37 45 98 14 69 93 6 15
4 81 71 39 52 59 53 16 57 22 63 75 29 38 72 12 76 5 45 93 46 25 85 7 32 72 50 90 1 97 56 89 85 27 24 27 18 94 23 49 66 42 71 15 91 45 94 69 94 89 31 59 58 63 42 98 42 25 39 72 33 22 73 40 57 49 43 99 13 68 48 9 6 14 91 30 38 50 85 45 89 69 6 92 72 50 78 84 48 43 11 29 34 60 95 21 66 21 77 36
88 40 52 17 26 62 1 93 79 49 75 45 88 48 42 9 80 21 96 56 84 95 60 87 69 52 44 32 61 33 57 60 69 7 19 46 11 41 1 62 7 51 79 37 56 28 72 26 89 96 65 1 3 45 84 42 78 80 35 11 73 1 66 0 39 48 11 59 58 18 85 4 82 85 26 58 87 31 72 34 10 32 50 56 75 34 73 96 70 75 21 49 10 19 22 87 44 96 11 89
89 64 38 48 41 23 4 38 14 59 63 8 77 11 68 98 6 93 13 24 45 62 46 30 89 19 3 72 16 34 91 33 79 79 56 60 36 31 38 56 50 74 34 39 88 47 71 49 79 82 23 55 44 19 38 97 84 65 76 73 34 15 5 74 13 43 96 39 92 49 84 17 49 99 0 86 70 17 47 13 29 43 12 92 23 72 16 43 3 73 71 39 96 4 9 26 73 89 41 47
91 91 60 57 96 51 75 64 72 20 51 36 34 96 64 43 46 4 31 29 85 51 64 49 31 54 1 12 38 98 2 57 87 70 91 70 19 95 79 43 80 59 66 87 35 43 45 88 12 97 26 21 34 65 98 25 21 97 89 52 24 27 34 26 36 53 83 61 31 22 61 86 61 52 77 72 84 6 38 63 1 95 22 57 61 34 18 82 57 68 87 93 34 54 88 99 60 34 26 25
88 58 53 1 28 60 81 65 7 89 2 78 48 95 31 39 64 45 37 93 19 46 33 52 45 54 76 32 29 38 13 49 81 90 50 24 30 50 15 69 6 63 55 49 37 58 93 46 32 0 30 84 83 30 28 90 10 97 72 43 77 49 96 40 49 21 7 24 71 74 13 0 74 76 81 63 31 51 37 80 63 74 44 51 41 27 8 7 98 70 33 86 28 57 54 83 17 51 72 38
51 79 86 97 41 93 67 65 10 8 67 24 22 19 39 8 66 82 35 63 44 29 39 51 65 40 94 12 58 84 37 23 32 38 26 57 43 52 59 72 54 24 78 39 14 70 55 51 82 13 17 30 33 68 74 90 11 61 80 17 83 51 10 39 27 12 42 92 17 53 50 10 33 64 86 78 86 96 0 57 73 90 48 58 9 20 13 68 40 98 74 74 55 73 28 56 23 27 9 16
22 70 80 74 32 7 96 27 50 63 65 97 11 27 81 77 7 81 49 35 12 96 19 93 26 34 73 85 16 88 51 53 81 83 81 21 3 5 86 67 37 26 66 84 9 0 14 14 6 59 38 29 35 38 32 2 99 92 34 34 81 6 48 72 53 43 24 77 30 77 19 71 72 50 6 42 1 96 16 45 17 44 69 0 47 55 30 46 20 1 77 88 61 61 66 48 25 57 14 78
32 19 79 16 76 47 68 97 46 82 63 65 86 11 59 61 29 45 81 18 89 74 53 21 89 82 10 44 36 97 91 31 87 47 36 21 87 47 26 98 56 2 10 81 28 39 79 61 39 32 77 10 0 57 23 18 20 55 10 21 17 39 64 4 74 58 29 22 17 89 89 60 52 95 86 42 84 66 95 86 73 35 33 92 1 37 9 41 7 59 19 72 62 22 74 33 51 22 80 50
26 40 65 34 39 40 5 78 0 54 43 87 50 75 12 17 87 70 74 3 88 19 52 86 24 35 75 67 50 93 30 59 21 35 48 99 15 30 17 78 40 94 21 24 22 1 74 46 8 36 25 78 3 92 33 25 35 26 44 27 1 50 2 59 82 43 36 81 98 64 70 84 14 30 16 49 9 40 50 4 14 20 36 32 34 74 84 39 46 43 10 91 81 61 86 82 15 65 70 1
79 69 7 12 36 2 44 97 58 72 42 56 12 14 6 80 74 36 23 0 5 90 21 11 81 75 52 77 29 46 99 36 0 46 82 1 6 23 27 20 35 39 49 12 58 52 31 65 19 74 0 58 41 14 20 48 12 28 86 24 31 18 71 21 62 37 3 86 16 78 83 31 23 63 10 56 70 59 13 64 82 3 51 29 94 18 58 37 21 92 54 71 57 70 45 63 51 26 3 92
87 48 52 80 71 2 87 94 67 34 81 25 35 54 76 3 52 96 26 71 43 31 86 5 24 39 34 85 94 54 29 56 20 54 43 58 44 27 58 40 28 54 47 15 76 14 48 79 25 94 15 16 71 98 88 40 98 23 67 97 33 67 61 79 80 37 99 18 12 22 42 13 86 4 82 10 22 83 43 24 38 94 97 50 56 41 83 34 6 32 85 89 37 87 59 92 7 51 0 24
61 11 52 68 39 32 20 94 24 53 94 57 50 30 38 22 28 47 66 27 52 48 46 49 24 7 24 54 41 92 80 33 28 12 66 48 89 27 83 94 6 20 72 61 1 19 28 41 43 8 96 10 75 19 75 7 19 8 99 77 88 39 73 87 59 10 28 65 2 27 37 37 38 16 92 14 78 25 40 90 61 3 8 15 19 79 21 6 32 12 81 72 92 37 89 43 96 59 69 98
2 46 65 28 21 65 46 49 13 44 16 62 35 19 45 28 38 86 55 92 60 42 66 18 51 85 5 21 89 14 61 28 80 31 74 60 6 70 52 42 0 14 75 25 42 89 25 33 22 94 75 36 19 29 18 63 44 71 87 81 29 75 90 84 36 38 19 44 38 15 41 19 44 53 43 5 27 53 25 78 44 42 55 77 97 22 61 43 90 9 39 22 6 69 52 26 38 42 57 63
17 2 61 88 25 20 18 3 75 48 94 61 40 70 5 91 33 41 98 31 30 21 72 5 0 49 83 49 14 62 24 58 96 11 6 3 95 0 48 31 12 25 88 53 8 67 63 83 19 43 52 6 34 34 0 7 86 24 1 6 63 21 38 31 91 75 71 46 99 14 44 74 22 87 35 31 35 32 8 9 32 18 38 56 32 99 62 94 74 4 88 68 95 19 24 76 26 97 36 37
18 57 10 79 2 51 19 50 44 69 2 18 87 13 52 91 74 44 69 22 64 86 85 94 95 44 72 39 3 77 68 68 40 60 5 65 30 39 93 30 77 7 54 20 16 71 89 0 8 47 73 59 36 48 15 44 9 99 8 94 84 73 55 63 51 71 24 64 63 92 15 72 89 36 9 82 70 9 92 14 91 33 64 40 56 77 37 98 59 56 0 54 18 80 57 62 61 72 8 81
62 9 11 2 78 81 66 45 53 5 11 10 18 98 93 38 15 25 17 16 79 38 86 0 74 43 91 32 43 12 79 84 38 12 63 32 33 89 13 70 68 28 6 27 84 59 15 68 88 80 28 12 85 21 23 38 13 86 34 99 4 69 95 14 25 32 15 55 13 48 97 3 6 72 54 18 59 26 65 7 18 72 73 60 53 68 69 80 79 73 56 9 81 33 37 23 77 27 18 57
45 32 11 73 42 39 3 19 0 0 47 49 27 98 37 21 43 78 81 52 11 88 72 13 61 23 17 40 95 21 85 60 53 65 10 10 66 25 33 48 84 98 63 76 53 71 61 94 30 73 47 22 89 43 24 75 23 17 10 53 68 64 82 89 5 13 50 86 39 42 51 23 61 1 53 63 6 3 37 99 71 95 33 60 1 15 89 7 9 17 16 25 50 27 37 58 93 4 54 86
72 68 10 16 39 29 70 97 60 0 40 77 90 41 66 16 29 99 7 29 19 34 40 34 57 9 80 92 29 69 2 5 27 13 50 16 90 35 74 34 54 94 69 18 96 18 31 29 74 94 36 54 32 97 3 29 92 85 1 60 77 7 44 59 48 14 69 34 84 34 56 66 38 89 28 17 18 18 6 57 87 7 36 94 47 91 76 24 87 62 41 50 98 82 43 35 16 61 13 22
43 49 81 29 23 44 20 48 71 28 4 34 47 93 69 0 56 20 34 7 81 74 98 50 30 37 38 60 25 36 97 17 26 83 59 24 74 69 77 70 40 58 61 51 42 6 37 16 35 89 49 77 17 91 72 73 87 35 34 91 90 85 43 17 34 20 44 66 16 58 4 58 98 93 30 62 92 84 29 68 69 17 89 12 61 63 18 91 84 32 16 38 71 17 57 78 44 50 56 63
71 32 56 48 42 79 15 16 90 59 10 72 91 73 58 48 54 82 41 3 90 61 92 2 34 20 12 32 65 12 21 12 17 25 36 24 57 21 18 14 66 89 20 64 55 37 51 0 84 71 1 26 4 58 55 52 21 8 73 39 20 72 50 27 75 77 22 17 4 17 21 87 78 12 9 68 31 86 40 94 83 97 53 10 53 98 76 12 63 93 37 54 54 21 28 89 17 69 14 31
35 12 86 8 34 36 87 73 22 4 81 33 47 14 10 80 21 64 14 83 2 79 2 29 64 96 42 17 4 68 7 2 28 77 81 17 26 41 14 46 11 21 51 81 89 22 26 1 98 41 60 85 48 80 61 31 60 34 21 76 43 6 95 71 53 13 37 83 3 14 95 68 27 71 2 80 10 63 13 68 57 31 2 30 61 70 18 91 44 38 11 93 76 83 89 91 61 84 20 81
57 7 17 88 47 78 48 84 94 25 73 21 54 97 14 10 48 52 31 76 17 82 71 15 86 92 73 53 95 69 38 2 46 20 5 12 6 71 72 22 34 93 63 91 54 29 68 19 97 50 83 82 13 30 93 77 37 71 72 40 30 43 67 80 28 10 96 13 50 13 60 90 76 5 78 57 83 38 80 99 32 33 73 65 56 89 48 9 30 80 58 3 36 80 1 52 34 20 54 60
1 71 62 56 99 42 68 45 1 69 69 3 87 62 33 78 40 79 59 56 90 3 67 69 66 86 34 40 54 42 92 86 53 93 72 4 4 46 71 39 7 51 52 94 14 54 73 49 38 32 93 29 78 74 55 66 70 49 57 54 59 96 33 63 91 26 40 94 42 57 78 23 63 55 54 63 12 84 48 75 34 16 89 85 22 27 67 74 32 26 90 24 38 41 89 20 36 47 1 49
61 74 15 46 43 95 52 71 78 2 53 47 79 86 98 18 83 77 40 10 37 39 34 59 67 3 66 71 16 30 40 71 78 50 60 15 10 39 38 18 88 78 38 95 75 52 57 92 33 18 26 25 54 12 44 25 99 39 94 77 58 24 72 72 76 3 75 8 20 53 10 38 2 75 52 59 80 83 85 89 72 51 39 33 54 24 39 54 83 18 84 33 8 72 50 44 30 55 72 15
44 70 85 20 92 41 14 87 41 27 4 80 61 34 35 67 45 84 21 74 2 24 9 73 81 41 0 43 51 96 99 6 19 82 42 45 96 35 2 60 53 62 85 33 81 62 6 57 40 43 34 67 41 97 8 8 20 86 81 0 61 75 49 20 26 54 83 63 94 65 73 32 37 68 19 29 17 66 7 31 38 19 39 46 81 84 17 82 2 37 66 63 88 12 0 81 91 71 26 81
19 64 6 9 51 26 13 20 74 41 3 43 46 53 14 68 11 27 24 59 49 7 53 54 94 39 74 39 8 2 21 85 79 83 71 42 21 41 14 0 5 97 46 29 9 91 88 57 73 68 53 34 79 29 96 63 18 62 28 34 93 92 84 81 16 12 18 52 97 90 50 4 79 34 74 83 82 84 85 70 27 80 64 63 71 21 66 55 50 53 61 90 57 83 70 68 81 26 1 70
35 99 6 37 57 47 33 61 9 22 8 71 43 31 88 26 61 65 36 11 30 62 53 28 10 51 56 27 41 54 18 21 8 38 17 22 12 51 27 10 46 87 41 39 17 61 81 9 63 22 86 88 68 56 29 8 84 80 61 44 7 75 76 7 32 44 92 74 56 33 97 19 91 34 70 1 12 95 3 18 13 71 37 10 96 84 41 93 86 46 81 51 88 41 92 41 28 73 57 2
6 27 12 99 53 93 45 88 27 70 28 6 36 62 13 78 37 68 83 42 74 41 59 98 68 16 3 87 2 71 29 33 67 19 99 87 37 3 49 15 86 98 68 41 46 12 24 8 4 13 30 27 55 14 73 43 15 54 13 33 53 74 10 64 41 70 94 71 60 63 6 89 55 47 37 82 60 6 71 94 23 50 93 68 14 35 48 72 5 89 61 90 4 29 10 32 65 69 10 46
87 13 5 37 84 47 23 97 46 40 83 95 81 98 14 3 62 90 0 45 78 58 13 14 60 46 93 21 69 13 39 94 97 40 56 68 74 28 98 90 93 82 76 48 98 52 69 80 17 99 1 63 18 45 81 49 90 68 46 82 61 3 82 80 69 7 62 50 66 72 50 64 2 51 33 7 25 2 14 68 98 56 65 63 55 54 66 3 36 74 78 86 42 73 87 88 95 6 28 16
62 1 35 7 9 38 19 4 68 66 40 3 56 99 67 34 95 99 24 45 39 97 39 98 34 44 35 71 22 41 84 99 61 80 59 99 30 34 7 34 32 61 63 50 24 97 79 65 74 30 63 24 4 77 69 74 45 97 30 28 11 32 37 86 31 55 84 45 27 95 43 75 99 84 35 93 89 75 40 11 37 78 58 19 77 33 65 93 54 78 30 10 30 40 53 97 96 6 59 39
7 27 27 18 21 33 80 55 0 51 41 86 44 20 94 8 54 60 81 2 19 21 92 47 61 31 55 97 55 35 74 44 38 96 23 33 48 44 56 37 87 3 44 87 92 82 36 67 12 56 47 91 15 3 48 99 47 46 51 23 23 68 42 6 96 68 89 57 69 54 46 79 15 64 19 30 80 52 21 94 68 67 18 97 92 19 6 38 45 13 89 42 96 94 2 85 34 64 40 5
91 91 62 59 61 39 10 28 77 31 76 51 59 62 41 23 60 84 71 49 25 74 33 31 47 19 55 13 76 51 32 9 33 88 88 2 13 45 25 75 34 1 61 39 50 34 52 94 3 60 95 59 74 39 63 85 35 49 13 84 36 50 65 80 49 23 41 25 95 81 50 74 8 22 38 95 69 19 3 30 10 6 54 89 43 67 8 48 54 1 84 59 65 76 23 97 79 82 55 99
21 16 92 74 20 47 61 14 56 46 0 45 38 56 45 34 2 70 92 68 96 31 76 2 20 93 29 15 17 48 95 42 69 13 40 43 31 77 0 93 56 13 78 73 94 23 9 66 35 44 16 79 42 96 28 40 56 5 32 8 12 19 93 36 80 65 58 59 46 23 77 9 17 83 0 17 49 21 86 59 50 23 61 11 80 37 66 46 49 66 11 29 92 38 11 64 88 66 96 32
46 4 40 11 27 8 72 27 72 19 81 48 19 58 9 13 45 84 81 49 39 13 13 99 6 70 26 79 68 2 36 44 38 70 52 41 71 79 94 97 89 19 71 1 39 24 4 19 88 90 38 71 99 33 8 18 2 79 43 93 13 67 51 23 38 42 12 86 10 97 30 91 70 55 25 28 22 47 24 22 65 90 5 80 31 43 76 1 25 50 34 94 34 10 99 30 71 90 96 48
91 74 4 96 37 21 54 5 11 61 84 83 53 84 7 83 85 3 16 46 35 25 93 84 86 94 36 84 4 20 25 38 78 54 19 90 2 22 86 30 12 86 65 64 95 42 12 29 5 54 74 18 60 68 30 50 21 98 56 4 95 0 60 2 11 63 7 50 25 54 65 97 64 36 66 82 64 40 28 45 95 79 9 59 64 53 81 49 61 26 55 75 80 6 18 64 84 86 98 74
2 0 76 5 24 44 81 90 53 19 41 98 17 84 72 33 49 80 41 26 99 55 26 47 67 86 17 4 57 56 18 28 72 60 92 82 79 20 0 87 97 64 68 77 10 16 17 81 77 14 31 55 28 0 66 48 72 63 44 46 84 90 6 25 52 3 52 41 88 32 41 45 7 12 37 1 35 93 33 13 13 47 81 7 89 5 23 32 73 51 43 91 72 26 66 26 3 43 57 55
42 5 97 67 43 91 93 60 42 70 3 19 5 89 45 35 46 62 57 49 83 2 41 54 65 4 32 61 7 40 96 63 57 60 16 69 3 69 28 64 66 21 89 8 76 81 34 94 91 55 31 33 61 74 87 41 47 63 71 81 85 27 94 97 82 58 6 87 36 45 38 40 51 54 41 68 50 36 82 82 67 21 25 26 38 32 19 46 77 61 97 34 26 62 89 36 39 88 56 5
92 52 3 29 86 42 27 57 0 3 29 4 17 51 79 21 69 61 58 71 47 28 23 65 51 4 29 83 89 70 95 15 80 92 90 30 82 89 95 11 15 52 37 62 66 1 54 30 16 18 28 75 59 38 30 39 99 17 95 69 18 82 65 96 64 91 89 55 65 14 58 88 8 94 21 72 15 35 25 75 50 97 96 44 39 7 62 94 31 93 55 82 50 17 27 23 77 87 64 15
91 61 98 25 28 18 17 7 71 94 94 15 79 30 43 91 65 16 50 14 75 6 33 18 87 63 84 94 67 34 35 27 98 35 3 27 17 52 66 58 96 90 30 79 3 1 55 72 24 62 54 29 77 88 14 62 73 6 39 92 57 36 82 52 70 67 27 82 74 56 23 27 86 17 36 46 94 97 42 41 96 28 39 42 92 31 61 89 78 63 67 60 43 4 81 53 33 94 69 94
61 37 0 45 67 0 37 28 99 76 80 16 60 85 69 78 92 15 71 93 17 32 20 13 6 40 52 77 77 76 85 53 20 84 23 9 25 58 95 99 69 62 80 78 26 14 25 58 2 55 48 41 83 77 56 66 54 47 44 69 98 26 23 12 24 34 20 48 54 0 50 30 12 67 82 93 92 53 58 2 61 83 98 49 17 28 88 92 91 56 42 3 66 76 77 11 47 64 34 17
35 37 84 64 74 34 70 58 28 73 55 49 3 46 57 88 90 16 65 2 6 91 92 44 27 61 75 7 64 99 58 11 34 29 11 9 43 9 20 75 82 76 37 14 73 36 43 11 19 23 70 53 92 46 63 29 13 31 86 36 73 58 98 3 30 52 94 52 75 39 63 48 9 18 79 58 61 39 22 6 5 63 54 76 83 95 23 81 93 85 55 9 44 14 61 15 62 86 80 10
52 86 79 99 33 57 58 88 58 11 17 74 98 89 80 38 27 28 47 39 43 33 58 15 87 83 63 3 10 38 72 93 58 78 19 25 29 28 22 86 45 83 25 31 83 21 8 18 72 5 45 21 34 85 90 63 58 41 70 78 95 79 11 0 84 78 45 61 24 39 90 55 5 85 69 42 96 99 94 16 84 37 20 7 61 55 71 45 72 61 57 43 1 16 99 41 58 76 95 83
36 0 68 98 53 98 73 66 58 69 17 83 91 2 49 47 80 6 81 23 61 76 97 61 29 80 31 73 98 16 84 26 29 64 99 14 99 32 61 41 44 79 33 79 45 69 86 98 80 3 20 40 36 72 69 43 72 48 67 78 90 35 15 34 93 5 33 24 36 25 80 82 66 17 51 54 17 62 94 83 80 4 87 61 96 98 2 67 18 80 17 51 94 39 25 29 53 18 23 26
44 74 52 15 91 60 36 52 14 40 1 75 46 70 93 31 40 10 27 18 71 90 59 18 72 91 52 11 2 39 46 62 31 82 43 22 78 56 39 46 18 5 80 5 36 99 95 67 22 29 74 50 7 38 77 87 43 41 30 77 56 94 51 26 91 37 70 30 37 29 44 91 52 36 54 98 69 91 50 69 23 34 75 83 48 46 27 8 59 62 5 71 38 75 28 82 89 15 18 4
24 11 51 8 75 48 28 35 23 28 3 55 44 78 7 12 61 40 26 72 14 29 79 54 83 37 4 20 71 2 95 82 52 90 73 90 95 70 43 31 51 93 96 29 35 22 51 54 87 18 68 30 67 6 78 0 72 21 66 28 99 51 2 25 26 97 69 29 14 59 58 50 25 98 98 64 38 3 80 9 89 44 63 34 1 74 45 22 89 2 7 92 15 57 35 94 13 7 93 79
90 30 54 39 10 50 68 16 63 23 67 54 31 62 4 9 0 71 57 14 3 65 97 23 21 55 9 60 22 70 72 34 34 12 67 85 56 36 34 62 82 60 30 55 76 41 52 43 53 65 71 27 73 3 76 5 92 52 4 23 27 65 8 34 20 36 40 0 16 35 6 61 57 11 85 14 12 41 59 11 83 49 88 63 84 38 80 71 10 77 47 72 96 80 9 96 33 37 8 32
94 51 7 46 82 54 39 25 7 5 99 13 2 60 51 0 0 72 85 3 27 54 1 61 61 18 35 74 32 91 98 99 12 76 33 32 61 38 96 76 80 77 39 48 87 28 58 35 51 59 78 59 47 9 99 11 3 26 81 34 40 73 65 48 6 76 37 53 1 97 2 55 2 44 28 6 89 42 8 59 33 5 54 18 38 94 87 40 69 47 78 68 65 37 46 39 45 3 36 30
39 88 99 97 26 3 9 84 58 48 68 56 49 92 37 61 67 38 0 15 4 6 17 17 37 25 37 56 76 30 46 53 88 57 16 48 35 56 63 35 96 70 69 17 58 22 23 69 58 27 63 33 22 8 8 35 79 3 4 39 94 10 39 98 7 27 78 54 18 21 70 33 42 52 17 97 63 97 59 44 83 0 13 19 87 73 52 66 95 13 10 46 35 65 32 60 5 14 46 78
71 82 3 68 70 33 45 80 16 14 30 68 67 81 50 59 34 89 45 51 85 63 70 37 98 98 86 21 56 62 79 42 23 49 38 65 21 39 75 76 47 88 86 67 22 28 11 51 0 88 6 60 93 28 37 82 87 25 51 33 54 12 15 90 87 57 0 28 54 4 11 50 27 2 87 21 15 11 67 85 92 60 30 49 68 88 0 98 84 37 16 31 82 87 91 81 37 79 23 10
30 18 63 60 46 79 74 84 45 12 52 43 74 71 62 38 57 84 19 4 39 92 97 75 10 11 73 5 6 67 42 2 12 92 81 34 23 84 64 34 58 53 6 31 82 29 6 22 20 98 82 12 95 15 42 8 17 42 22 21 14 25 7 58 96 60 33 67 33 42 74 50 80 47 57 28 58 55 44 0 76 68 80 29 28 45 72 43 42 41 79 24 19 96 24 36 63 94 89 40
70 93 63 13 79 76 13 69 19 94 96 29 64 15 19 98 20 90 30 82 52 61 78 37 92 82 19 66 59 53 44 72 28 59 7 25 49 89 91 45 41 41 94 12 40 1 46 55 50 12 73 47 46 57 81 28 18 85 30 45 0 51 62 87 3 48 95 68 20 35 65 31 74 96 83 96 88 16 6 12 17 44 76 43 70 31 42 44 24 75 19 57 1 54 40 11 32 75 47 72
94 7 40 42 83 48 52 10 64 82 24 67 85 21 66 51 73 90 90 84 25 83 13 14 29 99 6 0 47 9 62 18 7 26 50 9 5 72 84 18 65 88 6 41 49 41 83 35 71 40 48 88 4 15 70 27 80 40 30 79 56 51 91 64 10 36 86 82 43 68 34 1 16 48 77 36 32 54 63 82 54 98 61 49 13 99 68 0 87 21 77 21 51 27 32 92 83 36 42 59
78 8 32 64 90 81 29 16 4 71 43 65 1 32 65 59 96 49 20 47 48 66 64 38 43 16 48 87 68 30 90 41 6 20 8 68 46 23 6 24 28 1 2 30 33 25 70 69 42 57 15 36 78 5 63 7 14 97 18 33 31 1 81 5 4 91 50 83 0 58 11 9 29 11 13 6 81 62 72 87 61 14 80 62 90 15 12 17 3 23 7 41 46 16 67 14 14 0 75 72
12 74 29 89 85 13 28 49 90 49 91 85 83 47 74 35 97 92 62 37 11 17 59 0 5 52 52 40 61 67 35 98 7 51 91 36 54 74 90 97 34 46 34 49 87 92 0 1 42 49 42 18 35 0 21 47 55 47 64 19 89 39 44 55 13 62 51 84 12 54 63 64 71 37 78 37 48 81 45 89 56 31 57 10 24 35 90 73 57 77 59 30 25 88 30 21 28 13 91 64
25 64 94 48 12 16 85 73 15 63 47 76 29 67 0 15 61 3 83 45 71 55 41 98 66 50 13 43 12 96 53 64 44 55 93 72 19 0 39 63 14 44 84 81 19 33 98 54 70 3 32 56 67 64 11 20 96 69 6 45 4 74 93 11 26 28 44 44 28 71 4 36 70 56 87 85 83 55 83 64 49 71 6 1 59 2 44 21 19 86 45 52 65 87 63 86 75 68 39 45
