100 100
13 37 10 28 28 44 64 94 84 23 49 78 64 37 99 54 12 21 31 97 67 95 43 4 24 80 62 34 34 74 11 87 22 35 66 90 14 6 87 13 79 6 25 9 93 21 75 12 73 27 67 15 96 66 46 6 31 24 20 4 2 58 47 34 1 38 18 31 3 80 50 62 82 72 38 37 47 11 31 52 75 14 84 14 43 54 22 88 35 56 72 91 12 87 89 69 38 15 61 96
31 80 0 21 98 26 46 37 88 27 5 96 93 66 0 89 42 90 46 44 77 21 36 88 78 64 47 92 7 10 34 75 77 8 77 62 95 36 27 30 48 96 74 0 67 7 78 96 6 75 68 11 97 68 58 82 70 58 52 21 40 29 32 94 30 70 84 10 83 74 2 33 10 24 16 80 93 2 55 59 8 6 89 53 26 11 40 11 10 91 34 31 23 50 46 30 2 19 74 43
19 90 69 27 15 1 15 59 32 82 90 95 98 33 66 64 4 10 97 49 91 47 31 14 22 71 21 52 41 21 63 6 35 8 80 56 94 17 74 46 41 97 39 66 41 37 38 4 20 82 39 15 22 12 26 70 30 67 47 87 94 49 75 58 94 42 27 47 26 15 68 33 39 95 50 61 81 37 77 50 78 27 72 7 98 30 2 16 37 80 64 10 74 99 1 41 65 46 66 60
19 65 10 23 89 20 93 97 26 17 68 79 91 94 35 65 91 93 27 25 31 36 8 62 65 33 96 72 33 84 55 58 18 58 51 78 9 38 7 47 68 83 12 78 96 59 50 49 77 51 64 92 19 84 66 87 47 45 87 62 22 21 27 4 38 34 99 92 7 93 73 94 12 41 48 70 93 34 5 55 74 45 4 14 76 55 63 1 45 56 16 63 52 49 77 84 18 30 65 96
43 82 17 9 49 6 13 74 17 1 61 46 13 73 21 10 15 60 78 82 11 28 5 31 18 29 87 54 5 51 36 82 9 52 28 54 38 23 13 86 24 67 78 11 35 75 64 56 89 94 78 83 15 9 48 25 94 62 63 8 64 70 71 49 48 36 16 10 23 34 30 83 12 52 77 53 9 39 56 46 10 84 79 76 82 99 21 26 60 85 6 82 5 54 19 83 80 94 77 33
67 46 46 56 60 92 13 94 76 43 35 80 0 49 36 19 34 42 26 74 60 93 5 70 42 7 71 53 69 98 0 28 21 42 99 66 94 73 88 13 21 15 9 79 60 87 51 40 69 44 54 47 76 80 56 74 78 48 23 41 4 31 87 53 8 13 56 28 79 92 76 2 65 14 42 22 71 95 13 61 64 14 77 47 37 12 2 75 7 9 81 86 14 12 3 50 38 5 20 12
39 34 83 56 84 49 60 5 15 3 59 32 98 35 59 20 44 25 4 31 51 56 77 66 96 48 51 96 47 6 54 79 92 88 22 76 59 9 86 32 23 42 58 2 4 49 0 5 27 40 32 97 14 43 16 90 82 13 73 83 60 48 36 34 22 71 25 6 39 26 0 30 49 28 27 4 45 84 99 97 20 13 85 72 66 77 48 31 23 48 69 18 77 36 35 11 67 94 69 97
39 61 21 78 66 83 65 77 14 88 46 42 71 3 31 76 48 24 62 72 96 89 53 54 91 4 12 76 40 38 32 83 61 14 16 80 90 68 18 3 61 1 33 60 64 68 81 38 5 30 11 81 42 14 23 42 21 94 51 59 64 68 76 97 34 64 33 45 26 52 60 73 43 43 96 82 81 85 75 27 46 69 56 12 24 28 60 12 82 62 8 14 44 61 52 4 90 24 64 3
45 97 12 77 1 37 83 26 73 96 3 93 22 17 35 30 16 56 55 71 66 7 93 93 56 67 27 58 51 32 20 41 75 74 72 23 59 48 38 84 68 80 52 42 34 51 65 61 11 75 56 35 61 25 65 61 64 90 45 89 56 59 49 68 30 5 83 75 53 49 20 48 2 45 66 31 67 70 58 67 55 64 46 82 87 91 68 19 61 98 2 13 1 47 65 99 54 21 14 18
77 15 44 47 69 49 46 91 46 49 66 47 9 81 37 29 58 61 77 69 37 53 57 63 9 70 6 73 97 55 77 52 64 42 40 20 1 50 65 75 18 6 61 60 33 66 97 35 75 4 78 86 68 72 58 54 28 16 20 83 9 59 61 3 84 86 51 10 75 69 11 27 60 6 19 78 99 62 1 32 34 54 70 32 37 8 1 60 46 5 72 46 66 36 94 70 71 32 41 79
36 93 58 82 9 79 53 58 24 76 2 74 69 96 94 84 70 58 8 31 40 20 80 86 14 10 29 85 72 85 38 58 57 87 53 87 21 77 49 44 28 46 33 19 11 61 83 90 5 97 34 24 40 69 70 49 45 13 59 6 27 89 0 8 18 50 41 47 52 36 46 92 24 51 29 30 80 67 41 52 85 35 98 60 31 71 63 38 97 99 50 32 63 71 2 22 2 75 3 99
69 86 24 21 26 30 79 5 96 63 45 31 71 0 37 13 67 69 82 79 68 83 6 48 29 1 55 38 34 51 27 6 75 67 31 84 85 41 98 26 21 17 71 80 88 46 86 18 18 62 88 6 74 7 54 82 38 94 40 85 30 80 99 81 72 79 29 73 46 31 27 45 16 17 49 96 88 86 88 4 36 72 33 73 15 28 55 4 48 19 80 54 76 25 24 35 41 58 62 42
39 44 58 78 36 0 41 8 41 50 19 55 58 24 52 97 74 29 44 38 63 46 24 86 32 80 64 47 49 73 52 57 83 42 83 40 38 12 38 79 56 67 47 95 15 59 64 12 44 65 89 4 56 13 66 97 63 63 13 61 82 49 26 72 27 59 67 97 25 79 95 36 17 75 12 93 86 74 10 65 68 21 77 80 21 14 81 18 91 37 83 8 1 15 55 26 5 80 50 42
4 20 77 33 53 52 30 5 60 75 11 22 19 4 30 99 52 24 94 65 75 60 27 56 24 80 29 72 28 39 69 97 76 73 39 22 30 75 25 27 38 72 51 9 94 57 39 61 39 33 69 35 15 48 81 77 36 30 53 27 85 46 8 49 53 50 30 71 63 0 86 83 45 82 86 76 38 97 25 71 96 20 20 20 80 77 28 47 18 50 68 44 86 42 71 94 91 18 19 86
64 76 43 32 80 73 78 81 90 82 26 12 13 40 57 56 63 99 0 70 3 76 97 14 21 72 87 19 57 1 46 73 3 72 78 6 85 16 53 3 59 95 12 30 30 46 46 88 59 90 85 18 64 66 14 90 41 88 24 8 14 15 1 15 0 36 53 65 37 80 85 84 19 63 19 50 40 27 3 65 71 19 80 11 13 0 46 40 73 77 50 66 39 15 28 83 48 83 62 85
70 37 5 85 32 95 11 20 11 78 5 62 37 45 53 10 42 0 87 20 52 10 98 72 58 84 49 64 45 95 20 67 19 99 35 79 97 45 67 73 43 93 32 17 85 33 37 37 73 85 50 71 84 20 70 62 11 31 18 18 67 61 61 68 90 81 45 62 23 1 93 21 37 79 33 8 12 8 51 26 43 39 35 51 29 5 61 29 38 21 0 60 58 28 71 66 54 87 40 88
25 1 58 70 2 0 13 39 87 15 38 93 10 10 26 79 13 53 7 48 95 34 71 67 44 91 46 41 65 18 63 36 47 70 60 56 76 45 51 65 81 22 39 35 88 38 13 14 61 94 60 38 92 43 47 6 80 97 67 84 9 10 35 94 10 87 5 19 81 21 38 33 20 38 81 47 1 98 35 52 60 75 87 29 55 15 35 96 10 77 13 33 69 98 11 74 89 71 27 87
95 67 43 51 67 58 99 75 67 77 57 55 43 65 94 77 16 49 12 83 64 8 84 34 24 96 63 47 1 96 19 94 55 99 1 83 21 34 74 83 3 71 62 96 97 81 79 81 24 20 27 51 69 90 63 20 63 13 87 10 39 33 97 23 84 77 31 64 50 69 8 54 59 9 71 38 3 36 99 46 87 69 28 52 97 60 91 27 37 85 44 68 12 9 87 67 40 97 74 51
45 39 12 9 76 3 93 34 92 20 75 53 32 2 15 62 27 21 77 24 21 41 9 50 19 1 37 24 91 6 58 85 96 40 23 55 65 17 94 49 32 1 16 69 95 20 17 61 36 2 27 75 15 84 62 47 50 48 53 10 18 50 88 88 98 55 54 58 16 72 94 14 40 48 67 71 34 76 94 43 19 38 98 21 58 6 93 73 5 89 61 1 42 34 61 82 80 48 53 39
32 65 87 99 14 88 81 1 67 54 65 44 29 81 81 93 78 21 37 53 46 32 94 99 71 20 6 32 59 93 4 95 81 18 89 12 94 77 24 41 38 74 61 0 42 34 4 42 57 28 33 35 65 34 5 21 78 43 52 14 18 8 40 48 85 52 8 26 48 8 95 23 0 19 2 26 49 2 67 3 30 96 7 31 83 27 1 16 2 50 10 12 13 35 88 15 20 88 38 30
85 31 74 51 33 93 99 27 75 84 93 76 1 76 79 74 77 46 7 8 74 73 96 32 96 29 37 7 53 65 87 1 84 11 2 56 83 2 81 26 17 74 8 37 88 36 2 9 22 1 52 56 68 15 68 52 77 83 30 50 99 96 14 6 58 0 76 75 21 54 51 19 13 97 53 72 96 22 14 7 66 63 81 49 75 73 89 85 95 69 85 30 99 33 9 26 42 40 74 54
33 93 57 60 34 67 8 38 8 46 27 0 30 78 94 23 7 76 21 75 29 11 33 68 32 73 83 10 97 90 5 76 36 51 0 65 96 69 48 45 4 94 33 43 26 6 2 96 19 55 37 18 21 83 93 18 44 77 91 44 50 79 82 14 14 30 59 44 6 67 30 67 12 66 37 5 9 86 21 41 64 33 59 4 35 23 56 83 8 20 80 55 52 79 24 10 83 5 46 58
30 36 91 76 68 30 19 78 49 27 78 69 67 45 29 83 33 83 13 68 1 67 57 35 64 12 77 76 75 55 77 99 77 23 81 3 19 18 15 16 27 18 51 51 24 79 95 65 79 99 91 50 17 64 90 92 68 70 66 27 57 17 84 96 23 26 22 20 39 29 25 99 58 69 30 57 31 41 25 34 70 86 24 73 97 73 21 24 1 73 68 28 68 68 34 49 50 6 84 49
74 67 51 19 41 77 4 19 34 51 48 93 88 55 44 74 83 8 23 19 16 41 11 76 79 24 85 83 11 15 91 0 10 5 50 92 28 13 72 26 3 59 22 35 81 67 2 25 6 18 61 82 65 99 0 5 85 78 64 30 22 59 56 30 71 67 21 98 28 36 81 36 36 86 20 33 64 93 9 10 87 83 95 83 15 2 65 9 17 48 69 36 81 78 31 22 37 42 15 40
20 34 86 18 82 93 44 62 52 17 4 18 74 34 98 32 76 86 34 98 81 60 94 90 7 53 91 2 86 17 64 36 12 87 41 19 93 71 71 42 9 52 50 69 98 6 4 81 67 46 35 79 19 51 87 85 7 42 38 69 71 43 45 29 6 55 4 55 1 63 11 6 33 89 47 55 51 10 76 48 97 38 20 54 2 2 21 94 68 36 32 53 4 16 60 23 96 95 80 22
16 0 1 95 54 66 78 17 0 30 8 65 79 3 11 51 39 89 0 79 73 41 49 6 86 89 46 50 96 98 81 43 57 73 21 76 69 60 79 43 13 49 39 59 63 22 80 77 16 64 87 23 43 88 55 4 45 12 9 53 82 53 11 29 97 22 29 86 89 13 28 83 21 96 5 44 97 91 43 97 64 62 53 86 3 66 20 87 8 86 81 2 70 37 79 75 41 58 29 2
26 74 66 5 96 20 8 55 11 23 86 36 40 27 59 84 73 77 43 15 95 58 6 30 9 31 37 67 29 0 64 32 88 71 38 58 62 89 11 89 28 73 17 6 47 71 55 97 86 22 7 54 38 22 49 96 5 54 40 33 59 45 24 39 18 3 63 78 21 12 61 87 2 93 35 64 67 50 10 4 30 6 64 85 30 65 26 72 71 34 34 1 42 59 92 77 40 68 26 1
20 89 35 32 73 7 35 83 29 70 60 33 11 76 37 41 88 20 66 57 99 90 67 93 70 97 6 68 41 98 97 17 23 85 10 73 57 10 28 63 94 19 92 44 47 73 53 61 52 55 94 13 55 51 27 41 27 41 49 92 74 39 71 38 25 26 61 76 53 0 94 53 71 17 41 40 86 18 95 79 2 87 40 29 6 95 2 26 6 73 65 3 91 39 41 98 79 26 79 98
80 24 52 8 53 2 19 92 45 19 86 33 6 13 70 6 62 11 68 46 65 61 98 81 91 75 88 72 58 31 23 91 37 60 62 65 82 30 68 0 76 5 95 98 88 75 49 75 57 90 2 3 3 80 60 91 3 93 97 23 35 98 84 20 87 16 51 47 36 5 40 73 60 83 62 45 20 41 21 27 38 36 15 24 57 54 13 84 88 80 7 79 88 90 87 21 70 54 58 93
44 37 92 32 23 21 61 27 45 24 21 83 95 10 20 97 30 23 96 14 71 63 70 21 37 99 8 70 36 48 11 8 24 18 22 48 73 55 76 91 23 11 5 76 2 90 10 39 46 35 52 79 91 22 52 15 95 98 24 87 5 54 27 44 44 32 16 92 76 25 7 4 93 26 11 68 97 64 80 86 18 62 2 95 81 44 46 52 56 10 81 58 53 17 35 0 15 77 26 20
38 30 2 24 78 18 44 84 73 39 56 10 54 46 34 85 76 85 18 21 99 11 92 88 24 94 24 54 1 28 76 79 24 10 11 73 97 69 81 77 5 86 60 57 82 61 12 2 37 74 74 9 20 49 59 74 61 9 20 14 55 9 85 36 6 59 69 56 12 32 6 12 98 98 97 17 2 12 23 68 6 26 52 19 89 99 15 7 71 24 85 96 91 7 21 37 19 51 97 89
99 94 73 86 57 86 65 9 59 46 38 47 88 90 42 22 36 28 0 95 7 49 39 30 62 91 81 88 60 4 38 62 40 56 81 57 85 87 93 3 45 97 3 37 52 22 26 24 51 0 55 13 79 62 11 84 80 76 88 60 3 60 9 22 45 50 93 12 9 8 5 55 26 54 52 91 60 77 52 64 23 99 43 82 92 61 14 21 54 99 25 22 39 92 82 82 94 72 61 52
23 85 3 77 93 52 53 57 24 31 19 39 95 74 97 62 1 44 42 73 49 22 82 93 43 40 93 59 11 43 88 9 66 77 81 26 36 88 64 51 80 25 3 48 41 16 88 87 99 11 98 49 81 64 36 32 66 64 66 28 53 98 13 75 16 79 59 19 47 69 30 45 99 38 95 64 84 54 24 4 30 84 38 61 24 58 53 36 52 35 74 10 35 92 19 74 13 59 51 75
43 70 96 95 7 80 69 34 15 80 71 57 19 69 52 76 52 25 16 74 77 33 19 80 70 42 65 44 9 23 45 80 20 37 46 75 49 12 78 97 62 98 96 82 37 22 56 98 1 84 77 46 20 88 34 5 43 82 47 51 39 7 18 79 27 94 68 53 58 96 71 34 65 97 42 35 82 58 22 64 59 79 31 60 49 33 18 97 0 54 79 27 18 86 75 88 69 93 44 81
69 59 35 37 85 48 25 39 93 75 27 83 78 36 28 42 43 90 88 3 75 15 5 33 66 19 6 40 28 78 66 15 38 93 63 9 35 29 49 62 82 8 21 77 12 39 87 65 29 75 63 14 28 77 29 43 54 9 75 48 22 76 77 61 5 74 49 86 41 75 58 17 98 99 36 70 80 38 63 7 51 35 66 95 18 65 78 62 78 91 32 95 72 19 31 38 66 5 5 80
20 49 7 85 8 8 1 85 59 81 10 30 60 0 57 49 97 5 82 62 56 53 53 49 8 81 88 79 83 92 2 55 89 40 54 66 10 33 99 73 90 61 96 91 33 73 87 0 30 31 83 41 50 68 94 9 96 47 27 45 6 35 42 23 95 91 84 55 70 62 37 68 23 4 21 67 12 30 82 4 38 30 72 13 16 60 86 64 83 7 85 71 35 48 49 64 77 43 57 41
75 55 43 64 75 68 77 16 70 62 42 79 70 91 44 25 74 96 41 88 79 73 26 32 92 7 85 78 42 8 76 33 28 39 99 18 22 78 20 56 6 23 79 70 96 0 83 85 8 98 93 54 56 18 24 42 30 21 98 49 77 73 82 8 50 39 81 80 13 74 73 75 59 22 67 29 26 50 72 35 87 80 55 76 72 48 84 68 59 23 84 50 79 19 82 91 21 28 38 44
3 98 56 56 48 25 26 27 57 72 24 29 16 18 12 73 23 90 81 76 1 95 88 60 11 70 88 48 37 3 92 26 24 95 39 40 42 90 24 89 42 1 43 54 3 34 27 61 21 13 20 99 68 11 12 13 87 68 90 17 95 90 58 71 68 41 14 3 50 25 13 51 82 61 7 62 63 9 83 68 92 66 33 34 70 9 68 69 77 70 55 56 6 64 98 76 0 3 3 62
37 69 80 46 48 73 76 35 37 31 39 75 1 52 89 55 38 82 38 12 41 72 46 18 27 11 94 48 0 14 85 12 65 4 27 14 26 97 27 71 39 48 23 83 7 12 37 61 82 7 74 69 83 60 68 51 26 92 45 79 24 79 43 75 63 84 82 35 86 85 11 0 33 63 37 2 38 48 69 46 70 81 8 64 35 78 40 23 60 57 95 49 94 8 49 86 12 95 23 89
75 76 38 16 27 51 3 65 86 64 9 87 29 98 6 82 66 34 90 73 94 62 78 58 10 65 62 98 68 35 37 42 40 99 87 46 96 91 14 75 42 32 32 70 78 41 23 69 11 16 79 85 27 26 97 75 86 54 54 14 0 28 4 53 69 15 34 31 32 34 29 63 39 87 98 29 79 3 8 55 29 44 42 89 60 6 20 19 21 19 68 42 59 49 92 9 63 74 19 46
15 94 83 85 33 40 24 16 17 34 15 2 87 47 65 84 77 0 5 59 78 75 89 76 66 89 1 88 31 4 23 30 12 58 20 34 1 24 68 96 4 11 47 72 64 54 79 94 57 70 50 47 4 65 53 7 31 34 8 36 6 20 79 54 98 29 59 81 70 62 46 65 9 30 28 27 86 24 80 33 9 99 68 67 66 37 67 47 94 73 53 86 95 59 8 8 4 88 81 44
62 53 74 94 9 31 89 50 82 91 74 17 31 64 83 16 15 51 69 90 91 31 41 84 45 46 73 9 91 81 38 73 77 99 28 95 73 42 94 92 65 38 53 78 97 37 59 5 72 5 0 96 47 31 78 54 38 75 67 45 49 39 90 73 89 37 40 23 60 47 77 44 41 99 87 23 65 15 46 88 47 96 10 88 89 70 19 79 10 21 17 33 15 14 70 37 75 14 9 83
52 86 12 36 40 77 48 2 16 68 54 16 70 95 80 95 94 32 57 12 99 79 25 9 26 40 68 17 62 77 40 86 10 69 10 53 74 96 54 15 9 21 56 16 60 50 84 98 48 19 22 13 12 21 18 40 89 28 43 15 6 87 15 9 45 29 28 91 16 74 39 30 73 47 7 91 11 24 55 18 41 9 13 2 19 85 38 60 77 75 61 93 94 67 74 91 30 87 21 19
14 21 53 38 10 4 99 50 6 41 97 21 86 40 56 50 74 85 49 36 58 9 56 22 65 65 37 56 26 48 7 85 16 63 83 27 35 79 30 63 57 71 6 47 55 16 82 85 59 46 69 52 34 46 17 39 65 47 43 52 36 24 58 33 30 91 95 82 36 66 8 38 62 31 28 68 51 42 35 28 55 67 32 24 24 85 0 46 23 17 11 21 84 76 20 49 6 33 7 9
57 70 72 20 4 21 30 71 95 79 0 50 34 5 66 35 50 20 66 18 48 56 35 93 18 88 55 36 46 53 89 86 9 34 42 28 53 70 8 61 45 32 59 61 81 88 10 3 72 77 38 52 61 89 93 7 41 61 13 11 29 77 80 39 8 87 95 0 14 24 11 94 38 51 74 14 38 50 39 62 25 84 95 25 38 82 94 52 64 30 18 25 75 38 33 40 30 24 63 75
83 45 97 34 54 71 90 44 72 93 30 78 99 53 78 88 94 53 37 36 86 15 93 10 24 51 91 34 2 5 56 96 41 46 6 34 9 64 66 24 74 70 40 87 34 0 30 83 77 20 6 83 95 89 98 53 46 11 81 87 7 85 13 39 62 41 65 41 73 25 31 54 72 0 20 56 43 80 56 82 1 64 78 47 0 72 1 91 66 21 33 66 24 62 78 64 58 25 17 29
9 81 65 64 82 2 42 72 58 54 10 53 88 23 72 61 86 53 70 33 30 31 29 30 85 56 95 95 35 83 68 54 40 19 4 55 74 55 64 54 7 77 9 50 52 10 4 0 89 35 91 11 82 20 73 66 61 12 36 21 88 17 71 38 41 51 70 55 67 88 12 90 8 14 67 33 96 54 87 82 1 6 13 45 71 94 88 31 72 21 49 27 10 1 24 71 57 90 29 1
49 86 86 1 93 73 59 0 39 68 38 80 3 34 12 44 87 3 36 30 25 79 31 47 32 59 99 47 42 63 67 57 24 30 96 26 55 79 5 63 63 40 22 69 15 86 87 31 13 96 66 17 69 58 31 40 85 73 95 15 25 41 1 38 78 54 21 39 25 53 87 30 98 54 16 97 76 76 79 82 11 93 82 16 86 10 69 95 92 12 14 68 5 97 6 77 73 37 92 81
62 34 79 27 11 26 97 75 46 34 11 5 27 81 43 79 97 94 90 58 78 86 65 40 66 90 70 6 73 7 1 28 81 15 13 35 44 78 61 96 42 2 58 36 24 40 82 53 0 27 36 87 8 24 89 46 16 75 78 67 80 84 32 75 3 5 67 57 53 26 60 83 82 51 40 56 40 93 52 83 26 59 47 28 53 83 15 32 56 31 16 46 12 34 25 50 20 22 73 9
95 99 68 52 73 34 40 45 68 75 97 39 31 80 84 20 76 74 33 60 72 22 98 32 90 62 55 52 0 6 57 35 19 80 69 12 9 48 46 47 64 34 53 65 1 39 76 23 49 19 2 13 50 79 28 1 63 17 44 11 6 58 99 49 1 75 76 79 2 36 21 73 80 56 60 50 89 3 0 71 86 31 73 27 17 9 77 28 51 32 91 79 47 1 19 98 87 3 66 21
37 1 95 19 22 12 16 36 74 27 75 48 11 17 41 45 11 28 87 18 14 84 34 42 45 75 92 57 73 15 49 30 51 59 80 16 28 30 46 37 49 63 90 96 43 7 28 4 68 15 5 68 47 79 34 55 38 47 84 40 7 38 56 9 35 2 21 99 79 98 96 91 28 78 51 38 12 14 78 33 40 2 36 51 0 65 79 7 3 53 9 43 11 38 55 1 63 0 55 5
31 81 59 34 84 15 56 36 96 6 91 92 39 74 26 26 21 64 24 8 98 58 23 13 35 14 88 20 50 15 12 96 68 76 13 2 7 63 94 66 86 20 70 25 0 9 64 69 31 39 45 1 42 48 32 30 30 19 40 34 25 53 25 5 91 82 3 57 92 58 72 21 71 82 4 41 75 31 18 37 9 75 24 1 7 47 28 34 54 96 28 46 41 28 81 9 19 99 28 32
46 17 59 43 55 69 65 20 49 96 83 51 22 94 59 57 44 50 52 55 91 48 12 22 99 62 83 25 23 52 66 12 25 83 65 70 93 87 39 48 79 95 70 4 61 86 96 37 30 90 83 87 8 34 41 30 7 4 47 30 85 40 22 30 94 2 38 22 57 74 76 67 64 96 4 97 19 76 88 46 40 29 45 73 27 80 14 10 52 74 19 14 78 8 94 94 14 28 91 96
19 30 72 65 35 92 61 97 76 5 81 59 46 69 49 24 27 25 70 68 11 37 16 44 74 46 74 36 49 48 46 1 73 75 65 72 71 89 18 25 28 44 19 85 39 95 50 59 72 88 5 96 78 94 97 69 76 15 69 90 3 34 14 8 63 25 66 0 42 15 37 61 25 28 79 55 76 34 38 71 58 60 9 15 15 5 54 35 75 91 42 88 79 17 92 28 57 99 14 96
74 49 71 80 44 20 32 33 55 49 48 15 91 18 36 41 34 34 30 36 31 43 90 87 69 93 85 17 25 48 46 22 41 83 91 13 82 94 23 58 10 50 95 28 88 76 87 85 0 20 66 87 84 30 36 20 56 48 60 2 62 9 9 64 81 2 45 30 76 47 83 0 37 34 39 66 3 41 31 65 61 72 62 16 82 20 51 69 58 7 18 35 19 86 78 61 40 91 39 51
50 36 59 55 36 51 71 75 77 14 42 56 0 86 78 90 38 49 0 67 81 15 90 74 71 55 16 63 35 73 37 76 81 37 79 49 92 90 22 72 15 5 63 53 17 98 44 62 16 82 14 23 9 35 69 82 3 94 47 12 46 61 98 53 94 35 27 84 67 97 4 73 86 71 0 71 29 48 11 40 36 23 87 71 12 78 51 57 23 35 60 49 37 45 31 52 85 30 59 95
22 8 70 24 47 90 33 60 3 75 12 88 3 28 95 45 82 52 15 86 3 47 35 42 91 99 69 83 61 76 33 41 70 22 99 71 0 48 56 47 7 45 62 44 71 64 42 79 94 38 22 22 40 40 99 47 81 11 82 26 15 41 69 14 43 81 12 50 60 61 46 10 91 86 68 71 19 74 35 35 88 96 33 88 45 92 99 86 60 45 6 92 16 95 33 82 94 91 3 2
62 11 48 68 90 67 79 24 60 80 75 50 85 87 69 5 58 9 9 56 76 23 95 7 30 17 43 44 19 58 7 17 84 19 93 2 53 89 52 51 76 5 83 11 16 27 75 44 83 1 51 58 19 30 4 22 65 36 7 25 0 53 83 94 99 37 37 98 98 6 44 15 68 22 42 57 87 64 26 8 55 87 55 54 79 50 96 47 41 89 79 85 86 98 27 37 49 59 26 15
89 71 29 38 49 27 72 2 61 78 47 30 24 27 32 48 45 23 69 11 85 6 41 57 85 88 7 68 49 71 86 79 42 6 45 76 39 39 22 89 70 7 68 5 75 73 77 94 18 29 17 44 48 24 16 7 87 22 29 67 9 16 38 4 54 0 58 13 6 23 95 58 51 4 90 43 58 53 95 27 54 92 4 90 53 23 0 29 13 71 20 41 90 81 37 35 55 23 58 86
20 36 95 55 4 6 93 43 61 73 59 17 26 18 73 42 62 82 18 50 90 66 40 12 73 23 38 13 89 80 75 31 36 4 90 49 79 42 55 4 88 48 80 53 24 49 77 95 73 72 12 71 43 14 22 34 68 5 88 75 16 72 25 53 97 19 21 88 86 56 1 45 82 57 15 47 64 49 36 40 36 63 46 28 25 35 29 32 33 65 35 68 43 1 73 25 74 63 11 70
28 60 81 64 55 21 92 69 32 9 11 63 3 60 41 83 57 27 47 69 27 8 74 96 80 82 32 11 15 55 18 47 66 11 67 14 58 9 63 99 52 83 18 90 92 66 36 32 8 56 90 39 89 27 9 88 11 94 75 10 33 27 7 46 99 12 77 4 66 69 81 11 74 42 52 37 85 66 69 46 86 68 41 78 33 38 43 89 7 50 85 29 10 21 41 22 77 37 25 34
92 81 4 78 96 61 46 3 49 40 84 33 69 31 14 7 81 54 94 84 51 87 16 83 30 13 6 30 39 87 96 40 26 37 20 6 98 24 52 72 75 95 70 23 43 96 40 99 7 72 35 38 91 93 91 11 37 59 56 32 66 64 42 78 97 47 1 87 16 57 42 52 52 33 16 86 82 88 77 69 17 96 57 65 21 51 18 28 16 75 86 12 72 70 13 25 63 66 80 82
29 90 47 34 64 31 94 62 44 23 48 87 49 75 60 23 84 4 34 97 98 29 24 34 14 39 98 7 23 53 55 27 77 34 1 74 1 55 71 32 92 40 6 24 98 71 69 35 2 59 71 22 99 67 57 16 24 86 7 52 55 47 13 64 0 92 34 5 14 92 39 98 44 72 15 12 67 51 75 29 28 0 54 73 69 61 74 25 73 82 64 72 84 75 85 98 11 93 67 72
76 19 77 2 43 31 67 39 47 7 93 6 28 38 11 33 79 84 39 9 54 59 36 59 63 77 25 80 79 46 50 88 83 80 33 58 58 24 16 63 9 96 63 41 82 79 26 67 29 8 85 42 90 35 79 21 92 67 7 10 52 28 13 22 68 4 31 20 6 92 39 52 39 5 55 92 14 20 97 25 74 26 38 1 77 65 16 30 53 9 59 68 95 88 49 6 51 36 10 64
96 75 27 52 85 50 13 53 48 72 36 56 88 3 61 67 34 19 31 2 77 21 9 76 59 82 19 71 5 3 76 4 7 98 91 75 30 87 22 17 84 99 86 63 43 46 27 48 98 83 98 99 29 6 69 72 70 29 81 7 52 94 90 32 84 88 5 17 99 55 95 71 4 96 62 68 17 6 12 31 26 85 30 61 23 10 32 22 47 96 50 46 83 77 77 74 58 14 63 97
80 47 87 17 99 79 19 14 23 1 22 56 37 48 49 54 59 95 2 50 44 4 71 71 0 31 56 84 98 47 68 24 78 0 39 12 27 8 48 85 71 63 31 17 67 65 91 51 88 51 46 90 15 62 33 53 90 10 4 50 81 53 43 87 87 12 40 41 86 32 91 51 48 11 60 85 58 5 27 37 1 20 72 75 5 26 94 6 16 25 33 40 89 7 68 72 95 84 15 9
24 58 87 46 24 54 69 60 66 32 12 33 41 53 29 37 71 80 39 79 39 59 5 57 36 29 43 0 10 87 47 60 64 47 36 57 85 7 80 48 98 64 61 52 39 91 40 40 17 44 58 57 59 2 63 31 12 52 73 95 5 58 9 18 60 38 95 51 91 49 20 56 68 45 47 77 82 70 47 40 64 8 55 0 91 10 88 30 55 8 80 74 2 13 33 62 75 88 98 24
56 87 97 21 90 49 27 64 99 47 94 60 44 90 76 4 53 94 88 97 53 44 43 64 65 89 0 14 85 44 93 65 59 62 92 59 81 6 90 69 75 57 28 2 11 16 66 81 89 29 98 14 64 61 55 41 33 17 55 63 9 41 15 62 71 67 82 39 0 55 31 4 89 96 25 75 87 34 49 72 13 91 24 89 61 77 12 94 67 6 44 2 62 20 80 18 16 1 88 87
6 16 51 11 76 20 44 51 24 39 34 78 80 17 94 68 11 19 26 22 25 68 82 4 34 73 96 99 52 37 43 5 47 99 80 70 19 80 5 51 2 39 44 26 76 92 44 76 70 34 61 42 65 55 44 11 96 15 16 9 77 25 88 27 65 22 31 25 58 72 88 46 39 31 73 45 46 61 27 72 1 28 92 36 72 28 75 57 26 80 96 84 64 12 97 89 36 73 67 36
33 21 66 90 36 13 68 81 29 62 48 46 32 33 98 13 4 52 35 7 64 39 97 13 14 93 20 33 27 75 7 58 42 84 50 77 43 15 30 32 34 90 20 24 17 95 67 1 73 8 61 30 93 46 98 90 42 84 54 32 84 99 44 46 36 77 76 24 51 60 51 2 33 81 50 10 43 87 39 63 45 39 59 89 39 10 37 79 82 20 42 36 39 80 2 81 25 37 99 73
5 42 62 92 81 24 46 46 49 48 61 37 62 16 15 64 4 89 87 18 19 78 92 52 48 79 3 25 22 93 23 25 52 37 20 6 58 98 51 3 73 52 81 3 97 31 41 94 19 11 41 35 49 29 21 40 51 52 71 98 5 79 57 99 1 37 12 85 43 32 3 88 27 88 54 71 28 15 35 44 22 20 34 0 55 5 34 42 55 53 53 80 4 57 86 6 19 4 82 69
6 89 18 89 92 84 84 99 42 76 72 1 60 45 85 93 22 5 10 30 47 65 73 42 14 76 80 64 43 58 91 77 26 81 97 31 43 38 81 35 55 73 22 95 24 95 67 2 64 11 31 79 28 47 99 99 38 50 16 23 29 80 95 23 39 2 62 66 97 89 49 79 67 3 85 36 98 82 97 48 80 46 24 73 73 11 51 85 43 64 35 23 9 47 53 46 7 91 15 88
85 1 2 77 38 20 59 89 37 64 56 28 41 36 35 23 15 28 19 60 54 2 16 78 90 92 54 67 10 17 19 65 46 79 94 33 87 78 31 68 78 17 32 87 95 20 22 22 61 48 14 37 68 5 79 79 68 82 76 83 70 89 7 8 58 10 87 56 20 96 87 50 61 30 86 20 96 63 79 19 18 58 42 32 87 44 15 27 66 31 64 64 91 95 21 54 79 23 33 18
78 54 60 22 88 24 49 87 65 13 82 19 63 54 7 48 85 36 36 87 9 31 37 99 32 60 64 81 20 83 90 52 16 8 85 51 99 98 37 65 73 71 58 7 20 47 29 75 98 61 52 74 6 7 19 46 98 34 85 44 49 1 54 60 1 30 97 74 79 3 95 18 43 88 82 98 75 84 98 18 32 26 76 56 73 5 93 24 66 1 91 40 5 75 28 63 41 80 44 21
85 31 64 96 87 91 0 15 11 5 46 49 7 42 48 84 72 96 82 17 22 19 79 91 53 56 99 58 33 96 24 57 99 40 76 52 60 32 73 87 67 17 49 90 18 28 91 53 76 13 55 12 36 76 93 62 53 32 60 14 41 11 53 50 11 99 71 95 45 58 51 73 23 96 48 12 22 41 87 79 65 1 60 57 55 79 10 95 56 48 39 86 94 94 53 67 18 56 39 58
58 13 66 14 10 14 99 63 53 32 78 7 38 11 73 45 21 65 47 74 35 42 66 56 17 22 68 89 58 36 91 98 80 62 52 7 49 91 51 25 62 23 95 44 57 98 86 24 20 36 96 10 21 9 55 98 76 67 6 60 58 62 50 13 15 35 99 7 6 70 40 88 77 15 11 11 14 61 7 33 46 21 83 56 87 92 21 70 57 15 98 52 20 94 68 95 73 5 14 48
80 20 17 56 92 18 17 30 18 94 93 58 99 61 49 43 37 93 14 29 69 10 95 61 20 10 72 99 76 84 25 98 12 65 95 75 84 1 24 25 19 77 8 21 6 22 61 42 33 17 79 72 63 20 77 24 37 92 29 38 89 49 98 31 25 29 25 83 46 78 94 58 42 76 97 84 61 27 46 55 45 31 47 0 91 30 98 65 11 50 42 8 79 89 84 29 75 19 95 93
54 8 87 80 59 83 98 89 98 22 50 25 17 57 45 13 77 55 46 60 18 70 65 36 96 76 92 3 45 26 54 94 55 27 43 19 77 69 69 14 87 59 17 72 70 82 31 20 18 91 38 37 75 78 49 49 83 69 84 49 52 47 62 78 79 2 82 80 57 68 45 58 48 7 5 58 25 5 58 84 11 73 30 88 72 44 9 69 2 33 93 20 80 42 61 96 79 14 34 80
53 85 18 52 3 91 13 77 48 90 61 88 5 75 62 20 21 94 15 43 97 90 77 24 45 8 80 32 93 55 88 5 81 31 43 91 39 49 46 62 23 66 66 21 75 19 16 16 38 61 14 82 74 92 81 55 75 79 54 11 32 68 71 87 8 78 68 95 6 19 92 25 51 33 32 0 24 27 16 36 48 52 70 35 9 18 40 36 25 59 79 25 97 92 51 16 73 44 90 94
37 54 36 22 74 7 8 4 6 81 31 31 9 46 32 90 76 0 97 1 9 65 79 85 11 50 63 67 21 98 36 37 91 51 92 37 18 79 20 47 83 17 26 90 74 14 30 91 12 69 50 87 62 12 11 3 90 47 66 58 77 96 66 26 23 19 59 96 74 9 86 63 95 44 19 5 62 61 90 87 90 32 23 69 24 6 88 90 25 5 12 31 34 39 7 74 80 61 11 5
85 37 51 23 61 84 77 69 67 2 79 4 33 66 64 2 52 81 28 89 97 15 56 60 69 54 9 95 19 86 99 14 77 23 48 79 12 43 23 95 85 54 71 41 44 45 62 99 53 42 26 24 20 18 81 78 85 2 19 5 52 45 87 1 6 12 88 24 33 98 86 53 70 55 42 94 63 88 98 32 47 43 59 83 96 8 49 40 79 11 96 65 15 92 14 87 26 21 67 90
43 17 59 49 10 14 88 2 47 31 11 56 48 94 4 16 12 65 81 98 33 36 34 34 67 70 73 73 90 57 6 55 96 4 88 10 32 78 67 18 81 27 1 58 80 82 91 69 46 5 56 11 28 41 22 58 1 24 22 2 75 50 13 92 7 61 94 8 33 26 67 5 8 70 44 36 6 25 77 31 11 65 43 75 89 3 21 77 98 32 17 49 23 26 69 29 1 84 6 4
33 95 1 63 86 40 40 94 96 49 45 18 15 5 49 79 49 51 73 58 90 72 71 31 23 86 38 43 93 79 29 11 50 21 23 70 71 82 86 71 2 88 26 72 51 37 99 89 41 20 30 60 58 4 38 46 99 29 9 73 82 4 34 96 12 8 70 59 24 0 70 88 79 13 53 89 10 83 38 49 17 36 10 13 51 83 22 34 40 85 50 65 83 38 72 93 79 28 35 9
42 83 94 28 11 81 32 79 19 50 59 20 85 22 75 28 28 93 8 66 45 82 4 31 77 70 15 50 0 41 55 75 15 52 19 30 80 13 40 34 4 40 54 29 79 32 42 37 32 11 26 58 96 37 92 48 84 20 19 95 92 34 30 26 12 35 36 17 42 97 55 39 79 76 91 55 50 8 9 44 82 90 27 4 55 63 57 67 66 79 17 32 44 0 70 26 83 64 62 48
45 13 0 97 61 59 20 31 81 66 10 17 93 73 1 44 87 19 21 55 52 76 30 60 43 28 57 23 93 0 64 89 61 83 17 85 5 46 95 81 29 98 0 92 21 26 1 48 10 64 74 65 90 74 12 16 33 25 44 75 81 82 1 17 45 53 71 26 71 55 34 74 94 12 58 12 32 1 11 29 64 51 85 20 22 80 9 43 91 61 67 99 39 96 99 43 23 88 70 99
8 98 87 1 7 84 17 83 98 23 22 83 13 42 40 37 86 96 54 86 32 41 93 37 23 80 43 62 1 4 18 65 72 32 46 89 48 45 19 60 14 97 45 49 64 44 2 58 38 80 81 10 37 97 88 59 80 45 3 28 99 17 86 18 62 38 70 27 86 85 97 56 45 48 45 96 17 76 0 23 9 40 60 41 8 12 5 79 9 20 76 55 13 21 11 66 81 31 37 23
51 91 84 77 95 82 95 41 34 56 38 60 77 52 70 39 45 64 8 10 44 30 61 44 2 88 25 34 32 84 21 87 17 99 35 81 3 68 66 78 45 18 35 96 68 2 83 93 53 96 12 28 57 94 51 28 92 95 99 89 21 88 95 36 27 81 89 62 58 54 31 49 61 47 84 4 82 54 80 32 71 11 51 73 93 47 58 50 18 78 20 97 6 27 60 28 26 54 50 63
49 0 0 25 29 47 41 63 45 39 93 77 21 95 72 69 26 88 57 65 81 6 90 2 50 85 94 13 36 8 88 3 33 38 82 23 0 28 35 53 86 78 68 6 95 59 52 75 42 58 57 62 33 84 51 23 19 77 33 20 42 68 75 45 26 63 62 43 30 21 8 69 32 18 56 49 50 10 44 52 46 30 99 15 89 79 32 89 89 3 72 60 8 74 33 74 30 39 16 28
2 16 70 61 41 4 27 7 45 51 41 63 95 43 77 58 62 71 25 90 85 25 92 58 25 93 25 11 69 37 40 54 72 29 96 2 50 69 10 93 90 95 71 94 51 43 80 87 19 33 86 52 48 75 12 10 68 48 50 45 66 96 13 41 43 88 27 75 49 52 60 5 27 14 16 1 68 57 70 83 74 26 55 46 20 85 67 64 97 76 82 90 33 10 77 92 64 49 15 92
86 41 44 19 34 7 52 82 98 98 74 61 91 35 10 11 59 40 14 27 65 14 20 77 93 38 47 56 51 34 81 36 87 37 61 5 54 1 23 73 21 79 4 49 24 13 36 11 75 58 51 93 66 6 71 56 24 37 47 13 34 96 2 20 15 51 77 73 47 63 26 74 3 69 6 85 75 58 31 12 98 96 80 6 98 32 56 35 26 30 64 90 34 8 25 86 36 19 94 41
72 53 36 89 81 65 33 42 79 22 23 82 61 77 73 34 56 72 37 36 22 86 35 95 54 77 0 15 30 43 35 32 89 90 45 6 66 86 33 79 17 28 27 24 18 51 86 80 49 83 78 82 71 34 57 82 8 83 47 69 10 60 66 87 88 48 32 87 76 5 82 19 48 28 13 29 79 66 78 12 38 13 22 7 17 97 15 40 66 44 37 60 73 34 30 15 46 79 56 94
97 87 19 42 70 78 6 50 75 81 66 20 6 27 98 89 54 57 47 1 28 5 7 34 80 74 12 56 2 54 72 34 60 72 24 17 6 40 16 8 46 89 4 96 50 72 49 7 28 34 25 82 17 49 99 96 56 73 35 80 62 39 76 34 51 69 12 50 16 6 80 22 56 77 84 41 95 55 91 32 47 5 62 44 11 42 17 40 11 81 67 3 30 85 75 33 41 79 54 56
28 54 42 58 28 3 64 96 36 51 93 30 37 35 49 83 81 93 16 24 97 92 68 32 60 51 74 8 46 47 25 63 1 21 47 10 9 2 18 1 5 40 79 1 0 38 12 41 70 44 15 55 80 63 48 32 36 49 1 22 8 29 73 36 11 8 71 3 60 15 18 71 64 60 63 35 17 68 94 43 88 84 34 7 44 57 65 22 74 16 45 90 1 0 15 27 59 4 66 22
67 45 34 8 19 94 4 99 63 23 68 60 36 89 51 63 12 11 31 93 56 7 27 81 64 69 61 48 7 36 37 62 82 34 58 28 62 75 81 45 57 85 66 97 55 86 95 77 2 25 61 53 79 16 91 41 58 32 57 75 40 52 39 9 82 70 64 22 40 19 9 47 23 82 42 7 93 41 55 68 2 84 29 92 33 23 24 33 49 43 58 70 49 17 2 44 63 19 80 30
41 85 57 55 92 72 52 24 10 74 17 33 66 94 66 81 13 61 97 19 13 17 24 34 42 41 84 67 48 74 90 56 19 58 16 86 21 53 64 32 97 99 24 92 47 58 69 88 38 15 35 47 70 47 41 77 80 32 39 56 30 39 65 94 25 53 69 29 33 4 93 46 25 87 68 48 43 59 44 20 12 43 11 81 40 58 67 24 35 71 19 40 31 34 13 85 85 53 4 82
92 38 59 31 16 55 96 83 74 84 72 99 0 15 58 42 28 78 4 38 78 16 2 6 95 23 57 98 80 62 41 10 91 98 68 33 41 82 50 70 85 62 94 45 34 91 21 83 27 37 92 67 89 24 35 24 98 68 38 40 72 94 87 28 82 58 26 47 45 44 27 15 68 34 31 6 39 13 17 88 51 92 32 23 90 9 14 3 87 12 41 83 39 73 21 15 9 67 68 4
94 84 69 25 15 46 22 93 89 25 34 88 95 71 35 81 6 14 78 68 44 81 50 20 47 74 92 45 85 4 19 79 46 97 72 94 96 63 88 55 86 19 44 13 14 54 85 4 54 13 37 64 75 14 22 53 35 75 58 47 86 70 75 33 50 44 23 23 55 12 24 68 64 6 53 63 32 63 45 92 46 42 23 82 21 21 92 90 39 42 35 89 66 93 17 76 68 95 62 58
41 52 13 58 18 9 59 3 74 92 71 60 31 43 56 15 99 58 0 84 25 38 82 90 9 69 41 51 25 88 71 58 55 64 64 44 56 89 56 88 22 53 61 34 53 49 55 35 64 35 44 85 65 55 4 52 91 19 14 50 79 22 82 84 27 70 80 2 82 83 43 6 96 50 26 79 33 80 53 94 98 44 53 23 19 71 83 19 81 79 64 49 20 71 17 13 20 72 48 67
97 81 73 56 66 77 86 48 86 70 50 58 23 16 98 14 61 33 33 64 54 8 85 72 92 20 48 85 49 23 50 45 27 15 20 36 79 41 92 60 48 23 86 55 38 99 10 92 10 67 84 98 45 25 71 79 44 32 85 61 39 16 8 60 81 87 68 76 18 14 70 94 46 84 44 54 86 62 41 63 7 10 83 0 7 69 74 78 97 37 87 20 97 6 44 23 27 8 34 75
86 1 96 19 73 46 70 70 39 27 33 91 0 66 26 85 17 89 89 62 46 45 0 71 14 47 74 25 96 72 9 78 10 44 88 44 5 70 23 91 13 24 29 98 60 90 16 79 86 49 64 73 82 85 16 94 90 61 23 55 12 47 27 75 74 41 28 91 35 46 51 33 5 67 93 1 28 97 40 36 11 69 30 87 40 72 63 8 86 32 59 46 48 3 56 15 79 98 12 94
