100 100
15 75 55 82 28 50 81 34 66 61 54 7 75 18 80 74 75 4 75 45 57 1 27 38 2 7 93 44 65 29 46 91 99 65 74 37 58 25 79 45 97 61 66 95 95 12 15 34 62 8 42 58 71 26 90 92 47 13 73 25 56 51 90 21 3 4 56 47 34 91 55 12 14 51 8 54 25 56 41 54 74 54 15 8 90 31 11 51 22 94 91 71 85 30 52 27 95 58 80 23
12 88 43 88 78 92 27 66 64 18 12 76 52 52 70 15 85 40 68 24 69 33 54 39 74 79 95 12 5 10 64 15 10 56 33 71 82 30 15 25 84 44 95 88 37 19 63 67 58 59 89 10 2 10 16 0 81 96 45 51 10 0 56 33 49 44 72 49 38 82 13 4 71 33 83 28 68 29 41 50 88 95 68 52 13 11 87 33 63 54 15 98 42 82 59 79 14 57 87 66
96 61 39 59 95 31 21 1 2 90 77 1 13 15 6 17 95 59 80 22 51 5 50 26 19 18 82 16 42 19 40 14 82 16 42 40 3 58 67 36 61 44 30 81 21 22 69 4 95 71 77 95 60 19 91 84 9 84 6 54 31 63 99 52 61 99 83 41 35 48 74 52 4 90 32 78 80 60 79 67 95 37 18 81 18 42 78 87 10 13 90 67 78 49 44 47 30 67 36 70
70 28 94 61 19 36 96 36 82 37 27 76 12 29 18 91 21 79 60 25 60 58 85 30 43 0 89 41 31 90 20 46 91 10 15 90 52 72 51 2 25 87 15 96 23 32 12 29 13 4 50 98 69 73 90 84 33 76 35 46 93 4 50 15 81 14 12 27 44 72 6 9 4 40 12 88 22 98 18 22 95 96 86 79 80 34 19 26 14 56 45 57 93 76 18 99 39 17 36 2
9 20 31 70 41 30 48 42 95 31 27 80 50 97 30 0 51 68 0 20 50 60 44 98 51 97 97 66 23 24 15 76 28 57 69 11 32 20 28 31 23 89 26 76 3 99 86 61 67 24 1 40 63 85 49 85 42 1 70 23 20 62 91 72 69 59 73 20 21 60 64 90 10 20 32 59 2 47 45 67 66 55 74 33 20 73 12 23 35 11 83 42 38 8 74 20 35 35 61 25
1 60 47 24 32 14 64 81 19 83 58 92 8 33 26 6 45 5 5 23 60 8 23 97 23 30 23 31 35 54 9 92 37 95 28 32 20 89 31 59 85 97 22 60 49 85 26 44 56 11 14 40 97 20 27 42 4 63 59 96 78 92 53 57 16 35 34 68 59 91 51 57 42 15 11 59 58 57 15 45 28 11 69 42 94 48 4 3 59 2 91 9 98 11 30 73 21 98 11 16
15 33 91 92 29 11 10 76 44 1 64 87 77 87 93 7 99 3 95 98 9 30 76 17 96 56 37 91 29 23 78 97 89 46 34 71 81 36 92 60 19 88 42 18 73 68 76 34 34 80 48 85 39 60 0 90 14 84 15 56 39 81 24 99 95 60 70 45 63 82 10 6 79 45 16 65 79 46 83 86 81 49 25 29 34 6 86 26 31 9 61 40 17 99 15 31 59 14 14 92
27 63 15 66 16 18 69 80 10 19 69 63 94 75 28 99 55 86 27 66 82 78 59 90 73 12 39 3 52 85 46 28 89 27 4 86 46 59 55 98 19 56 41 87 45 62 57 91 26 38 40 50 9 78 48 4 59 45 62 31 36 46 77 38 36 92 87 67 76 39 66 32 14 88 25 24 83 20 83 69 56 71 51 87 25 50 0 34 95 13 23 66 47 44 42 32 59 99 82 49
78 87 33 82 90 22 73 26 31 61 60 36 79 34 3 54 17 49 33 14 17 50 41 51 94 11 18 34 5 4 37 27 7 51 46 76 91 82 84 94 92 18 45 34 26 13 82 18 64 12 48 10 51 65 61 96 89 90 60 81 59 82 71 80 27 84 4 37 0 80 61 76 97 86 60 58 13 58 83 88 81 64 85 96 12 15 9 89 95 97 74 64 49 65 47 39 76 60 87 67
47 97 80 82 65 94 66 8 64 23 86 87 97 37 12 56 31 14 88 21 10 97 3 82 79 0 63 67 44 10 54 65 49 7 96 23 95 98 69 52 51 43 63 49 44 25 36 15 1 54 86 45 64 15 48 24 81 33 75 77 86 84 65 65 71 14 65 86 81 99 49 29 61 27 14 45 82 58 32 82 55 68 17 50 49 65 5 82 99 18 40 58 53 41 29 99 11 20 98 16
50 87 12 64 94 84 21 28 44 99 12 34 60 99 83 70 69 6 38 76 91 55 88 48 54 57 79 90 13 12 38 44 31 10 74 15 76 68 33 12 8 75 2 16 47 7 64 15 22 23 63 20 62 44 10 10 35 68 65 59 6 82 55 20 38 68 58 45 5 49 68 64 92 20 59 65 56 0 29 21 99 37 68 99 19 75 86 48 91 30 82 73 61 63 76 88 95 34 28 14
18 12 50 35 77 56 1 65 13 81 77 35 10 31 57 79 53 34 25 43 0 3 13 3 83 1 39 72 65 92 43 3 84 77 66 1 51 91 70 21 29 33 0 14 40 10 13 42 41 37 34 11 80 73 6 14 20 39 60 98 22 13 32 58 22 49 45 40 82 42 19 64 22 16 69 61 26 82 88 41 80 94 17 95 71 79 68 80 98 38 43 32 42 43 3 60 45 86 65 34
13 89 17 73 69 0 49 76 57 63 27 82 40 86 88 67 50 82 92 27 89 14 1 52 10 25 68 19 27 97 92 84 84 46 90 30 80 15 38 35 4 9 99 37 48 83 22 73 57 53 0 88 89 7 8 37 68 43 99 99 97 69 26 69 79 66 75 96 95 31 30 99 70 73 73 71 88 71 21 90 60 81 18 1 39 69 73 84 76 90 7 58 55 5 95 9 93 62 13 13
11 62 3 38 69 84 4 5 39 18 10 10 34 15 76 18 55 80 46 53 4 59 47 23 19 5 51 73 34 57 53 31 31 91 31 92 30 58 51 93 23 51 57 55 73 22 27 49 94 90 37 31 44 68 42 81 88 55 10 95 41 62 87 55 36 27 25 47 20 25 19 37 92 74 14 11 22 81 96 18 37 87 74 28 54 98 45 4 40 56 8 27 29 74 18 31 86 80 96 39
1 85 25 14 27 95 92 89 37 91 54 61 5 80 71 92 19 67 11 91 46 67 79 12 64 4 35 37 46 66 42 86 4 93 89 37 77 91 53 13 65 8 15 35 93 23 38 50 42 19 3 39 18 76 65 81 56 21 30 18 32 36 61 44 35 65 51 39 5 87 28 27 59 11 57 60 32 51 98 77 61 45 24 40 69 0 50 76 81 33 31 33 87 27 92 81 99 5 14 75
77 72 67 35 6 87 72 79 77 48 44 90 87 28 67 0 16 6 14 3 27 85 63 34 81 41 75 89 54 64 7 62 62 29 0 60 88 45 40 51 18 37 12 63 71 11 97 85 89 58 15 99 67 84 34 67 34 49 42 10 88 25 80 33 64 93 40 32 67 51 22 66 17 94 84 67 88 89 52 90 81 86 98 37 53 49 40 97 66 20 31 90 22 3 18 20 81 41 99 94
91 96 88 79 71 92 12 44 62 31 76 38 12 90 28 44 37 86 8 62 69 72 20 60 38 79 85 65 78 98 32 46 28 78 60 80 96 63 67 92 96 21 68 97 23 53 44 54 20 89 53 50 13 49 96 42 30 58 88 48 3 71 8 98 29 17 89 77 41 93 21 88 44 29 65 24 96 95 42 78 21 64 60 97 61 31 37 77 82 48 69 50 5 10 3 62 4 93 50 18
24 34 42 26 95 3 46 40 93 43 85 5 71 81 98 17 27 54 34 80 70 68 24 30 3 91 23 61 39 8 66 23 96 46 24 87 94 90 57 25 27 26 32 24 41 44 57 55 42 69 20 21 90 79 41 39 54 28 45 62 22 72 54 52 23 63 33 30 78 78 70 34 57 99 95 73 80 0 2 57 63 16 41 29 12 38 68 49 69 4 88 42 9 19 2 92 2 86 88 11
42 65 58 45 1 89 23 14 93 54 64 80 88 31 38 19 54 82 6 15 37 33 7 72 2 43 61 73 98 92 59 22 29 55 2 30 82 69 9 29 33 27 47 13 11 73 67 53 87 36 23 50 82 45 15 26 59 59 72 6 2 82 95 61 45 74 19 52 96 52 22 45 22 26 65 31 94 75 30 15 61 39 96 42 45 92 26 22 31 93 12 50 23 44 71 25 97 15 14 80
6 14 60 83 3 50 2 70 67 25 47 18 59 5 80 81 89 87 21 76 15 93 68 95 93 41 68 24 63 7 62 39 57 43 41 29 1 6 96 30 54 68 35 29 75 2 95 20 29 59 52 96 45 68 32 82 12 32 72 26 77 9 11 80 23 7 0 37 31 68 51 3 17 35 29 34 11 59 49 56 87 41 50 85 93 49 27 40 2 9 1 24 44 29 9 74 70 56 29 47
10 48 70 22 38 95 17 6 12 98 71 38 75 78 78 85 7 77 54 51 2 61 52 25 85 66 61 32 55 38 31 39 6 94 19 37 11 34 3 17 13 89 86 2 97 62 0 30 70 17 63 35 70 72 84 73 96 81 8 53 40 52 1 2 11 22 7 21 72 58 96 67 21 32 99 25 84 90 71 41 82 94 52 73 28 30 11 88 40 91 27 90 36 17 34 36 36 58 1 93
45 23 25 37 11 66 19 14 45 49 59 26 69 57 89 35 22 68 34 31 65 87 65 52 72 67 60 74 30 19 60 70 15 84 75 69 59 93 94 7 50 29 92 29 17 65 63 54 5 34 89 2 40 76 89 18 85 76 95 28 32 10 93 44 33 77 51 72 95 44 80 11 37 52 25 78 32 0 51 9 53 78 22 53 20 53 69 84 44 7 31 69 35 49 47 87 36 20 67 52
73 51 35 56 38 33 33 81 21 6 21 43 0 70 94 30 40 93 77 38 87 76 35 19 87 21 15 71 95 45 61 65 84 63 31 83 39 70 37 33 1 50 52 98 0 39 2 43 23 72 22 49 93 58 88 78 10 48 74 26 93 46 27 96 74 67 98 46 60 43 40 51 37 10 83 83 16 40 32 57 29 7 97 91 71 4 37 71 48 92 42 11 23 60 87 69 3 53 90 49
58 59 5 37 96 88 83 61 26 44 37 9 11 28 64 87 84 88 81 23 36 80 67 22 12 70 74 70 18 90 78 4 58 4 42 63 30 47 55 64 67 52 32 51 12 71 57 82 87 82 74 58 0 52 33 14 70 34 46 9 59 35 64 10 13 32 35 83 90 75 50 34 92 41 28 17 75 97 6 33 96 47 63 18 72 39 99 52 65 36 24 91 82 64 23 66 78 73 80 69
54 71 22 82 58 24 76 13 85 36 0 37 84 64 39 19 41 61 57 93 21 66 60 29 19 27 72 0 20 66 60 70 91 57 99 81 39 43 46 40 34 53 55 69 96 73 22 16 25 54 18 82 46 24 18 69 46 30 58 28 47 20 35 0 40 19 79 82 61 86 26 29 12 47 28 57 91 47 69 9 63 17 22 81 76 45 93 48 92 44 77 39 66 98 66 50 20 65 52 47
65 27 52 14 19 67 41 77 16 93 4 63 39 91 75 21 52 55 47 70 64 31 15 98 58 29 55 20 66 18 52 19 94 88 54 23 8 54 34 70 91 67 78 56 26 55 4 80 22 50 72 13 2 4 14 87 89 37 20 85 85 21 26 10 3 36 34 92 47 13 47 91 35 28 47 54 62 56 51 80 59 96 81 60 52 9 62 53 39 6 84 77 42 83 33 11 0 94 67 13
12 7 24 81 2 6 83 9 40 54 74 17 18 58 19 51 71 29 14 99 56 60 0 0 65 37 66 37 1 86 28 95 99 73 39 55 54 97 4 84 33 0 88 15 2 57 1 64 55 16 28 88 39 76 91 60 82 27 4 87 24 97 40 62 67 67 53 31 54 92 32 98 39 36 25 98 69 43 78 22 92 49 37 76 41 17 22 34 81 24 76 34 96 68 51 66 1 35 91 69
78 17 73 2 54 19 16 92 50 1 22 18 36 13 34 71 1 92 95 48 88 59 68 43 93 10 38 31 0 3 46 46 66 7 30 79 65 72 4 55 4 80 43 73 13 6 96 16 0 38 68 95 82 90 39 3 97 47 27 22 98 0 12 48 87 6 26 63 73 59 79 28 88 43 24 18 46 72 20 97 42 34 99 66 23 87 74 97 90 79 49 33 97 98 31 92 29 86 71 93
40 84 36 8 58 49 87 92 9 55 91 74 57 31 15 13 17 45 53 89 59 73 14 9 37 84 78 71 22 92 37 82 58 19 65 53 93 53 79 80 4 82 74 40 33 14 11 36 92 24 49 39 37 80 11 86 83 52 64 26 77 20 66 19 47 50 55 10 45 38 88 60 64 69 29 6 72 87 62 92 16 7 53 41 64 75 35 56 42 21 60 39 58 8 7 88 77 55 35 61
12 63 80 88 80 52 57 5 72 79 76 33 20 90 21 87 71 23 38 65 1 83 59 53 70 63 67 22 11 4 30 6 39 46 60 1 51 42 60 29 28 84 57 65 67 98 45 57 97 71 4 25 92 66 48 22 84 2 97 74 78 82 49 60 40 65 67 49 66 11 37 84 68 14 4 35 29 15 53 36 21 60 50 57 85 34 16 75 72 31 98 13 70 41 94 83 51 86 80 43
3 91 98 73 3 89 29 43 96 55 29 45 26 69 54 63 0 99 82 16 81 35 54 53 63 75 95 28 0 18 60 45 58 13 10 7 15 44 0 77 15 42 66 15 86 80 3 12 47 72 49 45 25 7 85 97 61 19 73 24 10 88 13 64 98 59 57 32 53 62 14 75 43 28 31 69 79 69 68 62 92 27 81 98 1 88 36 13 69 77 19 68 19 49 80 89 35 43 35 95
72 38 87 7 32 29 69 40 18 20 11 99 47 95 12 23 34 44 79 29 90 66 12 60 35 3 47 46 34 20 71 18 84 58 80 93 40 86 26 7 22 68 3 6 83 87 68 72 43 62 46 62 45 98 49 54 7 57 85 73 34 14 58 15 40 14 38 34 62 54 91 64 94 63 81 55 74 33 29 25 37 69 89 63 19 76 6 28 22 3 14 32 8 79 28 15 37 32 62 73
91 17 73 2 38 61 20 25 57 52 2 31 32 83 57 92 32 20 26 93 34 17 91 28 31 76 39 30 44 38 4 85 0 19 0 32 96 42 37 43 26 48 26 80 92 83 7 13 37 19 27 15 12 90 22 76 93 81 95 31 61 39 84 82 49 34 39 17 5 46 14 50 44 28 2 2 99 6 37 23 38 1 34 71 12 80 4 71 18 16 84 57 2 32 39 57 26 48 42 37
91 45 50 0 85 45 49 81 46 68 39 97 40 40 48 20 79 92 83 97 20 7 49 50 95 41 88 35 95 77 25 84 73 27 38 66 99 66 80 6 55 15 85 62 18 75 23 11 68 79 49 59 80 61 72 14 15 73 32 70 88 98 61 67 7 18 65 94 98 68 4 38 21 88 30 96 13 65 80 4 99 73 41 33 48 80 1 91 41 7 67 46 13 16 1 61 43 16 36 63
79 56 63 6 75 28 50 53 53 58 41 24 25 34 94 47 73 83 81 78 36 98 34 21 80 53 29 63 14 64 30 78 53 6 76 30 85 92 94 7 2 0 91 39 35 31 97 90 52 71 28 53 49 17 87 82 72 56 27 86 45 35 68 90 21 36 27 63 70 2 67 30 27 50 60 60 78 47 83 36 8 0 17 36 51 7 86 35 17 37 78 71 96 52 22 37 57 96 62 63
39 18 41 91 96 39 39 68 12 4 42 2 94 97 99 73 88 67 19 14 4 36 85 26 17 25 36 10 24 93 22 88 68 32 81 75 2 39 8 66 77 16 60 28 19 81 44 40 60 65 44 20 14 8 22 92 38 17 79 47 16 26 96 17 85 95 7 34 5 65 1 55 96 71 82 78 3 29 5 78 29 69 64 76 78 36 6 31 81 40 18 51 21 66 0 95 94 58 74 62
5 1 90 36 99 30 0 78 50 48 10 55 49 7 13 20 65 68 92 41 96 63 24 28 12 39 81 3 12 49 79 92 37 50 96 37 72 57 67 59 55 91 83 40 22 56 85 11 84 78 98 93 22 58 93 60 62 51 46 55 44 66 97 20 94 8 24 64 31 74 35 49 29 79 78 20 75 42 71 68 22 60 56 96 79 65 98 92 81 32 14 16 71 2 29 51 75 64 20 78
21 36 20 69 50 66 50 25 72 84 32 28 4 32 77 89 70 81 66 55 87 2 0 49 68 90 95 78 49 27 63 97 43 35 85 65 45 13 47 94 39 50 96 37 72 78 55 51 27 77 81 2 91 67 15 85 51 77 34 76 58 74 69 22 0 32 62 67 89 98 26 49 22 39 73 56 98 13 88 43 69 38 3 81 12 35 94 20 42 19 38 25 38 27 29 90 72 3 82 63
31 48 91 13 67 94 0 98 15 65 26 71 89 29 27 22 21 64 54 31 62 3 9 64 59 50 68 49 18 25 44 6 52 95 65 32 26 34 17 92 77 91 42 75 66 87 53 59 0 30 71 27 52 96 45 58 3 77 33 59 97 73 1 45 36 53 78 42 86 15 51 67 42 16 32 44 1 35 90 70 38 16 83 15 11 15 38 1 59 63 0 23 18 53 74 78 79 31 83 48
27 15 48 61 81 92 37 55 81 23 80 44 41 36 20 98 68 24 16 37 38 55 12 32 16 50 89 34 9 62 1 30 3 42 5 63 12 86 91 35 63 93 49 73 76 79 59 94 76 58 93 10 29 95 35 47 50 12 44 74 45 54 84 80 42 67 50 65 59 97 92 55 88 73 87 72 33 74 0 83 26 68 58 38 62 45 50 1 27 51 91 24 71 82 9 58 84 89 30 58
35 88 2 38 18 89 42 17 15 87 75 76 93 93 73 9 9 36 57 21 52 67 56 31 40 83 91 74 32 12 36 36 49 52 68 4 96 8 50 18 56 38 72 9 2 58 14 6 2 45 12 82 3 8 76 38 0 95 30 98 32 62 41 35 44 99 73 30 32 2 86 6 56 46 90 68 24 95 23 59 81 93 90 87 29 45 58 93 47 13 72 90 83 15 75 91 51 66 5 41
20 40 40 50 52 0 21 29 92 92 92 10 67 69 67 61 73 74 72 76 3 64 4 63 64 61 19 32 76 60 54 23 68 4 16 6 2 45 51 33 44 61 68 22 53 86 32 87 27 47 63 56 18 20 68 58 88 87 22 84 8 15 40 65 66 27 57 76 4 12 90 78 91 39 89 93 31 48 20 49 0 22 88 69 97 28 7 61 89 85 48 6 51 83 57 19 68 64 1 7
35 53 27 42 12 9 38 11 34 58 76 15 19 45 82 25 55 64 24 28 19 88 44 58 86 47 45 93 7 76 53 4 14 12 7 26 70 45 25 26 8 36 37 36 55 50 44 35 89 16 82 47 87 31 37 78 49 54 91 62 29 53 83 73 95 23 37 27 55 86 97 46 10 75 43 73 72 89 52 68 86 90 14 23 9 30 50 1 48 83 49 9 58 48 61 90 79 23 11 31
55 31 68 63 29 11 75 46 1 85 0 29 49 41 66 79 88 99 51 89 88 31 88 90 81 47 98 92 56 99 71 36 43 65 74 2 29 28 10 17 36 9 62 67 45 31 68 97 27 79 19 97 36 23 67 20 60 57 28 94 70 57 80 93 3 0 60 92 24 79 10 86 66 84 82 99 92 8 19 68 49 99 39 54 1 53 30 90 68 26 6 33 7 15 29 81 66 53 84 68
72 38 34 19 16 15 85 72 49 14 7 81 61 61 25 80 46 45 30 6 52 78 37 33 13 21 63 2 82 39 50 90 96 76 66 1 26 39 14 37 56 16 51 30 30 47 60 15 17 41 77 51 21 82 21 98 29 0 39 98 14 93 64 96 33 59 85 12 50 7 0 56 76 62 63 44 92 60 70 86 8 12 11 76 55 45 37 31 62 18 3 0 51 21 19 73 2 75 41 29
78 81 42 32 79 62 48 46 78 75 14 90 38 99 98 15 42 21 37 75 71 81 93 95 57 66 97 57 2 81 71 50 90 70 26 64 42 95 12 38 73 28 9 7 64 72 54 21 44 59 74 78 82 50 69 25 34 10 7 54 31 82 35 50 23 78 62 24 76 41 7 7 97 27 69 34 14 21 95 34 77 63 56 90 31 87 69 7 19 94 39 92 36 31 69 54 78 84 48 68
82 35 99 58 7 83 79 46 45 64 4 66 31 87 16 77 25 22 83 73 99 64 46 91 79 48 80 43 40 44 54 58 22 52 57 72 33 71 87 84 27 91 35 19 98 49 18 64 34 49 62 48 58 46 52 65 40 79 49 74 27 23 43 23 27 10 70 91 28 14 25 65 51 20 32 22 41 70 81 2 6 43 46 42 40 37 83 44 32 65 69 38 66 41 3 35 22 2 91 20
52 93 55 18 64 88 77 95 77 43 28 60 7 5 15 68 45 36 27 20 49 42 6 34 93 60 13 16 80 55 97 69 75 83 35 43 27 65 64 41 91 21 66 46 85 32 71 91 49 82 10 25 39 71 81 69 75 79 31 66 98 6 91 2 10 8 14 4 98 88 96 55 69 34 84 42 61 7 40 99 42 32 13 26 99 82 86 88 61 68 7 21 98 15 7 26 70 29 57 29
42 26 10 69 67 30 78 79 44 21 5 94 0 55 94 53 95 55 11 24 55 20 24 27 60 92 61 95 43 55 83 56 64 67 19 11 88 39 5 24 68 16 53 17 78 55 50 41 10 14 14 75 17 27 56 52 67 52 11 47 3 72 38 89 68 31 92 99 3 68 56 0 63 54 62 89 24 17 0 9 15 59 97 5 86 86 61 9 88 3 51 57 35 9 89 86 40 7 46 50
82 9 59 26 37 11 98 86 29 82 90 56 64 8 24 70 29 24 93 16 79 43 29 23 99 15 45 69 58 14 73 23 58 89 4 87 99 96 49 32 87 40 26 85 15 80 50 74 18 55 41 73 10 2 86 75 2 77 98 58 23 93 82 83 16 29 93 25 94 93 76 19 95 54 30 52 79 90 85 39 25 55 89 67 17 87 23 5 8 47 97 39 21 16 81 87 98 37 18 55
68 32 95 53 68 6 25 39 89 75 80 11 50 68 11 2 79 73 95 25 68 5 39 40 5 23 64 3 48 22 59 9 61 83 76 25 82 72 39 52 94 47 32 87 69 33 77 56 24 5 23 54 74 45 90 51 5 90 43 43 68 40 12 4 18 72 77 6 41 14 39 48 86 64 25 65 8 34 97 56 51 28 39 20 42 80 33 55 58 8 88 33 7 53 41 31 31 28 97 66
73 6 86 77 40 32 89 20 42 85 81 88 87 46 51 97 17 81 30 92 72 4 8 1 73 24 51 76 7 52 52 24 46 79 20 63 90 30 82 8 22 28 28 24 62 3 37 63 0 33 24 41 4 73 41 86 71 31 89 59 50 6 83 11 12 95 66 95 22 61 3 90 20 61 41 75 14 88 57 81 10 22 55 35 76 43 80 84 60 9 72 6 86 40 82 72 74 40 65 58
98 26 29 86 6 97 65 75 11 69 98 5 59 41 4 95 0 63 22 9 45 13 38 36 93 26 47 83 80 51 32 76 99 24 69 51 47 34 49 84 11 44 40 20 61 31 66 93 44 14 41 81 88 13 20 79 73 37 62 98 41 59 39 89 97 78 57 75 33 64 34 17 33 28 47 92 58 34 42 35 11 48 80 44 42 6 46 23 40 32 99 19 73 63 20 47 55 83 57 13
22 1 68 97 63 59 82 57 83 78 58 75 50 48 82 0 14 58 69 75 34 82 49 90 68 26 6 39 43 84 0 33 19 31 46 42 78 24 51 23 33 91 12 47 90 19 32 77 55 72 14 60 60 7 76 20 82 98 80 40 87 74 44 96 70 92 67 60 6 21 70 10 81 33 42 32 97 0 32 19 66 72 55 32 57 53 93 25 59 61 58 81 38 21 59 53 92 78 31 87
93 38 52 1 0 54 22 40 59 0 98 94 42 29 18 19 83 76 69 3 68 5 1 52 73 15 37 79 20 67 46 36 13 59 29 29 24 78 79 20 92 61 84 42 25 90 3 91 34 70 58 25 77 21 40 22 10 48 30 16 81 73 66 81 93 97 90 84 26 18 41 0 80 45 27 31 99 55 38 51 81 7 52 57 41 22 40 91 58 7 7 57 90 25 62 59 65 48 48 46
26 4 5 43 27 49 23 51 97 59 54 53 38 3 60 8 25 95 78 61 88 7 39 43 83 69 1 3 46 74 35 43 16 46 29 41 43 41 24 28 41 93 83 45 47 17 10 95 41 71 52 36 28 34 12 93 58 0 64 90 36 9 11 32 23 17 58 15 54 23 58 59 0 42 92 34 0 68 83 44 23 18 12 43 85 27 60 52 52 11 85 30 49 92 13 11 83 64 62 61
34 17 80 83 79 51 22 79 71 75 65 5 13 68 17 85 90 72 27 71 42 72 13 65 64 20 18 48 52 41 11 5 65 80 44 64 33 17 76 12 89 33 21 4 85 63 19 8 72 30 51 6 68 36 0 97 4 30 35 40 32 69 64 92 19 40 99 7 99 5 10 73 20 2 6 7 85 25 67 9 49 86 75 48 81 63 16 50 35 8 21 97 29 20 93 97 71 60 15 99
61 87 66 86 89 25 92 18 99 53 42 48 56 27 80 71 20 79 85 42 98 19 25 48 33 29 29 58 24 23 27 71 37 7 18 43 14 77 19 2 49 49 15 8 85 38 49 9 9 47 52 96 57 61 49 78 24 23 26 40 78 48 10 90 90 76 51 27 76 27 78 25 5 59 23 58 61 30 49 63 84 75 66 66 81 52 48 80 4 87 58 20 6 25 78 68 63 82 59 52
6 39 11 29 36 51 83 60 35 88 45 20 38 45 99 92 42 29 36 42 46 43 43 0 66 79 3 5 45 36 75 30 99 85 45 25 71 6 22 89 5 48 30 10 99 63 81 81 44 86 38 53 85 65 80 38 37 57 65 55 53 35 18 66 59 92 41 15 96 45 32 80 67 96 90 79 29 38 65 13 79 24 48 39 15 7 25 16 70 40 27 11 49 52 71 70 56 9 77 36
72 72 55 3 78 94 86 96 46 86 13 68 97 40 26 17 22 68 82 19 80 82 27 19 72 53 80 5 25 4 48 31 77 52 87 64 60 28 67 72 77 59 13 82 17 26 12 79 40 72 24 51 50 73 7 21 2 39 82 51 73 79 98 44 71 98 15 24 18 87 3 19 28 97 14 26 48 6 69 1 35 83 38 69 68 22 56 17 47 8 55 98 23 15 76 42 98 4 67 52
84 57 46 23 87 7 92 13 43 87 47 76 4 33 94 46 80 78 85 55 56 50 95 63 80 44 7 57 93 84 3 94 92 54 16 45 46 64 35 27 78 45 77 72 9 87 38 52 81 58 26 41 51 59 13 33 17 37 6 61 35 47 13 74 73 67 10 51 50 42 61 74 54 29 87 11 32 24 15 72 17 16 50 86 96 78 66 33 92 29 1 59 6 95 55 20 75 36 39 58
76 66 54 68 23 94 43 83 59 48 12 37 24 32 21 63 78 59 4 14 92 57 85 7 92 44 13 8 9 55 86 18 25 91 24 32 43 55 14 76 79 21 26 87 84 16 65 99 19 59 48 78 88 35 3 61 96 68 74 37 22 89 92 14 51 5 3 27 51 70 67 31 20 26 62 55 9 55 66 90 18 53 91 12 36 43 48 48 83 76 38 29 94 35 68 89 11 54 50 11
72 46 81 32 2 46 51 82 48 70 93 38 8 76 22 60 84 46 95 57 49 6 51 50 56 87 29 96 36 2 98 13 39 69 90 7 17 80 91 49 25 6 48 19 43 86 78 16 16 43 52 65 11 48 61 64 36 42 53 78 32 2 8 43 53 64 46 64 38 71 25 40 94 44 32 67 12 58 21 38 16 28 41 75 28 91 0 97 35 25 67 65 6 4 65 20 52 72 16 50
46 69 28 30 25 37 51 90 77 0 37 93 57 91 1 97 42 93 91 46 19 35 61 5 12 83 90 23 23 60 95 29 86 17 28 90 10 76 35 14 28 90 62 21 16 33 18 31 47 81 82 95 40 24 15 13 28 87 72 79 21 49 46 98 51 56 55 29 99 75 83 38 79 45 34 32 17 11 76 99 85 71 99 67 85 96 67 50 53 24 42 60 26 74 72 12 83 63 5 53
58 84 42 31 73 11 70 19 91 5 42 82 57 15 34 96 46 32 97 20 33 57 51 16 20 60 2 47 6 10 40 50 52 26 0 43 21 76 63 4 69 17 63 94 73 74 46 28 14 39 32 2 11 37 92 31 88 36 10 79 81 45 2 3 56 62 11 45 65 17 11 1 98 81 0 77 16 15 98 41 4 28 87 0 0 54 31 99 47 58 56 97 88 8 62 24 86 77 39 91
63 58 68 13 79 17 79 23 37 32 11 97 98 11 24 17 80 18 77 33 96 73 53 30 27 60 88 15 58 92 38 11 3 68 17 45 30 92 72 16 72 92 49 12 18 27 34 61 29 57 66 93 98 94 58 10 56 44 40 59 74 1 42 21 35 70 74 49 81 19 2 4 87 11 22 58 22 93 51 68 65 52 73 40 77 11 90 51 40 70 88 22 27 38 94 64 40 87 13 90
84 71 66 95 42 46 23 84 24 79 88 56 25 84 58 16 50 20 67 61 34 24 59 98 38 59 88 77 11 6 15 40 57 30 98 78 87 21 80 67 41 6 91 99 61 17 21 51 75 78 80 70 90 3 7 64 15 58 48 75 67 67 49 92 46 52 40 67 83 70 43 81 66 75 32 33 69 97 93 90 34 89 75 92 84 74 3 68 33 2 19 67 91 81 64 7 16 63 51 70
38 14 88 2 59 13 14 77 34 85 54 47 31 5 80 6 74 60 60 43 46 98 96 99 88 70 24 76 67 76 34 88 81 54 51 26 75 50 9 92 4 6 63 91 19 62 37 64 83 45 76 37 18 77 67 13 76 33 55 16 71 36 90 35 51 94 83 20 4 20 15 49 94 29 29 42 57 32 76 26 99 14 2 78 85 5 90 37 97 34 19 87 42 90 98 78 19 88 34 96
48 85 47 37 5 70 96 9 83 9 0 12 8 10 38 61 37 26 86 1 50 23 19 33 18 78 17 15 28 13 59 7 12 84 40 89 78 21 55 37 19 11 7 95 53 17 52 55 25 21 65 78 59 72 20 48 85 55 17 65 61 63 51 75 28 11 91 29 64 1 85 95 98 14 28 97 8 72 27 44 98 95 75 41 53 43 5 73 11 33 33 92 38 77 98 33 0 13 15 56
26 38 15 73 14 7 96 32 89 98 26 83 59 91 69 61 86 79 48 9 13 48 42 47 29 78 63 6 77 13 31 38 64 67 15 17 2 74 34 58 83 64 90 87 51 30 10 14 64 17 14 59 46 59 71 40 0 52 96 4 45 66 73 46 60 65 3 83 43 2 77 62 3 71 58 43 62 67 88 24 16 33 88 99 18 62 20 38 80 40 61 47 56 30 27 99 59 97 91 14
84 8 7 67 66 57 11 44 63 86 72 26 75 4 24 68 32 36 20 79 55 63 95 15 65 65 85 45 61 99 44 47 97 99 25 66 6 36 38 48 65 7 78 57 92 0 19 85 49 11 14 25 85 67 92 20 8 61 39 60 51 80 68 44 55 54 38 81 96 57 37 70 2 27 72 67 72 1 17 92 76 65 56 27 47 98 8 4 94 88 84 79 46 50 27 45 31 27 80 41
9 84 30 87 39 82 89 59 37 35 36 20 87 36 43 22 6 94 92 66 29 68 57 42 69 73 77 45 30 79 50 97 98 11 10 80 9 32 82 55 13 46 12 83 57 74 67 54 2 12 46 5 60 80 97 74 49 45 32 7 40 37 80 47 99 95 9 87 68 77 97 85 38 84 83 96 28 3 98 18 76 73 7 0 49 78 26 87 47 0 53 83 8 73 27 1 64 12 92 99
80 93 64 98 3 21 86 14 3 20 83 34 5 32 50 2 67 50 68 3 0 32 59 72 43 13 86 61 15 47 81 61 27 95 29 4 15 92 82 2 56 10 79 37 76 78 27 62 14 86 75 11 1 57 66 3 45 63 38 27 26 99 94 15 42 24 93 38 78 58 9 26 75 92 5 2 77 55 17 78 68 80 94 40 97 82 52 35 55 72 11 33 28 17 18 60 66 60 93 50
10 1 57 72 25 88 21 86 14 8 12 69 56 58 47 62 10 15 45 89 35 7 72 4 40 61 3 35 33 59 92 15 77 37 68 85 38 14 32 1 56 56 26 73 47 24 45 17 90 91 34 3 68 65 47 37 21 84 82 32 81 19 6 76 56 57 64 40 32 4 18 9 1 89 21 72 78 37 22 67 90 24 10 12 89 1 59 13 57 42 14 33 80 60 53 8 22 94 97 32
45 49 87 40 71 88 71 36 96 12 97 72 59 88 29 50 32 85 96 26 62 30 55 69 96 47 22 6 60 11 22 94 3 68 56 41 31 77 38 5 31 42 54 91 75 15 98 83 12 83 2 41 8 40 52 8 73 17 73 0 99 20 3 39 10 2 50 45 27 88 84 77 92 53 60 7 87 31 92 65 26 65 95 81 86 47 65 64 41 49 59 91 79 21 35 28 64 30 39 63
59 64 1 40 89 74 91 83 95 3 90 11 81 34 6 30 79 16 7 35 51 50 74 20 33 67 97 61 91 20 83 12 73 78 68 18 76 40 2 36 44 18 39 10 43 85 47 69 74 38 17 63 30 64 27 56 1 58 26 95 21 88 18 52 78 78 34 43 28 17 5 38 52 89 43 49 22 82 2 32 88 91 55 19 71 15 38 7 67 52 20 88 65 1 57 62 90 66 22 53
31 50 83 43 61 82 74 70 65 72 45 93 27 20 20 16 37 67 60 61 20 9 62 61 41 89 18 33 99 87 67 20 8 43 23 41 3 67 14 52 92 7 79 66 64 53 94 45 94 8 30 53 41 55 72 99 6 93 82 91 64 56 68 93 61 52 78 32 10 0 15 11 41 6 6 46 48 28 13 34 76 71 39 49 15 76 83 58 27 32 67 39 28 3 72 77 46 15 53 28
31 24 90 31 52 38 12 63 28 60 63 36 59 64 30 63 67 29 40 16 66 97 36 28 64 45 82 25 68 2 10 81 84 96 25 24 65 23 92 65 18 18 97 39 80 35 22 98 27 85 29 35 97 72 24 55 43 83 88 69 99 89 11 33 29 43 17 2 49 65 86 27 67 41 80 3 62 61 58 7 13 96 26 57 49 73 92 81 23 26 23 62 30 56 72 96 70 39 39 88
55 13 47 83 74 68 60 19 78 61 75 81 43 84 72 16 63 22 7 78 74 35 48 56 36 17 52 47 75 7 27 41 92 36 30 84 14 1 62 98 32 28 5 69 74 56 75 87 93 39 45 98 13 96 56 97 79 65 62 62 31 51 93 16 32 32 14 82 91 85 7 81 71 1 95 11 64 49 36 48 8 59 21 68 80 19 8 53 23 51 97 63 13 4 65 39 33 60 40 36
25 23 57 71 15 43 58 6 56 88 2 74 45 78 41 13 25 56 86 57 83 82 4 98 85 10 50 14 97 96 75 47 53 5 86 1 16 60 42 99 92 86 37 55 65 23 85 99 28 51 77 87 95 47 59 40 26 25 21 52 41 13 9 14 61 71 71 16 44 36 31 97 51 53 25 39 44 40 7 5 45 12 81 56 16 66 83 12 78 49 31 27 6 90 69 18 38 97 18 83
96 96 65 6 6 37 98 96 92 22 64 16 71 7 42 46 40 66 74 44 21 74 52 56 82 41 58 32 59 97 98 30 25 95 91 97 16 95 86 13 91 44 74 47 37 84 4 46 46 81 69 47 70 65 39 0 56 71 27 47 91 66 25 6 6 29 32 95 36 77 89 11 57 37 92 85 25 22 98 34 70 78 28 12 1 64 16 99 98 61 60 38 19 36 45 65 11 70 88 92
52 48 84 86 34 80 14 62 15 2 41 72 3 4 46 42 3 16 92 25 55 68 96 42 6 59 59 81 25 36 57 86 46 24 46 79 8 21 5 48 48 1 76 27 7 65 85 99 48 25 97 58 85 64 68 70 73 18 63 81 78 71 83 49 79 39 2 64 45 18 57 74 25 16 24 24 66 25 39 83 91 30 48 97 5 86 70 33 2 62 25 4 0 61 28 9 9 36 5 69
58 8 64 74 19 12 71 19 55 27 15 31 96 7 35 85 70 21 48 7 70 64 73 95 9 74 72 72 19 85 35 18 96 3 28 61 22 93 68 94 37 50 45 51 86 2 35 66 77 11 17 12 1 8 18 8 17 17 34 55 88 20 26 96 59 8 88 16 13 98 69 84 82 78 22 62 14 80 51 65 89 85 2 22 51 96 96 43 67 28 20 54 70 6 17 42 38 64 72 11
48 25 88 23 17 6 59 82 65 5 76 92 92 13 5 97 9 81 41 13 87 86 96 31 11 30 26 69 80 19 78 58 83 76 78 21 95 58 74 23 81 40 79 70 68 90 97 39 29 31 78 24 76 51 86 29 84 17 52 1 79 17 80 72 12 30 39 58 89 44 2 18 6 83 21 95 99 44 34 77 89 12 42 87 16 24 94 12 52 72 1 48 89 23 51 75 37 40 53 12
19 29 28 77 65 11 91 10 95 62 96 78 65 95 23 58 99 37 52 27 51 43 38 89 65 62 22 7 63 54 35 4 93 39 50 58 63 64 72 12 48 51 61 72 43 92 37 92 90 64 94 95 7 11 60 97 26 93 59 81 13 65 24 74 80 82 61 73 4 47 28 84 6 15 85 18 46 17 18 38 12 60 51 25 68 10 0 77 51 96 69 45 75 77 82 77 5 99 62 13
47 57 14 46 78 68 30 80 90 68 39 40 50 21 76 53 72 65 50 36 86 96 26 85 63 9 29 11 73 39 96 98 77 37 23 38 58 58 98 42 65 38 59 83 90 74 93 5 26 58 13 71 88 6 28 38 19 13 2 60 14 61 8 58 4 57 41 22 83 28 0 34 42 48 87 46 71 91 65 86 24 19 82 93 92 94 72 43 25 20 35 71 52 55 32 29 90 10 38 15
7 97 48 95 0 9 84 93 76 21 97 99 81 40 35 63 95 79 64 9 46 15 67 51 2 99 97 87 93 47 83 40 1 62 71 53 84 4 75 82 37 58 55 75 95 19 65 62 77 48 41 11 4 33 72 92 96 24 69 90 48 30 82 9 88 36 56 35 87 0 99 99 68 26 16 48 36 24 30 83 39 3 31 10 63 79 21 19 22 26 5 64 62 5 38 26 86 1 15 98
52 78 76 26 25 95 40 36 55 82 29 48 64 24 28 98 52 77 59 62 99 80 41 99 39 11 46 17 93 87 77 87 5 98 4 18 89 11 68 57 21 98 2 53 13 70 0 71 9 44 14 57 73 98 3 77 30 2 98 87 86 82 3 21 10 79 76 21 77 68 43 71 84 93 56 29 36 91 13 21 44 80 30 69 39 99 41 27 7 9 28 95 50 63 29 96 49 13 26 5
72 88 60 41 64 72 18 42 14 78 89 57 36 98 24 37 83 14 87 94 61 8 75 64 26 51 32 22 29 94 97 25 84 39 39 23 57 13 7 3 23 27 82 54 53 66 66 54 60 5 46 48 31 32 65 8 96 91 21 78 10 81 40 7 33 68 21 83 76 83 39 16 23 37 85 18 88 80 90 59 83 22 2 8 46 94 33 86 80 62 54 99 64 83 28 62 59 68 91 30
15 80 50 42 75 23 58 86 35 64 21 65 50 72 53 94 6 41 54 83 64 7 80 79 52 65 4 18 53 63 25 87 28 97 47 93 80 69 80 43 76 85 37 7 87 23 75 1 77 36 13 18 53 87 5 5 33 88 52 82 17 19 68 76 49 13 87 49 42 86 31 71 3 7 49 11 20 26 1 5 19 54 88 67 51 66 83 19 93 62 86 27 51 87 25 31 25 10 74 97
63 13 93 15 58 61 7 0 70 70 39 88 30 18 65 22 58 14 33 96 98 35 75 4 56 60 85 43 77 13 86 5 51 37 83 82 3 40 35 12 78 50 1 86 26 47 78 73 4 40 80 55 79 0 86 77 70 63 74 17 89 55 28 8 68 30 1 61 15 21 85 49 47 74 65 74 38 35 70 5 95 49 23 89 36 34 53 80 29 66 22 68 19 69 5 29 86 22 17 66
99 16 21 55 14 84 63 58 34 58 85 38 96 23 25 26 67 49 72 13 48 22 61 29 34 3 24 18 84 99 68 8 34 40 27 6 48 8 86 9 73 96 75 73 28 25 30 11 25 85 21 40 28 26 53 94 76 59 22 24 62 12 88 91 42 7 35 45 70 33 26 10 74 91 46 76 1 34 5 12 98 16 5 39 97 9 32 81 45 64 11 83 77 29 68 32 80 58 89 20
0 8 29 36 22 26 16 83 62 0 4 56 15 83 22 49 60 43 81 22 13 55 63 37 10 1 27 7 58 1 19 62 25 66 86 55 85 22 4 29 76 23 64 83 78 56 64 69 87 85 24 76 58 97 0 76 59 56 21 19 80 87 55 86 2 77 41 51 67 72 47 0 25 62 18 34 13 16 32 59 22 36 57 67 30 24 29 6 48 18 70 95 17 8 56 10 70 20 23 80
84 93 34 20 37 67 37 54 57 68 80 81 16 31 88 53 34 5 90 40 74 49 14 8 96 13 66 5 5 88 15 47 61 3 72 47 41 33 98 29 56 71 90 61 86 47 15 9 45 32 28 18 65 23 90 19 18 62 0 70 86 6 29 4 55 25 73 9 40 81 74 39 4 3 61 71 95 48 20 46 42 42 0 43 74 13 34 52 5 95 47 30 91 87 23 77 7 16 68 57
14 69 50 47 92 38 29 42 69 41 97 46 72 49 97 58 93 15 18 83 64 26 4 57 22 6 36 23 17 17 46 43 53 17 67 2 89 65 17 1 22 66 91 30 33 18 96 28 94 90 94 67 80 72 33 23 48 97 43 1 38 35 16 30 1 67 87 73 54 12 98 33 19 10 81 47 94 49 35 66 92 32 79 79 38 94 45 70 76 83 46 73 6 47 96 13 41 66 83 11
57 14 95 62 60 41 70 84 21 97 16 69 35 64 58 88 63 69 3 10 50 21 81 38 90 21 28 82 93 67 59 24 44 94 96 67 88 76 11 8 48 14 29 88 21 55 14 46 87 91 57 46 68 80 57 76 58 78 12 0 41 64 88 92 10 72 2 16 19 63 56 32 59 7 3 21 38 64 78 18 46 91 2 27 35 42 10 26 86 66 76 4 90 51 82 97 9 0 96 27
9 96 24 2 99 38 83 29 24 11 12 19 95 83 56 13 24 24 93 93 77 63 57 37 39 96 78 81 82 22 36 57 30 53 4 8 17 35 29 77 64 67 12 87 52 36 72 80 83 31 87 68 11 5 20 6 85 53 62 29 15 57 75 6 81 61 76 32 20 33 45 6 1 76 35 82 64 73 67 42 49 29 31 83 22 42 94 56 51 93 4 78 18 12 10 60 24 76 57 1
65 38 26 19 74 0 58 0 5 92 81 98 96 47 89 88 91 14 35 79 36 58 28 47 31 11 43 51 40 3 76 87 68 23 36 3 88 81 50 24 89 10 56 4 8 1 28 51 80 52 17 43 97 43 2 99 55 61 85 38 13 32 69 11 43 40 11 69 2 45 82 91 17 41 49 79 72 42 37 86 71 12 41 45 47 4 57 20 5 29 68 25 41 97 5 92 63 59 80 21
40 10 53 89 41 87 56 19 3 37 52 3 48 23 78 91 85 89 22 30 94 60 96 91 65 69 34 2 47 38 18 47 38 40 44 78 61 64 77 51 87 61 26 87 92 69 29 6 46 90 1 14 39 2 8 55 33 64 56 63 69 11 26 36 3 7 98 33 40 48 93 9 53 32 7 97 8 88 16 54 83 33 54 81 86 74 80 60 81 83 20 56 0 5 24 21 5 86 26 16
49 45 75 23 70 50 53 97 71 6 91 4 64 74 20 45 72 46 36 86 41 73 50 61 67 81 84 46 93 76 30 72 35 89 17 55 69 81 64 2 5 83 82 99 2 40 57 35 3 48 3 83 78 17 88 23 38 95 77 59 34 44 64 49 14 68 92 36 85 53 44 57 78 98 47 69 9 78 7 29 57 8 70 35 43 45 72 41 37 97 49 28 78 89 6 41 86 63 32 47
