100 100
35 25 82 27 93 24 62 85 29 82 92 31 78 4 53 85 27 59 20 94 15 57 77 4 46 71 66 74 76 58 39 14 85 39 33 59 78 75 56 40 66 28 20 66 85 72 53 74 36 41 39 55 38 52 82 44 49 90 66 77 44 62 83 49 16 63 41 88 17 93 12 22 91 59 70 3 75 58 4 94 27 53 93 65 11 29 54 47 31 14 27 51 2 66 21 2 94 0 90 47
28 68 90 81 81 87 76 60 11 28 66 12 93 17 26 49 95 73 62 89 57 71 16 99 25 21 8 14 89 88 72 57 2 93 9 54 40 10 58 13 19 46 12 9 34 8 23 1 7 26 69 80 28 15 78 40 38 60 6 59 84 87 63 43 77 30 25 9 21 57 9 72 66 97 12 85 76 52 2 15 98 68 24 16 6 92 29 97 97 32 73 65 14 99 28 78 19 4 35 19
64 62 97 76 51 37 46 80 26 58 30 34 57 24 79 68 76 23 75 7 99 72 93 51 26 4 42 49 44 22 4 54 66 58 1 19 28 73 37 31 44 72 54 36 35 97 29 87 23 11 56 58 17 81 18 89 67 30 42 50 54 21 26 3 74 3 68 98 52 56 12 44 42 51 71 38 2 21 81 36 35 77 20 47 56 43 47 96 95 40 7 1 4 29 92 18 4 21 93 83
51 13 87 2 9 68 13 21 20 45 42 50 41 20 12 72 39 62 16 49 17 52 52 87 90 66 6 88 85 83 28 24 20 89 79 83 58 44 64 91 48 37 40 17 60 2 98 36 16 23 30 21 48 75 60 26 66 58 3 30 21 93 11 65 46 33 38 20 6 96 92 52 70 18 60 90 83 56 5 88 96 84 0 45 2 78 29 64 82 85 12 12 92 20 28 99 48 86 9 73
66 16 19 20 44 18 16 14 81 19 97 83 4 80 27 8 2 81 51 88 51 45 28 96 67 39 93 38 57 16 19 31 77 79 5 42 83 54 38 87 34 97 64 66 70 72 91 60 14 67 7 73 37 53 23 13 50 3 53 14 2 63 84 41 51 65 63 59 56 41 93 44 84 42 43 85 34 98 78 55 13 27 3 46 70 55 66 54 45 43 23 0 42 14 47 56 46 15 0 83
17 21 21 62 22 69 66 28 79 69 27 16 67 23 10 78 89 77 86 91 52 90 41 62 1 7 35 14 70 10 74 1 54 17 7 97 86 85 24 80 93 80 1 23 52 80 46 6 2 89 47 26 82 19 52 30 49 50 48 42 99 73 87 6 69 21 69 37 97 50 67 13 50 43 89 29 85 2 78 67 81 2 50 56 4 20 13 95 92 78 68 77 32 99 0 51 81 91 75 89
12 64 19 97 18 55 23 94 87 11 42 74 73 84 66 72 10 3 29 36 95 22 92 22 60 4 66 28 51 93 86 84 6 70 27 32 96 85 32 58 72 14 0 3 42 7 87 81 7 9 5 67 29 13 95 21 71 9 97 76 36 49 22 11 77 98 27 14 71 81 9 20 57 95 12 10 33 15 6 44 42 65 32 12 43 4 15 62 71 38 51 8 68 20 50 77 76 16 40 17
99 15 12 62 98 27 38 78 63 16 23 57 34 54 92 99 56 26 61 1 32 49 49 65 52 17 7 86 62 18 93 8 21 42 88 79 53 16 66 79 34 3 70 37 53 9 92 90 81 55 51 16 69 89 6 99 99 26 36 50 86 34 61 78 86 86 14 50 69 66 58 70 77 96 69 47 6 39 18 23 75 17 71 83 39 66 1 75 72 69 56 21 92 63 40 8 19 58 81 24
93 69 31 7 11 13 7 43 58 75 22 92 2 14 60 79 65 59 64 3 72 83 50 47 50 34 36 52 2 86 79 36 11 22 55 90 38 63 45 37 74 38 23 41 35 69 20 5 83 44 87 90 30 26 87 59 13 88 91 49 81 85 32 44 5 66 79 30 56 62 41 3 87 43 46 87 76 9 53 42 20 43 63 22 44 12 55 75 94 91 26 60 99 40 34 93 46 52 83 40
97 82 9 89 93 14 73 73 3 56 19 24 93 9 54 68 25 62 38 35 74 65 6 26 58 19 32 8 0 34 53 52 97 17 97 65 66 37 29 38 37 59 24 42 29 25 71 11 78 89 98 57 32 50 40 59 2 13 18 3 70 81 83 62 82 75 87 95 3 26 86 16 44 42 26 70 18 33 95 1 4 4 97 25 0 86 0 46 23 97 53 25 54 23 0 95 81 1 32 31
92 27 99 60 53 77 75 17 90 89 12 35 24 46 38 88 46 27 62 93 97 18 14 13 32 9 13 97 73 18 1 31 6 32 61 92 2 87 71 2 5 38 75 63 36 39 28 2 75 69 79 81 42 5 68 92 82 6 93 54 45 97 63 11 18 34 83 72 9 70 47 59 89 19 96 17 91 74 76 82 64 15 76 51 3 12 71 86 12 9 71 31 85 49 92 9 45 90 6 3
72 49 85 59 74 94 58 65 93 14 1 89 16 56 65 20 57 75 87 53 23 85 65 46 97 49 93 82 20 29 29 48 84 46 46 67 78 1 51 93 31 26 82 34 39 83 96 14 52 4 39 56 97 36 29 54 42 71 57 29 81 63 68 85 84 87 32 13 0 29 38 7 27 39 18 13 55 21 23 26 62 92 80 46 8 91 32 69 98 66 40 34 88 41 37 75 27 18 72 99
48 27 43 66 16 23 23 64 25 85 97 11 70 56 91 80 61 23 57 8 56 49 69 36 71 20 57 62 79 65 30 23 87 27 64 33 47 94 42 53 13 71 91 86 80 97 7 59 49 88 25 53 33 25 66 26 93 58 87 99 39 3 45 29 13 0 11 59 13 52 93 77 57 58 39 75 49 88 57 92 45 92 52 46 8 23 9 67 47 42 79 93 85 55 85 87 51 33 70 84
0 29 29 0 81 48 8 63 45 88 46 84 10 79 17 9 94 75 5 40 71 29 65 84 48 25 38 93 84 33 91 69 66 75 36 11 26 25 96 90 31 79 46 54 32 51 68 81 22 2 96 12 94 22 60 35 1 39 17 96 95 56 2 49 45 64 47 6 99 35 43 54 75 26 23 70 86 5 48 89 58 39 89 33 2 67 96 64 87 26 0 49 49 57 47 15 71 27 82 95
62 2 85 51 82 71 80 14 25 0 42 38 45 73 9 58 30 72 77 87 66 13 87 88 87 73 49 18 35 1 15 37 30 57 18 36 54 36 35 73 85 49 58 32 63 17 79 90 83 57 64 94 77 57 87 28 52 21 99 99 58 21 67 97 8 0 95 10 73 72 16 51 27 33 24 13 25 0 21 51 78 23 82 48 46 90 27 98 39 30 68 41 95 18 22 29 43 84 44 28
10 11 83 11 0 43 15 26 87 89 91 79 10 52 50 5 97 93 89 86 68 94 47 52 63 55 68 83 2 25 14 36 57 60 79 37 21 43 3 18 91 32 25 44 50 28 38 69 7 2 68 16 85 47 11 71 95 78 62 39 85 36 43 34 89 13 0 22 93 66 36 51 27 22 26 0 58 82 51 57 70 27 59 56 85 72 4 93 13 6 25 64 50 85 56 62 46 86 91 84
41 22 36 43 27 0 61 49 26 66 38 6 96 6 68 36 61 22 57 27 36 29 56 97 68 83 79 6 39 80 74 7 70 49 25 39 76 66 96 43 52 52 16 91 35 77 42 5 78 79 22 77 0 44 74 54 8 91 90 43 90 74 92 0 57 68 77 1 53 27 46 96 25 48 38 75 17 84 37 9 77 30 39 42 20 8 85 63 38 53 84 91 84 28 83 91 60 80 93 25
0 63 55 38 52 50 67 82 29 92 98 86 92 70 22 51 59 25 74 20 59 59 70 6 58 29 77 40 53 82 3 86 5 25 1 79 91 14 87 99 8 48 71 99 4 30 71 15 36 46 17 75 59 29 90 84 4 50 19 76 92 5 92 2 21 48 24 8 29 48 33 95 64 48 37 86 14 33 16 8 48 4 32 36 92 18 61 4 10 37 17 63 99 80 47 27 6 1 80 14
66 41 50 71 24 43 75 35 44 67 75 70 31 68 34 7 88 57 51 85 12 24 15 89 74 31 39 69 88 52 20 27 41 4 75 35 6 58 43 87 58 95 45 37 26 28 35 39 78 7 68 72 81 69 91 80 35 89 18 35 53 61 95 91 70 45 40 99 11 49 93 64 14 76 13 0 93 97 58 19 55 47 79 49 31 16 78 39 74 31 46 91 63 4 85 63 16 66 12 1
49 71 3 15 37 23 98 79 29 47 78 75 50 82 61 74 55 85 13 11 48 51 38 63 90 12 51 27 80 84 43 59 83 85 39 2 19 81 11 31 28 60 86 10 41 77 65 40 78 80 12 70 90 45 48 46 90 39 15 44 23 77 57 39 0 77 37 92 45 29 46 79 51 14 87 61 82 19 10 61 46 33 62 36 47 29 63 55 86 62 66 18 5 59 51 56 6 12 18 91
37 5 90 66 35 86 11 76 56 96 9 84 33 63 50 12 39 83 32 83 84 94 86 99 57 74 35 97 51 8 20 92 34 68 66 36 19 88 55 31 62 14 7 23 75 60 6 49 46 10 15 1 15 30 6 94 69 20 84 70 71 36 61 50 89 68 92 41 91 16 53 55 15 25 53 23 26 6 80 36 25 32 62 71 98 16 82 20 13 96 20 75 61 44 20 91 92 50 73 65
74 37 64 94 78 90 95 42 46 6 34 12 38 4 10 89 32 43 6 70 84 70 22 9 72 11 51 28 22 89 12 83 21 97 89 87 18 63 1 66 8 53 72 8 24 54 12 55 9 65 26 10 67 83 57 80 31 16 17 23 20 35 47 39 47 44 14 83 89 98 0 44 30 15 81 7 76 51 84 59 55 43 7 1 31 64 34 66 87 43 49 57 89 96 19 54 81 94 77 64
31 89 55 46 36 47 10 39 59 92 88 8 94 15 5 40 50 81 92 80 85 5 35 34 14 40 57 50 40 5 55 11 7 22 54 54 36 32 61 88 47 23 24 57 38 88 76 35 40 14 3 72 56 92 26 6 20 22 92 12 36 87 87 83 57 66 36 69 42 38 17 40 80 74 62 85 5 58 99 97 31 47 4 54 46 49 72 29 38 40 95 60 1 35 10 24 75 78 27 48
94 10 88 37 56 28 92 83 54 54 38 65 61 94 55 45 57 75 86 34 8 11 42 60 38 80 30 0 20 41 18 68 22 82 83 76 40 12 97 74 53 7 11 43 91 47 24 49 18 47 24 33 4 75 2 52 2 74 8 53 43 22 53 6 31 12 10 15 1 10 58 52 69 42 4 82 51 42 90 47 84 72 99 42 82 23 46 2 0 96 82 85 43 54 53 58 6 49 96 17
74 9 75 52 82 0 93 64 4 63 74 29 56 59 15 38 54 49 94 86 19 83 6 67 49 50 59 66 49 15 37 14 48 58 25 41 23 79 99 30 46 61 4 35 27 23 28 28 87 32 69 91 80 87 17 71 23 34 1 88 37 22 67 93 77 62 28 36 45 3 73 23 15 98 88 33 54 8 28 59 31 35 93 50 12 55 25 27 93 2 93 77 5 9 63 15 16 1 57 45
7 18 90 57 41 25 25 15 51 38 54 38 62 36 95 90 57 36 32 9 9 7 54 95 55 3 59 47 83 63 60 37 90 11 87 16 13 73 40 23 15 90 26 88 63 78 54 16 98 12 71 39 21 67 51 49 89 6 2 35 49 19 11 30 40 49 12 71 70 80 35 95 70 97 8 22 18 52 57 16 8 57 75 22 85 99 70 54 68 13 17 85 44 4 84 12 29 54 5 25
19 35 76 41 36 70 89 45 39 97 93 89 32 12 66 6 96 81 8 14 97 41 11 85 98 41 58 83 49 93 0 88 81 50 99 39 28 51 97 83 15 28 62 1 86 0 75 59 42 35 97 36 34 0 93 35 3 77 41 20 24 99 58 67 54 59 42 60 79 87 34 31 86 90 15 63 87 50 78 83 84 37 43 68 18 73 20 20 97 51 19 71 48 12 15 90 14 37 98 18
79 29 34 33 43 38 19 40 1 57 69 44 61 49 2 57 38 35 75 94 79 82 35 72 58 52 68 51 24 49 6 39 55 60 50 82 51 36 43 75 27 61 47 29 24 82 69 35 5 88 60 94 43 89 88 88 13 9 72 78 84 24 50 65 60 40 63 47 98 91 71 48 94 58 32 32 88 79 0 32 70 23 20 84 41 27 58 84 19 63 74 31 94 47 95 74 99 87 19 24
72 99 45 55 90 26 11 60 14 24 59 12 54 8 91 12 70 56 60 12 62 30 67 21 52 84 43 28 73 74 89 14 59 31 20 10 17 83 0 65 15 78 83 31 6 1 73 7 86 31 17 34 75 28 64 56 69 28 15 51 51 53 52 23 65 30 62 80 65 70 39 3 83 34 78 27 87 87 29 85 34 16 62 58 32 71 8 13 10 72 61 22 63 7 7 90 69 42 54 35
15 57 5 18 52 10 43 28 80 42 3 94 18 28 65 10 54 91 98 28 69 8 86 2 28 26 10 39 95 69 39 30 68 71 56 48 72 49 8 90 24 18 76 78 84 99 81 27 59 79 43 24 55 42 13 83 94 5 30 53 12 49 79 10 96 58 97 58 16 59 8 57 68 58 28 62 29 70 29 69 19 52 41 49 13 48 64 57 12 69 38 80 58 53 48 38 22 59 72 1
11 73 76 48 64 34 47 71 45 4 90 66 56 53 84 54 67 37 63 20 29 25 15 55 89 22 42 52 17 20 77 96 96 29 63 65 64 6 42 65 72 30 35 83 50 63 87 81 88 54 73 93 16 35 88 55 56 12 21 43 34 20 8 39 99 85 83 33 64 13 99 5 94 4 76 15 88 50 40 88 88 0 52 70 7 19 92 74 0 80 66 61 56 33 22 36 43 48 82 61
57 86 46 45 42 5 39 99 19 36 90 93 36 82 33 93 74 76 51 26 80 80 76 45 75 1 29 61 79 37 33 23 16 82 58 40 38 47 70 63 53 89 43 45 3 77 34 50 23 37 93 70 20 95 72 76 95 49 13 37 40 69 56 76 9 50 73 91 53 20 54 87 70 46 91 19 28 40 87 98 11 42 82 63 83 90 44 59 57 10 67 44 20 63 61 89 25 17 47 5
94 59 74 1 61 51 73 34 13 16 98 11 1 32 80 35 75 90 8 24 95 85 66 55 83 78 20 10 38 0 20 88 17 30 79 97 96 31 46 5 41 94 28 55 25 86 32 94 62 84 0 63 10 22 53 91 91 74 59 50 87 47 17 53 64 50 91 74 9 83 94 7 17 73 99 88 81 60 74 49 24 50 82 76 76 24 58 5 60 93 80 91 89 94 71 68 24 24 26 8
18 99 55 72 38 66 29 78 61 69 72 63 31 13 88 58 62 80 41 89 43 70 5 26 67 59 71 12 18 13 49 37 62 3 74 10 87 15 86 58 89 84 80 30 37 18 83 99 92 20 54 9 30 67 45 20 16 48 31 70 15 26 48 85 64 27 88 56 47 42 73 95 96 59 25 78 7 39 52 16 15 0 40 61 84 35 94 93 79 99 94 42 66 31 34 2 27 1 19 39
49 21 30 90 17 79 18 91 68 3 14 8 14 1 39 54 95 94 51 34 62 39 49 87 65 2 68 30 43 70 15 75 36 73 75 2 11 37 89 67 81 42 62 35 27 71 41 18 59 47 62 33 62 77 82 83 39 77 13 99 37 42 97 92 60 90 51 97 6 33 49 89 40 78 21 22 4 72 42 38 86 10 91 49 31 11 48 20 58 59 8 38 29 56 37 71 96 78 17 20
71 0 72 30 99 18 42 91 84 64 44 11 28 76 16 89 57 69 68 13 71 20 69 23 26 73 67 21 87 36 47 94 16 52 7 80 18 89 15 15 95 15 66 30 36 97 44 23 73 72 55 36 68 52 15 43 34 97 6 70 13 47 70 44 5 62 13 95 41 87 2 95 84 28 88 89 42 92 62 18 90 20 54 97 70 25 21 90 4 20 11 87 82 1 22 45 11 60 21 75
90 56 7 69 69 99 16 19 61 84 1 1 58 4 26 15 35 83 90 80 90 88 61 29 50 45 29 97 81 60 16 66 96 92 60 39 14 98 76 46 25 61 34 43 46 47 35 43 0 58 58 91 43 96 56 11 64 50 14 22 35 7 49 86 43 72 32 29 34 77 28 71 36 55 95 72 54 62 77 5 41 9 16 33 24 9 52 98 26 14 33 86 86 56 74 79 45 6 74 58
23 97 7 79 48 57 21 7 47 43 27 56 60 90 66 40 46 3 7 29 94 79 25 52 88 67 3 88 43 14 79 54 5 90 94 75 74 47 27 22 9 77 9 77 96 40 89 88 37 33 69 63 92 79 1 50 5 38 99 58 33 32 71 76 9 37 2 38 12 57 95 28 32 80 99 86 61 98 53 35 33 32 73 46 57 15 46 76 8 45 79 64 12 39 18 72 76 75 95 5
4 55 97 87 23 62 40 77 5 46 38 89 86 24 72 7 8 47 54 17 96 27 52 62 54 8 72 59 87 27 31 81 18 51 39 48 35 12 98 85 1 70 83 3 13 72 94 84 35 21 85 98 44 77 81 63 8 89 29 30 8 61 26 67 50 36 30 6 31 13 29 78 57 57 65 89 54 43 16 60 24 12 47 57 71 77 65 42 23 9 21 77 76 69 45 25 56 39 77 90
63 76 79 63 51 5 98 60 67 7 73 42 91 99 1 41 40 37 54 53 98 99 29 52 96 76 22 54 8 12 5 73 81 10 7 35 95 69 62 2 37 50 81 50 57 59 95 33 74 79 78 94 57 51 16 45 72 69 99 3 74 38 0 8 72 0 31 33 22 22 50 60 23 24 99 43 39 92 23 98 8 35 11 71 44 92 0 87 56 53 92 0 24 70 82 90 9 27 4 36
98 47 46 59 16 8 0 61 69 66 3 57 56 67 57 11 54 93 33 84 28 34 84 12 60 85 96 42 47 1 7 72 56 56 26 48 35 12 81 94 33 89 86 85 10 24 59 79 74 89 21 67 98 25 41 30 73 71 32 24 20 26 78 59 60 25 84 61 37 85 87 81 45 7 91 38 58 15 33 38 68 41 57 74 32 78 54 71 20 38 74 72 82 90 52 70 92 67 81 16
61 69 69 30 35 26 56 97 34 4 29 17 65 8 90 56 6 37 4 17 36 48 64 56 63 69 41 20 64 13 24 28 90 59 63 61 71 57 26 43 85 45 19 21 91 52 9 3 84 24 54 70 58 80 99 68 54 77 28 83 53 39 62 54 42 3 90 76 99 91 56 57 72 22 2 53 16 68 57 3 16 42 68 35 82 11 52 34 13 15 90 29 64 96 18 58 86 18 89 61
13 92 47 42 86 30 47 66 28 35 73 22 74 8 49 27 47 25 14 47 3 71 47 88 18 86 36 5 80 34 69 95 47 25 99 73 99 74 42 41 32 94 50 2 95 10 6 8 38 50 66 30 47 25 33 43 62 42 57 76 36 66 90 9 94 95 95 68 32 93 92 87 76 55 27 0 64 84 48 38 16 16 71 22 13 88 96 37 6 54 21 13 13 1 63 43 48 27 11 88
51 13 18 70 99 19 3 35 15 26 0 65 76 38 96 88 23 65 19 19 85 1 92 86 29 25 83 51 73 57 42 63 93 17 1 62 4 37 70 74 60 21 40 30 24 31 58 58 85 45 67 5 48 24 11 84 99 60 83 19 95 58 63 36 4 50 36 19 62 86 84 33 38 97 73 98 86 36 87 83 55 11 63 67 65 10 68 31 7 39 10 8 22 82 13 40 18 41 21 84
29 70 47 6 95 12 15 19 36 87 28 25 18 75 82 49 69 14 8 32 88 92 30 25 85 39 98 93 49 54 65 11 3 52 25 25 88 53 14 7 55 91 57 68 96 48 78 4 15 95 50 38 50 75 59 21 6 89 25 26 12 66 26 17 93 4 82 32 6 75 93 55 6 41 27 51 86 20 26 59 67 85 46 38 6 3 15 11 95 62 58 29 73 62 68 63 21 90 48 92
32 51 10 59 46 46 36 31 14 77 99 4 9 77 49 76 46 28 97 15 60 14 4 24 15 62 49 48 44 63 3 17 10 57 57 84 51 95 23 71 20 39 68 8 86 42 21 97 26 28 92 34 61 87 13 66 37 73 28 42 7 97 95 23 58 77 70 39 75 38 86 48 67 19 17 55 60 71 53 8 78 25 98 42 67 16 19 62 77 63 4 37 14 40 72 9 85 35 76 93
30 98 30 89 78 12 98 10 1 38 19 76 54 34 85 8 56 45 90 25 54 60 74 19 27 90 53 63 53 51 56 2 91 3 33 35 88 10 99 10 96 93 53 43 92 25 69 41 34 78 12 45 41 78 19 74 94 2 11 90 46 22 37 70 26 48 42 22 32 39 47 73 89 75 46 67 1 24 17 60 71 46 98 85 64 67 15 16 94 13 87 70 79 29 9 30 52 78 94 99
55 17 25 41 40 58 75 91 83 24 78 89 76 11 19 10 18 89 64 33 15 97 31 32 23 68 68 52 17 98 57 58 41 47 22 45 14 11 52 35 65 38 36 79 87 79 60 31 17 16 62 68 51 41 64 66 56 5 79 80 3 7 5 98 76 28 7 91 89 92 2 14 71 59 86 52 88 56 5 81 65 57 76 19 26 52 63 47 42 62 71 82 60 58 7 9 30 92 27 77
99 60 63 78 7 60 44 72 57 14 40 11 49 6 61 69 47 80 80 93 35 17 52 41 57 41 51 86 65 65 27 30 90 23 9 82 78 10 69 41 28 90 89 17 65 22 89 30 71 78 79 42 1 40 50 58 68 96 85 62 69 60 98 70 9 96 5 76 29 17 25 18 87 7 69 86 59 22 17 28 14 74 95 61 78 48 79 86 71 42 90 72 16 83 55 2 18 96 83 24
7 1 53 66 90 24 72 70 3 11 63 0 68 77 29 72 47 84 34 89 86 43 73 34 49 74 27 27 27 57 39 44 53 83 77 19 6 3 75 86 88 31 25 22 50 4 55 8 37 28 3 25 23 87 86 68 88 71 86 85 58 69 61 79 19 9 36 83 86 11 68 36 46 36 10 61 84 37 62 93 55 24 12 50 70 98 72 24 65 94 91 14 31 46 80 87 1 86 33 53
54 39 13 60 97 92 98 50 91 95 19 46 33 40 88 57 92 71 34 49 79 60 62 42 77 16 48 56 12 60 19 56 25 48 26 7 19 1 24 92 19 42 59 14 9 47 56 29 67 28 30 68 86 21 80 2 73 36 34 52 67 4 94 27 50 45 87 33 46 53 92 84 92 15 94 20 30 24 47 26 37 8 90 99 3 24 4 70 7 34 54 80 1 39 35 2 85 77 66 26
87 2 8 71 80 73 56 52 76 93 50 87 92 71 65 88 43 0 25 30 60 74 20 81 4 76 55 35 80 52 85 56 73 61 40 23 5 82 58 58 17 74 69 70 72 37 95 69 73 80 36 60 22 45 16 47 92 87 76 49 0 89 0 42 28 32 3 32 60 11 79 83 86 64 21 5 3 41 2 51 99 26 29 52 26 81 99 65 94 98 37 4 67 89 4 59 67 56 72 46
59 66 87 22 85 46 50 79 46 23 10 28 74 97 19 45 14 97 27 82 65 8 20 89 29 31 65 57 14 85 15 15 15 39 66 99 10 22 66 43 85 32 92 16 31 40 90 93 17 58 7 97 30 32 9 50 53 93 77 8 52 84 52 68 34 90 87 69 5 64 16 44 23 64 38 16 43 96 72 54 74 68 69 84 46 71 62 27 42 2 48 85 91 57 44 19 44 47 96 55
38 98 75 87 23 18 48 93 6 41 33 2 64 86 75 24 95 6 20 33 79 4 4 53 64 94 99 88 43 36 23 96 5 14 58 12 55 87 56 98 49 50 7 68 70 70 35 85 92 14 37 40 93 62 18 2 51 49 11 57 69 33 22 29 57 90 67 8 83 58 68 92 63 82 37 3 63 35 65 2 36 16 28 8 57 76 76 85 24 40 19 44 6 46 39 95 51 56 54 39
66 57 39 17 68 94 52 68 21 52 59 2 64 43 55 25 0 33 49 0 18 73 90 8 6 11 93 68 29 68 14 10 90 99 63 76 87 78 62 49 55 59 93 45 48 32 25 79 54 75 9 86 25 91 33 71 34 27 96 10 21 22 1 43 26 80 94 46 64 23 82 94 80 3 47 89 7 43 24 55 22 0 52 43 19 52 30 72 50 6 86 49 71 78 70 89 5 79 89 16
89 5 79 78 98 6 59 85 48 2 68 52 69 84 66 85 1 27 2 45 2 53 94 85 89 21 41 58 30 2 82 45 65 96 46 93 10 55 0 91 29 73 81 31 41 21 2 12 69 25 87 18 52 66 32 24 30 42 96 79 2 31 73 47 84 6 97 62 54 18 75 19 52 49 3 86 8 5 90 9 13 46 58 44 27 67 3 23 96 43 90 83 78 16 52 6 41 41 95 77
63 85 48 96 76 73 16 37 33 21 65 68 40 50 53 45 93 57 45 79 64 67 94 10 50 82 40 12 67 94 92 64 59 34 94 64 58 81 99 51 64 66 29 39 19 64 34 97 52 88 90 31 35 59 65 43 52 64 62 17 86 56 11 71 57 20 74 90 15 69 7 89 54 0 28 0 50 4 79 27 68 72 52 87 16 43 31 62 88 64 41 26 97 54 35 85 7 93 35 13
19 91 72 75 98 17 65 58 62 24 86 40 17 7 45 81 22 28 14 33 91 39 16 5 89 13 35 69 54 38 41 8 8 72 40 93 11 39 26 75 33 93 11 72 59 32 17 55 99 45 68 12 3 8 86 21 68 46 17 25 25 40 16 82 26 59 15 4 12 41 43 11 38 93 26 66 41 1 15 59 81 97 44 79 76 90 83 96 19 62 93 87 40 75 26 89 91 83 45 95
47 97 70 0 19 47 10 73 16 89 73 86 66 44 88 95 9 56 65 2 90 9 82 32 50 26 78 70 81 58 23 49 30 51 98 51 82 67 51 79 99 23 25 20 19 6 48 86 1 23 33 65 0 32 28 18 0 24 43 27 53 96 17 36 13 17 77 66 15 29 86 59 35 30 47 23 96 0 24 50 28 56 80 3 71 64 53 52 12 12 13 8 79 55 25 40 77 96 83 96
40 75 64 50 3 17 13 37 3 89 32 93 55 6 59 88 89 36 25 79 0 38 71 28 15 3 50 2 50 29 94 8 80 36 24 54 35 78 90 12 66 72 90 80 62 70 74 33 87 16 59 91 7 72 96 11 85 16 10 86 54 64 0 85 54 83 12 65 73 15 50 62 39 81 45 26 0 73 8 1 55 73 39 71 63 39 86 57 5 93 62 80 66 56 32 52 3 2 12 22
37 97 7 45 30 20 4 98 75 77 58 39 69 61 65 57 77 96 10 36 12 6 58 17 19 85 23 23 33 95 7 83 25 38 78 70 52 17 8 52 49 21 11 45 56 33 27 28 45 13 86 99 39 60 23 13 13 10 88 74 85 2 67 28 40 96 79 21 2 7 20 87 73 75 36 48 73 81 0 22 89 95 76 29 98 95 62 46 64 33 30 42 35 55 56 87 39 6 30 19
63 37 41 30 42 23 6 25 19 97 70 73 18 19 19 4 99 0 85 46 67 3 76 49 13 52 69 87 4 29 99 95 30 0 54 46 77 81 39 30 65 58 81 73 14 2 78 86 86 61 63 19 94 31 31 51 46 55 91 35 46 36 61 0 64 90 88 66 27 23 72 61 16 42 7 66 44 89 14 45 8 22 7 88 6 44 59 7 37 18 83 16 23 2 93 32 71 80 13 50
4 43 50 44 94 66 49 60 0 74 94 97 2 90 72 68 2 52 94 86 55 34 93 19 98 46 78 91 2 34 52 66 36 41 52 43 44 46 59 65 56 34 7 71 13 45 87 57 85 47 68 83 56 14 90 90 6 72 52 60 79 35 25 99 47 33 30 96 73 85 89 58 58 0 23 6 31 85 6 63 53 25 74 71 34 82 26 11 55 59 64 9 51 43 17 86 65 80 84 79
2 87 60 72 34 44 67 60 58 1 88 40 19 30 40 73 86 7 17 95 53 54 62 25 71 74 64 72 50 55 51 88 56 94 64 11 32 98 16 60 97 62 5 68 55 33 43 63 15 45 58 21 54 7 10 66 96 9 77 92 50 23 29 54 69 48 84 89 82 93 29 67 67 42 66 41 57 21 37 85 46 20 58 79 35 20 25 42 16 23 79 80 85 50 20 76 18 81 41 93
83 23 97 66 42 59 73 92 43 24 15 9 72 24 97 50 94 30 41 18 6 42 70 4 47 41 98 82 83 23 71 72 11 41 19 87 18 44 99 37 64 60 83 94 31 37 13 6 74 8 96 47 5 28 22 21 35 96 8 17 29 44 18 54 64 68 0 42 1 36 94 43 53 7 76 99 94 82 12 39 12 86 46 21 16 78 96 59 9 95 82 55 17 15 59 82 14 40 82 98
24 1 12 29 93 0 85 94 93 0 5 10 14 17 4 54 34 63 79 29 70 10 82 29 36 94 52 79 0 67 90 67 83 78 68 80 5 57 14 19 63 47 66 28 57 47 3 85 1 78 55 55 66 37 75 0 62 42 9 39 41 32 11 22 8 41 13 98 71 17 64 51 18 21 17 48 8 20 83 6 81 29 94 32 22 56 26 38 41 57 91 39 66 98 95 40 48 0 39 68
75 21 41 4 40 12 41 3 77 6 9 22 61 34 69 10 98 16 12 34 99 40 36 78 84 56 76 72 87 18 10 57 71 3 85 56 5 77 14 51 90 57 2 26 82 58 98 1 67 43 75 35 75 79 99 43 63 87 32 31 85 51 16 30 77 17 29 91 31 41 68 55 89 80 9 6 90 70 12 12 20 78 86 9 81 66 33 97 49 53 51 11 43 22 49 0 92 79 80 80
44 20 74 81 55 46 89 74 13 19 41 6 1 32 41 27 82 29 82 93 98 12 38 30 91 12 10 98 41 42 30 72 77 72 55 28 60 12 24 21 62 46 38 77 57 73 83 75 10 1 5 13 39 62 40 99 5 79 37 64 40 91 83 24 91 73 17 79 38 81 62 97 63 15 14 67 21 36 42 92 92 2 21 34 62 2 95 8 47 4 58 71 91 69 13 45 23 17 14 77
86 75 77 17 5 63 10 94 19 55 8 27 15 54 89 15 28 29 10 51 27 56 71 72 1 17 51 75 53 40 30 24 89 40 58 86 18 91 83 11 99 25 27 30 3 19 98 11 7 46 60 62 98 90 49 65 21 55 84 74 2 70 90 15 69 74 22 61 79 63 27 87 85 85 16 58 32 62 92 16 41 10 16 88 66 62 66 94 21 69 96 57 57 4 97 82 58 82 56 24
35 39 12 18 63 29 10 17 57 35 22 21 27 92 93 75 33 76 55 66 76 42 19 34 11 6 90 75 97 51 74 91 57 33 52 59 78 39 33 17 78 97 11 9 33 71 28 90 59 52 84 96 88 95 16 87 37 33 29 60 63 56 11 41 20 93 95 81 73 42 91 61 18 41 60 65 31 50 82 62 57 19 61 82 28 61 90 69 87 86 7 51 17 87 35 71 1 9 41 55
41 2 92 56 34 66 65 17 64 94 62 50 2 32 62 95 4 84 15 24 7 83 87 59 78 1 81 72 10 41 83 57 4 22 91 50 50 62 65 0 27 99 77 32 76 23 88 1 55 36 94 42 89 61 56 65 21 4 22 40 39 79 71 6 20 82 58 88 18 19 20 46 83 78 8 27 29 60 40 10 68 69 39 26 39 99 16 28 4 49 51 2 46 22 9 18 16 97 74 7
98 69 2 96 96 84 14 33 71 49 25 40 20 83 81 93 75 72 93 7 17 69 97 71 47 86 67 90 39 4 53 38 69 45 23 42 99 43 54 97 87 48 86 18 50 27 0 0 44 20 70 16 52 29 65 25 55 33 23 7 40 67 81 46 63 73 79 86 72 26 42 8 76 13 55 97 47 18 83 87 77 56 49 98 10 0 95 15 23 31 31 78 78 18 91 93 20 80 24 38
63 34 20 11 18 68 31 5 73 88 5 56 48 83 38 28 18 70 55 94 27 30 12 89 52 8 53 22 79 36 71 21 18 19 57 51 61 94 85 9 2 58 40 68 83 49 58 39 83 64 50 67 67 75 71 92 53 0 99 64 79 10 8 15 47 22 81 42 36 54 90 19 89 33 85 64 71 21 78 74 62 5 64 76 92 31 36 6 50 73 62 83 96 67 53 20 8 38 24 56
1 33 74 1 67 24 29 16 15 86 81 63 68 84 23 5 59 44 27 56 91 59 50 30 5 72 21 46 20 10 99 43 3 6 96 25 58 97 22 1 3 74 40 23 87 71 80 5 1 21 49 28 37 99 38 29 55 33 25 27 1 40 6 71 65 36 57 39 22 43 93 96 4 10 38 89 32 39 33 54 38 33 3 51 13 33 89 94 88 59 98 58 28 34 50 97 8 89 23 57
24 77 76 7 87 87 96 60 16 18 61 34 0 52 32 8 94 5 98 59 65 53 40 63 23 65 96 55 86 80 80 87 23 56 70 12 70 68 37 79 50 72 85 35 79 3 88 66 6 99 62 40 28 22 93 79 68 65 48 74 49 42 17 71 96 30 18 39 91 12 68 34 70 5 62 88 10 50 20 34 61 99 73 24 84 11 35 76 40 42 42 24 40 17 24 57 77 14 17 61
2 20 96 85 84 86 94 17 71 94 93 51 8 73 43 79 10 72 7 92 72 17 81 78 4 78 25 97 26 80 50 23 91 15 57 15 47 7 67 20 8 14 28 84 16 81 39 88 94 48 56 99 42 93 76 10 31 71 31 63 22 86 43 87 31 39 79 6 62 55 17 73 94 19 71 72 79 13 63 10 84 87 13 92 81 45 32 6 16 86 20 95 83 17 43 8 47 79 68 43
1 20 14 59 1 25 82 76 49 44 39 70 82 78 87 1 16 33 41 13 59 48 38 72 6 62 33 31 15 15 17 39 57 21 80 28 2 71 53 65 86 23 39 66 43 13 88 34 26 49 12 99 67 37 31 5 37 5 57 17 81 1 43 86 17 60 24 69 5 42 46 23 43 78 19 6 17 78 78 38 30 75 20 52 6 34 0 61 64 53 80 87 11 58 43 35 62 0 6 20
96 28 67 84 73 56 99 72 1 64 39 89 2 81 84 94 56 86 73 4 34 80 72 2 56 4 85 91 92 68 28 97 24 9 49 86 55 75 50 99 28 2 76 9 4 33 66 21 10 2 20 69 96 99 10 54 55 2 13 48 73 84 43 47 2 54 75 59 50 16 15 95 71 29 32 99 50 42 96 77 81 74 72 54 71 58 17 97 53 34 88 35 13 14 98 30 30 58 15 28
86 27 58 71 81 76 47 8 92 24 26 39 47 14 79 46 45 66 12 90 44 5 41 93 61 46 93 21 53 99 96 49 60 62 26 1 43 77 20 23 34 92 4 40 13 31 92 60 83 34 98 72 50 65 65 81 32 98 73 44 36 13 90 65 68 37 53 16 61 9 11 79 63 72 73 6 3 21 60 13 76 54 65 62 8 58 21 96 55 41 39 23 66 9 35 91 64 14 70 4
64 53 68 0 18 46 2 29 75 83 68 19 11 88 25 82 0 1 76 30 49 55 87 63 80 91 71 20 37 14 57 55 44 87 66 64 72 13 32 53 59 70 81 9 56 98 66 4 92 81 60 45 20 8 73 55 18 23 11 58 17 49 9 19 12 89 88 93 46 84 54 99 22 51 31 77 87 87 39 26 10 82 55 74 86 58 98 6 99 5 32 78 11 82 32 91 82 83 16 63
44 94 9 0 62 7 18 49 25 73 60 67 33 33 2 50 30 79 26 93 24 81 87 9 48 12 60 21 79 0 60 48 18 48 15 71 18 53 37 80 9 88 45 95 16 84 40 51 67 19 16 44 7 69 55 36 71 81 5 55 75 60 1 81 51 80 17 3 12 77 37 73 84 95 66 73 37 9 61 88 52 74 93 41 20 22 96 43 34 13 22 91 45 93 65 45 71 49 65 78
13 13 94 25 22 40 33 30 66 25 0 95 96 95 30 52 77 2 56 59 37 69 3 67 53 70 24 86 88 53 9 13 30 30 20 0 64 23 5 65 61 47 44 63 22 12 64 83 33 92 70 52 81 34 2 73 58 68 12 52 54 70 34 24 22 58 90 20 91 92 15 69 92 63 65 90 35 91 37 62 15 26 14 31 47 26 75 85 52 58 79 58 52 22 1 24 44 24 96 86
11 67 31 68 86 31 82 56 23 8 53 37 68 43 67 77 3 31 48 27 14 19 63 76 7 67 32 34 5 26 24 27 84 88 42 6 96 7 48 26 81 59 72 15 41 74 1 7 34 59 20 57 96 70 82 46 22 17 3 29 64 25 64 69 60 86 57 34 99 93 58 76 61 79 20 7 80 41 1 54 98 35 72 79 30 40 65 18 41 74 75 7 42 65 31 26 50 79 44 41
19 13 83 47 46 5 31 17 65 94 4 73 6 3 21 78 67 49 93 17 35 99 44 75 61 15 26 28 15 95 82 98 69 14 34 18 48 47 7 38 54 63 69 75 28 60 82 80 29 27 76 27 15 4 16 72 12 39 11 61 92 18 48 34 27 90 44 9 35 93 7 90 66 46 62 89 23 22 67 41 94 45 50 12 66 62 7 10 43 91 14 36 27 64 20 33 27 32 81 11
76 41 61 68 83 6 79 37 95 1 6 54 10 82 97 50 12 55 71 40 74 30 58 92 51 70 13 58 84 4 79 32 22 46 9 26 72 11 85 50 74 19 86 89 21 11 95 0 1 34 48 43 36 69 15 9 70 25 32 0 41 41 5 77 97 2 63 79 46 85 80 95 21 40 25 51 34 14 91 89 20 13 45 53 40 41 87 56 82 11 55 51 34 79 35 49 30 46 97 37
34 92 91 36 57 32 67 70 93 14 0 28 25 81 32 92 60 91 5 62 22 75 46 3 97 99 75 78 99 84 58 55 87 40 87 16 24 48 98 6 97 44 24 51 10 49 68 44 57 99 63 12 30 31 76 71 76 4 88 66 9 45 7 16 6 16 25 65 57 40 95 90 27 31 1 76 89 11 55 41 9 21 69 64 42 75 93 43 77 22 56 73 89 59 80 32 93 38 11 32
99 89 91 84 10 8 80 1 12 33 12 85 85 60 28 99 12 39 91 50 42 29 68 10 15 61 80 79 27 40 95 47 23 68 74 65 98 56 18 10 97 75 76 89 27 55 39 87 49 58 30 69 37 98 29 71 63 19 85 49 71 76 86 96 94 23 3 39 78 60 0 18 95 26 29 42 72 8 31 86 92 68 58 43 79 77 92 82 83 86 91 29 93 51 96 37 46 86 57 75
9 3 90 34 78 74 46 6 88 20 14 61 97 28 73 31 81 84 25 81 95 79 73 7 25 82 1 28 89 7 0 66 75 73 3 48 45 91 74 28 37 64 55 28 60 71 5 83 22 39 89 14 14 84 74 2 37 71 38 88 38 15 77 16 75 7 0 46 67 57 31 87 72 77 90 28 57 67 20 36 45 8 53 69 4 81 20 17 40 22 21 76 73 2 35 52 26 47 17 51
41 93 34 57 43 83 44 17 13 31 56 38 77 82 27 20 45 0 55 22 11 60 78 3 13 31 68 56 0 31 4 87 83 30 46 3 46 29 92 94 94 36 80 98 74 76 25 10 39 96 7 55 51 0 22 64 25 73 84 31 82 6 7 64 37 1 56 95 79 61 32 37 27 64 66 58 96 53 45 48 31 58 75 55 58 19 42 91 57 65 1 83 54 64 57 97 9 54 78 53
40 16 97 82 42 77 5 93 97 74 86 38 57 29 45 15 31 65 16 45 88 94 68 36 0 6 2 44 35 95 77 13 36 39 74 14 40 16 40 33 54 76 77 33 22 67 22 62 95 90 58 16 14 7 7 65 48 29 46 69 64 51 19 21 26 27 66 88 86 19 15 11 7 70 42 5 96 20 3 62 59 7 79 60 51 48 84 56 20 37 27 30 69 63 48 45 86 1 68 73
29 72 67 41 32 63 83 54 42 26 57 51 89 67 82 55 63 13 5 96 21 81 12 98 88 4 88 26 96 96 70 27 41 79 26 10 39 16 89 28 61 47 42 87 9 69 78 84 23 36 34 81 45 23 23 90 79 12 68 35 59 82 88 88 89 58 49 7 90 11 75 82 68 19 43 31 34 90 28 45 90 2 36 54 9 17 83 38 15 65 68 76 38 9 18 96 25 66 79 68
49 56 40 47 93 32 35 55 18 42 5 82 15 74 50 64 15 29 86 76 89 64 5 93 23 71 13 37 8 42 24 53 49 8 49 38 4 30 72 66 33 54 92 43 74 62 82 53 28 71 99 55 56 54 25 22 19 5 87 17 42 82 67 39 92 24 51 75 55 42 0 65 71 75 95 64 18 99 25 68 90 64 84 79 89 63 32 49 62 9 49 55 48 38 98 50 66 36 8 40
64 35 95 25 72 11 86 75 61 56 3 95 50 25 43 76 71 66 41 9 58 82 49 0 56 31 67 1 97 49 56 52 7 92 27 98 76 74 66 35 78 72 41 22 26 81 94 79 7 77 49 2 50 99 63 84 23 10 72 74 14 71 92 64 47 13 49 40 1 70 61 89 41 19 60 24 85 6 67 48 55 68 41 33 7 98 97 87 74 15 62 14 50 59 85 98 82 47 8 71
43 4 36 50 75 82 94 73 53 83 26 1 94 2 13 80 37 4 11 33 75 77 71 57 60 94 8 90 18 44 86 53 8 6 38 9 32 68 42 78 52 92 19 86 7 8 23 89 29 72 77 12 20 41 74 72 68 83 2 69 68 30 61 93 61 96 60 66 4 45 27 41 52 24 50 64 97 64 67 87 18 54 59 24 54 11 70 41 41 83 58 59 81 15 98 76 4 58 35 89
49 98 99 46 63 16 76 29 17 17 82 28 75 93 14 50 14 23 90 53 81 53 28 5 85 18 61 15 79 50 52 97 49 14 52 69 37 15 28 40 39 22 67 58 20 44 22 48 97 43 26 31 48 26 62 25 64 23 51 37 95 34 96 65 91 91 68 15 2 66 65 93 37 8 41 8 63 16 41 73 52 86 90 77 6 12 68 86 59 53 69 83 81 33 16 63 67 75 86 78
27 24 39 3 98 72 11 13 71 43 84 20 2 68 0 48 95 20 94 7 90 77 6 40 63 13 16 9 13 16 98 28 97 91 99 23 62 86 80 50 56 73 25 99 83 70 78 54 27 10 43 85 7 37 56 94 65 88 74 50 58 56 70 21 30 80 8 82 83 50 68 10 88 93 27 27 13 44 91 82 5 71 4 46 63 1 53 12 42 51 76 79 8 34 83 35 3 2 98 47
11 45 63 86 38 69 97 50 86 29 4 42 74 14 15 23 12 41 36 46 23 33 93 57 50 26 6 33 18 78 34 16 13 34 1 96 45 15 64 88 89 99 62 45 86 3 48 55 37 38 37 61 99 82 63 78 83 99 87 47 80 78 21 29 0 73 63 19 98 88 82 4 48 38 99 98 1 5 17 17 97 7 92 94 17 69 15 50 74 0 78 89 7 80 20 7 97 51 3 65
60 8 61 1 92 32 67 26 7 60 18 69 2 54 84 27 11 20 4 2 37 62 73 89 67 65 96 20 23 57 97 68 1 98 22 44 47 96 99 28 63 86 82 37 12 50 3 0 55 75 83 18 42 42 84 52 32 20 96 72 9 73 20 4 67 57 71 0 56 16 82 42 77 3 67 7 59 38 34 34 41 65 91 95 42 75 31 51 66 83 42 16 30 85 47 30 69 51 9 16
22 27 74 47 94 83 66 60 2 60 74 89 77 21 71 25 28 67 65 30 29 4 55 95 69 28 78 53 98 33 56 6 73 3 29 89 24 23 40 17 97 8 65 45 20 5 10 3 15 95 8 45 16 28 3 6 3 48 92 25 63 88 9 80 59 84 57 26 85 48 82 20 95 8 62 2 24 64 9 61 42 47 28 26 11 16 73 85 18 97 18 54 58 98 20 82 65 23 6 2
75 34 99 32 72 14 20 14 22 16 70 24 4 81 31 56 73 73 72 28 39 44 38 54 53 41 96 64 62 54 70 48 66 62 25 63 72 47 7 44 22 52 16 97 10 10 81 93 44 20 44 24 99 19 14 6 6 5 35 83 67 94 19 1 29 86 55 23 86 40 42 41 43 70 31 66 61 7 42 94 85 74 22 22 21 80 39 53 5 36 73 16 39 59 56 59 77 39 3 99
