100 100
62 28 30 27 8 3 66 16 17 46 49 59 86 23 23 37 37 99 80 92 19 35 61 70 8 96 6 11 76 71 92 34 59 61 87 54 70 85 1 43 63 91 79 42 62 9 83 31 87 50 10 47 46 95 86 50 73 31 1 32 42 60 26 85 0 33 8 16 38 11 90 65 83 27 11 41 65 31 41 47 90 19 82 63 92 42 99 7 93 20 12 79 61 82 47 79 84 95 63 64
21 56 2 5 16 42 96 87 26 57 42 95 52 27 80 20 91 59 76 18 39 76 75 68 37 29 10 62 36 92 70 83 66 16 28 38 49 64 81 26 35 3 7 20 76 73 77 13 40 46 32 37 54 12 70 48 17 23 69 67 54 85 85 14 14 63 23 0 74 41 3 3 10 48 93 59 28 65 43 92 69 90 82 8 26 34 26 85 59 30 48 80 93 94 25 2 82 17 81 5
75 37 18 63 81 57 61 22 27 79 76 14 35 42 22 5 86 50 58 85 43 3 25 35 67 70 5 66 70 43 28 98 38 66 45 80 5 39 86 96 65 40 54 36 40 36 38 90 34 12 35 26 89 52 53 33 80 90 12 0 96 74 45 34 85 35 45 8 5 26 82 79 45 31 18 17 79 20 41 6 82 81 60 35 11 32 93 84 75 78 94 90 49 63 12 70 38 28 17 62
30 76 52 38 49 27 77 57 8 18 27 85 30 13 86 66 93 63 86 78 21 48 78 62 72 54 84 99 99 4 25 19 49 8 70 86 28 52 39 53 35 17 56 89 61 76 48 26 91 72 39 78 10 79 18 58 73 80 81 91 64 26 47 50 59 49 79 90 23 60 68 90 47 79 64 69 66 89 33 10 54 62 38 41 87 4 56 29 52 88 15 77 57 8 45 67 27 22 21 4
1 48 61 40 50 73 99 58 93 85 59 70 81 98 95 56 7 38 20 58 60 87 31 43 89 97 71 7 51 43 90 24 24 82 55 8 36 42 73 78 16 98 90 4 93 32 5 19 15 17 40 6 84 23 82 57 48 72 87 32 50 58 7 68 41 60 59 82 85 83 53 80 34 83 72 69 35 41 40 24 42 71 93 86 50 73 23 19 3 71 16 59 78 93 24 86 3 94 9 23
79 61 64 8 96 50 98 30 2 95 65 83 45 20 69 61 56 75 34 37 43 44 13 13 59 34 52 86 7 18 47 74 47 46 26 83 48 31 89 16 90 49 74 69 52 93 65 60 32 71 65 26 36 26 70 2 53 35 13 98 59 17 29 91 38 72 11 19 1 67 11 16 71 62 60 84 45 75 1 33 17 83 6 34 15 43 37 24 46 45 15 47 68 92 54 6 11 25 28 60
37 24 10 96 95 36 0 54 65 76 69 15 71 12 88 89 89 36 69 97 58 64 58 65 63 37 19 11 60 50 32 41 25 33 72 35 16 88 72 50 37 27 92 30 7 61 96 80 74 15 7 5 88 20 60 20 32 49 0 65 53 95 54 76 72 49 13 94 41 38 97 26 30 99 27 9 43 81 24 52 61 30 69 83 72 79 9 72 90 63 61 33 6 61 66 73 94 46 88 8
8 27 0 94 29 52 74 38 88 50 40 32 92 82 82 18 74 70 42 57 71 4 78 39 74 98 57 68 15 30 31 96 84 62 4 15 44 2 26 28 52 67 85 81 79 41 26 75 98 44 45 91 44 76 0 58 76 11 50 89 90 75 13 9 97 80 41 18 39 18 34 16 71 77 93 69 31 1 10 53 30 49 82 1 53 69 28 18 33 97 28 46 52 91 31 90 79 44 95 42
81 40 98 84 70 18 40 71 23 59 74 64 95 38 47 83 86 89 18 41 42 6 99 39 85 9 22 68 48 54 66 10 26 30 91 7 42 98 10 99 72 13 8 33 51 98 43 83 66 16 17 99 70 27 75 1 22 1 93 73 4 97 58 18 18 36 95 25 56 91 96 45 57 89 5 29 1 5 81 2 66 91 12 98 72 0 84 55 66 12 91 74 60 10 97 56 19 91 74 38
90 62 18 61 44 96 35 15 28 5 11 29 51 20 18 90 37 50 1 6 39 32 85 50 90 71 71 49 65 32 68 31 88 12 71 57 55 98 44 31 63 14 73 96 46 8 76 4 58 51 9 51 59 77 77 76 3 19 90 33 42 47 4 21 40 56 97 28 49 20 77 92 73 55 74 62 26 18 88 10 27 7 81 17 28 10 44 41 48 97 83 40 92 44 47 25 92 20 78 0
31 72 29 21 70 6 90 14 32 52 73 99 50 70 89 26 64 77 93 89 37 16 7 21 43 48 64 61 75 62 59 11 93 0 19 99 53 84 95 5 15 61 44 95 99 71 39 80 45 70 53 82 98 49 91 94 59 17 18 68 67 27 97 4 67 66 89 43 71 49 14 4 0 75 19 89 76 82 29 73 82 19 85 95 49 50 99 2 23 94 86 53 69 11 26 60 14 48 28 13
13 33 98 84 79 65 44 0 10 1 32 31 14 5 20 28 99 92 18 20 40 72 2 66 17 69 59 41 37 63 22 36 14 94 26 21 26 21 57 55 76 69 3 73 37 99 16 49 74 40 79 63 66 93 24 92 11 32 6 70 9 26 27 60 5 98 37 32 40 67 62 3 39 96 19 1 46 25 54 57 71 37 91 36 58 67 30 76 75 59 20 28 41 20 71 36 67 22 78 27
11 84 38 47 26 31 30 7 11 52 39 77 29 26 8 99 62 14 33 69 36 9 72 81 62 1 76 16 21 86 82 92 12 76 69 5 18 44 47 17 74 5 46 72 32 90 20 66 7 43 25 3 35 39 43 30 31 25 8 83 46 5 74 95 14 52 98 94 71 36 52 51 70 7 76 85 35 23 65 19 40 38 46 81 53 31 44 85 73 97 50 7 13 69 94 18 27 30 9 39
60 80 27 9 78 41 46 6 16 14 74 52 80 83 77 7 77 36 69 64 38 49 4 19 50 51 50 13 73 71 34 6 48 75 16 86 91 40 98 59 51 75 30 44 94 9 56 29 72 50 60 24 86 45 14 18 28 33 0 81 66 42 80 66 85 37 9 8 14 2 39 23 12 74 62 49 3 61 24 8 97 12 5 2 99 2 14 96 80 63 48 84 41 90 87 74 19 10 48 97
90 27 0 68 98 7 59 17 11 94 91 22 31 27 60 98 16 44 5 94 32 35 77 71 84 59 8 84 49 99 63 54 43 84 26 23 82 91 9 34 57 96 29 82 34 18 94 72 90 80 52 76 74 91 97 36 9 17 14 77 93 34 31 77 53 97 83 67 89 78 65 98 99 30 91 83 27 93 61 67 79 5 9 39 42 54 27 99 40 15 28 27 76 54 57 96 55 61 1 44
95 1 35 5 10 7 55 73 0 50 96 63 49 26 69 34 33 81 92 15 36 71 73 82 60 20 86 33 60 83 30 2 56 36 95 74 16 80 91 51 43 95 37 50 18 12 38 25 48 45 54 2 25 79 61 73 80 49 35 95 3 42 30 64 56 1 33 87 43 65 51 89 6 97 69 29 8 74 33 64 48 36 66 98 76 39 94 50 18 75 51 83 16 81 82 12 82 67 8 60
99 85 93 79 76 54 96 35 34 67 8 94 48 94 45 45 89 16 95 42 96 38 95 30 27 20 27 8 28 6 46 34 79 44 19 8 90 99 40 90 16 12 3 79 28 61 78 91 8 24 63 37 97 93 52 65 79 97 22 31 21 54 52 99 90 18 48 47 63 17 58 76 11 53 19 57 72 65 47 24 69 32 57 0 9 44 65 98 84 28 33 46 68 3 50 32 10 77 4 82
47 97 91 36 74 28 14 16 31 20 82 30 62 0 97 98 93 8 91 37 87 2 45 92 36 24 46 71 64 35 36 55 13 7 34 0 45 77 32 0 11 60 42 71 22 33 98 66 80 1 86 20 75 89 97 1 49 1 23 3 27 10 62 39 57 87 33 31 58 64 48 37 88 91 11 92 48 67 22 89 90 48 15 82 87 86 46 33 18 5 51 90 58 32 37 33 34 81 4 7
75 30 46 90 46 70 31 54 44 75 65 11 77 18 85 40 73 75 50 48 89 85 32 6 48 51 45 86 12 75 83 15 49 72 16 37 37 14 52 90 85 2 54 71 95 87 1 8 61 13 87 94 21 80 57 11 2 94 16 41 57 80 94 78 6 40 79 73 74 25 8 83 8 20 85 63 99 24 55 33 55 52 85 21 84 70 6 42 43 26 74 12 42 25 46 6 60 66 37 41
42 49 24 78 28 13 74 16 60 0 30 57 59 69 86 25 88 37 55 33 41 52 99 74 72 83 55 72 42 19 44 80 38 51 39 10 83 84 38 9 10 26 35 5 23 40 35 11 30 57 18 58 67 32 24 92 48 19 89 7 66 74 11 9 32 26 60 60 96 90 5 3 13 13 67 99 20 20 87 88 76 21 14 1 70 32 50 63 47 61 41 33 11 23 26 28 56 23 40 37
70 97 39 0 60 59 87 96 38 63 50 77 54 77 57 47 83 90 93 90 28 4 23 6 31 92 5 44 20 1 79 85 1 63 97 29 86 58 38 46 7 61 42 59 88 94 67 7 54 12 50 80 65 28 88 94 93 1 64 27 47 13 55 14 24 49 12 53 19 41 72 85 46 3 79 39 42 57 13 55 95 96 89 62 3 50 77 78 36 37 22 87 37 6 72 55 76 50 97 6
43 29 11 46 33 72 88 34 1 81 80 0 65 72 74 38 44 96 90 75 53 52 24 79 59 52 38 44 88 50 74 52 1 26 30 93 6 53 43 90 67 60 52 79 72 78 1 56 49 99 81 91 6 99 89 27 57 3 70 26 2 12 32 69 8 28 68 90 84 73 26 26 91 26 35 80 4 50 72 1 73 26 80 93 60 73 83 83 98 73 22 87 14 78 6 57 97 57 59 84
18 68 16 95 18 48 93 77 80 46 82 22 21 21 39 10 42 96 25 1 26 39 33 12 38 8 85 75 92 24 90 17 57 70 97 77 65 45 10 8 31 91 44 78 32 84 5 60 26 15 2 40 57 73 8 64 99 34 38 99 98 17 90 69 53 22 2 94 25 31 86 64 5 47 25 8 85 65 12 96 44 28 27 95 90 96 19 91 47 45 74 7 24 6 32 13 78 16 65 53
86 80 50 8 94 6 20 32 28 93 6 87 24 38 7 50 44 60 34 57 5 95 21 90 25 86 71 10 77 58 15 7 90 20 96 20 87 16 42 69 42 16 91 12 44 27 45 53 24 49 68 1 27 34 31 82 76 32 1 17 37 59 87 51 3 50 53 67 54 20 38 85 17 84 97 89 24 59 65 23 8 11 60 14 95 68 11 24 59 91 38 25 86 44 55 34 17 82 72 92
44 32 39 65 61 42 80 25 31 9 60 75 59 13 78 49 34 40 79 46 92 87 32 22 14 98 99 2 78 7 42 40 19 27 21 12 34 54 41 88 17 11 66 76 68 20 42 51 54 41 42 78 67 61 96 84 26 23 88 62 34 89 31 95 2 68 0 67 3 53 72 10 78 35 62 22 11 1 82 14 17 38 8 84 19 31 71 82 7 33 92 74 14 84 49 54 64 44 54 56
25 13 28 12 42 91 95 41 43 55 11 59 25 38 8 19 28 79 2 22 26 67 21 65 26 77 37 18 22 47 60 62 52 50 24 53 75 54 29 20 9 73 29 46 40 65 58 18 31 58 51 9 57 24 86 74 85 55 86 12 69 62 67 22 67 42 56 4 20 17 18 62 80 10 51 1 27 72 37 2 69 35 32 34 26 32 84 10 62 95 74 27 28 93 86 49 40 81 43 52
53 65 5 61 21 94 59 73 16 72 93 14 58 44 68 83 84 36 12 52 62 84 30 91 36 2 9 82 6 44 6 22 74 79 51 5 77 56 79 19 94 97 73 79 83 80 73 81 5 10 5 57 24 59 28 64 39 85 53 52 77 92 56 26 12 62 78 7 86 84 84 4 27 80 81 85 17 3 62 49 8 99 92 6 44 77 98 52 27 65 27 84 75 96 22 41 65 91 47 56
18 0 21 38 95 62 55 98 65 78 88 95 6 81 91 65 31 5 66 56 89 11 24 15 82 81 92 9 53 94 57 95 39 70 63 29 62 29 73 90 36 38 94 25 79 57 12 80 80 39 23 38 87 87 43 46 31 5 88 60 14 50 68 27 98 30 90 66 65 65 88 6 36 63 3 80 68 66 3 90 74 44 10 14 64 20 27 9 6 52 60 62 2 15 51 38 41 42 84 25
36 36 78 42 87 97 23 1 5 23 3 72 6 24 37 78 72 93 35 66 77 60 8 0 34 80 65 56 49 74 66 99 35 2 30 57 72 84 83 14 54 84 37 98 37 12 19 38 24 73 33 33 60 67 27 71 40 37 50 27 5 5 39 58 24 44 44 8 8 24 87 45 84 33 19 35 65 90 44 93 79 47 13 23 94 84 81 13 56 92 57 16 74 53 73 25 56 27 64 9
34 66 6 56 74 0 99 57 30 26 63 20 36 1 36 21 50 98 96 51 30 84 96 38 26 33 2 86 88 78 34 13 37 13 78 6 26 96 16 82 39 50 3 96 73 8 99 79 66 89 82 79 59 38 9 10 69 31 57 23 30 98 78 28 92 62 48 44 20 81 88 46 15 36 8 44 96 54 28 40 99 83 82 51 48 43 70 31 11 18 11 64 4 94 7 45 36 60 22 16
84 50 27 86 77 27 3 97 17 82 0 83 10 26 39 14 96 55 8 82 53 69 63 71 40 36 45 98 58 99 55 4 91 49 69 60 37 75 86 95 63 59 81 97 74 78 95 53 6 21 61 57 0 29 39 43 90 39 93 53 22 18 56 92 84 14 43 85 25 7 41 4 97 75 95 75 5 42 11 70 22 31 44 14 99 81 17 48 72 73 99 14 11 43 25 48 21 34 52 6
45 19 79 58 82 64 20 40 20 9 14 81 87 95 53 57 3 61 81 79 34 96 73 57 94 47 8 42 49 42 90 85 47 92 1 29 52 47 3 88 16 32 66 41 27 47 86 34 59 83 99 35 49 10 11 93 24 40 85 80 4 26 74 16 29 35 93 21 19 3 6 63 83 25 65 99 65 67 96 69 22 92 25 29 25 45 56 47 58 72 74 67 31 72 9 64 63 52 35 89
3 64 71 51 29 88 60 64 56 37 61 14 93 48 25 19 56 67 74 73 98 78 68 97 31 28 73 38 44 34 42 81 82 38 13 6 43 53 2 16 42 14 88 29 81 30 33 61 78 10 60 84 63 31 93 63 37 88 30 73 68 78 34 9 77 52 43 93 72 60 13 22 44 36 32 80 96 62 25 97 69 36 72 17 83 35 92 96 8 12 68 52 34 27 19 43 52 22 4 63
35 51 84 91 68 46 52 73 55 72 21 54 62 15 85 10 20 31 32 26 56 62 55 41 67 39 13 28 42 49 44 46 48 0 91 47 42 41 78 6 28 71 16 79 85 36 68 19 10 36 40 72 91 69 35 62 70 76 78 28 11 42 9 79 84 58 50 32 75 54 15 45 97 55 31 98 30 37 95 45 36 2 59 53 92 18 32 77 0 28 86 97 29 59 59 47 59 25 81 26
43 53 66 27 43 39 89 92 45 64 72 1 19 3 34 25 11 64 91 8 68 49 12 71 73 82 9 59 31 52 4 3 1 67 83 92 65 8 18 5 47 57 95 91 40 46 20 46 87 75 36 74 68 24 45 87 62 7 4 42 39 61 68 1 13 40 38 34 14 99 78 79 68 52 29 22 85 8 16 61 2 88 63 62 24 68 32 28 6 69 5 67 58 98 86 26 20 4 25 77
55 6 18 4 17 18 11 37 13 95 23 16 50 8 45 11 67 37 38 91 88 87 12 90 79 1 17 73 18 85 82 82 62 8 45 6 76 14 88 78 50 29 27 96 33 12 74 35 38 72 41 79 66 30 4 31 20 5 54 81 73 26 44 74 23 25 35 49 12 72 64 64 13 61 11 87 87 97 20 57 11 66 45 25 3 19 8 65 56 59 50 4 52 41 14 92 85 98 55 66
21 5 88 7 48 2 83 61 29 38 18 81 46 58 17 28 21 43 92 47 73 78 61 15 89 91 62 73 16 93 16 20 97 38 52 43 5 90 41 94 29 82 81 75 62 50 59 32 80 5 85 58 59 18 20 25 65 83 53 52 88 30 53 79 18 70 29 90 32 72 53 0 8 57 37 96 43 45 90 9 82 92 16 78 0 71 32 40 20 4 92 89 0 40 25 27 65 52 25 39
91 16 65 94 59 15 89 23 58 22 65 87 0 72 86 83 21 90 96 32 91 62 2 23 7 46 44 95 66 0 58 56 7 48 38 79 0 95 3 26 16 20 16 87 30 16 58 64 38 38 47 39 66 74 21 55 90 61 27 14 59 22 67 20 33 12 4 61 40 12 19 57 41 62 14 98 74 38 79 78 44 62 35 93 77 58 26 42 39 24 73 1 84 83 39 83 52 56 50 84
82 73 90 66 71 93 61 65 42 70 17 17 12 91 13 68 4 65 85 33 73 56 65 61 1 81 69 54 87 45 28 95 43 11 41 39 86 51 4 10 80 55 37 8 30 57 64 54 12 31 28 21 72 33 99 20 31 59 36 5 54 93 88 29 3 56 58 66 58 53 75 80 24 70 85 31 57 48 45 59 14 50 48 16 43 95 35 84 22 38 13 12 27 29 37 24 77 19 98 32
27 21 58 9 83 67 15 70 5 78 57 34 51 78 28 55 9 78 75 17 42 72 92 9 33 78 20 55 13 8 29 31 2 17 73 16 35 50 26 81 48 89 43 23 10 61 83 27 22 64 67 46 92 34 45 76 73 77 33 3 16 68 86 10 88 13 0 22 66 62 30 94 51 70 11 37 49 84 42 26 0 64 27 99 50 22 2 45 68 6 54 36 91 43 64 30 33 84 11 97
16 14 52 29 30 10 74 55 67 48 43 28 93 21 1 53 40 93 57 39 24 55 3 24 25 68 26 60 8 25 38 25 61 24 37 48 32 67 28 50 83 75 59 98 69 40 32 22 18 20 97 25 31 3 24 78 73 81 42 91 7 92 64 98 19 92 5 24 44 72 44 35 49 28 47 16 28 46 68 59 93 77 61 6 80 35 97 13 92 63 49 80 72 69 36 39 74 90 8 39
23 47 90 46 84 70 21 30 41 58 92 91 65 42 18 25 10 75 65 30 80 0 40 11 44 65 6 43 34 88 31 7 56 58 80 32 36 37 54 33 13 98 67 72 95 37 72 3 74 48 1 36 54 76 71 89 38 23 95 43 11 97 8 19 38 87 40 89 66 39 99 72 71 22 20 65 94 79 96 94 39 66 88 78 45 86 6 55 47 70 86 11 20 38 63 15 85 27 8 6
57 87 42 67 78 68 40 52 40 69 82 73 99 38 24 4 24 73 71 26 64 81 34 68 12 40 79 84 58 12 56 38 51 48 72 73 71 45 10 60 21 93 29 48 26 7 62 54 46 93 44 62 35 72 9 37 28 60 93 83 30 61 31 12 9 17 84 52 26 28 55 20 0 62 41 87 35 12 66 70 23 6 68 55 37 14 62 4 76 25 11 83 59 53 33 47 97 21 3 81
42 99 21 49 6 67 62 83 82 72 94 36 26 88 86 45 73 80 11 18 35 8 55 44 1 25 5 6 95 45 31 75 60 89 80 55 52 59 31 39 80 98 5 39 3 73 4 65 2 12 61 5 86 19 25 13 40 97 59 70 32 85 23 46 97 70 53 69 74 61 63 72 47 29 99 56 29 12 75 99 92 9 39 14 66 27 1 40 44 17 19 42 46 24 86 76 11 50 66 2
3 1 52 54 75 94 69 67 79 67 15 78 90 48 62 87 43 5 50 32 51 39 95 65 72 32 3 26 91 10 24 25 50 66 3 69 21 95 88 95 24 25 38 96 28 25 28 51 27 2 79 18 72 20 75 79 50 94 82 56 67 54 18 74 26 88 89 93 33 23 16 66 56 34 16 49 44 24 25 37 92 36 99 52 23 40 50 94 60 62 34 87 51 91 49 87 83 52 32 12
89 88 38 95 33 68 68 98 40 6 79 24 33 16 14 34 88 57 60 86 83 32 64 73 99 40 81 53 81 28 2 49 69 85 15 4 56 20 73 68 49 27 14 10 46 86 49 52 94 74 63 30 86 44 6 9 2 58 20 0 77 28 59 29 51 79 76 55 61 9 3 53 45 86 41 3 31 98 82 60 21 44 33 41 33 10 63 53 94 96 13 96 45 90 96 58 27 14 20 14
47 27 88 67 61 82 77 39 21 5 20 72 36 87 78 57 19 66 88 85 95 81 79 83 15 87 29 37 51 49 54 38 22 98 1 0 44 17 83 32 35 81 89 85 47 44 93 34 32 46 77 84 75 14 62 34 41 59 99 95 6 24 49 90 74 68 70 19 31 4 26 33 60 71 52 23 88 45 24 75 35 88 99 30 38 8 5 33 92 69 2 49 2 38 26 74 71 22 17 74
49 17 75 34 49 53 53 15 21 16 67 76 81 57 45 31 39 39 52 81 68 88 46 85 91 68 64 97 82 19 17 45 39 52 10 80 59 43 83 86 77 92 91 3 43 97 96 78 21 22 80 29 41 4 31 73 17 0 31 61 26 58 87 6 12 24 68 16 97 8 76 82 5 73 80 94 79 10 30 25 77 25 50 32 24 51 54 98 80 90 48 69 45 68 95 14 18 82 0 54
3 16 26 16 55 97 10 81 15 57 43 90 42 90 80 34 60 72 40 20 36 55 67 70 1 22 1 28 53 50 69 68 52 3 28 42 92 33 40 41 54 81 97 80 5 91 54 70 39 98 97 58 13 77 83 14 98 75 14 47 82 99 59 15 85 72 50 48 19 13 33 73 14 65 96 53 44 15 43 0 41 56 99 1 56 44 68 47 33 28 82 77 90 34 21 71 62 9 21 83
41 73 8 95 86 2 86 86 95 67 64 65 1 4 89 43 98 11 27 18 63 20 4 21 58 14 29 12 40 33 55 97 42 29 6 72 22 2 77 87 34 95 53 67 99 89 10 38 54 82 87 19 9 38 66 96 64 93 80 96 79 64 88 22 98 78 86 65 40 17 95 17 97 52 67 80 83 27 60 89 41 26 97 46 75 59 1 72 10 91 2 89 71 17 53 60 4 19 50 3
66 89 53 46 13 71 14 73 0 14 75 58 21 9 70 91 97 13 78 39 69 79 96 8 90 27 65 13 32 2 86 89 90 34 55 31 73 68 6 74 74 58 33 95 73 57 39 48 14 74 16 97 67 5 1 86 78 88 45 24 15 1 41 22 51 37 16 20 10 80 33 48 87 34 84 4 87 43 37 56 69 71 13 72 78 29 85 71 40 30 61 50 54 14 15 46 50 81 12 79
22 10 68 5 4 74 5 23 81 96 13 58 29 31 18 57 55 94 58 41 84 9 97 63 48 84 84 26 83 0 57 43 3 13 94 27 10 66 85 35 50 37 57 93 34 38 9 78 76 19 14 49 64 32 44 67 52 53 47 49 2 55 1 99 9 0 56 31 77 94 23 3 31 43 68 3 70 27 12 83 22 12 93 95 67 99 22 47 63 28 95 49 0 33 51 88 49 64 37 45
55 92 67 28 3 29 29 74 64 97 32 59 81 17 74 12 13 73 17 43 18 85 8 55 22 78 25 29 93 40 66 17 91 29 62 34 1 61 22 99 12 49 17 75 69 79 89 95 84 81 55 42 38 90 77 70 99 38 26 79 15 82 39 44 69 15 36 81 65 94 59 64 22 51 46 42 81 37 63 35 83 26 92 5 73 49 49 67 10 48 38 3 54 68 73 34 76 36 4 92
6 29 39 61 89 24 41 9 71 40 76 96 3 39 33 12 96 82 98 16 64 24 51 87 3 29 86 78 92 11 96 20 4 1 36 26 92 64 1 76 52 92 58 5 43 48 74 33 99 19 23 35 17 95 14 57 23 6 98 65 12 73 16 28 27 92 5 2 16 71 65 37 17 14 1 68 27 70 72 25 33 24 69 62 97 54 5 38 81 28 58 10 82 81 22 98 72 64 15 24
3 23 0 41 94 44 98 20 64 37 36 58 62 47 70 59 74 32 33 31 11 18 97 8 66 49 29 71 40 19 10 35 20 58 14 91 25 48 13 90 25 36 46 55 47 94 25 35 41 3 61 14 7 21 4 21 43 7 42 0 26 92 91 23 62 90 88 50 58 64 62 97 46 83 96 71 49 25 89 97 22 8 57 73 32 60 30 77 16 80 13 38 43 53 24 82 69 51 43 89
80 71 38 65 60 18 63 85 65 83 98 21 12 8 64 54 60 17 18 10 58 2 15 46 62 50 78 99 79 50 22 48 68 77 44 72 46 23 99 23 85 34 16 61 34 61 5 43 38 35 48 7 77 40 58 29 86 64 76 70 97 69 7 32 60 44 59 14 15 71 47 8 71 49 2 63 25 23 4 64 70 50 21 99 10 63 9 93 40 2 88 35 96 70 51 21 58 21 32 4
7 91 90 28 69 97 8 25 49 75 36 14 40 44 61 57 34 15 53 33 95 3 31 40 36 39 45 15 58 19 91 84 24 72 13 35 37 69 2 66 26 72 1 11 41 27 38 34 15 29 75 39 12 75 10 27 16 48 99 96 94 98 88 76 85 73 99 67 2 31 13 28 99 25 23 76 44 41 25 12 67 57 60 33 6 56 69 46 42 46 58 22 18 87 62 47 99 78 45 93
45 92 2 2 15 99 77 33 83 88 73 90 49 28 31 27 51 3 84 89 30 69 36 43 3 26 27 4 78 60 10 90 8 6 57 76 36 40 34 40 72 86 15 86 79 34 97 7 88 96 63 59 23 86 82 36 61 33 91 9 57 79 77 33 24 93 16 10 76 26 40 40 39 51 92 73 76 34 39 46 80 83 84 53 44 57 62 80 4 95 90 31 54 2 50 22 72 91 13 41
59 48 9 40 94 97 7 29 27 88 13 34 74 35 55 74 66 24 72 38 10 88 62 8 49 48 68 28 68 25 49 2 6 4 56 15 13 71 99 24 76 17 80 38 99 33 95 73 10 27 79 77 32 17 28 41 81 59 56 63 61 10 87 74 45 33 37 36 55 4 51 24 45 84 64 90 86 80 41 7 69 40 77 10 20 84 10 17 87 95 82 80 73 72 74 63 44 63 32 22
98 92 12 22 72 1 33 94 12 36 87 30 53 39 76 58 71 81 74 51 50 56 61 92 53 97 90 99 75 89 36 20 3 2 53 95 78 65 99 61 68 83 38 3 65 87 17 42 8 6 91 54 77 23 65 22 59 4 13 58 96 72 92 5 4 99 44 86 61 13 56 66 57 3 98 33 98 53 3 2 78 7 29 24 7 34 71 71 68 46 20 19 63 69 31 13 19 4 53 8
7 5 29 38 11 97 74 35 54 45 66 31 79 47 65 74 39 77 24 19 3 29 9 31 65 85 55 90 89 71 80 78 38 35 61 64 36 17 12 22 98 79 50 49 11 97 32 65 83 8 38 46 95 66 41 21 84 44 30 74 43 94 2 73 75 61 12 25 81 27 57 12 26 67 25 86 53 56 73 83 42 0 5 77 63 46 13 12 81 98 14 94 82 35 56 9 29 62 94 59
36 92 34 72 65 32 24 3 61 88 43 28 16 13 45 54 19 34 55 78 3 49 4 2 0 80 39 50 21 27 26 40 47 86 58 78 94 43 3 30 97 96 15 35 30 86 70 38 6 97 53 16 24 3 13 23 15 19 36 39 17 53 13 91 65 26 68 99 94 85 29 33 78 8 22 17 86 63 80 23 50 48 88 50 0 43 66 37 35 49 72 51 1 88 52 18 12 41 87 16
20 44 92 5 50 98 26 35 47 32 77 89 42 22 18 51 58 37 26 77 49 5 91 81 66 82 64 68 77 51 1 55 97 21 43 80 96 26 2 91 37 0 14 74 50 78 63 91 3 58 46 63 35 15 54 43 25 72 47 15 36 78 72 53 43 77 52 74 52 8 58 46 70 89 57 65 45 13 34 17 55 39 37 51 3 81 75 6 57 93 61 69 98 86 73 41 22 88 97 54
66 7 72 66 9 52 82 28 63 22 77 49 10 52 72 14 58 80 62 50 74 4 27 11 71 42 39 61 9 43 79 25 71 47 57 88 36 21 92 48 85 64 43 10 25 3 12 43 84 98 6 44 9 53 64 50 58 96 60 3 91 50 53 45 84 63 53 17 65 80 59 6 43 60 86 71 25 65 48 76 63 80 74 56 38 55 41 12 81 0 85 63 94 84 94 70 34 60 39 43
66 54 93 74 54 24 81 28 43 28 84 53 11 16 43 85 13 5 59 45 17 38 54 37 22 42 80 17 14 10 75 84 20 37 36 35 79 3 75 3 77 71 30 89 39 42 49 13 39 4 53 56 77 90 60 31 39 39 11 55 53 68 69 58 99 29 79 35 98 56 55 69 78 72 29 85 46 67 65 88 56 22 30 69 93 17 34 95 59 21 36 20 20 16 60 74 68 16 5 48
27 49 43 98 57 29 5 50 29 34 4 35 61 81 17 12 41 74 47 94 74 0 22 57 51 27 41 51 16 56 56 81 41 82 22 39 22 10 40 56 23 97 46 81 48 59 45 22 89 41 52 85 0 22 41 87 96 60 93 62 9 8 29 89 37 35 76 16 39 37 70 17 63 24 92 12 76 27 55 86 58 92 35 39 47 56 75 93 97 76 54 6 70 68 91 25 14 43 66 54
15 80 11 93 73 29 37 61 57 5 28 93 26 72 5 73 23 9 61 40 90 80 7 97 81 50 24 13 80 93 26 27 12 89 10 14 80 26 80 4 76 45 38 25 39 15 99 15 52 59 46 16 27 90 92 85 13 73 94 45 85 47 81 39 77 41 14 39 53 9 42 2 29 40 39 60 65 78 17 90 21 27 81 93 32 28 54 2 82 84 40 97 77 96 94 16 8 21 75 29
64 57 27 49 95 53 64 15 53 99 81 34 56 64 25 23 74 37 0 28 26 6 97 86 85 26 40 37 33 22 72 56 78 64 95 58 22 83 56 97 39 88 17 33 20 61 88 52 68 24 92 83 7 4 34 34 26 22 0 83 28 71 60 24 66 91 65 65 45 37 30 92 55 35 65 79 31 93 88 60 0 27 62 52 44 85 27 67 37 87 82 9 44 82 44 28 43 51 43 61
30 49 46 73 80 47 13 67 15 80 44 25 80 8 54 24 65 14 49 40 32 95 68 50 73 29 81 30 33 9 73 51 37 4 19 37 10 6 55 0 77 80 79 17 17 68 83 62 87 63 89 80 84 64 85 38 30 54 99 63 56 14 17 30 15 2 49 60 47 63 75 31 96 99 66 15 21 94 32 97 19 78 96 59 34 49 2 61 68 89 54 59 40 54 56 95 14 37 73 85
27 39 56 24 53 31 85 42 24 19 62 47 89 79 43 94 19 74 48 30 6 7 95 99 62 34 17 71 32 5 52 31 55 67 11 40 75 25 8 34 38 21 55 60 3 75 27 63 33 74 62 87 96 4 73 99 12 85 26 72 76 43 70 26 84 54 48 52 7 70 17 33 26 39 75 86 20 15 80 60 9 70 63 22 4 93 58 4 77 86 86 80 58 77 70 68 2 63 46 84
14 15 34 98 5 10 62 66 58 52 18 58 22 71 45 28 21 38 91 23 58 27 77 51 9 14 6 8 56 26 69 69 99 0 87 50 70 45 47 54 22 44 3 13 26 91 99 78 0 1 58 79 9 86 88 48 21 43 25 60 95 80 97 40 54 28 96 35 47 14 88 60 58 74 42 82 10 6 61 18 17 22 91 88 97 30 64 95 14 74 71 38 43 28 87 41 33 49 85 15
67 66 37 19 32 90 2 74 77 18 79 99 51 15 90 64 92 50 88 62 28 89 19 11 86 25 56 66 46 76 17 84 69 72 33 85 35 83 53 16 55 63 14 23 99 1 72 43 82 14 82 67 36 33 27 91 99 91 86 20 85 26 59 11 25 90 12 50 12 75 36 55 26 26 56 22 11 58 49 41 10 44 31 10 91 14 18 41 89 42 64 9 71 80 65 3 87 60 50 87
13 45 58 79 88 97 76 53 48 95 23 27 36 28 43 30 88 43 86 8 62 55 37 49 28 76 92 94 71 21 26 18 77 73 8 62 30 38 91 26 69 56 13 32 28 39 17 84 58 84 26 86 19 56 93 8 78 21 33 67 52 50 14 12 30 9 0 37 44 86 68 56 41 46 2 74 73 2 54 53 84 47 90 0 76 23 78 64 66 30 81 88 89 34 97 0 21 68 44 95
58 75 36 33 73 82 14 10 18 62 80 79 41 86 66 10 11 33 20 95 5 94 15 75 80 58 7 18 70 54 34 4 89 85 39 26 78 72 12 17 31 99 99 14 64 37 87 52 27 12 95 94 54 61 13 90 36 24 88 80 50 1 71 57 29 15 4 9 58 14 23 94 91 50 69 4 41 76 56 96 54 30 7 2 10 61 86 52 81 96 90 70 90 46 3 44 48 80 40 6
11 24 84 90 98 70 9 99 24 2 9 27 64 7 98 72 34 34 45 78 80 62 82 58 5 26 96 51 32 40 56 73 73 87 23 59 18 5 22 78 78 42 88 60 18 50 81 58 99 4 82 50 87 31 89 48 48 93 23 77 33 40 7 90 71 35 51 34 40 4 49 11 41 86 52 68 33 16 99 28 59 62 84 7 23 47 63 44 92 64 84 86 59 93 71 95 14 47 91 35
66 43 47 37 21 45 6 47 80 94 8 98 52 80 72 56 78 33 66 47 32 91 52 78 72 70 36 27 97 75 26 94 27 84 90 70 6 36 54 99 0 20 89 0 21 56 60 18 32 59 91 70 13 54 35 82 31 30 30 3 45 0 73 11 20 52 99 33 13 84 84 39 53 12 76 64 57 70 43 90 12 31 98 84 86 84 75 84 37 65 62 21 65 3 83 29 68 40 90 14
48 60 70 32 84 30 19 34 79 82 9 38 63 12 82 87 88 8 62 69 26 74 93 82 35 71 65 40 15 41 57 45 1 38 5 53 17 62 67 6 29 36 74 10 52 63 60 97 42 16 80 96 69 62 36 40 14 21 35 11 33 0 70 9 63 77 54 69 80 36 76 87 92 11 47 82 93 9 88 71 89 62 72 93 9 64 73 80 76 53 89 38 63 96 6 73 65 28 38 50
44 56 43 88 47 73 14 17 97 33 99 50 43 80 36 80 13 93 6 14 74 28 7 27 80 45 96 43 45 71 35 3 93 62 63 31 39 73 53 60 48 93 71 26 65 31 40 17 58 15 21 10 20 64 72 93 79 31 10 46 42 67 16 32 24 19 16 91 77 59 64 54 5 62 12 37 75 75 69 74 38 42 92 41 98 71 21 89 90 61 53 37 10 45 96 24 61 22 74 56
54 12 42 78 28 0 82 86 71 63 90 29 94 65 97 56 1 94 22 62 14 43 95 27 60 9 17 52 1 38 33 15 0 15 51 15 27 41 27 84 93 60 45 89 72 92 67 87 87 99 70 28 89 93 24 44 26 72 51 19 85 66 75 72 50 37 46 41 39 14 44 19 96 89 72 38 7 31 54 70 67 65 11 78 78 63 23 11 59 11 36 10 92 19 49 81 44 51 6 42
30 83 77 51 53 2 44 9 26 82 32 94 16 18 96 4 79 98 71 53 41 52 25 79 58 40 81 13 49 73 94 55 18 18 23 30 90 76 40 81 85 63 13 80 6 78 49 53 70 12 73 30 27 78 70 61 21 36 8 37 8 23 46 31 28 81 82 38 34 34 39 1 22 59 96 78 67 40 71 5 65 97 9 92 13 60 29 0 92 37 35 41 11 20 84 32 62 49 12 63
95 86 33 28 43 95 40 94 74 72 62 78 7 50 17 59 23 18 92 15 46 87 20 60 93 87 50 37 8 54 26 87 70 6 75 12 25 33 55 37 55 41 73 53 82 30 88 31 34 2 42 83 46 48 83 48 58 1 68 94 58 51 4 7 71 23 47 82 51 98 29 98 26 71 74 31 53 35 0 17 6 99 31 45 85 45 40 57 27 48 34 74 63 8 33 82 78 40 48 75
67 26 68 48 54 11 63 6 28 9 67 88 61 69 87 44 56 18 58 58 8 18 25 72 9 26 74 96 23 86 19 81 61 36 74 63 40 43 80 75 44 70 17 67 64 99 47 84 46 15 44 72 97 16 36 18 14 80 49 57 86 79 80 13 76 30 36 76 30 6 66 60 85 68 96 26 45 89 9 12 60 98 51 35 99 3 42 16 61 88 58 13 32 28 3 6 36 15 53 50
48 49 29 65 17 60 92 25 40 58 14 31 57 82 11 85 75 60 87 13 41 1 17 97 60 46 0 39 7 55 81 76 62 5 48 53 53 20 92 63 57 78 52 33 28 96 96 78 17 74 92 89 35 20 25 95 83 2 47 81 78 41 2 5 63 97 97 50 40 63 55 60 65 33 94 57 88 67 98 19 45 58 94 71 12 41 54 40 32 90 21 62 67 89 22 92 79 61 92 70
76 7 17 68 16 99 43 74 93 34 42 31 27 85 9 78 53 20 62 33 88 21 72 74 55 67 93 73 8 98 70 74 41 45 19 97 80 53 18 1 86 82 17 39 32 54 16 79 8 66 35 82 31 47 17 88 42 42 56 66 81 53 81 43 68 57 58 72 18 8 60 27 71 1 36 85 99 81 71 94 65 60 50 77 22 5 52 5 31 53 15 93 43 14 19 84 30 32 64 19
68 67 61 80 0 77 19 61 34 8 43 98 56 93 65 79 6 87 4 26 31 8 33 35 68 40 70 56 47 32 4 65 65 11 21 9 98 99 99 78 36 49 75 74 79 36 37 40 44 37 89 47 93 13 52 3 92 15 82 27 33 64 8 74 82 1 24 90 8 99 63 48 42 49 73 68 52 36 59 50 61 70 15 86 67 13 38 40 73 18 69 47 55 87 22 1 93 17 53 67
54 8 4 1 3 75 15 87 87 24 26 0 31 17 93 26 80 72 57 45 77 32 34 57 21 45 87 74 70 11 9 7 46 45 5 19 77 31 91 11 92 67 23 81 77 98 82 88 50 69 65 25 85 65 18 13 94 17 39 1 97 93 76 84 90 28 53 0 55 94 61 34 96 29 43 1 1 14 59 29 10 19 34 68 37 7 75 40 32 1 37 2 9 35 98 92 39 10 66 48
11 83 46 34 1 66 27 28 41 69 9 63 73 28 96 43 80 2 69 10 48 16 17 60 62 10 81 76 58 39 58 80 66 45 38 55 55 42 24 60 45 16 46 6 9 58 16 28 64 51 2 50 3 31 67 10 25 46 30 94 24 45 16 70 99 66 34 32 57 73 87 19 79 29 53 53 52 34 84 56 46 40 59 61 15 24 33 41 93 6 2 0 40 50 17 6 55 20 2 27
81 91 85 68 54 92 55 70 36 61 41 95 28 92 88 79 0 58 42 28 30 4 85 54 83 8 52 83 6 21 66 94 25 41 42 58 79 26 5 19 51 77 23 41 15 39 92 52 35 87 57 89 38 31 3 56 73 57 94 10 15 23 20 72 89 94 6 95 44 33 8 4 19 24 31 53 4 31 61 39 43 85 55 64 43 14 51 6 67 17 74 51 36 26 58 99 78 93 33 30
20 65 62 41 12 48 32 92 89 56 16 43 13 4 28 25 19 3 48 88 80 91 94 89 40 21 46 56 22 15 7 88 90 17 24 60 74 19 73 5 2 96 84 62 33 47 12 4 22 74 15 80 27 7 62 8 59 48 1 28 33 70 78 0 2 55 8 22 85 86 33 21 68 1 99 66 55 82 36 54 62 64 85 90 97 74 45 12 59 93 4 97 76 12 27 81 50 54 99 68
39 44 91 77 95 92 27 4 85 64 4 24 91 29 31 10 41 74 58 59 40 96 40 59 73 87 55 18 73 70 96 92 53 37 25 66 80 88 12 29 91 93 96 69 21 28 22 7 1 70 71 23 55 91 58 62 28 95 99 94 92 40 82 34 98 81 30 17 46 57 53 52 51 95 91 82 67 27 3 29 43 40 43 85 64 73 57 76 77 87 74 25 57 97 17 8 60 8 66 91
4 93 3 21 4 22 28 50 9 37 3 41 38 42 78 42 0 85 99 77 66 77 34 36 28 16 56 43 15 46 30 5 37 15 91 22 51 88 75 32 90 68 62 81 49 97 12 47 71 32 44 70 50 91 63 50 82 89 90 61 43 13 51 87 7 98 76 12 59 21 37 70 26 15 89 50 54 1 22 70 81 21 15 24 18 27 92 10 36 15 15 68 55 42 9 47 96 25 15 66
3 40 80 18 52 62 43 16 88 62 57 86 77 26 82 41 47 54 37 20 8 22 27 79 55 32 86 79 63 56 69 59 29 65 87 97 86 18 37 54 16 61 97 89 25 75 76 47 77 23 66 16 91 15 39 65 18 16 33 86 29 39 22 70 44 42 31 82 21 76 67 0 27 35 40 28 6 64 22 4 8 16 85 58 58 44 23 26 98 64 71 30 87 32 34 8 27 2 82 0
44 91 73 38 49 92 6 71 35 1 7 55 31 6 57 52 92 98 79 83 63 6 5 4 40 55 12 65 68 37 31 67 73 94 15 11 1 45 75 90 16 62 61 88 77 57 41 89 40 29 27 8 48 78 77 37 60 67 12 97 30 8 45 46 28 18 78 54 57 74 43 75 10 89 71 26 92 34 55 19 91 97 28 63 40 99 33 18 69 66 64 23 43 72 41 20 18 64 6 51
44 9 5 75 31 96 19 44 38 49 67 40 81 35 22 78 83 66 22 44 58 21 16 59 11 39 93 9 63 76 57 24 56 47 68 54 76 16 42 8 20 30 11 23 22 52 2 43 13 82 15 95 14 18 15 64 51 51 54 92 31 55 80 40 9 82 80 85 64 58 19 44 38 9 27 48 54 48 3 35 12 98 51 36 84 37 2 26 62 86 16 71 4 88 24 46 99 68 91 57
16 0 86 24 59 43 24 80 27 63 21 60 94 95 11 43 59 58 39 58 6 89 79 45 74 8 69 26 5 9 35 17 48 4 66 85 20 54 70 58 3 43 56 29 6 74 13 50 87 83 54 31 27 26 59 24 57 78 79 91 5 63 41 30 96 52 38 71 55 96 11 18 85 42 81 54 66 85 30 24 5 91 22 26 88 63 13 54 33 93 82 84 20 84 67 69 63 13 21 95
45 50 4 31 73 35 35 67 19 76 40 70 0 13 58 11 30 74 93 77 14 21 82 15 88 78 54 24 94 29 83 32 93 38 90 78 41 68 39 70 16 61 97 50 96 34 45 47 68 68 23 9 37 55 79 22 51 95 15 44 68 35 83 34 26 69 76 40 40 29 41 9 25 24 26 37 63 18 81 13 98 42 0 52 78 98 36 53 83 34 42 94 27 90 30 69 20 2 56 20
32 39 85 65 58 42 42 90 50 64 57 61 39 66 24 19 93 73 50 81 30 83 39 48 21 49 68 94 51 42 49 83 37 77 0 80 37 28 2 51 50 78 51 93 95 84 48 94 89 51 64 29 79 80 79 1 82 45 93 34 74 55 61 27 18 23 23 4 65 13 70 73 82 77 57 67 43 45 57 15 11 13 93 40 55 95 94 3 17 11 83 8 17 10 80 78 82 29 40 65
43 38 17 70 1 16 32 21 47 57 68 73 59 31 85 55 40 46 74 22 39 11 66 65 15 49 89 5 8 15 51 69 95 81 42 89 36 37 71 31 97 67 63 53 32 77 94 22 16 32 12 37 8 11 5 50 53 77 3 68 6 89 69 19 30 3 16 16 48 49 5 85 71 67 34 83 92 55 93 34 38 95 52 45 5 64 7 96 48 80 38 86 89 90 35 61 20 23 55 94
14 29 28 89 24 22 68 18 57 60 1 89 25 8 79 0 34 26 63 38 48 67 98 28 83 62 58 63 12 17 17 79 42 47 43 93 3 27 42 48 17 60 38 69 82 80 28 77 38 93 8 56 56 36 94 35 52 50 89 2 55 42 18 13 1 17 41 47 80 85 56 27 75 2 7 55 42 0 13 59 53 68 11 38 84 71 78 63 56 15 10 95 60 80 88 20 84 79 93 76
24 10 83 28 16 51 99 59 41 92 91 47 77 51 82 73 26 53 13 50 26 86 54 38 83 20 30 40 94 92 84 87 82 63 49 29 92 40 24 82 5 3 42 2 68 46 12 66 61 6 61 14 68 24 47 86 30 46 28 71 51 70 52 92 95 99 30 15 48 60 66 4 76 15 79 5 69 10 34 78 77 65 97 66 97 24 76 43 88 69 58 48 32 26 70 68 36 54 86 12
