100 100
82 44 40 4 22 98 76 1 27 59 64 42 85 65 82 95 40 97 14 88 53 16 45 67 90 34 19 76 81 74 23 43 98 24 91 73 55 84 40 81 33 73 10 93 20 67 75 83 19 95 6 38 30 40 92 57 98 64 35 54 80 90 98 26 87 54 34 31 72 56 72 28 31 42 26 94 14 56 96 74 24 13 95 69 57 57 59 37 57 90 51 8 33 82 46 8 24 83 69 25
33 97 22 35 75 16 53 59 33 19 59 15 24 1 72 72 85 44 83 40 27 41 68 61 0 94 39 88 90 96 28 17 7 7 88 10 97 50 74 83 63 45 91 76 37 42 9 83 40 79 52 65 83 67 26 24 27 77 13 6 62 58 73 95 16 21 23 27 95 91 17 15 51 98 40 46 23 96 64 5 75 64 15 22 26 46 23 84 4 81 83 54 16 70 17 17 89 50 59 84
52 4 83 55 73 11 4 56 9 79 18 62 46 84 23 23 6 15 55 9 44 55 95 15 66 63 75 69 55 44 56 3 73 12 4 72 31 11 91 29 33 62 37 78 7 81 91 78 72 25 80 79 89 89 88 20 18 5 32 59 52 87 80 41 50 66 17 50 66 64 98 52 18 96 52 73 38 58 87 29 57 25 17 49 41 68 96 37 56 41 47 29 64 10 5 38 52 38 71 59
4 48 22 75 62 63 76 94 93 7 44 2 74 65 55 30 18 62 62 80 52 58 69 95 83 32 35 79 43 40 57 51 24 49 89 38 66 48 36 68 74 66 3 91 43 31 96 93 33 29 84 49 98 67 91 11 96 26 59 89 18 69 58 77 50 83 13 12 78 44 31 74 31 92 69 59 51 98 26 7 99 56 87 85 62 21 18 56 96 8 25 52 68 76 33 37 70 46 78 82
61 72 22 46 85 67 5 68 19 14 2 95 65 14 15 60 77 50 67 53 22 58 39 50 75 57 15 47 78 80 42 35 92 36 38 2 80 24 45 37 13 4 68 17 63 42 51 87 48 23 89 4 14 55 94 31 19 75 47 38 42 76 74 94 87 93 14 94 54 4 30 18 67 5 1 76 96 62 62 58 84 37 18 54 9 44 21 3 26 2 31 71 0 93 9 59 37 59 51 86
41 32 72 3 38 18 73 55 40 8 70 1 55 30 42 84 44 28 61 50 27 89 7 89 73 5 28 84 91 27 99 52 93 18 43 53 80 91 45 72 74 86 45 70 83 17 2 21 99 85 70 74 51 59 60 79 14 73 68 74 42 25 69 8 33 91 88 54 48 26 84 62 39 62 24 52 43 53 14 79 56 6 44 62 38 26 48 78 71 44 55 10 57 83 71 58 23 46 67 94
30 11 0 89 14 67 58 8 99 22 18 25 87 61 68 82 83 39 54 84 82 68 57 96 14 41 67 76 72 26 9 70 91 74 19 74 26 36 79 31 67 49 48 64 63 91 92 94 93 52 67 7 93 52 68 34 83 67 63 3 52 25 12 19 56 67 71 57 77 63 96 30 92 34 33 56 96 23 36 97 86 16 85 35 3 26 18 22 14 12 17 78 51 13 47 70 13 69 4 76
2 89 17 47 59 22 19 55 97 11 10 95 2 98 47 36 27 44 0 76 63 83 73 87 48 93 3 23 37 22 32 79 49 11 87 86 32 83 15 73 62 3 70 89 39 25 80 72 96 2 34 81 36 44 24 39 13 79 44 59 44 82 95 56 82 12 65 81 2 29 66 67 87 27 89 94 25 55 86 45 68 88 39 63 60 40 93 69 27 97 5 65 70 5 56 92 16 28 14 76
83 53 53 57 3 14 63 83 4 68 41 74 77 55 52 90 83 49 50 65 35 14 98 90 71 51 12 58 70 26 23 39 10 85 15 63 38 32 32 52 51 87 25 81 97 13 50 89 90 53 38 20 21 93 56 24 50 15 41 11 46 17 49 98 78 85 95 68 5 56 36 13 13 18 79 19 36 57 13 4 51 44 43 6 3 66 92 6 15 84 63 34 40 90 90 3 3 58 14 10
11 56 86 12 74 26 79 13 57 9 5 61 94 45 71 79 62 47 91 52 48 21 37 89 65 70 77 9 98 82 68 94 96 14 68 71 44 20 43 33 16 94 80 72 99 60 65 4 89 48 21 6 14 65 73 0 14 3 96 89 90 81 53 31 96 67 66 56 72 79 60 86 35 32 14 56 21 51 34 5 59 43 72 26 86 69 77 65 35 67 28 70 48 7 9 5 26 68 18 68
93 93 43 42 92 65 65 89 34 39 20 45 33 39 21 86 97 52 14 84 39 4 25 94 45 53 98 59 96 80 86 58 85 32 8 73 38 4 51 74 3 24 76 27 76 83 18 4 20 82 4 22 32 83 0 3 38 91 96 9 44 90 60 76 63 39 80 28 45 94 59 46 84 41 82 17 16 89 99 1 65 83 32 86 66 81 49 53 83 36 19 87 1 52 84 33 92 50 20 28
70 21 79 89 37 31 79 1 9 91 27 75 14 65 98 37 26 93 93 46 61 32 70 1 76 51 7 94 31 39 78 83 48 25 58 89 81 45 26 58 45 21 55 12 67 81 75 24 28 68 50 93 42 67 13 27 68 92 55 96 93 83 76 40 11 53 84 5 58 65 88 62 66 15 11 12 22 9 5 35 56 68 31 1 67 5 68 20 3 21 38 89 36 60 7 56 34 27 92 69
34 57 49 11 23 36 17 44 78 54 18 91 16 53 55 82 57 55 38 56 98 59 73 8 81 66 68 87 98 46 99 7 19 42 40 77 43 33 22 27 62 89 67 42 13 87 96 91 47 55 51 97 42 75 33 58 49 59 13 15 84 2 55 92 13 4 6 80 34 13 67 35 79 99 99 10 61 77 56 86 43 87 38 75 15 70 26 38 26 26 30 87 96 30 33 15 74 5 89 97
5 52 76 25 95 73 45 38 12 31 52 14 7 10 29 14 20 96 93 77 55 82 48 91 99 81 30 81 20 46 35 79 17 15 67 93 34 5 38 82 10 41 45 21 67 30 73 60 45 98 37 7 50 82 63 50 86 17 1 37 46 30 35 12 59 15 88 54 8 25 53 10 74 94 76 91 49 78 90 53 53 76 71 53 33 72 94 39 77 33 18 18 73 74 83 86 46 89 87 46
68 57 73 43 2 6 40 4 33 33 44 13 91 79 97 49 5 50 63 36 34 5 50 21 17 25 57 3 41 2 95 60 85 2 83 6 4 81 82 25 45 52 33 53 28 19 3 81 30 68 96 87 99 63 69 5 84 16 37 98 7 73 39 96 46 39 83 16 52 98 12 10 55 34 23 19 15 13 93 57 53 44 54 4 73 84 87 11 95 37 33 95 83 32 85 40 89 63 33 87
68 16 54 49 19 12 88 56 75 48 34 95 40 11 86 88 98 19 6 16 31 38 51 82 79 96 97 72 49 36 17 64 23 11 13 22 35 59 85 96 13 70 33 44 42 82 9 67 83 37 8 98 1 52 74 12 1 71 28 95 40 71 37 81 72 38 71 84 25 32 51 71 52 4 42 21 86 47 13 76 43 96 55 46 43 48 76 30 5 83 31 86 55 38 24 43 7 9 6 84
46 27 28 51 95 89 77 87 87 88 86 44 67 42 26 73 42 1 51 27 67 29 0 83 94 95 89 36 39 10 36 89 22 77 7 14 15 50 74 30 93 27 72 19 14 33 73 70 76 99 83 12 81 57 31 81 16 43 80 56 3 30 92 57 5 53 7 30 63 84 64 89 44 92 49 13 27 80 1 79 89 61 21 17 88 67 14 71 17 12 78 72 88 21 6 14 55 12 63 75
5 76 70 91 68 13 31 70 81 23 78 91 88 92 98 25 23 42 40 88 34 61 15 4 95 88 37 71 53 51 61 72 86 45 39 25 91 38 99 65 47 30 64 68 60 57 58 17 89 0 47 93 68 13 10 36 13 89 15 55 32 1 73 58 18 1 89 27 80 81 57 22 85 13 73 96 23 81 24 53 54 69 78 78 42 14 42 43 29 78 4 75 36 36 40 66 85 44 85 1
6 86 5 59 66 80 48 52 93 71 79 70 82 96 70 96 75 6 38 54 57 61 7 5 3 13 65 44 89 75 41 62 36 23 48 60 12 6 77 8 83 71 75 14 76 72 71 14 83 43 88 33 94 79 76 95 76 30 35 96 4 37 45 2 46 11 25 69 62 27 16 53 24 36 72 85 54 86 72 96 11 15 91 84 97 20 64 9 36 22 72 40 68 82 12 81 60 53 60 14
71 66 53 41 11 28 97 19 51 2 79 6 83 10 17 92 96 54 88 83 58 63 4 3 91 64 57 48 20 12 43 46 23 78 88 63 71 48 27 85 39 62 93 35 78 89 1 70 17 89 30 16 98 13 61 32 97 48 97 79 70 3 34 15 76 22 37 49 65 78 3 17 79 18 27 63 34 99 60 52 41 58 52 75 0 75 1 33 78 58 77 47 74 11 91 62 31 58 69 90
5 63 61 63 96 82 46 30 77 99 33 93 85 29 44 34 30 85 56 38 89 37 21 15 57 36 24 42 23 68 61 84 0 9 97 58 76 2 29 46 71 21 47 9 7 37 89 36 36 22 6 91 55 42 9 48 66 59 76 69 39 7 80 16 32 5 48 34 91 71 54 23 95 47 10 27 37 45 64 79 29 51 72 63 8 58 74 64 64 40 26 84 64 69 90 47 45 77 4 38
50 51 18 24 49 19 28 77 30 32 54 23 95 78 48 93 51 38 32 94 42 35 16 51 45 89 83 47 72 63 45 89 72 27 70 44 76 66 44 91 50 93 99 32 23 45 38 50 44 69 32 75 62 38 7 82 89 62 40 39 78 10 97 55 84 88 75 20 20 66 7 43 74 84 64 31 73 36 39 23 13 65 31 72 19 54 58 77 77 92 9 70 33 0 22 50 48 25 7 55
1 22 63 1 22 75 34 92 49 22 30 35 93 78 95 16 32 88 30 94 7 61 15 17 7 5 25 65 8 63 56 74 17 72 69 16 14 36 30 48 18 16 0 83 82 45 23 73 58 67 14 51 64 31 89 2 94 54 90 17 67 15 71 6 71 19 38 24 50 48 59 26 34 65 94 99 34 47 4 35 36 84 87 39 15 59 29 47 51 40 42 29 83 55 20 86 24 88 4 84
14 36 79 10 4 62 86 44 70 5 84 39 46 65 87 71 20 52 80 45 79 39 30 28 96 29 81 89 75 4 14 33 8 27 97 25 69 82 78 20 10 94 77 8 3 64 21 53 85 32 39 57 11 68 37 73 75 75 56 78 60 4 43 67 4 38 88 52 12 49 20 6 42 81 80 19 71 82 95 78 19 36 91 38 38 52 17 7 95 84 6 91 80 65 36 54 26 85 35 57
92 17 61 28 2 98 33 95 3 10 61 45 37 40 67 87 53 29 56 34 33 71 16 41 55 60 76 65 56 12 8 60 4 88 17 44 91 22 92 21 5 99 5 9 73 0 18 14 23 73 54 20 98 84 85 47 0 39 76 29 65 58 48 17 62 45 75 59 9 1 25 90 26 53 44 46 22 32 34 46 86 45 37 21 72 29 37 90 28 39 91 20 67 37 95 30 7 22 11 65
17 89 46 66 75 46 59 53 11 1 65 46 69 68 94 30 92 24 60 92 78 12 64 60 0 48 27 86 40 82 40 5 26 12 61 79 58 72 46 64 92 50 86 64 39 28 35 60 45 78 72 19 67 81 92 59 33 13 35 14 83 38 88 61 6 62 43 40 47 5 99 1 58 41 75 9 69 97 75 43 94 93 4 15 65 24 15 66 94 29 13 77 63 84 89 70 25 9 38 87
64 2 11 38 87 30 21 46 39 84 48 54 25 92 20 52 2 77 35 56 29 59 78 76 17 62 9 61 8 44 83 49 3 14 2 1 12 65 58 24 53 11 40 68 26 75 47 13 93 71 56 37 79 41 17 93 29 50 95 20 27 43 66 38 62 36 76 88 9 6 18 21 89 11 50 32 81 93 49 96 91 79 52 80 87 20 56 47 86 69 44 83 12 59 95 69 16 70 99 11
20 72 19 19 67 57 74 68 99 56 5 42 62 8 56 84 31 6 54 81 67 28 3 41 86 39 2 1 1 25 3 72 97 14 67 1 48 7 16 2 58 56 29 95 91 97 79 50 75 65 23 75 44 81 92 90 29 61 66 4 33 31 13 52 63 11 89 77 51 83 24 13 87 24 8 73 8 54 51 96 52 21 70 81 22 17 53 87 63 3 70 49 43 85 5 36 12 92 92 29
6 70 50 9 55 8 60 82 40 8 87 86 71 95 73 81 95 73 17 42 66 32 68 32 48 21 80 59 25 86 45 90 17 41 33 32 6 74 29 41 90 93 78 89 44 63 68 79 29 69 11 34 7 22 96 9 36 99 72 71 11 88 85 37 65 5 14 81 1 36 94 36 35 55 8 65 46 43 76 8 74 74 73 48 8 91 87 67 84 31 77 38 78 62 49 16 25 86 65 68
94 10 11 3 61 79 95 65 91 99 39 67 94 91 0 39 32 69 33 16 96 19 5 60 24 60 32 93 15 21 56 88 34 88 73 29 8 51 61 73 41 80 99 81 27 73 28 22 92 89 50 4 69 25 57 16 56 66 68 26 66 85 34 29 85 47 98 87 51 35 18 57 34 78 87 88 68 54 22 84 94 3 89 65 84 68 37 36 35 77 38 62 16 41 39 92 81 74 46 84
4 83 87 57 43 14 41 51 82 19 2 30 89 21 54 78 17 40 70 96 38 89 3 62 34 15 33 44 93 19 56 48 44 62 41 89 52 44 59 92 31 88 90 37 70 78 58 66 84 49 67 36 59 28 60 50 68 99 66 99 34 73 7 26 64 15 69 81 65 97 57 56 36 28 84 51 78 23 94 11 2 91 94 9 20 91 23 87 11 71 59 14 83 74 10 19 53 39 69 27
35 33 74 94 62 91 55 98 39 38 42 96 81 40 85 50 20 20 32 66 0 49 13 19 30 33 19 34 97 92 65 74 23 28 85 72 26 80 69 25 28 77 90 73 38 73 64 68 98 2 86 40 38 64 46 66 55 87 68 66 4 25 46 30 71 80 49 16 28 31 36 60 54 29 87 54 38 4 1 74 30 85 95 68 38 62 52 9 26 77 38 99 62 39 35 91 16 51 78 64
12 29 80 7 74 14 17 29 58 65 96 20 43 29 70 89 97 27 89 3 21 53 45 40 9 65 81 6 14 19 30 54 50 46 43 56 27 95 5 9 76 88 74 70 64 79 23 22 90 34 84 34 80 2 50 70 43 71 70 56 1 66 31 38 51 2 1 22 96 19 34 94 91 33 22 99 82 56 4 84 91 20 73 65 80 99 0 29 45 91 76 64 70 87 16 18 93 53 13 13
0 85 4 60 54 27 38 10 43 87 54 49 21 88 62 17 29 88 92 14 32 87 18 25 76 25 5 1 80 3 99 15 97 31 6 85 41 34 12 81 71 46 90 9 18 28 5 72 99 82 57 15 35 25 58 67 70 29 90 94 33 44 31 9 29 53 18 84 40 49 30 36 8 29 13 83 32 74 24 93 66 95 81 65 2 84 13 32 52 40 61 7 89 16 60 8 79 47 40 79
65 17 4 37 82 48 37 36 51 69 36 85 91 92 36 22 23 85 2 86 52 0 47 95 44 96 62 23 60 67 34 91 97 76 23 9 1 58 48 24 39 76 18 62 17 70 48 76 87 51 5 47 36 84 87 14 3 9 11 49 26 26 8 59 50 27 35 83 71 98 86 77 15 94 91 55 93 58 81 74 54 84 63 51 37 65 22 11 71 68 77 85 7 5 16 78 57 27 48 66
40 67 51 88 47 15 31 39 23 49 57 78 61 75 86 26 7 93 21 34 58 35 50 68 76 94 79 71 91 9 63 36 64 20 37 41 70 92 2 79 43 49 87 44 50 35 1 6 5 8 17 66 11 9 83 38 30 61 40 79 0 23 25 67 1 90 88 61 35 48 18 13 14 59 40 27 16 48 17 63 94 73 85 90 79 39 74 28 4 42 41 79 72 10 2 67 30 33 81 83
80 92 29 50 57 77 29 10 91 57 14 63 79 32 30 70 88 59 51 81 12 52 19 23 31 89 91 55 93 6 32 54 27 76 29 97 90 25 24 59 40 65 60 49 56 97 11 66 60 56 8 82 0 33 37 12 42 82 45 53 63 54 26 56 1 67 92 12 12 3 91 6 92 72 58 52 97 59 83 70 35 52 42 30 41 14 30 82 60 56 28 6 37 42 82 55 77 45 35 79
96 67 55 47 92 28 4 20 56 17 68 63 40 20 33 22 42 5 86 25 91 89 94 31 56 96 24 71 52 35 0 13 19 35 91 78 79 14 85 77 95 41 51 6 68 19 37 68 83 10 43 28 81 67 92 81 45 77 99 82 40 49 64 80 4 10 33 46 86 50 92 9 44 56 94 47 84 61 12 32 79 72 16 45 33 3 90 49 84 78 1 43 95 66 76 57 4 37 14 33
71 28 63 67 81 54 88 62 67 93 64 96 65 33 49 84 46 78 37 81 97 44 32 37 56 31 17 2 90 80 33 55 65 62 50 5 34 22 17 10 58 13 21 46 9 30 90 28 80 13 37 24 77 22 83 47 17 81 87 60 85 27 36 97 54 76 8 32 17 9 57 23 53 8 29 90 49 7 90 77 46 60 51 98 20 32 43 56 26 93 9 86 8 14 38 64 79 7 16 1
79 4 92 16 7 14 76 95 55 58 33 13 22 25 32 89 2 61 27 71 2 59 73 99 51 83 54 64 63 39 12 12 92 50 58 22 69 6 40 51 14 90 84 94 90 6 76 71 65 91 39 67 88 90 87 59 75 58 66 10 65 53 67 49 52 76 20 55 38 11 60 64 44 19 65 71 5 68 97 51 40 40 48 69 14 37 72 68 38 46 12 51 56 18 70 34 8 59 56 97
51 42 37 63 29 81 56 30 81 30 40 39 87 36 99 40 99 41 64 96 44 72 97 28 24 88 49 13 23 5 85 3 90 63 53 45 84 71 23 61 9 93 0 42 64 17 45 15 70 13 53 32 12 23 32 52 98 41 9 62 49 60 6 44 15 79 21 38 38 16 64 48 94 74 85 89 21 48 2 41 10 28 43 63 82 34 1 7 2 30 1 22 38 46 74 65 22 43 58 88
46 61 91 85 25 80 88 72 16 71 32 55 25 53 38 75 39 88 42 86 33 65 15 55 67 20 88 71 28 99 81 76 30 81 27 24 57 5 96 17 61 77 52 83 46 98 51 79 55 43 69 40 62 24 90 25 96 54 13 37 81 41 32 56 36 32 33 36 35 41 15 82 87 1 65 60 45 89 37 61 71 88 2 60 63 77 62 12 53 53 28 47 90 3 22 17 25 6 57 8
26 27 27 74 39 47 14 83 84 70 59 62 95 19 37 80 67 49 30 39 30 80 88 52 88 69 10 77 80 29 13 55 90 18 67 98 94 32 70 80 85 27 68 78 22 44 31 11 33 98 42 34 22 24 29 59 11 14 94 92 48 72 80 70 65 77 29 24 2 58 33 12 29 37 17 88 87 10 18 92 58 21 18 8 79 78 78 39 12 63 39 99 96 96 29 84 86 93 93 84
58 13 70 96 72 46 94 1 42 57 42 68 99 88 88 70 87 52 2 64 89 81 20 77 5 15 71 60 22 30 80 94 90 89 68 51 95 66 81 39 46 94 27 3 29 94 59 53 73 6 79 72 50 86 0 39 76 85 39 15 43 87 32 96 82 29 18 75 76 3 44 35 0 7 61 0 13 46 8 76 38 11 90 44 90 82 23 46 68 27 81 56 10 3 14 30 15 1 19 40
82 5 38 60 89 82 11 61 9 65 95 25 8 32 38 25 4 29 40 42 62 56 90 51 87 65 43 31 33 94 17 20 95 37 45 77 61 60 61 69 99 18 8 63 19 37 95 54 20 25 55 24 45 60 58 20 84 58 44 48 39 41 53 36 53 84 35 12 22 18 76 85 38 76 30 60 22 33 73 26 58 21 99 29 26 80 46 51 21 35 29 87 12 64 55 28 28 71 49 63
63 68 90 87 33 95 26 54 9 26 14 79 13 55 26 44 66 31 87 47 18 6 97 86 51 46 35 61 14 19 11 21 10 89 18 18 44 19 63 31 77 3 11 6 62 22 38 52 46 42 14 87 9 59 69 8 40 31 30 38 56 15 61 25 95 76 96 67 16 16 52 34 99 43 56 89 0 54 30 91 53 21 8 24 83 5 36 61 47 42 54 59 90 15 19 36 60 22 45 78
24 35 12 98 36 51 7 60 0 37 66 48 87 47 76 98 50 48 44 45 33 31 81 87 19 68 66 41 77 19 57 74 57 79 64 6 66 19 81 87 92 46 74 67 5 83 49 81 29 72 93 20 6 51 53 49 6 68 59 79 99 89 12 16 19 21 46 69 39 9 77 89 77 9 71 92 76 20 13 41 61 70 68 4 79 50 11 62 95 25 61 91 36 32 11 81 52 32 53 41
59 61 19 66 57 97 8 32 73 40 53 39 57 78 93 91 70 94 54 76 61 70 5 99 50 11 44 67 95 35 8 45 85 30 25 64 95 30 46 48 82 10 35 44 51 52 10 99 17 18 19 54 77 76 78 7 84 49 79 22 57 88 49 36 69 47 4 60 99 23 51 68 38 93 5 73 2 56 84 40 22 93 90 64 13 11 32 27 10 61 69 1 20 91 48 79 6 97 73 73
28 40 18 25 92 93 13 62 99 82 30 11 17 23 29 10 53 11 17 30 1 6 99 44 68 18 52 61 15 37 1 99 32 90 19 23 91 19 64 56 9 99 68 21 61 72 32 73 47 81 44 26 32 66 41 80 41 71 50 23 47 21 84 74 4 31 75 27 94 76 98 27 35 15 2 32 55 5 14 88 79 23 68 60 5 48 49 59 5 62 61 16 14 70 32 60 66 16 54 73
8 81 85 17 12 72 24 32 86 65 14 45 64 78 3 45 97 12 70 7 63 22 57 87 45 47 96 52 79 50 95 10 50 1 58 2 17 70 42 27 94 65 27 9 66 11 48 10 36 25 81 1 79 28 98 85 66 72 6 21 76 79 52 65 32 23 54 91 12 5 37 65 67 15 65 67 50 4 58 76 99 43 53 81 29 64 3 92 6 55 47 69 19 3 73 31 75 43 1 36
8 42 39 80 59 65 31 8 49 84 20 59 34 4 41 74 81 96 40 85 27 56 47 17 87 13 91 80 47 81 11 77 54 4 32 62 30 80 36 15 61 73 70 99 16 69 97 53 96 87 40 16 82 67 3 17 78 56 53 4 19 21 7 13 55 97 82 53 18 34 22 92 71 62 26 6 14 65 6 11 54 21 44 22 93 25 21 88 49 19 60 79 59 79 78 87 6 49 93 67
30 33 26 11 97 12 46 43 94 68 52 73 10 61 64 56 54 44 88 74 72 42 50 53 38 93 51 10 66 80 85 34 60 65 60 87 59 80 16 23 45 7 6 21 70 35 79 45 70 77 66 34 17 60 85 60 73 38 92 99 38 99 98 76 32 68 15 77 81 67 59 37 23 87 36 50 93 35 46 76 3 97 10 52 62 61 83 62 82 67 35 47 91 17 21 95 70 29 99 99
3 94 72 6 31 51 53 47 16 55 50 97 60 8 18 71 26 73 59 10 74 76 29 13 97 96 46 97 89 3 87 86 37 2 83 59 14 47 65 98 11 41 60 60 94 81 91 57 29 81 1 35 62 96 17 40 98 16 46 39 12 65 10 58 32 79 40 31 87 42 72 16 61 78 29 69 35 12 40 81 73 63 69 58 98 10 33 0 91 68 82 96 16 79 60 18 72 6 18 95
79 44 77 95 60 94 7 70 50 7 94 35 53 48 13 38 37 89 33 57 49 74 28 60 1 94 17 79 95 36 56 6 15 56 26 94 44 92 82 53 16 89 52 65 90 12 25 28 19 63 43 62 59 30 28 57 76 69 14 9 46 92 18 87 7 56 68 34 40 4 48 91 33 38 49 32 92 84 12 65 87 8 34 68 85 76 74 93 87 16 15 9 38 94 76 24 85 98 47 38
46 75 97 94 50 45 55 98 30 83 90 91 20 64 25 76 58 89 10 27 50 77 22 7 57 5 21 93 44 42 12 76 34 69 32 93 22 98 88 40 58 88 8 82 95 74 7 99 95 2 62 64 30 16 7 85 80 12 0 15 15 7 60 51 72 98 13 46 90 93 64 81 37 18 1 21 76 52 95 56 34 47 88 76 21 44 72 25 19 21 75 30 71 48 95 1 85 83 20 76
88 69 65 57 99 48 54 83 21 71 5 86 1 26 63 48 78 65 28 85 95 84 7 1 44 60 17 31 26 30 47 24 72 64 32 95 28 45 7 47 27 81 52 98 2 3 80 48 49 49 2 94 34 51 67 37 80 7 37 66 78 40 17 31 77 1 88 34 72 34 73 42 84 47 78 28 35 24 76 21 48 25 73 80 87 41 75 48 12 75 17 31 89 40 23 53 95 0 80 53
72 80 89 4 63 18 3 40 28 59 94 13 49 10 23 15 77 47 53 22 56 48 29 55 14 35 97 86 84 9 49 34 25 6 87 70 35 17 98 38 13 72 52 12 0 51 26 89 70 55 16 22 41 13 45 3 1 99 99 28 95 65 25 52 65 29 93 90 97 53 90 11 3 18 55 22 71 95 49 12 71 1 81 18 52 90 51 30 89 68 35 62 32 79 48 81 73 20 47 64
42 68 85 99 18 54 21 55 18 94 88 33 45 41 1 35 9 83 88 59 37 86 97 63 28 44 9 31 12 95 55 13 42 97 22 86 20 92 33 56 78 17 25 89 65 52 26 34 66 56 9 89 75 47 32 30 53 71 23 13 80 25 58 61 62 62 44 17 77 61 23 45 87 5 6 83 79 60 89 8 33 43 73 22 82 89 29 45 44 48 24 18 1 75 32 53 95 86 2 39
57 4 70 87 23 38 55 77 12 85 13 11 25 67 57 18 92 90 43 56 61 23 81 37 30 68 9 93 24 36 81 71 37 96 36 90 72 37 0 19 83 23 51 14 40 3 91 76 14 8 27 85 67 16 45 88 85 70 27 7 9 86 52 93 51 89 11 22 25 80 33 91 50 39 45 73 55 49 27 39 93 31 8 61 35 52 19 83 11 2 1 36 2 9 42 69 46 78 2 62
93 51 91 82 87 95 7 39 52 32 23 23 80 61 70 77 76 19 53 12 57 82 21 46 77 94 44 80 78 99 29 63 53 17 64 85 75 4 36 80 67 37 59 70 40 20 77 72 95 57 60 55 92 82 75 69 98 84 35 0 26 44 58 54 10 15 28 23 25 97 46 32 62 57 73 33 74 82 11 43 75 63 67 15 31 20 97 67 3 44 30 85 31 6 54 57 99 85 0 98
24 30 33 81 28 75 26 75 78 28 40 74 79 26 76 83 0 72 39 22 18 49 59 89 60 50 60 31 94 9 20 61 7 7 57 57 9 65 92 1 14 29 9 94 81 90 69 23 17 5 71 48 88 5 64 8 98 4 2 48 58 86 62 15 50 28 50 69 46 23 66 15 18 50 56 63 24 35 19 80 99 48 99 32 48 84 32 46 62 80 16 82 7 29 62 34 98 67 57 49
60 14 9 97 23 83 54 78 96 86 37 21 0 70 18 98 1 92 37 10 40 15 3 34 6 87 74 15 2 71 91 33 43 57 5 7 14 6 77 3 41 51 45 93 66 0 82 95 36 60 22 24 57 43 10 75 84 89 60 52 99 84 21 63 88 25 56 18 5 57 93 33 85 79 66 7 21 63 2 13 62 60 99 73 67 87 30 18 79 23 86 28 1 0 81 11 35 74 90 70
41 48 80 73 95 40 48 55 74 38 71 19 69 45 72 69 62 78 34 10 6 25 64 50 22 35 6 33 47 94 2 47 24 92 66 46 58 43 3 39 53 52 5 27 18 14 92 45 20 2 23 59 49 5 4 85 21 27 93 43 9 93 15 84 70 60 95 26 84 64 84 39 64 89 26 79 49 5 29 73 63 62 11 71 80 96 95 42 73 65 84 18 52 93 72 97 81 64 24 97
44 7 71 94 76 28 52 66 21 9 76 2 49 77 23 29 3 19 18 69 66 35 77 24 4 62 47 39 52 62 31 37 15 88 99 14 28 6 20 66 73 10 72 29 89 3 29 80 19 90 70 75 22 97 65 63 60 68 84 75 94 89 65 21 71 48 98 18 62 7 39 3 8 54 56 92 85 69 95 63 22 31 31 77 45 85 89 57 86 55 60 92 91 14 5 61 82 82 62 93
84 71 58 44 11 35 41 83 97 53 64 50 17 25 35 79 88 31 29 45 42 50 72 25 74 21 58 56 46 3 45 80 46 34 66 8 78 16 14 96 28 73 59 16 61 87 86 63 55 17 15 9 28 84 55 16 25 16 71 81 46 24 84 89 56 92 13 4 84 63 64 88 44 6 12 37 31 55 87 22 16 48 55 29 65 52 15 88 4 59 74 95 29 68 37 27 10 86 60 0
68 19 32 76 15 32 18 10 20 20 95 98 57 54 4 58 87 91 96 56 3 17 47 67 13 3 57 68 52 15 50 11 43 89 86 54 71 2 14 95 53 68 8 64 52 13 43 24 71 77 67 52 20 49 10 44 15 1 85 33 58 74 6 8 34 55 23 32 5 35 84 92 31 54 68 18 54 3 93 54 83 60 35 82 64 11 43 24 10 23 73 3 41 18 54 64 43 22 95 7
75 31 87 29 96 95 92 8 23 77 48 30 54 16 83 6 83 88 23 72 9 27 21 56 93 47 72 14 29 78 60 52 55 22 11 88 29 0 36 82 68 62 38 64 77 19 36 41 13 47 93 48 66 5 57 25 32 22 61 45 27 90 56 37 91 35 51 47 65 8 69 57 18 84 8 98 34 54 48 92 61 25 52 65 6 40 22 89 98 97 43 12 80 14 3 66 97 89 16 51
36 68 86 22 21 20 37 33 47 38 12 9 2 27 75 76 86 92 95 78 52 88 84 74 2 41 30 51 68 12 55 11 39 28 37 61 61 70 68 77 44 75 4 61 9 65 49 78 70 6 37 14 14 58 42 61 65 60 25 99 19 87 13 19 33 63 85 99 10 60 66 28 70 36 43 47 6 10 46 45 36 49 59 69 23 27 41 61 13 49 10 32 51 18 8 96 50 22 89 76
92 67 10 71 0 60 81 22 44 75 9 88 8 66 19 54 16 13 64 37 95 91 44 26 41 28 38 65 43 94 10 50 87 66 98 2 97 85 14 53 3 19 71 37 12 69 40 27 41 94 83 61 28 14 46 84 55 72 7 39 56 12 43 13 46 9 84 89 82 96 22 99 21 82 95 50 54 40 52 29 91 95 99 84 87 59 49 22 91 87 80 51 9 72 75 48 38 21 39 39
34 10 34 15 48 39 43 42 26 74 70 49 58 0 23 22 12 66 74 92 42 56 63 91 25 77 66 95 26 30 33 3 14 75 13 83 19 81 66 48 41 29 78 5 20 90 66 72 48 97 29 18 88 6 5 83 68 16 59 53 58 13 50 7 16 96 72 63 58 22 20 1 82 20 56 59 51 8 66 47 5 70 40 70 6 23 30 74 11 53 6 5 91 72 21 97 39 96 11 81
9 33 8 46 86 20 23 50 51 42 35 45 46 27 99 52 17 98 88 61 32 56 34 63 33 37 82 18 88 86 80 24 84 93 48 67 50 99 5 57 9 42 32 37 0 25 36 19 44 95 35 32 30 38 18 45 21 86 62 20 99 74 69 77 42 74 61 47 60 85 31 86 81 55 60 80 96 55 30 23 8 46 39 36 67 35 95 70 13 0 95 75 84 90 21 74 92 47 92 52
49 44 53 77 6 87 89 54 26 74 22 75 37 69 4 82 41 96 92 84 9 34 50 41 13 39 70 79 19 13 46 38 74 91 88 44 33 94 4 32 32 80 77 44 13 11 31 58 71 13 86 9 97 22 95 27 3 82 3 91 39 59 60 85 24 28 91 34 82 91 78 65 19 98 54 67 30 20 90 73 22 60 84 14 27 96 82 3 54 37 51 74 74 40 92 53 52 97 48 13
31 93 69 96 88 97 9 97 88 33 30 33 47 70 30 17 5 40 57 21 88 9 99 9 56 83 36 65 24 70 97 80 20 72 44 1 3 29 18 67 6 3 3 32 52 32 40 4 13 66 93 72 29 39 30 80 51 22 68 16 10 57 69 99 85 52 23 53 75 96 32 83 64 34 22 76 90 9 55 82 58 11 54 58 2 89 81 71 19 54 7 8 79 39 62 60 21 17 59 10
71 44 50 42 66 56 37 23 82 91 27 49 42 65 78 96 55 39 39 2 81 16 9 2 36 30 32 71 62 47 29 28 59 71 21 75 32 19 40 62 57 59 23 96 58 16 87 44 11 19 46 81 32 95 86 7 77 57 16 61 90 87 59 6 60 74 70 12 10 7 96 97 21 92 59 27 11 34 23 52 39 60 47 83 61 61 44 85 67 74 75 21 69 28 72 41 41 15 48 76
19 85 94 80 50 79 59 11 65 62 10 42 57 74 44 58 6 19 49 84 47 97 62 65 5 22 62 26 27 7 9 99 11 70 27 46 8 72 30 52 12 46 35 4 55 56 92 57 33 92 23 95 66 58 20 14 28 22 88 58 34 33 10 66 63 19 98 88 92 58 77 89 73 84 61 27 41 13 7 89 34 28 55 38 33 94 98 7 2 41 2 82 34 87 36 80 93 55 44 55
95 52 33 22 13 2 64 52 22 16 7 2 59 33 47 67 2 57 98 39 56 40 93 50 40 37 54 58 96 3 97 64 5 24 13 58 92 51 88 41 96 79 75 83 68 24 79 5 73 43 46 21 48 45 58 14 20 21 86 44 13 66 58 57 21 40 99 82 33 38 37 89 83 64 48 95 4 10 97 0 27 60 83 66 43 78 7 39 29 54 11 53 19 15 0 59 92 40 46 61
22 68 80 42 68 6 28 23 1 3 37 7 78 3 87 99 25 24 79 42 79 80 90 40 37 9 3 85 92 32 16 66 25 28 86 53 82 67 24 63 10 45 59 2 55 72 15 97 29 18 90 57 18 26 18 89 81 37 2 52 8 14 32 15 36 78 90 58 95 18 11 19 46 66 18 6 8 1 78 43 1 57 11 23 45 3 0 34 17 90 68 27 60 21 63 57 49 85 71 77
44 36 22 37 75 66 54 51 38 19 29 20 83 35 60 97 47 15 50 98 56 52 15 0 44 97 28 59 52 66 69 42 82 37 61 60 7 18 9 57 53 34 89 16 16 13 30 97 61 2 20 61 69 22 23 75 0 93 34 39 53 68 14 47 52 27 39 6 33 5 66 44 48 46 86 62 81 98 31 64 60 6 48 55 25 53 96 94 4 88 25 9 18 63 91 26 83 81 40 72
66 71 22 62 10 74 29 95 52 61 67 49 65 61 35 78 55 26 43 81 87 36 70 51 51 79 22 52 22 47 8 68 29 6 71 50 51 25 98 41 84 73 33 31 81 10 45 37 48 41 77 13 80 38 70 12 84 47 80 69 76 71 59 66 53 49 27 21 60 69 70 27 18 67 37 54 61 42 33 16 57 37 46 12 77 40 85 34 1 74 20 37 89 56 24 85 2 24 63 65
88 57 58 20 16 26 46 92 92 64 94 69 48 32 88 72 34 52 99 97 83 47 42 16 41 32 7 92 31 90 76 88 47 47 82 81 23 98 64 36 5 87 41 35 57 1 10 98 83 0 94 95 81 57 75 59 76 69 77 34 58 30 82 64 50 73 66 60 44 29 25 13 13 42 1 83 85 58 91 81 76 92 63 31 10 48 89 47 43 97 79 94 70 50 31 22 57 20 55 0
59 28 16 19 74 22 48 76 12 86 11 90 53 20 40 48 71 93 27 35 78 63 76 65 49 15 47 53 61 41 60 75 52 57 27 87 78 49 47 68 37 71 4 95 37 80 58 69 98 92 69 33 2 10 7 63 25 4 97 42 94 85 30 54 74 39 25 78 54 60 35 15 40 79 41 11 49 19 27 77 28 2 16 2 40 76 80 48 54 90 78 27 53 64 42 81 22 98 46 88
14 29 18 24 76 44 31 68 54 4 49 9 98 82 96 87 79 28 82 87 18 51 42 78 60 30 27 94 54 23 22 95 9 3 2 14 88 92 47 7 26 26 42 84 66 70 8 64 32 10 22 28 55 94 27 14 41 88 7 53 14 53 31 19 20 70 37 15 46 79 89 3 44 16 2 46 55 83 75 19 49 26 89 9 11 18 33 25 32 33 73 7 99 89 62 12 66 47 98 79
17 64 51 6 8 93 86 43 31 44 30 48 29 38 44 82 16 92 6 39 9 4 71 76 38 37 21 73 45 0 85 24 45 4 37 12 83 38 13 22 89 29 29 86 81 99 31 75 89 61 59 97 43 71 30 65 3 62 50 83 90 83 47 5 78 67 81 64 66 91 3 54 83 44 87 56 89 4 18 67 61 80 14 68 81 47 99 98 40 85 73 78 62 99 35 1 98 82 6 63
83 68 31 82 69 24 34 49 17 67 57 93 33 68 64 78 53 17 22 81 30 89 73 28 60 1 78 38 91 3 0 23 1 16 8 96 74 59 3 21 31 27 77 75 49 90 68 68 2 4 32 86 73 57 87 58 54 96 80 23 36 9 22 35 75 77 90 27 96 44 39 24 49 74 92 78 3 65 67 77 38 48 67 62 93 40 28 83 53 94 51 22 21 14 32 65 14 92 11 78
22 53 37 55 13 4 45 88 59 93 27 53 18 18 18 74 79 36 35 78 85 72 56 42 79 20 40 72 78 17 38 64 78 41 99 35 95 95 66 15 13 16 1 82 56 44 98 61 34 12 46 60 16 61 88 55 59 80 91 59 92 74 53 95 94 68 21 7 12 13 63 28 61 97 24 46 49 83 37 22 67 33 92 6 82 67 74 38 9 94 66 35 88 21 61 64 8 49 2 68
82 38 36 4 10 27 30 10 35 95 0 30 98 32 24 92 50 9 98 41 97 25 10 20 80 50 24 80 80 28 81 14 97 17 16 12 99 56 91 24 72 59 32 65 91 93 60 57 10 82 50 78 48 50 91 56 48 8 16 10 44 81 96 23 21 45 24 16 54 50 86 62 46 2 30 76 14 64 54 91 82 55 7 44 9 20 70 60 63 46 2 57 74 40 69 53 14 66 65 5
65 72 90 75 98 63 35 67 25 95 98 52 55 80 29 60 40 59 16 90 28 87 54 55 85 40 19 69 84 0 36 47 91 87 93 77 82 78 51 9 75 2 45 2 48 34 86 39 27 83 25 42 44 27 73 94 51 99 92 97 59 0 70 72 83 95 38 51 47 83 95 74 46 55 52 72 97 89 13 76 26 42 80 70 6 56 53 70 52 14 26 96 85 27 95 71 38 89 94 83
38 56 58 0 10 86 59 53 68 96 80 69 22 88 30 31 19 4 60 56 46 89 35 65 57 54 24 33 80 31 38 20 31 73 7 70 10 32 80 6 91 8 95 57 23 71 90 57 43 12 42 3 63 84 18 66 58 96 68 93 56 63 82 53 86 91 3 31 69 94 33 8 26 15 32 93 77 60 74 49 59 31 58 60 30 90 95 77 43 60 75 15 69 39 6 21 28 60 42 25
27 28 82 8 45 10 79 31 4 80 47 97 62 45 34 26 13 28 67 70 31 25 93 99 29 75 28 53 54 57 29 51 97 53 11 23 48 85 17 45 71 88 4 28 84 14 52 24 90 76 4 9 36 47 59 5 27 39 97 15 63 46 71 52 46 92 25 48 96 42 15 73 72 60 75 72 28 50 49 95 50 19 50 79 10 84 11 13 43 51 7 2 9 60 95 25 12 36 69 98
78 32 65 81 52 18 53 62 45 10 54 25 8 22 62 40 21 51 26 2 71 16 38 39 84 13 96 59 27 27 78 68 92 28 24 60 41 66 50 51 22 24 44 94 58 34 71 98 52 97 88 51 67 82 26 19 25 33 3 93 85 72 47 28 60 9 94 38 21 65 71 61 1 34 26 48 37 7 62 12 24 11 69 74 35 18 52 59 42 23 77 3 21 84 32 32 66 78 24 26
15 21 26 49 23 73 43 98 28 53 92 17 47 47 48 70 24 24 56 82 73 43 28 15 19 41 72 60 13 4 32 83 3 9 50 6 95 58 8 43 78 14 19 79 92 78 49 6 55 61 86 24 67 23 62 40 49 76 34 81 16 85 62 10 62 15 66 74 85 13 61 19 43 64 63 68 93 77 1 22 75 7 56 73 89 94 47 33 24 85 91 42 8 42 53 66 30 3 55 96
36 17 50 74 62 36 96 61 70 14 29 58 37 37 43 18 49 48 11 82 81 72 13 85 84 30 43 13 97 13 67 83 14 73 38 64 52 67 47 72 78 93 67 11 96 32 1 40 58 27 63 17 95 5 96 80 52 86 96 78 19 75 47 10 72 10 37 76 27 78 38 99 81 97 95 15 44 9 6 14 12 25 30 48 9 8 7 97 32 87 52 50 58 56 90 36 47 99 63 82
48 73 47 1 53 70 7 42 55 78 16 45 91 28 37 23 95 68 55 87 59 44 2 97 48 29 20 51 74 5 18 5 93 61 92 4 0 22 93 39 69 21 68 25 97 73 94 18 33 82 93 5 24 21 88 4 84 63 90 46 31 57 0 24 51 11 40 23 14 53 54 76 90 3 95 17 2 29 17 44 27 8 37 41 33 69 34 47 35 49 19 7 8 43 32 93 44 24 43 15
39 9 46 28 15 98 61 61 35 10 76 86 33 63 15 89 98 98 91 78 91 36 39 36 0 37 22 92 77 33 99 58 79 59 35 82 88 49 36 8 86 8 62 62 18 30 40 33 44 64 13 48 17 4 77 99 20 38 41 0 4 28 37 48 17 0 93 62 73 47 82 79 32 53 79 11 48 95 10 66 50 85 65 47 55 60 58 90 52 52 35 93 27 9 25 32 66 83 4 90
63 42 69 44 99 97 71 3 92 13 24 24 7 83 40 71 27 52 36 35 8 81 54 68 16 58 9 53 44 68 10 60 1 67 22 36 39 24 59 75 57 93 38 53 8 49 16 15 86 13 45 5 29 49 9 93 56 40 72 30 72 99 67 47 35 0 80 78 35 84 15 90 49 13 33 97 58 36 27 90 72 36 81 66 2 46 57 76 19 28 17 61 99 14 40 34 97 44 94 44
35 51 56 29 55 55 12 12 13 69 70 65 9 60 2 47 97 3 3 68 57 54 78 48 49 64 12 68 5 32 41 44 3 12 62 95 49 67 27 8 37 92 24 35 13 96 62 36 44 88 38 86 28 83 60 47 2 75 23 39 87 60 63 24 5 71 22 55 30 56 22 8 96 30 7 12 38 63 62 0 19 28 93 60 36 12 93 47 85 21 37 86 37 42 39 9 8 88 4 94
80 94 8 43 61 81 48 44 39 66 28 34 64 52 21 6 9 0 18 72 2 27 23 27 92 93 72 55 17 34 49 10 45 60 64 61 54 32 88 56 61 82 20 25 35 73 5 27 91 11 3 5 79 1 76 12 34 33 5 30 25 81 89 17 46 1 51 69 4 98 10 20 52 83 53 53 61 72 89 36 62 96 71 43 44 83 53 3 15 22 68 29 0 7 94 86 11 19 71 96
34 91 83 40 9 77 59 8 44 31 38 1 90 87 64 72 22 28 32 82 15 10 39 1 83 31 43 5 37 83 29 85 76 7 45 80 38 81 62 37 75 74 14 23 95 26 29 67 58 3 8 76 14 28 37 7 23 75 14 61 70 72 39 3 5 44 98 96 44 12 80 15 78 41 93 33 50 16 26 22 72 21 0 14 97 83 40 9 35 46 7 59 15 30 42 81 0 42 39 11
48 5 61 38 73 83 86 14 2 92 64 98 29 92 91 9 82 99 25 70 74 46 88 50 70 57 55 81 37 48 5 2 28 59 28 45 79 88 4 54 16 22 63 5 38 99 96 58 70 69 35 90 45 8 57 98 85 25 45 84 91 10 56 21 79 4 66 64 22 22 38 13 45 38 35 97 78 5 41 78 25 35 70 68 33 53 46 61 45 7 26 1 83 88 69 35 8 99 21 83
83 8 64 26 33 76 0 3 48 79 87 53 74 96 5 78 59 77 35 6 77 51 79 17 33 98 68 94 46 43 31 42 67 16 78 27 28 61 16 78 41 51 61 22 38 43 29 82 58 57 0 45 89 57 5 50 54 76 74 23 91 28 78 55 92 92 51 93 34 0 43 80 40 87 21 77 82 9 14 60 87 91 79 93 23 95 94 47 59 71 82 41 67 0 72 58 11 98 15 23
