14 74 79 55 56 28 4 26 56 80 55 92 90 95 97 92 60 16 89 53 96 83 35 6 57 98 39 4 27 18 59 24 67 31 11 37 64 92 40 17 81 76 13 36 60 31 71 97 87 98 102 69 99 7 32 56 90 50 92 69 4 53 23 50 49 9 23 35 43 26 49 26 102 1 17 83 21 53 24 59 65 59 57 10 47 27 30 69 35 5 73 60 21 53 24 13 17 64 26 8
78 52 3 89 59 25 12 88 85 -1 67 6 83 51 44 62 76 95 22 48 14 34 59 48 71 62 33 19 63 3 78 9 15 95 12 11 33 48 22 71 38 70 99 93 19 35 35 71 9 51 73 82 39 4 86 -3 49 93 95 -1 26 41 57 61 21 73 87 24 47 68 17 15 2 75 80 27 50 2 56 -2 25 14 90 17 34 59 35 78 29 85 13 39 13 26 45 22 63 52 40 24
14 18 17 24 29 41 40 56 4 67 7 35 59 62 48 5 84 72 49 40 68 28 74 89 62 54 61 16 22 9 11 5 85 85 20 73 11 18 3 44 21 44 79 8 19 78 11 37 11 75 67 68 30 75 81 45 18 53 91 46 24 98 9 10 50 1 51 24 27 38 47 15 54 95 27 50 38 82 4 41 73 59 93 18 45 22 29 10 39 42 71 82 98 96 92 42 43 17 38 27
99 75 79 81 76 54 40 55 39 29 89 67 85 63 79 18 81 73 89 27 31 69 74 26 62 10 58 61 75 19 12 60 92 48 40 28 38 19 55 -3 39 86 85 31 77 18 45 52 49 60 30 90 101 21 33 41 34 70 74 40 7 83 38 16 20 24 36 93 22 28 87 29 61 77 92 42 57 78 9 9 29 54 56 18 32 4 84 67 56 84 20 7 26 22 57 70 91 73 87 94
44 96 85 51 86 7 62 3 20 16 58 11 23 43 76 18 100 99 35 100 65 77 62 55 61 90 71 15 72 40 11 82 64 49 13 62 21 66 75 89 63 9 28 21 31 88 90 13 92 2 60 57 64 2 48 34 18 82 33 87 72 19 24 90 40 12 62 87 99 2 54 96 44 93 28 24 57 61 15 58 71 32 23 14 44 34 36 15 47 96 87 51 70 100 74 56 85 96 80 82
97 78 2 77 49 90 69 85 32 47 15 20 51 22 18 17 6 33 37 35 24 83 5 80 40 91 89 21 68 18 25 80 85 91 60 39 97 11 34 74 72 30 81 38 11 71 42 68 30 77 93 5 63 53 76 89 31 6 63 96 28 62 55 86 93 73 91 14 60 32 62 72 51 42 9 51 11 81 87 87 49 76 67 1 57 69 94 50 43 37 52 7 17 31 28 47 13 57 90 9
12 47 63 46 4 95 24 5 64 61 62 37 64 56 73 23 33 8 94 87 53 90 12 13 72 59 37 98 14 53 25 53 7 95 56 10 53 90 19 37 99 16 33 49 75 23 16 38 43 6 95 42 45 11 41 4 101 20 66 88 90 32 87 63 76 68 32 51 65 98 25 39 85 8 98 98 42 5 75 95 79 71 83 17 85 79 71 69 7 90 76 81 36 74 87 61 50 94 45 45
24 21 98 85 47 92 79 76 64 65 91 18 101 84 6 -1 101 78 63 51 31 6 6 32 37 -2 57 90 14 66 22 9 38 17 39 45 32 22 46 21 96 84 100 66 9 54 7 46 10 39 42 60 17 81 11 31 96 59 91 79 77 14 4 2 60 11 32 62 80 38 52 25 74 28 68 71 22 62 66 55 44 55 46 68 7 2 16 29 75 22 2 -1 71 58 8 0 47 63 14 2
39 16 12 21 79 78 75 51 94 72 82 97 28 74 8 75 59 93 99 28 69 9 9 83 81 26 14 51 35 53 66 15 85 15 92 47 15 46 5 100 47 28 70 46 57 73 58 62 85 76 94 65 97 29 43 35 84 73 81 3 38 70 25 97 88 76 32 79 28 65 75 54 37 15 93 62 24 96 53 8 30 82 31 54 34 73 90 2 36 46 84 17 82 66 31 28 88 23 89 54
28 56 76 35 40 9 4 69 48 84 32 91 55 59 87 17 44 0 45 34 59 52 78 43 51 94 91 79 98 96 6 27 57 58 55 58 62 83 32 90 51 60 96 53 60 40 73 79 65 79 101 4 76 75 87 76 71 8 75 93 41 22 11 78 67 45 3 24 77 3 74 67 38 1 7 46 26 83 34 40 92 15 56 11 55 86 15 81 7 48 22 43 98 83 29 96 30 1 84 71
89 89 27 45 15 74 22 50 84 99 90 20 8 44 51 51 82 9 87 100 94 89 93 62 94 36 35 36 73 10 80 44 16 54 32 49 30 62 43 70 102 45 84 87 22 16 27 77 61 85 9 30 84 76 29 51 101 39 14 59 34 55 64 64 5 28 59 19 39 58 101 8 13 100 70 53 49 39 14 19 42 96 61 81 30 34 47 68 71 22 65 43 50 73 99 66 71 52 102 43
91 35 54 12 51 14 21 58 98 15 38 94 66 77 7 10 85 49 58 84 88 63 16 75 62 3 59 22 52 18 3 21 50 89 23 92 24 28 58 5 101 28 61 79 44 85 35 18 32 25 4 15 53 8 70 3 51 92 82 20 2 55 11 72 31 57 39 16 101 68 6 93 53 29 35 62 50 53 19 36 33 10 26 29 86 89 73 80 94 83 34 32 101 93 50 29 62 -1 27 71
34 16 82 5 86 71 92 61 52 20 9 69 8 4 59 26 58 98 10 61 51 73 13 50 89 98 23 3 80 99 8 36 100 60 94 88 61 48 51 35 54 30 41 35 36 38 40 100 44 54 23 4 69 57 68 1 29 96 35 25 40 60 25 58 71 16 78 2 98 90 55 60 77 15 81 67 88 36 59 68 8 37 59 20 23 37 52 37 100 58 51 70 63 77 5 98 5 30 59 50
12 42 32 80 56 53 82 -1 69 50 22 88 6 1 35 24 65 17 90 5 98 75 63 45 89 84 29 56 62 32 23 55 94 11 82 35 63 89 81 14 10 56 41 33 19 52 39 31 19 58 80 82 83 92 100 61 82 69 45 62 55 19 34 71 100 93 79 58 57 40 2 76 55 43 52 51 3 15 41 53 80 19 11 85 34 25 45 68 31 65 87 48 9 27 61 83 73 61 15 50
62 69 101 29 101 62 55 96 77 54 48 46 54 65 17 63 41 44 93 72 99 20 38 87 57 77 35 78 94 69 58 48 56 42 27 83 41 61 82 34 19 95 61 58 9 56 43 59 7 50 20 32 81 42 3 17 61 1 31 97 44 56 33 17 8 57 12 68 46 92 87 31 8 4 82 34 68 12 50 53 100 8 90 23 100 15 15 41 51 34 80 57 13 26 39 99 21 55 83 70
70 96 66 14 70 55 25 11 14 54 32 77 100 72 78 88 19 3 66 94 97 96 93 56 9 -1 78 43 4 74 2 13 72 56 96 0 65 56 69 71 22 14 67 3 99 68 24 47 84 10 58 94 99 33 28 39 14 31 22 4 78 39 28 80 73 28 100 1 89 62 16 81 19 18 88 8 100 65 4 91 84 27 85 52 6 36 63 50 46 20 90 18 93 50 5 19 28 39 40 2
6 55 98 95 68 52 83 4 66 5 33 44 44 43 33 72 61 39 7 51 65 68 67 52 85 21 77 15 35 93 34 44 100 6 86 49 74 97 11 61 70 28 91 13 38 48 11 20 64 90 33 23 82 43 29 33 41 20 23 53 57 86 98 12 63 9 41 19 22 42 61 95 90 59 74 99 32 97 6 71 69 2 32 40 18 2 15 50 7 67 24 46 77 89 9 95 93 2 84 66
33 82 14 35 19 81 71 0 46 60 62 37 2 77 100 21 67 91 2 35 6 19 52 44 76 4 2 24 29 23 85 24 51 70 50 60 4 69 65 69 48 39 83 49 7 -2 43 52 96 22 24 9 95 18 80 8 35 96 84 75 7 15 91 22 45 55 62 10 100 9 54 59 63 55 62 41 5 5 5 83 64 20 100 11 30 20 22 69 60 96 73 50 37 5 63 4 49 91 10 71
65 81 8 36 18 23 36 77 96 32 32 96 70 44 97 96 73 94 97 49 39 82 67 33 10 64 48 3 19 46 93 61 67 30 41 76 3 90 60 87 70 39 47 60 19 92 16 13 8 4 15 73 13 35 35 27 30 45 76 9 13 23 39 30 25 9 13 28 64 61 22 56 58 5 64 53 26 75 102 57 100 62 94 48 86 72 33 61 68 90 75 6 7 48 43 21 66 98 59 71
16 91 59 0 92 5 14 65 33 74 78 2 62 62 94 22 46 59 49 78 43 21 22 88 19 37 98 15 14 76 34 3 88 56 22 8 7 53 11 68 58 56 8 -2 61 75 87 7 24 85 64 86 31 94 8 35 80 31 83 42 7 24 93 73 79 92 49 63 48 24 23 64 59 79 78 46 34 32 37 88 64 19 48 96 88 35 32 82 7 3 47 70 24 16 91 1 54 8 68 25
24 48 87 4 39 61 12 46 45 72 21 98 32 38 73 21 12 42 25 45 17 51 43 61 52 84 10 68 59 2 32 34 66 85 34 93 61 34 99 30 51 72 60 73 35 38 56 64 19 78 89 39 55 54 67 22 73 57 3 82 58 93 64 5 28 72 56 58 97 68 62 60 11 51 89 87 84 14 27 80 56 28 72 65 62 18 36 10 76 85 82 25 99 10 47 5 3 51 80 14
100 80 38 13 3 54 41 57 66 21 17 8 20 39 57 71 51 88 86 34 91 24 8 73 6 70 17 0 63 46 80 51 98 -3 91 24 80 1 67 20 46 0 80 75 27 21 90 87 22 33 92 9 59 5 25 81 94 10 3 70 31 73 5 85 16 14 45 16 34 13 63 88 94 88 29 82 81 38 16 37 87 11 17 96 6 73 3 56 4 15 71 7 73 38 39 75 21 6 44 93
8 13 45 74 43 90 6 58 87 59 53 17 38 95 86 16 64 96 21 91 73 100 9 81 13 4 84 19 99 55 42 40 7 7 27 100 55 45 68 92 75 99 85 64 23 100 79 39 6 63 62 89 22 90 28 87 80 45 60 33 40 83 5 34 59 40 45 77 36 54 14 48 64 24 81 91 59 63 60 50 5 50 44 53 70 57 93 68 73 64 49 97 70 52 54 21 84 27 85 70
56 88 14 44 33 46 45 1 65 11 20 91 25 59 67 57 76 48 77 13 58 96 40 86 92 43 21 72 92 40 55 -1 6 73 87 14 38 73 79 69 23 -3 56 72 33 39 92 89 6 70 39 24 83 75 23 60 60 1 37 2 11 17 70 88 71 38 84 35 32 49 81 4 56 11 60 62 29 67 39 62 16 66 28 63 20 85 86 43 71 64 40 79 33 74 63 94 33 44 9 28
24 51 65 82 42 64 49 45 16 18 16 5 73 47 13 63 39 71 51 62 91 54 10 88 91 76 27 10 102 11 59 69 61 87 99 59 43 54 6 67 80 5 65 36 90 20 34 36 91 46 31 79 93 60 31 93 56 95 74 46 65 62 89 99 35 48 87 57 68 2 60 48 8 94 43 2 98 79 86 34 37 59 15 86 42 86 74 62 63 34 30 83 65 25 8 15 7 57 54 34
54 74 81 76 20 3 20 2 28 82 17 5 81 50 68 85 77 81 11 72 58 43 42 11 2 21 89 24 71 47 67 96 78 60 101 65 36 60 8 71 34 84 67 8 50 62 73 33 43 34 48 80 77 83 22 25 66 17 19 78 30 92 84 49 87 35 63 0 55 46 7 55 25 62 9 7 75 46 79 62 29 50 84 79 41 88 4 9 80 55 58 76 101 15 19 34 56 96 94 36
75 5 85 41 35 3 36 38 16 21 89 77 45 98 98 16 83 84 39 84 85 55 33 51 46 69 38 36 77 90 102 15 24 38 76 84 11 76 64 60 102 30 62 33 13 36 57 2 90 97 101 43 39 2 55 23 29 98 79 72 61 67 99 91 24 73 7 98 29 75 59 70 101 60 50 81 95 13 56 85 92 33 33 54 44 99 59 37 95 75 96 53 78 89 51 13 80 10 50 29
32 46 94 12 12 44 53 0 31 51 72 8 45 33 5 48 101 7 74 77 78 14 31 25 10 25 45 1 86 13 98 76 100 70 26 34 86 29 3 86 20 84 57 30 68 0 8 64 90 44 13 38 29 48 6 75 43 4 95 75 70 40 63 47 33 40 100 38 64 21 68 30 7 91 39 30 87 0 59 84 62 66 86 90 72 94 43 17 63 58 58 71 49 65 6 4 70 90 78 93
49 5 85 62 8 88 67 76 6 35 47 30 79 22 45 4 87 78 10 47 3 28 84 25 18 58 84 74 29 43 96 51 96 46 17 76 55 7 59 85 12 5 91 50 55 88 50 64 10 52 87 89 89 57 88 47 59 59 26 44 70 59 35 81 33 59 38 31 72 46 102 45 98 30 32 72 42 71 60 53 70 75 67 99 37 50 50 51 87 16 39 35 85 58 34 61 102 66 38 30
63 2 49 26 9 63 46 39 29 -2 50 9 40 82 68 61 50 18 35 81 99 6 25 39 17 16 15 52 28 94 53 49 43 60 66 48 22 62 81 7 73 68 53 60 22 9 86 38 61 87 44 91 74 24 44 41 97 30 39 43 15 11 27 95 75 74 81 35 40 40 22 27 42 82 24 29 48 5 58 15 84 82 82 11 72 43 78 4 6 61 81 68 57 49 90 62 45 9 77 33
20 94 77 96 5 42 37 12 13 12 59 100 102 92 63 85 82 56 40 37 71 51 37 97 88 98 67 42 60 84 100 35 18 12 90 89 23 45 91 41 28 29 20 16 73 4 22 83 74 94 93 40 72 18 51 16 43 80 7 36 65 40 92 20 69 45 84 67 85 32 65 19 4 46 75 65 68 20 74 97 95 16 7 20 91 27 73 63 60 98 46 23 95 58 56 50 81 78 21 59
53 25 73 28 56 56 30 63 26 49 79 3 72 80 32 91 71 37 33 63 89 61 84 13 39 67 34 53 64 26 89 -1 51 31 65 11 37 39 59 51 40 65 46 1 58 76 101 31 11 17 50 9 44 78 97 66 44 12 29 73 76 80 21 94 54 22 35 28 84 20 20 78 62 43 48 25 86 50 53 31 72 38 58 43 63 28 63 95 29 8 28 90 98 40 26 76 21 83 66 81
11 95 102 62 43 67 79 32 61 81 86 4 26 38 58 88 7 3 24 26 38 56 69 25 35 6 57 35 53 70 102 49 3 53 94 25 81 27 15 69 67 58 28 82 16 73 100 77 72 37 64 63 101 52 22 16 36 69 98 21 58 73 26 26 55 54 79 8 20 75 25 9 7 15 48 85 48 31 89 49 38 1 22 1 43 60 4 70 49 59 79 26 67 46 91 30 24 97 57 64
43 71 84 74 66 56 71 66 5 33 8 22 34 77 17 33 96 66 12 -2 92 76 11 44 51 22 54 92 10 34 84 94 18 89 26 18 96 39 37 22 89 -2 78 34 35 4 13 20 51 -2 85 5 53 96 55 96 82 85 43 7 62 16 49 24 50 6 12 89 27 42 72 93 81 85 34 64 71 0 94 38 22 29 85 76 15 40 3 35 2 29 51 68 9 31 61 68 65 58 35 65
6 98 92 17 38 8 30 24 81 52 76 99 52 45 11 14 3 32 100 20 33 88 48 71 13 7 72 58 22 96 34 87 55 19 23 82 99 38 63 33 71 95 33 53 21 2 30 79 59 24 70 79 95 39 27 1 51 5 23 59 42 66 48 11 63 84 61 42 35 65 38 61 17 58 64 59 8 49 46 83 45 5 95 32 71 91 69 87 23 70 11 59 72 40 86 22 94 10 40 16
4 51 34 56 74 88 64 42 49 32 75 76 62 81 89 8 73 41 33 46 78 79 85 27 64 36 26 24 25 76 38 32 53 43 21 33 28 48 43 10 40 67 63 90 4 20 25 13 53 4 76 80 77 39 69 51 90 -3 40 2 9 72 100 10 20 66 79 47 54 83 46 53 58 88 16 68 30 88 59 92 25 15 91 62 62 78 98 47 65 61 35 63 60 42 91 29 80 87 54 27
19 65 19 10 3 70 64 60 63 44 5 48 20 11 75 90 75 95 97 42 19 88 33 43 66 2 68 69 14 80 42 24 89 24 86 27 72 31 42 5 11 21 16 55 59 91 20 22 74 100 67 35 67 79 62 2 22 23 84 25 89 4 85 64 85 36 58 77 57 9 4 80 27 81 3 39 64 42 29 87 3 24 13 40 30 65 86 87 101 9 16 6 83 48 8 67 42 11 68 65
61 15 59 35 69 49 67 31 75 57 61 71 61 10 82 94 58 71 46 77 28 33 9 3 17 54 69 49 2 9 22 81 53 55 28 88 15 7 71 -2 15 7 92 66 18 63 38 44 101 52 40 90 7 52 60 30 27 6 38 85 41 9 87 88 29 29 30 0 73 79 20 47 54 -1 13 12 36 89 51 5 80 3 14 77 43 -3 14 37 50 -2 2 59 98 54 95 95 14 -2 95 23
38 74 79 98 22 3 39 92 30 99 24 94 4 46 87 77 13 38 91 1 38 76 94 75 57 65 76 2 84 60 94 46 64 22 9 46 29 64 56 26 44 97 26 44 98 92 99 64 48 22 33 98 98 58 42 61 30 50 12 27 4 33 5 62 65 76 32 89 21 80 85 23 65 39 75 92 67 84 86 58 51 96 89 43 61 32 57 36 80 67 26 7 13 4 94 87 38 99 20 42
60 66 75 23 43 73 23 38 77 8 72 22 25 96 7 14 66 25 32 64 62 83 82 73 8 61 26 71 12 92 6 91 21 78 20 -3 58 45 83 87 65 83 100 18 45 12 66 38 83 44 73 65 95 87 23 94 73 83 7 67 25 62 25 88 23 23 99 31 89 81 65 50 70 16 73 49 35 28 22 59 45 95 46 12 51 89 24 4 18 25 31 89 19 79 76 37 80 30 41 80
28 43 55 33 96 42 28 69 88 33 89 76 16 74 68 100 72 85 76 93 58 53 78 24 69 98 10 36 80 29 22 16 5 70 99 98 89 39 35 73 94 17 31 66 79 38 99 95 16 14 91 86 3 81 15 50 26 66 41 17 84 46 71 6 48 85 35 1 52 13 21 66 12 34 101 74 58 49 80 49 25 73 37 92 81 69 36 2 97 100 92 50 57 54 27 36 62 87 26 11
78 66 13 3 48 52 79 85 48 -1 82 6 17 24 93 30 86 -1 24 35 45 46 49 23 18 13 89 25 32 90 37 72 6 33 18 0 75 59 59 62 89 -2 88 67 6 57 35 26 50 27 32 42 8 2 61 -1 23 69 23 9 60 93 29 1 5 88 14 24 62 57 42 67 48 42 93 32 41 41 38 83 34 3 96 60 52 22 38 39 58 36 66 91 12 44 76 83 85 30 77 45
40 21 63 41 41 54 40 19 79 39 10 29 54 69 67 36 46 88 4 8 76 50 74 75 6 69 10 18 30 65 26 7 85 49 45 86 66 9 63 64 73 10 49 44 22 37 74 92 55 69 50 57 38 1 85 79 12 85 91 69 53 6 95 93 39 71 72 96 73 23 78 91 93 82 27 54 26 41 9 43 75 51 28 77 5 45 13 11 87 87 102 66 84 34 38 71 36 53 92 93
54 31 79 59 71 2 93 17 16 67 38 8 72 40 62 33 28 83 67 39 26 6 70 5 77 39 40 7 69 37 42 87 55 22 71 83 65 53 12 58 36 44 35 78 64 40 91 67 84 17 86 16 51 45 10 95 48 30 78 52 79 20 99 87 19 63 22 23 56 55 16 2 59 25 42 75 15 4 24 74 22 81 11 87 5 88 91 1 24 19 82 7 61 23 55 96 46 80 41 54
61 26 89 59 66 29 54 66 63 58 37 56 43 42 74 71 91 75 36 50 36 87 40 57 6 28 20 70 91 53 87 29 79 39 68 10 36 71 31 76 65 12 77 54 4 88 13 19 23 73 37 19 23 18 17 89 58 95 42 68 68 21 91 64 63 43 86 50 77 65 31 59 76 32 11 54 44 79 17 51 10 5 3 95 66 15 4 82 7 57 68 67 102 47 14 77 5 65 23 22
59 -2 71 57 45 3 80 70 33 91 90 65 60 65 27 20 47 91 93 76 94 84 10 58 84 68 27 19 58 61 85 91 100 82 18 23 43 49 97 95 61 9 47 17 12 0 86 94 39 28 72 5 54 24 55 11 69 9 15 60 85 3 20 57 49 73 87 19 9 40 49 31 24 15 23 79 88 67 53 61 101 15 48 12 74 19 80 18 84 78 2 63 16 48 40 56 14 67 87 90
25 63 45 88 65 36 20 67 76 67 46 69 25 56 96 34 82 87 13 2 72 30 8 22 47 87 87 28 7 99 78 35 14 81 74 71 17 84 71 55 35 53 96 7 86 60 28 72 53 99 3 18 54 13 28 92 59 67 6 71 13 52 52 95 67 60 95 32 89 58 33 55 28 19 44 18 31 7 98 27 55 11 22 18 22 92 34 77 58 88 61 62 92 29 50 5 93 82 52 11
60 31 3 81 72 64 58 87 83 87 18 21 4 94 92 -3 55 40 9 10 45 80 62 62 93 12 94 23 88 -3 7 11 16 3 61 79 26 18 83 -1 82 9 9 80 56 10 39 7 54 9 95 94 10 46 26 85 6 80 48 29 41 17 13 25 92 31 33 29 90 55 99 78 35 89 73 1 13 86 59 51 10 71 76 19 49 84 54 46 29 8 2 0 56 0 93 38 57 28 84 29
41 73 31 90 7 10 92 82 65 46 30 42 95 31 80 56 5 80 41 81 68 41 83 59 97 89 57 1 13 70 38 70 80 57 53 32 21 61 46 46 45 34 30 54 73 30 7 31 38 81 8 48 53 47 89 8 66 55 39 93 23 9 12 29 23 13 45 98 3 50 67 28 25 100 92 35 44 9 87 71 18 48 59 4 90 41 52 22 4 91 65 51 65 55 91 31 102 86 58 21
31 -3 7 41 20 76 78 6 7 59 54 26 43 77 63 52 27 92 21 40 13 3 35 75 6 36 12 80 91 20 5 58 26 94 42 13 33 8 83 25 51 35 58 65 85 94 62 68 57 90 75 4 7 51 43 8 10 28 89 66 73 60 90 17 53 37 86 4 6 74 57 27 70 51 82 40 52 26 3 92 31 0 55 91 83 82 8 87 60 58 46 51 7 34 42 72 63 36 46 79
17 68 56 38 100 45 8 34 84 44 94 3 10 78 26 6 24 29 44 74 14 80 86 14 45 10 93 41 45 26 91 7 82 74 21 72 87 24 86 81 73 91 83 68 33 83 58 69 18 92 42 58 78 42 86 99 53 36 63 53 11 86 50 50 102 2 77 96 76 87 46 62 102 77 74 68 15 45 46 60 16 92 92 39 14 10 9 13 75 44 92 84 9 27 37 34 20 17 58 85
25 19 21 82 18 54 51 0 67 21 34 54 97 0 12 89 63 84 48 19 7 47 75 72 52 63 95 86 3 0 58 10 50 59 7 8 22 63 40 44 45 18 86 18 76 44 18 72 3 71 94 89 9 87 38 -3 79 38 75 48 66 58 13 75 83 42 36 92 86 51 87 17 18 92 62 86 22 78 11 52 19 43 25 35 29 72 27 47 39 43 27 66 96 15 92 31 63 9 84 57
101 67 70 85 65 18 33 7 9 37 87 68 12 68 21 15 63 83 32 42 97 98 27 49 22 73 28 67 58 28 99 92 36 38 24 74 96 45 13 78 88 69 77 96 19 12 8 16 32 61 25 59 68 20 20 12 96 55 68 81 93 20 51 57 41 16 6 35 98 22 26 44 93 34 15 73 76 29 24 18 92 65 42 9 81 57 100 90 11 24 51 22 26 53 19 51 60 4 74 9
8 0 83 76 60 93 20 10 84 17 12 28 59 15 63 9 54 10 101 35 34 76 6 10 33 14 89 66 74 35 90 18 9 6 101 24 77 49 13 66 23 43 36 80 74 93 45 7 15 13 26 69 68 1 80 25 26 49 85 -2 73 81 63 12 50 90 26 41 60 84 55 5 68 58 18 26 71 28 56 2 20 94 88 31 41 26 89 78 85 84 22 45 41 52 91 87 89 43 8 75
51 50 8 19 51 62 11 82 93 54 53 15 25 14 88 79 15 24 90 41 34 13 87 76 84 62 58 83 73 24 74 72 40 58 25 36 30 77 85 69 15 47 66 67 61 80 10 92 22 11 85 77 19 69 40 73 64 80 28 60 24 90 44 87 18 26 65 6 98 69 48 23 6 34 31 2 49 30 43 26 31 9 48 27 37 73 46 60 73 57 88 47 66 98 66 59 53 19 30 57
9 62 84 75 3 81 22 11 30 7 34 64 29 96 73 83 60 51 25 -3 24 19 98 70 71 85 75 67 81 26 26 2 30 16 24 12 26 52 35 10 25 85 55 19 40 10 55 25 17 28 39 48 72 41 79 46 31 13 81 54 43 80 57 87 15 82 32 7 98 40 65 5 19 88 2 32 52 47 82 42 69 95 87 27 50 93 14 56 51 92 74 28 21 61 32 22 14 25 24 17
7 70 40 18 67 67 22 24 89 19 72 15 33 51 38 13 45 54 85 90 72 81 66 30 22 69 10 75 95 57 13 94 84 96 59 5 31 74 53 42 87 98 10 91 16 21 84 51 84 18 23 76 14 61 43 100 70 85 54 65 97 75 66 98 11 53 62 46 36 91 3 76 17 34 39 28 85 56 21 19 59 65 102 75 54 92 57 94 36 96 31 10 11 67 6 84 47 1 28 7
57 56 45 49 13 49 49 11 54 0 51 84 63 8 35 64 16 36 35 93 87 1 14 62 80 -1 22 59 90 11 89 55 25 39 44 76 41 -1 12 43 4 37 13 10 68 17 13 73 98 56 15 77 56 91 33 11 28 66 17 17 54 93 83 13 63 9 99 8 79 14 26 13 12 0 36 63 6 9 58 16 10 92 100 76 47 95 26 62 8 24 65 39 72 1 13 91 40 60 17 34
35 8 94 32 30 71 15 67 96 24 8 81 55 4 52 91 54 11 34 86 86 93 10 79 31 15 52 95 60 52 14 94 77 79 22 57 59 47 20 62 80 69 20 10 13 3 94 2 12 6 12 53 36 41 77 24 26 8 53 21 68 55 33 8 100 69 50 82 81 86 21 19 99 44 8 45 76 52 53 42 72 2 69 41 75 40 22 23 39 74 102 8 84 62 97 55 15 17 98 11
85 31 44 43 80 41 96 57 83 45 15 56 3 27 32 13 9 4 87 5 46 49 82 85 61 80 77 53 51 46 44 81 41 -1 53 37 59 14 2 42 99 48 14 20 12 43 34 74 17 88 5 53 52 85 72 77 74 89 95 83 4 0 28 16 85 49 48 49 17 23 43 92 7 34 38 47 93 46 24 -2 47 71 2 65 36 12 62 86 19 81 41 12 90 56 71 72 34 16 96 82
56 55 72 39 29 68 66 54 8 45 10 28 48 9 51 81 43 70 3 55 56 65 25 71 36 12 32 47 32 62 88 17 85 22 24 88 72 95 30 24 75 14 16 62 18 70 27 97 78 21 69 4 59 62 46 30 87 58 77 83 3 19 12 41 44 37 15 7 4 85 98 27 3 21 81 6 87 39 12 43 48 30 59 39 9 68 93 30 50 14 90 28 54 14 65 40 43 64 33 16
42 64 86 30 36 42 62 10 13 5 97 54 10 38 13 48 95 92 67 9 52 51 87 83 81 64 75 77 32 21 79 9 84 10 92 66 30 25 77 64 19 13 38 88 56 80 59 54 55 68 30 79 26 80 81 20 16 42 61 30 94 13 26 15 43 28 58 89 50 50 71 83 34 93 8 42 14 6 81 52 25 39 73 96 24 14 43 68 85 21 5 16 63 58 92 52 27 91 51 91
94 51 97 57 79 67 3 29 85 53 13 14 33 21 20 95 54 7 14 79 101 87 63 80 67 77 55 44 34 90 80 26 42 25 34 81 63 30 42 38 88 14 56 84 98 39 44 3 40 73 22 75 78 41 87 70 92 73 81 24 67 95 22 51 36 6 27 64 16 9 26 66 53 69 31 33 72 43 21 34 11 75 42 67 76 63 85 81 83 75 85 6 87 78 94 22 73 33 48 14
39 96 90 37 18 0 41 4 93 0 100 56 13 0 65 44 55 62 98 82 55 66 7 41 83 17 26 77 28 47 83 72 84 54 7 70 64 71 71 17 75 49 101 21 45 91 3 45 81 90 5 6 44 76 29 32 68 65 83 84 14 39 50 78 50 94 94 47 69 90 101 54 9 41 38 86 19 62 12 96 23 40 49 21 65 52 95 36 97 7 91 67 43 77 33 29 16 27 57 31
87 34 58 17 101 49 67 95 51 88 45 26 8 5 93 71 13 4 78 34 16 73 101 2 34 8 47 5 94 16 62 4 54 66 79 69 29 57 53 48 67 76 25 60 74 28 97 99 75 28 56 80 31 48 74 2 32 37 24 77 101 47 17 2 23 22 9 44 30 25 80 37 46 98 50 90 68 22 27 45 80 4 21 28 11 44 91 65 62 80 32 86 66 52 99 29 13 74 24 42
3 26 62 70 76 21 14 19 60 67 79 20 59 74 15 31 98 53 89 6 100 1 7 3 57 28 88 40 95 40 67 63 52 62 100 51 48 85 65 75 81 74 37 44 48 81 81 15 64 74 22 53 78 4 24 55 35 8 40 -2 95 38 28 86 33 44 45 47 61 74 72 3 86 33 47 72 97 94 49 24 76 6 43 28 98 18 76 29 25 18 70 2 24 20 30 34 46 53 4 18
62 51 34 29 49 20 27 80 17 2 41 40 94 22 17 88 90 43 95 48 25 10 76 96 36 75 52 98 40 95 61 54 5 78 99 5 73 3 87 44 47 84 4 89 89 26 55 62 83 79 85 29 29 65 77 56 102 20 73 58 49 81 18 29 44 4 19 28 33 5 95 82 48 64 69 8 96 74 75 50 4 38 89 14 85 79 79 41 28 56 43 69 48 56 80 6 38 46 26 38
39 55 46 80 21 32 27 4 77 78 87 2 4 18 78 79 64 20 69 39 71 13 77 21 38 22 40 37 91 96 30 65 31 3 74 84 50 36 47 71 28 81 4 69 9 55 62 9 74 61 31 64 9 47 75 78 60 18 14 23 15 84 50 5 85 11 72 67 71 59 97 86 87 3 76 27 88 52 27 52 75 79 86 44 9 33 66 84 18 84 77 48 16 20 59 -3 62 17 54 71
62 56 8 82 91 64 51 76 57 77 3 46 41 38 60 71 39 14 76 45 45 93 45 93 101 98 64 55 67 100 31 49 63 87 50 2 40 90 57 21 3 48 47 29 29 46 71 38 98 41 25 99 83 70 65 31 23 1 3 88 39 63 11 21 19 5 47 15 98 83 21 22 32 82 61 14 92 89 52 52 69 85 46 46 98 79 46 86 35 58 74 99 70 70 36 91 50 46 5 33
11 79 92 25 45 30 28 55 96 39 91 13 4 24 30 67 5 88 99 79 85 94 86 50 42 73 29 51 39 41 65 50 57 70 14 63 37 74 79 66 81 32 96 77 28 -3 95 2 35 2 17 41 20 39 36 4 94 2 80 43 59 90 96 40 14 -1 2 28 19 10 73 30 32 28 84 79 66 40 82 19 12 81 67 95 29 21 4 39 10 31 41 7 3 -1 91 24 56 34 55 16
70 91 20 73 84 30 4 45 102 91 71 35 66 17 14 23 101 25 85 39 34 20 65 98 66 8 4 20 75 36 93 80 10 63 11 22 48 3 70 75 59 80 29 42 63 4 69 6 9 40 36 66 9 40 48 82 25 81 7 68 28 47 12 89 98 68 89 39 68 50 35 3 3 85 80 83 67 75 65 38 32 74 56 99 45 61 21 9 70 89 73 27 6 38 77 55 61 30 32 28
93 76 81 30 78 74 95 25 24 20 49 21 79 48 81 58 6 29 45 65 34 52 80 57 35 41 28 36 38 82 69 94 84 11 34 33 56 9 20 87 67 65 12 23 65 59 17 91 31 6 44 82 75 62 48 57 92 39 14 14 58 38 19 39 36 21 3 46 22 30 11 52 54 42 28 19 84 20 85 40 64 87 58 38 56 80 91 -3 52 48 56 41 38 46 50 40 36 77 51 6
76 12 12 49 23 14 36 99 29 71 101 83 27 91 22 22 72 100 3 3 64 58 31 67 7 8 72 2 38 40 87 16 65 1 42 19 76 100 27 63 26 75 70 54 3 34 67 84 86 4 60 44 38 67 80 40 53 96 48 89 62 48 75 11 39 26 22 47 93 56 77 86 98 84 22 32 60 71 55 55 6 83 61 72 76 76 49 87 3 20 34 32 29 72 85 86 33 90 12 88
56 44 90 59 47 82 54 15 83 22 28 48 67 37 75 57 12 71 42 68 16 94 40 11 6 56 54 13 69 7 89 22 20 67 71 -3 76 -3 14 60 45 59 94 19 63 42 32 75 87 67 15 0 16 54 22 6 92 11 80 17 89 73 35 60 85 81 25 36 11 95 95 96 90 75 18 20 76 3 24 86 40 38 77 56 31 66 92 27 10 6 35 35 12 32 61 30 13 73 77 82
78 36 61 17 56 28 66 10 52 61 38 77 37 6 33 40 74 94 59 14 42 12 12 46 9 2 48 31 56 47 24 75 76 24 3 50 5 57 46 57 90 7 16 90 8 26 36 42 38 64 87 21 77 43 84 80 14 89 16 77 16 27 101 67 99 20 11 95 98 81 97 7 67 42 35 19 25 33 83 64 26 90 91 73 94 60 102 4 53 75 26 7 34 10 87 55 71 41 76 60
81 71 86 33 71 36 13 90 94 72 13 26 94 79 45 96 56 56 10 81 97 75 88 72 91 15 23 4 101 1 16 16 97 88 44 55 81 44 47 3 84 94 56 40 33 6 26 22 49 8 86 2 50 74 21 95 48 88 61 29 81 95 29 15 32 4 12 29 47 1 61 57 62 32 80 59 58 69 68 64 24 12 7 92 46 33 6 9 99 92 36 60 87 64 62 80 72 86 27 17
19 91 98 45 71 44 84 3 44 13 61 70 78 82 44 89 82 69 92 58 61 62 63 79 24 28 20 66 102 91 21 50 83 100 15 32 24 47 7 62 63 35 53 59 56 33 72 5 75 21 10 92 74 51 61 34 79 12 87 8 11 67 51 12 32 34 29 98 27 14 60 72 69 64 100 19 82 44 20 62 45 84 21 26 45 38 3 32 20 33 77 38 42 22 56 83 61 28 63 79
24 51 92 74 90 19 22 96 6 88 30 2 13 18 83 82 98 24 82 7 95 69 12 83 49 73 32 62 80 91 35 33 71 48 72 35 59 30 95 44 88 36 57 63 41 36 51 93 66 87 18 52 81 -2 25 25 95 60 42 64 63 95 62 58 24 2 97 49 58 45 61 55 91 40 75 43 81 57 88 91 91 22 73 37 33 13 80 47 56 41 37 82 11 47 92 93 70 7 31 5
93 2 69 57 20 81 27 25 57 40 16 64 63 49 4 90 84 8 25 41 73 53 16 38 47 34 64 81 68 56 65 66 94 87 36 1 62 9 86 88 69 96 83 95 77 4 29 71 43 49 69 11 4 66 100 98 33 44 84 29 20 51 99 50 39 62 38 15 75 48 50 94 29 74 58 75 16 2 32 4 45 13 84 36 27 95 42 75 18 68 39 27 69 72 55 88 8 74 24 41
80 79 58 46 11 21 52 90 63 77 83 2 4 10 27 15 44 5 52 -2 97 73 24 51 19 40 11 48 47 15 50 15 2 95 30 17 36 19 64 82 34 95 87 46 4 66 97 86 33 70 54 57 15 47 7 33 85 30 65 35 80 10 47 90 6 32 36 63 73 85 44 80 30 38 52 54 10 95 3 12 98 18 59 22 76 20 98 12 57 75 15 70 22 -1 6 39 87 66 83 90
73 62 95 12 32 60 94 14 3 27 73 48 73 50 78 35 90 56 70 48 101 38 71 35 35 82 96 32 68 19 38 43 20 73 87 92 96 37 50 2 43 36 71 85 24 32 39 82 39 30 80 31 80 63 89 5 100 59 92 95 23 77 61 95 20 63 6 83 101 70 38 73 56 27 57 72 100 69 54 42 75 76 33 48 98 2 38 47 17 26 54 37 40 66 80 4 98 12 22 39
97 85 20 27 46 5 56 6 94 47 89 10 31 10 60 43 74 20 74 5 27 59 100 63 87 18 78 52 33 96 82 92 97 85 5 43 34 14 64 -2 30 55 75 86 72 27 33 28 38 63 62 44 69 66 32 46 25 94 12 45 15 89 34 82 76 92 68 -2 14 49 69 17 83 73 28 51 55 69 84 88 50 11 3 80 42 11 67 86 27 91 51 3 19 45 64 64 14 48 101 44
46 48 8 1 15 39 12 1 27 70 76 49 46 99 98 73 18 18 100 30 36 23 44 6 19 57 77 93 49 31 85 98 61 57 32 54 39 98 10 78 42 84 71 30 11 17 29 13 50 48 95 86 35 76 12 36 9 93 77 88 61 72 84 39 7 74 21 13 15 18 34 63 4 77 51 64 75 93 75 66 40 58 99 100 60 43 65 82 69 5 100 68 85 47 75 74 101 70 100 99
59 91 53 48 34 7 40 7 34 39 45 11 98 26 79 17 19 34 44 30 37 19 51 68 39 40 88 80 24 58 93 11 87 96 46 82 68 64 69 1 96 75 39 33 50 57 86 4 51 51 85 15 21 92 79 20 89 79 86 11 29 -1 99 55 75 43 80 87 67 96 50 25 52 33 29 0 60 60 43 57 96 48 12 53 25 43 65 12 27 45 57 95 75 90 93 66 56 84 16 49
66 99 91 16 74 22 75 14 78 91 58 75 4 55 56 46 6 58 47 26 82 62 40 86 97 30 52 95 27 30 36 10 39 92 19 69 30 84 56 36 13 95 60 21 57 89 88 70 54 84 60 47 51 55 70 12 83 64 101 79 95 83 97 74 95 67 46 14 39 23 32 94 38 1 69 49 26 39 97 31 100 83 12 51 65 97 54 86 91 96 97 86 40 24 13 77 93 18 48 66
37 4 30 59 7 9 79 15 46 21 72 4 43 72 72 74 65 17 65 4 89 85 26 34 2 90 57 36 87 13 69 34 73 26 55 96 15 36 75 53 21 7 27 34 11 30 97 35 15 91 73 -1 10 10 30 78 4 10 90 64 96 4 60 50 34 72 21 88 59 48 66 29 48 35 35 20 34 81 67 58 33 -3 79 84 45 4 53 81 82 29 15 69 91 33 29 2 86 27 15 29
47 56 53 64 73 81 98 73 55 50 64 43 53 57 102 62 49 72 25 50 57 94 56 17 19 90 27 21 48 1 83 29 17 99 15 48 60 22 36 45 59 100 58 42 4 46 64 19 81 83 54 59 21 26 60 82 42 71 51 64 88 65 35 21 89 98 26 17 8 69 8 45 29 44 35 85 22 85 23 86 67 36 60 37 53 69 31 70 9 95 85 61 46 48 85 39 41 92 88 15
64 73 49 19 25 33 37 3 85 4 16 85 82 5 20 44 61 7 79 13 43 9 46 39 74 18 11 75 3 16 98 2 87 7 41 10 95 8 32 5 69 78 33 38 71 49 50 10 47 57 4 38 70 55 77 24 17 29 40 95 87 22 37 96 18 19 101 86 95 39 10 41 31 38 14 55 75 6 98 45 91 37 94 14 48 14 44 6 101 43 55 52 33 80 80 9 83 56 98 43
58 30 101 34 22 55 73 97 100 51 77 36 75 8 59 65 47 28 77 90 57 28 36 47 83 55 39 39 25 97 95 10 60 3 17 94 14 9 39 16 99 46 9 13 12 91 82 72 32 99 18 21 65 40 12 92 81 62 19 65 49 89 14 68 38 63 31 6 65 22 43 72 90 48 9 92 23 70 98 42 91 61 12 81 30 66 56 36 100 95 15 91 10 59 31 32 16 36 61 96
100 79 99 23 86 12 77 -2 17 55 2 59 71 30 8 70 74 61 87 66 86 36 19 87 3 92 90 11 56 59 95 47 21 7 44 89 62 46 35 53 14 28 74 -1 50 26 96 49 61 37 13 86 38 25 63 86 4 89 45 40 48 1 38 47 37 44 69 88 40 55 66 42 78 61 33 26 28 64 60 61 38 44 84 65 5 18 80 67 10 -1 27 85 8 74 74 28 27 61 4 42
100 54 97 49 86 6 20 57 44 27 62 30 12 11 81 57 7 8 92 100 23 14 35 25 10 15 68 71 23 5 10 95 16 60 97 87 15 64 94 14 22 14 46 36 39 81 24 15 88 32 21 89 51 64 50 12 43 48 81 97 14 43 100 30 21 57 6 79 62 34 70 42 35 64 76 64 53 5 11 59 91 54 35 66 37 65 82 1 91 19 17 28 87 75 95 62 93 50 82 42
76 34 68 11 5 55 90 30 5 25 74 35 54 14 4 85 7 61 31 69 39 10 92 29 80 24 87 5 61 49 79 0 33 89 95 79 14 74 81 78 44 19 69 41 40 61 92 65 55 22 85 89 4 17 29 11 70 -3 46 5 55 8 51 44 18 3 44 40 52 63 6 54 101 24 82 22 78 49 70 24 37 25 28 87 89 13 76 20 77 21 34 59 53 35 70 77 43 92 29 37
81 36 18 47 19 38 66 49 45 16 53 78 6 12 90 74 64 77 55 93 3 51 60 96 78 82 85 22 86 30 35 77 28 81 20 19 95 91 99 69 59 40 63 27 56 18 4 57 71 6 22 99 83 66 45 48 101 16 89 22 55 97 96 68 9 32 51 2 54 2 75 38 9 66 20 4 8 82 9 22 58 1 75 46 79 23 28 85 88 54 31 7 82 4 5 8 67 25 92 85
41 6 7 21 101 13 54 19 7 32 57 93 28 31 62 80 78 9 85 38 55 90 32 39 33 87 35 59 39 93 98 29 50 46 69 65 34 51 44 48 53 34 60 67 30 62 34 31 36 41 75 81 58 77 44 27 54 71 101 94 55 6 56 38 61 56 52 57 97 51 80 22 49 27 53 15 52 67 9 58 30 59 17 -2 2 93 19 17 28 17 35 14 50 93 64 8 15 94 48 35
97 11 52 74 85 26 88 67 61 8 69 50 41 82 83 14 81 80 12 58 72 35 88 37 9 35 44 43 15 1 68 17 102 65 63 72 31 3 49 69 53 96 78 19 67 49 24 16 34 61 9 46 47 80 60 77 36 40 64 59 36 51 64 38 22 55 69 25 74 46 94 18 37 29 29 62 53 34 16 43 39 33 75 42 99 25 58 87 47 91 8 59 83 83 4 50 6 100 39 71
64 -3 20 77 39 3 12 -2 53 38 34 53 22 37 33 68 29 7 71 84 85 71 47 85 54 1 46 3 65 95 48 7 97 47 62 46 37 96 11 77 14 42 52 55 94 91 63 72 77 40 78 39 71 59 55 36 44 44 56 91 24 56 89 61 11 25 96 30 6 21 20 64 78 53 59 29 9 9 29 69 37 11 69 51 62 96 34 66 57 42 38 80 92 49 8 44 18 43 93 54
10 64 90 2 25 5 15 8 60 89 26 52 102 44 9 82 51 35 76 58 59 31 96 9 67 90 70 80 55 50 80 2 99 92 97 42 22 55 14 45 77 78 59 94 22 50 8 91 81 62 40 71 44 61 20 64 53 27 47 12 61 3 28 59 46 40 37 64 17 45 92 55 78 17 47 9 101 41 32 18 92 93 66 67 35 68 94 35 18 90 32 79 81 89 77 12 98 79 50 65
38 42 42 33 21 58 43 2 6 34 27 68 83 54 101 14 3 31 34 43 61 30 77 85 90 44 72 44 60 22 56 -3 36 48 70 33 99 54 89 82 12 9 80 48 17 20 60 52 16 90 49 41 16 9 58 11 54 28 31 84 99 80 35 46 36 87 57 44 44 21 88 53 63 59 87 87 22 40 7 45 3 51 21 88 74 89 59 30 93 77 35 43 73 95 12 90 24 61 65 8
67 75 12 79 65 3 69 30 51 27 61 98 58 50 23 100 32 70 90 81 100 35 47 14 90 43 83 35 55 8 57 69 19 56 15 29 95 80 89 9 35 35 28 63 56 15 43 75 69 32 19 23 52 64 48 63 84 24 54 27 87 79 44 16 81 14 100 92 50 25 17 92 88 7 60 7 3 84 58 99 44 32 46 70 77 24 14 82 25 23 17 37 39 71 59 94 73 85 83 84
4 11 2 5 18 1 36 70 3 14 7 29 19 89 81 -2 22 32 95 32 46 47 41 32 77 47 54 7 89 6 97 85 6 64 80 24 76 81 72 83 61 50 12 33 16 31 64 20 60 94 42 41 4 30 95 -1 22 14 25 68 65 75 22 22 84 61 101 45 18 92 48 65 95 75 4 23 80 28 100 40 15 5 43 91 55 19 85 62 79 94 57 43 60 86 30 43 96 88 81 24
El programa tardó 29.778957366943 milisegundos en ejecutarse.
