38 26 85 28 96 25 65 86 32 83 95 32 81 5 56 86 30 60 23 95 18 58 80 5 49 72 69 75 79 59 42 15 88 40 36 60 81 76 59 41 69 29 23 67 88 73 56 75 39 42 42 56 41 53 85 45 52 91 69 78 47 63 86 50 19 64 44 89 20 94 15 23 94 60 73 4 78 59 7 95 30 54 96 66 14 30 57 48 34 15 30 52 5 67 24 3 97 1 93 48
30 65 92 78 83 84 78 57 13 25 68 9 95 14 28 46 97 70 64 86 59 68 18 96 27 18 10 11 91 85 74 54 4 90 11 51 42 7 60 10 21 43 14 6 36 5 25 -2 9 23 71 77 30 12 80 37 40 57 8 56 86 84 65 40 79 27 27 6 23 54 11 69 68 94 14 82 78 49 4 12 100 65 26 13 8 89 31 94 99 29 75 62 16 96 30 75 21 1 37 16
67 63 100 77 54 38 49 81 29 59 33 35 60 25 82 69 79 24 78 8 102 73 96 52 29 5 45 50 47 23 7 55 69 59 4 20 31 74 40 32 47 73 57 37 38 98 32 88 26 12 59 59 20 82 21 90 70 31 45 51 57 22 29 4 77 4 71 99 55 57 15 45 45 52 74 39 5 22 84 37 38 78 23 48 59 44 50 97 98 41 10 2 7 30 95 19 7 22 96 84
53 10 89 -1 11 65 15 18 22 42 44 47 43 17 14 69 41 59 18 46 19 49 54 84 92 63 8 85 87 80 30 21 22 86 81 80 60 41 66 88 50 34 42 14 62 -1 100 33 18 20 32 18 50 72 62 23 68 55 5 27 23 90 13 62 48 30 40 17 8 93 94 49 72 15 62 87 85 53 7 85 98 81 2 42 4 75 31 61 84 82 14 9 94 17 30 96 50 83 11 70
69 17 22 21 47 19 19 15 84 20 100 84 7 81 30 9 5 82 54 89 54 46 31 97 70 40 96 39 60 17 22 32 80 80 8 43 86 55 41 88 37 98 67 67 73 73 94 61 17 68 10 74 40 54 26 14 53 4 56 15 5 64 87 42 54 66 66 60 59 42 96 45 87 43 46 86 37 99 81 56 16 28 6 47 73 56 69 55 48 44 26 1 45 15 50 57 49 16 3 84
19 18 23 59 24 66 68 25 81 66 29 13 69 20 12 75 91 74 88 88 54 87 43 59 3 4 37 11 72 7 76 -2 56 14 9 94 88 82 26 77 95 77 3 20 54 77 48 3 4 86 49 23 84 16 54 27 51 47 50 39 101 70 89 3 71 18 71 34 99 47 69 10 52 40 91 26 87 -1 80 64 83 -1 52 53 6 17 15 92 94 75 70 74 34 96 2 48 83 88 77 86
15 65 22 98 21 56 26 95 90 12 45 75 76 85 69 73 13 4 32 37 98 23 95 23 63 5 69 29 54 94 89 85 9 71 30 33 99 86 35 59 75 15 3 4 45 8 90 82 10 10 8 68 32 14 98 22 74 10 100 77 39 50 25 12 80 99 30 15 74 82 12 21 60 96 15 11 36 16 9 45 45 66 35 13 46 5 18 63 74 39 54 9 71 21 53 78 79 17 43 18
101 12 14 59 100 24 40 75 65 13 25 54 36 51 94 96 58 23 63 -2 34 46 51 62 54 14 9 83 64 15 95 5 23 39 90 76 55 13 68 76 36 0 72 34 55 6 94 87 83 52 53 13 71 86 8 96 101 23 38 47 88 31 63 75 88 83 16 47 71 63 60 67 79 93 71 44 8 36 20 20 77 14 73 80 41 63 3 72 74 66 58 18 94 60 42 5 21 55 83 21
96 70 34 8 14 14 10 44 61 76 25 93 5 15 63 80 68 60 67 4 75 84 53 48 53 35 39 53 5 87 82 37 14 23 58 91 41 64 48 38 77 39 26 42 38 70 23 6 86 45 90 91 33 27 90 60 16 89 94 50 84 86 35 45 8 67 82 31 59 63 44 4 90 44 49 88 79 10 56 43 23 44 66 23 47 13 58 76 97 92 29 61 102 41 37 94 49 53 86 41
99 79 11 86 95 11 75 70 5 53 21 21 95 6 56 65 27 59 40 32 76 62 8 23 60 16 34 5 2 31 55 49 99 14 99 62 68 34 31 35 39 56 26 39 31 22 73 8 80 86 100 54 34 47 42 56 4 10 20 0 72 78 85 59 84 72 89 92 5 23 88 13 46 39 28 67 20 30 97 -2 6 1 99 22 2 83 2 43 25 94 55 22 56 20 2 92 83 -2 34 28
95 28 102 61 56 78 78 18 93 90 15 36 27 47 41 89 49 28 65 94 100 19 17 14 35 10 16 98 76 19 4 32 9 33 64 93 5 88 74 3 8 39 78 64 39 40 31 3 78 70 82 82 45 6 71 93 85 7 96 55 48 98 66 12 21 35 86 73 12 71 50 60 92 20 99 18 94 75 79 83 67 16 79 52 6 13 74 87 15 10 74 32 88 50 95 10 48 91 9 4
74 46 87 56 76 91 60 62 95 11 3 86 18 53 67 17 59 72 89 50 25 82 67 43 99 46 95 79 22 26 31 45 86 43 48 64 80 -2 53 90 33 23 84 31 41 80 98 11 54 1 41 53 99 33 31 51 44 68 59 26 83 60 70 82 86 84 34 10 2 26 40 4 29 36 20 10 57 18 25 23 64 89 82 43 10 88 34 66 100 63 42 31 90 38 39 72 29 15 74 96
51 28 46 67 19 24 26 65 28 86 100 12 73 57 94 81 64 24 60 9 59 50 72 37 74 21 60 63 82 66 33 24 90 28 67 34 50 95 45 54 16 72 94 87 83 98 10 60 52 89 28 54 36 26 69 27 96 59 90 100 42 4 48 30 16 1 14 60 16 53 96 78 60 59 42 76 52 89 60 93 48 93 55 47 11 24 12 68 50 43 82 94 88 56 88 88 54 34 73 85
2 26 31 -3 83 45 10 60 47 85 48 81 12 76 19 6 96 72 7 37 73 26 67 81 50 22 40 90 86 30 93 66 68 72 38 8 28 22 98 87 33 76 48 51 34 48 70 78 24 -1 98 9 96 19 62 32 3 36 19 93 97 53 4 46 47 61 49 3 101 32 45 51 77 23 25 67 88 2 50 86 60 36 91 30 4 64 98 61 89 23 2 46 51 54 49 12 73 24 84 92
65 3 88 52 85 72 83 15 28 1 45 39 48 74 12 59 33 73 80 88 69 14 90 89 90 74 52 19 38 2 18 38 33 58 21 37 57 37 38 74 88 50 61 33 66 18 82 91 86 58 67 95 80 58 90 29 55 22 102 100 61 22 70 98 11 1 98 11 76 73 19 52 30 34 27 14 28 1 24 52 81 24 85 49 49 91 30 99 42 31 71 42 98 19 25 30 46 85 47 29
12 8 85 8 2 40 17 23 89 86 93 76 12 49 52 2 99 90 91 83 70 91 49 49 65 52 70 80 4 22 16 33 59 57 81 34 23 40 5 15 93 29 27 41 52 25 40 66 9 -1 70 13 87 44 13 68 97 75 64 36 87 33 45 31 91 10 2 19 95 63 38 48 29 19 28 -3 60 79 53 54 72 24 61 53 87 69 6 90 15 3 27 61 52 82 58 59 48 83 93 81
44 23 39 44 30 1 64 50 29 67 41 7 99 7 71 37 64 23 60 28 39 30 59 98 71 84 82 7 42 81 77 8 73 50 28 40 79 67 99 44 55 53 19 92 38 78 45 6 81 80 25 78 3 45 77 55 11 92 93 44 93 75 95 1 60 69 80 2 56 28 49 97 28 49 41 76 20 85 40 10 80 31 42 43 23 9 88 64 41 54 87 92 87 29 86 92 63 81 96 26
2 60 57 35 54 47 69 79 31 89 100 83 94 67 24 48 61 22 76 17 61 56 72 3 60 26 79 37 55 79 5 83 7 22 3 76 93 11 89 96 10 45 73 96 6 27 73 12 38 43 19 72 61 26 92 81 6 47 21 73 94 2 94 -1 23 45 26 5 31 45 35 92 66 45 39 83 16 30 18 5 50 1 34 33 94 15 63 1 12 34 19 60 101 77 49 24 8 -2 82 11
69 42 53 72 27 44 78 36 47 68 78 71 34 69 37 8 91 58 54 86 15 25 18 90 77 32 42 70 91 53 23 28 44 5 78 36 9 59 46 88 61 96 48 38 29 29 38 40 81 8 71 73 84 70 94 81 38 90 21 36 56 62 98 92 73 46 43 100 14 50 96 65 17 77 16 1 96 98 61 20 58 48 82 50 34 17 81 40 77 32 49 92 66 5 88 64 19 67 15 2
51 68 5 12 39 20 100 76 31 44 80 72 52 79 63 71 57 82 15 8 50 48 40 60 92 9 53 24 82 81 45 56 85 82 41 -1 21 78 13 28 30 57 88 7 43 74 67 37 80 77 14 67 92 42 50 43 92 36 17 41 25 74 59 36 2 74 39 89 47 26 48 76 53 11 89 58 84 16 12 58 48 30 64 33 49 26 65 52 88 59 68 15 7 56 53 53 8 9 20 88
40 6 93 67 38 87 14 77 59 97 12 85 36 64 53 13 42 84 35 84 87 95 89 100 60 75 38 98 54 9 23 93 37 69 69 37 22 89 58 32 65 15 10 24 78 61 9 50 49 11 18 2 18 31 9 95 72 21 87 71 74 37 64 51 92 69 95 42 94 17 56 56 18 26 56 24 29 7 83 37 28 33 65 72 101 17 85 21 16 97 23 76 64 45 23 92 95 51 76 66
76 34 66 91 80 87 97 39 48 3 36 9 40 1 12 86 34 40 8 67 86 67 24 6 74 8 53 25 24 86 14 80 23 94 91 84 20 60 3 63 10 50 74 5 26 51 14 52 11 62 28 7 69 80 59 77 33 13 19 20 22 32 49 36 49 41 16 80 91 95 2 41 32 12 83 4 78 48 86 56 57 40 9 -2 33 61 36 63 89 40 51 54 91 93 21 51 83 91 79 61
34 90 58 47 39 48 13 40 62 93 91 9 97 16 8 41 53 82 95 81 88 6 38 35 17 41 60 51 43 6 58 12 10 23 57 55 39 33 64 89 50 24 27 58 41 89 79 36 43 15 6 73 59 93 29 7 23 23 95 13 39 88 90 84 60 67 39 70 45 39 20 41 83 75 65 86 8 59 102 98 34 48 7 55 49 50 75 30 41 41 98 61 4 36 13 25 78 79 30 49
96 7 90 34 58 25 94 80 56 51 40 62 63 91 57 42 59 72 88 31 10 8 44 57 40 77 32 -3 22 38 20 65 24 79 85 73 42 9 99 71 55 4 13 40 93 44 26 46 20 44 26 30 6 72 4 49 4 71 10 50 45 19 55 3 33 9 12 12 3 7 60 49 71 39 6 79 53 39 92 44 86 69 101 39 84 20 48 -1 2 93 84 82 45 51 55 55 8 46 98 14
77 10 78 53 85 1 96 65 7 64 77 30 59 60 18 39 57 50 97 87 22 84 9 68 52 51 62 67 52 16 40 15 51 59 28 42 26 80 102 31 49 62 7 36 30 24 31 29 90 33 72 92 83 88 20 72 26 35 4 89 40 23 70 94 80 63 31 37 48 4 76 24 18 99 91 34 57 9 31 60 34 36 96 51 15 56 28 28 96 3 96 78 8 10 66 16 19 2 60 46
9 15 92 54 43 22 27 12 53 35 56 35 64 33 97 87 59 33 34 6 11 4 56 92 57 0 61 44 85 60 62 34 92 8 89 13 15 70 42 20 17 87 28 85 65 75 56 13 100 9 73 36 23 64 53 46 91 3 4 32 51 16 13 27 42 46 14 68 72 77 37 92 72 94 10 19 20 49 59 13 10 54 77 19 87 96 72 51 70 10 19 82 46 1 86 9 31 51 7 22
22 36 79 42 39 71 92 46 42 98 96 90 35 13 69 7 99 82 11 15 100 42 14 86 101 42 61 84 52 94 3 89 84 51 102 40 31 52 100 84 18 29 65 2 89 1 78 60 45 36 100 37 37 1 96 36 6 78 44 21 27 100 61 68 57 60 45 61 82 88 37 32 89 91 18 64 90 51 81 84 87 38 46 69 21 74 23 21 100 52 22 72 51 13 18 91 17 38 101 19
81 26 36 30 45 35 21 37 3 54 71 41 63 46 4 54 40 32 77 91 81 79 37 69 60 49 70 48 26 46 8 36 57 57 52 79 53 33 45 72 29 58 49 26 26 79 71 32 7 85 62 91 45 86 90 85 15 6 74 75 86 21 52 62 62 37 65 44 100 88 73 45 96 55 34 29 90 76 2 29 72 20 22 81 43 24 60 81 21 60 76 28 96 44 97 71 101 84 21 21
75 100 48 56 93 27 14 61 17 25 62 13 57 9 94 13 73 57 63 13 65 31 70 22 55 85 46 29 76 75 92 15 62 32 23 11 20 84 3 66 18 79 86 32 9 2 76 8 89 32 20 35 78 29 67 57 72 29 18 52 54 54 55 24 68 31 65 81 68 71 42 4 86 35 81 28 90 88 32 86 37 17 65 59 35 72 11 14 13 73 64 23 66 8 10 91 72 43 57 36
17 54 7 15 54 7 45 25 82 39 5 91 20 25 67 7 56 88 100 25 71 5 88 -1 30 23 12 36 97 66 41 27 70 68 58 45 74 46 10 87 26 15 78 75 86 96 83 24 61 76 45 21 57 39 15 80 96 2 32 50 14 46 81 7 98 55 99 55 18 56 10 54 70 55 30 59 31 67 31 66 21 49 43 46 15 45 66 54 14 66 40 77 60 50 50 35 24 56 74 -2
14 74 79 49 67 35 50 72 48 5 93 67 59 54 87 55 70 38 66 21 32 26 18 56 92 23 45 53 20 21 80 97 99 30 66 66 67 7 45 66 75 31 38 84 53 64 90 82 91 55 76 94 19 36 91 56 59 13 24 44 37 21 11 40 102 86 86 34 67 14 102 6 97 5 79 16 91 51 43 89 91 1 55 71 10 20 95 75 3 81 69 62 59 34 25 37 46 49 85 62
59 83 48 42 44 2 41 96 21 33 92 90 38 79 35 90 76 73 53 23 82 77 78 42 77 -2 31 58 81 34 35 20 18 79 60 37 40 44 72 60 55 86 45 42 5 74 36 47 25 34 95 67 22 92 74 73 97 46 15 34 42 66 58 73 11 47 75 88 55 17 56 84 72 43 93 16 30 37 89 95 13 39 84 60 85 87 46 56 59 7 69 41 22 60 63 86 27 14 49 2
97 60 77 2 64 52 76 35 16 17 101 12 4 33 83 36 78 91 11 25 98 86 69 56 86 79 23 11 41 1 23 89 20 31 82 98 99 32 49 6 44 95 31 56 28 87 35 95 65 85 3 64 13 23 56 92 94 75 62 51 90 48 20 54 67 51 94 75 12 84 97 8 20 74 102 89 84 61 77 50 27 51 85 77 79 25 61 6 63 94 83 92 92 95 74 69 27 25 29 9
20 96 57 69 40 63 31 75 63 66 74 60 33 10 90 55 64 77 43 86 45 67 7 23 69 56 73 9 20 10 51 34 64 0 76 7 89 12 88 55 91 81 82 27 39 15 85 96 94 17 56 6 32 64 47 17 18 45 33 67 17 23 50 82 66 24 90 53 49 39 75 92 98 56 27 75 9 36 54 13 17 -3 42 58 86 32 96 90 81 96 96 39 68 28 36 -1 29 -2 21 36
52 22 33 91 20 80 21 92 71 4 17 9 17 2 42 55 98 95 54 35 65 40 52 88 68 3 71 31 46 71 18 76 39 74 78 3 14 38 92 68 84 43 65 36 30 72 44 19 62 48 65 34 65 78 85 84 42 78 16 100 40 43 100 93 63 91 54 98 9 34 52 90 43 79 24 23 7 73 45 39 89 11 94 50 34 12 51 21 61 60 11 39 32 57 40 72 99 79 20 21
73 -3 74 27 101 15 44 88 86 61 46 8 30 73 18 86 59 66 70 10 73 17 71 20 28 70 69 18 89 33 49 91 18 49 9 77 20 86 17 12 97 12 68 27 38 94 46 20 75 69 57 33 70 49 17 40 36 94 8 67 15 44 72 41 7 59 15 92 43 84 4 92 86 25 90 86 44 89 64 15 92 17 56 94 72 22 23 87 6 17 13 84 84 -2 24 42 13 57 23 72
93 57 10 70 72 100 19 20 64 85 4 2 61 5 29 16 38 84 93 81 93 89 64 30 53 46 32 98 84 61 19 67 99 93 63 40 17 99 79 47 28 62 37 44 49 48 38 44 3 59 61 92 46 97 59 12 67 51 17 23 38 8 52 87 46 73 35 30 37 78 31 72 39 56 98 73 57 63 80 6 44 10 19 34 27 10 55 99 29 15 36 87 89 57 77 80 48 7 77 59
25 94 9 76 50 54 23 4 49 40 29 53 62 87 68 37 48 0 9 26 96 76 27 49 90 64 5 85 45 11 81 51 7 87 96 72 76 44 29 19 11 74 11 74 98 37 91 85 39 30 71 60 94 76 3 47 7 35 101 55 35 29 73 73 11 34 4 35 14 54 97 25 34 77 101 83 63 95 55 32 35 29 75 43 59 12 48 73 10 42 81 61 14 36 20 69 78 72 97 2
7 56 100 88 26 63 43 78 8 47 41 90 89 25 75 8 11 48 57 18 99 28 55 63 57 9 75 60 90 28 34 82 21 52 42 49 38 13 101 86 4 71 86 4 16 73 97 85 38 22 88 99 47 78 84 64 11 90 32 31 11 62 29 68 53 37 33 7 34 14 32 79 60 58 68 90 57 44 19 61 27 13 50 58 74 78 68 43 26 10 24 78 79 70 48 26 59 40 80 91
65 73 81 60 53 2 100 57 69 4 75 39 93 96 3 38 42 34 56 50 100 96 31 49 98 73 24 51 10 9 7 70 83 7 9 32 97 66 64 -1 39 47 83 47 59 56 97 30 76 76 80 91 59 48 18 42 74 66 101 0 76 35 2 5 74 -3 33 30 24 19 52 57 25 21 101 40 41 89 25 95 10 32 13 68 46 89 2 84 58 50 94 -3 26 67 84 87 11 24 6 33
101 48 49 60 19 9 3 62 72 67 6 58 59 68 60 12 57 94 36 85 31 35 87 13 63 86 99 43 50 2 10 73 59 57 29 49 38 13 84 95 36 90 89 86 13 25 62 80 77 90 24 68 101 26 44 31 76 72 35 25 23 27 81 60 63 26 87 62 40 86 90 82 48 8 94 39 61 16 36 39 71 42 60 75 35 79 57 72 23 39 77 73 85 91 55 71 95 68 84 17
63 66 71 27 37 23 58 94 36 1 31 14 67 5 92 53 8 34 6 14 38 45 66 53 65 66 43 17 66 10 26 25 92 56 65 58 73 54 28 40 87 42 21 18 93 49 11 0 86 21 56 67 60 77 101 65 56 74 30 80 55 36 64 51 44 0 92 73 101 88 58 54 74 19 4 50 18 65 59 0 18 39 70 32 84 8 54 31 15 12 92 26 66 93 20 55 88 15 91 58
16 93 50 43 89 31 50 67 31 36 76 23 77 9 52 28 50 26 17 48 6 72 50 89 21 87 39 6 83 35 72 96 50 26 102 74 102 75 45 42 35 95 53 3 98 11 9 9 41 51 69 31 50 26 36 44 65 43 60 77 39 67 93 10 97 96 98 69 35 94 95 88 79 56 30 1 67 85 51 39 19 17 74 23 16 89 99 38 9 55 24 14 16 2 66 44 51 28 14 89
53 10 20 67 101 16 5 32 17 23 2 62 78 35 98 85 25 62 21 16 87 -2 94 83 31 22 85 48 75 54 44 60 95 14 3 59 6 34 72 71 62 18 42 27 26 28 60 55 87 42 69 2 50 21 13 81 101 57 85 16 97 55 65 33 6 47 38 16 64 83 86 30 40 94 75 95 88 33 89 80 57 8 65 64 67 7 70 28 9 36 12 5 24 79 15 37 20 38 23 81
32 71 50 7 98 13 18 20 39 88 31 26 21 76 85 50 72 15 11 33 91 93 33 26 88 40 101 94 52 55 68 12 6 53 28 26 91 54 17 8 58 92 60 69 99 49 81 5 18 96 53 39 53 76 62 22 9 90 28 27 15 67 29 18 96 5 85 33 9 76 96 56 9 42 30 52 89 21 29 60 70 86 49 39 9 4 18 12 98 63 61 30 76 63 71 64 24 91 51 93
34 48 12 56 48 43 38 28 16 74 101 1 11 74 51 73 48 25 99 12 62 11 6 21 17 59 51 45 46 60 5 14 12 54 59 81 53 92 25 68 22 36 70 5 88 39 23 94 28 25 94 31 63 84 15 63 39 70 30 39 9 94 97 20 60 74 72 36 77 35 88 45 69 16 19 52 62 68 55 5 80 22 100 39 69 13 21 59 79 60 6 34 16 37 74 6 87 32 78 90
33 99 33 90 81 13 101 11 4 39 22 77 57 35 88 9 59 46 93 26 57 61 77 20 30 91 56 64 56 52 59 3 94 4 36 36 91 11 102 11 99 94 56 44 95 26 72 42 37 79 15 46 44 79 22 75 97 3 14 91 49 23 40 71 29 49 45 23 35 40 50 74 92 76 49 68 4 25 20 61 74 47 101 86 67 68 18 17 97 14 90 71 82 30 12 31 55 79 97 100
57 14 27 38 42 55 77 88 85 21 80 86 78 8 21 7 20 86 66 30 17 94 33 29 25 65 70 49 19 95 59 55 43 44 24 42 16 8 54 32 67 35 38 76 89 76 62 28 19 13 64 65 53 38 66 63 58 2 81 77 5 4 7 95 78 25 9 88 91 89 4 11 73 56 88 49 90 53 7 78 67 54 78 16 28 49 65 44 44 59 73 79 62 55 9 6 32 89 29 74
102 61 66 79 10 61 47 73 60 15 43 12 52 7 64 70 50 81 83 94 38 18 55 42 60 42 54 87 68 66 30 31 93 24 12 83 81 11 72 42 31 91 92 18 68 23 92 31 74 79 82 43 4 41 53 59 71 97 88 63 72 61 101 71 12 97 8 77 32 18 28 19 90 8 72 87 62 23 20 29 17 75 98 62 81 49 82 87 74 43 93 73 19 84 58 3 21 97 86 25
9 -2 55 63 92 21 74 67 5 8 65 -3 70 74 31 69 49 81 36 86 88 40 75 31 51 71 29 24 29 54 41 41 55 80 79 16 8 0 77 83 90 28 27 19 52 1 57 5 39 25 5 22 25 84 88 65 90 68 88 82 60 66 63 76 21 6 38 80 88 8 70 33 48 33 12 58 86 34 64 90 57 21 14 47 72 95 74 21 67 91 93 11 33 43 82 84 3 83 35 50
57 40 16 61 100 93 101 51 94 96 22 47 36 41 91 58 95 72 37 50 82 61 65 43 80 17 51 57 15 61 22 57 28 49 29 8 22 2 27 93 22 43 62 15 12 48 59 30 70 29 33 69 89 22 83 3 76 37 37 53 70 5 97 28 53 46 90 34 49 54 95 85 95 16 97 21 33 25 50 27 40 9 93 100 6 25 7 71 10 35 57 81 4 40 38 3 88 78 69 27
89 -1 10 68 82 70 58 49 78 90 52 84 94 68 67 85 45 -3 27 27 62 71 22 78 6 73 57 32 82 49 87 53 75 58 42 20 7 79 60 55 19 71 71 67 74 34 97 66 75 77 38 57 24 42 18 44 94 84 78 46 2 86 2 39 30 29 5 29 62 8 81 80 88 61 23 2 5 38 4 48 101 23 31 49 28 78 101 62 96 95 39 1 69 86 6 56 69 53 74 43
62 67 90 23 88 47 53 80 49 24 13 29 77 98 22 46 17 98 30 83 68 9 23 90 32 32 68 58 17 86 18 16 18 40 69 100 13 23 69 44 88 33 95 17 34 41 93 94 20 59 10 98 33 33 12 51 56 94 80 9 55 85 55 69 37 91 90 70 8 65 19 45 26 65 41 17 46 97 75 55 77 69 72 85 49 72 65 28 45 3 51 86 94 58 47 20 47 48 99 56
40 95 77 84 25 15 50 90 8 38 35 -1 66 83 77 21 97 3 22 30 81 1 6 50 66 91 101 85 45 33 25 93 7 11 60 9 57 84 58 95 51 47 9 65 72 67 37 82 94 11 39 37 95 59 20 -1 53 46 13 54 71 30 24 26 59 87 69 5 85 55 70 89 65 79 39 0 65 32 67 -1 38 13 30 5 59 73 78 82 26 37 21 41 8 43 41 92 53 53 56 36
69 58 42 18 71 95 55 69 24 53 62 3 67 44 58 26 3 34 52 1 21 74 93 9 9 12 96 69 32 69 17 11 93 100 66 77 90 79 65 50 58 60 96 46 51 33 28 80 57 76 12 87 28 92 36 72 37 28 99 11 24 23 4 44 29 81 97 47 67 24 85 95 83 4 50 90 10 44 27 56 25 1 55 44 22 53 33 73 53 7 89 50 74 79 73 90 8 80 92 17
91 2 81 75 100 3 61 82 50 -1 70 49 71 81 68 82 3 24 4 42 4 50 96 82 91 18 43 55 32 -1 84 42 67 93 48 90 12 52 2 88 31 70 83 28 43 18 4 9 71 22 89 15 54 63 34 21 32 39 98 76 4 28 75 44 86 3 99 59 56 15 77 16 54 46 5 83 10 2 92 6 15 43 60 41 29 64 5 20 98 40 92 80 80 13 54 3 43 38 97 74
66 86 51 97 79 74 19 38 36 22 68 69 43 51 56 46 96 58 48 80 67 68 97 11 53 83 43 13 70 95 95 65 62 35 97 65 61 82 102 52 67 67 32 40 22 65 37 98 55 89 93 32 38 60 68 44 55 65 65 18 89 57 14 72 60 21 77 91 18 70 10 90 57 1 31 1 53 5 82 28 71 73 55 88 19 44 34 63 91 65 44 27 100 55 38 86 10 94 38 14
21 88 74 72 100 14 67 55 64 21 88 37 19 4 47 78 24 25 16 30 93 36 18 2 91 10 37 66 56 35 43 5 10 69 42 90 13 36 28 72 35 90 13 69 61 29 19 52 101 42 70 9 5 5 88 18 70 43 19 22 27 37 18 79 28 56 17 1 14 38 45 8 40 90 28 63 43 -2 17 56 83 94 46 76 78 87 85 93 21 59 95 84 42 72 28 86 93 80 47 92
50 98 73 1 22 48 13 74 19 90 76 87 69 45 91 96 12 57 68 3 93 10 85 33 53 27 81 71 84 59 26 50 33 52 101 52 85 68 54 80 102 24 28 21 22 7 51 87 4 24 36 66 3 33 31 19 3 25 46 28 56 97 20 37 16 18 80 67 18 30 89 60 38 31 50 24 99 1 27 51 31 57 83 4 74 65 56 53 15 13 16 9 82 56 28 41 80 97 86 97
42 72 66 47 5 14 15 34 5 86 34 90 57 3 61 85 91 33 27 76 2 35 73 25 17 0 52 -1 52 26 96 5 82 33 26 51 37 75 92 9 68 69 92 77 64 67 76 30 89 13 61 88 9 69 98 8 87 13 12 83 56 61 2 82 56 80 14 62 75 12 52 59 41 78 47 23 2 70 10 -2 57 70 41 68 65 36 88 54 7 90 64 77 68 53 34 49 5 -1 14 19
40 98 10 46 33 21 7 99 78 78 61 40 72 62 68 58 80 97 13 37 15 7 61 18 22 86 26 24 36 96 10 84 28 39 81 71 55 18 11 53 52 22 14 46 59 34 30 29 48 14 89 100 42 61 26 14 16 11 91 75 88 3 70 29 43 97 82 22 5 8 23 88 76 76 39 49 76 82 3 23 92 96 79 30 101 96 65 47 67 34 33 43 38 56 59 88 42 7 33 20
65 34 43 27 44 20 8 22 21 94 72 70 20 16 21 1 101 -3 87 43 69 0 78 46 15 49 71 84 6 26 101 92 32 -3 56 43 79 78 41 27 67 55 83 70 16 -1 80 83 88 58 65 16 96 28 33 48 48 52 93 32 48 33 63 -3 66 87 90 63 29 20 74 58 18 39 9 63 46 86 16 42 10 19 9 85 8 41 61 4 39 15 85 13 25 -1 95 29 73 77 15 47
7 44 53 45 97 67 52 61 3 75 97 98 5 91 75 69 5 53 97 87 58 35 96 20 101 47 81 92 5 35 55 67 39 42 55 44 47 47 62 66 59 35 10 72 16 46 90 58 88 48 71 84 59 15 93 91 9 73 55 61 82 36 28 100 50 34 33 97 76 86 92 59 61 1 26 7 34 86 9 64 56 26 77 72 37 83 29 12 58 60 67 10 54 44 20 87 68 81 87 80
4 84 62 69 36 41 69 57 60 -2 90 37 21 27 42 70 88 4 19 92 55 51 64 22 73 71 66 69 52 52 53 85 58 91 66 8 34 95 18 57 99 59 7 65 57 30 45 60 17 42 60 18 56 4 12 63 98 6 79 89 52 20 31 51 71 45 86 86 84 90 31 64 69 39 68 38 59 18 39 82 48 17 60 76 37 17 27 39 18 20 81 77 87 47 22 73 20 78 43 90
86 24 100 67 45 60 76 93 46 25 18 10 75 25 100 51 97 31 44 19 9 43 73 5 50 42 101 83 86 24 74 73 14 42 22 88 21 45 102 38 67 61 86 95 34 38 16 7 77 9 99 48 8 29 25 22 38 97 11 18 32 45 21 55 67 69 3 43 4 37 97 44 56 8 79 100 97 83 15 40 15 87 49 22 19 79 99 60 12 96 85 56 20 16 62 83 17 41 85 99
26 -2 14 26 95 -3 87 91 95 -3 7 7 16 14 6 51 36 60 81 26 72 7 84 26 38 91 54 76 2 64 92 64 85 75 70 77 7 54 16 16 65 44 68 25 59 44 5 82 3 75 57 52 68 34 77 -3 64 39 11 36 43 29 13 19 10 38 15 95 73 14 66 48 20 18 19 45 10 17 85 3 83 26 96 29 24 53 28 35 43 54 93 36 68 95 97 37 50 -3 41 65
78 22 44 5 43 13 44 4 80 7 12 23 64 35 72 11 101 17 15 35 102 41 39 79 87 57 79 73 90 19 13 58 74 4 88 57 8 78 17 52 93 58 5 27 85 59 101 2 70 44 78 36 78 80 102 44 66 88 35 32 88 52 19 31 80 18 32 92 34 42 71 56 92 81 12 7 93 71 15 13 23 79 89 10 84 67 36 98 52 54 54 12 46 23 52 1 95 80 83 81
46 17 76 78 57 43 91 71 15 16 43 3 3 29 43 24 84 26 84 90 100 9 40 27 93 9 12 95 43 39 32 69 79 69 57 25 62 9 26 18 64 43 40 74 59 70 85 72 12 -2 7 10 41 59 42 96 7 76 39 61 42 88 85 21 93 70 19 76 40 78 64 94 65 12 16 64 23 33 44 89 94 -1 23 31 64 -1 97 5 49 1 60 68 93 66 15 42 25 14 16 74
89 76 80 18 8 64 13 95 22 56 11 28 18 55 92 16 31 30 13 52 30 57 74 73 4 18 54 76 56 41 33 25 92 41 61 87 21 92 86 12 102 26 30 31 6 20 101 12 10 47 63 63 101 91 52 66 24 56 87 75 5 71 93 16 72 75 25 62 82 64 30 88 88 86 19 59 35 63 95 17 44 11 19 89 69 63 69 95 24 70 99 58 60 5 100 83 61 83 59 25
37 36 14 15 65 26 12 14 59 32 24 18 29 89 95 72 35 73 57 63 78 39 21 31 13 3 92 72 99 48 76 88 59 30 54 56 80 36 35 14 80 94 13 6 35 68 30 87 61 49 86 93 90 92 18 84 39 30 31 57 65 53 13 38 22 90 97 78 75 39 93 58 20 38 62 62 33 47 84 59 59 16 63 79 30 58 92 66 89 83 9 48 19 84 37 68 3 6 43 52
44 3 95 57 37 67 68 18 67 95 65 51 5 33 65 96 7 85 18 25 10 84 90 60 81 2 84 73 13 42 86 58 7 23 94 51 53 63 68 1 30 100 80 33 79 24 91 2 58 37 97 43 92 62 59 66 24 5 25 41 42 80 74 7 23 83 61 89 21 20 23 47 86 79 11 28 32 61 43 11 71 70 42 27 42 100 19 29 7 50 54 3 49 23 12 19 19 98 77 8
100 66 4 93 98 81 16 30 73 46 27 37 22 80 83 90 77 69 95 4 19 66 99 68 49 83 69 87 41 1 55 35 71 42 25 39 101 40 56 94 89 45 88 15 52 24 2 -3 46 17 72 13 54 26 67 22 57 30 25 4 42 64 83 43 65 70 81 83 74 23 44 5 78 10 57 94 49 15 85 84 79 53 51 95 12 -3 97 12 25 28 33 75 80 15 93 90 22 77 26 35
66 35 23 12 21 69 34 6 76 89 8 57 51 84 41 29 21 71 58 95 30 31 15 90 55 9 56 23 82 37 74 22 21 20 60 52 64 95 88 10 5 59 43 69 86 50 61 40 86 65 53 68 70 76 74 93 56 1 102 65 82 11 11 16 50 23 84 43 39 55 93 20 92 34 88 65 74 22 81 75 65 6 67 77 95 32 39 7 53 74 65 84 99 68 56 21 11 39 27 57
3 30 76 -2 69 21 31 13 17 83 83 60 70 81 25 2 61 41 29 53 93 56 52 27 7 69 23 43 22 7 101 40 5 3 98 22 60 94 24 -2 5 71 42 20 89 68 82 2 3 18 51 25 39 96 40 26 57 30 27 24 3 37 8 68 67 33 59 36 24 40 95 93 6 7 40 86 34 36 35 51 40 30 5 48 15 30 91 91 90 56 100 55 30 31 52 94 10 86 25 54
27 78 79 8 90 88 99 61 19 19 64 35 3 53 35 9 97 6 101 60 68 54 43 64 26 66 99 56 89 81 83 88 26 57 73 13 73 69 40 80 53 73 88 36 82 4 91 67 9 100 65 41 31 23 96 80 71 66 51 75 52 43 20 72 99 31 21 40 94 13 71 35 73 6 65 89 13 51 23 35 64 100 76 25 87 12 38 77 43 43 45 25 43 18 27 58 80 15 20 62
4 17 98 82 86 83 96 14 73 91 95 48 10 70 45 76 12 69 9 89 74 14 83 75 6 75 27 94 28 77 52 20 93 12 59 12 49 4 69 17 10 11 30 81 18 78 41 85 96 45 58 96 44 90 78 7 33 68 33 60 24 83 45 84 33 36 81 3 64 52 19 70 96 16 73 69 81 10 65 7 86 84 15 89 83 42 34 3 18 83 22 92 85 14 45 5 49 76 70 40
4 21 17 60 4 26 85 77 52 45 42 71 85 79 90 2 19 34 44 14 62 49 41 73 9 63 36 32 18 16 20 40 60 22 83 29 5 72 56 66 89 24 42 67 46 14 91 35 29 50 15 100 70 38 34 6 40 6 60 18 84 2 46 87 20 61 27 70 8 43 49 24 46 79 22 7 20 79 81 39 33 76 23 53 9 35 3 62 67 54 83 88 14 59 46 36 65 1 9 21
98 25 69 81 75 53 101 69 3 61 41 86 4 78 86 91 58 83 75 1 36 77 74 -1 58 1 87 88 94 65 30 94 26 6 51 83 57 72 52 96 30 -1 78 6 6 30 68 18 12 -1 22 66 98 96 12 51 57 -1 15 45 75 81 45 44 4 51 77 56 52 13 17 92 73 26 34 96 52 39 98 74 83 71 74 51 73 55 19 94 55 31 90 32 15 11 100 27 32 55 17 25
89 28 61 72 84 77 50 9 95 25 29 40 50 15 82 47 48 67 15 91 47 6 44 94 64 47 96 22 56 100 99 50 63 63 29 2 46 78 23 24 37 93 7 41 16 32 95 61 86 35 101 73 53 66 68 82 35 99 76 45 39 14 93 66 71 38 56 17 64 10 14 80 66 73 76 7 6 22 63 14 79 55 68 63 11 59 24 97 58 42 42 24 69 10 38 92 67 15 73 5
66 50 70 -3 20 43 4 26 77 80 70 16 13 85 27 79 2 -2 78 27 51 52 89 60 82 88 73 17 39 11 59 52 46 84 68 61 74 10 34 50 61 67 83 6 58 95 68 1 94 78 62 42 22 5 75 52 20 20 13 55 19 46 11 16 14 86 90 90 48 81 56 96 24 48 33 74 89 84 41 23 12 79 57 71 88 55 100 3 101 2 34 75 13 79 34 88 84 80 18 60
47 95 12 1 65 8 21 50 28 74 63 68 36 34 5 51 33 80 29 94 27 82 90 10 51 13 63 22 82 1 63 49 21 49 18 72 21 54 40 81 12 89 48 96 19 85 43 52 70 20 19 45 10 70 58 37 74 82 8 56 78 61 4 82 54 81 20 4 15 78 40 74 87 96 69 74 40 10 64 89 55 75 96 42 23 23 99 44 37 14 25 92 48 94 68 46 74 50 68 79
15 10 96 22 24 37 35 27 68 22 2 92 98 92 32 49 79 -1 58 56 39 66 5 64 55 67 26 83 90 50 11 10 32 27 22 -3 66 20 7 62 63 44 46 60 24 9 66 80 35 89 72 49 83 31 4 70 60 65 14 49 56 67 36 21 24 55 92 17 93 89 17 66 94 60 67 87 37 88 39 59 17 23 16 28 49 23 77 82 54 55 81 55 54 19 3 21 46 21 98 83
14 68 34 69 89 32 85 57 26 9 56 38 71 44 70 78 6 32 51 28 17 20 66 77 10 68 35 35 8 27 27 28 87 89 45 7 99 8 51 27 84 60 75 16 44 75 4 8 37 60 23 58 99 71 85 47 25 18 6 30 67 26 67 70 63 87 60 35 102 94 61 77 64 80 23 8 83 42 4 55 101 36 75 80 33 41 68 19 44 75 78 8 45 66 34 27 53 80 47 42
21 10 85 44 48 2 33 14 67 91 6 70 8 0 23 75 69 46 95 14 37 96 46 72 63 12 28 25 17 92 84 95 71 11 36 15 50 44 9 35 56 60 71 72 30 57 84 77 31 24 78 24 17 1 18 69 14 36 13 58 94 15 50 31 29 87 46 6 37 90 9 87 68 43 64 86 25 19 69 38 96 42 52 9 68 59 9 7 45 88 16 33 29 61 22 30 29 29 83 8
79 42 64 69 86 7 82 38 98 2 9 55 13 83 100 51 15 56 74 41 77 31 61 93 54 71 16 59 87 5 82 33 25 47 12 27 75 12 88 51 77 20 89 90 24 12 98 1 4 35 51 44 39 70 18 10 73 26 35 1 44 42 8 78 100 3 66 80 49 86 83 96 24 41 28 52 37 15 94 90 23 14 48 54 43 42 90 57 85 12 58 52 37 80 38 50 33 47 100 38
36 89 93 33 59 29 69 67 95 11 2 25 27 78 34 89 62 88 7 59 24 72 48 0 99 96 77 75 101 81 60 52 89 37 89 13 26 45 100 3 99 41 26 48 12 46 70 41 59 96 65 9 32 28 78 68 78 1 90 63 11 42 9 13 8 13 27 62 59 37 97 87 29 28 3 73 91 8 57 38 11 18 71 61 44 72 95 40 79 19 58 70 91 56 82 29 95 35 13 29
102 90 94 85 13 9 83 2 15 34 15 86 88 61 31 100 15 40 94 51 45 30 71 11 18 62 83 80 30 41 98 48 26 69 77 66 101 57 21 11 100 76 79 90 30 56 42 88 52 59 33 70 40 99 32 72 66 20 88 50 74 77 89 97 97 24 6 40 81 61 3 19 98 27 32 43 75 9 34 87 95 69 61 44 82 78 95 83 86 87 94 30 96 52 99 38 49 87 60 76
11 0 92 31 80 71 48 3 90 17 16 58 99 25 75 28 83 81 27 78 97 76 75 4 27 79 3 25 91 4 2 63 77 70 5 45 47 88 76 25 39 61 57 25 62 68 7 80 24 36 91 11 16 81 76 -1 39 68 40 85 40 12 79 13 77 4 2 43 69 54 33 84 74 74 92 25 59 64 22 33 47 5 55 66 6 78 22 14 42 19 23 73 75 -1 37 49 28 44 19 48
44 94 37 58 46 84 47 18 16 32 59 39 80 83 30 21 48 1 58 23 14 61 81 4 16 32 71 57 3 32 7 88 86 31 49 4 49 30 95 95 97 37 83 99 77 77 28 11 42 97 10 56 54 1 25 65 28 74 87 32 85 7 10 65 40 2 59 96 82 62 35 38 30 65 69 59 99 54 48 49 34 59 78 56 61 20 45 92 60 66 4 84 57 65 60 98 12 55 81 54
42 13 99 79 44 74 7 90 99 71 88 35 59 26 47 12 33 62 18 42 90 91 70 33 2 3 4 41 37 92 79 10 38 36 76 11 42 13 42 30 56 73 79 30 24 64 24 59 97 87 60 13 16 4 9 62 50 26 48 66 66 48 21 18 28 24 68 85 88 16 17 8 9 67 44 2 98 17 5 59 61 4 81 57 53 45 86 53 22 34 29 27 71 60 50 42 88 -2 70 70
32 73 70 42 35 64 86 55 45 27 60 52 92 68 85 56 66 14 8 97 24 82 15 99 91 5 91 27 99 97 73 28 44 80 29 11 42 17 92 29 64 48 45 88 12 70 81 85 26 37 37 82 48 24 26 91 82 13 71 36 62 83 91 89 92 59 52 8 93 12 78 83 71 20 46 32 37 91 31 46 93 3 39 55 12 18 86 39 18 66 71 77 41 10 21 97 28 67 82 69
51 53 42 44 95 29 37 52 20 39 7 79 17 71 52 61 17 26 88 73 91 61 7 90 25 68 15 34 10 39 26 50 51 5 51 35 6 27 74 63 35 51 94 40 76 59 84 50 30 68 101 52 58 51 27 19 21 2 89 14 44 79 69 36 94 21 53 72 57 39 2 62 73 72 97 61 20 96 27 65 92 61 86 76 91 60 34 46 64 6 51 52 50 35 100 47 68 33 10 37
67 36 98 26 75 12 89 76 64 57 6 96 53 26 46 77 74 67 44 10 61 83 52 1 59 32 70 2 100 50 59 53 10 93 30 99 79 75 69 36 81 73 44 23 29 82 97 80 10 78 52 3 53 100 66 85 26 11 75 75 17 72 95 65 50 14 52 41 4 71 64 90 44 20 63 25 88 7 70 49 58 69 44 34 10 99 100 88 77 16 65 15 53 60 88 99 85 48 11 72
45 1 38 47 77 79 96 70 55 80 28 -2 96 -1 15 77 39 1 13 30 77 74 73 54 62 91 10 87 20 41 88 50 10 3 40 6 34 65 44 75 54 89 21 83 9 5 25 86 31 69 79 9 22 38 76 69 70 80 4 66 70 27 63 90 63 93 62 63 6 42 29 38 54 21 52 61 99 61 69 84 20 51 61 21 56 8 72 38 43 80 60 56 83 12 100 73 6 55 37 86
52 99 102 47 66 17 79 30 20 18 85 29 78 94 17 51 17 24 93 54 84 54 31 6 88 19 64 16 82 51 55 98 52 15 55 70 40 16 31 41 42 23 70 59 23 45 25 49 100 44 29 32 51 27 65 26 67 24 54 38 98 35 99 66 94 92 71 16 5 67 68 94 40 9 44 9 66 17 44 74 55 87 93 78 9 13 71 87 62 54 72 84 84 34 19 64 70 76 89 79
29 21 41 0 100 69 13 10 73 40 86 17 4 65 2 45 97 17 96 4 92 74 8 37 65 10 18 6 15 13 100 25 99 88 101 20 64 83 82 47 58 70 27 96 85 67 80 51 29 7 45 82 9 34 58 91 67 85 76 47 60 53 72 18 32 77 10 79 85 47 70 7 90 90 29 24 15 41 93 79 7 68 6 43 65 -2 55 9 44 48 78 76 10 31 85 32 5 -1 100 44
14 46 66 87 41 70 100 51 89 30 7 43 77 15 18 24 15 42 39 47 26 34 96 58 53 27 9 34 21 79 37 17 16 35 4 97 48 16 67 89 92 100 65 46 89 4 51 56 40 39 40 62 102 83 66 79 86 100 90 48 83 79 24 30 3 74 66 20 101 89 85 5 51 39 102 99 4 6 20 18 100 8 95 95 20 70 18 51 77 1 81 90 10 81 23 8 100 52 6 66
62 5 63 -2 94 29 69 23 9 57 20 66 4 51 86 24 13 17 6 -1 39 59 75 86 69 62 98 17 25 54 99 65 3 95 24 41 49 93 101 25 65 83 84 34 14 47 5 -3 57 72 85 15 44 39 86 49 34 17 98 69 11 70 22 1 69 54 73 -3 58 13 84 39 79 0 69 4 61 35 36 31 43 62 93 92 44 72 33 48 68 80 44 13 32 82 49 27 71 48 11 13
25 28 77 48 97 84 69 61 5 61 77 90 80 22 74 26 31 68 68 31 32 5 58 96 72 29 81 54 101 34 59 7 76 4 32 90 27 24 43 18 100 9 68 46 23 6 13 4 18 96 11 46 19 29 6 7 6 49 95 26 66 89 12 81 62 85 60 27 88 49 85 21 98 9 65 3 27 65 12 62 45 48 31 27 14 17 76 86 21 98 21 55 61 99 23 83 68 24 9 3
77 31 101 29 74 11 22 11 24 13 72 21 6 78 33 53 75 70 74 25 41 41 40 51 55 38 98 61 64 51 72 45 68 59 27 60 74 44 9 41 24 49 18 94 12 7 83 90 46 17 46 21 101 16 16 3 8 2 37 80 69 91 21 -2 31 83 57 20 88 37 44 38 45 67 33 63 63 4 44 91 87 71 24 19 23 77 41 50 7 33 75 13 41 56 58 56 79 36 5 96
El programa tardó 40.946006774902 milisegundos en ejecutarse.
