85 11 81 57 37 67 50 61 38 50 10 14 66 98 71 13 76 65 94 63 60 23 75 21 15 35 70 36 57 42 89 25 59 23 37 45 44 57 11 84 20 50 47 10 97 63 28 53 60 97 68 79 99 91 92 3 55 22 85 1 44 72 17 82 27 88 14 73 71 48 86 20 77 2 48 64 4 40 15 24 15 33 63 93 62 47 99 16 76 61 44 5 93 51 13 10 59 62 25 73
36 23 87 36 46 30 39 33 5 5 52 67 65 25 28 29 68 41 10 65 17 36 52 86 45 39 19 91 83 45 6 82 72 0 65 59 74 51 34 5 76 69 56 77 95 9 95 45 77 65 86 40 33 71 15 6 23 71 37 62 90 2 37 40 83 90 20 64 23 7 58 18 101 95 71 46 59 -2 100 3 58 38 57 20 5 83 66 82 97 89 64 80 62 66 79 75 24 22 52 24
8 73 97 43 68 79 15 75 27 46 43 13 80 36 86 39 94 5 32 77 98 35 61 39 21 21 41 57 8 83 30 72 49 54 63 50 75 26 59 73 44 97 65 57 28 30 45 38 4 83 17 86 27 42 32 83 8 58 72 33 32 53 83 71 64 41 4 52 69 88 27 22 26 5 53 80 54 73 28 90 88 56 13 86 16 78 51 86 90 9 77 37 39 22 27 48 70 62 18 23
8 82 21 22 67 28 67 73 37 82 78 5 63 13 36 65 97 86 89 8 79 56 61 75 95 73 101 13 18 66 101 65 50 80 75 8 92 -1 99 5 81 79 52 93 58 5 84 22 5 78 84 25 96 9 95 81 96 41 43 36 59 54 26 12 59 74 27 41 5 62 44 50 30 13 94 19 85 55 26 44 97 14 24 29 33 60 4 48 97 45 83 11 15 94 34 20 48 7 20 65
94 94 13 75 15 53 47 18 33 23 7 49 4 55 67 9 72 15 87 33 67 94 61 89 100 99 60 28 38 13 32 76 34 100 51 17 13 64 82 1 94 61 86 23 4 91 70 4 97 1 54 45 72 77 69 90 42 99 77 99 40 70 21 96 36 78 4 25 55 54 60 27 3 40 98 19 27 45 64 38 59 46 100 98 80 21 30 91 52 73 76 36 77 11 6 20 9 80 87 93
28 0 10 55 14 53 36 35 70 57 30 24 45 44 90 57 88 30 84 91 3 73 57 76 14 23 66 30 46 -2 93 26 31 42 40 63 99 85 66 65 57 31 27 46 87 79 80 30 85 90 11 43 40 0 57 46 23 4 67 90 46 1 25 55 36 52 64 49 58 65 56 27 3 67 14 8 84 32 54 62 25 54 76 64 12 73 94 7 64 9 10 9 49 58 43 32 81 77 62 95
79 85 41 54 19 53 28 61 59 57 95 83 39 97 96 18 33 57 39 61 5 57 8 80 102 23 48 95 94 82 65 39 94 8 3 84 35 57 60 15 28 44 71 45 55 56 36 81 59 85 16 46 52 29 88 4 48 10 82 20 25 6 53 60 91 39 90 3 52 71 78 13 16 51 56 31 69 36 32 76 8 40 26 100 15 33 16 78 42 39 61 38 27 88 100 23 24 83 42 84
8 50 60 -2 71 8 72 45 12 3 29 90 85 26 92 1 93 46 49 70 93 53 28 39 41 63 18 9 64 49 58 66 92 6 62 31 27 3 55 59 64 36 57 54 45 1 34 83 86 31 11 56 27 13 32 31 18 30 51 9 70 89 78 66 53 90 99 -2 73 33 40 52 80 62 23 6 74 86 64 19 34 21 92 36 76 66 31 96 56 4 74 -2 83 26 94 87 57 37 66 85
64 31 89 10 49 65 30 22 100 54 13 87 75 88 74 23 94 83 20 96 76 29 29 77 49 43 84 86 63 15 72 54 37 79 21 16 68 67 18 28 21 92 71 7 33 83 82 18 94 82 86 78 9 81 77 3 63 72 73 35 13 91 4 31 76 89 86 7 57 97 44 94 73 41 70 60 31 51 64 44 21 26 90 44 17 39 88 89 44 37 21 41 69 59 17 64 80 65 56 12
82 20 67 89 6 13 73 80 27 29 83 76 31 90 66 0 35 38 42 76 28 85 27 55 54 42 44 53 70 12 37 41 16 51 73 23 100 73 4 13 80 7 56 25 18 3 57 71 43 85 66 84 92 82 74 47 29 73 41 54 18 85 16 3 14 34 16 49 89 1 90 57 28 68 91 3 43 69 59 -2 50 56 86 31 96 91 78 54 91 46 43 57 93 15 23 19 22 92 90 47
29 28 36 72 8 97 73 69 6 54 9 4 22 66 12 30 59 11 82 3 98 36 56 37 46 18 26 99 10 94 23 8 71 52 22 73 85 83 55 40 29 62 82 44 18 17 43 63 50 15 60 19 18 12 68 86 4 76 43 3 20 15 94 28 85 24 27 94 24 75 97 92 80 73 27 24 61 22 102 37 15 44 57 1 5 14 92 23 7 94 88 76 55 72 85 68 79 20 77 37
66 37 5 29 5 74 15 1 32 7 93 2 16 87 47 75 95 7 25 72 52 39 36 57 76 44 42 -3 65 54 15 59 52 50 15 16 101 41 24 49 87 75 82 53 12 30 19 19 35 7 39 17 78 35 16 63 44 41 76 -2 43 32 3 4 46 12 88 4 98 13 36 8 100 57 3 -1 45 75 86 65 28 87 93 28 61 52 23 39 65 75 77 51 7 89 41 17 7 86 40 10
76 31 72 94 30 27 92 10 71 46 24 70 9 47 71 66 48 53 65 96 74 81 67 93 81 98 17 28 72 75 90 9 8 60 39 4 15 7 41 46 93 56 25 75 43 74 46 63 3 33 23 14 41 40 56 60 72 61 77 24 67 88 36 36 22 80 18 83 90 34 85 49 47 68 88 26 53 68 69 79 90 23 51 34 3 52 53 93 63 73 25 82 47 87 60 51 92 69 63 79
31 14 6 28 87 18 29 85 65 52 82 36 71 76 83 11 17 10 73 30 14 64 48 93 53 1 49 91 54 19 29 39 23 40 67 -1 16 11 18 -1 87 44 56 16 42 20 86 51 42 26 88 66 101 3 60 44 7 18 49 74 44 94 28 45 51 87 65 12 21 -1 30 55 2 11 55 45 72 87 13 11 46 38 95 84 71 93 74 84 13 48 39 0 66 80 9 35 21 77 20 37
54 26 43 100 98 92 24 39 93 19 7 85 32 96 10 68 27 23 5 56 4 60 32 11 76 91 60 94 100 53 75 66 20 56 35 47 14 8 100 43 92 51 7 61 98 20 87 86 34 13 86 19 95 2 102 35 101 78 33 29 84 55 32 17 6 73 33 53 16 38 56 32 47 68 98 58 14 39 65 56 60 25 21 35 76 91 34 6 82 87 9 15 96 71 7 11 22 68 63 78
95 77 58 94 73 39 71 34 31 2 35 87 25 58 54 37 21 83 100 61 32 15 67 16 98 59 17 23 73 59 38 87 95 60 60 87 9 22 21 66 13 58 39 80 95 0 74 64 29 11 61 1 33 19 93 82 40 43 82 -2 59 60 72 92 56 64 12 59 7 43 57 10 84 19 84 20 82 74 27 79 78 0 92 33 44 14 8 14 22 85 58 56 90 33 10 81 93 82 100 56
69 49 50 28 20 85 91 32 82 38 72 48 20 52 32 87 48 35 19 8 92 26 97 57 36 7 92 14 95 96 11 15 96 45 89 99 43 62 60 17 30 84 48 13 84 18 59 8 8 89 102 81 57 14 23 55 97 81 32 6 46 67 16 87 66 97 86 6 61 44 69 67 91 95 78 27 23 39 95 26 67 67 5 62 38 99 48 21 101 2 40 73 80 86 93 11 37 24 84 98
18 79 93 56 61 92 86 78 67 63 29 1 56 48 75 72 24 10 95 45 21 17 44 69 47 9 55 73 75 30 98 -3 80 96 49 92 6 36 51 68 19 34 70 36 39 62 16 59 80 -2 64 8 30 95 62 82 24 53 22 37 5 75 90 54 34 17 60 57 16 22 71 80 54 56 17 71 71 32 65 24 52 60 6 29 60 26 78 8 27 78 3 42 88 33 47 75 21 34 58 10
95 33 71 15 71 34 69 44 96 92 96 10 16 26 37 83 7 95 57 1 71 32 14 83 27 16 12 28 95 89 99 96 59 85 14 6 38 87 40 41 53 82 48 76 44 43 61 6 50 33 79 4 32 86 10 71 87 92 11 33 97 72 6 66 85 36 61 11 96 43 22 9 24 18 82 43 102 14 39 67 95 42 99 47 61 37 57 55 55 56 32 12 69 77 42 63 55 85 35 82
57 10 49 52 97 40 59 20 61 30 62 21 49 1 33 34 95 88 15 43 16 -1 11 32 74 43 4 87 48 9 22 82 50 8 10 1 54 28 43 90 47 61 63 30 18 38 71 86 18 0 51 64 53 31 49 10 65 56 45 28 48 40 95 41 79 90 63 48 85 93 32 90 3 27 45 58 20 75 5 67 26 21 82 35 75 89 53 90 52 39 9 77 76 32 61 91 7 20 94 61
33 45 10 41 86 42 44 44 42 56 96 85 30 80 31 78 72 12 102 2 16 1 16 5 48 90 29 81 75 66 90 96 50 36 23 83 82 40 3 53 101 47 54 71 81 75 22 34 86 5 39 97 35 79 38 32 58 88 15 68 31 99 39 29 98 86 92 60 52 70 88 99 47 9 55 31 16 22 90 40 23 68 91 54 44 49 37 61 92 59 60 83 97 58 57 43 57 79 33 10
98 75 12 49 82 58 68 76 38 92 20 91 72 7 4 69 12 10 97 94 54 59 79 70 54 95 40 0 64 11 15 75 60 35 100 93 8 81 24 19 13 3 13 60 63 9 16 8 52 43 2 12 36 1 37 -1 57 87 40 84 84 70 43 71 28 84 64 89 95 39 93 55 89 7 71 10 42 3 45 39 44 45 21 38 86 68 41 58 65 26 62 10 95 13 51 28 89 7 16 82
79 37 102 5 54 31 10 63 72 83 5 38 98 34 38 71 32 98 67 6 9 83 94 20 5 98 42 8 94 27 95 25 80 78 61 47 3 16 100 65 62 22 47 73 29 37 89 94 3 46 4 22 75 47 54 50 87 11 36 8 51 21 27 14 56 89 33 21 41 13 29 10 22 51 29 64 67 49 34 68 98 28 31 20 18 50 71 75 53 61 50 24 42 81 7 82 67 27 12 11
8 75 90 53 34 18 5 21 84 73 55 93 62 33 11 35 99 51 82 28 36 49 4 6 70 75 4 81 72 32 36 70 27 96 98 85 65 18 45 44 55 25 71 40 2 7 19 90 47 7 60 87 12 9 49 72 25 58 100 24 55 19 27 95 77 46 22 85 81 2 68 11 32 19 85 63 13 19 83 34 42 7 63 47 32 29 20 2 72 71 37 9 66 48 41 69 94 64 51 45
12 45 18 25 52 21 52 80 44 89 63 48 34 90 13 55 94 40 16 8 79 12 7 13 94 78 61 95 98 58 86 98 17 17 50 59 67 87 74 41 72 11 42 45 68 32 89 32 26 87 102 79 50 82 53 70 63 89 5 90 32 24 49 58 100 7 48 59 4 75 21 58 22 35 55 28 61 20 63 64 7 75 40 6 99 9 8 22 53 86 61 70 51 16 21 19 27 42 66 35
38 34 76 29 93 36 33 35 77 90 46 76 5 90 44 79 42 52 45 41 48 77 47 5 10 9 11 49 82 40 97 96 7 54 3 9 22 49 80 51 45 42 65 68 42 90 58 53 17 64 68 30 6 19 99 35 94 21 39 30 47 9 62 24 33 6 42 82 61 80 65 96 92 31 61 34 84 75 60 94 23 41 9 91 54 45 78 81 65 15 50 94 100 33 26 31 82 42 27 81
93 88 49 84 10 27 20 48 54 24 88 95 90 42 67 71 12 55 6 9 37 76 56 23 45 14 41 88 47 2 36 27 58 54 29 68 33 61 15 38 72 21 98 77 69 87 61 94 32 1 24 92 73 67 92 33 62 21 12 39 47 36 52 74 20 19 15 53 60 40 95 25 26 45 41 58 59 29 17 53 82 35 85 34 15 56 13 24 90 82 88 81 64 83 67 18 43 4 27 94
87 42 74 49 53 47 69 2 38 10 69 92 29 35 54 76 27 24 2 23 21 82 79 28 95 40 94 87 6 69 14 34 68 79 65 51 62 87 64 37 44 70 99 46 70 7 54 67 74 41 12 76 38 5 101 40 37 88 19 3 34 25 6 87 2 35 24 47 68 54 88 49 56 53 87 71 71 55 16 19 19 18 26 33 58 74 34 27 84 6 63 10 54 15 85 0 46 75 31 57
61 55 66 49 19 69 95 34 45 30 71 28 49 27 46 94 12 48 23 34 67 47 82 88 85 76 84 91 53 62 91 51 90 91 87 23 85 49 75 92 40 56 56 79 18 18 5 51 51 8 86 100 102 3 82 38 39 77 4 62 27 78 53 94 87 94 36 50 82 62 102 37 68 35 53 23 33 87 11 83 69 14 62 88 75 41 70 47 61 38 70 95 21 18 71 70 100 63 48 9
5 22 29 32 45 21 47 34 40 39 6 48 58 42 74 3 47 15 17 26 85 15 100 14 39 56 71 76 58 24 83 22 40 50 72 94 71 70 15 28 63 11 55 27 87 84 24 66 86 46 58 16 19 61 4 24 78 85 61 80 67 48 35 42 97 27 14 80 13 62 27 70 40 76 58 59 99 30 4 73 16 84 10 77 51 67 3 23 89 34 47 74 19 41 58 25 87 3 39 17
40 1 94 43 3 13 94 39 45 20 43 25 7 35 13 43 87 63 82 90 62 47 90 74 34 9 22 68 13 20 88 55 56 88 16 5 77 72 74 4 29 81 69 41 70 78 102 61 4 17 56 50 37 63 78 30 22 5 86 34 82 43 41 23 84 78 75 14 6 94 40 84 93 32 3 36 98 45 6 6 39 96 75 14 47 48 34 83 80 53 12 53 57 59 26 56 52 8 45 40
98 24 72 41 14 69 76 90 16 90 60 66 93 2 42 -2 72 21 31 15 98 39 85 87 20 48 50 91 20 76 22 15 6 82 33 63 36 17 71 70 61 15 58 4 73 89 67 7 34 36 57 62 9 80 76 79 67 30 57 40 26 55 91 28 20 19 22 53 17 64 86 42 90 81 13 89 38 44 30 2 100 53 76 10 46 66 9 72 24 85 8 41 52 94 6 2 94 34 71 65
13 62 28 50 11 91 61 8 96 50 86 32 25 68 40 49 33 77 78 97 91 48 90 73 28 90 3 37 99 3 56 68 70 9 27 75 33 46 73 52 99 23 84 51 10 39 6 31 102 78 64 51 9 83 46 60 45 40 33 48 91 17 32 2 66 11 83 71 54 91 3 78 91 29 18 13 93 72 95 76 33 91 98 39 58 30 34 48 6 70 24 60 16 86 3 13 52 18 29 79
61 16 60 53 54 75 97 34 57 94 63 77 19 40 36 4 68 33 11 51 99 34 66 93 28 15 3 59 31 7 20 87 66 47 100 54 4 64 47 32 70 89 6 60 54 66 65 11 68 30 37 77 89 88 24 8 48 63 19 86 69 2 56 28 56 -2 43 60 87 36 27 35 45 12 80 24 50 26 30 25 51 27 6 22 42 41 67 33 28 63 17 84 9 86 15 64 77 1 25 3
22 78 83 75 26 78 58 58 76 48 89 46 66 41 8 42 67 75 34 63 58 23 16 12 37 71 29 37 38 41 58 26 54 9 15 47 99 29 97 36 21 89 90 38 37 26 6 4 93 46 13 38 82 12 68 6 45 67 65 10 40 95 33 57 42 49 80 54 33 78 51 83 88 48 78 21 11 68 46 11 60 66 59 96 57 10 81 60 47 5 52 73 38 46 35 42 66 65 14 28
40 26 88 22 7 64 22 47 16 63 88 4 44 51 23 3 21 40 47 84 100 53 15 31 12 68 89 63 59 52 76 94 61 52 45 91 76 84 73 42 66 60 66 30 4 44 19 51 95 69 16 30 58 90 47 54 84 83 32 15 70 69 25 75 77 73 100 27 21 4 36 27 69 83 67 94 47 16 100 37 5 84 72 -1 46 65 95 16 38 96 2 71 42 49 15 83 47 84 79 33
95 86 82 5 77 20 38 74 32 36 77 5 35 44 59 12 67 23 80 94 81 98 63 15 26 84 19 77 70 91 74 42 81 52 66 43 45 7 17 28 81 26 45 84 95 10 10 73 26 15 37 57 21 57 45 53 9 88 76 8 71 66 100 92 44 58 93 8 36 67 97 65 39 85 55 81 27 48 14 97 85 80 83 23 77 79 19 100 80 39 64 32 15 60 68 70 89 43 92 3
30 41 98 -3 32 95 88 71 27 15 4 18 39 5 6 -1 3 40 87 50 5 93 98 4 38 -2 89 31 51 24 16 38 75 77 84 60 73 89 76 38 94 1 76 68 21 52 88 79 51 -1 4 2 46 67 56 38 20 41 97 88 15 28 80 33 44 7 90 14 78 5 25 3 2 67 14 27 24 66 36 32 46 78 23 72 85 5 19 46 60 26 98 81 50 18 7 26 38 81 77 3
12 3 87 24 5 34 69 55 60 51 59 55 93 17 63 78 89 9 51 47 92 80 54 9 76 77 9 28 102 17 19 34 60 72 35 74 53 74 31 93 31 30 48 7 8 16 101 4 89 54 90 63 24 11 71 59 55 81 91 80 61 56 6 57 29 5 82 93 51 55 59 50 35 77 7 21 72 42 99 33 92 81 80 79 98 76 37 95 4 47 85 71 98 79 80 12 63 55 11 27
25 82 7 59 95 26 81 88 16 18 43 66 15 57 10 91 76 28 66 26 38 53 96 36 41 17 89 60 88 37 37 96 28 89 95 -1 10 53 32 12 22 78 16 2 43 14 92 13 56 22 80 49 33 26 87 25 85 12 72 71 92 70 93 23 60 20 93 7 30 26 25 42 56 3 88 0 11 58 57 66 4 11 100 66 15 15 80 46 30 65 63 7 11 3 38 28 18 75 34 45
61 35 46 79 22 23 41 9 13 54 77 40 16 5 84 69 78 27 87 83 55 57 27 57 58 6 95 1 70 62 57 80 90 5 43 58 42 11 7 87 38 95 12 36 7 17 64 13 17 55 59 96 102 47 9 72 61 57 7 63 56 58 64 73 43 74 95 10 64 37 46 81 26 35 88 80 22 76 36 60 4 65 73 87 7 44 27 60 43 84 26 88 11 38 15 34 56 57 101 2
91 10 34 0 54 7 85 17 74 26 51 -2 66 74 30 57 30 60 72 61 12 2 22 10 15 83 36 54 80 55 96 17 39 82 86 38 45 10 75 71 6 85 46 30 11 88 87 15 35 28 44 -1 87 1 23 96 69 51 61 8 12 4 97 84 14 32 99 94 98 68 51 83 73 87 93 41 61 21 10 78 73 96 6 -2 40 28 65 96 90 36 93 34 40 1 64 82 18 20 23 42
51 63 17 23 62 91 74 37 18 84 51 36 8 98 67 80 69 29 86 68 37 85 96 82 27 12 93 20 84 41 54 22 60 55 71 81 18 80 83 66 53 62 55 100 49 2 89 43 92 81 31 84 63 12 99 53 8 54 34 1 22 100 52 34 13 68 40 33 16 22 51 11 25 50 87 26 34 36 21 8 74 88 92 3 86 72 49 97 24 53 32 48 13 40 94 94 60 59 20 88
44 20 99 58 16 84 88 10 8 86 53 49 65 64 63 30 89 18 60 0 68 79 93 26 101 60 31 83 72 34 51 76 15 19 13 39 3 25 53 59 52 65 3 81 79 78 33 37 49 29 13 37 68 46 77 13 37 92 95 44 29 -1 20 82 2 -2 45 46 38 33 35 31 21 58 19 45 87 78 86 66 78 10 61 -2 84 -1 11 61 21 63 11 76 22 2 71 55 2 31 34 17
74 1 74 56 10 43 13 39 36 88 45 1 4 66 73 90 41 59 36 24 94 23 43 88 91 34 67 98 22 47 66 26 92 82 47 36 50 92 17 58 95 88 25 23 65 63 91 22 74 66 65 72 33 63 62 36 80 30 52 34 89 7 42 87 78 82 57 9 29 39 70 83 33 61 26 37 38 49 26 58 13 77 85 71 92 94 48 40 28 25 56 45 92 47 83 16 8 37 26 10
27 36 17 64 8 26 37 80 87 71 65 54 83 61 65 47 51 13 99 70 69 -2 11 92 39 92 53 83 61 30 32 62 95 66 50 64 91 32 76 89 37 39 17 53 32 41 4 12 99 35 87 4 73 79 9 -3 46 48 17 22 64 55 59 15 38 44 59 78 13 32 45 56 73 89 65 71 78 36 92 79 39 0 17 65 98 40 62 10 48 65 6 25 51 60 77 66 37 81 16 32
34 32 21 51 65 99 67 45 95 52 4 30 18 54 28 25 80 49 10 43 35 74 26 2 58 57 46 50 95 51 82 71 38 18 58 26 12 1 57 64 7 78 15 87 81 13 11 100 35 16 38 87 16 9 80 32 33 29 42 15 96 76 37 74 61 56 34 90 29 57 94 80 24 35 45 43 57 98 53 6 101 2 24 5 3 93 21 77 81 88 19 66 12 71 44 24 29 77 101 75
31 18 20 86 87 15 22 70 59 48 7 3 88 13 17 95 26 13 26 78 26 33 79 92 7 72 20 61 34 1 75 32 70 46 49 71 52 81 77 2 18 -2 90 -2 69 57 30 29 70 53 100 21 4 58 83 56 92 25 58 3 31 4 46 75 78 21 82 47 85 53 55 92 37 43 96 35 84 84 62 66 31 12 99 77 71 50 74 63 82 62 45 40 55 66 12 10 41 5 41 47
96 52 64 38 72 66 47 51 77 92 51 37 11 88 82 17 53 49 37 8 100 41 25 11 71 98 40 32 101 28 41 28 87 44 31 1 36 51 55 15 48 19 38 13 21 50 83 6 99 2 70 91 84 74 81 49 40 39 49 5 76 66 66 88 33 41 7 81 32 68 25 37 46 6 75 43 27 81 21 73 83 78 99 21 38 25 44 9 22 35 27 12 16 1 94 39 82 94 70 88
7 38 72 63 72 41 40 78 4 90 15 54 9 64 96 88 99 81 21 70 93 93 56 91 71 50 29 74 82 20 77 49 35 60 62 30 15 63 91 46 29 9 46 9 60 37 41 -1 29 0 57 2 94 2 83 25 97 64 68 87 38 80 27 54 20 24 86 -1 8 52 32 25 90 48 23 12 55 -2 98 8 31 31 14 19 98 32 98 27 72 8 84 80 83 32 47 96 25 86 53 63
16 89 16 76 21 41 90 14 43 97 18 97 94 8 76 93 11 5 47 81 52 10 47 36 86 59 19 68 33 52 9 53 36 95 63 57 64 60 47 90 16 22 67 60 62 23 84 63 86 51 63 74 39 91 53 83 74 81 11 54 22 69 79 62 44 46 14 18 61 8 6 57 52 74 85 42 25 77 96 2 79 31 34 2 90 71 97 19 88 35 51 83 74 89 46 26 42 66 99 70
60 89 63 71 75 13 60 66 38 3 63 74 12 43 83 46 32 48 53 24 60 33 14 73 3 5 33 95 47 67 35 -1 57 42 4 85 53 72 36 23 67 61 42 52 75 91 80 19 16 52 97 33 20 96 44 27 16 55 36 58 100 28 54 24 53 60 25 -1 3 49 39 44 51 8 22 17 43 38 76 -1 89 69 35 94 12 52 89 20 86 9 56 61 97 56 42 35 40 72 84 63
40 78 33 42 101 43 87 25 24 22 64 20 97 40 73 89 57 20 71 54 64 21 78 84 52 22 19 3 21 31 82 97 32 70 94 32 12 31 93 65 29 68 62 54 3 49 100 49 23 67 76 90 102 74 58 8 72 75 32 72 36 16 53 17 100 37 21 31 11 2 79 77 69 54 29 65 44 68 10 28 36 41 72 63 18 81 49 53 77 32 83 25 33 96 4 24 29 91 64 37
25 24 98 58 77 72 93 40 97 95 30 67 98 78 50 61 70 80 43 87 25 43 69 29 47 76 55 81 5 88 71 45 71 51 75 29 55 47 20 83 88 52 95 14 48 86 92 86 65 87 43 15 78 26 66 40 22 7 21 45 86 17 78 12 77 38 85 86 42 36 90 94 8 61 25 34 33 94 57 82 87 32 51 37 78 76 14 -3 37 79 9 87 84 63 3 5 22 38 66 14
13 100 13 17 67 98 45 82 13 83 7 42 53 60 96 79 62 56 50 76 73 81 46 83 89 54 79 10 8 90 47 9 95 57 61 69 63 19 20 63 87 98 36 92 95 26 72 8 87 54 49 43 99 45 27 82 100 75 9 39 47 32 6 15 23 10 31 45 89 69 21 60 48 24 48 53 64 48 10 22 3 28 100 59 85 65 97 46 97 72 44 98 87 68 52 16 101 53 30 98
51 59 14 46 60 52 42 73 62 51 76 9 21 21 3 77 37 87 44 78 27 15 86 33 47 23 34 17 5 20 83 69 22 20 71 55 60 4 34 34 97 70 87 85 37 42 96 3 62 77 33 6 23 47 20 51 94 55 72 89 3 80 72 57 12 28 9 44 83 38 90 36 64 33 53 0 50 31 93 31 49 54 50 48 37 94 66 14 29 59 15 91 96 9 92 65 69 2 54 5
17 27 102 46 50 19 55 24 35 92 66 59 88 9 82 57 13 63 57 3 5 30 19 64 97 40 38 27 8 2 28 3 80 20 69 42 61 96 29 9 13 8 36 79 100 95 15 36 68 9 42 72 74 16 57 13 21 88 16 15 48 47 62 11 22 72 25 13 86 28 93 26 74 32 102 40 102 95 63 33 16 81 20 64 53 39 55 49 8 51 77 11 100 87 40 13 54 57 72 57
68 69 92 82 98 52 83 92 95 64 16 14 2 45 89 14 18 -1 41 21 73 91 79 65 58 66 55 91 97 29 50 10 22 10 64 0 24 22 98 0 77 46 19 96 72 74 31 10 21 36 37 9 72 79 72 18 31 41 101 75 66 17 30 22 49 24 35 79 26 80 55 26 74 59 70 70 56 15 8 47 35 83 56 -2 100 21 6 5 80 89 88 70 64 5 25 15 6 57 41 24
26 25 80 96 6 59 48 86 89 33 98 35 18 80 42 22 14 50 69 23 5 80 75 59 15 87 39 10 79 43 72 81 23 89 60 39 71 86 59 25 46 28 41 3 9 77 19 93 73 12 43 92 34 34 38 90 14 2 24 42 90 24 36 84 59 73 22 1 64 79 19 43 13 35 28 67 48 6 84 97 19 9 94 78 55 49 57 23 7 40 80 41 29 26 65 59 98 68 25 46
3 69 52 89 68 92 97 84 13 31 3 74 65 35 82 1 63 8 28 71 89 27 69 95 9 34 22 22 33 14 85 92 2 42 15 94 11 81 70 62 96 66 55 60 21 65 94 6 33 55 8 -3 40 75 57 77 47 10 59 32 25 12 25 92 48 81 48 44 85 49 98 60 91 73 75 13 36 36 4 15 21 46 67 96 66 19 77 54 66 13 74 27 58 3 43 1 19 71 52 3
56 97 44 51 11 28 51 8 75 90 60 50 85 75 86 43 86 15 24 67 32 73 12 32 22 33 14 8 19 17 91 66 93 51 86 77 33 76 15 12 7 5 93 40 38 79 64 30 27 27 69 91 3 58 84 48 25 93 9 54 38 65 11 5 92 6 52 62 67 46 91 31 33 91 52 94 22 20 63 67 58 82 4 70 12 6 12 16 22 27 46 25 42 98 101 84 7 56 64 22
50 60 41 44 32 75 66 62 4 37 63 69 38 7 4 27 76 41 95 53 80 32 61 16 83 -1 60 59 20 61 25 6 60 95 55 92 28 43 29 50 5 76 62 8 97 29 26 43 24 50 12 60 57 9 8 68 38 93 6 40 34 56 19 87 62 35 51 54 89 66 10 32 48 89 76 37 34 61 15 17 48 46 32 12 11 5 78 82 67 60 93 35 80 50 43 28 76 78 11 86
49 96 86 11 28 8 87 96 50 48 55 92 93 97 64 8 37 21 50 5 102 22 70 58 62 82 56 27 68 65 39 68 49 48 102 85 15 6 101 94 92 8 27 71 52 39 24 18 19 1 61 96 59 16 49 32 18 79 63 42 70 5 39 68 16 44 63 68 80 23 40 64 40 35 8 93 5 61 34 90 22 97 6 67 73 28 13 52 19 67 16 81 22 75 26 54 54 51 37 99
40 72 53 96 3 85 85 3 71 69 34 41 94 11 60 0 63 20 39 31 72 73 44 83 42 96 57 9 65 57 93 -1 38 14 59 40 52 28 96 76 91 15 39 13 5 2 28 34 19 12 50 18 69 90 11 54 19 73 89 89 99 84 61 60 35 14 2 82 66 83 95 26 29 8 93 12 2 74 12 28 9 48 86 84 49 16 87 93 26 21 60 82 22 89 18 22 42 56 46 94
14 13 45 83 6 93 77 11 94 35 16 93 19 37 13 90 86 77 57 78 71 53 95 18 12 38 97 22 62 76 87 88 52 19 36 61 53 17 19 45 58 40 60 18 13 66 40 30 4 15 49 43 56 63 38 79 81 58 22 25 68 95 88 78 60 90 23 82 96 60 46 67 77 98 37 50 26 98 79 51 21 68 88 23 78 65 13 69 22 60 70 24 5 23 50 10 86 43 96 1
57 51 48 91 98 73 79 69 67 34 11 50 10 6 76 79 44 26 4 67 80 48 54 22 9 44 90 72 25 9 70 58 89 48 79 -3 14 32 61 21 62 57 99 30 93 57 96 88 15 54 61 46 49 86 39 78 60 61 67 69 27 52 2 79 27 -3 68 20 72 92 16 30 14 44 101 54 51 92 39 17 71 72 32 72 88 50 67 37 55 27 6 76 17 76 30 60 71 59 73 0
9 23 90 87 89 50 31 49 66 95 59 58 9 61 24 76 77 49 27 24 8 43 75 67 50 3 45 21 91 42 42 45 8 39 7 15 27 86 27 3 87 9 51 58 54 87 76 1 74 26 33 25 71 42 61 24 90 33 74 40 57 48 13 100 85 66 77 9 83 51 58 39 19 56 59 13 10 94 79 32 27 40 41 43 89 38 94 10 11 76 5 67 96 78 32 79 96 83 10 60
82 57 46 55 36 33 98 41 22 85 97 93 84 12 77 22 69 66 78 39 26 62 25 3 71 24 98 88 69 9 65 17 17 13 23 38 29 78 19 25 76 62 32 20 45 54 7 51 84 70 62 92 39 16 87 60 92 23 35 -1 67 39 31 94 46 92 98 59 58 14 74 32 7 49 101 8 31 61 10 36 95 93 18 25 20 19 99 92 35 91 81 17 67 47 11 60 42 65 61 29
54 64 32 6 51 83 44 31 77 88 100 51 98 17 64 47 10 33 45 97 10 28 12 7 72 79 57 96 47 38 16 70 24 47 100 43 8 95 57 44 60 4 50 65 102 3 95 77 46 9 20 9 31 10 83 15 41 12 9 44 60 3 18 85 99 50 82 30 38 49 51 58 40 12 62 47 26 85 52 72 17 73 5 49 33 44 4 47 52 97 75 12 51 54 62 8 97 77 56 85
76 76 29 91 32 60 48 45 26 63 8 40 39 82 51 68 89 9 27 41 85 72 23 78 98 84 78 16 7 46 77 17 81 63 2 88 6 6 41 36 42 42 81 12 60 54 101 47 81 60 72 93 28 47 10 42 47 40 59 25 15 20 10 43 96 24 8 20 4 71 29 48 72 68 74 -2 83 74 29 81 65 15 69 72 12 67 20 68 100 71 8 55 31 31 78 83 46 42 83 49
87 60 16 61 74 22 37 12 21 71 5 36 90 8 26 1 71 46 49 95 25 34 17 66 66 67 47 27 56 13 34 99 5 67 7 90 85 6 52 85 74 77 87 80 16 27 24 22 23 82 89 29 94 94 66 80 11 46 24 81 92 2 47 45 97 49 18 28 78 94 55 39 34 61 41 95 82 28 40 31 82 45 64 6 44 85 52 78 61 56 92 93 30 67 23 53 10 81 16 93
28 64 66 48 6 37 79 63 76 16 88 95 87 45 69 40 67 58 37 65 50 85 59 47 51 58 34 12 43 64 69 94 21 -1 59 65 71 44 28 21 50 9 93 31 69 64 49 27 20 91 27 10 20 5 42 33 57 84 4 28 24 60 43 55 68 63 46 27 53 -1 19 92 42 65 79 70 25 69 89 37 59 80 68 67 4 44 67 89 13 62 14 -2 100 18 3 16 61 50 89 23
25 26 5 88 39 93 95 90 33 95 46 75 5 1 76 57 49 22 99 22 19 34 41 53 62 74 55 4 45 30 46 77 38 69 100 2 47 36 54 26 81 16 85 22 26 55 85 47 47 78 95 5 97 70 4 87 88 26 98 91 17 20 22 36 72 67 50 59 11 37 8 60 32 74 65 53 55 83 26 83 11 64 85 44 15 36 58 55 17 87 20 17 52 2 72 23 15 24 22 64
33 72 38 87 100 3 26 25 20 63 25 20 53 13 76 35 27 48 93 50 45 12 98 0 52 40 101 73 62 16 19 78 36 58 80 41 69 12 22 40 16 65 32 4 11 84 81 74 44 90 74 49 47 94 43 7 19 45 15 32 49 32 27 50 41 39 62 16 15 43 57 86 78 3 70 46 78 79 71 54 21 8 87 34 19 41 51 4 55 37 73 37 97 14 72 18 70 31 77 32
73 8 66 42 5 34 8 50 76 30 56 34 83 82 31 90 54 20 95 80 86 63 82 67 97 54 22 93 81 89 80 31 15 6 10 76 88 64 66 46 36 79 85 84 59 74 18 79 33 90 30 54 12 5 6 78 4 81 94 19 22 72 101 66 65 7 100 8 78 5 42 74 24 14 83 9 60 53 12 91 53 95 32 49 80 62 10 6 75 18 5 4 11 73 99 63 27 30 43 54
69 27 56 58 71 95 97 48 62 91 80 70 65 51 57 50 86 4 19 51 11 14 30 35 41 41 23 61 47 46 14 22 15 63 36 44 49 46 81 39 35 37 81 11 57 86 29 25 97 95 10 29 46 53 100 57 14 53 14 21 96 41 62 35 59 4 9 19 48 22 96 64 77 58 64 30 36 69 45 26 101 1 20 1 36 26 14 28 94 81 16 10 77 48 18 51 100 56 33 93
101 46 39 67 86 63 8 10 59 4 15 66 80 58 89 74 97 94 82 49 86 15 30 56 63 58 57 45 82 5 46 92 19 38 99 55 49 98 74 31 75 9 15 69 12 36 20 84 53 13 92 78 42 84 75 94 47 12 61 81 95 89 40 57 57 3 37 63 69 23 92 64 99 69 85 1 92 62 72 52 13 49 101 10 96 33 90 72 36 61 21 45 27 44 66 14 6 13 85 12
98 60 62 53 4 62 24 73 85 29 68 17 75 58 51 43 14 94 48 42 54 12 59 68 14 18 57 20 3 20 81 5 14 13 93 57 49 53 40 14 98 70 40 38 56 40 14 -1 80 9 5 18 78 31 81 11 35 61 80 72 79 22 20 60 6 61 55 72 18 78 100 24 81 13 83 70 38 70 53 42 96 46 68 11 94 36 37 26 14 91 11 6 14 6 33 35 96 28 63 26
96 79 19 97 49 1 55 21 51 2 17 51 16 76 87 40 83 51 33 95 69 27 37 55 38 60 91 16 84 48 85 72 59 40 66 24 30 5 77 79 70 51 56 80 99 36 78 14 27 51 41 45 61 15 78 97 32 73 34 94 11 52 70 1 6 87 9 71 45 97 83 24 50 53 64 96 94 65 65 100 46 74 57 39 93 12 46 74 81 4 26 7 57 10 11 10 94 68 65 40
2 10 77 5 70 -2 44 91 40 19 53 61 55 10 70 42 11 61 11 86 34 27 32 68 55 58 23 56 15 80 92 71 25 61 27 94 20 33 2 53 2 46 22 63 49 63 59 61 52 23 12 53 93 51 26 56 39 94 53 79 94 36 95 82 100 56 71 16 94 44 60 35 23 52 43 60 10 87 14 53 94 -2 74 61 28 9 15 83 7 45 10 93 4 16 65 -1 48 58 59 46
24 6 100 76 6 27 26 52 42 94 90 15 53 8 64 75 19 26 97 39 17 13 21 66 18 84 35 52 29 66 19 11 26 23 27 14 16 61 87 25 26 47 71 48 86 67 65 31 17 65 36 16 102 4 17 63 75 98 67 57 59 1 39 6 86 29 68 74 17 26 47 62 9 22 75 1 36 23 77 7 39 47 70 100 18 16 37 74 80 80 66 65 69 61 87 72 56 80 79 26
22 42 46 34 11 49 75 84 86 77 43 70 79 47 38 52 7 25 59 17 25 74 8 -2 72 51 45 56 82 88 95 0 79 6 94 53 58 21 46 59 55 71 2 86 53 61 35 41 97 21 65 5 35 63 9 39 66 82 77 36 62 88 91 34 71 1 35 16 39 83 35 -2 2 52 62 14 55 50 90 73 10 34 12 -3 36 74 2 16 56 53 11 26 15 1 75 4 48 75 43 -2
95 87 67 22 64 7 102 70 57 52 70 74 15 24 48 16 57 45 52 46 4 96 57 52 90 55 7 29 87 22 46 70 18 39 54 18 21 88 96 72 15 84 9 73 87 60 36 52 44 80 88 64 3 10 43 10 88 1 33 62 63 78 61 17 97 6 58 28 80 100 67 58 16 6 62 40 8 63 21 35 12 76 68 29 78 63 80 96 22 92 63 41 67 75 76 21 68 14 54 24
88 68 61 83 39 73 86 14 81 37 2 90 15 26 60 3 7 77 50 17 84 40 50 32 25 87 33 30 100 89 31 16 72 78 51 79 47 48 43 94 74 58 49 53 41 88 55 95 78 74 20 63 62 51 19 30 64 30 58 87 5 30 15 17 94 91 58 3 2 96 25 11 88 46 27 72 33 38 100 95 51 7 79 64 51 23 99 41 83 49 98 45 70 78 15 72 41 25 2 40
102 49 15 65 50 12 58 73 38 91 60 63 70 57 102 17 19 31 94 39 66 72 93 42 17 43 98 75 39 45 85 24 46 53 59 54 30 80 98 21 72 3 101 17 77 17 37 91 72 79 69 100 5 48 70 75 83 27 83 62 88 65 82 63 30 90 77 66 85 84 51 31 23 48 3 82 66 43 21 10 70 41 77 12 64 60 65 27 37 8 68 72 21 11 75 30 56 76 84 61
28 48 96 83 69 71 94 19 60 88 15 13 43 62 89 62 53 9 66 89 2 5 76 91 97 67 98 35 73 5 52 89 22 22 47 81 26 9 11 25 7 2 75 73 51 43 70 85 41 73 82 40 27 18 29 63 9 85 20 64 45 40 85 51 93 13 34 11 15 92 83 8 2 7 29 11 59 91 65 4 76 39 40 7 59 34 43 81 20 78 36 -3 36 75 23 49 78 64 7 48
64 14 46 35 43 51 100 65 36 51 16 32 49 9 101 95 58 12 53 42 27 82 4 91 30 80 71 97 93 60 76 86 23 86 69 66 96 34 37 50 86 16 3 54 70 91 7 9 29 52 58 97 45 96 83 59 65 19 52 25 20 27 58 64 15 63 25 49 4 18 84 92 101 3 13 90 78 54 50 31 79 33 99 57 22 5 22 7 4 49 90 45 32 5 69 69 7 51 72 11
5 4 67 30 36 23 31 32 65 70 68 94 6 26 50 95 75 69 52 58 21 90 8 7 36 2 22 14 100 55 59 82 85 84 7 -3 16 -3 57 45 42 18 63 7 3 78 50 -2 52 86 17 37 21 64 67 6 35 9 70 77 62 76 70 62 50 67 56 74 56 72 44 51 8 70 47 69 93 80 39 13 16 34 22 42 71 18 7 86 28 -1 51 30 63 83 76 77 24 76 64 9
21 93 67 83 62 43 9 52 86 92 41 51 62 83 9 81 75 7 35 2 23 92 79 32 50 57 25 98 78 53 67 49 97 65 15 25 30 43 11 63 65 69 55 87 45 88 56 90 54 74 25 71 81 9 46 6 44 25 48 46 75 63 95 78 97 84 6 12 28 68 11 83 95 40 80 18 54 55 10 33 70 89 51 92 86 93 58 87 60 56 101 73 45 82 19 21 91 51 30 31
31 2 100 81 54 81 65 8 88 87 29 65 60 75 34 43 36 10 88 50 56 43 18 13 86 47 7 28 50 31 14 46 91 66 82 96 97 44 81 -1 77 94 66 74 6 95 32 53 65 15 66 6 2 46 4 8 90 83 20 24 36 47 17 78 58 57 59 96 32 74 15 3 8 87 64 0 19 22 32 42 81 3 73 75 74 21 36 9 88 6 15 41 91 66 40 58 39 46 55 10
35 88 97 55 99 34 83 20 57 80 88 40 38 24 87 26 80 11 7 45 25 98 94 16 74 46 76 61 82 87 63 62 80 46 42 62 74 10 53 21 66 66 67 85 22 84 29 13 102 30 78 84 60 63 58 78 8 76 66 15 73 38 5 13 101 84 33 15 84 12 47 41 41 43 37 96 80 19 53 67 68 12 72 57 93 54 3 99 60 80 100 83 74 42 41 74 72 40 10 86
38 51 85 94 22 15 62 21 55 43 49 74 51 38 77 64 10 84 29 31 44 4 29 27 78 94 76 -1 17 11 92 72 71 15 60 52 6 63 42 50 59 69 78 24 89 32 86 47 63 96 81 6 49 64 9 37 86 67 13 37 48 62 35 65 23 10 83 18 84 69 55 16 59 4 24 29 29 40 55 40 62 20 11 14 86 86 63 38 17 27 18 70 17 13 93 30 57 70 66 58
10 1 43 59 5 18 84 22 99 71 88 94 6 96 65 56 74 98 79 68 32 6 15 20 4 94 23 27 94 67 20 42 86 89 14 76 63 94 65 30 5 32 48 81 25 77 97 75 31 22 17 42 96 75 7 42 20 90 101 41 69 40 79 96 86 68 73 38 89 51 26 29 54 20 91 72 63 16 10 67 15 29 62 82 57 70 20 79 51 53 80 60 31 83 54 19 87 5 72 98
21 44 29 64 94 11 29 92 70 14 18 55 66 75 82 34 47 9 74 6 7 93 51 54 42 16 7 80 36 66 94 36 101 32 25 49 96 -3 14 41 32 49 33 50 89 -1 25 41 21 75 76 39 11 36 54 0 21 22 55 79 46 32 53 43 7 28 57 38 38 17 48 0 16 82 80 73 54 11 30 5 6 70 40 14 5 65 88 4 2 61 90 92 2 86 27 96 33 7 94 68
34 49 17 98 48 24 34 61 23 41 72 13 83 48 31 52 88 22 65 83 26 58 36 83 7 82 6 94 75 33 92 3 77 94 51 72 5 98 82 46 3 71 29 51 92 32 36 95 64 8 82 31 43 73 19 100 41 92 75 86 50 86 67 94 12 22 14 93 50 68 18 14 26 48 71 88 64 92 57 15 40 37 20 64 61 41 73 42 62 25 20 67 44 63 11 4 30 6 9 74
73 41 48 38 48 65 78 35 79 13 31 9 25 86 62 30 98 93 64 8 7 25 52 49 71 47 21 5 92 -1 14 24 71 49 36 77 78 14 83 73 40 25 80 54 69 95 49 4 77 38 42 7 44 35 65 7 78 58 55 53 76 48 48 37 42 94 59 56 31 19 37 67 85 9 71 39 16 64 45 43 30 38 13 50 30 40 14 95 51 70 16 35 40 -3 46 77 11 74 3 15
4 36 99 38 14 83 18 81 94 1 40 26 39 35 44 18 3 86 18 39 66 5 58 86 30 57 80 17 85 10 74 60 77 40 52 30 43 60 95 4 16 75 66 73 97 75 86 3 94 73 86 13 53 10 15 96 91 58 84 73 16 79 31 30 46 80 49 38 90 88 89 10 23 18 52 29 97 2 29 27 73 26 80 83 92 1 66 80 19 79 23 7 10 21 60 23 70 20 78 29
76 58 64 13 34 24 94 40 38 20 71 40 8 44 85 31 27 94 9 31 31 46 74 8 49 21 53 10 49 21 50 -2 58 88 58 49 38 4 54 80 71 36 29 81 61 11 20 46 17 94 75 40 62 8 38 35 39 56 26 3 33 60 19 66 83 82 100 57 97 26 79 70 51 75 54 22 97 95 59 -3 95 67 55 96 84 86 71 50 84 24 57 19 39 42 23 67 70 55 57 42
79 20 53 64 30 63 89 80 26 9 94 72 65 85 60 55 53 89 53 9 87 47 47 96 12 72 50 96 15 67 4 23 18 74 65 11 67 1 40 14 69 61 6 3 21 51 99 88 80 29 60 50 70 45 10 10 95 22 26 52 18 70 13 14 3 92 14 3 64 3 83 92 46 70 73 63 87 96 92 12 28 84 88 37 32 98 87 52 41 53 38 42 46 11 83 51 79 45 23 89
29 16 85 37 95 69 100 36 89 55 98 89 32 61 80 -2 12 74 84 85 31 34 72 68 7 26 74 15 82 54 95 46 65 11 56 41 8 63 73 64 47 11 75 91 51 13 89 16 2 25 35 71 33 15 82 84 61 92 87 7 6 21 81 80 77 39 27 58 95 79 33 64 91 13 60 58 27 38 63 13 57 74 92 76 75 85 76 26 45 65 47 12 73 42 78 17 10 76 46 60
El programa tardó 41.058778762817 milisegundos en ejecutarse.
