65 29 33 28 11 4 69 17 20 47 52 60 89 24 26 38 40 100 83 93 22 36 64 71 11 97 9 12 79 72 95 35 62 62 90 55 73 86 4 44 66 92 82 43 65 10 86 32 90 51 13 48 49 96 89 51 76 32 4 33 45 61 29 86 3 34 11 17 41 12 93 66 86 28 14 42 68 32 44 48 93 20 85 64 95 43 102 8 96 21 15 80 64 83 50 80 87 96 66 65
23 53 4 2 18 39 98 84 28 54 44 92 54 24 82 17 93 56 78 15 41 73 77 65 39 26 12 59 38 89 72 80 68 13 30 35 51 61 83 23 37 0 9 17 78 70 79 10 42 43 34 34 56 9 72 45 19 20 71 64 56 82 87 11 16 60 25 -3 76 38 5 0 12 45 95 56 30 62 45 89 71 87 84 5 28 31 28 82 61 27 50 77 95 91 27 -1 84 14 83 2
78 38 21 64 84 58 64 23 30 80 79 15 38 43 25 6 89 51 61 86 46 4 28 36 70 71 8 67 73 44 31 99 41 67 48 81 8 40 89 97 68 41 57 37 43 37 41 91 37 13 38 27 92 53 56 34 83 91 15 1 99 75 48 35 88 36 48 9 8 27 85 80 48 32 21 18 82 21 44 7 85 82 63 36 14 33 96 85 78 79 97 91 52 64 15 71 41 29 20 63
32 73 54 35 51 24 79 54 10 15 29 82 32 10 88 63 95 60 88 75 23 45 80 59 74 51 86 96 101 1 27 16 51 5 72 83 30 49 41 50 37 14 58 86 63 73 50 23 93 69 41 75 12 76 20 55 75 77 83 88 66 23 49 47 61 46 81 87 25 57 70 87 49 76 66 66 68 86 35 7 56 59 40 38 89 1 58 26 54 85 17 74 59 5 47 64 29 19 23 1
4 49 64 41 53 74 102 59 96 86 62 71 84 99 98 57 10 39 23 59 63 88 34 44 92 98 74 8 54 44 93 25 27 83 58 9 39 43 76 79 19 99 93 5 96 33 8 20 18 18 43 7 87 24 85 58 51 73 90 33 53 59 10 69 44 61 62 83 88 84 56 81 37 84 75 70 38 42 43 25 45 72 96 87 53 74 26 20 6 72 19 60 81 94 27 87 6 95 12 24
81 58 66 5 98 47 100 27 4 92 67 80 47 17 71 58 58 72 36 34 45 41 15 10 61 31 54 83 9 15 49 71 49 43 28 80 50 28 91 13 92 46 76 66 54 90 67 57 34 68 67 23 38 23 72 -1 55 32 15 95 61 14 31 88 40 69 13 16 3 64 13 13 73 59 62 81 47 72 3 30 19 80 8 31 17 40 39 21 48 42 17 44 70 89 56 3 13 22 30 57
40 25 13 97 98 37 3 55 68 77 72 16 74 13 91 90 92 37 72 98 61 65 61 66 66 38 22 12 63 51 35 42 28 34 75 36 19 89 75 51 40 28 95 31 10 62 99 81 77 16 10 6 91 21 63 21 35 50 3 66 56 96 57 77 75 50 16 95 44 39 100 27 33 100 30 10 46 82 27 53 64 31 72 84 75 80 12 73 93 64 64 34 9 62 69 74 97 47 91 9
10 24 2 91 31 49 76 35 90 47 42 29 94 79 84 15 76 67 44 54 73 1 80 36 76 95 59 65 17 27 33 93 86 59 6 12 46 -1 28 25 54 64 87 78 81 38 28 72 100 41 47 88 46 73 2 55 78 8 52 86 92 72 15 6 99 77 43 15 41 15 36 13 73 74 95 66 33 -2 12 50 32 46 84 -2 55 66 30 15 35 94 30 43 54 88 33 87 81 41 97 39
84 41 101 85 73 19 43 72 26 60 77 65 98 39 50 84 89 90 21 42 45 7 102 40 88 10 25 69 51 55 69 11 29 31 94 8 45 99 13 100 75 14 11 34 54 99 46 84 69 17 20 100 73 28 78 2 25 2 96 74 7 98 61 19 21 37 98 26 59 92 99 46 60 90 8 30 4 6 84 3 69 92 15 99 75 1 87 56 69 13 94 75 63 11 100 57 22 92 77 39
92 59 20 58 46 93 37 12 30 2 13 26 53 17 20 87 39 47 3 3 41 29 87 47 92 68 73 46 67 29 70 28 90 9 73 54 57 95 46 28 65 11 75 93 48 5 78 1 60 48 11 48 61 74 79 73 5 16 92 30 44 44 6 18 42 53 99 25 51 17 79 89 75 52 76 59 28 15 90 7 29 4 83 14 30 7 46 38 50 94 85 37 94 41 49 22 94 17 80 -3
34 73 32 22 73 7 93 15 35 53 76 100 53 71 92 27 67 78 96 90 40 17 10 22 46 49 67 62 78 63 62 12 96 1 22 100 56 85 98 6 18 62 47 96 102 72 42 81 48 71 56 83 101 50 94 95 62 18 21 69 70 28 100 5 70 67 92 44 74 50 17 5 3 76 22 90 79 83 32 74 85 20 88 96 52 51 102 3 26 95 89 54 72 12 29 61 17 49 31 14
15 30 100 81 81 62 46 -3 12 -2 34 28 16 2 22 25 101 89 20 17 42 69 4 63 19 66 61 38 39 60 24 33 16 91 28 18 28 18 59 52 78 66 5 70 39 96 18 46 76 37 81 60 68 90 26 89 13 29 8 67 11 23 29 57 7 95 39 29 42 64 64 0 41 93 21 -2 48 22 56 54 73 34 93 33 60 64 32 73 77 56 22 25 43 17 73 33 69 19 80 24
14 85 41 48 29 32 33 8 14 53 42 78 32 27 11 100 65 15 36 70 39 10 75 82 65 2 79 17 24 87 85 93 15 77 72 6 21 45 50 18 77 6 49 73 35 91 23 67 10 44 28 4 38 40 46 31 34 26 11 84 49 6 77 96 17 53 101 95 74 37 55 52 73 8 79 86 38 24 68 20 43 39 49 82 56 32 47 86 76 98 53 8 16 70 97 19 30 31 12 40
62 77 29 6 80 38 48 3 18 11 76 49 82 80 79 4 79 33 71 61 40 46 6 16 52 48 52 10 75 68 36 3 50 72 18 83 93 37 100 56 53 72 32 41 96 6 58 26 74 47 62 21 88 42 16 15 30 30 2 78 68 39 82 63 87 34 11 5 16 -1 41 20 14 71 64 46 5 58 26 5 99 9 7 -1 101 -1 16 93 82 60 50 81 43 87 89 71 21 7 50 94
93 28 3 69 101 8 62 18 14 95 94 23 34 28 63 99 19 45 8 95 35 36 80 72 87 60 11 85 52 100 66 55 46 85 29 24 85 92 12 35 60 97 32 83 37 19 97 73 93 81 55 77 77 92 100 37 12 18 17 78 96 35 34 78 56 98 86 68 92 79 68 99 102 31 94 84 30 94 64 68 82 6 12 40 45 55 30 100 43 16 31 28 79 55 60 97 58 62 4 45
97 -2 37 2 12 4 57 70 2 47 98 60 51 23 71 31 35 78 94 12 38 68 75 79 62 17 88 30 62 80 32 -1 58 33 97 71 18 77 93 48 45 92 39 47 20 9 40 22 50 42 56 -1 27 76 63 70 82 46 37 92 5 39 32 61 58 -2 35 84 45 62 53 86 8 94 71 26 10 71 35 61 50 33 68 95 78 36 96 47 20 72 53 80 18 78 84 9 84 64 10 57
102 86 96 80 79 55 99 36 37 68 11 95 51 95 48 46 92 17 98 43 99 39 98 31 30 21 30 9 31 7 49 35 82 45 22 9 93 100 43 91 19 13 6 80 31 62 81 92 11 25 66 38 100 94 55 66 82 98 25 32 24 55 55 100 93 19 51 48 66 18 61 77 14 54 22 58 75 66 50 25 72 33 60 1 12 45 68 99 87 29 36 47 71 4 53 33 13 78 7 83
49 94 93 33 76 25 16 13 33 17 84 27 64 -3 99 95 95 5 93 34 89 -1 47 89 38 21 48 68 66 32 38 52 15 4 36 -3 47 74 34 -3 13 57 44 68 24 30 100 63 82 -2 88 17 77 86 99 -2 51 -2 25 0 29 7 64 36 59 84 35 28 60 61 50 34 90 88 13 89 50 64 24 86 92 45 17 79 89 83 48 30 20 2 53 87 60 29 39 30 36 78 6 4
78 31 49 91 49 71 34 55 47 76 68 12 80 19 88 41 76 76 53 49 92 86 35 7 51 52 48 87 15 76 86 16 52 73 19 38 40 15 55 91 88 3 57 72 98 88 4 9 64 14 90 95 24 81 60 12 5 95 19 42 60 81 97 79 9 41 82 74 77 26 11 84 11 21 88 64 102 25 58 34 58 53 88 22 87 71 9 43 46 27 77 13 45 26 49 7 63 67 40 42
44 46 26 75 30 10 76 13 62 -3 32 54 61 66 88 22 90 34 57 30 43 49 101 71 74 80 57 69 44 16 46 77 40 48 41 7 85 81 40 6 12 23 37 2 25 37 37 8 32 54 20 55 69 29 26 89 50 16 91 4 68 71 13 6 34 23 62 57 98 87 7 0 15 10 69 96 22 17 89 85 78 18 16 -2 72 29 52 60 49 58 43 30 13 20 28 25 58 20 42 34
73 98 42 1 63 60 90 97 41 64 53 78 57 78 60 48 86 91 96 91 31 5 26 7 34 93 8 45 23 2 82 86 4 64 100 30 89 59 41 47 10 62 45 60 91 95 70 8 57 13 53 81 68 29 91 95 96 2 67 28 50 14 58 15 27 50 15 54 22 42 75 86 49 4 82 40 45 58 16 56 98 97 92 63 6 51 80 79 39 38 25 88 40 7 75 56 79 51 100 7
45 26 13 43 35 69 90 31 3 78 82 -3 67 69 76 35 46 93 92 72 55 49 26 76 61 49 40 41 90 47 76 49 3 23 32 90 8 50 45 87 69 57 54 76 74 75 3 53 51 96 83 88 8 96 91 24 59 0 72 23 4 9 34 66 10 25 70 87 86 70 28 23 93 23 37 77 6 47 74 -2 75 23 82 90 62 70 85 80 100 70 24 84 16 75 8 54 99 54 61 81
21 69 19 96 21 49 96 78 83 47 85 23 24 22 42 11 45 97 28 2 29 40 36 13 41 9 88 76 95 25 93 18 60 71 100 78 68 46 13 9 34 92 47 79 35 85 8 61 29 16 5 41 60 74 11 65 102 35 41 100 101 18 93 70 56 23 5 95 28 32 89 65 8 48 28 9 88 66 15 97 47 29 30 96 93 97 22 92 50 46 77 8 27 7 35 14 81 17 68 54
88 77 52 5 96 3 22 29 30 90 8 84 26 35 9 47 46 57 36 54 7 92 23 87 27 83 73 7 79 55 17 4 92 17 98 17 89 13 44 66 44 13 93 9 46 24 47 50 26 46 70 -2 29 31 33 79 78 29 3 14 39 56 89 48 5 47 55 64 56 17 40 82 19 81 99 86 26 56 67 20 10 8 62 11 97 65 13 21 61 88 40 22 88 41 57 31 19 79 74 89
47 33 42 66 64 43 83 26 34 10 63 76 62 14 81 50 37 41 82 47 95 88 35 23 17 99 102 3 81 8 45 41 22 28 24 13 37 55 44 89 20 12 69 77 71 21 45 52 57 42 45 79 70 62 99 85 29 24 91 63 37 90 34 96 5 69 3 68 6 54 75 11 81 36 65 23 14 2 85 15 20 39 11 85 22 32 74 83 10 34 95 75 17 85 52 55 67 45 57 57
27 10 30 9 44 88 97 38 45 52 13 56 27 35 10 16 30 76 4 19 28 64 23 62 28 74 39 15 24 44 62 59 54 47 26 50 77 51 31 17 11 70 31 43 42 62 60 15 33 55 53 6 59 21 88 71 87 52 88 9 71 59 69 19 69 39 58 1 22 14 20 59 82 7 53 -2 29 69 39 -1 71 32 34 31 28 29 86 7 64 92 76 24 30 90 88 46 42 78 45 49
56 66 8 62 24 95 62 74 19 73 96 15 61 45 71 84 87 37 15 53 65 85 33 92 39 3 12 83 9 45 9 23 77 80 54 6 80 57 82 20 97 98 76 80 86 81 76 82 8 11 8 58 27 60 31 65 42 86 56 53 80 93 59 27 15 63 81 8 89 85 87 5 30 81 84 86 20 4 65 50 11 100 95 7 47 78 101 53 30 66 30 85 78 97 25 42 68 92 50 57
20 -3 23 35 97 59 57 95 67 75 90 92 8 78 93 62 33 2 68 53 91 8 26 12 84 78 94 6 55 91 59 92 41 67 65 26 64 26 75 87 38 35 96 22 81 54 14 77 82 36 25 35 89 84 45 43 33 2 90 57 16 47 70 24 100 27 92 63 67 62 90 3 38 60 5 77 70 63 5 87 76 41 12 11 66 17 29 6 8 49 62 59 4 12 53 35 43 39 86 22
39 37 81 43 90 98 26 2 8 24 6 73 9 25 40 79 75 94 38 67 80 61 11 1 37 81 68 57 52 75 69 100 38 3 33 58 75 85 86 15 57 85 40 99 40 13 22 39 27 74 36 34 63 68 30 72 43 38 53 28 8 6 42 59 27 45 47 9 11 25 90 46 87 34 22 36 68 91 47 94 82 48 16 24 97 85 84 14 59 93 60 17 77 54 76 26 59 28 67 10
36 63 8 53 76 -3 101 54 32 23 65 17 38 -2 38 18 52 95 98 48 32 81 98 35 28 30 4 83 90 75 36 10 39 10 80 3 28 93 18 79 41 47 5 93 75 5 101 76 68 86 84 76 61 35 11 7 71 28 59 20 32 95 80 25 94 59 50 41 22 78 90 43 17 33 10 41 98 51 30 37 101 80 84 48 50 40 72 28 13 15 13 61 6 91 9 42 38 57 24 13
87 51 30 87 80 28 6 98 20 83 3 84 13 27 42 15 99 56 11 83 56 70 66 72 43 37 48 99 61 100 58 5 94 50 72 61 40 76 89 96 66 60 84 98 77 79 98 54 9 22 64 58 3 30 42 44 93 40 96 54 25 19 59 93 87 15 46 86 28 8 44 5 100 76 98 76 8 43 14 71 25 32 47 15 102 82 20 49 75 74 102 15 14 44 28 49 24 35 55 7
47 16 81 55 84 61 22 37 22 6 16 78 89 92 55 54 5 58 83 76 36 93 75 54 96 44 10 39 51 39 92 82 49 89 3 26 54 44 5 85 18 29 68 38 29 44 88 31 61 80 101 32 51 7 13 90 26 37 87 77 6 23 76 13 31 32 95 18 21 0 8 60 85 22 67 96 67 64 98 66 24 89 27 26 27 42 58 44 60 69 76 64 33 69 11 61 65 49 37 86
6 65 74 52 32 89 63 65 59 38 64 15 96 49 28 20 59 68 77 74 101 79 71 98 34 29 76 39 47 35 45 82 85 39 16 7 46 54 5 17 45 15 91 30 84 31 36 62 81 11 63 85 66 32 96 64 40 89 33 74 71 79 37 10 80 53 46 94 75 61 16 23 47 37 35 81 99 63 28 98 72 37 75 18 86 36 95 97 11 13 71 53 37 28 22 44 55 23 7 64
37 48 86 88 70 43 54 70 57 69 23 51 64 12 87 7 22 28 34 23 58 59 57 38 69 36 15 25 44 46 46 43 50 -3 93 44 44 38 80 3 30 68 18 76 87 33 70 16 12 33 42 69 93 66 37 59 72 73 80 25 13 39 11 76 86 55 52 29 77 51 17 42 99 52 33 95 32 34 97 42 38 -1 61 50 94 15 34 74 2 25 88 94 31 56 61 44 61 22 83 23
46 54 69 28 46 40 92 93 48 65 75 2 22 4 37 26 14 65 94 9 71 50 15 72 76 83 12 60 34 53 7 4 4 68 86 93 68 9 21 6 50 58 98 92 43 47 23 47 90 76 39 75 71 25 48 88 65 8 7 43 42 62 71 2 16 41 41 35 17 100 81 80 71 53 32 23 88 9 19 62 5 89 66 63 27 69 35 29 9 70 8 68 61 99 89 27 23 5 28 78
57 3 20 1 19 15 13 34 15 92 25 13 52 5 47 8 69 34 40 88 90 84 14 87 81 -2 19 70 20 82 84 79 64 5 47 3 78 11 90 75 52 26 29 93 35 9 76 32 40 69 43 76 68 27 6 28 22 2 56 78 75 23 46 71 25 22 37 46 14 69 66 61 15 58 13 84 89 94 22 54 13 63 47 22 5 16 10 62 58 56 52 1 54 38 16 89 87 95 57 63
24 6 91 8 51 3 86 62 32 39 21 82 49 59 20 29 24 44 95 48 76 79 64 16 92 92 65 74 19 94 19 21 100 39 55 44 8 91 44 95 32 83 84 76 65 51 62 33 83 6 88 59 62 19 23 26 68 84 56 53 91 31 56 80 21 71 32 91 35 73 56 1 11 58 40 97 46 46 93 10 85 93 19 79 3 72 35 41 23 5 95 90 3 41 28 28 68 53 28 40
93 13 67 91 61 12 91 20 60 19 67 84 2 69 88 80 23 87 98 29 93 59 4 20 9 43 46 92 68 -3 60 53 9 45 40 76 2 92 5 23 18 17 18 84 32 13 60 61 40 35 49 36 68 71 23 52 92 58 29 11 61 19 69 17 35 9 6 58 42 9 21 54 43 59 16 95 76 35 81 75 46 59 37 90 79 55 28 39 41 21 75 -2 86 80 41 80 54 53 52 81
85 74 93 67 74 94 64 66 45 71 20 18 15 92 16 69 7 66 88 34 76 57 68 62 4 82 72 55 90 46 31 96 46 12 44 40 89 52 7 11 83 56 40 9 33 58 67 55 15 32 31 22 75 34 102 21 34 60 39 6 57 94 91 30 6 57 61 67 61 54 78 81 27 71 88 32 60 49 48 60 17 51 51 17 46 96 38 85 25 39 16 13 30 30 40 25 80 20 101 33
29 18 60 6 85 64 17 67 7 75 59 31 53 75 30 52 11 75 77 14 44 69 94 6 35 75 22 52 15 5 31 28 4 14 75 13 37 47 28 78 50 86 45 20 12 58 85 24 24 61 69 43 94 31 47 73 75 74 35 0 18 65 88 7 90 10 2 19 68 59 32 91 53 67 13 34 51 81 44 23 2 61 29 96 52 19 4 42 70 3 56 33 93 40 66 27 35 81 13 94
19 15 55 30 33 11 77 56 70 49 46 29 96 22 4 54 43 94 60 40 27 56 6 25 28 69 29 61 11 26 41 26 64 25 40 49 35 68 31 51 86 76 62 99 72 41 35 23 21 21 100 26 34 4 27 79 76 82 45 92 10 93 67 99 22 93 8 25 47 73 47 36 52 29 50 17 31 47 71 60 96 78 64 7 83 36 100 14 95 64 52 81 75 70 39 40 77 91 11 40
25 44 92 43 86 67 23 27 43 55 94 88 67 39 20 22 12 72 67 27 82 -3 42 8 46 62 8 40 36 85 33 4 58 55 82 29 38 34 56 30 15 95 69 69 97 34 74 0 76 45 3 33 56 73 73 86 40 20 97 40 13 94 10 16 40 84 42 86 68 36 101 69 73 19 22 62 96 76 98 91 41 63 90 75 47 83 8 52 49 67 88 8 22 35 65 12 87 24 10 3
60 88 45 68 81 69 43 53 43 70 85 74 102 39 27 5 27 74 74 27 67 82 37 69 15 41 82 85 61 13 59 39 54 49 75 74 74 46 13 61 24 94 32 49 29 8 65 55 49 94 47 63 38 73 12 38 31 61 96 84 33 62 34 13 12 18 87 53 29 29 58 21 3 63 44 88 38 13 69 71 26 7 71 56 40 15 65 5 79 26 14 84 62 54 36 48 100 22 6 82
44 96 23 46 8 64 64 80 84 69 96 33 28 85 88 42 75 77 13 15 37 5 57 41 3 22 7 3 97 42 33 72 62 86 82 52 54 56 33 36 82 95 7 36 5 70 6 62 4 9 63 2 88 16 27 10 42 94 61 67 34 82 25 43 99 67 55 66 76 58 65 69 49 26 101 53 31 9 77 96 94 6 41 11 68 24 3 37 46 14 21 39 48 21 88 73 13 47 68 -1
6 2 55 55 78 95 72 68 82 68 18 79 93 49 65 88 46 6 53 33 54 40 98 66 75 33 6 27 94 11 27 26 53 67 6 70 24 96 91 96 27 26 41 97 31 26 31 52 30 3 82 19 75 21 78 80 53 95 85 57 70 55 21 75 29 89 92 94 36 24 19 67 59 35 19 50 47 25 28 38 95 37 102 53 26 41 53 95 63 63 37 88 54 92 52 88 86 53 35 13
91 85 40 92 35 65 70 95 42 3 81 21 35 13 16 31 90 54 62 83 85 29 66 70 101 37 83 50 83 25 4 46 71 82 17 1 58 17 75 65 51 24 16 7 48 83 51 49 96 71 65 27 88 41 8 6 4 55 22 -3 79 25 61 26 53 76 78 52 63 6 5 50 47 83 43 0 33 95 84 57 23 41 35 38 35 7 65 50 96 93 15 93 47 87 98 55 29 11 22 11
50 28 91 68 64 83 80 40 24 6 23 73 39 88 81 58 22 67 91 86 98 82 82 84 18 88 32 38 54 50 57 39 25 99 4 1 47 18 86 33 38 82 92 86 50 45 96 35 35 47 80 85 78 15 65 35 44 60 102 96 9 25 52 91 77 69 73 20 34 5 29 34 63 72 55 24 91 46 27 76 38 89 102 31 41 9 8 34 95 70 5 50 5 39 29 75 74 23 20 75
51 14 77 31 51 50 55 12 23 13 69 73 83 54 47 28 41 36 54 78 70 85 48 82 93 65 66 94 84 16 19 42 41 49 12 77 61 40 85 83 79 89 93 0 45 94 98 75 23 19 82 26 43 1 33 70 19 -3 33 58 28 55 89 3 14 21 70 13 99 5 78 79 7 70 82 91 81 7 32 22 79 22 52 29 26 48 56 95 82 87 50 66 47 65 97 11 20 79 2 51
6 17 29 17 58 98 13 82 18 58 46 91 45 91 83 35 63 73 43 21 39 56 70 71 4 23 4 29 56 51 72 69 55 4 31 43 95 34 43 42 57 82 100 81 8 92 57 71 42 99 100 59 16 78 86 15 101 76 17 48 85 100 62 16 88 73 53 49 22 14 36 74 17 66 99 54 47 16 46 1 44 57 102 2 59 45 71 48 36 29 85 78 93 35 24 72 65 10 24 84
43 70 10 92 88 -1 88 83 97 64 66 62 3 1 91 40 100 8 29 15 65 17 6 18 60 11 31 9 42 30 57 94 44 26 8 69 24 -1 79 84 36 92 55 64 101 86 12 35 56 79 89 16 11 35 68 93 66 90 82 93 81 61 90 19 100 75 88 62 42 14 97 14 99 49 69 77 85 24 62 86 43 23 99 43 77 56 3 69 12 88 4 86 73 14 55 57 6 16 52 0
69 90 56 47 16 72 17 74 3 15 78 59 24 10 73 92 100 14 81 40 72 80 99 9 93 28 68 14 35 3 89 90 93 35 58 32 76 69 9 75 77 59 36 96 76 58 42 49 17 75 19 98 70 6 4 87 81 89 48 25 18 2 44 23 54 38 19 21 13 81 36 49 90 35 87 5 90 44 40 57 72 72 16 73 81 30 88 72 43 31 64 51 57 15 18 47 53 82 15 80
24 7 70 2 6 71 7 20 83 93 15 55 31 28 20 54 57 91 60 38 86 6 99 60 50 81 86 23 85 -3 59 40 5 10 96 24 12 63 87 32 52 34 59 90 36 35 11 75 78 16 16 46 66 29 46 64 54 50 49 46 4 52 3 96 11 -3 58 28 79 91 25 0 33 40 70 0 72 24 14 80 24 9 95 92 69 96 24 44 65 25 97 46 2 30 53 85 51 61 39 42
58 93 70 29 6 30 32 75 67 98 35 60 84 18 77 13 16 74 20 44 21 86 11 56 25 79 28 30 96 41 69 18 94 30 65 35 4 62 25 100 15 50 20 76 72 80 92 96 87 82 58 43 41 91 80 71 102 39 29 80 18 83 42 45 72 16 39 82 68 95 62 65 25 52 49 43 84 38 66 36 86 27 95 6 76 50 52 68 13 49 41 4 57 69 76 35 79 37 7 93
8 26 41 58 91 21 43 6 73 37 78 93 5 36 35 9 98 79 100 13 66 21 53 84 5 26 88 75 94 8 98 17 6 -2 38 23 94 61 3 73 54 89 60 2 45 45 76 30 101 16 25 32 19 92 16 54 25 3 100 62 14 70 18 25 29 89 7 -1 18 68 67 34 19 11 3 65 29 67 74 22 35 21 71 59 99 51 7 35 83 25 60 7 84 78 24 95 74 61 17 21
6 24 3 42 97 45 101 21 67 38 39 59 65 48 73 60 77 33 36 32 14 19 100 9 69 50 32 72 43 20 13 36 23 59 17 92 28 49 16 91 28 37 49 56 50 95 28 36 44 4 64 15 10 22 7 22 46 8 45 1 29 93 94 24 65 91 91 51 61 65 65 98 49 84 99 72 52 26 92 98 25 9 60 74 35 61 33 78 19 81 16 39 46 54 27 83 72 52 46 90
82 68 40 62 62 15 65 82 67 80 100 18 14 5 66 51 62 14 20 7 60 -1 17 43 64 47 80 96 81 47 24 45 70 74 46 69 48 20 101 20 87 31 18 58 36 58 7 40 40 32 50 4 79 37 60 26 88 61 78 67 99 66 9 29 62 41 61 11 17 68 49 5 73 46 4 60 27 20 6 61 72 47 23 96 12 60 11 90 42 -1 90 32 98 67 53 18 60 18 34 1
10 92 93 29 72 98 11 26 52 76 39 15 43 45 64 58 37 16 56 34 98 4 34 41 39 40 48 16 61 20 94 85 27 73 16 36 40 70 5 67 29 73 4 12 44 28 41 35 18 30 78 40 15 76 13 28 19 49 102 97 97 99 91 77 88 74 102 68 5 32 16 29 102 26 26 77 47 42 28 13 70 58 63 34 9 57 72 47 45 47 61 23 21 88 65 48 102 79 48 94
47 89 4 -1 17 96 79 30 85 85 75 87 51 25 33 24 53 0 86 86 32 66 38 40 5 23 29 1 80 57 12 87 10 3 59 73 38 37 36 37 74 83 17 83 81 31 99 4 90 93 65 56 25 83 84 33 63 30 93 6 59 76 79 30 26 90 18 7 78 23 42 37 41 48 94 70 78 31 41 43 82 80 86 50 46 54 64 77 6 92 92 28 56 -1 52 19 74 88 15 38
62 49 12 41 97 98 10 30 30 89 16 35 77 36 58 75 69 25 75 39 13 89 65 9 52 49 71 29 71 26 52 3 9 5 59 16 16 72 102 25 79 18 83 39 102 34 98 74 13 28 82 78 35 18 31 42 84 60 59 64 64 11 90 75 48 34 40 37 58 5 54 25 48 85 67 91 89 81 44 8 72 41 80 11 23 85 13 18 90 96 85 81 76 73 77 64 47 64 35 23
100 89 14 19 74 -2 35 91 14 33 89 27 55 36 78 55 73 78 76 48 52 53 63 89 55 94 92 96 77 86 38 17 5 -1 55 92 80 62 101 58 70 80 40 0 67 84 19 39 10 3 93 51 79 20 67 19 61 1 15 55 98 69 94 2 6 96 46 83 63 10 58 63 59 0 100 30 100 50 5 -1 80 4 31 21 9 31 73 68 70 43 22 16 65 66 33 10 21 1 55 5
10 6 32 39 14 98 77 36 57 46 69 32 82 48 68 75 42 78 27 20 6 30 12 32 68 86 58 91 92 72 83 79 41 36 64 65 39 18 15 23 101 80 53 50 14 98 35 66 86 9 41 47 98 67 44 22 87 45 33 75 46 95 5 74 78 62 15 26 84 28 60 13 29 68 28 87 56 57 76 84 45 1 8 78 66 47 16 13 84 99 17 95 85 36 59 10 32 63 97 60
38 89 36 69 67 29 26 0 63 85 45 25 18 10 47 51 21 31 57 75 5 46 6 -1 2 77 41 47 23 24 28 37 49 83 60 75 96 40 5 27 99 93 17 32 32 83 72 35 8 94 55 13 26 0 15 20 17 16 38 36 19 50 15 88 67 23 70 96 96 82 31 30 80 5 24 14 88 60 82 20 52 45 90 47 2 40 68 34 37 46 74 48 3 85 54 15 14 38 89 13
23 45 95 6 53 99 29 36 50 33 80 90 45 23 21 52 61 38 29 78 52 6 94 82 69 83 67 69 80 52 4 56 100 22 46 81 99 27 5 92 40 1 17 75 53 79 66 92 6 59 49 64 38 16 57 44 28 73 50 16 39 79 75 54 46 78 55 75 55 9 61 47 73 90 60 66 48 14 37 18 58 40 40 52 6 82 78 7 60 94 64 70 101 87 76 42 25 89 100 55
68 4 74 63 11 49 84 25 65 19 79 46 12 49 74 11 60 77 64 47 76 1 29 8 73 39 41 58 11 40 81 22 73 44 59 85 38 18 94 45 87 61 45 7 27 0 14 40 86 95 8 41 11 50 66 47 60 93 62 0 93 47 55 42 86 60 55 14 67 77 61 3 45 57 88 68 27 62 50 73 65 77 76 53 40 52 43 9 83 -3 87 60 96 81 96 67 36 57 41 40
69 55 96 75 57 25 84 29 46 29 87 54 14 17 46 86 16 6 62 46 20 39 57 38 25 43 83 18 17 11 78 85 23 38 39 36 82 4 78 4 80 72 33 90 42 43 52 14 42 5 56 57 80 91 63 32 42 40 14 56 56 69 72 59 102 30 82 36 101 57 58 70 81 73 32 86 49 68 68 89 59 23 33 70 96 18 37 96 62 22 39 21 23 17 63 75 71 17 8 49
29 46 45 95 59 26 7 47 31 31 6 32 63 78 19 9 43 71 49 91 76 -3 24 54 53 24 43 48 18 53 58 78 43 79 24 36 24 7 42 53 25 94 48 78 50 56 47 19 91 38 54 82 2 19 43 84 98 57 95 59 11 5 31 86 39 32 78 13 41 34 72 14 65 21 94 9 78 24 57 83 60 89 37 36 49 53 77 90 99 73 56 3 72 65 93 22 16 40 68 51
18 81 14 94 76 30 40 62 60 6 31 94 29 73 8 74 26 10 64 41 93 81 10 98 84 51 27 14 83 94 29 28 15 90 13 15 83 27 83 5 79 46 41 26 42 16 102 16 55 60 49 17 30 91 95 86 16 74 97 46 88 48 84 40 80 42 17 40 56 10 45 3 32 41 42 61 68 79 20 91 24 28 84 94 35 29 57 3 85 85 43 98 80 97 97 17 11 22 78 30
66 54 29 46 97 50 66 12 55 96 83 31 58 61 27 20 76 34 2 25 28 3 99 83 87 23 42 34 35 19 74 53 80 61 97 55 24 80 58 94 41 85 19 30 22 58 90 49 70 21 94 80 9 1 36 31 28 19 2 80 30 68 62 21 68 88 67 62 47 34 32 89 57 32 67 76 33 90 90 57 2 24 64 49 46 82 29 64 39 84 84 6 46 79 46 25 45 48 45 58
33 50 49 74 83 48 16 68 18 81 47 26 83 9 57 25 68 15 52 41 35 96 71 51 76 30 84 31 36 10 76 52 40 5 22 38 13 7 58 1 80 81 82 18 20 69 86 63 90 64 92 81 87 65 88 39 33 55 102 64 59 15 20 31 18 3 52 61 50 64 78 32 99 100 69 16 24 95 35 98 22 79 99 60 37 50 5 62 71 90 57 60 43 55 59 96 17 38 76 86
29 36 58 21 55 28 87 39 26 16 64 44 91 76 45 91 21 71 50 27 8 4 97 96 64 31 19 68 34 2 54 28 57 64 13 37 77 22 10 31 40 18 57 57 5 72 29 60 35 71 64 84 98 1 75 96 14 82 28 69 78 40 72 23 86 51 50 49 9 67 19 30 28 36 77 83 22 12 82 57 11 67 65 19 6 90 60 1 79 83 88 77 60 74 72 65 4 60 48 81
17 16 37 99 8 11 65 67 61 53 21 59 25 72 48 29 24 39 94 24 61 28 80 52 12 15 9 9 59 27 72 70 102 1 90 51 73 46 50 55 25 45 6 14 29 92 102 79 3 2 61 80 12 87 91 49 24 44 28 61 98 81 100 41 57 29 99 36 50 15 91 61 61 75 45 83 13 7 64 19 20 23 94 89 100 31 67 96 17 75 74 39 46 29 90 42 36 50 88 16
69 63 39 16 34 87 4 71 79 15 81 96 53 12 92 61 94 47 90 59 30 86 21 8 88 22 58 63 48 73 19 81 71 69 35 82 37 80 55 13 57 60 16 20 101 -2 74 40 84 11 84 64 38 30 29 88 101 88 88 17 87 23 61 8 27 87 14 47 14 72 38 52 28 23 58 19 13 55 51 38 12 41 33 7 93 11 20 38 91 39 66 6 73 77 67 0 89 57 52 84
16 46 61 80 91 98 79 54 51 96 26 28 39 29 46 31 91 44 89 9 65 56 40 50 31 77 95 95 74 22 29 19 80 74 11 63 33 39 94 27 72 57 16 33 31 40 20 85 61 85 29 87 22 57 96 9 81 22 36 68 55 51 17 13 33 10 3 38 47 87 71 57 44 47 5 75 76 3 57 54 87 48 93 1 79 24 81 65 69 31 84 89 92 35 100 1 24 69 47 96
60 72 38 30 75 79 16 7 20 59 82 76 43 83 68 7 13 30 22 92 7 91 17 72 82 55 9 15 72 51 36 1 91 82 41 23 80 69 14 14 33 96 101 11 66 34 89 49 29 9 97 91 56 58 15 87 38 21 90 77 52 -2 73 54 31 12 6 6 60 11 25 91 93 47 71 1 43 73 58 93 56 27 9 -1 12 58 88 49 83 93 92 67 92 43 5 41 50 77 42 3
14 25 87 91 101 71 12 100 27 3 12 28 67 8 101 73 37 35 48 79 83 63 85 59 8 27 99 52 35 41 59 74 76 88 26 60 21 6 25 79 81 43 91 61 21 51 84 59 102 5 85 51 90 32 92 49 51 94 26 78 36 41 10 91 74 36 54 35 43 5 52 12 44 87 55 69 36 17 102 29 62 63 87 8 26 48 66 45 95 65 87 87 62 94 74 96 17 48 94 36
68 40 49 34 23 42 8 44 82 91 10 95 54 77 74 53 80 30 68 44 34 88 54 75 74 67 38 24 99 72 28 91 29 81 92 67 8 33 56 96 2 17 91 -3 23 53 62 15 34 56 93 67 15 51 37 79 33 27 32 0 47 -3 75 8 22 49 101 30 15 81 86 36 55 9 78 61 59 67 45 87 14 28 100 81 88 81 77 81 39 62 64 18 67 0 85 26 70 37 92 11
51 61 73 33 87 31 22 35 82 83 12 39 66 13 85 88 91 9 65 70 29 75 96 83 38 72 68 41 18 42 60 46 4 39 8 54 20 63 70 7 32 37 77 11 55 64 63 98 45 17 83 97 72 63 39 41 17 22 38 12 36 1 73 10 66 78 57 70 83 37 79 88 95 12 50 83 96 10 91 72 92 63 75 94 12 65 76 81 79 54 92 39 66 97 9 74 68 29 41 51
46 53 45 85 49 70 16 14 99 30 101 47 45 77 38 77 15 90 8 11 76 25 9 24 82 42 98 40 47 68 37 0 95 59 65 28 41 70 55 57 50 90 73 23 67 28 42 14 60 12 23 7 22 61 74 90 81 28 12 43 44 64 18 29 26 16 18 88 79 56 66 51 7 59 14 34 77 72 71 71 40 39 94 38 100 68 23 86 92 58 55 34 12 42 98 21 63 19 76 53
57 13 45 79 31 1 85 87 74 64 93 30 97 66 100 57 4 95 25 63 17 44 98 28 63 10 20 53 4 39 36 16 3 16 54 16 30 42 30 85 96 61 48 90 75 93 70 88 90 100 73 29 92 94 27 45 29 73 54 20 88 67 78 73 53 38 49 42 42 15 47 20 99 90 75 39 10 32 57 71 70 66 14 79 81 64 26 12 62 12 39 11 95 20 52 82 47 52 9 43
32 80 79 48 55 -1 46 6 28 79 34 91 18 15 98 1 81 95 73 50 43 49 27 76 60 37 83 10 51 70 96 52 20 15 25 27 92 73 42 78 87 60 15 77 8 75 51 50 72 9 75 27 29 75 72 58 23 33 10 34 10 20 48 28 30 78 84 35 36 31 41 -2 24 56 98 75 69 37 73 2 67 94 11 89 15 57 31 -3 94 34 37 38 13 17 86 29 64 46 14 60
98 87 36 29 46 96 43 95 77 73 65 79 10 51 20 60 26 19 95 16 49 88 23 61 96 88 53 38 11 55 29 88 73 7 78 13 28 34 58 38 58 42 76 54 85 31 91 32 37 3 45 84 49 49 86 49 61 2 71 95 61 52 7 8 74 24 50 83 54 99 32 99 29 72 77 32 56 36 3 18 9 100 34 46 88 46 43 58 30 49 37 75 66 9 36 83 81 41 51 76
69 23 70 45 56 8 65 3 30 6 69 85 63 66 89 41 58 15 60 55 10 15 27 69 11 23 76 93 25 83 21 78 63 33 76 60 42 40 82 72 46 67 19 64 66 96 49 81 48 12 46 69 99 13 38 15 16 77 51 54 88 76 82 10 78 27 38 73 32 3 68 57 87 65 98 23 47 86 11 9 62 95 53 32 101 0 44 13 63 85 60 10 34 25 5 3 38 12 55 47
51 50 32 66 20 61 95 26 43 59 17 32 60 83 14 86 78 61 90 14 44 2 20 98 63 47 3 40 10 56 84 77 65 6 51 54 56 21 95 64 60 79 55 34 31 97 99 79 20 75 95 90 38 21 28 96 86 3 50 82 81 42 5 6 66 98 100 51 43 64 58 61 68 34 97 58 91 68 101 20 48 59 97 72 15 42 57 41 35 91 24 63 70 90 25 93 82 62 95 71
78 4 19 65 18 96 45 71 95 31 44 28 29 82 11 75 55 17 64 30 90 18 74 71 57 64 95 70 10 95 72 71 43 42 21 94 82 50 20 -2 88 79 19 36 34 51 18 76 10 63 37 79 33 44 19 85 44 39 58 63 83 50 83 40 70 54 60 69 20 5 62 24 73 -2 38 82 101 78 73 91 67 57 52 74 24 2 54 2 33 50 17 90 45 11 21 81 32 29 66 16
71 68 64 81 3 78 22 62 37 9 46 99 59 94 68 80 9 88 7 27 34 9 36 36 71 41 73 57 50 33 7 66 68 12 24 10 101 100 102 79 39 50 78 75 82 37 40 41 47 38 92 48 96 14 55 4 95 16 85 28 36 65 11 75 85 2 27 91 11 100 66 49 45 50 76 69 55 37 62 51 64 71 18 87 70 14 41 41 76 19 72 48 58 88 25 2 96 18 56 68
56 5 6 -2 5 72 17 84 89 21 28 -3 33 14 95 23 82 69 59 42 79 29 36 54 23 42 89 71 72 8 11 4 48 42 7 16 79 28 93 8 94 64 25 78 79 95 84 85 52 66 67 22 87 62 20 10 96 14 41 -2 99 90 78 81 92 25 55 -3 57 91 63 31 98 26 45 -2 3 11 61 26 12 16 36 65 39 4 77 37 34 -2 39 -1 11 32 100 89 41 7 68 45
14 84 49 35 4 67 30 29 44 70 12 64 76 29 99 44 83 3 72 11 51 17 20 61 65 11 84 77 61 40 61 81 69 46 41 56 58 43 27 61 48 17 49 7 12 59 19 29 67 52 5 51 6 32 70 11 28 47 33 95 27 46 19 71 102 67 37 33 60 74 90 20 82 30 56 54 55 35 87 57 49 41 62 62 18 25 36 42 96 7 5 1 43 51 20 7 58 21 5 28
83 88 87 65 56 89 57 67 38 58 43 92 30 89 90 76 2 55 44 25 32 1 87 51 85 5 54 80 8 18 68 91 27 38 44 55 81 23 7 16 53 74 25 38 17 36 94 49 37 84 59 86 40 28 5 53 75 54 96 7 17 20 22 69 91 91 8 92 46 30 10 1 21 21 33 50 6 28 63 36 45 82 57 61 45 11 53 3 69 14 76 48 38 23 60 96 80 90 35 27
23 66 65 42 15 49 35 93 92 57 19 44 16 5 31 26 22 4 51 89 83 92 97 90 43 22 49 57 25 16 10 89 93 18 27 61 77 20 76 6 5 97 87 63 36 48 15 5 25 75 18 81 30 8 65 9 62 49 4 29 36 71 81 1 5 56 11 23 88 87 36 22 71 2 102 67 58 83 39 55 65 65 88 91 100 75 48 13 62 94 7 98 79 13 30 82 53 55 102 69
41 41 93 74 97 89 29 1 87 61 6 21 93 26 33 7 43 71 60 56 42 93 42 56 75 84 57 15 75 67 98 89 55 34 27 63 82 85 14 26 93 90 98 66 23 25 24 4 3 67 73 20 57 88 60 59 30 92 101 91 94 37 84 31 100 78 32 14 48 54 55 49 53 92 93 79 69 24 5 26 45 37 45 82 66 70 59 73 79 84 76 22 59 94 19 5 62 5 68 88
7 94 6 22 7 23 31 51 12 38 6 42 41 43 81 43 3 86 102 78 69 78 37 37 31 17 59 44 18 47 33 6 40 16 94 23 54 89 78 33 93 69 65 82 52 98 15 48 74 33 47 71 53 92 66 51 85 90 93 62 46 14 54 88 10 99 79 13 62 22 40 71 29 16 92 51 57 2 25 71 84 22 18 25 21 28 95 11 39 16 18 69 58 43 12 48 99 26 18 67
5 37 82 15 54 59 45 13 90 59 59 83 79 23 84 38 49 51 39 17 10 19 29 76 57 29 88 76 65 53 71 56 31 62 89 94 88 15 39 51 18 58 99 86 27 72 78 44 79 20 68 13 93 12 41 62 20 13 35 83 31 36 24 67 46 39 33 79 23 73 69 -3 29 32 42 25 8 61 24 1 10 13 87 55 60 41 25 23 100 61 73 27 89 29 36 5 29 -1 84 -3
47 92 76 39 52 93 9 72 38 2 10 56 34 7 60 53 95 99 82 84 66 7 8 5 43 56 15 66 71 38 34 68 76 95 18 12 4 46 78 91 19 63 64 89 80 58 44 90 43 30 30 9 51 79 80 38 63 68 15 98 33 9 48 47 31 19 81 55 60 75 46 76 13 90 74 27 95 35 58 20 94 98 31 64 43 100 36 19 72 67 67 24 46 73 44 21 21 65 9 52
46 6 7 72 33 93 21 41 40 46 69 37 83 32 24 75 85 63 24 41 60 18 18 56 13 36 95 6 65 73 59 21 58 44 70 51 78 13 44 5 22 27 13 20 24 49 4 40 15 79 17 92 16 15 17 61 53 48 56 89 33 52 82 37 11 79 82 82 66 55 21 41 40 6 29 45 56 45 5 32 14 95 53 33 86 34 4 23 64 83 18 68 6 85 26 43 101 65 93 54
19 1 89 25 62 44 27 81 30 64 24 61 97 96 14 44 62 59 42 59 9 90 82 46 77 9 72 27 8 10 38 18 51 5 69 86 23 55 73 59 6 44 59 30 9 75 16 51 90 84 57 32 30 27 62 25 60 79 82 92 8 64 44 31 99 53 41 72 58 97 14 19 88 43 84 55 69 86 33 25 8 92 25 27 91 64 16 55 36 94 85 85 23 85 70 70 66 14 24 96
47 47 6 28 75 32 37 64 21 73 42 67 2 10 60 8 32 71 95 74 16 18 84 12 90 75 56 21 96 26 85 29 95 35 92 75 43 65 41 67 18 58 99 47 98 31 47 44 70 65 25 6 39 52 81 19 53 92 17 41 70 32 85 31 28 66 78 37 42 26 43 6 27 21 28 34 65 15 83 10 100 39 2 49 80 95 38 50 85 31 44 91 29 87 32 66 22 -1 58 17
35 40 88 66 61 43 45 91 53 65 60 62 42 67 27 20 96 74 53 82 33 84 42 49 24 50 71 95 54 43 52 84 40 78 3 81 40 29 5 52 53 79 54 94 98 85 51 95 92 52 67 30 82 81 82 2 85 46 96 35 77 56 64 28 21 24 26 5 68 14 73 74 85 78 60 68 46 46 60 16 14 14 96 41 58 96 97 4 20 12 86 9 20 11 83 79 85 30 43 66
45 35 19 67 3 13 34 18 49 54 70 70 61 28 87 52 42 43 76 19 41 8 68 62 17 46 91 2 10 12 53 66 97 78 44 86 38 34 73 28 99 64 65 50 34 74 96 19 18 29 14 34 10 8 7 47 55 74 5 65 8 86 71 16 32 0 18 13 50 46 7 82 73 64 36 80 94 52 95 31 40 92 54 42 7 61 9 93 50 77 40 83 91 87 37 58 22 20 57 91
17 30 31 90 27 23 71 19 60 61 4 90 28 9 82 1 37 27 66 39 51 68 101 29 86 63 61 64 15 18 20 80 45 48 46 94 6 28 45 49 20 61 41 70 85 81 31 78 41 94 11 57 59 37 97 36 55 51 92 3 58 43 21 14 4 18 44 48 83 86 59 28 78 3 10 56 45 1 16 60 56 69 14 39 87 72 81 64 59 16 13 96 63 81 91 21 87 80 96 77
26 7 85 25 18 48 101 56 43 89 93 44 79 48 84 70 28 50 15 47 28 83 56 35 85 17 32 37 96 89 86 84 84 60 51 26 94 37 26 79 7 0 44 -1 70 43 14 63 63 3 63 11 70 21 49 83 32 43 30 68 53 67 54 89 97 96 32 12 50 57 68 1 78 12 81 2 71 7 36 75 79 62 99 63 99 21 78 40 90 66 60 45 34 23 72 65 38 51 88 9
El programa tardó 41.6419506073 milisegundos en ejecutarse.
