3 90 85 99 60 61 77 5 24 79 53 65 86 52 61 86 78 35 100 75 30 37 38 8 36 22 51 74 22 87 61 33 51 23 20 98 17 8 37 61 94 47 71 32 60 84 11 74 82 15 48 100 96 38 102 96 86 71 14 22 12 99 12 57 41 15 68 51 45 43 27 50 93 45 46 86 16 54 99 12 60 68 21 9 54 33 48 80 78 99 52 100 29 30 52 91 69 69 53 31
10 83 97 37 59 15 82 28 17 15 13 2 23 19 73 89 15 71 3 94 26 1 50 31 101 42 64 12 10 4 99 66 61 7 49 94 35 49 12 24 93 48 100 1 59 86 95 22 47 61 82 69 48 16 6 3 95 50 71 17 18 46 2 61 68 86 97 9 64 7 68 42 91 50 26 90 41 45 78 82 24 17 51 53 76 51 9 22 87 30 12 9 43 11 6 4 11 79 64 60
29 94 74 58 63 93 82 3 64 67 26 95 30 71 44 100 5 70 48 30 58 81 57 37 90 52 28 43 78 42 100 100 3 22 64 47 73 65 100 55 6 36 74 84 63 75 83 50 56 75 42 5 13 89 41 28 87 92 85 40 92 43 15 45 31 47 33 44 33 81 8 20 21 45 43 91 84 62 39 68 75 46 100 42 34 43 25 93 86 24 69 5 65 40 59 36 39 85 100 88
60 79 99 9 41 59 14 70 76 3 7 74 47 75 2 95 46 44 82 1 87 1 27 5 74 45 99 71 57 72 8 6 61 75 28 -3 24 57 31 49 38 14 11 29 43 53 9 6 14 75 9 32 91 75 80 37 68 49 47 13 84 67 41 46 41 1 38 42 6 46 25 76 97 58 33 12 80 44 87 -2 64 53 54 2 70 33 56 84 87 29 95 71 60 33 66 82 34 9 3 67
92 44 64 31 47 99 69 53 25 29 73 47 32 46 87 61 65 94 59 41 22 26 85 53 78 97 7 1 67 87 6 44 67 58 30 20 17 61 100 68 101 29 51 32 29 81 75 70 14 90 50 25 88 5 94 7 8 82 38 63 37 76 31 95 34 16 20 45 61 41 9 42 42 8 65 64 43 15 102 58 101 20 68 53 28 86 62 23 59 23 102 44 29 58 90 55 78 96 74 54
68 5 97 15 51 40 43 80 60 96 97 52 28 84 64 0 42 54 20 26 57 52 55 42 39 26 72 19 44 92 21 30 11 58 50 16 4 59 64 20 6 75 99 70 20 77 67 28 38 38 71 24 51 55 41 69 43 11 11 43 61 17 61 32 3 86 5 87 55 81 32 73 23 15 39 2 39 74 70 88 7 65 68 45 41 5 79 2 71 4 88 44 69 1 59 7 90 64 62 66
91 90 89 96 62 53 52 57 44 74 46 96 32 88 40 41 38 67 88 25 25 30 50 53 86 44 78 76 69 79 11 89 89 24 38 17 102 65 10 93 58 37 80 94 5 1 26 72 38 90 26 36 102 21 60 61 90 68 21 13 22 52 86 88 19 13 12 8 4 79 84 16 70 81 42 77 91 10 48 65 38 64 67 35 64 51 71 30 39 29 17 82 87 38 44 63 57 15 50 41
72 90 31 69 60 69 67 4 97 5 99 54 53 55 90 95 12 53 18 93 98 13 14 57 43 94 68 34 28 86 2 92 62 23 2 68 51 57 76 71 81 79 63 79 87 19 3 83 6 4 52 5 10 96 11 16 31 20 101 52 78 91 68 72 90 90 78 38 75 24 7 71 74 39 50 72 100 79 84 82 84 83 76 91 77 89 4 3 86 80 91 1 62 7 47 59 85 -2 29 4
80 64 82 13 35 80 71 12 21 82 52 66 33 12 22 50 73 43 64 68 9 90 79 58 63 87 25 89 62 85 101 88 49 80 95 35 24 49 18 56 74 42 59 69 67 65 51 49 78 51 36 88 51 89 94 47 38 9 79 31 11 43 23 27 55 27 26 85 15 71 94 54 39 41 14 16 36 62 72 91 49 7 68 61 32 87 93 58 84 4 10 41 25 26 47 41 31 51 78 79
11 68 44 34 27 28 27 45 61 31 93 54 96 58 59 77 82 85 4 45 29 52 101 85 44 24 6 -2 69 73 41 10 6 25 30 52 94 64 77 83 95 44 95 4 2 8 39 52 3 67 16 95 58 52 2 37 26 11 100 27 50 0 83 95 59 58 12 28 60 66 6 11 100 28 22 81 53 14 66 51 58 64 70 72 46 66 29 49 43 73 3 27 85 36 58 2 92 27 74 48
73 2 41 93 63 49 15 63 8 45 51 74 90 100 102 32 33 44 3 99 3 96 3 37 97 50 50 49 26 75 63 66 85 92 33 94 21 83 46 5 75 30 11 25 56 13 82 26 10 17 3 15 92 55 58 89 11 38 28 95 25 62 50 27 61 55 36 63 31 44 6 57 32 71 47 59 100 45 9 67 48 73 52 78 53 57 84 41 92 49 47 89 81 75 29 42 9 62 95 5
44 11 90 56 61 36 40 0 34 21 2 80 29 9 20 93 75 73 64 77 79 91 48 4 9 14 30 59 33 13 65 90 20 4 28 83 10 26 83 29 64 82 37 21 26 45 64 42 20 32 87 81 73 10 10 41 84 38 63 84 17 68 62 8 57 50 30 8 78 10 25 53 16 12 97 69 85 25 72 0 64 2 100 91 27 37 100 4 83 5 80 92 27 53 24 2 52 14 56 92
29 43 52 42 15 19 52 94 51 83 59 34 73 26 3 18 73 15 71 57 69 69 68 9 46 44 14 77 87 32 19 99 25 53 84 53 62 15 61 8 5 94 62 78 91 62 49 55 73 10 69 52 90 64 69 68 22 28 32 91 31 60 101 25 95 15 5 17 60 57 7 82 37 96 82 83 74 74 90 53 90 83 77 36 10 68 17 45 59 37 64 13 80 85 8 81 15 92 11 19
45 69 44 48 36 92 34 45 23 17 29 74 91 49 72 38 58 27 6 73 12 64 53 67 13 19 39 66 23 33 87 15 61 32 82 64 13 17 36 -1 67 82 9 16 72 3 24 14 9 70 87 17 29 42 91 34 79 55 85 -2 56 -1 9 89 39 56 85 61 36 85 9 89 49 18 24 16 101 24 96 79 84 78 73 33 95 2 38 44 99 7 50 30 11 86 66 -2 19 11 5 53
5 6 14 20 54 32 52 19 99 46 91 9 77 46 93 98 21 8 70 27 7 16 99 35 30 3 15 79 88 74 36 59 38 91 6 78 51 66 12 35 33 16 12 27 6 15 45 23 41 64 41 58 101 43 33 76 14 49 54 55 44 81 85 31 100 17 18 35 68 46 59 69 47 25 54 51 97 74 102 32 55 3 90 65 35 31 84 41 62 49 25 95 86 43 87 51 36 91 68 23
83 16 85 22 7 12 12 33 78 54 16 28 71 52 48 20 21 49 38 66 25 79 38 63 32 48 28 1 41 39 92 68 54 27 61 65 80 38 25 58 16 73 72 18 99 57 94 -2 68 96 89 15 6 45 26 28 57 22 101 11 59 49 100 45 54 19 91 93 25 45 36 26 60 70 40 26 44 96 14 7 37 94 101 50 58 57 15 64 55 75 84 74 94 92 55 33 51 58 2 41
25 70 81 99 23 8 80 66 45 58 4 4 25 41 15 61 29 60 27 3 35 16 42 39 57 14 89 31 101 87 51 9 31 64 101 37 84 59 47 8 25 11 82 76 74 58 64 86 19 56 8 91 29 51 60 87 30 14 22 64 66 87 62 3 43 60 82 5 17 59 42 11 77 28 41 7 7 97 28 2 71 94 77 98 36 48 94 73 67 91 32 53 66 99 88 30 101 40 21 55
37 46 73 31 64 8 12 17 82 36 101 91 82 41 101 19 88 91 52 54 101 67 29 70 47 30 92 83 15 38 8 63 91 59 49 5 58 53 63 67 83 36 96 75 40 15 2 33 39 90 98 80 100 81 69 56 79 23 62 86 14 84 47 93 43 22 95 6 85 30 16 47 21 79 59 31 82 8 72 51 78 79 79 61 23 65 76 21 75 8 42 23 18 31 87 60 15 91 93 68
12 96 93 31 72 75 22 76 85 64 34 23 70 75 80 12 20 82 9 12 38 21 94 34 40 55 91 48 33 12 52 17 51 18 81 21 32 57 74 37 75 55 11 40 21 33 3 75 48 52 38 67 30 12 84 97 4 41 18 24 6 81 94 17 89 54 36 53 7 40 59 86 67 20 30 95 69 57 73 18 14 54 55 37 75 16 91 76 3 28 46 16 29 80 75 75 46 20 94 94
15 66 99 61 25 82 50 36 97 7 61 5 43 -3 3 90 71 11 43 57 69 51 99 73 9 88 25 27 51 4 19 78 27 9 46 51 49 41 9 76 76 54 48 38 76 65 36 79 47 33 78 43 74 31 24 86 20 53 17 92 57 11 76 86 16 65 45 61 85 32 101 83 26 33 94 83 77 38 100 92 22 85 28 31 50 60 65 0 77 52 51 8 56 1 17 0 49 6 40 40
67 67 79 48 10 50 48 53 88 86 38 71 12 100 29 57 43 49 86 84 43 20 81 32 52 95 11 42 94 43 94 23 71 54 74 28 43 86 74 89 86 46 23 15 42 99 57 33 83 55 4 95 49 56 45 30 25 63 77 88 49 96 36 76 8 86 57 65 39 62 6 2 88 65 20 51 99 16 87 41 91 92 57 1 55 8 42 34 51 80 66 50 5 29 35 13 35 17 5 84
70 88 27 0 57 31 60 91 100 1 80 19 93 7 88 -3 21 31 18 76 22 71 44 45 30 74 97 87 88 75 7 40 65 79 78 74 58 61 55 48 92 92 96 8 79 33 65 74 16 16 86 96 10 11 25 26 78 7 90 50 53 22 90 -3 11 47 76 78 12 79 25 35 67 63 21 77 71 17 11 80 38 95 59 24 40 10 101 92 18 15 88 94 38 95 66 -1 4 62 76 55
101 51 57 37 14 49 36 21 24 14 72 42 71 18 30 33 102 73 23 70 100 26 46 61 101 15 12 3 12 23 51 91 76 20 83 58 83 47 93 43 49 78 3 75 59 17 48 75 74 34 85 84 27 31 97 33 71 84 68 9 58 31 88 65 10 94 97 53 91 92 37 3 67 7 87 63 13 33 50 91 86 65 57 84 79 66 75 99 25 50 64 44 47 37 26 68 59 34 76 27
34 11 30 52 76 82 65 18 37 27 90 96 94 68 18 68 36 82 64 0 63 52 72 39 93 62 6 7 57 71 44 87 42 44 19 28 61 60 8 4 80 61 14 36 91 29 32 59 39 77 69 34 28 31 82 61 97 89 50 66 37 73 54 31 40 44 19 32 6 58 99 44 10 49 46 16 34 52 40 68 77 10 16 48 38 20 99 38 25 30 64 57 68 87 91 26 53 45 19 72
52 96 50 94 23 88 9 8 99 62 81 27 90 83 70 100 49 11 74 42 30 66 71 31 29 64 7 44 24 36 24 16 65 36 35 1 63 69 60 37 63 1 34 4 7 9 87 99 40 91 49 61 90 72 58 81 98 54 78 97 56 44 10 50 44 80 61 37 81 55 64 39 10 79 91 84 3 48 87 21 29 66 41 42 72 7 63 12 71 81 84 34 92 86 14 4 35 59 52 7
9 42 80 96 60 17 49 43 83 26 49 0 8 48 34 15 23 93 71 89 8 93 20 14 2 94 38 61 88 60 62 8 66 90 83 41 29 51 34 72 92 17 36 91 4 26 14 74 88 46 54 54 98 79 27 59 14 16 92 27 30 -2 17 22 79 26 98 44 4 19 39 93 48 5 41 8 65 -3 10 54 43 4 12 22 52 69 46 67 49 90 48 83 60 67 73 -2 42 17 74 55
50 12 100 37 99 17 64 34 75 85 78 58 68 10 63 46 24 100 102 17 3 86 29 9 79 64 9 1 89 53 70 69 40 16 83 13 5 44 100 13 86 33 97 91 26 89 37 69 48 66 13 39 33 40 14 87 33 98 35 50 97 36 74 89 17 21 14 43 55 25 73 18 85 65 98 41 90 90 14 42 13 40 18 65 87 52 79 81 94 68 40 16 16 34 44 55 63 13 13 77
91 11 77 88 77 40 12 57 76 10 72 24 52 80 39 57 43 67 56 90 55 19 44 11 20 23 75 65 16 8 72 63 75 6 54 44 2 55 49 84 12 80 73 49 64 89 61 4 89 15 19 71 59 67 96 39 86 79 92 45 94 28 47 39 65 73 83 77 63 38 98 83 21 42 56 70 50 69 38 88 11 45 88 42 38 3 79 21 92 71 61 12 53 65 72 28 28 16 14 -1
97 12 50 17 45 78 78 79 88 32 27 37 16 15 74 56 102 65 56 2 48 4 39 2 64 3 15 91 76 67 5 13 54 40 51 24 75 44 57 100 22 9 41 47 79 72 28 51 24 96 27 28 49 58 28 80 23 40 34 65 18 83 102 85 15 36 79 56 26 55 59 68 82 15 37 84 17 3 39 83 75 76 22 8 48 97 83 25 80 67 84 80 48 8 34 78 27 68 44 10
19 62 99 69 25 6 20 58 80 66 33 27 65 22 12 42 65 48 12 92 94 33 28 43 54 13 35 77 61 -1 12 91 4 92 72 64 9 90 78 70 78 81 17 52 28 69 48 25 10 59 31 40 15 77 89 -2 52 7 97 68 7 66 61 21 90 66 3 81 78 31 31 37 22 11 31 75 10 20 25 26 37 29 23 39 87 35 13 64 43 23 34 7 77 51 51 35 17 82 28 76
84 12 25 81 97 2 42 77 99 70 70 36 21 7 29 51 83 23 67 36 96 77 89 51 47 12 27 40 45 16 101 9 30 88 28 13 57 18 44 14 73 14 53 9 56 84 69 90 51 97 55 81 57 11 47 82 16 6 45 63 66 15 17 13 37 9 68 78 51 38 4 93 75 25 28 58 93 40 80 57 10 90 69 96 85 3 91 87 95 79 25 70 46 74 71 51 40 21 93 86
62 34 13 27 13 11 98 44 82 90 83 49 39 28 54 50 10 60 71 37 20 37 22 60 92 78 35 30 101 19 43 88 88 21 81 55 83 42 101 27 57 77 79 42 21 4 5 88 15 77 5 14 85 81 33 27 38 19 63 0 60 32 71 91 26 77 37 51 19 49 22 94 33 61 58 45 92 43 84 21 46 75 96 27 6 22 19 8 64 93 20 20 93 95 62 54 2 39 71 83
67 98 34 58 37 64 45 30 20 29 66 77 45 6 84 1 9 71 56 89 30 57 34 99 14 91 98 60 15 3 93 95 82 52 59 49 55 12 65 45 13 21 8 50 9 52 18 39 38 5 10 8 46 86 75 27 85 82 35 68 5 28 14 95 58 97 59 58 19 37 37 97 53 37 46 2 74 77 52 68 94 11 41 15 62 84 63 61 66 100 17 36 54 16 62 98 71 50 49 85
99 64 87 12 45 15 11 59 21 79 71 50 99 2 26 28 79 88 91 6 80 27 101 25 6 64 15 64 58 18 32 13 40 63 94 66 3 47 79 65 18 92 38 73 82 9 15 35 96 29 88 54 7 34 20 66 12 85 63 94 17 88 69 32 7 82 51 92 52 86 33 20 67 77 64 12 86 41 98 96 65 77 88 6 2 10 60 11 100 9 90 3 23 9 59 43 64 41 59 53
61 28 65 86 97 79 7 65 12 25 15 100 90 56 39 60 36 45 71 49 75 53 84 73 90 38 60 32 83 43 47 28 95 74 90 75 66 67 96 72 73 26 72 15 35 43 30 89 64 15 96 16 34 75 76 80 32 76 21 33 58 85 6 2 101 66 93 16 100 52 79 2 88 35 4 2 71 32 50 85 23 24 30 58 19 100 98 97 73 66 50 53 72 41 62 23 9 3 102 91
49 73 92 25 91 43 39 16 32 89 59 84 46 33 4 93 84 25 67 75 64 81 100 86 65 25 64 40 64 3 76 30 73 57 63 41 68 72 11 63 17 62 2 56 5 49 88 24 97 88 100 90 42 69 87 84 41 12 5 6 84 1 29 31 46 58 30 2 16 -3 74 49 92 76 27 76 81 0 27 43 49 18 44 68 91 83 20 13 94 49 57 61 35 36 74 76 95 63 89 84
37 28 60 87 41 97 49 67 56 78 94 95 15 59 39 88 52 79 71 81 60 31 43 87 42 6 93 10 56 98 70 86 38 82 50 98 19 84 18 22 28 64 74 36 13 71 100 56 39 2 59 45 92 64 22 45 17 4 28 8 55 55 28 18 82 22 83 77 56 1 35 1 60 25 75 49 6 5 32 61 98 34 69 91 68 91 15 80 14 34 4 12 23 80 75 72 40 84 73 40
60 20 73 4 44 90 52 57 24 62 64 4 72 27 84 92 15 7 38 11 12 89 76 41 24 34 21 63 78 40 64 24 64 85 36 15 98 93 74 84 9 7 6 -3 10 8 55 36 63 33 74 85 18 18 94 79 21 31 50 36 76 5 9 13 90 54 33 20 77 96 97 6 85 74 40 38 78 50 85 28 21 76 60 7 101 52 99 34 49 50 16 60 59 31 64 59 33 12 83 95
24 80 77 71 56 35 23 60 24 25 40 68 79 52 9 48 43 13 45 68 33 17 66 87 60 65 18 71 86 88 50 100 31 23 98 3 22 57 27 60 37 36 93 9 36 2 43 26 21 2 36 13 15 74 86 93 3 97 42 85 69 81 86 86 38 46 33 72 34 21 99 2 57 19 85 86 55 66 69 72 16 59 7 60 19 14 80 93 24 74 68 7 4 59 23 63 48 42 25 55
58 34 45 -1 97 26 13 28 36 51 65 59 37 0 10 19 29 1 60 35 99 93 87 32 96 27 66 48 70 51 91 30 77 93 43 57 91 73 44 28 23 53 99 10 87 24 40 57 4 48 76 60 12 66 78 36 59 67 29 85 89 71 61 19 5 39 73 5 68 73 53 3 28 65 69 83 32 95 72 2 4 87 56 42 38 61 52 41 43 59 84 38 57 55 26 14 40 74 83 86
51 28 88 18 85 54 68 19 14 3 37 32 56 95 87 94 57 8 38 52 8 71 47 59 12 83 30 64 32 84 70 62 83 16 53 93 25 24 78 84 76 95 12 34 29 18 4 68 86 2 74 83 9 29 70 34 19 5 65 60 75 74 90 19 75 42 28 87 82 43 86 73 23 91 44 44 53 51 20 13 48 63 38 43 16 65 83 9 43 73 16 82 40 68 99 48 83 79 4 57
19 55 26 1 2 68 92 63 46 11 71 22 54 80 101 14 48 35 41 85 35 34 11 21 8 85 6 -1 2 38 48 64 83 61 45 54 4 17 100 32 75 67 89 38 19 28 98 82 44 12 6 84 61 1 4 82 52 92 66 2 97 95 90 21 75 68 93 22 97 79 85 4 39 56 100 49 92 54 31 62 49 57 47 -2 31 0 83 52 24 21 81 73 47 94 36 21 60 20 42 2
82 48 63 64 77 59 45 44 27 42 97 78 29 51 73 3 79 87 3 44 85 71 44 81 21 15 9 38 92 23 26 1 68 62 88 55 102 79 29 57 57 55 31 43 11 27 84 58 47 52 37 28 40 84 90 10 76 38 6 12 63 88 7 54 89 60 28 56 61 69 95 81 20 51 95 95 50 59 52 79 11 86 68 29 21 98 93 80 85 68 95 1 88 37 68 9 22 25 55 55
17 52 19 62 86 79 64 19 17 34 24 83 17 37 88 2 78 72 65 55 84 42 23 21 98 88 28 87 52 71 67 59 61 5 38 59 26 43 68 39 17 96 56 8 59 23 36 78 98 85 100 17 47 6 59 38 79 6 87 10 49 66 30 49 41 23 91 82 90 35 26 80 24 59 55 7 58 35 52 88 57 10 27 15 83 64 47 54 13 38 87 13 70 45 52 13 24 44 94 -1
29 57 37 13 49 2 72 17 92 97 57 57 83 63 102 90 63 6 9 58 61 9 9 16 98 86 73 53 78 91 43 52 20 7 66 69 28 42 95 4 32 27 63 82 59 26 12 79 66 13 45 55 65 16 84 93 86 77 86 77 80 15 27 73 39 49 86 35 42 72 84 86 16 48 6 78 43 53 12 91 59 36 79 74 76 76 37 1 51 50 82 61 52 9 84 81 44 61 15 31
49 90 23 34 35 0 2 11 10 47 91 67 92 53 20 55 4 67 57 93 67 92 22 86 20 0 71 46 81 27 100 24 58 86 3 34 59 -3 30 87 32 4 50 -2 23 95 56 91 101 28 84 95 6 30 28 45 96 5 62 25 33 68 18 89 12 11 17 38 73 84 36 28 64 42 15 27 68 44 55 67 55 39 27 68 86 87 5 33 86 72 69 73 69 56 94 51 2 14 99 72
50 48 69 18 71 93 72 25 75 15 15 55 26 77 6 34 57 10 84 100 27 86 93 36 39 5 61 97 17 85 71 55 39 21 32 26 72 87 27 43 21 6 21 1 88 50 15 86 100 92 92 91 38 64 93 10 81 39 31 76 93 4 25 35 89 54 75 9 15 98 94 42 41 31 38 76 21 99 18 76 64 46 46 63 14 11 85 88 62 31 96 61 21 67 26 74 89 70 91 92
66 72 98 95 74 24 17 15 99 92 65 74 19 79 75 65 28 69 68 71 37 23 56 -1 46 76 42 34 33 61 54 93 39 29 22 62 40 16 46 13 28 68 32 96 38 13 65 4 70 23 69 60 39 15 71 22 19 10 99 8 23 28 77 83 36 34 55 43 36 86 98 8 92 73 88 13 99 0 24 78 98 85 14 15 86 30 31 43 53 65 57 48 74 2 89 43 19 38 85 93
62 86 32 29 34 60 87 31 19 2 81 80 27 57 30 93 23 50 63 15 20 71 17 49 67 37 49 77 10 30 7 49 67 50 98 32 54 78 79 52 7 52 102 92 35 73 61 64 76 34 52 80 59 88 45 33 11 86 68 16 3 95 56 70 33 70 80 6 43 23 63 5 48 92 39 46 3 8 26 3 50 11 95 84 22 76 32 85 40 48 77 93 24 39 73 30 62 56 58 56
28 77 43 61 4 81 96 62 63 70 81 56 30 53 78 76 36 44 70 85 30 96 4 94 89 93 82 9 9 43 97 38 60 11 25 11 51 84 27 53 94 64 26 76 27 2 75 69 94 62 59 91 43 65 83 80 11 86 11 31 29 35 60 28 4 63 33 23 27 22 51 18 20 21 20 35 33 -2 71 85 69 58 30 20 91 30 81 80 12 90 16 95 49 32 46 77 75 88 46 66
18 10 101 93 49 15 36 14 11 53 20 64 55 79 6 80 35 45 63 69 75 46 50 76 70 27 55 37 86 17 71 46 61 66 91 93 31 49 24 66 4 33 11 64 29 43 73 99 95 70 67 11 13 67 41 98 88 96 70 70 28 15 29 45 76 96 12 22 40 20 20 58 76 90 80 28 46 56 92 21 102 67 15 92 65 11 8 93 49 42 80 28 71 19 76 27 20 64 50 69
87 59 61 90 71 84 27 29 49 9 22 76 61 78 43 14 19 40 96 26 18 33 12 10 93 44 41 30 68 1 33 44 49 41 37 75 3 73 73 81 14 42 82 27 48 67 66 69 57 33 32 -2 82 -2 98 92 32 63 95 15 23 53 100 54 30 73 61 12 61 74 32 38 10 94 18 87 20 42 45 90 26 95 14 16 71 11 61 25 62 62 42 1 38 19 94 65 44 47 66 6
55 1 13 50 92 9 18 12 68 47 8 64 35 21 19 47 12 31 27 18 98 68 34 70 80 55 83 35 24 3 34 18 67 89 45 15 13 41 34 72 75 40 74 39 73 55 40 48 94 42 66 93 17 58 11 51 101 63 102 28 54 99 33 5 49 77 29 92 68 17 39 2 20 38 14 97 61 12 44 60 78 53 55 13 20 41 75 81 56 50 29 99 33 53 101 36 27 90 16 4
55 92 6 22 86 45 33 6 17 84 60 1 18 80 66 -3 2 22 71 41 21 68 72 62 49 52 36 86 41 49 2 80 70 56 13 30 12 42 76 39 60 11 89 2 7 -2 80 87 61 21 15 57 60 14 94 17 2 41 24 -3 8 30 62 37 15 33 69 73 53 62 60 74 21 28 38 42 54 65 25 12 18 89 25 88 97 24 57 69 23 87 82 15 5 6 93 52 45 41 70 81
80 30 31 62 98 91 79 41 84 23 39 8 74 78 94 75 25 20 88 1 40 7 36 1 84 59 95 94 27 59 78 19 89 95 46 80 22 77 34 42 58 84 55 27 86 4 77 82 35 51 75 46 62 88 10 25 5 70 68 50 34 5 23 32 55 17 82 56 54 62 93 63 28 76 22 20 70 80 13 1 75 6 91 20 86 76 60 29 3 92 40 16 56 81 34 74 95 57 67 73
10 73 36 27 8 81 39 93 29 24 61 41 25 96 33 35 29 37 13 70 73 90 20 69 47 94 94 -1 56 93 36 19 5 11 8 62 77 32 18 32 5 37 72 79 10 14 97 87 94 -1 47 31 80 53 73 1 82 47 19 36 44 86 16 80 19 48 91 74 96 91 73 13 56 59 75 96 25 72 66 12 44 58 80 12 97 85 15 43 51 6 56 27 57 28 29 7 101 -2 23 92
65 98 34 70 58 98 97 80 91 97 35 18 17 61 102 85 67 69 48 48 75 44 21 47 61 56 29 67 87 89 29 19 91 8 82 61 33 38 102 13 35 31 52 4 56 79 14 42 89 9 102 65 41 60 46 6 74 57 52 68 44 47 82 96 92 84 20 94 3 22 61 27 100 80 92 43 72 39 6 8 31 46 19 81 71 73 61 12 92 37 6 55 45 47 90 22 22 94 52 40
63 13 40 44 71 61 46 45 23 43 57 31 65 54 48 42 13 -2 97 27 29 77 75 94 62 41 4 65 12 34 3 88 91 18 20 77 35 1 49 96 28 50 51 48 33 2 74 38 54 82 19 81 88 43 50 9 91 56 57 32 59 -2 56 45 68 -2 35 14 56 28 13 62 96 39 32 18 29 92 69 78 58 25 75 69 49 91 88 10 96 67 18 20 8 33 16 10 33 39 39 71
85 18 9 73 85 46 69 37 13 73 65 20 35 70 74 12 89 29 93 88 77 41 84 43 92 61 93 29 62 34 3 42 85 43 49 91 88 75 58 28 44 37 56 97 25 75 96 15 25 72 20 90 70 74 83 33 69 89 21 27 67 74 19 75 97 71 18 42 41 89 49 8 51 81 25 9 21 57 14 80 85 60 14 68 69 83 17 17 3 84 97 13 30 1 58 96 8 68 9 39
56 76 83 28 11 54 97 93 3 14 56 9 97 64 61 9 70 87 16 77 62 34 38 65 45 46 22 28 67 25 99 40 81 83 78 85 65 70 9 61 5 19 78 70 12 50 78 27 44 58 29 66 46 69 80 79 8 30 46 62 9 37 41 50 83 29 15 10 54 94 17 20 6 83 68 41 40 26 9 36 29 38 28 17 28 64 79 -1 9 48 7 26 14 65 81 13 55 81 66 28
80 11 18 56 41 96 80 28 24 64 66 99 59 42 50 10 34 18 59 20 65 18 71 2 87 61 10 62 52 45 45 15 90 62 99 10 43 57 81 65 29 97 80 48 98 35 47 29 40 5 69 69 68 17 53 46 58 87 24 62 48 63 70 76 98 69 20 16 12 56 35 81 65 90 89 91 26 80 85 91 101 6 77 61 68 89 16 69 24 96 26 23 21 70 75 84 11 25 9 28
98 56 5 54 23 -3 41 83 23 69 41 49 92 15 76 33 73 28 83 96 92 -3 44 86 62 42 20 94 93 43 88 91 23 32 87 24 53 71 30 74 98 18 50 66 92 14 33 45 76 35 82 0 73 83 73 84 9 0 51 32 59 31 30 44 13 83 55 90 47 69 47 31 32 46 57 66 76 26 43 58 6 43 5 4 73 46 50 75 2 0 60 58 77 63 25 15 71 26 46 70
63 12 69 33 47 14 5 56 43 37 20 88 9 22 10 66 36 50 41 50 71 91 92 1 13 14 90 86 60 85 64 75 64 45 58 49 4 62 42 35 61 8 12 35 45 68 27 36 89 1 66 24 41 57 61 78 84 79 89 36 23 94 4 85 91 49 3 86 29 1 65 66 48 47 38 94 24 53 8 90 33 79 43 95 69 28 7 82 54 64 87 62 20 67 13 96 53 54 70 20
51 0 70 35 63 74 50 33 49 65 88 46 40 49 57 87 3 73 58 50 39 58 22 70 93 44 64 42 46 83 85 73 80 26 45 71 43 37 29 47 2 8 82 36 89 45 55 54 62 58 36 -1 52 67 15 45 62 8 66 88 94 39 46 22 98 72 76 53 37 21 87 87 38 85 94 71 20 31 66 69 48 86 76 41 52 28 84 87 30 77 83 3 22 83 48 5 83 50 84 70
91 19 14 61 20 50 67 63 12 23 43 76 79 100 74 65 45 2 4 29 29 70 97 96 42 67 46 84 58 87 83 5 42 91 34 18 66 40 39 43 91 13 33 38 43 81 59 10 82 38 74 31 83 53 82 44 77 72 31 2 51 36 66 18 46 93 102 1 28 88 46 40 62 48 79 40 91 6 93 98 9 16 30 46 101 62 11 87 100 94 45 3 8 54 20 94 25 86 12 87
98 1 30 45 61 92 27 84 36 93 93 60 19 66 58 69 85 94 81 2 6 27 5 39 98 48 54 78 42 89 34 67 31 19 86 38 40 60 83 44 98 6 78 13 44 57 58 51 81 80 75 44 5 4 71 34 74 6 65 72 2 79 86 65 99 41 26 -2 67 26 74 2 49 46 43 29 66 58 6 86 33 24 33 67 33 17 14 38 29 88 20 10 70 63 9 47 67 27 67 77
62 4 48 58 7 6 55 70 52 80 67 80 81 15 57 15 5 14 34 43 6 4 68 6 31 30 92 93 100 1 56 81 46 10 88 14 40 17 75 4 15 92 10 96 66 34 43 98 73 70 86 87 8 64 70 87 52 83 3 55 82 68 3 64 32 99 62 43 101 57 11 95 6 14 70 67 82 13 35 34 30 38 43 26 52 5 69 91 91 44 59 93 79 96 52 83 19 80 90 24
87 45 83 74 19 85 15 -1 34 89 100 77 18 75 71 87 36 95 67 50 16 32 5 76 8 72 72 41 28 78 39 38 26 -3 29 69 37 2 52 29 29 17 39 7 79 32 44 92 40 2 41 38 61 17 41 64 44 35 75 80 63 31 46 88 75 66 22 23 84 31 51 69 91 64 7 -1 17 27 70 47 40 48 73 94 89 45 47 58 47 79 52 76 80 81 55 12 67 45 20 74
16 99 96 22 102 73 77 66 97 89 49 23 61 26 14 27 102 37 52 30 11 31 47 84 101 24 94 68 60 81 36 43 33 63 59 72 64 12 8 85 53 85 58 98 41 7 64 89 58 74 23 28 43 10 41 80 41 51 64 96 25 93 39 34 17 48 5 59 92 93 58 88 43 14 55 89 35 13 92 30 27 48 78 60 70 61 74 65 64 56 63 54 53 62 77 95 90 71 14 21
27 67 9 41 11 84 13 47 29 73 61 29 57 95 24 47 60 65 83 57 66 26 29 36 91 -1 22 62 6 10 35 96 81 95 25 82 82 56 78 34 97 43 97 92 83 95 21 55 79 14 75 39 80 96 12 51 100 74 45 73 60 9 61 48 93 83 22 42 77 67 50 66 57 7 65 26 45 47 67 96 67 68 9 -3 2 83 61 84 37 34 14 50 22 69 27 86 26 3 82 36
58 18 87 34 81 46 89 89 37 22 19 4 37 85 18 21 53 90 55 31 63 81 13 67 5 10 42 56 80 2 77 52 95 56 42 9 4 95 78 21 83 95 21 95 8 29 49 92 52 100 34 10 79 43 94 85 46 17 29 10 29 36 22 61 63 18 18 11 82 65 93 44 37 43 76 98 55 50 33 41 31 29 82 50 85 10 47 75 21 53 16 45 90 60 58 81 56 60 50 70
54 50 30 43 7 36 29 58 83 49 71 86 56 66 14 57 62 51 101 3 81 55 22 30 13 4 51 34 30 33 12 23 47 -3 31 15 4 77 87 20 40 1 55 35 94 83 98 41 83 95 44 96 17 -3 95 91 94 7 29 53 75 91 53 51 88 54 16 95 17 39 49 78 31 63 6 70 79 13 98 33 43 0 72 78 40 28 56 79 15 46 26 88 3 94 46 11 54 92 48 48
10 56 76 2 79 50 45 99 31 10 47 61 21 78 60 81 98 87 76 7 8 14 69 63 70 72 78 20 46 23 16 73 48 11 73 47 100 99 77 94 77 87 33 23 60 18 59 38 10 96 76 74 48 2 74 32 16 77 51 41 79 41 42 9 45 86 9 34 4 95 17 1 12 23 33 15 81 73 26 50 32 25 55 56 64 38 85 95 35 5 19 27 12 15 24 18 44 2 54 11
27 88 22 23 77 53 43 49 12 23 61 22 38 37 40 75 84 12 19 1 68 -1 44 49 83 73 87 36 6 93 36 61 79 62 68 77 70 23 59 38 51 12 90 81 38 1 65 40 97 65 54 12 22 11 76 94 92 48 78 94 46 29 40 44 24 0 31 24 66 27 65 52 46 59 56 63 10 83 66 66 40 58 23 49 11 59 63 32 88 -1 68 26 73 18 12 29 79 1 10 74
84 8 53 54 3 42 44 68 63 4 9 57 20 11 50 7 24 32 80 68 97 10 93 37 68 79 3 97 47 14 68 86 57 51 70 12 24 65 25 10 25 90 43 82 45 28 99 59 18 4 88 63 58 70 7 58 82 3 27 21 62 75 93 92 47 40 87 89 61 95 38 28 55 83 73 14 99 88 61 21 39 96 15 38 7 22 77 75 64 77 57 23 76 19 98 73 69 98 94 8
4 78 78 80 75 40 65 53 22 21 46 4 62 33 64 47 66 90 84 36 6 94 30 7 50 59 31 29 50 78 15 64 88 26 25 1 42 91 67 16 36 46 27 32 62 60 51 25 66 80 69 20 21 26 95 62 95 41 20 -2 9 86 64 81 24 73 89 45 25 82 64 -1 72 89 81 33 3 37 47 9 90 50 80 90 39 78 66 36 10 77 38 73 63 87 100 42 63 13 82 91
21 85 51 23 46 73 73 10 61 10 77 34 49 58 67 16 33 11 19 93 73 45 95 76 54 91 33 98 76 28 20 53 89 94 34 46 42 96 58 87 58 61 14 10 75 94 89 82 65 50 98 46 30 74 51 20 7 15 37 61 59 43 38 9 17 93 56 63 32 65 18 31 44 31 19 70 44 74 49 60 69 62 59 57 34 2 66 43 14 14 98 63 77 32 46 82 6 98 52 80
10 29 2 52 77 16 95 0 18 26 55 68 38 15 31 27 91 12 56 22 32 0 82 94 14 13 97 17 77 55 19 26 64 62 21 68 52 43 73 30 26 30 7 90 63 -2 7 40 42 31 95 47 25 16 33 11 61 6 88 9 20 70 21 19 62 36 39 51 32 10 13 11 49 47 2 80 68 30 52 0 59 16 23 82 6 3 88 25 22 68 79 21 43 23 11 6 64 51 7 40
30 8 40 55 47 14 77 36 93 29 48 26 79 1 93 95 26 24 25 57 50 7 45 69 67 56 88 73 70 87 19 59 86 19 98 69 3 23 57 50 89 71 49 41 50 37 30 67 77 82 26 77 102 68 40 88 30 44 64 45 74 49 85 48 100 91 38 46 97 69 57 40 46 19 79 22 15 96 35 78 25 99 83 17 28 98 7 72 33 32 72 53 66 90 44 59 69 92 20 54
100 84 76 56 39 31 37 34 11 57 87 65 61 86 8 59 74 89 93 94 97 62 91 78 37 5 83 27 50 7 45 54 95 29 46 46 8 31 44 36 98 58 99 54 89 71 85 94 25 84 100 90 51 49 97 67 27 2 101 14 65 75 18 69 26 71 81 17 48 66 98 54 7 28 73 68 22 5 31 57 50 67 55 21 42 58 32 24 82 39 79 30 7 14 21 29 65 23 70 45
43 27 67 39 26 87 97 4 21 47 99 33 97 19 8 13 74 31 18 72 51 43 90 22 90 11 31 95 10 96 83 7 4 58 98 92 89 36 59 97 43 26 90 50 96 62 57 69 66 14 67 3 94 7 23 51 12 2 38 58 8 57 6 14 57 35 63 77 20 8 90 49 29 75 5 36 96 70 94 63 45 44 46 89 30 58 44 35 57 13 17 13 98 53 5 14 34 24 17 6
72 9 32 48 6 45 11 64 21 61 78 8 51 20 45 87 93 6 68 75 101 93 101 12 85 16 8 68 94 88 84 65 13 14 27 39 16 85 34 55 55 57 37 87 83 38 82 93 33 58 67 46 67 0 92 86 35 35 19 6 85 32 80 93 22 54 34 87 76 2 84 65 52 19 82 72 49 9 23 92 19 13 99 66 85 79 90 38 97 3 47 45 4 26 40 30 21 61 72 0
53 91 92 41 67 56 62 6 64 45 41 67 88 25 59 42 88 100 52 18 47 42 73 92 6 12 89 46 27 23 83 62 73 49 86 66 13 22 32 73 52 28 84 95 3 52 59 87 27 90 75 73 60 5 29 25 21 80 25 51 24 55 28 74 52 58 82 63 52 68 56 35 89 51 81 17 49 75 37 23 20 21 100 70 8 50 12 38 13 23 38 72 75 21 98 63 49 55 6 95
97 95 24 53 66 37 65 84 44 95 77 51 14 96 48 0 80 -2 20 82 43 71 45 12 39 54 63 68 50 41 38 -2 50 55 7 70 70 30 29 66 83 0 73 93 86 84 77 47 28 47 11 53 80 88 55 77 34 26 34 93 73 29 83 59 56 40 21 77 2 53 94 50 96 6 100 12 49 48 59 35 39 82 87 75 14 51 54 83 6 7 52 41 92 85 59 78 91 41 31 40
9 53 17 100 47 72 23 6 8 32 93 52 30 37 8 45 15 100 25 25 36 94 9 18 4 25 27 100 69 1 73 46 45 13 10 3 39 2 18 79 15 43 33 46 68 55 18 65 96 70 75 44 62 19 87 21 98 12 25 29 75 98 97 42 65 50 99 90 62 8 40 90 76 93 47 4 21 9 19 41 28 91 12 50 40 29 27 93 69 8 46 15 23 73 46 57 31 83 92 31
55 61 89 73 57 29 99 3 24 9 45 66 47 77 24 36 15 53 15 63 44 20 28 19 44 49 51 89 47 53 86 82 95 8 21 33 37 21 59 28 78 72 79 68 21 67 97 48 26 21 10 46 41 -3 78 43 92 18 54 71 29 77 91 66 15 60 74 13 68 41 29 71 72 73 85 35 7 62 51 48 33 74 69 31 48 21 10 46 74 1 56 3 84 92 77 41 38 59 24 34
73 99 6 4 26 65 68 14 64 15 4 31 67 45 30 30 26 61 21 20 17 79 89 70 24 64 56 42 50 40 62 36 58 73 57 26 62 81 60 91 68 20 59 39 11 13 88 20 41 11 80 60 41 15 11 28 3 84 78 94 82 16 99 37 65 5 34 89 6 15 30 42 67 65 20 39 101 37 27 45 24 96 52 96 79 38 37 74 80 34 60 14 30 15 95 50 33 81 4 8
3 72 20 65 52 59 29 84 52 68 47 9 43 69 43 10 100 11 78 86 6 31 35 75 94 7 13 84 89 53 101 4 66 86 9 78 61 36 32 36 17 24 45 23 20 56 66 20 79 64 20 32 34 39 30 47 44 91 100 8 77 3 16 -3 48 29 87 93 98 33 61 71 54 48 93 46 51 -1 38 37 71 6 18 64 56 60 65 15 6 67 87 0 86 90 97 82 35 70 79 62
84 34 54 58 36 34 63 83 65 58 99 99 24 10 21 72 68 96 80 66 80 73 20 61 31 69 88 66 69 52 69 28 31 12 89 13 75 37 63 72 6 98 55 88 10 78 15 33 49 91 83 61 79 10 14 15 37 87 77 6 95 78 66 85 43 21 51 32 77 57 10 46 39 52 52 13 89 81 3 21 82 52 28 76 96 32 32 79 65 63 87 98 31 58 90 3 41 91 16 4
16 -3 15 67 76 56 66 75 87 73 97 0 85 38 20 26 90 26 89 13 45 32 79 61 64 39 78 36 8 52 68 66 43 90 5 28 41 56 27 2 10 76 47 90 79 26 34 51 5 44 84 36 59 67 87 76 76 3 25 94 67 6 38 96 6 9 61 42 39 96 59 57 72 43 80 -2 65 49 69 82 8 27 47 22 17 74 69 17 80 38 37 94 81 79 64 96 4 33 85 85
69 65 54 22 58 90 81 34 45 10 25 84 53 93 25 65 87 61 97 37 101 89 24 83 73 44 82 44 71 37 92 59 52 44 60 61 4 14 82 2 52 74 99 73 71 9 79 32 33 89 55 52 67 84 102 44 79 33 34 25 65 76 25 54 87 11 10 60 10 78 96 63 17 36 19 10 90 38 20 78 85 92 81 87 31 34 37 71 20 7 17 36 13 41 100 84 33 33 60 39
70 84 55 82 53 65 87 71 65 57 60 49 29 82 17 3 19 13 98 28 3 24 35 72 46 -2 69 -2 11 6 58 24 35 -1 88 33 70 17 61 89 55 53 93 48 34 11 97 92 101 4 47 69 49 54 97 73 93 88 16 58 42 23 47 37 91 72 17 94 6 21 51 65 3 86 92 81 80 27 45 52 84 26 48 40 32 85 23 58 69 9 67 -2 90 42 73 93 73 11 80 -3
95 48 47 63 56 31 48 71 43 80 19 30 37 25 100 50 64 100 87 24 11 66 37 52 57 8 38 50 95 73 79 95 48 50 70 76 102 3 14 59 70 34 55 49 32 58 98 34 87 32 76 29 25 12 91 69 76 75 64 53 8 60 50 37 69 77 49 72 38 47 95 75 16 33 63 9 24 42 22 68 101 90 82 47 70 48 43 90 50 84 94 43 89 78 66 2 93 77 18 17
58 15 40 86 71 53 21 61 37 80 42 86 11 71 16 3 56 13 66 15 3 29 6 47 44 81 56 21 42 37 46 43 70 2 83 15 39 21 21 56 95 63 59 45 9 32 44 73 72 32 39 30 66 87 62 36 48 80 54 60 18 64 88 58 34 68 88 31 27 11 10 63 59 39 59 80 59 39 50 63 39 52 6 15 75 28 73 62 95 32 72 85 12 53 57 38 24 20 30 19
60 13 88 69 6 63 3 25 34 1 29 62 87 42 77 23 7 96 98 61 90 94 98 98 40 19 29 88 27 9 102 42 29 82 100 53 18 23 34 21 60 67 92 74 57 77 34 42 32 70 59 48 51 67 13 53 3 23 63 93 45 33 41 27 55 62 83 36 10 45 14 91 89 10 11 22 29 98 82 27 98 1 90 75 48 12 50 49 82 59 59 31 50 100 84 4 88 90 13 11
69 67 84 95 2 83 81 34 74 44 8 16 33 26 5 72 57 35 55 92 40 22 30 69 34 84 45 37 17 45 88 22 36 87 51 54 34 44 12 92 37 56 82 1 77 45 93 54 52 51 97 36 66 51 5 30 12 32 21 9 22 33 42 69 90 89 96 53 17 58 32 64 27 57 62 93 38 82 36 6 2 20 79 96 34 37 53 33 28 64 22 -2 34 63 69 19 77 35 8 4
62 69 36 1 59 6 43 49 71 18 56 41 15 54 91 29 88 17 33 7 100 34 19 14 32 87 85 65 52 61 47 30 49 62 41 26 92 33 19 82 82 2 82 42 87 10 84 8 55 37 71 87 77 80 29 26 60 27 7 85 53 92 28 44 63 90 84 83 19 44 81 47 64 35 47 68 95 54 65 58 84 99 62 78 43 41 17 55 72 72 62 62 96 12 32 4 34 83 27 79
60 8 27 0 48 36 6 49 101 -2 21 72 7 74 95 9 16 57 26 53 96 56 19 89 97 19 39 42 15 2 97 64 101 9 7 27 87 69 83 40 87 15 70 3 26 -3 6 39 4 32 30 40 35 -3 49 38 18 50 95 62 82 37 54 50 31 76 88 55 58 55 38 59 12 22 27 21 20 25 48 52 54 78 12 25 76 21 100 6 37 73 88 17 56 80 73 17 31 83 47 24
95 53 62 93 97 38 7 51 89 77 99 22 56 32 71 99 36 56 12 38 46 68 63 56 55 79 65 88 75 53 85 72 42 21 97 87 32 31 44 93 11 55 81 56 44 51 46 9 31 6 41 27 68 72 56 58 64 67 3 91 49 76 70 21 36 53 81 8 14 24 42 8 30 31 17 13 51 82 76 2 73 99 24 90 9 11 58 27 39 70 101 84 16 88 5 42 13 94 19 85
99 91 48 88 69 23 2 1 62 11 74 53 78 13 55 18 26 1 93 79 30 80 89 68 85 30 16 89 36 2 73 1 96 13 47 91 67 24 11 39 10 75 37 50 21 70 99 -3 25 17 39 86 29 16 38 59 16 78 73 -1 55 47 90 14 63 20 86 54 40 22 15 -1 89 61 66 73 95 5 16 7 80 49 51 5 46 41 86 47 47 51 27 81 81 0 37 74 49 88 21 75
El programa tardó 41.658878326416 milisegundos en ejecutarse.
