90 69 63 96 67 44 41 74 6 34 66 97 23 17 37 82 35 12 88 70 24 83 55 99 70 22 53 84 59 20 19 37 70 28 28 53 26 18 92 61 52 74 18 82 39 29 10 75 98 16 102 20 20 82 49 41 11 59 14 25 13 99 39 59 87 26 77 89 5 42 63 45 95 31 50 76 70 66 93 100 73 15 56 63 34 72 56 63 92 68 82 11 50 86 31 66 54 65 86 76
38 84 19 54 99 68 44 45 101 79 47 48 64 96 30 0 42 95 77 16 100 14 87 51 42 16 50 36 53 54 68 82 77 22 81 47 64 61 39 81 66 68 83 5 27 64 54 -2 96 34 85 6 40 -2 80 10 59 32 69 40 6 72 3 58 100 43 55 89 91 73 55 95 57 28 95 83 41 73 43 52 42 25 58 73 10 40 73 22 5 44 18 87 50 1 85 7 58 0 84 85
79 99 62 91 76 70 20 17 8 19 64 8 76 32 50 46 11 36 9 69 73 63 63 30 57 45 98 15 39 80 30 23 37 88 51 15 4 29 21 44 75 28 17 70 20 4 80 82 74 95 56 50 33 21 95 61 63 23 15 82 51 87 76 34 35 44 49 81 102 35 3 58 88 7 58 84 28 11 51 69 23 50 32 12 40 53 64 73 42 31 30 6 47 78 54 7 67 2 48 79
27 68 45 36 64 78 30 92 8 54 90 20 44 46 41 73 65 69 18 8 79 91 4 59 57 92 2 92 43 55 61 19 82 82 62 39 90 71 32 62 82 38 18 19 5 96 54 93 57 84 83 59 93 60 44 24 60 35 44 63 14 12 10 24 82 1 85 89 49 12 2 91 56 33 34 62 71 12 92 47 26 33 51 68 68 23 100 12 66 55 88 67 5 49 22 6 55 88 77 10
65 64 35 78 25 99 39 54 73 17 52 45 49 50 14 80 14 52 93 50 39 75 61 37 93 26 75 6 63 21 67 81 82 63 15 89 101 99 72 98 78 27 48 59 5 42 102 90 57 54 66 54 28 20 57 94 91 89 41 23 44 73 7 96 60 20 88 81 67 75 81 56 102 14 87 98 36 21 62 55 50 84 61 69 40 10 24 15 73 38 79 16 87 67 62 90 5 8 42 19
49 14 10 83 36 45 55 83 27 22 52 85 9 41 16 91 25 34 59 87 13 84 37 74 28 0 16 45 9 93 23 28 28 72 22 30 8 82 48 70 22 86 70 11 76 28 96 58 96 86 47 17 58 62 89 69 72 42 13 65 34 96 77 92 56 82 33 30 54 77 3 68 45 26 92 14 4 -3 42 13 63 88 6 33 14 29 83 75 33 12 10 22 5 56 7 30 17 27 84 45
32 15 78 17 73 54 54 43 72 55 44 43 3 78 72 45 70 34 33 61 15 20 67 84 35 47 67 51 102 19 30 24 45 62 40 56 5 6 42 4 16 64 44 4 42 84 95 1 37 67 17 73 98 2 55 19 77 89 69 86 7 92 55 73 4 71 90 54 85 21 21 26 96 2 62 11 81 66 80 3 19 83 18 80 66 13 94 70 96 24 29 92 68 57 17 82 6 72 7 37
25 15 79 4 83 11 48 6 29 39 30 5 4 0 75 1 53 14 8 14 68 75 25 38 8 34 13 41 35 13 11 41 71 9 4 8 70 10 58 2 69 65 35 84 86 69 69 1 11 10 20 82 10 70 88 54 18 62 73 18 2 30 68 21 83 47 75 73 3 79 52 -2 48 20 67 83 101 20 27 63 8 83 50 60 20 44 15 59 57 73 69 18 89 9 101 33 42 68 90 56
54 29 22 65 95 36 12 28 3 83 56 34 51 82 61 64 59 13 6 67 80 48 66 7 42 18 39 93 88 2 14 97 95 41 39 19 53 19 25 24 48 83 97 53 24 3 10 96 43 34 26 66 89 51 80 31 63 17 83 17 74 59 46 95 22 83 37 67 52 47 11 31 23 18 12 46 72 45 40 67 78 31 99 74 13 35 76 95 52 46 7 32 54 95 24 46 83 13 8 24
97 45 22 11 79 7 89 8 85 29 88 7 97 1 14 76 10 32 82 22 57 85 69 63 91 54 42 58 44 13 26 90 82 19 97 43 7 7 73 45 31 4 22 34 46 92 74 19 95 -3 31 90 58 87 66 96 88 75 6 41 77 76 7 51 29 76 5 19 24 14 24 -2 91 16 97 10 74 53 47 96 89 47 25 32 68 88 94 10 50 79 95 70 65 71 72 77 53 15 30 9
99 26 102 38 37 55 44 58 61 58 62 96 101 57 31 19 67 85 49 82 65 31 68 17 49 77 60 82 56 15 73 28 86 98 64 43 24 85 78 72 68 18 19 38 24 53 91 22 54 1 40 84 12 77 79 72 79 9 45 70 34 39 83 14 102 60 12 46 16 47 35 93 11 51 30 74 71 60 73 42 34 19 42 37 98 60 36 33 10 100 91 55 26 3 7 79 13 28 35 68
27 31 31 62 58 49 82 75 21 44 26 24 17 96 59 55 15 11 62 71 6 80 28 55 71 25 75 26 56 44 2 91 99 28 51 47 59 92 24 79 101 9 84 38 53 42 24 50 26 6 101 68 87 5 54 58 7 38 99 45 82 70 62 73 91 54 52 40 89 61 81 26 83 84 72 33 84 83 15 19 69 6 36 28 79 77 56 59 76 83 4 86 23 59 82 49 3 41 3 31
26 5 94 51 17 71 53 66 29 86 98 3 93 63 39 67 9 29 66 80 71 78 83 90 82 96 99 94 25 36 48 78 45 2 76 76 76 80 91 19 83 78 99 22 16 14 42 76 13 97 33 60 95 63 70 28 56 24 101 85 100 12 82 96 52 84 12 59 44 39 46 75 53 27 102 92 13 42 35 64 74 56 26 28 57 15 53 82 78 46 44 14 33 39 73 10 26 53 66 34
9 77 88 85 14 6 61 9 17 18 92 74 83 45 61 44 84 56 98 30 82 92 72 1 98 46 86 81 93 31 15 91 98 77 43 96 86 26 54 12 62 11 16 69 32 52 50 16 63 8 3 83 101 71 83 56 98 31 53 9 32 54 25 -2 21 7 53 56 42 41 44 14 33 72 12 96 14 78 76 91 101 40 79 5 80 88 6 30 25 70 53 3 90 56 25 5 56 16 72 92
37 32 78 12 54 96 85 21 71 74 99 18 22 87 52 6 23 37 11 35 62 86 23 37 40 10 31 18 49 47 79 91 64 69 3 77 96 64 59 47 45 65 72 96 72 41 90 16 58 79 37 46 100 1 89 73 46 65 76 62 38 42 23 92 35 47 19 13 10 51 34 3 78 33 102 88 71 24 64 28 33 88 56 75 91 61 36 68 74 52 83 7 9 33 87 45 87 100 38 3
87 24 48 15 11 94 21 20 68 36 18 27 31 76 48 23 13 43 86 51 6 58 45 80 76 94 83 46 11 67 85 95 44 95 84 37 31 31 89 44 38 68 84 79 16 88 15 -1 68 25 11 73 95 85 42 35 77 75 65 39 11 86 21 29 26 62 87 66 27 12 16 79 94 96 100 0 100 72 5 20 6 33 66 34 37 68 80 17 8 3 70 5 80 82 75 49 44 12 14 25
78 72 19 26 24 50 70 99 36 23 79 81 66 68 53 76 73 84 54 79 68 65 90 11 10 24 28 82 35 33 5 52 62 89 90 61 59 53 41 3 32 10 81 3 49 4 99 72 6 28 31 96 43 63 54 48 15 60 97 9 41 37 80 95 101 20 5 8 64 50 9 51 102 70 57 64 19 67 76 70 61 68 72 42 5 47 53 39 97 30 60 95 22 46 69 78 14 28 43 84
51 -1 44 69 30 87 79 93 15 88 28 25 51 76 66 51 41 28 80 28 19 50 100 8 90 58 48 43 8 45 41 94 23 36 52 13 61 33 9 48 9 24 38 3 82 30 94 40 7 51 93 29 15 72 76 -2 64 83 25 63 91 82 73 65 29 26 45 84 23 92 75 58 66 59 9 48 72 91 17 19 99 56 11 64 18 16 11 62 55 52 27 26 7 19 41 61 66 64 48 24
68 50 79 45 47 72 74 37 5 49 89 59 65 1 26 65 14 77 21 70 79 4 26 1 96 63 9 75 86 99 32 3 38 74 32 28 24 95 30 8 98 62 96 58 22 75 46 59 26 11 51 88 81 52 88 76 83 1 51 98 38 61 60 27 62 56 8 95 35 37 6 62 13 52 18 67 17 78 64 30 18 97 52 56 5 18 46 77 90 8 28 61 34 55 76 6 73 47 31 57
48 87 38 42 67 93 21 0 99 83 45 51 26 74 68 59 68 53 96 58 72 44 88 57 36 32 99 9 48 26 75 53 62 83 90 84 94 55 69 8 26 61 51 93 15 47 65 56 79 19 24 60 83 17 92 29 80 28 62 71 83 13 5 85 23 70 77 41 11 37 59 37 89 91 70 3 56 71 68 92 61 50 45 53 52 23 66 39 101 89 56 -1 79 69 24 43 74 7 36 77
19 65 88 51 66 33 93 62 34 9 33 80 19 90 85 47 9 58 76 3 11 53 18 28 61 64 65 1 27 99 6 69 27 70 37 43 95 91 99 20 77 65 39 65 17 4 73 81 8 13 25 14 81 28 25 80 24 23 87 92 52 27 37 17 6 48 94 11 86 43 77 3 14 100 16 62 93 71 66 91 100 36 87 36 60 34 35 77 102 54 20 57 10 50 30 21 56 91 80 26
38 54 62 2 53 15 79 70 87 46 97 50 11 83 51 73 15 26 29 44 54 46 11 77 88 82 92 34 12 68 20 34 101 48 7 26 91 9 7 52 5 96 49 82 66 26 2 6 96 84 2 76 93 37 16 59 78 41 30 89 64 45 34 2 45 72 69 35 38 16 29 2 98 14 48 47 9 43 18 15 19 82 56 81 18 60 97 19 70 72 47 -1 8 87 40 50 67 11 30 38
77 4 52 68 74 99 90 4 80 81 97 63 95 28 37 98 91 65 62 19 73 41 93 26 21 31 3 49 19 26 37 5 43 69 96 76 27 25 85 54 91 4 7 69 52 84 82 96 23 16 16 97 57 21 10 42 56 49 89 7 55 90 65 77 28 93 75 11 102 78 37 52 44 100 64 50 18 66 5 43 95 64 50 70 35 34 32 53 71 68 64 24 17 94 15 57 16 86 81 87
75 73 32 3 67 86 31 42 96 11 96 59 3 -1 41 3 50 86 83 5 80 83 96 23 29 35 24 63 32 70 12 59 63 37 71 19 76 62 48 89 93 20 54 30 25 66 92 61 101 60 22 58 21 31 4 54 33 66 15 64 28 7 12 74 56 72 7 63 58 57 76 11 44 75 37 2 13 65 81 28 85 91 96 33 60 40 15 73 32 28 54 84 84 8 40 11 77 84 27 48
88 35 78 39 93 30 44 50 10 15 49 5 71 16 29 42 13 59 52 90 76 54 46 84 44 11 69 82 67 21 46 58 60 96 16 40 69 85 15 27 94 10 101 83 96 98 30 87 97 60 50 6 57 50 51 19 65 50 99 28 89 17 26 65 55 37 82 7 10 26 65 82 49 34 46 96 87 28 29 40 101 21 93 18 42 58 27 76 102 83 10 76 66 9 31 24 26 5 45 36
99 52 37 65 54 71 50 48 2 6 39 0 92 77 78 0 23 85 94 84 13 8 22 80 40 25 95 35 5 82 28 42 34 62 79 85 4 63 17 4 11 84 43 10 33 52 6 57 97 9 30 92 92 47 101 29 54 41 21 80 49 24 9 20 10 27 48 64 51 67 99 66 84 94 95 65 35 55 90 50 64 58 80 28 16 1 69 35 61 24 5 42 93 73 48 83 38 21 39 43
73 64 26 19 13 41 68 83 29 59 97 4 58 65 4 28 36 79 51 82 55 37 82 82 40 43 36 80 88 69 44 5 66 66 60 56 61 86 100 56 69 57 8 84 96 1 39 45 75 20 47 77 35 31 96 14 74 93 67 92 46 97 20 3 65 86 87 77 32 92 94 83 54 89 12 57 61 83 95 38 62 66 26 53 84 6 6 40 96 64 50 94 15 52 7 58 83 92 15 72
67 55 18 74 77 50 14 19 98 60 69 29 88 35 42 61 81 57 99 72 85 2 23 10 17 -1 44 29 81 6 7 43 67 2 45 18 101 65 79 1 49 60 86 32 85 47 86 29 35 79 48 13 89 42 14 16 46 85 33 57 65 42 45 71 36 63 11 41 57 40 87 46 96 29 67 64 33 34 49 96 38 56 75 22 28 77 8 41 23 85 14 84 96 27 5 64 53 13 100 22
71 90 31 62 48 29 20 20 88 20 18 21 57 18 56 53 42 90 56 26 91 15 65 48 40 96 66 73 71 24 59 17 4 43 21 52 35 23 54 38 40 86 96 71 35 85 35 69 41 79 91 72 26 33 38 52 30 66 42 2 34 24 23 99 41 18 30 24 41 34 24 33 91 4 50 81 29 77 85 31 101 44 88 54 83 1 9 14 66 84 41 74 28 17 87 56 80 89 55 74
54 76 96 2 66 49 74 -1 68 10 68 70 73 58 37 23 54 41 56 90 27 52 46 87 46 95 84 71 56 86 2 18 47 62 42 12 38 82 91 87 39 49 42 18 21 3 43 64 65 45 69 62 19 21 22 36 92 1 100 74 98 42 7 67 76 82 49 53 85 6 67 12 90 48 76 27 78 87 52 41 85 71 73 15 40 65 48 7 94 85 3 64 97 20 64 73 7 50 66 60
73 100 58 100 69 60 5 46 41 31 102 8 69 4 83 72 73 17 74 46 58 22 10 9 5 11 99 65 76 63 72 53 56 31 77 78 76 28 96 100 75 36 99 10 20 10 84 24 4 5 3 17 31 18 65 27 63 18 49 49 53 64 58 72 13 39 95 82 59 44 50 19 58 26 18 45 84 49 35 21 67 38 100 23 4 84 57 36 47 10 81 95 60 75 57 88 102 2 54 54
6 -3 26 64 35 69 27 13 60 78 98 47 10 93 19 5 30 89 48 86 45 50 30 91 85 4 76 90 34 51 12 80 98 76 85 6 12 58 44 29 45 10 94 65 91 49 70 16 73 84 43 57 57 2 64 69 47 27 67 36 91 15 21 61 48 62 64 94 62 85 6 13 92 64 77 34 93 13 91 68 74 -1 62 33 15 -1 64 12 60 40 14 91 45 59 9 80 99 77 74 86
64 72 73 60 8 75 43 100 68 13 59 52 52 17 62 53 35 2 48 31 48 89 55 24 19 89 11 34 28 52 25 85 64 90 50 76 59 95 54 72 4 75 21 39 23 25 65 40 90 25 102 19 61 80 19 2 66 43 3 44 74 95 67 90 64 54 45 4 22 60 98 70 20 64 56 55 45 43 23 3 14 42 47 84 37 59 94 44 75 42 82 46 10 29 72 8 32 95 41 22
38 39 63 43 84 20 49 34 93 23 97 16 18 70 26 57 74 75 19 57 2 41 53 55 12 9 24 48 39 74 94 84 14 48 45 65 57 41 8 36 55 26 77 71 50 13 19 68 36 2 4 44 28 21 54 94 79 5 48 79 24 43 67 2 27 43 73 5 55 62 87 46 46 66 9 96 58 -3 79 3 75 54 63 82 34 87 97 10 61 65 51 75 74 81 70 22 70 84 66 63
52 94 48 44 65 36 58 61 98 64 97 23 91 52 89 80 10 10 40 51 19 50 102 18 41 12 46 49 15 100 11 17 86 51 39 57 54 10 91 53 53 58 89 83 101 95 37 14 83 78 76 35 6 47 22 95 78 93 62 83 3 68 65 73 15 49 8 84 7 19 91 33 84 74 10 100 49 81 50 35 79 96 62 85 81 60 13 62 99 84 47 97 59 58 88 91 74 82 30 99
81 3 91 60 7 94 94 23 27 27 92 55 94 79 54 41 39 74 4 87 68 93 31 21 35 52 94 79 75 48 63 6 50 33 36 93 89 86 17 51 35 37 24 3 11 6 88 47 72 93 25 59 13 84 30 70 70 38 32 64 25 12 38 22 68 15 61 68 73 78 81 42 52 67 84 58 18 58 62 9 49 46 98 79 55 71 40 69 82 76 88 33 62 51 56 56 72 50 11 41
28 14 36 85 39 47 13 50 75 16 65 26 31 77 71 18 78 80 69 36 86 40 18 53 34 72 26 50 102 13 70 35 21 80 6 64 69 92 89 50 84 58 14 9 95 6 55 62 9 91 79 57 26 40 91 70 78 17 19 10 42 38 20 8 20 10 64 82 78 84 102 24 4 12 31 64 102 71 102 27 37 55 74 23 48 13 85 75 53 29 56 100 99 65 33 73 16 73 18 78
44 35 38 77 75 -3 34 56 76 44 3 47 43 91 89 60 87 2 77 60 73 9 6 24 92 69 76 8 73 0 16 83 89 9 99 48 80 30 58 45 16 11 12 42 68 44 28 9 82 91 78 31 81 28 29 69 80 58 50 24 5 55 98 9 4 31 44 1 18 8 97 94 26 39 90 50 95 27 2 -3 17 24 87 3 37 30 23 27 4 47 43 23 67 88 46 39 2 64 55 68
16 64 77 51 75 7 77 41 62 35 15 74 81 98 70 65 38 95 14 90 56 7 25 13 89 56 84 70 101 81 31 11 52 6 46 16 78 23 95 10 100 36 58 37 64 32 57 37 62 92 55 31 80 87 48 22 19 36 78 51 17 65 97 89 20 26 99 75 13 13 67 39 93 39 40 18 70 14 83 79 37 1 66 47 92 22 93 67 100 100 90 85 98 59 57 87 4 95 19 21
46 87 65 44 68 40 35 60 55 22 34 -1 30 15 86 90 24 7 19 16 68 72 28 14 77 1 49 28 85 92 48 14 94 69 86 80 4 30 63 50 96 16 29 18 70 6 61 63 98 45 56 5 80 52 46 72 46 30 49 59 76 88 84 84 7 15 43 35 70 88 84 43 77 2 22 11 88 73 44 88 21 74 11 44 57 21 45 10 60 66 72 -1 69 96 95 16 77 91 97 83
85 43 30 42 6 78 33 30 86 59 30 56 5 58 6 87 65 14 22 2 65 61 29 75 22 12 69 10 75 58 96 50 7 18 51 77 52 54 98 98 28 54 13 52 14 71 34 91 7 77 26 24 46 36 82 30 61 20 76 18 102 71 51 83 45 46 93 43 15 43 55 80 61 65 70 55 35 44 51 38 54 97 52 12 13 85 40 10 16 80 76 55 80 37 36 94 93 69 102 26
11 39 41 37 58 69 66 12 77 96 78 43 89 6 49 96 95 65 76 21 68 91 23 92 57 63 8 75 94 78 43 73 93 55 26 37 86 27 89 88 89 29 47 29 90 58 66 -3 75 41 72 61 40 22 25 11 45 60 58 84 29 -3 59 95 83 40 65 54 95 86 2 85 5 4 49 74 18 82 6 12 34 26 76 27 94 22 98 40 71 33 79 8 25 48 40 67 44 66 76 26
41 43 29 38 21 87 28 37 48 3 22 61 36 77 102 94 64 97 76 63 70 36 67 1 92 85 28 85 65 23 46 33 26 1 61 93 83 75 88 63 15 56 24 21 26 81 40 79 13 78 15 8 83 19 41 100 85 19 39 15 78 18 57 65 69 83 88 56 14 3 27 59 94 55 24 33 57 15 4 69 12 53 53 5 101 35 96 13 95 6 18 13 99 47 44 79 96 44 57 22
60 16 101 50 92 60 93 85 48 79 95 37 48 81 66 35 17 37 69 90 55 15 12 13 90 43 71 13 60 17 53 53 61 17 9 1 80 93 57 61 56 -3 93 20 52 72 77 27 14 31 45 57 81 66 76 1 55 85 38 85 84 -2 9 89 43 -3 98 20 34 46 3 73 80 0 72 76 54 46 60 51 71 20 71 29 33 49 91 48 45 2 7 58 29 22 34 49 44 19 2 27
16 54 21 60 89 78 46 15 69 67 97 71 96 6 10 98 98 5 20 28 9 28 56 87 86 4 71 100 60 25 4 27 70 51 63 74 73 17 28 9 93 51 39 87 86 85 7 98 7 1 81 15 49 55 60 38 92 66 80 9 10 38 18 99 46 1 41 33 21 3 29 73 43 54 8 45 13 12 97 45 68 66 52 48 17 52 93 86 80 33 48 68 42 43 99 44 52 7 30 58
24 7 70 32 7 37 11 29 26 37 17 57 31 14 92 76 26 60 58 90 40 9 14 93 46 39 82 21 26 63 13 56 7 39 27 46 28 90 88 16 95 17 65 37 75 31 100 77 95 60 46 32 17 21 36 0 6 58 41 38 39 55 42 39 70 80 94 20 6 51 82 12 61 4 61 38 14 36 78 43 6 15 3 41 27 39 64 45 66 67 71 33 11 33 26 31 77 78 76 78
32 76 28 61 21 2 52 99 42 26 44 49 101 85 46 81 98 72 52 52 31 40 101 22 72 61 45 40 51 55 7 43 39 10 78 31 38 10 33 61 87 87 50 96 93 24 84 27 40 41 85 9 83 9 28 26 23 54 88 22 3 23 85 34 89 20 47 82 79 33 94 59 3 90 37 32 6 51 77 10 41 28 46 46 32 93 79 76 47 75 16 5 90 62 50 19 74 11 76 2
63 75 94 88 81 60 9 41 44 -1 11 42 79 2 87 85 83 0 94 94 27 21 52 2 82 85 64 55 45 86 33 0 59 96 60 37 86 12 38 16 77 23 9 6 71 8 47 59 40 96 41 37 100 72 95 87 78 61 37 88 76 46 30 29 81 53 6 8 17 64 82 93 56 2 49 29 38 45 72 13 15 59 45 26 24 18 54 46 19 26 60 42 33 80 69 1 29 0 83 92
94 31 45 68 56 98 29 20 98 6 84 73 87 100 51 46 86 58 17 6 51 55 77 67 89 13 7 64 50 2 53 60 72 88 42 95 35 9 37 98 81 3 52 97 60 63 8 21 16 85 33 44 97 25 76 78 48 50 55 72 10 59 82 62 74 12 11 49 32 82 61 85 82 66 10 99 71 3 84 71 48 36 31 63 61 48 101 65 6 82 100 18 18 90 69 87 59 8 32 78
75 16 17 81 17 16 79 52 6 41 95 41 84 24 56 57 57 79 101 76 26 77 41 53 49 -1 90 12 2 74 82 0 26 24 101 4 26 13 34 58 47 82 70 95 3 42 34 30 60 93 92 76 52 32 70 60 9 12 71 5 11 8 7 27 42 77 71 14 85 73 79 96 40 19 32 0 76 34 58 5 83 43 46 75 30 14 57 24 12 88 88 21 62 -1 24 95 67 16 46 -2
50 64 57 41 98 1 15 68 22 51 3 100 80 88 16 33 69 58 73 59 96 2 86 60 59 88 51 39 48 70 41 63 27 79 77 67 14 88 87 86 76 80 61 85 72 100 64 49 18 60 35 25 49 10 29 5 21 13 49 76 69 81 16 45 63 88 81 21 14 76 26 22 98 46 11 11 102 48 43 17 77 35 76 11 74 93 74 46 98 26 7 40 26 3 57 74 66 62 18 80
23 2 91 4 85 -3 101 22 12 59 75 65 22 55 39 4 71 65 64 63 3 87 38 5 6 71 83 28 47 51 54 48 69 13 45 66 34 52 67 28 45 42 81 56 67 58 98 20 47 64 60 95 79 24 7 75 13 40 69 45 88 92 7 96 94 20 79 76 2 29 65 62 70 -1 7 74 36 25 100 12 44 9 78 71 80 76 81 48 99 6 6 25 35 10 96 90 7 11 77 29
19 44 41 1 39 97 6 74 76 45 36 57 5 37 69 28 85 5 4 59 33 98 76 86 18 86 33 79 54 76 6 51 99 94 11 83 59 33 14 22 83 45 35 16 51 20 10 97 36 87 98 96 87 45 55 25 88 6 20 78 10 44 15 3 100 9 85 79 100 62 80 4 60 5 86 75 95 48 36 73 99 84 90 96 58 23 46 31 95 81 90 12 7 80 82 64 95 92 97 60
19 12 101 9 97 45 78 54 72 3 81 55 52 81 62 17 2 81 32 84 70 55 60 49 77 66 65 85 67 93 71 1 14 54 90 85 77 78 76 96 4 84 53 55 94 6 30 70 4 25 54 28 54 66 14 89 22 43 97 9 43 28 13 28 100 65 67 74 4 48 11 23 73 28 32 93 86 13 40 45 61 90 14 10 32 96 10 41 11 44 85 73 31 90 16 45 13 48 73 6
64 33 101 69 41 86 90 48 8 49 96 93 4 79 6 97 7 90 11 66 4 80 54 87 6 13 8 39 36 65 19 14 98 37 91 97 74 97 41 11 47 97 11 99 30 89 69 81 87 53 42 5 92 29 102 80 99 37 7 63 52 74 41 44 13 43 34 82 7 19 16 92 14 91 82 26 77 99 64 42 12 27 76 78 72 79 89 34 28 34 14 85 22 37 3 42 14 62 73 84
26 48 56 16 72 12 94 33 6 47 84 2 86 38 35 60 46 60 44 85 47 12 28 33 86 6 7 14 52 16 70 55 79 5 38 83 9 49 43 67 19 68 79 41 57 16 29 28 39 39 5 1 20 94 80 82 94 75 38 55 15 62 45 95 101 94 23 7 12 40 87 26 99 17 7 90 101 92 9 83 43 -2 73 27 15 69 98 47 54 11 26 57 24 1 49 86 86 31 26 22
90 83 21 3 76 51 19 100 44 64 48 44 93 75 102 14 36 14 97 23 12 54 41 89 69 65 56 100 58 87 17 95 102 32 81 2 10 9 58 91 101 51 49 26 57 99 6 19 66 8 89 27 51 7 8 58 61 71 82 90 88 28 38 51 25 62 67 31 16 53 92 71 52 13 81 89 66 85 97 86 47 1 25 98 25 90 49 41 17 64 35 49 23 31 60 60 39 18 95 82
98 90 64 37 26 51 30 66 51 15 43 1 74 80 55 82 5 75 51 -1 61 23 78 50 49 74 47 4 38 5 74 43 18 65 77 39 27 78 87 57 22 85 58 10 26 86 22 81 62 87 57 53 61 49 30 55 73 95 61 18 67 21 6 58 78 24 91 31 72 63 52 0 58 29 5 29 5 22 69 90 64 89 78 47 76 18 80 1 28 32 78 95 86 76 10 75 44 58 58 75
61 52 66 21 32 17 37 9 22 26 79 86 8 32 42 70 44 15 34 53 12 27 41 81 53 72 77 49 81 38 70 67 67 65 66 57 55 31 51 96 86 27 40 22 67 91 53 74 80 47 84 51 43 20 27 35 37 77 38 47 17 75 42 66 60 73 74 54 49 16 83 55 37 74 34 78 74 70 87 53 16 26 5 13 44 13 52 72 57 67 75 13 39 31 18 85 44 47 97 55
41 12 8 79 88 45 46 93 19 89 10 7 49 35 71 33 52 9 89 84 42 43 41 13 99 26 92 71 29 61 61 17 88 45 84 58 6 18 10 69 82 36 16 70 25 56 3 32 55 23 19 17 20 17 14 46 64 92 74 41 25 27 76 76 18 8 6 33 7 26 64 49 80 -1 93 18 44 80 37 96 43 66 98 44 26 81 67 44 73 28 58 8 54 19 3 4 7 -3 94 14
80 82 46 68 47 66 20 49 91 89 19 85 98 9 61 93 41 42 76 26 31 7 31 66 101 65 74 17 69 67 102 5 38 83 97 87 34 11 73 42 86 19 20 18 97 20 40 72 54 40 39 51 18 76 100 70 73 21 17 86 82 84 53 43 93 92 13 97 43 54 79 95 76 92 91 42 54 78 15 50 49 43 34 33 41 26 50 79 101 23 18 8 31 55 101 95 52 99 98 9
69 92 74 31 29 32 22 64 70 65 87 35 14 11 90 37 84 40 16 79 51 8 99 57 82 30 17 39 46 22 55 83 90 2 99 80 74 47 45 61 26 24 73 -2 84 40 90 41 13 5 99 79 76 10 28 5 78 75 98 18 78 51 3 -3 58 25 14 38 49 84 49 69 81 -1 31 -1 96 69 96 83 79 8 78 75 73 30 50 21 57 19 98 58 92 83 10 5 34 10 39 89
87 62 23 36 14 38 7 60 82 75 99 69 63 3 82 98 84 81 45 39 102 76 97 71 82 12 61 61 36 76 24 41 15 86 29 63 77 91 5 46 71 37 97 70 38 53 52 33 8 12 5 12 7 52 76 34 4 19 40 30 18 71 33 63 93 30 98 17 84 69 90 91 39 80 94 95 66 55 58 18 51 7 51 34 81 16 38 40 37 20 51 66 73 4 71 96 64 6 44 21
15 86 8 27 61 92 25 29 4 34 23 17 89 57 55 46 60 58 34 33 52 1 54 68 60 61 18 41 35 73 14 -3 55 68 35 62 3 14 15 51 52 9 78 60 64 9 6 -1 65 7 30 -1 11 17 25 12 60 75 100 8 87 88 58 37 48 41 47 51 30 3 42 28 12 38 39 67 99 85 84 10 61 31 90 46 93 69 48 52 44 88 74 54 99 42 16 66 80 85 19 18
46 70 47 72 79 29 12 35 46 71 75 77 59 12 82 53 42 54 28 96 85 73 54 85 7 60 47 77 93 95 51 3 53 98 55 95 58 44 21 18 44 100 94 81 36 95 20 99 40 97 24 64 80 51 40 42 84 99 67 42 12 56 8 6 39 35 31 16 3 61 68 65 27 95 51 64 83 17 19 63 9 54 22 21 6 67 98 60 47 97 22 100 11 74 4 1 93 69 51 70
80 29 101 53 26 96 27 76 76 10 84 10 36 96 15 82 93 50 43 5 84 22 81 22 91 1 86 30 35 39 5 48 64 75 32 70 29 50 86 -1 70 69 20 33 21 55 23 91 33 46 57 76 17 66 60 44 92 11 74 62 86 -3 24 78 43 5 51 92 33 90 3 43 21 7 64 82 49 56 25 73 2 19 33 91 72 40 59 76 23 67 90 36 48 46 30 96 67 61 92 17
48 70 23 16 34 75 48 60 92 11 28 60 13 29 40 40 95 23 38 83 26 53 45 65 19 53 9 83 9 89 5 9 8 97 42 78 30 62 82 10 31 9 49 5 93 95 9 19 71 3 6 56 53 92 29 34 27 44 14 84 52 19 63 56 19 22 15 61 48 75 67 56 10 61 35 54 90 25 61 42 92 85 47 39 82 29 36 62 98 68 95 5 13 6 91 88 26 29 91 82
59 91 29 44 5 38 97 9 95 25 38 25 29 82 61 55 44 7 13 47 34 45 42 80 73 55 16 74 4 47 63 83 23 78 81 33 28 66 78 53 101 78 78 42 44 67 35 76 88 88 34 73 36 72 69 12 50 9 57 93 80 20 57 30 48 96 4 74 47 8 35 58 71 0 98 57 11 11 35 94 59 79 92 2 29 22 7 89 84 22 13 77 71 54 37 79 93 63 59 54
38 11 58 53 49 67 19 26 84 86 29 48 12 3 27 33 32 97 38 73 53 92 6 26 56 32 36 28 90 29 27 46 57 40 102 91 82 25 97 87 64 53 26 41 38 75 70 46 39 78 36 68 11 89 25 13 66 16 11 36 83 62 60 71 43 78 60 74 75 72 101 17 17 25 56 22 32 35 21 14 38 42 53 70 59 48 12 45 6 20 31 30 9 96 76 22 38 16 42 67
68 19 98 68 96 2 53 59 70 67 40 0 40 51 13 79 27 40 64 22 93 60 80 77 87 64 62 73 41 79 93 56 41 17 70 72 3 78 84 63 21 78 77 12 49 17 43 93 97 15 59 47 31 72 90 30 46 85 14 47 78 -3 32 37 35 61 58 22 65 25 88 4 80 69 14 48 40 45 19 76 38 16 16 26 97 11 100 51 61 51 95 73 5 58 12 5 11 66 24 26
39 48 46 88 25 58 40 1 78 41 44 92 72 75 67 31 63 14 35 8 33 63 20 5 29 31 13 97 24 47 48 57 45 26 77 31 102 7 47 55 49 9 49 29 59 81 64 48 36 58 13 50 82 68 65 30 57 77 48 31 25 11 39 30 23 16 58 84 35 100 57 49 27 13 19 91 24 26 10 5 31 75 80 56 68 51 6 42 75 21 10 8 90 7 81 23 10 54 70 61
57 19 64 18 58 28 43 69 84 26 12 62 60 59 65 63 36 22 77 -1 42 15 30 -2 73 71 97 1 47 81 62 96 72 69 15 7 74 47 93 80 24 14 60 83 51 27 67 61 94 57 58 47 22 61 68 86 83 19 44 83 11 24 53 46 34 96 97 57 27 74 20 82 77 6 27 82 93 75 53 64 100 25 79 19 21 10 25 9 85 33 23 11 67 56 46 77 62 67 68 61
52 81 83 67 47 43 6 34 102 88 98 58 87 84 60 11 73 43 82 50 30 14 26 69 56 23 76 23 67 51 102 30 52 61 99 25 41 11 54 82 11 44 36 28 9 59 71 34 32 23 59 28 100 15 101 4 86 60 75 24 15 23 60 65 14 37 18 95 43 38 80 100 95 88 49 54 16 94 17 42 100 24 12 47 100 49 42 100 82 74 72 38 9 20 93 94 45 63 28 83
97 65 44 48 9 79 68 89 42 80 46 41 76 40 40 33 43 73 7 48 24 11 11 29 99 89 56 93 27 66 73 34 26 86 90 86 61 10 11 7 36 50 88 55 29 60 25 34 95 43 62 69 41 82 96 29 16 89 68 69 16 26 15 38 68 67 95 67 98 7 34 22 99 57 13 84 98 16 97 0 11 40 43 26 6 73 57 68 28 83 72 27 42 45 98 25 45 34 51 6
31 93 18 87 64 16 18 23 18 15 20 35 26 78 49 99 76 30 50 84 25 94 44 100 54 79 59 26 51 60 69 43 70 42 70 67 80 37 30 69 63 38 4 26 45 88 56 52 36 16 71 14 29 50 102 74 73 62 44 20 65 77 4 26 101 98 63 90 48 25 53 97 28 26 48 56 83 72 68 59 92 50 6 53 27 93 71 70 91 97 68 54 96 34 18 55 74 84 89 81
56 54 20 17 24 29 100 79 8 39 69 23 69 21 97 95 26 72 40 20 72 21 85 33 42 56 48 7 22 47 38 29 57 19 83 94 8 40 49 77 23 10 31 51 45 63 41 41 46 2 74 94 97 46 94 91 86 49 22 27 5 45 16 9 59 60 18 52 22 89 33 86 67 -2 14 13 2 21 2 83 19 3 22 19 18 73 60 25 6 -1 75 -2 77 23 61 79 51 50 63 44
76 22 81 1 43 57 21 68 14 77 64 62 27 3 76 65 50 80 66 17 19 37 14 84 78 51 16 44 50 99 82 22 42 58 74 56 69 22 54 82 42 67 92 7 58 36 39 9 81 90 90 24 37 86 88 52 53 56 98 18 64 61 41 30 84 16 37 77 58 14 13 6 77 62 37 50 97 3 23 78 11 13 6 47 73 78 100 69 97 14 15 38 100 10 28 51 102 28 51 28
17 25 9 38 84 32 45 10 24 10 73 66 9 65 8 77 38 54 32 77 21 26 92 75 75 92 82 38 9 90 86 82 79 68 10 55 94 80 12 56 58 81 15 17 8 55 65 11 98 29 98 33 46 65 34 -3 71 49 59 13 30 60 75 49 53 14 98 18 99 48 43 37 7 43 27 93 6 52 92 40 23 35 27 30 21 95 100 20 97 15 10 42 27 32 94 76 98 83 70 49
88 98 57 95 60 87 39 6 15 17 54 15 91 35 63 88 65 64 18 29 94 93 96 84 47 89 78 26 32 58 51 12 100 75 97 50 85 5 49 38 8 31 88 93 89 23 93 29 33 81 11 79 48 3 22 23 92 35 55 35 54 91 32 5 9 45 80 66 75 9 84 28 21 77 60 54 66 90 8 23 17 62 59 67 41 11 96 65 29 96 21 44 101 94 44 16 26 7 69 90
96 17 58 44 55 16 37 -2 90 76 73 10 53 57 76 88 23 31 18 24 5 2 14 4 20 91 41 65 28 59 61 42 81 15 82 14 19 20 89 4 42 82 40 94 78 42 26 52 8 -2 88 67 4 41 40 55 77 49 26 2 20 93 12 41 27 93 79 43 85 89 12 80 28 61 70 13 82 92 43 83 91 17 40 38 11 81 4 82 79 85 85 93 9 83 79 16 38 50 34 92
80 38 85 71 19 90 91 79 14 23 100 91 97 84 4 63 21 72 73 34 30 43 55 75 12 40 91 90 82 5 68 69 96 69 37 54 18 12 72 2 92 17 78 18 53 91 88 23 58 31 66 43 3 51 16 88 85 52 41 41 68 21 32 24 27 4 57 11 48 58 34 90 52 24 88 71 84 97 95 11 26 90 72 92 51 58 10 91 82 87 10 43 64 91 35 16 32 20 16 74
70 41 73 16 10 30 91 15 31 91 51 59 84 30 80 86 26 39 78 39 35 91 6 76 25 3 88 55 18 4 14 20 20 27 20 67 63 7 64 49 4 3 72 37 45 84 51 67 39 78 32 46 56 36 43 14 55 75 80 10 59 69 65 4 75 73 13 59 99 32 75 54 46 11 42 32 98 9 97 26 30 18 41 11 71 58 22 81 87 69 71 2 25 40 89 80 41 40 8 27
45 79 95 8 33 10 30 92 62 40 3 76 78 92 51 28 74 62 64 82 94 72 20 62 48 15 43 81 72 12 101 17 30 98 25 93 92 63 18 58 54 22 60 11 19 34 24 67 8 9 44 25 21 64 26 73 8 15 67 99 5 25 87 96 86 57 60 67 53 33 69 66 93 8 30 36 8 59 7 35 69 76 69 100 48 57 9 86 45 93 68 22 30 55 37 15 61 79 66 22
14 81 8 29 23 49 34 75 92 23 22 15 39 -3 67 49 67 7 2 16 94 34 11 59 75 -3 3 64 60 9 88 79 42 38 32 81 65 36 70 48 13 50 84 65 45 65 10 93 100 3 77 93 52 15 56 23 28 2 48 86 19 28 87 33 91 58 49 7 87 34 42 25 34 41 41 4 28 19 56 48 20 27 90 12 58 43 98 5 68 96 97 72 94 52 86 73 50 34 31 35
3 76 33 52 94 48 41 66 62 97 21 4 23 86 54 36 12 73 50 5 36 70 18 29 80 100 66 79 13 20 8 39 102 52 83 61 83 37 20 35 73 77 71 91 100 33 39 92 101 95 39 61 22 53 24 28 51 43 60 96 74 67 70 45 93 54 15 48 45 18 27 57 3 86 44 16 55 49 92 34 75 7 36 35 83 56 6 26 35 25 95 87 53 24 9 14 82 19 62 34
8 55 57 20 87 85 94 75 32 16 88 87 21 54 7 86 78 94 81 62 100 70 44 57 34 14 75 93 70 4 38 76 35 45 25 14 60 30 60 38 81 44 2 57 85 42 85 12 43 78 81 29 81 43 13 50 49 84 65 36 79 7 23 10 98 72 49 63 85 4 62 10 33 90 3 21 2 31 74 62 66 82 44 13 10 1 39 22 60 26 29 12 97 70 77 77 86 33 72 22
11 20 19 61 14 34 81 83 60 93 75 26 15 80 53 16 96 9 34 82 91 76 8 73 60 54 77 31 30 66 6 87 52 13 93 43 77 55 91 23 85 58 32 8 71 77 86 48 11 43 30 27 63 92 92 10 40 94 81 19 51 92 89 10 95 99 60 73 63 59 31 8 58 31 16 67 94 95 94 6 11 60 70 31 80 3 8 82 81 29 19 34 46 21 86 83 26 14 8 7
80 4 35 86 45 85 17 38 15 48 8 15 80 50 13 32 11 43 28 19 40 11 5 54 84 37 101 0 91 6 48 47 19 77 99 45 66 23 82 20 51 85 68 50 95 54 64 70 23 39 9 96 69 75 73 35 39 50 22 84 75 53 69 96 81 61 26 54 76 21 51 46 42 5 73 30 23 61 34 12 16 93 44 84 6 94 42 2 36 28 83 -2 2 77 99 94 36 62 100 66
80 35 44 18 20 48 66 83 34 73 19 49 6 26 57 74 4 6 8 86 31 99 57 20 77 24 5 22 14 48 85 35 65 1 55 28 90 70 29 97 47 63 9 72 7 5 7 80 80 16 48 71 14 37 72 8 26 27 7 97 102 93 44 40 70 97 85 54 59 81 22 40 100 90 19 17 66 46 25 20 88 80 69 90 39 16 56 34 93 39 30 28 88 91 92 66 66 94 86 33
65 77 31 60 37 3 49 -1 2 91 74 68 18 57 64 11 70 50 99 90 33 50 69 61 15 49 62 84 69 46 41 78 46 21 51 48 36 9 64 2 79 58 39 76 27 35 6 91 66 89 49 74 50 65 85 81 67 41 14 75 84 21 63 37 29 16 84 90 42 18 100 55 100 58 28 80 76 38 56 0 78 6 23 44 51 64 24 2 73 52 44 52 54 22 22 38 46 42 75 72
40 66 99 74 33 1 16 68 16 93 6 27 78 48 55 46 23 31 61 22 48 81 42 41 57 64 97 98 73 96 61 6 45 8 62 92 49 68 97 39 78 94 37 62 11 68 54 29 40 70 71 65 43 34 56 51 11 56 45 23 94 46 50 56 26 98 34 55 102 63 79 28 4 26 12 49 73 35 6 27 98 89 21 88 36 90 101 13 19 30 13 72 92 51 30 31 44 40 14 8
22 44 84 13 94 75 89 23 13 19 79 19 64 61 95 75 37 38 72 95 23 70 53 9 66 58 90 66 19 84 80 12 34 18 95 84 83 -2 58 7 65 42 78 60 65 59 35 94 24 88 96 94 95 92 84 7 68 66 84 57 31 69 53 17 6 12 2 -1 32 83 4 95 92 9 97 87 83 59 10 30 99 57 5 93 47 15 56 50 69 69 3 86 27 39 75 4 22 24 100 3
63 65 97 3 70 12 24 2 95 27 11 94 75 32 32 1 71 93 61 89 50 74 80 8 73 43 17 9 74 64 92 47 100 41 3 99 84 15 43 27 20 80 71 13 79 4 33 67 92 39 50 94 12 99 16 31 16 5 11 21 84 17 27 35 47 42 26 11 65 10 91 44 7 18 12 91 92 89 39 75 68 12 92 66 23 35 44 55 82 74 8 61 55 66 57 12 88 100 66 16
34 51 12 2 37 41 9 50 4 13 24 6 91 89 45 37 78 3 98 1 89 49 60 30 38 -1 29 58 11 47 13 67 85 58 58 0 57 28 93 32 2 73 7 76 30 2 58 31 94 63 22 2 98 72 27 31 28 77 89 25 55 59 60 63 82 0 97 39 28 -2 61 94 70 77 70 52 90 51 99 10 18 10 98 71 71 1 9 68 88 87 20 70 86 92 35 11 92 38 62 54
14 36 30 57 35 47 13 33 98 95 102 81 72 39 98 44 73 53 102 12 92 60 101 50 98 71 72 43 33 87 11 41 80 11 96 49 11 18 14 22 17 18 44 99 15 90 65 6 80 26 81 57 96 77 92 3 33 79 94 32 53 76 22 1 31 61 39 17 95 93 42 62 82 70 48 30 36 71 17 82 35 2 10 43 38 43 45 100 32 8 28 68 35 83 11 47 61 55 39 19
72 89 69 56 62 90 7 -3 65 54 76 16 3 19 66 58 57 44 41 77 13 93 46 15 19 43 69 92 34 9 15 65 48 46 24 53 47 89 38 -2 21 39 24 10 78 15 9 5 39 62 49 30 69 6 27 43 63 26 35 0 95 33 5 86 5 12 61 10 61 17 51 92 64 -1 74 46 85 51 52 57 88 84 10 93 85 41 42 27 8 94 80 24 93 68 53 3 92 -1 59 23
93 1 59 68 98 94 87 73 39 1 73 70 23 64 47 85 98 61 73 25 94 26 29 5 44 91 31 57 30 46 48 70 66 63 93 86 75 69 86 89 98 33 47 88 97 83 102 42 64 26 43 36 75 32 98 62 3 99 80 22 41 88 46 52 21 12 65 99 44 25 22 80 68 50 5 19 47 72 96 19 60 1 91 34 82 33 65 46 79 77 89 91 17 95 45 12 28 16 35 50
8 63 48 46 16 20 10 81 61 16 12 68 7 40 50 68 94 18 59 83 58 30 77 45 95 89 101 29 23 20 13 17 24 2 25 93 15 69 76 31 79 25 12 87 25 26 67 46 42 77 80 73 64 89 27 82 70 25 62 71 73 3 91 94 7 71 49 6 8 51 84 54 11 87 63 49 97 11 38 88 38 3 33 74 35 -2 17 25 29 59 6 44 58 18 87 64 76 72 5 80
6 91 54 38 82 84 3 95 79 5 72 47 26 71 3 58 33 68 99 12 5 74 27 94 85 3 23 28 19 44 46 72 101 13 16 27 5 1 24 18 13 67 80 25 57 98 39 44 70 17 86 54 64 3 18 6 24 77 26 35 77 45 99 49 16 35 24 41 79 96 83 15 87 50 87 46 96 76 76 10 66 75 80 74 16 15 10 63 73 8 55 70 71 96 93 12 64 51 87 84
4 59 39 16 5 41 73 21 47 79 74 79 30 78 9 21 43 79 4 93 40 50 51 27 27 -1 10 96 51 52 23 95 39 31 13 81 87 51 35 67 9 43 88 68 67 22 4 53 66 0 57 78 60 66 13 46 56 30 72 33 87 88 46 36 59 3 67 79 88 5 74 20 45 22 53 30 4 94 86 -1 19 32 72 44 28 7 98 30 31 9 36 -1 32 18 67 67 60 87 23 31
El programa tardó 52.429914474487 milisegundos en ejecutarse.
