85 45 43 5 25 99 79 2 30 60 67 43 88 66 85 96 43 98 17 89 56 17 48 68 93 35 22 77 84 75 26 44 101 25 94 74 58 85 43 82 36 74 13 94 23 68 78 84 22 96 9 39 33 41 95 58 101 65 38 55 83 91 101 27 90 55 37 32 75 57 75 29 34 43 29 95 17 57 99 75 27 14 98 70 60 58 62 38 60 91 54 9 36 83 49 9 27 84 72 26
35 94 24 32 77 13 55 56 35 16 61 12 26 -2 74 69 87 41 85 37 29 38 70 58 2 91 41 85 92 93 30 14 9 4 90 7 99 47 76 80 65 42 93 73 39 39 11 80 42 76 54 62 85 64 28 21 29 74 15 3 64 55 75 92 18 18 25 24 97 88 19 12 53 95 42 43 25 93 66 2 77 61 17 19 28 43 25 81 6 78 85 51 18 67 19 14 91 47 61 81
55 5 86 56 76 12 7 57 12 80 21 63 49 85 26 24 9 16 58 10 47 56 98 16 69 64 78 70 58 45 59 4 76 13 7 73 34 12 94 30 36 63 40 79 10 82 94 79 75 26 83 80 92 90 91 21 21 6 35 60 55 88 83 42 53 67 20 51 69 65 101 53 21 97 55 74 41 59 90 30 60 26 20 50 44 69 99 38 59 42 50 30 67 11 8 39 55 39 74 60
6 45 24 72 64 60 78 91 95 4 46 -1 76 62 57 27 20 59 64 77 54 55 71 92 85 29 37 76 45 37 59 48 26 46 91 35 68 45 38 65 76 63 5 88 45 28 98 90 35 26 86 46 100 64 93 8 98 23 61 86 20 66 60 74 52 80 15 9 80 41 33 71 33 89 71 56 53 95 28 4 101 53 89 82 64 18 20 53 98 5 27 49 70 73 35 34 72 43 80 79
64 73 25 47 88 68 8 69 22 15 5 96 68 15 18 61 80 51 70 54 25 59 42 51 78 58 18 48 81 81 45 36 95 37 41 3 83 25 48 38 16 5 71 18 66 43 54 88 51 24 92 5 17 56 97 32 22 76 50 39 45 77 77 95 90 94 17 95 57 5 33 19 70 6 4 77 99 63 65 59 87 38 21 55 12 45 24 4 29 3 34 72 3 94 12 60 40 60 54 87
43 29 74 0 40 15 75 52 42 5 72 -2 57 27 44 81 46 25 63 47 29 86 9 86 75 2 30 81 93 24 101 49 95 15 45 50 82 88 47 69 76 83 47 67 85 14 4 18 101 82 72 71 53 56 62 76 16 70 70 71 44 22 71 5 35 88 90 51 50 23 86 59 41 59 26 49 45 50 16 76 58 3 46 59 40 23 50 75 73 41 57 7 59 80 73 55 25 43 69 91
33 12 3 90 17 68 61 9 102 23 21 26 90 62 71 83 86 40 57 85 85 69 60 97 17 42 70 77 75 27 12 71 94 75 22 75 29 37 82 32 70 50 51 65 66 92 95 95 96 53 70 8 96 53 71 35 86 68 66 4 55 26 15 20 59 68 74 58 80 64 99 31 95 35 36 57 99 24 39 98 89 17 88 36 6 27 21 23 17 13 20 79 54 14 50 71 16 70 7 77
4 86 19 44 61 19 21 52 99 8 12 92 4 95 49 33 29 41 2 73 65 80 75 84 50 90 5 20 39 19 34 76 51 8 89 83 34 80 17 70 64 0 72 86 41 22 82 69 98 -1 36 78 38 41 26 36 15 76 46 56 46 79 97 53 84 9 67 78 4 26 68 64 89 24 91 91 27 52 88 42 70 85 41 60 62 37 95 66 29 94 7 62 72 2 58 89 18 25 16 73
86 54 56 58 6 15 66 84 7 69 44 75 80 56 55 91 86 50 53 66 38 15 101 91 74 52 15 59 73 27 26 40 13 86 18 64 41 33 35 53 54 88 28 82 100 14 53 90 93 54 41 21 24 94 59 25 53 16 44 12 49 18 52 99 81 86 98 69 8 57 39 14 16 19 82 20 39 58 16 5 54 45 46 7 6 67 95 7 18 85 66 35 43 91 93 4 6 59 17 11
13 53 88 9 76 23 81 10 59 6 7 58 96 42 73 76 64 44 93 49 50 18 39 86 67 67 79 6 100 79 70 91 98 11 70 68 46 17 45 30 18 91 82 69 101 57 67 1 91 45 23 3 16 62 75 -3 16 0 98 86 92 78 55 28 98 64 68 53 74 76 62 83 37 29 16 53 23 48 36 2 61 40 74 23 88 66 79 62 37 64 30 67 50 4 11 2 28 65 20 65
96 94 46 43 95 66 68 90 37 40 23 46 36 40 24 87 100 53 17 85 42 5 28 95 48 54 101 60 99 81 89 59 88 33 11 74 41 5 54 75 6 25 79 28 79 84 21 5 23 83 7 23 35 84 3 4 41 92 99 10 47 91 63 77 66 40 83 29 48 95 62 47 87 42 85 18 19 90 102 2 68 84 35 87 69 82 52 54 86 37 22 88 4 53 87 34 95 51 23 29
72 18 81 86 39 28 81 -2 11 88 29 72 16 62 100 34 28 90 95 43 63 29 72 -2 78 48 9 91 33 36 80 80 50 22 60 86 83 42 28 55 47 18 57 9 69 78 77 21 30 65 52 90 44 64 15 24 70 89 57 93 95 80 78 37 13 50 86 2 60 62 90 59 68 12 13 9 24 6 7 32 58 65 33 -2 69 2 70 17 5 18 40 86 38 57 9 53 36 24 94 66
37 58 52 12 26 37 20 45 81 55 21 92 19 54 58 83 60 56 41 57 101 60 76 9 84 67 71 88 101 47 102 8 22 43 43 78 46 34 25 28 65 90 70 43 16 88 99 92 50 56 54 98 45 76 36 59 52 60 16 16 87 3 58 93 16 5 9 81 37 14 70 36 82 100 102 11 64 78 59 87 46 88 41 76 18 71 29 39 29 27 33 88 99 31 36 16 77 6 92 98
7 49 78 22 97 70 47 35 14 28 54 11 9 7 31 11 22 93 95 74 57 79 50 88 101 78 32 78 22 43 37 76 19 12 69 90 36 2 40 79 12 38 47 18 69 27 75 57 47 95 39 4 52 79 65 47 88 14 3 34 48 27 37 9 61 12 90 51 10 22 55 7 76 91 78 88 51 75 92 50 55 73 73 50 35 69 96 36 79 30 20 15 75 71 85 83 48 86 89 43
71 58 76 44 5 7 43 5 36 34 47 14 94 80 100 50 8 51 66 37 37 6 53 22 20 26 60 4 44 3 98 61 88 3 86 7 7 82 85 26 48 53 36 54 31 20 6 82 33 69 99 88 102 64 72 6 87 17 40 99 10 74 42 97 49 40 86 17 55 99 15 11 58 35 26 20 18 14 96 58 56 45 57 5 76 85 90 12 98 38 36 96 86 33 88 41 92 64 36 88
70 13 56 46 21 9 90 53 77 45 36 92 42 8 88 85 100 16 8 13 33 35 53 79 81 93 99 69 51 33 19 61 25 8 15 19 37 56 87 93 15 67 35 41 44 79 11 64 85 34 10 95 3 49 76 9 3 68 30 92 42 68 39 78 74 35 73 81 27 29 53 68 54 1 44 18 88 44 15 73 45 93 57 43 45 45 78 27 7 80 33 83 57 35 26 40 9 6 8 81
49 28 31 52 98 90 80 88 90 89 89 45 70 43 29 74 45 2 54 28 70 30 3 84 97 96 92 37 42 11 39 90 25 78 10 15 18 51 77 31 96 28 75 20 17 34 76 71 79 100 86 13 84 58 34 82 19 44 83 57 6 31 95 58 8 54 10 31 66 85 67 90 47 93 52 14 30 81 4 80 92 62 24 18 91 68 17 72 20 13 81 73 91 22 9 15 58 13 66 76
7 73 72 88 70 10 33 67 83 20 80 88 90 89 100 22 25 39 42 85 36 58 17 1 97 85 39 68 55 48 63 69 88 42 41 22 93 35 101 62 49 27 66 65 62 54 60 14 91 -3 49 90 70 10 12 33 15 86 17 52 34 -2 75 55 20 -2 91 24 82 78 59 19 87 10 75 93 25 78 26 50 56 66 80 75 44 11 44 40 31 75 6 72 38 33 42 63 87 41 87 -2
9 87 8 60 69 81 51 53 96 72 82 71 85 97 73 97 78 7 41 55 60 62 10 6 6 14 68 45 92 76 44 63 39 24 51 61 15 7 80 9 86 72 78 15 79 73 74 15 86 44 91 34 97 80 79 96 79 31 38 97 7 38 48 3 49 12 28 70 65 28 19 54 27 37 75 86 57 87 75 97 14 16 94 85 100 21 67 10 39 23 75 41 71 83 15 82 63 54 63 15
73 63 55 38 13 25 99 16 53 -1 81 3 85 7 19 89 98 51 90 80 60 60 6 0 93 61 59 45 22 9 45 43 25 75 90 60 73 45 29 82 41 59 95 32 80 86 3 67 19 86 32 13 100 10 63 29 99 45 99 76 72 0 36 12 78 19 39 46 67 75 5 14 81 15 29 60 36 96 62 49 43 55 54 72 2 72 3 30 80 55 79 44 76 8 93 59 33 55 71 87
8 64 64 64 99 83 49 31 80 100 36 94 88 30 47 35 33 86 59 39 92 38 24 16 60 37 27 43 26 69 64 85 3 10 100 59 79 3 32 47 74 22 50 10 10 38 92 37 39 23 9 92 58 43 12 49 69 60 79 70 42 8 83 17 35 6 51 35 94 72 57 24 98 48 13 28 40 46 67 80 32 52 75 64 11 59 77 65 67 41 29 85 67 70 93 48 48 78 7 39
52 48 20 21 51 16 30 74 32 29 56 20 97 75 50 90 53 35 34 91 44 32 18 48 47 86 85 44 74 60 47 86 74 24 72 41 78 63 46 88 52 90 101 29 25 42 40 47 46 66 34 72 64 35 9 79 91 59 42 36 80 7 99 52 86 85 77 17 22 63 9 40 76 81 66 28 75 33 41 20 15 62 33 69 21 51 60 74 79 89 11 67 35 -3 24 47 50 22 9 52
4 23 66 2 25 76 37 93 52 23 33 36 96 79 98 17 35 89 33 95 10 62 18 18 10 6 28 66 11 64 59 75 20 73 72 17 17 37 33 49 21 17 3 84 85 46 26 74 61 68 17 52 67 32 92 3 97 55 93 18 70 16 74 7 74 20 41 25 53 49 62 27 37 66 97 100 37 48 7 36 39 85 90 40 18 60 32 48 54 41 45 30 86 56 23 87 27 89 7 85
16 33 81 7 6 59 88 41 72 2 86 36 48 62 89 68 22 49 82 42 81 36 32 25 98 26 83 86 77 1 16 30 10 24 99 22 71 79 80 17 12 91 79 5 5 61 23 50 87 29 41 54 13 65 39 70 77 72 58 75 62 1 45 64 6 35 90 49 14 46 22 3 44 78 82 16 73 79 97 75 21 33 93 35 40 49 19 4 97 81 8 88 82 62 38 51 28 82 37 54
95 18 64 29 5 99 36 96 6 11 64 46 40 41 70 88 56 30 59 35 36 72 19 42 58 61 79 66 59 13 11 61 7 89 20 45 94 23 95 22 8 100 8 10 76 1 21 15 26 74 57 21 101 85 88 48 3 40 79 30 68 59 51 18 65 46 78 60 12 2 28 91 29 54 47 47 25 33 37 47 89 46 40 22 75 30 40 91 31 40 94 21 70 38 98 31 10 23 14 66
19 86 48 63 77 43 61 50 13 -2 67 43 71 65 96 27 94 21 62 89 80 9 66 57 2 45 29 83 42 79 42 2 28 9 63 76 60 69 48 61 94 47 88 61 41 25 37 57 47 75 74 16 69 78 94 56 35 10 37 11 85 35 90 58 8 59 45 37 49 2 101 -2 60 38 77 6 71 94 77 40 96 90 6 12 67 21 17 63 96 26 15 74 65 81 91 67 27 6 40 84
67 3 14 39 90 31 24 47 42 85 51 55 28 93 23 53 5 78 38 57 32 60 81 77 20 63 12 62 11 45 86 50 6 15 5 2 15 66 61 25 56 12 43 69 29 76 50 14 96 72 59 38 82 42 20 94 32 51 98 21 30 44 69 39 65 37 79 89 12 7 21 22 92 12 53 33 84 94 52 97 94 80 55 81 90 21 59 48 89 70 47 84 15 60 98 70 19 71 102 12
22 69 21 16 69 54 76 65 101 53 7 39 64 5 58 81 33 3 56 78 69 25 5 38 88 36 4 -2 3 22 5 69 99 11 69 -2 50 4 18 -1 60 53 31 92 93 94 81 47 77 62 25 72 46 78 94 87 31 58 68 1 35 28 15 49 65 8 91 74 53 80 26 10 89 21 10 70 10 51 53 93 54 18 72 78 24 14 55 84 65 0 72 46 45 82 7 33 14 89 94 26
9 71 53 10 58 9 63 83 43 9 90 87 74 96 76 82 98 74 20 43 69 33 71 33 51 22 83 60 28 87 48 91 20 42 36 33 9 75 32 42 93 94 81 90 47 64 71 80 32 70 14 35 10 23 99 10 39 100 75 72 14 89 88 38 68 6 17 82 4 37 97 37 38 56 11 66 49 44 79 9 77 75 76 49 11 92 90 68 87 32 80 39 81 63 52 17 28 87 68 69
96 7 13 0 63 76 97 62 93 96 41 64 96 88 2 36 34 66 35 13 98 16 7 57 26 57 34 90 17 18 58 85 36 85 75 26 10 48 63 70 43 77 101 78 29 70 30 19 94 86 52 1 71 22 59 13 58 63 70 23 68 82 36 26 87 44 100 84 53 32 20 54 36 75 89 85 70 51 24 81 96 0 91 62 86 65 39 33 37 74 40 59 18 38 41 89 83 71 48 81
7 84 90 58 46 15 44 52 85 20 5 31 92 22 57 79 20 41 73 97 41 90 6 63 37 16 36 45 96 20 59 49 47 63 44 90 55 45 62 93 34 89 93 38 73 79 61 67 87 50 70 37 62 29 63 51 71 100 69 100 37 74 10 27 67 16 72 82 68 98 60 57 39 29 87 52 81 24 97 12 5 92 97 10 23 92 26 88 14 72 62 15 86 75 13 20 56 40 72 28
37 30 76 91 64 88 57 95 41 35 44 93 83 37 87 47 22 17 34 63 2 46 15 16 32 30 21 31 99 89 67 71 25 25 87 69 28 77 71 22 30 74 92 70 40 70 66 65 100 -1 88 37 40 61 48 63 57 84 70 63 6 22 48 27 73 77 51 13 30 28 38 57 56 26 89 51 40 1 3 71 32 82 97 65 40 59 54 6 28 74 40 96 64 36 37 88 18 48 80 61
15 30 83 8 77 15 20 30 61 66 99 21 46 30 73 90 100 28 92 4 24 54 48 41 12 66 84 7 17 20 33 55 53 47 46 57 30 96 8 10 79 89 77 71 67 80 26 23 93 35 87 35 83 3 53 71 46 72 73 57 4 67 34 39 54 3 4 23 99 20 37 95 94 34 25 100 85 57 7 85 94 21 76 66 83 100 3 30 48 92 79 65 73 88 19 19 96 54 16 14
2 82 6 57 56 24 40 7 45 84 56 46 23 85 64 14 31 85 94 11 34 84 20 22 78 22 7 -2 82 0 101 12 99 28 8 82 43 31 14 78 73 43 92 6 20 25 7 69 101 79 59 12 37 22 60 64 72 26 92 91 35 41 33 6 31 50 20 81 42 46 32 33 10 26 15 80 34 71 26 90 68 92 83 62 4 81 15 29 54 37 63 4 91 13 62 5 81 44 42 76
68 18 7 38 85 49 40 37 54 70 39 86 94 93 39 23 26 86 5 87 55 1 50 96 47 97 65 24 63 68 37 92 100 77 26 10 4 59 51 25 42 77 21 63 20 71 51 77 90 52 8 48 39 85 90 15 6 10 14 50 29 27 11 60 53 28 38 84 74 99 89 78 18 95 94 56 96 59 84 75 57 85 66 52 40 66 25 12 74 69 80 86 10 6 19 79 60 28 51 67
42 64 53 85 49 12 33 36 25 46 59 75 63 72 88 23 9 90 23 31 60 32 52 65 78 91 81 68 93 6 65 33 66 17 39 38 72 89 4 76 45 46 89 41 52 32 3 3 7 5 19 63 13 6 85 35 32 58 42 76 2 20 27 64 3 87 90 58 37 45 20 10 16 56 42 24 18 45 19 60 96 70 87 87 81 36 76 25 6 39 43 76 74 7 4 64 32 30 83 80
83 93 32 51 60 78 32 11 94 58 17 64 82 33 33 71 91 60 54 82 15 53 22 24 34 90 94 56 96 7 35 55 30 77 32 98 93 26 27 60 43 66 63 50 59 98 14 67 63 57 11 83 3 34 40 13 45 83 48 54 66 55 29 57 4 68 95 13 15 4 94 7 95 73 61 53 100 60 86 71 38 53 45 31 44 15 33 83 63 57 31 7 40 43 85 56 80 46 38 80
98 64 57 44 94 25 6 17 58 14 70 60 42 17 35 19 44 2 88 22 93 86 96 28 58 93 26 68 54 32 2 10 21 32 93 75 81 11 87 74 97 38 53 3 70 16 39 65 85 7 45 25 83 64 94 78 47 74 101 79 42 46 66 77 6 7 35 43 88 47 94 6 46 53 96 44 86 58 14 29 81 69 18 42 35 0 92 46 86 75 3 40 97 63 78 54 6 34 16 30
74 29 66 68 84 55 91 63 70 94 67 97 68 34 52 85 49 79 40 82 100 45 35 38 59 32 20 3 93 81 36 56 68 63 53 6 37 23 20 11 61 14 24 47 12 31 93 29 83 14 40 25 80 23 86 48 20 82 90 61 88 28 39 98 57 77 11 33 20 10 60 24 56 9 32 91 52 8 93 78 49 61 54 99 23 33 46 57 29 94 12 87 11 15 41 65 82 8 19 2
81 1 94 13 9 11 78 92 57 55 35 10 24 22 34 86 4 58 29 68 4 56 75 96 53 80 56 61 65 36 14 9 94 47 60 19 71 3 42 48 16 87 86 91 92 3 78 68 67 88 41 64 90 87 89 56 77 55 68 7 67 50 69 46 54 73 22 52 40 8 62 61 46 16 67 68 7 65 99 48 42 37 50 66 16 34 74 65 40 43 14 48 58 15 72 31 10 56 58 94
54 43 40 64 32 82 59 31 84 31 43 40 90 37 102 41 102 42 67 97 47 73 100 29 27 89 52 14 26 6 88 4 93 64 56 46 87 72 26 62 12 94 3 43 67 18 48 16 73 14 56 33 15 24 35 53 101 42 12 63 52 61 9 45 18 80 24 39 41 17 67 49 97 75 88 90 24 49 5 42 13 29 46 64 85 35 4 8 5 31 4 23 41 47 77 66 25 44 61 89
48 58 93 82 27 77 90 69 18 68 34 52 27 50 40 72 41 85 44 83 35 62 17 52 69 17 90 68 30 96 83 73 32 78 29 21 59 2 98 14 63 74 54 80 48 95 53 76 57 40 71 37 64 21 92 22 98 51 15 34 83 38 34 53 38 29 35 33 37 38 17 79 89 -2 67 57 47 86 39 58 73 85 4 57 65 74 64 9 55 50 30 44 92 0 24 14 27 3 59 5
29 28 30 75 42 48 17 84 87 71 62 63 98 20 40 81 70 50 33 40 33 81 91 53 91 70 13 78 83 30 16 56 93 19 70 99 97 33 73 81 88 28 71 79 25 45 34 12 36 99 45 35 25 25 32 60 14 15 97 93 51 73 83 71 68 78 32 25 5 59 36 13 32 38 20 89 90 11 21 93 61 22 21 9 82 79 81 40 15 64 42 100 99 97 32 85 89 94 96 85
60 10 72 93 74 43 96 -2 44 54 44 65 101 85 90 67 89 49 4 61 91 78 22 74 7 12 73 57 24 27 82 91 92 86 70 48 97 63 83 36 48 91 29 0 31 91 61 50 75 3 81 69 52 83 2 36 78 82 41 12 45 84 34 93 84 26 20 72 78 0 46 32 2 4 63 -3 15 43 10 73 40 8 92 41 92 79 25 43 70 24 83 53 12 0 16 27 17 -2 21 37
85 6 41 61 92 83 14 62 12 66 98 26 11 33 41 26 7 30 43 43 65 57 93 52 90 66 46 32 36 95 20 21 98 38 48 78 64 61 64 70 102 19 11 64 22 38 98 55 23 26 58 25 48 61 61 21 87 59 47 49 42 42 56 37 56 85 38 13 25 19 79 86 41 77 33 61 25 34 76 27 61 22 102 30 29 81 49 52 24 36 32 88 15 65 58 29 31 72 52 64
65 65 92 84 35 92 28 51 11 23 16 76 15 52 28 41 68 28 89 44 20 3 99 83 53 43 37 58 16 16 13 18 12 86 20 15 46 16 65 28 79 0 13 3 64 19 40 49 48 39 16 84 11 56 71 5 42 28 32 35 58 12 63 22 97 73 98 64 18 13 54 31 101 40 58 86 2 51 32 88 55 18 10 21 85 2 38 58 49 39 56 56 92 12 21 33 62 19 47 75
27 36 15 99 39 52 10 61 3 38 69 49 90 48 79 99 53 49 47 46 36 32 84 88 22 69 69 42 80 20 60 75 60 80 67 7 69 20 84 88 95 47 77 68 8 84 52 82 32 73 96 21 9 52 56 50 9 69 62 80 102 90 15 17 22 22 49 70 42 10 80 90 80 10 74 93 79 21 16 42 64 71 71 5 82 51 14 63 98 26 64 92 39 33 14 82 55 33 56 42
61 58 21 63 59 94 10 29 75 37 55 36 59 75 95 88 72 91 56 73 63 67 7 96 52 8 46 64 97 32 10 42 87 27 27 61 97 27 48 45 84 7 37 41 53 49 12 96 19 15 21 51 79 73 80 4 86 46 81 19 59 85 51 33 71 44 6 57 101 20 53 65 40 90 7 70 4 53 86 37 24 90 92 61 15 8 34 24 12 58 71 -2 22 88 50 76 8 94 75 70
31 41 21 26 95 94 16 63 102 83 33 12 20 24 32 11 56 12 20 31 4 7 102 45 71 19 55 62 18 38 4 100 35 91 22 24 94 20 67 57 12 100 71 22 64 73 35 74 50 82 47 27 35 67 44 81 44 72 53 24 50 22 87 75 7 32 78 28 97 77 101 28 38 16 5 33 58 6 17 89 82 24 71 61 8 49 52 60 8 63 64 17 17 71 35 61 69 17 57 74
10 78 87 14 14 69 26 29 88 62 16 42 66 75 5 42 99 9 72 4 65 19 59 84 47 44 98 49 81 47 97 7 52 -2 60 -1 19 67 44 24 96 62 29 6 68 8 50 7 38 22 83 -2 81 25 100 82 68 69 8 18 78 76 54 62 34 20 56 88 14 2 39 62 69 12 67 64 52 1 60 73 101 40 55 78 31 61 5 89 8 52 49 66 21 0 75 28 77 40 3 33
11 43 42 81 62 66 34 9 52 85 23 60 37 5 44 75 84 97 43 86 30 57 50 18 90 14 94 81 50 82 14 78 57 5 35 63 33 81 39 16 64 74 73 100 19 70 100 54 99 88 43 17 85 68 6 18 81 57 56 5 22 22 10 14 58 98 85 54 21 35 25 93 74 63 29 7 17 66 9 12 57 22 47 23 96 26 24 89 52 20 63 80 62 80 81 88 9 50 96 68
32 30 28 8 99 9 48 40 96 65 54 70 12 58 66 53 56 41 90 71 74 39 52 50 40 90 53 7 68 77 87 31 62 62 62 84 61 77 18 20 47 4 8 18 72 32 81 42 72 74 68 31 19 57 87 57 75 35 94 96 40 96 100 73 34 65 17 74 83 64 61 34 25 84 38 47 95 32 48 73 5 94 12 49 64 58 85 59 84 64 37 44 93 14 23 92 72 26 101 96
6 95 75 7 34 52 56 48 19 56 53 98 63 9 21 72 29 74 62 11 77 77 32 14 100 97 49 98 92 4 90 87 40 3 86 60 17 48 68 99 14 42 63 61 97 82 94 58 32 82 4 36 65 97 20 41 101 17 49 40 15 66 13 59 35 80 43 32 90 43 75 17 64 79 32 70 38 13 43 82 76 64 72 59 101 11 36 1 94 69 85 97 19 80 63 19 75 7 21 96
81 41 79 92 62 91 9 67 52 4 96 32 55 45 15 35 39 86 35 54 51 71 30 57 3 91 19 76 97 33 58 3 17 53 28 91 46 89 84 50 18 86 54 62 92 9 27 25 21 60 45 59 61 27 30 54 78 66 16 6 48 89 20 84 9 53 70 31 42 1 50 88 35 35 51 29 94 81 14 62 89 5 36 65 87 73 76 90 89 13 17 6 40 91 78 21 87 95 49 35
49 76 100 95 53 46 58 99 33 84 93 92 23 65 28 77 61 90 13 28 53 78 25 8 60 6 24 94 47 43 15 77 37 70 35 94 25 99 91 41 61 89 11 83 98 75 10 100 98 3 65 65 33 17 10 86 83 13 3 16 18 8 63 52 75 99 16 47 93 94 67 82 40 19 4 22 79 53 98 57 37 48 91 77 24 45 75 26 22 22 78 31 74 49 98 2 88 84 23 77
90 66 67 54 101 45 56 80 23 68 7 83 3 23 65 45 80 62 30 82 97 81 9 -2 46 57 19 28 28 27 49 21 74 61 34 92 30 42 9 44 29 78 54 95 4 0 82 45 51 46 4 91 36 48 69 34 82 4 39 63 80 37 19 28 79 -2 90 31 74 31 75 39 86 44 80 25 37 21 78 18 50 22 75 77 89 38 77 45 14 72 19 28 91 37 25 50 97 -3 82 50
75 81 92 5 66 19 6 41 31 60 97 14 52 11 26 16 80 48 56 23 59 49 32 56 17 36 100 87 87 10 52 35 28 7 90 71 38 18 101 39 16 73 55 13 3 52 29 90 73 56 19 23 44 14 48 4 4 100 102 29 98 66 28 53 68 30 96 91 100 54 93 12 6 19 58 23 74 96 52 13 74 2 84 19 55 91 54 31 92 69 38 63 35 80 51 82 76 21 50 65
44 65 87 96 20 51 23 52 20 91 90 30 47 38 3 32 11 80 90 56 39 83 99 60 30 41 11 28 14 92 57 10 44 94 24 83 22 89 35 53 80 14 27 86 67 49 28 31 68 53 11 86 77 44 34 27 55 68 25 10 82 22 60 58 64 59 46 14 79 58 25 42 89 2 8 80 81 57 91 5 35 40 75 19 84 86 31 42 46 45 26 15 3 72 34 50 97 83 4 36
60 5 73 88 26 39 58 78 15 86 16 12 28 68 60 19 95 91 46 57 64 24 84 38 33 69 12 94 27 37 84 72 40 97 39 91 75 38 3 20 86 24 54 15 43 4 94 77 17 9 30 86 70 17 48 89 88 71 30 8 12 87 55 94 54 90 14 23 28 81 36 92 53 40 48 74 58 50 30 40 96 32 11 62 38 53 22 84 14 3 4 37 5 10 45 70 49 79 5 63
95 48 93 79 89 92 9 36 54 29 25 20 82 58 72 74 78 16 55 9 59 79 23 43 79 91 46 77 80 96 31 60 55 14 66 82 77 1 38 77 69 34 61 67 42 17 79 69 97 54 62 52 94 79 77 66 100 81 37 -3 28 41 60 51 12 12 30 20 27 94 48 29 64 54 75 30 76 79 13 40 77 60 69 12 33 17 99 64 5 41 32 82 33 3 56 54 101 82 2 95
27 31 36 82 31 76 29 76 81 29 43 75 82 27 79 84 3 73 42 23 21 50 62 90 63 51 63 32 97 10 23 62 10 8 60 58 12 66 95 2 17 30 12 95 84 91 72 24 20 6 74 49 91 6 67 9 101 5 5 49 61 87 65 16 53 29 53 70 49 24 69 16 21 51 59 64 27 36 22 81 102 49 102 33 51 85 35 47 65 81 19 83 10 30 65 35 101 68 60 50
62 11 11 94 25 80 56 75 98 83 39 18 2 67 20 95 3 89 39 7 42 12 5 31 8 84 76 12 4 68 93 30 45 54 7 4 16 3 79 0 43 48 47 90 68 -3 84 92 38 57 24 21 59 40 12 72 86 86 62 49 101 81 23 60 90 22 58 15 7 54 95 30 87 76 68 4 23 60 4 10 64 57 101 70 69 84 32 15 81 20 88 25 3 -3 83 8 37 71 92 67
44 49 83 74 98 41 51 56 77 39 74 20 72 46 75 70 65 79 37 11 9 26 67 51 25 36 9 34 50 95 5 48 27 93 69 47 61 44 6 40 56 53 8 28 21 15 95 46 23 3 26 60 52 6 7 86 24 28 96 44 12 94 18 85 73 61 98 27 87 65 87 40 67 90 29 80 52 6 32 74 66 63 14 72 83 97 98 43 76 66 87 19 55 94 75 98 84 65 27 98
46 4 73 91 78 25 54 63 23 6 78 -1 51 74 25 26 5 16 20 66 68 32 79 21 6 59 49 36 54 59 33 34 17 85 101 11 30 3 22 63 75 7 74 26 91 0 31 77 21 87 72 72 24 94 67 60 62 65 86 72 96 86 67 18 73 45 100 15 64 4 41 0 10 51 58 89 87 66 97 60 24 28 33 74 47 82 91 54 88 52 62 89 93 11 7 58 84 79 64 90
87 72 61 45 14 36 44 84 100 54 67 51 20 26 38 80 91 32 32 46 45 51 75 26 77 22 61 57 49 4 48 81 49 35 69 9 81 17 17 97 31 74 62 17 64 88 89 64 58 18 18 10 31 85 58 17 28 17 74 82 49 25 87 90 59 93 16 5 87 64 67 89 47 7 15 38 34 56 90 23 19 49 58 30 68 53 18 89 7 60 77 96 32 69 40 28 13 87 63 1
70 16 34 73 17 29 20 7 22 17 97 95 59 51 6 55 89 88 98 53 5 14 49 64 15 0 59 65 54 12 52 8 45 86 88 51 73 -1 16 92 55 65 10 61 54 10 45 21 73 74 69 49 22 46 12 41 17 -2 87 30 60 71 8 5 36 52 25 29 7 32 86 89 33 51 70 15 56 0 95 51 85 57 37 79 66 8 45 21 12 20 75 0 43 15 56 61 45 19 97 4
78 32 90 30 99 96 95 9 26 78 51 31 57 17 86 7 86 89 26 73 12 28 24 57 96 48 75 15 32 79 63 53 58 23 14 89 32 1 39 83 71 63 41 65 80 20 39 42 16 48 96 49 69 6 60 26 35 23 64 46 30 91 59 38 94 36 54 48 68 9 72 58 21 85 11 99 37 55 51 93 64 26 55 66 9 41 25 90 101 98 46 13 83 15 6 67 100 90 19 52
38 65 88 19 23 17 39 30 49 35 14 6 4 24 77 73 88 89 97 75 54 85 86 71 4 38 32 48 70 9 57 8 41 25 39 58 63 67 70 74 46 72 6 58 11 62 51 75 72 3 39 11 16 55 44 58 67 57 27 96 21 84 15 16 35 60 87 96 12 57 68 25 72 33 45 44 8 7 48 42 38 46 61 66 25 24 43 58 15 46 12 29 53 15 10 93 52 19 91 73
95 68 13 72 3 61 84 23 47 76 12 89 11 67 22 55 19 14 67 38 98 92 47 27 44 29 41 66 46 95 13 51 90 67 101 3 100 86 17 54 6 20 74 38 15 70 43 28 44 95 86 62 31 15 49 85 58 73 10 40 59 13 46 14 49 10 87 90 85 97 25 100 24 83 98 51 57 41 55 30 94 96 102 85 90 60 52 23 94 88 83 52 12 73 78 49 41 22 42 40
36 7 36 12 50 36 45 39 28 71 72 46 60 -3 25 19 14 63 76 89 44 53 65 88 27 74 68 92 28 27 35 0 16 72 15 80 21 78 68 45 43 26 80 2 22 87 68 69 50 94 31 15 90 3 7 80 70 13 61 50 60 10 52 4 18 93 74 60 60 19 22 -2 84 17 58 56 53 5 68 44 7 67 42 67 8 20 32 71 13 50 8 2 93 69 23 94 41 93 13 78
12 34 11 47 89 21 26 51 54 43 38 46 49 28 102 53 20 99 91 62 35 57 37 64 36 38 85 19 91 87 83 25 87 94 51 68 53 100 8 58 12 43 35 38 3 26 39 20 47 96 38 33 33 39 21 46 24 87 65 21 102 75 72 78 45 75 64 48 63 86 34 87 84 56 63 81 99 56 33 24 11 47 42 37 70 36 98 71 16 1 98 76 87 91 24 75 95 48 95 53
51 41 55 74 8 84 91 51 28 71 24 72 39 66 6 79 43 93 94 81 11 31 52 38 15 36 72 76 21 10 48 35 76 88 90 41 35 91 6 29 34 77 79 41 15 8 33 55 73 10 88 6 99 19 97 24 5 79 5 88 41 56 62 82 26 25 93 31 84 88 80 62 21 95 56 64 32 17 92 70 24 57 86 11 29 93 84 0 56 34 53 71 76 37 94 50 54 94 50 10
34 94 72 97 91 98 12 98 91 34 33 34 50 71 33 18 8 41 60 22 91 10 102 10 59 84 39 66 27 71 100 81 23 73 47 2 6 30 21 68 9 4 6 33 55 33 43 5 16 67 96 73 32 40 33 81 54 23 71 17 13 58 72 100 88 53 26 54 78 97 35 84 67 35 25 77 93 10 58 83 61 12 57 59 5 90 84 72 22 55 10 9 82 40 65 61 24 18 62 11
73 41 52 39 68 53 39 20 84 88 29 46 44 62 80 93 57 36 41 -1 83 13 11 -1 38 27 34 68 64 44 31 25 61 68 23 72 34 16 42 59 59 56 25 93 60 13 89 41 13 16 48 78 34 92 88 4 79 54 18 58 92 84 61 3 62 71 72 9 12 4 98 94 23 89 61 24 13 31 25 49 41 57 49 80 63 58 46 82 69 71 77 18 71 25 74 38 43 12 50 73
22 86 97 81 53 80 62 12 68 63 13 43 60 75 47 59 9 20 52 85 50 98 65 66 8 23 65 27 30 8 12 100 14 71 30 47 11 73 33 53 15 47 38 5 58 57 95 58 36 93 26 96 69 59 23 15 31 23 91 59 37 34 13 67 66 20 101 89 95 59 80 90 76 85 64 28 44 14 10 90 37 29 58 39 36 95 101 8 5 42 5 83 37 88 39 81 96 56 47 56
97 49 35 19 15 -1 66 49 24 13 9 -1 61 30 49 64 4 54 100 36 58 37 95 47 42 34 56 55 98 0 99 61 7 21 15 55 94 48 90 38 98 76 77 80 70 21 81 2 75 40 48 18 50 42 60 11 22 18 88 41 15 63 60 54 23 37 101 79 35 35 39 86 85 61 50 92 6 7 99 -3 29 57 85 63 45 75 9 36 31 51 13 50 21 12 2 56 94 37 48 58
25 69 83 43 71 7 31 24 4 4 40 8 81 4 90 100 28 25 82 43 82 81 93 41 40 10 6 86 95 33 19 67 28 29 89 54 85 68 27 64 13 46 62 3 58 73 18 98 32 19 93 58 21 27 21 90 84 38 5 53 11 15 35 16 39 79 93 59 98 19 14 20 49 67 21 7 11 2 81 44 4 58 14 24 48 4 3 35 20 91 71 28 63 22 66 58 52 86 74 78
46 33 24 34 77 63 56 48 40 16 31 17 85 32 62 94 49 12 52 95 58 49 17 -3 46 94 30 56 54 63 71 39 84 34 63 57 9 15 11 54 55 31 91 13 18 10 32 94 63 -1 22 58 71 19 25 72 2 90 36 36 55 65 16 44 54 24 41 3 35 2 68 41 50 43 88 59 83 95 33 61 62 3 50 52 27 50 98 91 6 85 27 6 20 60 93 23 85 78 42 69
69 72 25 63 13 75 32 96 55 62 70 50 68 62 38 79 58 27 46 82 90 37 73 52 54 80 25 53 25 48 11 69 32 7 74 51 54 26 101 42 87 74 36 32 84 11 48 38 51 42 80 14 83 39 73 13 87 48 83 70 79 72 62 67 56 50 30 22 63 70 73 28 21 68 40 55 64 43 36 17 60 38 49 13 80 41 88 35 4 75 23 38 92 57 27 86 5 25 66 66
90 54 60 17 18 23 48 89 94 61 96 66 50 29 90 69 36 49 101 94 85 44 44 13 43 29 9 89 33 87 78 85 49 44 84 78 25 95 66 33 7 84 43 32 59 -2 12 95 85 -3 96 92 83 54 77 56 78 66 79 31 60 27 84 61 52 70 68 57 46 26 27 10 15 39 3 80 87 55 93 78 78 89 65 28 12 45 91 44 45 94 81 91 72 47 33 19 59 17 57 -3
62 29 19 20 77 23 51 77 15 87 14 91 56 21 43 49 74 94 30 36 81 64 79 66 52 16 50 54 64 42 63 76 55 58 30 88 81 50 50 69 40 72 7 96 40 81 61 70 101 93 72 34 5 11 10 64 28 5 100 43 97 86 33 55 77 40 28 79 57 61 38 16 43 80 44 12 52 20 30 78 31 3 19 3 43 77 83 49 57 91 81 28 56 65 45 82 25 99 49 89
16 26 20 21 78 41 33 65 56 1 51 6 100 79 98 84 81 25 84 84 20 48 44 75 62 27 29 91 56 20 24 92 11 0 4 11 90 89 49 4 28 23 44 81 68 67 10 61 34 7 24 25 57 91 29 11 43 85 9 50 16 50 33 16 22 67 39 12 48 76 91 0 46 13 4 43 57 80 77 16 51 23 91 6 13 15 35 22 34 30 75 4 101 86 64 9 68 44 100 76
20 65 54 7 11 94 89 44 34 45 33 49 32 39 47 83 19 93 9 40 12 5 74 77 41 38 24 74 48 1 88 25 48 5 40 13 86 39 16 23 92 30 32 87 84 100 34 76 92 62 62 98 46 72 33 66 6 63 53 84 93 84 50 6 81 68 84 65 69 92 6 55 86 45 90 57 92 5 21 68 64 81 17 69 84 48 102 99 43 86 76 79 65 100 38 2 101 83 9 64
85 65 33 79 71 21 36 46 19 64 59 90 35 65 66 75 55 14 24 78 32 86 75 25 62 -2 80 35 93 0 2 20 3 13 10 93 76 56 5 18 33 24 79 72 51 87 70 65 4 1 34 83 75 54 89 55 56 93 82 20 38 6 24 32 77 74 92 24 98 41 41 21 51 71 94 75 5 62 69 74 40 45 69 59 95 37 30 80 55 91 53 19 23 11 34 62 16 89 13 75
25 54 40 56 16 5 48 89 62 94 30 54 21 19 21 75 82 37 38 79 88 73 59 43 82 21 43 73 81 18 41 65 81 42 102 36 98 96 69 16 16 17 4 83 59 45 101 62 37 13 49 61 19 62 91 56 62 81 94 60 95 75 56 96 97 69 24 8 15 14 66 29 64 98 27 47 52 84 40 23 70 34 95 7 85 68 77 39 12 95 69 36 91 22 64 65 11 50 5 69
84 35 38 1 12 24 32 7 37 92 2 27 100 29 26 89 52 6 100 38 99 22 12 17 82 47 26 77 82 25 83 11 99 14 18 9 101 53 93 21 74 56 34 62 93 90 62 54 12 79 52 75 50 47 93 53 50 5 18 7 46 78 98 20 23 42 26 13 56 47 88 59 48 -1 32 73 16 61 56 88 84 52 9 41 11 17 72 57 65 43 4 54 76 37 71 50 16 63 67 2
68 73 93 76 101 64 38 68 28 96 101 53 58 81 32 61 43 60 19 91 31 88 57 56 88 41 22 70 87 1 39 48 94 88 96 78 85 79 54 10 78 3 48 3 51 35 89 40 30 84 28 43 47 28 76 95 54 100 95 98 62 1 73 73 86 96 41 52 50 84 98 75 49 56 55 73 100 90 16 77 29 43 83 71 9 57 56 71 55 15 29 97 88 28 98 72 41 90 97 84
40 53 60 -3 12 83 61 50 70 93 82 66 24 85 32 28 21 1 62 53 48 86 37 62 59 51 26 30 82 28 40 17 33 70 9 67 12 29 82 3 93 5 97 54 25 68 92 54 45 9 44 0 65 81 20 63 60 93 70 90 58 60 84 50 88 88 5 28 71 91 35 5 28 12 34 90 79 57 76 46 61 28 60 57 32 87 97 74 45 57 77 12 71 36 8 18 30 57 44 22
30 29 85 9 48 11 82 32 7 81 50 98 65 46 37 27 16 29 70 71 34 26 96 100 32 76 31 54 57 58 32 52 100 54 14 24 51 86 20 46 74 89 7 29 87 15 55 25 93 77 7 10 39 48 62 6 30 40 100 16 66 47 74 53 49 93 28 49 99 43 18 74 75 61 78 73 31 51 52 96 53 20 53 80 13 85 14 14 46 52 10 3 12 61 98 26 15 37 72 99
80 29 67 78 54 15 55 59 47 7 56 22 10 19 64 37 23 48 28 -1 73 13 40 36 86 10 98 56 29 24 80 65 94 25 26 57 43 63 52 48 24 21 46 91 60 31 73 95 54 94 90 48 69 79 28 16 27 30 5 90 87 69 49 25 62 6 96 35 23 62 73 58 3 31 28 45 39 4 64 9 26 8 71 71 37 15 54 56 44 20 79 0 23 81 34 29 68 75 26 23
18 22 29 50 26 74 46 99 31 54 95 18 50 48 51 71 27 25 59 83 76 44 31 16 22 42 75 61 16 5 35 84 6 10 53 7 98 59 11 44 81 15 22 80 95 79 52 7 58 62 89 25 70 24 65 41 52 77 37 82 19 86 65 11 65 16 69 75 88 14 64 20 46 65 66 69 96 78 4 23 78 8 59 74 92 95 50 34 27 86 94 43 11 43 56 67 33 4 58 97
38 14 52 71 64 33 98 58 72 11 31 55 39 34 45 15 51 45 13 79 83 69 15 82 86 27 45 10 99 10 69 80 16 70 40 61 54 64 49 69 80 90 69 8 98 29 3 37 60 24 65 14 97 2 98 77 54 83 98 75 21 72 49 7 74 7 39 73 29 75 40 96 83 94 97 12 46 6 8 11 14 22 32 45 11 5 9 94 34 84 54 47 60 53 92 33 49 96 65 79
51 74 50 2 56 71 10 43 58 79 19 46 94 29 40 24 98 69 58 88 62 45 5 98 51 30 23 52 77 6 21 6 96 62 95 5 3 23 96 40 72 22 71 26 100 74 97 19 36 83 96 6 27 22 91 5 87 64 93 47 34 58 3 25 54 12 43 24 17 54 57 77 93 4 98 18 5 30 20 45 30 9 40 42 36 70 37 48 38 50 22 8 11 44 35 94 47 25 46 16
41 6 48 25 17 95 63 58 37 7 78 83 35 60 17 86 100 95 93 75 93 33 41 33 2 34 24 89 79 30 101 55 81 56 37 79 90 46 38 5 88 5 64 59 20 27 42 30 46 61 15 45 19 1 79 96 22 35 43 -3 6 25 39 45 19 -3 95 59 75 44 84 76 34 50 81 8 50 92 12 63 52 82 67 44 57 57 60 87 54 49 37 90 29 6 27 29 68 80 6 87
66 43 72 45 102 98 74 4 95 14 27 25 10 84 43 72 30 53 39 36 11 82 57 69 19 59 12 54 47 69 13 61 4 68 25 37 42 25 62 76 60 94 41 54 11 50 19 16 89 14 48 6 32 50 12 94 59 41 75 31 75 100 70 48 38 1 83 79 38 85 18 91 52 14 36 98 61 37 30 91 75 37 84 67 5 47 60 77 22 29 20 62 102 15 43 35 100 45 97 45
37 48 58 26 57 52 14 9 15 66 72 62 11 57 4 44 99 0 5 65 59 51 80 45 51 61 14 65 7 29 43 41 5 9 64 92 51 64 29 5 39 89 26 32 15 93 64 33 46 85 40 83 30 80 62 44 4 72 25 36 89 57 65 21 7 68 24 52 32 53 24 5 98 27 9 9 40 60 64 -3 21 25 95 57 38 9 95 44 87 18 39 83 39 39 41 6 10 85 6 91
83 95 11 44 64 82 51 45 42 67 31 35 67 53 24 7 12 1 21 73 5 28 26 28 95 94 75 56 20 35 52 11 48 61 67 62 57 33 91 57 64 83 23 26 38 74 8 28 94 12 6 6 82 2 79 13 37 34 8 31 28 82 92 18 49 2 54 70 7 99 13 21 55 84 56 54 64 73 92 37 65 97 74 44 47 84 56 4 18 23 71 30 3 8 97 87 14 20 74 97
36 88 85 37 11 74 61 5 46 28 40 -2 92 84 66 69 24 25 34 79 17 7 41 -2 85 28 45 2 39 80 31 82 78 4 47 77 40 78 64 34 77 71 16 20 97 23 31 64 60 0 10 73 16 25 39 4 25 72 16 58 72 69 41 0 7 41 100 93 46 9 82 12 80 38 95 30 52 13 28 19 74 18 2 11 99 80 42 6 37 43 9 56 17 27 44 78 2 39 41 8
51 6 64 39 76 84 89 15 5 93 67 99 32 93 94 10 85 100 28 71 77 47 91 51 73 58 58 82 40 49 8 3 31 60 31 46 82 89 7 55 19 23 66 6 41 100 99 59 73 70 38 91 48 9 60 99 88 26 48 85 94 11 59 22 82 5 69 65 25 23 41 14 48 39 38 98 81 6 44 79 28 36 73 69 36 54 49 62 48 8 29 2 86 89 72 36 11 100 24 84
85 5 66 23 35 73 2 0 50 76 89 50 76 93 7 75 61 74 37 3 79 48 81 14 35 95 70 91 48 40 33 39 69 13 80 24 30 58 18 75 43 48 63 19 40 40 31 79 60 54 2 42 91 54 7 47 56 73 76 20 93 25 80 52 94 89 53 90 36 -3 45 77 42 84 23 74 84 6 16 57 89 88 81 90 25 92 96 44 61 68 84 38 69 -3 74 55 13 95 17 20
El programa tardó 40.971040725708 milisegundos en ejecutarse.
