72 75 36 19 65 81 58 78 94 45 93 73 13 95 59 64 55 40 18 46 37 66 78 100 29 6 48 18 78 35 26 91 6 22 74 35 87 21 33 86 94 53 44 37 38 37 15 74 85 55 28 19 96 61 22 67 79 6 86 76 44 34 17 34 65 20 13 28 92 77 88 94 29 80 57 37 31 59 82 86 24 88 38 43 8 37 13 74 12 23 7 3 14 59 95 54 95 60 25 99
31 11 87 70 62 70 49 38 81 45 60 76 36 55 65 2 58 82 20 47 86 1 91 46 43 43 43 81 58 31 44 22 41 21 22 48 28 87 61 71 78 64 13 17 66 8 85 55 50 85 29 30 95 53 84 78 26 90 49 72 62 44 60 90 16 96 101 61 60 50 46 91 91 85 54 68 69 34 26 58 96 2 50 29 6 13 5 76 87 6 16 10 5 32 23 49 13 41 64 40
55 43 95 10 86 55 84 34 80 11 98 47 29 93 44 29 35 55 74 65 12 97 97 80 49 25 90 94 79 8 32 26 42 94 72 15 48 71 23 10 89 53 42 15 45 53 75 92 30 88 73 44 80 41 53 23 23 9 80 56 98 33 62 79 97 45 98 50 49 15 98 95 69 29 7 51 67 96 96 32 102 35 29 86 50 45 46 62 45 51 72 53 80 47 49 67 73 87 32 86
30 71 29 87 96 53 52 60 37 35 45 59 55 78 16 15 45 70 40 9 72 7 12 29 53 60 34 27 47 49 98 34 7 9 61 37 27 50 71 54 29 20 82 -2 66 80 95 50 83 28 44 37 76 -1 53 51 97 8 56 90 14 21 30 -3 5 47 4 96 73 96 42 20 90 55 35 85 70 82 64 29 15 59 66 33 39 66 19 89 91 92 6 93 80 65 37 5 20 80 12 16
19 27 6 54 3 89 87 31 79 67 44 5 99 74 102 19 81 87 91 70 94 77 29 57 100 97 3 23 99 19 76 65 55 35 63 87 76 91 68 73 27 15 81 21 97 87 43 56 7 91 23 7 47 76 32 48 30 48 98 41 48 36 48 52 46 36 5 73 64 89 100 96 39 22 87 60 96 11 16 26 84 35 79 8 98 7 33 11 9 100 36 34 72 77 91 10 11 17 60 69
101 -1 38 30 20 6 88 71 54 44 37 82 36 57 97 56 59 32 21 80 66 -2 30 4 25 52 48 73 38 25 73 49 69 9 57 16 80 69 16 66 73 7 4 76 76 6 79 64 82 53 55 59 49 31 100 85 3 96 46 1 22 4 5 63 87 51 50 53 68 45 5 93 91 76 101 53 47 42 100 1 56 0 73 80 79 93 83 30 44 6 12 6 25 7 56 83 25 37 60 11
50 23 31 79 7 74 35 34 100 11 53 95 43 76 38 29 35 12 82 69 69 47 24 24 62 82 23 12 47 100 37 49 89 42 64 57 24 50 96 63 93 1 101 16 22 100 101 61 52 64 33 47 32 47 81 94 15 47 66 81 71 50 9 45 79 66 57 69 23 33 45 36 15 73 79 32 74 9 97 82 61 57 102 36 13 59 6 93 69 25 18 19 63 90 94 90 76 38 46 40
58 55 20 10 36 65 98 39 79 43 57 12 36 93 4 25 21 0 64 51 71 66 5 95 51 15 24 65 70 79 85 12 78 54 77 72 84 68 91 67 49 -2 55 9 84 4 49 78 32 63 13 42 26 34 2 38 65 74 3 82 80 25 6 -1 73 44 44 90 37 80 67 57 73 60 69 85 40 54 10 68 42 3 74 46 97 73 4 21 2 21 83 0 68 47 95 42 42 58 8 37
54 29 6 11 101 5 76 77 5 25 15 86 55 94 31 81 48 44 30 29 13 21 69 23 87 50 5 25 96 98 30 10 19 78 70 27 41 81 63 14 97 78 70 29 88 73 49 26 5 41 43 7 22 55 44 71 43 43 83 82 70 98 72 70 22 9 43 5 92 72 77 48 35 89 5 65 11 54 31 6 44 87 13 73 64 83 32 23 93 87 31 65 78 39 64 44 54 78 92 31
92 27 86 67 44 61 39 67 98 14 80 65 100 0 78 16 51 -3 69 47 62 25 86 0 79 63 86 3 28 25 58 13 100 66 73 71 86 3 82 25 18 57 8 94 8 33 59 60 62 33 12 87 86 70 31 5 76 40 82 8 38 11 70 46 92 57 49 35 11 96 45 31 39 50 47 55 58 85 76 6 56 65 63 34 77 80 21 91 36 18 91 45 24 55 77 72 95 71 97 29
44 14 93 33 61 29 7 54 92 93 3 45 14 71 30 71 23 1 45 29 34 43 7 11 75 24 20 2 36 31 40 52 85 47 7 80 77 96 39 22 4 98 40 54 100 80 96 92 96 90 3 2 27 65 66 6 53 25 12 26 17 82 29 74 44 77 86 28 58 76 43 44 84 87 21 63 58 90 34 2 5 15 21 31 49 15 60 76 44 48 61 95 23 18 60 45 94 52 63 40
57 63 82 83 81 12 31 4 21 69 26 88 58 31 75 77 34 53 63 47 28 7 97 77 45 -2 20 80 53 93 49 15 50 23 38 61 87 80 68 20 54 14 28 63 59 20 56 9 62 96 2 25 86 36 49 83 39 18 49 13 88 44 5 72 87 89 76 27 47 13 8 61 18 3 38 85 22 16 42 53 26 13 35 68 15 63 18 73 95 68 33 31 46 9 36 9 80 11 47 88
100 89 12 44 58 1 8 48 17 98 17 13 32 98 63 38 83 67 5 32 42 62 18 76 14 56 7 32 11 17 12 42 36 61 47 3 21 66 66 58 36 63 92 73 20 25 64 28 102 4 35 27 78 49 56 35 87 6 92 76 62 87 85 34 88 47 44 3 95 12 77 78 89 75 70 67 10 72 57 66 27 14 35 38 22 88 68 95 91 91 42 84 82 92 8 63 41 5 70 42
72 59 17 51 17 94 24 39 70 25 84 95 80 1 10 68 89 17 37 82 99 95 81 80 62 5 50 82 68 46 25 94 42 49 81 93 44 60 9 54 19 50 23 21 5 83 67 16 95 74 27 63 96 59 24 92 51 88 31 49 96 95 76 92 4 36 9 62 33 77 86 5 43 41 19 37 32 20 44 32 84 6 17 31 53 61 21 72 84 57 64 77 87 30 3 94 8 53 40 -3
92 45 87 73 42 43 49 27 83 13 80 47 78 43 77 55 37 80 29 72 42 10 34 34 54 93 73 25 19 73 93 61 78 93 90 89 98 57 102 40 93 89 97 78 56 67 50 24 38 26 4 11 37 50 90 45 94 88 45 94 7 94 68 97 53 74 36 52 80 14 96 44 66 48 21 5 58 31 75 47 29 54 22 9 22 65 74 48 57 41 94 90 63 76 80 48 46 44 49 36
57 26 5 58 40 3 14 39 11 80 29 45 41 53 25 9 19 2 62 44 22 51 61 50 37 67 5 55 44 85 3 41 50 12 31 48 95 72 44 38 82 23 90 4 77 -3 89 48 88 96 45 4 21 -3 35 0 6 96 71 24 17 68 100 81 96 -3 75 5 69 62 65 18 55 91 29 5 31 85 18 29 97 85 19 56 67 30 42 72 63 35 49 72 53 3 78 59 52 76 57 87
16 14 37 25 32 61 28 33 54 43 65 44 45 91 11 51 19 38 84 89 28 43 92 43 34 51 41 10 13 91 51 71 71 39 60 97 62 74 19 61 27 15 75 97 82 90 26 1 66 85 77 40 91 89 79 7 19 32 17 30 52 17 37 14 58 16 42 91 95 7 55 4 72 17 57 82 78 46 21 95 44 32 39 22 79 46 5 33 74 91 43 75 5 6 96 79 7 85 83 98
55 42 97 66 81 85 77 56 2 31 3 92 69 27 83 60 43 61 79 34 4 53 69 36 53 22 16 41 11 70 91 -2 50 84 33 33 71 69 78 64 34 6 50 81 2 70 48 93 75 -2 55 87 32 39 94 86 54 32 29 56 94 51 21 54 90 79 20 64 62 27 25 56 93 84 60 22 29 56 43 48 44 55 81 25 82 63 16 2 83 88 67 21 11 18 35 94 46 75 46 35
89 77 74 64 3 67 24 54 84 78 32 71 68 54 87 8 4 100 22 61 6 65 51 87 78 92 93 62 27 12 29 1 25 32 66 71 67 56 19 87 71 31 23 53 95 17 78 70 9 40 88 15 69 96 101 72 10 39 65 49 77 8 24 60 42 17 48 43 88 44 40 70 41 73 8 20 24 3 75 37 48 4 17 45 34 68 70 33 10 39 72 2 10 16 75 87 90 53 18 54
91 82 40 31 68 72 2 6 44 39 57 31 98 51 93 79 9 6 4 25 54 50 44 5 56 60 73 43 2 0 91 40 90 11 6 88 68 14 26 89 100 4 53 34 83 40 67 -2 33 13 30 22 28 31 17 28 45 34 53 60 27 27 2 9 69 74 56 40 30 -2 5 11 80 -2 33 31 12 84 56 0 61 2 65 17 69 43 38 63 3 90 8 92 80 75 15 21 88 -3 62 20
82 94 95 64 32 88 46 32 54 63 85 50 93 85 48 100 41 25 9 18 84 83 30 49 30 83 75 48 20 77 98 60 73 94 30 62 100 22 69 68 25 24 34 5 14 58 3 7 33 51 42 5 18 12 76 5 97 8 72 15 8 77 10 64 91 17 4 84 96 29 89 60 12 59 30 15 71 47 25 50 89 58 60 92 93 22 63 86 92 4 44 6 50 86 19 49 98 20 68 99
84 91 5 72 9 48 48 -3 65 39 90 26 51 55 100 41 54 94 81 25 63 90 86 62 7 67 39 59 85 30 58 33 101 81 61 25 94 85 46 84 76 80 90 81 39 91 59 3 35 91 39 -2 87 74 6 30 37 59 29 53 72 29 44 78 88 83 93 93 14 69 18 42 5 44 91 70 44 19 50 3 5 -3 23 27 63 71 84 6 53 68 61 68 6 24 6 85 62 77 16 65
6 74 83 73 49 85 23 77 58 8 96 88 53 13 99 61 51 74 76 36 8 25 21 56 9 75 37 27 6 34 21 16 40 100 83 86 91 66 82 18 17 60 39 60 81 47 17 37 24 28 23 11 100 28 30 100 29 24 65 46 78 16 6 85 88 97 24 48 29 55 76 20 84 83 82 85 39 65 63 13 51 53 7 22 12 53 95 4 38 78 8 67 57 48 34 21 16 65 29 14
19 6 77 78 40 50 50 71 76 32 20 81 99 69 11 8 64 49 75 62 35 85 47 -1 5 63 6 6 3 8 18 4 45 6 12 76 14 23 84 24 17 10 62 46 71 66 23 58 3 92 90 89 90 65 30 95 61 17 74 50 85 15 23 15 17 0 67 87 29 56 44 75 64 44 68 82 50 72 47 96 7 26 30 44 100 32 94 96 47 86 56 57 17 39 9 23 89 83 29 44
79 69 57 80 24 9 67 61 90 77 53 41 22 69 15 4 77 73 20 43 19 27 5 67 75 35 40 46 10 97 40 17 23 5 73 6 63 48 99 68 15 51 41 46 13 9 58 42 62 26 102 73 21 28 74 86 66 89 57 6 91 44 85 96 17 61 61 86 82 79 11 80 54 26 45 9 61 62 69 61 61 15 58 90 85 26 33 72 78 13 85 43 3 58 6 41 57 94 15 55
17 81 74 32 92 61 42 64 59 14 76 10 4 71 45 6 39 4 88 19 41 23 69 25 98 60 29 20 55 80 97 30 76 41 24 41 58 70 6 36 56 34 74 76 38 20 21 56 52 60 44 90 29 79 27 12 57 79 33 -3 45 6 101 33 79 93 22 18 22 35 72 77 7 56 95 44 34 48 12 94 93 44 73 46 69 10 33 9 58 53 30 16 94 47 37 95 43 11 57 42
30 83 31 75 62 41 8 31 23 37 17 51 27 81 29 28 90 6 27 82 75 99 75 45 63 19 49 31 84 17 54 39 58 52 49 46 70 18 38 6 59 86 29 85 25 60 68 40 87 92 41 64 94 66 3 9 74 9 46 2 37 94 14 80 95 25 17 88 21 96 21 80 11 100 96 96 7 10 9 87 17 79 62 25 66 63 91 89 14 75 77 40 23 71 91 32 46 46 15 31
93 56 68 72 65 63 86 22 5 46 7 7 15 85 11 26 75 61 37 5 57 37 8 60 10 78 72 2 65 81 7 22 50 9 73 46 70 69 96 6 57 80 65 56 44 33 55 40 36 66 80 61 17 15 46 35 31 80 3 32 8 21 67 53 38 35 25 24 96 45 73 34 16 21 53 81 49 20 31 48 11 65 27 75 14 68 67 50 98 76 21 91 15 61 13 70 22 86 61 68
18 31 65 51 96 35 71 61 66 59 9 10 62 52 15 75 84 85 87 30 64 83 30 24 16 62 86 56 52 98 43 67 32 55 99 56 28 95 21 34 25 9 72 18 15 30 97 79 92 71 43 46 91 92 82 87 59 85 39 98 34 16 45 37 90 71 81 69 62 99 14 86 6 67 25 17 65 85 55 47 92 1 16 97 65 1 6 62 68 1 59 20 51 74 86 83 64 80 23 82
71 70 101 33 98 48 23 12 87 42 29 13 93 50 60 68 11 25 38 36 24 83 12 2 88 69 71 46 27 5 91 52 101 17 25 57 2 27 35 34 95 85 87 82 65 91 76 53 56 72 97 60 70 55 13 55 97 92 70 6 74 88 86 35 25 82 100 29 34 58 19 87 98 57 98 3 59 80 87 67 98 5 67 80 40 34 17 91 76 40 11 79 51 87 38 2 42 50 13 96
85 71 35 73 9 31 52 25 57 96 63 14 13 61 23 42 16 30 43 49 80 97 3 71 20 35 38 28 88 66 59 75 73 48 70 91 57 67 89 18 46 81 51 50 80 67 64 77 7 36 15 11 52 9 83 28 43 88 82 64 74 66 85 58 49 66 3 9 41 31 65 83 19 37 45 11 37 20 86 61 58 88 35 89 86 10 94 41 99 36 57 76 56 65 82 81 10 28 82 24
96 6 32 26 98 14 70 25 52 46 68 51 75 4 74 90 6 49 77 47 17 1 32 73 20 37 75 75 38 42 33 61 91 59 52 11 86 56 100 81 37 31 97 89 90 87 98 48 83 67 99 86 39 -1 91 88 4 47 67 83 78 24 94 10 49 91 31 82 36 27 89 94 62 23 100 83 30 12 4 34 56 64 93 40 7 79 79 50 28 79 79 52 21 2 68 50 96 54 77 61
56 16 43 20 15 10 15 66 31 82 96 39 3 28 41 44 74 34 80 20 67 15 38 2 28 83 6 47 28 80 89 45 26 15 98 71 78 85 81 27 62 62 75 39 13 56 60 79 39 98 16 12 35 18 77 77 70 3 17 29 11 9 64 21 57 72 44 96 30 71 56 23 88 93 65 31 7 38 36 35 14 13 78 89 6 70 64 61 97 49 97 32 98 92 36 36 59 31 60 38
72 36 60 64 46 81 50 48 61 27 64 55 5 68 69 30 50 96 58 81 33 58 88 35 82 68 30 61 39 8 72 45 85 67 38 66 51 48 52 41 74 70 26 48 32 15 90 69 99 54 91 71 93 90 62 44 60 13 58 6 32 8 48 12 101 30 53 89 27 69 16 40 44 21 85 72 54 62 31 14 37 5 62 22 24 71 23 78 35 65 16 27 43 34 10 14 8 90 2 29
62 78 40 84 79 26 9 99 43 28 101 35 16 51 77 90 76 12 44 100 31 15 29 94 29 58 70 5 80 43 61 31 89 57 8 42 33 87 17 57 59 94 80 34 90 59 93 5 91 10 17 58 44 94 7 52 86 78 93 3 23 56 42 7 92 92 71 92 63 4 57 44 73 13 94 89 89 55 6 34 27 20 46 72 12 14 32 42 88 48 88 42 59 73 97 11 37 20 35 93
10 87 96 20 96 12 13 72 4 96 51 34 95 6 45 19 10 8 65 14 27 82 22 10 26 4 26 9 24 12 81 0 17 41 53 70 45 47 85 42 101 10 30 68 35 59 75 75 75 15 89 90 91 32 57 46 6 69 23 4 74 96 13 9 49 30 35 40 28 46 76 9 65 16 67 1 97 93 100 37 47 63 60 23 61 40 12 22 76 38 39 46 29 72 25 0 62 6 20 44
57 22 55 73 61 10 89 64 72 16 68 20 44 11 98 20 37 60 53 94 87 28 75 7 85 89 96 40 85 44 47 79 81 68 88 45 23 46 26 5 24 76 16 36 54 80 93 41 87 68 5 33 62 92 96 47 45 8 7 75 24 91 43 49 53 18 69 41 74 70 42 9 66 88 8 35 60 52 46 82 19 40 91 33 32 71 81 45 4 40 92 90 100 78 70 48 16 3 68 55
63 49 90 0 51 33 88 43 87 52 24 28 85 7 97 95 80 33 78 13 50 55 101 50 8 11 97 35 9 36 8 77 31 60 92 3 89 23 65 48 71 87 48 77 2 81 61 72 27 74 5 70 100 65 2 4 98 27 2 65 15 48 68 55 98 59 39 92 88 54 17 78 54 81 4 40 3 59 82 9 24 0 61 5 50 84 92 77 86 38 86 6 10 2 4 34 82 12 21 2
29 19 23 45 8 61 76 14 9 94 62 31 88 79 68 5 58 57 48 21 86 34 29 21 59 78 3 67 37 47 87 49 48 11 23 70 78 46 4 39 28 57 64 41 48 74 39 65 49 74 93 58 69 76 56 39 23 49 56 20 14 100 12 58 65 94 99 84 57 88 76 24 84 60 11 61 31 54 69 70 47 55 92 90 46 60 43 93 98 13 65 28 59 33 15 61 23 60 81 10
79 7 32 52 62 67 89 76 54 77 53 62 27 13 74 93 80 57 32 37 77 21 63 52 23 40 76 68 53 24 79 86 43 84 7 52 85 68 92 30 61 39 26 63 3 83 74 65 18 22 83 34 37 57 68 83 4 1 99 10 73 65 44 29 57 41 80 54 10 29 81 6 69 12 27 89 26 35 100 72 47 82 47 17 48 10 58 42 8 34 86 62 101 44 46 85 8 74 67 4
56 20 74 80 48 41 97 20 16 50 36 49 81 96 60 25 13 4 71 38 44 6 43 27 99 2 81 47 65 12 34 91 49 20 60 49 21 33 87 74 19 89 49 92 67 92 67 26 28 24 30 16 33 32 4 20 43 32 5 60 89 72 20 85 101 96 36 42 97 10 7 28 90 22 48 19 21 85 73 96 69 1 98 75 56 43 94 7 16 29 91 94 88 80 11 34 8 65 74 4
16 46 88 37 92 44 40 10 87 66 14 -3 5 88 50 65 11 37 100 29 22 12 10 93 87 82 17 48 70 95 3 27 35 71 78 13 36 56 38 12 19 59 55 8 36 90 76 46 10 88 83 -2 37 21 42 -1 22 12 87 46 48 54 29 20 23 48 53 78 26 24 70 30 90 62 10 38 49 85 5 35 88 45 96 65 68 88 100 48 62 42 40 83 32 34 69 70 89 27 62 95
47 8 27 77 27 54 93 14 12 8 61 19 45 95 50 60 53 78 96 42 56 100 27 45 44 52 18 57 43 94 92 93 67 79 34 22 65 86 88 47 79 23 26 47 11 11 81 17 74 16 17 97 100 82 16 35 57 33 30 73 59 44 61 18 70 97 43 94 39 44 51 72 33 59 60 1 38 69 65 72 3 86 35 71 39 20 3 17 52 61 41 97 91 6 31 32 9 88 54 80
84 92 26 65 44 37 8 44 11 51 41 36 71 5 39 65 86 37 48 55 85 15 101 53 93 54 56 6 89 45 58 62 79 78 4 32 60 50 66 27 93 4 67 32 60 65 91 93 70 73 34 5 96 65 41 38 76 88 43 68 72 84 11 90 91 23 82 69 11 31 48 86 84 85 97 25 18 56 10 28 100 78 51 92 20 49 60 27 80 87 44 44 6 76 20 49 75 77 70 92
55 92 89 6 17 81 86 2 7 62 77 25 71 91 11 62 47 27 36 46 81 38 76 55 83 54 73 86 69 79 13 82 30 40 70 65 66 100 20 57 67 30 66 22 78 85 73 8 92 11 66 34 15 45 57 5 15 3 72 29 36 27 31 28 52 72 71 50 92 43 69 29 11 25 6 13 65 1 17 73 94 64 31 71 32 13 77 43 46 13 16 70 20 20 4 39 17 43 46 60
6 54 65 29 43 49 59 1 95 45 19 32 42 90 84 86 75 4 89 95 76 27 83 31 28 71 60 45 44 89 25 50 59 29 11 32 4 40 30 19 51 65 66 38 27 77 62 36 83 68 25 70 24 38 60 -3 46 91 3 50 34 78 37 10 56 17 4 47 34 39 96 25 50 96 91 48 7 28 26 58 13 48 36 45 3 78 80 27 62 53 57 72 59 54 63 37 96 75 89 54
69 36 65 75 95 85 30 26 17 60 21 93 98 58 60 13 26 73 97 33 32 24 44 57 69 49 12 68 39 38 45 48 55 93 56 75 38 91 8 15 85 86 67 2 20 42 11 28 36 80 74 50 60 83 73 69 35 77 20 9 93 99 79 97 99 46 10 2 87 66 55 95 87 68 73 37 17 7 101 5 67 98 11 68 10 9 73 55 5 98 77 20 31 49 64 55 31 81 21 14
22 3 33 15 18 48 75 5 7 32 76 13 17 54 83 49 37 43 33 88 97 66 79 90 30 3 88 70 95 56 89 -3 40 59 5 82 96 51 99 94 45 47 88 26 62 63 14 8 49 29 81 78 7 38 5 73 39 88 36 44 77 67 8 54 27 60 9 48 78 59 48 75 93 87 78 55 77 58 70 75 86 21 75 60 44 66 12 10 62 11 89 82 35 94 71 81 55 59 81 46
19 61 19 80 29 21 102 54 100 98 76 26 34 68 32 54 99 59 67 9 81 3 61 6 78 18 99 11 5 19 80 45 36 90 34 59 69 62 66 7 5 55 63 100 50 82 70 10 20 27 94 27 87 36 42 56 51 24 100 40 6 91 51 10 17 19 12 12 26 48 94 83 15 74 40 81 31 74 86 21 36 96 52 1 57 21 88 60 59 71 55 27 16 68 17 28 40 53 55 100
83 3 21 79 27 13 85 68 93 71 48 14 86 5 36 80 30 80 19 82 7 43 20 70 10 10 77 12 21 53 56 0 95 64 11 15 72 46 66 4 81 1 29 15 88 66 3 3 35 87 49 42 70 69 62 54 9 46 55 76 97 10 47 4 21 88 94 24 92 49 86 88 97 51 39 83 16 5 19 77 22 82 43 8 84 19 11 70 17 41 48 86 13 96 52 96 69 24 34 1
46 54 52 56 69 9 10 25 20 74 43 4 31 66 89 63 65 69 50 12 101 50 20 84 55 87 83 3 80 93 24 57 42 90 67 48 23 70 85 86 58 44 15 12 77 73 8 56 52 59 10 55 78 44 3 90 95 75 48 31 28 82 94 89 92 91 56 41 3 34 52 12 62 75 98 42 74 12 82 21 74 7 18 1 47 6 44 81 69 40 95 66 47 96 65 10 93 88 7 72
94 65 78 -3 20 56 14 20 64 90 7 76 45 14 39 12 26 18 56 49 72 12 70 62 84 96 4 64 30 44 37 96 92 27 95 92 93 20 32 -3 95 5 73 90 84 33 69 -3 29 1 9 17 89 91 11 90 79 1 24 2 12 30 94 92 78 0 88 91 47 32 61 64 98 9 66 32 51 15 38 90 57 42 37 50 36 57 55 66 61 66 93 42 22 87 73 43 30 52 21 92
20 54 77 42 9 55 100 79 23 23 40 95 27 92 72 18 40 36 81 55 82 42 82 96 101 52 59 1 61 33 87 55 102 85 75 52 6 14 67 24 78 41 92 13 7 41 7 59 34 62 70 52 64 1 27 85 49 76 96 21 68 71 76 81 51 83 47 59 78 71 20 42 25 38 18 38 98 71 81 1 87 6 98 39 82 51 22 18 63 4 88 74 25 27 78 48 34 59 80 96
9 -2 75 39 36 24 52 38 23 86 89 71 49 79 44 17 62 18 36 57 86 43 10 39 88 48 101 26 78 18 82 32 101 96 41 71 21 66 78 96 55 4 18 65 28 12 36 7 13 -2 57 44 93 89 64 56 29 64 25 69 68 46 36 80 6 7 72 37 19 86 76 39 55 38 5 2 85 3 3 33 73 88 53 9 89 37 34 65 94 84 66 74 53 69 70 91 93 9 49 44
14 27 14 26 50 35 23 44 65 46 75 68 93 92 67 52 50 64 94 13 89 53 82 16 82 96 66 16 43 2 82 74 80 7 46 29 23 12 92 5 38 36 87 69 31 100 31 100 66 90 17 41 81 88 90 72 66 35 75 54 55 14 37 65 49 38 54 84 40 51 15 24 81 47 25 85 91 51 12 43 32 12 29 51 46 100 18 3 72 83 79 65 94 68 96 55 5 32 99 16
94 82 36 23 71 91 82 37 66 62 73 46 50 21 70 38 11 76 72 24 23 0 59 72 53 33 28 7 100 51 2 18 77 25 28 30 19 40 56 72 20 37 70 26 61 77 98 5 55 46 44 44 47 42 4 21 44 35 3 2 99 90 57 67 73 18 101 78 5 32 54 87 90 43 66 13 95 75 100 43 2 13 23 74 27 77 26 23 9 53 12 7 48 55 58 17 83 10 38 77
66 42 34 39 11 65 69 75 60 69 41 92 63 67 51 14 98 74 20 68 64 82 24 18 63 2 58 74 69 56 57 89 85 41 69 21 70 40 3 33 37 90 31 79 93 77 88 25 52 71 33 23 62 84 66 81 54 63 50 44 24 30 90 10 22 26 34 19 83 65 100 42 23 30 23 30 76 47 21 61 77 16 74 95 84 5 27 94 64 46 75 62 73 1 3 28 61 26 23 51
99 79 12 56 75 1 31 57 30 66 76 95 19 85 27 83 53 72 85 76 38 7 56 90 89 80 21 48 83 61 81 47 29 21 59 51 2 73 75 21 47 10 72 -3 74 72 18 86 77 59 66 8 19 -2 52 87 45 50 100 91 70 35 75 68 91 57 89 39 59 77 50 63 46 36 92 3 87 55 75 -1 10 31 15 59 62 83 42 60 76 60 99 73 21 13 75 15 96 76 73 41
86 88 20 13 57 31 79 49 3 26 39 74 42 57 7 72 80 36 33 82 87 99 102 52 12 72 72 100 45 5 22 67 58 90 38 79 32 66 61 87 16 21 85 67 16 12 71 39 6 14 85 92 61 48 42 54 59 30 15 9 57 13 23 9 70 6 93 9 79 96 98 78 68 2 76 55 67 40 50 50 95 4 79 75 17 6 74 83 26 55 74 28 24 100 15 2 41 21 76 36
18 63 54 58 50 31 37 35 88 7 73 13 38 53 93 9 75 -3 49 93 44 40 28 55 87 55 72 57 41 38 77 62 69 45 99 70 49 6 58 82 20 13 66 49 3 54 10 85 55 36 31 42 68 61 84 75 40 81 25 63 54 81 6 87 55 1 24 86 101 76 17 96 64 88 73 59 7 25 50 8 95 81 29 16 40 95 5 12 54 7 101 78 54 77 33 20 41 71 97 81
83 28 33 13 26 53 20 70 5 47 28 65 99 58 61 26 98 27 84 60 32 59 89 74 8 15 61 60 91 88 29 23 20 58 37 1 74 73 82 55 10 93 32 77 7 58 32 92 92 31 20 87 85 23 31 79 10 81 20 65 45 5 75 76 30 10 83 31 38 71 99 28 38 22 38 26 96 17 51 89 43 19 47 16 35 78 42 84 37 72 86 81 41 73 57 55 77 1 65 20
15 30 94 26 72 58 35 52 92 71 65 84 8 79 58 87 44 4 47 29 30 78 25 63 37 18 10 78 63 87 69 33 20 55 40 39 60 33 87 26 29 72 19 30 87 68 79 77 65 61 54 58 97 43 70 55 79 65 59 71 40 67 55 9 39 17 25 39 28 5 12 -2 6 93 38 41 42 -3 52 10 21 44 38 51 43 -2 2 52 74 57 11 59 43 80 49 80 28 66 64 66
28 56 89 18 94 96 43 45 49 75 47 30 102 11 63 29 32 64 81 28 9 39 81 25 56 61 78 64 23 48 29 20 99 63 92 35 51 90 79 11 67 44 3 62 99 92 17 39 57 45 84 58 77 17 37 54 95 90 10 31 82 29 96 65 68 50 46 74 72 49 83 49 48 79 92 38 54 75 87 13 55 84 79 97 40 6 78 47 22 4 41 46 49 98 33 4 66 15 11 89
57 24 64 96 52 75 8 9 36 58 45 8 32 1 18 50 12 37 27 15 83 93 89 94 44 28 95 25 64 3 85 67 11 10 15 59 99 92 76 21 47 87 67 3 25 2 58 3 69 50 58 37 68 66 25 63 83 26 62 15 54 19 43 64 63 95 50 44 46 87 96 68 46 51 72 88 73 59 101 30 79 46 37 2 98 82 15 16 7 47 87 61 29 26 84 28 10 82 59 48
82 9 101 18 3 70 91 16 31 72 69 82 62 31 102 17 38 73 8 26 57 83 76 13 12 11 26 97 93 7 100 61 53 85 48 23 74 46 54 38 95 98 95 47 74 25 55 99 29 31 24 99 58 37 90 33 87 41 98 74 86 77 3 78 15 70 34 97 8 2 15 14 61 70 45 85 19 54 90 44 57 75 92 66 38 71 80 17 80 77 87 78 27 70 10 71 6 85 28 80
71 87 84 -1 4 79 61 50 77 14 37 66 37 -1 91 54 64 21 37 94 43 82 84 67 56 14 31 52 43 -2 40 45 101 57 101 94 86 33 33 65 68 6 36 7 23 80 34 23 13 93 71 93 79 87 75 37 92 30 38 87 52 38 10 40 81 28 24 85 82 89 90 83 32 48 35 29 47 72 63 87 54 29 15 86 76 35 40 94 23 60 61 3 11 4 14 22 47 2 43 34
41 62 25 27 37 60 13 71 79 63 78 99 68 48 56 7 84 3 90 98 33 65 37 62 29 35 11 54 12 97 29 97 58 7 29 95 17 27 25 97 13 25 82 23 87 68 85 50 3 100 22 91 43 97 60 11 41 69 100 93 17 86 90 32 91 87 75 54 25 42 77 2 84 27 69 76 60 1 80 41 101 41 3 95 88 58 74 14 38 72 12 40 13 6 73 85 84 9 3 1
24 17 27 16 99 30 11 50 37 25 9 84 61 -1 76 92 7 22 76 54 9 44 22 80 60 38 75 54 23 12 41 85 91 70 101 52 3 50 96 2 97 24 59 83 47 17 93 63 72 36 62 8 26 94 89 74 59 67 85 13 21 90 53 50 48 89 47 57 63 94 71 16 73 7 87 31 93 13 70 19 25 92 75 -1 31 92 18 49 95 7 52 25 17 7 5 76 26 55 3 9
82 79 19 48 27 96 6 81 30 43 72 89 56 73 97 14 69 95 47 40 25 4 73 17 15 70 61 83 49 87 98 35 31 22 61 42 32 3 78 93 17 51 16 2 95 84 57 19 32 51 62 29 74 27 14 44 27 99 101 25 36 84 70 33 19 7 83 25 95 71 55 58 20 97 9 31 36 52 69 23 38 83 36 49 63 15 47 22 69 58 71 48 40 38 22 62 71 31 87 80
94 96 25 91 101 51 100 27 83 5 88 46 26 40 91 66 65 23 21 39 52 72 45 31 8 24 85 8 48 1 62 69 40 18 95 4 37 64 66 6 22 14 2 33 86 25 89 30 80 14 53 34 27 -1 27 92 62 63 28 20 78 62 93 83 72 92 94 47 58 18 15 30 11 25 34 61 100 -2 41 7 38 49 40 55 26 2 65 76 7 57 66 28 21 13 81 93 67 20 98 22
23 37 22 44 12 51 84 8 27 46 49 78 25 33 5 88 55 69 99 12 68 95 20 19 53 93 93 60 83 96 94 4 6 95 82 10 23 51 83 9 88 48 67 23 34 54 60 70 87 31 26 50 40 49 80 15 78 56 43 27 21 60 43 67 19 84 97 3 64 80 84 87 5 96 91 76 49 90 101 70 7 46 3 74 87 35 14 8 70 4 87 95 20 14 3 84 54 69 80 91
64 22 70 54 42 5 72 60 41 88 22 51 56 62 58 94 35 54 79 76 27 12 55 61 66 22 43 96 47 87 86 62 85 80 90 84 83 90 57 83 101 26 61 2 17 47 40 -1 17 1 79 71 66 14 98 37 41 73 6 57 79 86 76 85 68 55 16 67 27 13 44 26 85 37 58 42 20 3 87 -3 26 52 29 84 27 66 66 38 74 27 82 54 87 45 90 65 3 89 33 26
17 12 81 85 100 14 55 100 71 37 20 20 100 23 60 78 17 87 4 49 44 28 16 97 10 65 58 55 28 9 47 43 84 8 72 12 96 94 7 79 6 34 62 13 28 14 35 4 64 74 84 70 87 3 34 94 55 53 34 64 45 94 18 97 28 82 17 15 6 17 25 86 80 86 85 96 91 17 3 98 10 98 53 31 41 31 101 98 94 60 49 28 73 91 24 60 12 34 79 47
88 58 44 46 59 9 79 7 10 11 66 39 21 68 8 92 4 89 93 29 78 11 99 63 13 29 45 85 89 92 67 38 10 34 15 79 67 18 45 3 44 20 86 94 25 72 101 4 37 69 14 67 83 -1 48 85 51 80 73 47 51 53 54 65 45 80 19 62 25 95 17 53 83 47 94 24 71 92 60 51 62 71 8 22 77 55 60 10 71 15 47 73 101 10 11 6 4 -1 7 48
44 9 5 87 94 91 52 74 18 89 42 65 17 66 27 73 14 92 57 18 8 27 15 39 58 57 77 68 90 20 74 1 22 40 61 44 71 30 11 40 45 73 8 22 7 49 101 100 46 29 99 12 14 27 13 52 70 65 36 91 64 63 38 40 82 55 83 78 24 86 25 7 89 47 26 6 9 52 48 68 76 92 98 40 60 28 85 98 78 37 43 36 64 65 72 45 22 80 28 55
86 71 60 70 7 21 95 61 73 44 99 12 18 85 40 93 49 93 10 78 79 42 55 34 20 -2 31 41 97 9 54 86 49 89 50 13 66 4 96 0 74 -1 57 71 98 38 54 80 73 61 71 0 32 15 98 21 12 40 31 57 29 56 100 7 18 29 68 83 47 68 70 -3 66 34 69 15 63 25 82 74 75 41 28 60 78 30 50 36 45 35 31 54 29 86 68 41 99 16 19 12
88 83 16 54 82 29 36 28 31 58 95 34 49 89 39 87 93 55 63 1 55 19 53 35 60 25 53 28 5 74 70 59 43 39 15 45 39 22 36 91 51 65 18 2 59 58 89 76 57 81 89 75 28 31 23 24 13 45 79 39 89 99 91 60 71 35 88 31 86 77 85 21 8 34 97 82 90 27 55 86 58 26 58 91 65 92 40 32 15 25 76 67 7 94 34 39 46 55 68 66
63 37 12 1 30 41 68 91 14 1 86 27 15 17 55 57 48 69 64 87 59 88 72 85 98 88 26 2 95 80 96 34 100 32 64 66 39 43 79 78 89 83 20 -1 31 39 39 38 50 1 35 43 61 11 11 85 94 17 97 -2 60 52 58 36 21 78 34 75 15 48 8 21 79 27 12 27 57 67 80 8 59 4 14 60 38 4 100 85 54 89 19 57 83 7 25 56 87 35 16 53
89 60 32 1 3 57 99 53 4 58 22 74 32 48 47 59 15 66 76 11 21 15 89 100 19 92 35 1 70 77 83 28 60 4 97 49 98 69 82 19 56 38 70 88 67 22 60 59 53 29 101 62 5 30 18 35 73 59 90 20 26 68 92 92 42 23 37 75 27 12 40 19 28 57 7 27 15 58 74 84 9 60 87 50 98 74 58 17 61 28 86 97 26 8 13 16 30 59 101 70
90 35 62 29 34 15 28 48 100 49 44 52 14 56 31 10 99 65 52 95 97 34 62 24 89 52 81 54 91 75 6 57 79 13 12 2 95 67 10 18 77 21 34 24 79 94 95 83 80 28 3 17 9 40 75 37 46 3 80 7 89 17 27 82 40 45 6 52 50 -2 92 15 101 90 97 45 25 70 94 81 65 13 72 27 67 25 3 34 32 83 42 67 17 63 100 85 76 23 30 88
19 75 96 9 41 92 101 40 40 1 15 13 42 71 3 17 54 45 69 64 101 66 77 37 75 38 54 47 68 3 73 74 66 76 58 13 93 91 61 6 57 15 66 6 90 27 66 76 45 82 90 99 62 6 27 28 58 21 65 16 12 93 82 83 7 94 97 22 49 61 17 66 62 13 44 85 47 15 36 1 25 56 58 71 52 31 49 30 76 9 47 6 6 100 56 27 29 26 3 17
59 48 15 11 24 2 26 44 89 94 87 91 20 22 38 3 16 13 10 60 94 75 49 76 31 60 52 61 42 -2 46 27 48 93 33 -3 51 4 96 74 39 34 18 8 69 29 94 86 33 10 29 81 6 80 99 70 84 35 20 57 54 39 22 22 30 42 13 36 68 40 83 75 99 76 95 15 96 64 40 57 46 83 19 -3 24 77 46 46 16 86 63 53 64 27 7 93 68 21 35 38
27 86 35 38 13 67 29 86 36 61 16 28 32 89 72 17 96 71 57 69 6 23 24 81 97 22 54 4 52 10 5 75 31 11 6 12 45 76 70 2 60 96 86 15 90 50 60 6 46 76 11 85 57 27 91 66 41 67 99 25 94 41 70 43 97 84 89 37 92 82 33 10 47 57 70 24 58 100 68 6 51 35 43 74 18 60 42 7 32 69 5 34 66 48 63 97 34 72 48 65
17 42 45 71 62 81 89 26 51 5 43 35 25 19 90 76 31 33 95 32 48 56 22 8 44 7 68 62 42 68 93 20 8 20 16 67 78 73 48 95 29 57 81 52 46 0 86 85 100 63 3 20 34 -1 80 67 91 33 14 13 56 75 77 3 60 6 38 94 101 92 26 25 81 37 20 6 89 91 57 22 88 89 54 3 53 18 95 6 56 67 86 32 89 58 9 75 83 90 9 12
42 16 13 15 48 60 79 48 101 70 58 81 39 74 16 37 57 55 14 96 102 27 72 36 19 78 7 16 40 53 78 15 94 83 52 47 53 97 4 32 90 80 31 56 20 82 87 62 87 33 75 68 59 40 22 91 91 6 57 65 101 58 18 98 54 11 22 22 76 66 52 88 49 97 87 40 100 26 90 24 3 80 94 68 100 50 51 94 51 7 18 31 28 22 28 3 54 94 34 90
37 6 95 67 90 85 9 1 39 3 79 83 24 39 84 90 48 6 45 35 100 0 36 81 86 46 48 31 23 43 59 12 17 20 48 61 23 11 94 28 16 83 74 84 12 45 89 77 99 12 11 25 75 96 92 0 76 33 19 28 76 70 81 76 90 88 20 -2 40 48 98 54 66 90 20 11 62 73 48 0 75 57 33 5 56 0 67 26 90 70 40 53 24 52 66 83 95 60 100 0
38 34 26 51 60 42 78 9 35 64 85 11 102 21 76 24 91 95 40 55 99 88 81 10 11 70 71 15 23 43 53 60 57 29 36 7 96 88 25 89 100 34 16 74 13 58 89 4 56 5 7 34 59 8 91 67 76 25 63 78 28 6 53 16 56 37 72 74 22 1 100 3 11 50 99 74 74 50 60 66 38 30 24 21 47 44 59 43 40 32 75 20 78 50 39 97 98 7 22 1
81 60 58 4 8 89 86 94 39 49 73 51 34 58 80 26 16 4 80 82 18 88 79 29 7 52 89 48 74 87 98 7 88 -3 60 64 44 61 20 73 26 72 5 90 88 47 90 13 86 44 55 80 58 12 90 94 16 86 30 25 44 3 48 96 15 20 75 79 23 14 43 31 18 89 37 70 43 84 13 93 44 6 10 7 96 55 87 50 79 12 63 57 2 41 80 56 22 7 24 36
89 3 36 72 94 68 102 55 20 15 101 78 82 27 49 88 51 91 69 87 90 39 16 95 76 83 27 29 100 4 36 90 11 56 80 67 75 18 44 6 28 58 58 21 55 33 21 69 30 86 24 51 21 81 25 34 38 36 22 62 39 35 33 48 19 94 50 9 9 91 17 56 91 89 51 25 66 95 24 63 70 37 39 9 18 67 38 7 52 29 12 32 31 76 43 22 48 46 24 50
69 66 96 79 6 5 15 36 72 79 23 61 97 95 18 94 14 45 45 62 42 88 86 47 84 9 29 60 11 3 22 83 84 6 24 14 22 54 8 2 23 47 101 23 14 47 40 22 70 43 31 0 85 78 34 17 74 45 62 41 4 12 72 62 84 86 73 75 46 44 73 1 13 50 30 36 12 87 27 79 35 14 54 -1 26 29 29 3 14 21 90 54 23 54 94 7 87 90 37 25
75 25 37 57 70 85 68 57 9 48 50 91 43 54 49 4 26 23 32 34 48 75 61 46 20 92 17 80 96 23 52 59 47 52 27 25 60 36 81 23 4 27 54 65 20 94 59 100 23 75 24 13 73 96 49 51 71 7 13 43 24 19 28 95 27 18 21 54 25 85 96 45 77 69 9 6 33 72 86 60 32 79 67 86 90 51 24 92 79 97 67 88 53 25 31 34 10 72 10 28
39 7 68 77 89 42 83 18 48 84 73 66 62 32 83 0 67 91 27 64 101 62 59 49 7 64 58 94 51 81 98 58 95 28 82 46 26 73 50 63 23 92 9 5 55 27 64 17 45 19 89 76 92 51 85 72 57 58 68 13 24 30 21 3 7 59 71 72 57 61 7 6 22 23 53 35 59 29 100 17 51 41 62 85 82 94 84 73 45 36 12 38 97 4 89 88 50 6 69 46
22 67 32 25 56 31 93 28 17 14 38 66 46 87 79 88 74 97 13 65 42 12 7 72 43 47 58 80 17 76 81 19 44 80 54 11 45 49 19 97 85 93 65 68 98 18 38 5 70 25 27 66 16 47 21 15 65 98 21 55 100 6 77 98 66 63 58 33 11 3 34 88 80 17 14 87 79 95 17 32 19 59 97 75 46 74 97 69 57 1 34 37 4 41 24 16 11 72 11 89
92 10 79 53 42 45 96 54 81 39 5 69 91 22 46 37 40 17 87 28 82 96 55 7 74 10 25 69 73 23 9 0 84 49 89 -1 35 90 61 32 71 50 65 16 81 84 16 63 94 61 29 31 79 69 18 93 61 53 98 27 24 2 60 40 2 -2 70 -2 54 43 74 68 53 6 17 57 24 39 53 41 67 12 24 94 90 94 22 22 100 35 70 27 55 54 77 57 71 46 3 83
78 61 27 10 72 35 52 99 54 49 19 5 81 26 65 13 21 30 57 59 22 32 100 30 34 41 8 61 43 15 76 39 31 48 64 11 24 69 58 10 71 83 34 98 50 12 70 54 14 17 43 20 84 96 28 64 94 95 83 92 35 84 32 7 81 99 49 1 18 70 93 15 45 18 38 2 36 24 57 8 64 31 3 57 30 92 45 41 47 25 99 66 94 85 55 55 54 31 41 46
33 32 61 80 37 20 78 45 20 12 25 29 40 23 57 24 77 15 97 46 17 20 9 -3 89 73 70 28 78 56 100 46 24 55 28 57 54 93 26 76 12 54 83 39 47 25 44 9 23 75 3 -1 8 1 60 78 26 70 75 64 52 94 25 73 37 93 52 15 16 10 11 23 72 63 80 9 3 38 59 43 74 57 2 -2 84 72 32 58 84 79 90 89 40 67 6 96 58 69 47 29
59 8 87 17 65 59 77 14 44 79 32 87 12 56 28 21 85 25 23 75 82 77 40 82 84 73 9 78 83 6 66 84 58 75 18 100 38 37 38 70 56 30 15 90 72 95 5 29 60 36 43 76 70 90 56 28 53 32 79 49 13 55 11 83 80 100 95 4 22 93 47 42 32 36 8 33 54 11 75 19 33 32 47 13 43 29 9 35 8 11 78 58 81 97 74 27 53 10 72 20
61 35 46 28 48 6 98 37 55 20 40 79 88 35 79 12 83 21 59 38 95 21 38 -1 91 21 88 66 69 49 29 93 66 62 11 18 78 57 33 49 33 53 41 88 82 75 54 12 21 95 37 57 67 90 47 6 94 73 22 27 9 -3 64 79 86 19 28 25 11 55 16 3 81 70 48 11 79 77 55 83 28 53 47 52 19 7 50 27 82 78 82 12 87 74 2 66 16 22 26 80
20 20 20 48 44 39 90 59 16 27 59 12 30 6 97 34 66 41 87 65 9 37 54 70 31 14 35 79 25 86 5 49 30 13 37 70 47 8 95 28 84 14 88 77 47 100 50 64 26 41 46 13 39 7 55 57 77 23 84 66 102 68 11 40 34 96 49 71 59 36 73 19 44 49 86 88 62 10 6 26 46 7 49 45 14 51 31 57 95 5 93 47 41 71 25 92 18 72 19 44
71 16 2 25 65 53 19 6 3 11 4 76 42 46 53 -3 53 65 55 93 41 71 32 52 38 30 77 34 20 76 10 78 13 57 63 -3 84 28 5 38 68 19 55 57 67 83 93 12 76 76 73 95 28 13 50 21 24 66 94 15 6 96 37 18 77 42 79 79 89 90 58 95 57 9 90 95 3 64 27 61 43 18 54 56 28 58 22 82 12 14 59 13 81 83 25 95 84 64 89 15
El programa tardó 41.348934173584 milisegundos en ejecutarse.
