75 44 18 78 20 43 66 37 28 97 55 4 69 69 41 54 89 4 77 37 73 4 3 3 25 58 61 90 18 93 11 92 78 24 77 18 64 14 60 9 26 16 30 64 43 68 7 98 68 90 59 50 96 67 94 20 79 45 100 35 13 27 5 9 18 7 44 70 81 41 98 12 84 29 58 59 36 100 80 83 57 39 47 94 82 79 33 49 78 25 64 14 19 15 101 88 36 17 21 19
95 33 96 81 75 24 29 23 83 15 94 35 57 54 89 74 23 75 101 55 4 62 9 85 3 39 37 52 37 58 4 33 75 30 76 20 88 89 40 23 96 69 100 70 27 4 84 48 71 84 85 47 44 17 98 66 33 72 27 60 82 27 92 47 71 54 68 81 11 38 2 56 10 25 76 18 82 3 86 88 95 84 94 63 96 86 28 60 32 96 77 50 97 3 9 34 87 23 47 1
60 2 82 28 60 32 68 31 21 66 54 7 59 36 9 24 6 7 74 34 69 86 39 52 21 17 64 46 75 70 89 50 22 16 56 2 77 78 54 63 82 44 15 71 29 96 44 81 20 51 61 89 72 82 88 88 59 98 26 39 50 77 50 91 27 62 100 33 18 22 32 22 17 29 56 82 4 100 52 20 76 88 66 99 63 30 22 32 86 88 31 70 33 68 79 100 47 8 97 71
11 -3 31 11 97 38 44 40 72 28 34 56 8 26 39 31 17 -2 89 65 49 48 8 67 23 88 45 71 13 77 75 17 30 86 56 21 38 70 63 70 92 33 93 86 83 20 51 27 59 69 37 81 21 15 38 75 88 46 99 84 63 71 65 15 96 80 43 18 52 31 81 36 93 52 96 29 55 58 63 69 61 0 89 84 50 49 27 75 80 34 50 55 15 65 87 28 98 87 51 83
28 44 46 10 12 86 74 31 50 24 32 15 93 62 46 48 62 50 15 73 83 23 78 54 59 80 59 86 47 73 77 70 29 27 93 45 45 62 34 55 78 35 21 19 73 62 8 66 68 52 99 78 76 38 60 9 79 41 33 17 44 88 92 72 24 52 96 99 30 70 15 43 63 57 61 16 62 29 33 65 8 94 93 44 32 3 32 78 5 95 58 49 86 76 7 43 40 89 31 55
51 74 47 54 4 94 14 93 72 86 5 4 14 67 4 0 29 73 71 3 77 19 60 90 84 52 55 14 38 79 63 81 72 95 55 74 58 48 76 23 6 88 42 37 3 30 40 33 2 17 2 28 46 94 59 77 22 58 17 67 18 64 70 23 85 70 71 0 50 56 97 80 15 37 15 54 87 3 32 65 2 2 26 -1 91 49 98 -2 18 83 45 86 42 92 78 -3 101 73 80 93
102 98 28 23 89 65 3 95 18 30 93 94 96 24 82 32 70 86 4 97 35 69 38 89 89 89 31 33 45 59 94 39 96 93 95 67 66 9 65 48 46 33 94 15 77 45 25 70 86 83 78 50 97 90 21 31 33 28 80 21 94 99 41 21 57 54 99 17 71 51 50 14 19 23 72 17 18 80 37 97 86 70 99 16 44 6 64 87 44 53 3 13 29 92 89 49 62 40 35 95
76 34 10 53 88 1 56 58 31 80 58 52 84 81 65 70 2 94 19 11 18 95 44 12 18 55 88 82 72 42 41 4 91 52 63 1 55 28 23 8 66 73 42 90 6 78 51 1 89 50 86 59 26 43 82 25 21 74 42 4 92 9 75 30 68 14 60 56 32 58 73 64 23 84 41 36 58 48 93 85 31 63 96 -2 95 8 17 -2 17 45 101 89 56 68 3 36 44 78 90 44
34 64 40 48 102 32 10 98 25 76 98 38 17 70 27 78 8 44 93 17 65 74 84 32 32 99 34 17 4 91 7 80 92 29 10 77 63 1 37 78 91 1 80 41 69 82 43 91 28 60 35 97 79 68 17 64 57 7 55 49 60 38 75 50 95 15 89 9 27 91 7 40 89 35 24 48 46 92 55 6 61 3 18 40 39 94 10 37 99 60 14 99 71 57 51 46 55 20 70 73
91 42 79 62 65 74 65 59 65 55 15 69 20 19 57 70 18 16 49 91 35 1 12 19 75 35 82 93 92 67 44 40 69 27 97 60 83 64 3 74 52 37 24 86 43 77 25 39 41 3 15 83 67 36 32 7 56 68 33 37 60 42 26 33 63 26 14 81 38 56 35 18 17 45 71 76 3 75 94 9 59 12 29 2 49 96 78 45 22 6 34 7 74 10 11 22 54 62 60 74
10 20 18 37 51 23 98 95 76 24 101 5 63 45 22 48 49 67 55 10 28 56 62 59 84 10 51 93 22 49 17 57 23 57 52 81 48 39 87 47 6 1 36 54 6 85 26 98 29 11 59 68 100 88 33 95 57 22 57 98 85 47 25 6 58 69 90 53 63 33 75 60 16 82 68 90 66 6 102 42 61 53 10 36 9 92 37 56 102 17 36 70 75 86 21 99 59 18 77 45
76 54 92 51 32 57 76 46 23 64 75 0 53 44 92 27 50 26 85 91 2 72 34 28 20 65 90 43 89 29 6 17 3 54 22 46 38 0 24 0 65 49 12 -2 15 -2 30 58 58 28 83 0 83 69 27 42 76 18 51 71 97 28 7 12 7 73 96 88 49 31 47 17 18 23 10 38 33 4 85 44 42 5 38 44 2 56 15 77 55 65 62 15 15 68 53 60 56 78 101 7
17 43 68 46 3 21 21 21 90 9 78 50 50 98 79 43 62 91 56 9 5 29 52 50 78 29 99 48 99 17 19 2 56 9 41 9 14 45 89 70 86 86 34 43 49 22 6 36 52 64 17 28 96 35 78 21 72 91 38 80 55 84 93 25 96 63 18 60 28 18 29 9 9 67 64 99 46 86 74 35 12 91 57 4 39 83 8 42 4 89 92 99 48 45 12 39 62 72 41 25
29 27 16 34 10 67 52 3 19 87 89 37 25 87 27 40 35 -1 28 74 98 39 17 95 51 44 28 53 71 33 53 87 73 25 8 39 18 61 88 2 81 68 33 15 31 4 3 86 35 55 78 71 21 36 45 78 64 80 93 18 69 27 50 6 59 19 84 34 71 52 5 49 65 64 16 89 63 52 37 35 40 63 99 -1 20 28 33 28 7 57 21 11 72 48 36 31 38 17 23 18
73 97 61 12 38 9 54 59 18 88 38 91 12 42 27 35 3 63 61 21 51 12 76 84 51 7 22 80 47 90 91 64 77 34 31 66 34 36 64 31 41 89 69 16 22 75 89 42 23 17 32 30 63 18 87 98 33 14 39 96 60 40 62 20 100 61 32 59 22 36 96 4 44 97 89 52 18 23 43 19 15 96 12 4 81 67 88 28 25 39 80 87 70 35 68 60 50 9 72 57
86 9 82 46 47 39 96 20 15 32 34 27 28 11 93 26 15 21 76 48 73 44 69 31 94 19 60 34 88 58 18 36 44 73 11 29 41 19 13 84 18 1 75 86 5 30 72 30 73 44 9 78 35 85 53 62 9 -3 13 68 13 88 2 12 78 53 31 51 74 87 85 4 60 22 52 46 77 -1 66 10 5 -2 6 18 81 -2 11 22 97 90 36 55 66 15 34 53 99 43 73 13
74 78 14 41 72 7 59 32 80 38 44 85 81 21 98 47 29 44 5 92 38 69 22 7 68 6 59 67 37 66 4 17 81 34 11 67 76 83 54 73 7 21 90 60 86 85 81 7 86 52 39 6 101 68 14 99 74 64 20 69 43 53 101 65 17 100 73 29 4 66 42 99 75 29 85 51 52 21 14 56 35 20 54 31 89 67 4 79 64 94 64 20 36 81 54 24 77 100 91 5
40 14 79 20 24 74 21 91 101 28 23 5 32 1 48 29 85 56 49 58 43 43 61 45 62 94 90 76 37 56 75 -1 89 38 13 69 39 -2 36 0 24 49 51 16 40 58 10 89 39 64 19 66 85 11 56 19 80 90 25 28 3 48 14 79 69 10 27 25 92 48 70 43 74 20 7 86 72 94 92 32 68 75 64 89 81 36 34 30 70 82 41 8 69 57 45 96 30 14 34 8
16 21 55 44 96 99 67 90 75 53 99 88 90 97 10 75 29 52 23 16 79 44 83 24 11 84 68 75 96 29 77 70 100 94 20 100 72 68 78 23 28 7 3 65 76 38 74 27 40 36 16 81 70 22 86 12 96 43 65 92 33 4 64 7 13 24 34 52 100 17 4 1 77 11 88 75 36 32 17 61 75 14 19 85 22 28 32 57 30 32 64 17 44 4 23 34 46 31 59 48
90 -3 84 43 79 41 16 49 19 53 6 46 99 55 22 13 34 11 17 81 18 83 7 39 84 38 85 31 86 23 39 41 91 45 25 27 85 92 18 15 51 2 16 14 72 32 101 10 65 92 58 14 58 70 67 59 8 54 96 69 13 66 9 39 36 88 9 15 38 63 9 56 80 58 43 41 47 56 35 92 92 81 16 35 48 11 65 59 33 4 39 4 18 26 31 25 19 14 38 51
8 10 34 40 67 14 51 10 16 87 58 37 3 62 48 79 36 29 31 40 38 97 102 51 52 1 55 56 97 48 93 66 31 77 24 30 82 89 41 48 55 25 29 49 101 63 81 43 74 99 78 55 70 15 49 32 94 14 98 48 6 38 25 92 3 6 102 70 44 12 46 35 20 72 33 96 48 98 16 46 20 68 12 95 4 17 38 2 50 99 65 23 22 12 65 40 69 24 89 46
69 87 54 -3 49 73 98 32 20 89 52 77 41 53 57 72 96 12 44 51 74 45 75 41 24 6 65 61 57 78 50 0 57 20 48 64 101 27 52 82 5 45 38 10 66 5 9 51 86 1 26 75 16 24 29 -3 3 67 66 67 31 6 59 75 91 34 77 2 6 73 88 2 2 35 46 95 37 56 19 80 12 3 99 20 88 89 87 2 78 28 76 43 65 90 91 50 71 38 50 20
57 48 63 17 63 23 78 21 10 28 90 75 52 42 47 9 63 44 84 23 53 58 90 17 48 91 38 44 72 19 59 77 13 29 21 40 56 86 81 64 61 36 11 95 93 30 52 36 97 100 62 21 82 96 27 23 7 52 50 1 17 30 18 4 37 48 44 60 52 5 11 1 35 55 12 92 25 7 55 46 73 99 34 47 77 52 94 24 66 83 3 52 93 49 38 91 53 85 22 14
34 38 99 10 4 67 37 31 58 74 35 86 75 16 65 28 28 92 73 30 20 22 89 47 70 22 18 49 29 4 49 1 39 51 58 31 61 77 58 80 70 78 17 21 84 36 89 9 56 82 38 66 38 58 36 62 70 65 69 42 87 38 52 40 12 39 4 9 33 9 93 86 66 92 6 39 97 -1 33 84 82 23 88 32 89 43 45 80 34 46 51 4 35 47 31 8 100 6 11 2
21 63 66 12 77 52 41 14 73 20 90 93 31 46 14 26 98 67 59 47 37 49 52 12 28 53 38 46 60 55 86 1 63 74 85 64 75 85 76 63 5 100 92 99 49 94 85 53 16 16 52 8 12 2 74 57 47 57 67 62 96 90 63 53 29 21 47 84 22 8 93 67 19 94 32 46 64 76 65 6 33 6 48 15 12 93 59 80 15 25 87 84 23 78 42 53 33 35 64 30
31 1 28 75 91 67 89 84 50 3 46 23 96 94 62 13 84 60 28 85 23 57 83 11 50 -3 29 17 70 42 21 -2 64 50 35 73 95 19 97 69 33 78 20 14 69 52 69 95 84 39 59 20 98 18 32 20 101 46 18 21 90 46 53 80 46 73 61 32 76 79 23 39 10 86 57 67 5 29 90 34 96 6 73 41 76 53 96 56 36 33 87 14 77 -1 48 13 12 2 56 26
43 81 84 63 4 33 26 21 51 70 12 88 95 77 58 43 18 70 50 91 29 45 27 11 70 43 77 94 74 88 7 51 89 15 73 72 30 84 27 27 71 35 28 86 24 2 10 75 39 6 27 68 43 83 93 64 100 31 48 81 8 98 89 60 44 55 30 56 5 65 62 77 7 75 6 87 4 19 10 25 73 62 91 16 49 83 79 99 62 20 84 60 83 94 58 60 39 64 20 56
61 44 17 11 49 94 76 16 60 94 9 87 48 26 35 42 58 13 17 44 93 46 29 -2 96 79 45 92 5 46 44 85 8 81 82 -3 42 75 54 66 79 31 58 90 7 51 7 91 90 26 9 12 99 61 79 57 45 17 101 72 99 38 80 -2 94 57 79 82 11 91 76 87 90 49 42 12 27 20 51 86 52 12 70 74 89 56 28 91 17 32 45 17 39 85 35 45 13 68 37 15
12 74 69 32 71 43 60 61 90 80 85 38 54 1 11 90 38 47 56 12 10 71 48 40 87 85 37 94 28 29 71 77 12 84 36 100 73 21 9 41 56 55 95 39 46 60 32 36 80 49 25 38 72 60 42 24 35 20 39 33 15 84 101 18 92 36 83 41 85 12 11 86 82 40 63 25 81 61 55 96 23 20 14 15 75 23 50 75 33 53 59 50 47 86 89 63 73 13 52 48
8 56 58 75 50 60 9 21 96 24 73 28 88 86 72 16 3 83 47 47 34 12 40 88 84 53 100 95 67 27 92 90 67 61 78 16 27 11 71 51 35 29 25 10 76 27 96 9 75 32 40 35 67 31 35 67 7 92 97 7 59 14 48 86 32 32 30 8 47 68 93 26 72 6 96 50 55 47 33 -2 80 76 71 55 24 78 14 87 55 5 46 29 5 15 80 64 83 80 26 64
24 68 56 5 85 98 45 80 77 17 15 44 56 55 56 79 95 49 4 98 11 59 60 33 63 30 100 89 83 23 73 51 77 80 20 38 33 5 52 23 13 93 3 62 70 40 36 70 101 52 43 59 92 46 59 11 37 53 43 76 88 12 44 35 100 42 101 79 74 99 101 38 28 13 76 91 49 10 65 80 73 49 74 62 80 10 60 36 69 78 56 69 78 8 73 87 39 77 68 85
101 20 71 42 60 70 30 48 14 -1 12 22 49 94 46 40 69 56 91 93 27 82 17 10 9 53 73 79 100 63 64 56 4 38 75 94 44 50 10 36 54 18 97 20 90 21 60 35 40 23 32 78 44 84 74 62 99 92 84 37 86 33 56 13 54 92 97 66 46 51 61 48 14 46 45 31 31 26 16 58 58 35 70 81 62 69 14 19 28 89 40 79 56 62 4 65 15 -1 76 78
30 75 6 28 18 5 72 39 47 8 10 3 100 31 96 34 15 93 51 83 72 7 63 21 3 27 65 40 86 68 7 34 47 100 54 23 6 6 86 33 53 100 35 57 97 64 11 48 25 72 43 32 55 68 82 68 68 50 6 10 56 28 61 82 51 20 27 100 8 71 25 54 26 71 26 76 18 88 72 13 38 31 38 44 33 88 81 74 74 7 63 74 97 11 43 22 40 79 12 56
33 39 10 26 47 2 10 43 65 10 49 88 67 47 36 16 99 95 67 83 81 24 6 28 68 33 62 9 17 35 45 56 92 26 35 48 78 33 101 84 96 14 21 46 82 45 84 40 16 5 66 35 74 32 42 2 65 18 40 12 87 70 12 26 35 81 60 65 53 89 3 78 75 66 78 7 98 83 87 61 66 81 38 52 67 6 31 71 66 24 27 60 62 90 76 20 22 91 58 17
101 76 47 22 48 90 71 39 14 6 56 6 35 67 29 98 41 72 42 43 32 24 60 51 11 81 35 63 17 9 62 75 92 58 51 94 40 19 64 39 55 75 69 96 16 100 29 14 98 4 16 25 9 79 33 52 17 64 97 75 3 84 50 10 9 11 11 74 79 31 35 92 60 79 66 30 46 94 83 34 51 78 75 65 72 76 6 65 72 10 86 66 29 53 55 9 44 53 102 55
49 50 77 -1 78 19 64 45 52 2 94 70 25 22 34 66 81 49 20 73 88 40 73 11 75 22 93 78 18 19 18 96 64 23 50 84 100 58 101 47 41 49 81 74 100 19 58 75 74 65 62 52 45 89 30 92 48 6 25 16 30 81 36 17 61 75 30 70 3 57 99 15 99 43 40 72 62 -3 29 46 73 92 25 67 43 48 2 14 97 56 33 60 24 45 93 72 30 24 6 27
39 73 58 86 23 48 44 70 88 86 45 73 24 34 22 31 6 83 20 5 56 42 31 4 89 24 4 97 65 13 92 26 25 44 67 12 78 59 55 43 56 62 42 11 57 48 101 55 81 29 22 83 16 41 97 3 78 92 89 44 29 47 64 1 81 52 56 94 76 23 79 1 81 58 44 64 75 42 7 62 96 61 17 3 12 74 28 48 53 5 42 80 65 92 24 81 79 53 53 100
82 66 27 26 68 56 32 54 63 36 47 86 10 40 52 83 47 39 24 15 61 12 10 67 13 63 89 0 16 66 79 20 48 62 17 75 3 45 51 54 30 5 2 34 12 31 28 95 33 -1 98 88 28 22 9 13 63 68 6 67 24 92 68 68 63 -1 87 75 56 59 19 4 64 94 42 28 32 94 19 35 59 57 2 53 75 55 53 94 25 39 86 28 92 24 101 65 36 6 41 68
15 85 86 98 24 100 86 19 82 47 31 63 81 98 88 74 73 60 17 57 33 31 69 84 20 19 80 90 4 82 24 75 46 58 99 46 47 49 69 83 18 22 81 32 44 14 85 40 7 25 21 95 65 4 15 9 96 64 10 21 54 43 8 66 79 18 5 21 91 29 51 87 35 73 99 77 24 3 17 91 75 48 46 5 96 76 14 20 99 1 28 39 93 30 19 94 14 58 73 73
91 17 37 40 79 83 57 95 96 45 23 19 9 92 59 12 70 55 25 45 26 45 34 19 12 -2 77 12 51 17 40 3 52 60 36 -1 90 24 30 82 28 41 24 41 27 7 85 70 101 39 45 40 49 56 65 79 9 72 72 54 60 -1 85 59 53 45 25 68 60 1 62 56 97 40 97 43 90 28 83 42 98 93 88 3 82 95 80 17 3 79 48 -3 53 96 25 32 90 27 58 52
30 68 82 51 33 29 89 1 13 48 60 40 10 99 5 40 95 57 81 15 101 57 34 91 97 63 42 13 38 75 94 28 102 27 24 83 87 10 41 88 76 73 4 61 102 90 17 33 31 73 52 21 72 42 79 77 49 90 24 38 29 16 36 18 77 95 90 6 23 48 54 40 77 42 50 90 60 49 87 62 68 99 27 13 56 24 27 69 14 39 42 100 78 53 21 33 26 55 19 31
40 94 67 13 97 38 57 75 5 96 98 20 89 71 80 33 94 92 13 23 27 59 50 45 6 62 12 93 73 53 100 4 13 80 64 2 4 55 27 79 55 32 76 85 91 36 46 89 86 34 79 68 64 69 5 29 15 49 31 17 16 32 97 13 56 91 6 42 66 49 33 6 87 73 22 75 6 57 57 43 63 25 19 16 76 23 13 58 62 94 99 87 62 50 2 86 24 4 88 66
5 57 83 97 44 46 77 76 57 89 9 59 5 80 51 42 44 42 4 1 79 61 23 91 94 72 15 57 25 34 23 85 57 6 3 13 54 68 9 49 34 41 56 45 59 95 7 56 64 32 28 81 6 96 88 39 60 40 47 16 63 90 45 71 82 84 50 84 87 8 31 10 99 6 27 58 3 52 60 32 61 69 82 36 56 86 92 61 90 20 53 27 9 95 48 97 76 98 46 46
20 10 34 90 9 74 63 93 24 15 60 25 14 69 52 68 99 12 86 73 35 23 81 29 93 90 35 74 18 78 36 19 45 -2 55 58 76 7 91 32 27 75 14 54 23 18 92 51 78 56 64 18 33 93 56 4 23 1 10 41 47 16 78 20 87 53 62 30 35 95 8 85 57 -3 68 65 86 88 16 18 39 89 48 83 96 81 78 19 24 84 72 37 51 90 51 70 56 55 68 35
53 85 102 86 63 13 39 58 13 17 23 23 99 41 27 88 26 79 57 46 13 46 62 50 92 64 87 65 21 41 72 1 53 90 89 86 72 20 49 7 54 80 45 84 29 38 97 55 55 49 60 58 82 43 4 41 51 64 35 31 8 63 15 37 69 73 86 5 3 36 101 40 63 23 20 99 66 21 47 53 12 10 99 3 28 54 3 44 99 26 46 50 28 18 81 94 22 5 98 80
87 35 74 13 79 81 89 34 54 41 52 16 12 17 26 50 87 33 41 43 94 33 82 69 20 54 96 93 22 82 34 41 34 58 41 32 37 61 21 89 3 18 7 37 70 -3 70 6 7 22 17 17 6 2 54 68 35 45 80 28 99 62 55 42 4 -3 10 73 97 4 56 33 73 88 67 27 40 69 86 15 38 55 94 62 53 66 77 16 24 43 100 50 51 5 30 63 15 41 100 53
9 23 84 18 91 6 34 61 83 33 35 20 53 20 94 90 84 14 63 91 72 6 62 8 22 67 36 95 79 40 33 20 89 13 34 66 83 47 48 96 53 47 87 14 86 12 91 100 65 27 19 85 37 99 25 93 5 96 71 95 49 74 50 44 36 43 8 42 39 71 20 61 16 64 51 60 6 57 57 31 6 72 96 83 38 78 40 38 73 78 95 25 6 81 62 83 59 26 19 92
100 64 81 33 86 60 32 94 7 11 8 89 7 85 42 20 41 44 10 0 26 77 99 61 62 78 14 19 41 29 68 40 68 56 57 73 95 22 6 84 30 27 96 41 29 14 88 -2 92 68 84 14 72 41 95 72 93 38 87 64 19 33 46 13 45 5 70 42 79 18 25 82 97 4 5 88 88 48 59 93 64 95 65 24 28 74 34 80 89 46 7 51 93 65 46 60 90 59 64 86
92 35 46 40 89 4 94 10 77 9 9 24 28 17 51 78 48 98 43 86 43 38 100 87 63 10 21 33 14 20 57 31 49 3 85 4 31 53 44 93 13 33 79 12 56 32 97 18 73 81 96 81 45 5 53 94 80 99 50 59 81 18 14 79 91 89 97 89 17 13 49 31 9 21 86 5 44 68 4 31 15 50 5 35 25 85 16 21 41 76 39 74 56 53 51 78 71 73 79 34
48 34 19 96 67 66 32 81 63 96 34 84 49 70 33 53 101 23 16 33 86 38 44 48 58 12 59 68 74 69 98 93 6 69 12 91 4 53 40 27 32 2 47 24 53 -1 43 6 62 0 7 67 43 42 19 64 55 58 57 92 54 82 50 74 39 76 92 68 94 28 11 85 15 36 63 61 51 22 55 38 72 46 33 71 77 94 85 86 68 -3 65 95 100 58 32 60 84 77 9 20
43 48 13 76 52 44 54 14 93 48 46 48 3 20 31 9 80 7 34 92 12 10 8 77 25 90 50 100 10 31 12 81 76 12 87 8 97 69 52 48 56 1 57 47 86 68 39 51 73 44 43 94 55 78 37 48 79 25 46 84 84 16 72 29 73 55 89 50 5 31 91 76 77 72 46 95 99 68 52 36 49 29 31 25 10 69 85 42 96 25 57 88 68 75 47 64 3 39 43 93
23 86 71 49 100 55 45 11 64 31 87 8 24 39 26 10 41 10 40 13 50 22 84 -2 29 42 60 56 100 70 29 51 19 48 47 -3 56 53 58 53 86 93 78 26 26 63 66 -3 4 22 51 -3 53 26 11 0 96 33 10 70 61 73 99 6 27 92 37 68 63 53 73 75 2 66 94 53 97 39 20 75 7 36 44 60 65 25 18 54 12 23 99 60 62 34 100 34 24 27 67 20
57 86 6 54 65 73 86 4 36 63 35 58 98 81 82 3 33 45 47 34 39 83 95 38 9 28 47 99 31 71 30 26 40 55 64 8 46 59 53 96 47 81 8 54 71 53 34 66 59 1 71 49 68 10 4 32 4 19 98 42 30 39 74 87 62 45 41 72 71 78 42 54 32 50 88 100 14 56 84 88 91 14 7 45 69 23 90 3 48 37 70 22 23 96 20 13 20 15 35 69
68 54 65 0 93 84 96 87 59 21 47 61 33 10 41 74 54 38 99 53 55 31 74 58 99 88 96 82 87 24 84 14 58 14 42 12 73 54 73 38 79 92 31 38 92 84 84 36 74 13 20 91 7 90 76 15 40 44 3 64 67 7 37 67 51 95 75 62 6 86 52 78 93 95 3 25 34 44 46 2 33 66 63 83 17 45 76 91 38 52 101 27 67 32 44 66 81 21 35 14
8 12 57 66 5 70 95 48 83 27 46 4 34 73 70 70 27 37 26 59 49 8 26 11 101 26 74 26 61 89 91 39 78 14 25 13 65 96 27 97 28 96 34 9 45 42 43 74 31 74 60 98 63 50 22 91 21 85 51 33 62 58 47 32 42 37 53 74 56 76 61 44 70 8 54 64 93 57 7 67 21 54 57 97 11 60 11 2 65 56 30 96 24 15 15 1 102 86 73 17
9 14 75 36 79 62 16 22 84 9 87 28 58 72 26 32 81 46 79 51 37 0 78 88 78 6 10 26 25 60 48 40 36 42 68 65 96 16 6 34 43 86 18 58 68 86 16 17 74 92 88 91 12 13 2 46 10 45 71 -1 52 35 97 23 93 46 75 4 33 79 5 14 85 44 75 83 64 73 51 31 73 86 17 76 57 40 80 59 36 1 99 30 29 24 38 72 65 42 32 19
26 76 55 90 5 54 33 20 89 45 89 13 47 19 24 89 88 44 32 16 11 47 37 27 66 14 67 27 84 65 42 85 90 96 29 17 96 23 45 31 91 58 8 42 68 68 30 46 43 76 10 48 54 7 52 69 21 77 49 53 55 78 77 14 15 9 39 83 96 95 52 47 16 82 20 94 71 47 43 82 93 96 19 32 11 57 66 33 10 64 46 9 31 25 9 45 80 74 65 79
52 24 15 71 33 59 98 67 19 43 85 5 59 92 53 83 30 18 93 15 40 66 62 87 87 85 54 13 91 75 8 27 18 21 74 45 79 22 48 80 7 10 64 23 75 54 65 0 71 13 17 11 69 52 21 21 44 79 57 95 49 13 70 36 65 70 24 0 26 96 82 52 86 54 58 49 55 27 57 8 32 95 77 76 86 78 55 84 95 64 83 19 36 71 58 51 32 23 29 72
84 70 36 49 11 75 27 79 5 45 97 55 10 61 92 57 24 75 37 38 74 91 50 56 35 54 11 67 91 91 51 25 14 47 102 12 13 4 56 46 40 36 58 1 72 33 102 9 87 9 18 84 39 53 73 92 62 17 53 32 37 55 4 84 83 76 89 60 5 6 13 54 47 6 88 78 72 23 45 80 20 26 11 75 85 99 47 69 39 50 80 12 11 34 42 28 29 53 11 78
101 61 44 85 55 -2 2 24 74 68 42 77 79 63 82 7 81 28 44 6 81 58 52 46 41 38 63 77 60 77 91 38 66 10 82 74 44 21 95 89 14 35 27 -3 55 35 75 81 35 54 43 88 12 -1 36 59 13 84 43 27 76 37 5 73 94 91 84 68 65 54 86 15 71 11 81 38 92 96 57 42 74 43 73 34 100 1 46 59 56 94 90 81 10 93 34 25 100 28 98 41
99 26 84 95 84 49 11 82 57 72 97 87 62 27 97 33 30 54 32 1 69 65 30 39 7 14 53 68 53 34 50 28 26 73 77 4 70 18 35 59 18 79 52 63 29 98 5 67 84 82 77 41 58 17 8 76 11 15 39 15 17 27 56 64 39 74 54 11 91 2 12 84 54 11 6 24 44 72 49 4 68 87 32 50 8 15 27 94 95 53 12 95 31 3 61 84 63 61 41 70
27 95 77 73 91 4 101 83 93 38 86 67 39 70 66 21 73 72 3 43 101 6 87 7 8 -3 5 12 9 78 70 49 89 53 22 20 60 73 26 15 95 66 61 74 83 26 49 28 98 17 45 24 18 21 69 43 58 7 11 8 54 77 73 10 41 32 77 65 76 21 101 48 38 -1 99 56 95 6 52 76 58 40 64 55 69 38 53 90 35 93 92 2 41 4 92 64 60 85 39 17
53 26 7 24 38 15 40 42 97 63 76 18 29 10 6 20 39 85 66 4 16 58 98 89 8 45 27 98 17 74 17 92 32 6 31 43 29 70 81 33 77 70 8 49 76 79 4 95 17 60 25 64 95 99 72 17 37 66 97 93 80 89 93 56 45 56 40 76 74 17 61 45 59 17 100 82 79 49 68 45 72 77 23 97 13 39 46 42 36 16 38 100 48 28 27 37 97 69 81 62
2 -3 55 28 85 83 72 -3 69 30 85 5 46 0 37 88 3 32 45 60 38 16 12 7 4 66 69 16 70 0 97 47 72 3 4 54 39 75 44 53 2 51 57 22 75 35 68 50 67 39 37 5 34 10 56 64 98 80 10 81 67 71 85 67 53 22 64 89 77 48 84 89 48 59 54 81 38 7 98 75 75 81 86 37 17 93 43 94 49 64 46 66 59 54 58 9 43 38 80 20
102 94 92 84 8 90 97 94 23 5 73 59 86 61 46 86 66 18 75 71 79 4 76 58 77 34 51 50 4 52 91 2 42 17 101 14 60 17 66 86 26 14 18 6 101 76 70 85 44 81 99 81 64 47 17 84 15 49 35 71 18 5 52 8 78 72 9 66 28 73 31 34 76 10 69 3 36 87 54 81 30 72 51 57 20 29 56 74 69 5 75 50 84 65 89 45 76 96 31 45
70 51 11 4 74 44 34 81 20 88 95 13 68 18 20 87 6 95 15 3 91 62 96 27 20 4 70 51 52 79 78 18 5 73 55 37 73 87 81 32 26 17 86 67 47 79 43 96 56 75 48 94 78 -2 85 40 10 28 12 59 67 67 64 4 44 37 49 29 63 51 45 13 9 71 21 2 101 33 14 7 31 47 55 7 75 45 9 43 56 96 101 39 35 65 29 39 69 29 47 69
3 90 64 21 91 71 43 52 38 28 35 60 4 62 34 96 13 95 65 83 70 6 45 8 71 93 99 22 19 49 31 85 58 80 35 43 51 27 93 12 88 15 73 36 62 65 45 47 63 97 53 78 82 65 50 31 45 41 59 37 12 37 90 5 78 62 11 88 58 60 17 92 91 56 60 30 37 73 8 90 25 14 75 47 85 27 22 88 84 85 65 52 85 70 28 77 91 82 100 95
14 12 63 46 86 12 5 18 64 40 21 91 32 69 54 34 86 20 90 15 79 83 64 89 65 42 99 75 21 65 2 83 33 20 32 81 53 88 38 86 62 92 8 4 91 49 87 93 3 25 63 24 29 43 57 65 63 3 63 66 41 29 77 48 37 70 30 29 50 74 71 37 36 29 83 15 31 -2 14 47 69 43 98 92 2 66 72 19 85 84 63 59 37 88 21 35 80 15 66 0
5 38 98 66 8 11 47 40 97 70 16 31 73 36 6 21 30 58 68 95 86 88 39 24 11 22 80 91 101 5 60 31 4 19 101 30 75 20 10 21 49 77 37 4 19 44 73 93 18 34 65 24 25 64 54 96 95 30 85 92 92 23 80 55 31 77 3 75 89 95 32 87 5 95 36 38 17 74 19 78 88 79 100 63 70 59 59 49 4 58 14 44 6 88 13 23 16 39 26 53
59 42 94 90 93 60 55 92 88 73 66 37 44 3 5 23 9 41 66 46 101 -1 74 67 72 35 43 23 7 75 84 80 91 21 96 16 39 24 21 42 13 64 45 81 61 52 11 60 99 92 65 60 101 68 14 41 54 71 76 46 84 22 7 38 32 -2 72 69 73 96 63 95 79 58 16 16 100 2 73 45 24 80 45 72 84 51 59 32 17 94 67 47 76 95 70 56 55 77 35 24
65 46 67 78 78 46 23 55 47 24 33 6 101 3 62 41 47 24 72 89 30 99 94 66 16 56 69 62 70 33 49 90 78 1 40 4 12 66 68 13 79 34 87 50 85 13 10 59 69 60 32 27 89 60 33 45 22 83 7 24 44 52 21 75 59 4 18 9 34 45 13 78 53 8 101 63 23 15 41 68 15 1 56 80 67 79 85 96 96 96 16 55 66 43 25 26 45 63 79 78
7 15 5 55 21 86 31 80 14 43 84 70 51 17 26 24 91 20 9 71 51 70 93 1 23 28 39 44 94 36 97 8 96 6 29 77 76 27 83 27 12 1 14 91 95 21 51 85 37 10 83 79 69 8 70 95 9 94 26 63 50 61 16 12 70 5 81 2 6 64 89 46 31 86 25 33 85 72 55 7 57 17 96 -1 72 4 5 88 49 30 17 13 19 71 40 11 49 96 68 70
92 11 11 79 97 82 43 91 74 50 82 4 27 97 60 47 28 64 98 58 62 28 38 52 83 73 63 93 59 92 41 67 17 63 69 49 15 35 52 57 53 1 34 91 20 28 44 43 73 23 29 89 34 81 49 81 29 19 12 55 22 92 35 7 14 66 100 1 58 99 58 94 100 72 34 84 9 11 48 34 73 18 31 36 33 31 20 31 16 41 24 19 67 90 53 68 24 70 30 35
91 64 68 88 46 7 6 80 88 57 79 8 93 57 78 59 29 15 20 25 49 69 40 24 66 76 66 18 87 18 84 70 10 48 97 64 76 24 93 8 27 30 76 66 5 38 4 28 62 69 44 12 95 14 34 87 100 92 37 1 63 88 12 64 12 69 99 93 46 61 81 51 35 81 40 80 11 65 38 2 9 11 48 80 12 30 50 42 39 78 71 4 61 5 44 2 84 84 27 49
32 100 69 47 73 44 100 16 100 14 80 88 99 97 25 33 12 48 86 49 61 78 94 95 16 39 69 69 29 33 14 85 97 69 49 71 66 17 101 44 19 4 81 77 39 61 97 63 37 93 82 87 79 41 49 49 67 69 34 92 98 100 77 18 96 18 20 82 62 18 18 19 82 21 72 49 73 22 37 79 78 73 51 22 15 81 28 32 82 33 83 70 70 32 54 73 88 78 19 60
99 18 95 36 93 32 95 62 58 75 11 26 101 41 22 45 77 26 17 80 92 51 4 63 36 37 57 13 85 60 84 85 12 36 10 62 6 61 79 6 77 43 52 65 11 34 15 85 79 27 80 32 60 9 9 66 23 58 61 34 28 -3 42 53 49 22 57 33 89 47 22 36 61 16 47 38 30 82 37 -1 69 49 49 51 68 35 39 51 34 14 100 37 76 70 11 76 25 -3 65 32
39 67 14 74 50 52 66 96 10 93 6 28 99 35 58 9 33 34 94 86 16 23 11 71 31 2 45 60 98 12 36 68 101 53 75 98 71 71 96 13 64 20 96 47 102 49 91 63 44 13 81 31 51 99 79 67 83 41 85 54 62 3 3 58 28 66 24 100 45 8 21 78 28 97 15 71 17 91 57 89 31 73 102 10 82 27 31 28 83 5 50 84 77 25 28 89 52 68 71 25
16 55 9 53 41 57 97 54 13 93 93 14 55 85 52 60 46 11 35 14 36 16 48 51 16 57 6 51 88 22 27 57 12 66 40 12 57 16 31 49 61 79 91 96 22 27 51 50 51 -3 38 81 28 92 10 10 43 74 11 31 67 44 58 41 18 44 40 44 77 32 2 44 15 10 45 93 20 4 95 73 62 62 17 8 64 25 45 18 4 4 51 2 78 33 37 91 83 86 56 40
7 45 70 72 25 89 30 5 88 37 38 14 25 91 65 90 48 25 34 57 62 50 66 66 57 73 48 72 58 49 55 70 41 89 61 11 71 64 97 92 3 37 91 98 102 20 96 15 69 52 34 43 34 98 32 93 76 20 92 58 38 14 34 84 74 77 97 37 31 85 9 65 98 50 59 14 49 64 80 15 32 13 15 96 77 94 6 25 85 55 36 67 59 19 73 69 31 80 38 82
64 55 83 62 97 75 89 9 101 14 98 92 98 42 20 4 80 3 86 56 54 23 77 72 88 80 99 92 29 33 57 17 24 39 73 81 88 60 51 59 97 8 26 10 62 46 56 38 95 32 5 88 58 34 35 83 67 63 87 6 59 92 41 85 92 56 63 1 4 65 41 13 16 74 39 74 38 33 93 59 76 35 33 56 70 44 64 -2 57 46 73 34 95 69 7 14 43 36 101 66
46 8 12 9 50 53 46 70 91 4 7 87 64 82 29 34 98 8 3 41 29 52 102 28 26 45 57 3 31 84 42 73 14 82 23 73 93 97 44 93 76 32 40 62 78 25 91 12 30 12 31 65 58 61 95 9 17 59 40 91 100 57 29 79 80 53 25 90 65 39 4 50 14 17 81 62 45 18 57 59 18 87 69 42 65 92 48 79 94 69 65 95 20 2 94 63 74 34 62 59
49 50 76 32 85 10 81 17 47 28 8 49 74 85 88 20 64 73 48 8 47 96 10 27 53 79 80 74 100 8 97 84 64 50 21 59 53 11 88 77 97 9 16 66 5 40 60 56 51 62 22 94 72 32 79 82 37 44 99 46 77 82 71 19 55 10 71 8 7 46 2 66 35 57 98 85 57 92 16 20 100 66 98 -3 22 28 68 0 96 16 100 87 101 39 80 79 9 14 4 1
36 8 68 2 55 28 10 19 100 94 39 76 100 14 10 47 96 53 69 3 82 17 72 46 38 47 76 39 7 30 60 99 23 92 76 7 52 52 58 55 22 97 85 45 8 25 9 35 41 32 86 10 28 85 74 55 34 57 101 4 78 93 65 17 67 90 8 79 100 9 38 57 65 3 18 35 31 41 14 72 95 63 89 30 46 72 80 52 64 76 36 57 6 47 97 92 32 81 90 53
47 85 99 54 73 5 83 54 31 41 77 30 38 8 81 27 29 8 59 70 86 10 85 80 39 79 57 36 12 47 80 6 45 96 32 86 73 85 96 92 56 19 82 49 81 48 4 57 96 41 78 7 42 82 78 51 38 2 90 57 35 46 80 95 93 94 82 36 70 -1 55 74 94 49 61 24 70 25 53 83 47 52 19 65 62 27 96 9 40 36 3 58 76 64 66 91 14 35 84 27
83 27 89 91 55 8 40 61 25 48 29 56 56 40 41 62 14 50 30 97 55 44 32 4 10 29 55 67 57 57 36 24 91 9 16 14 76 97 6 16 90 85 6 88 73 96 44 33 60 83 53 89 79 64 18 76 77 20 83 89 15 67 71 52 14 52 46 73 51 19 9 7 28 28 37 90 73 38 81 91 52 97 34 81 43 1 18 97 85 42 23 58 81 93 89 70 15 18 88 26
89 47 73 6 20 29 71 86 9 35 77 81 45 5 58 70 78 6 38 29 26 79 13 48 17 20 81 36 25 57 92 67 93 52 46 94 7 15 6 4 7 93 85 84 38 20 88 92 9 16 86 47 24 15 24 0 59 84 101 26 2 79 25 74 64 15 69 95 40 71 52 38 66 20 55 18 37 6 35 42 73 81 56 87 8 33 36 1 36 55 48 44 99 13 48 41 32 0 66 84
72 2 40 81 7 60 40 95 47 89 71 71 60 51 38 63 4 91 57 29 22 83 88 96 74 28 46 87 18 40 73 93 58 71 35 46 24 19 21 72 82 57 49 53 83 58 42 74 59 68 51 83 7 31 78 48 12 51 59 36 101 30 70 33 99 15 93 54 81 51 57 64 14 26 66 34 72 57 67 70 86 97 4 91 3 79 46 57 83 44 56 80 37 86 62 81 90 37 26 5
16 29 62 44 29 89 34 58 89 55 71 15 37 65 4 82 60 5 69 81 15 65 22 15 84 85 68 40 12 50 2 -3 83 82 5 3 23 32 91 54 77 7 90 96 99 85 60 40 26 36 89 50 99 94 78 42 57 67 44 78 37 49 75 76 12 9 36 95 14 29 27 13 18 81 58 31 13 45 26 29 8 75 52 27 15 44 19 55 10 24 22 34 64 78 19 77 92 66 38 46
84 1 34 22 39 6 76 29 23 31 70 88 84 100 71 27 85 32 84 90 42 51 86 2 72 61 12 38 90 50 100 67 37 70 92 92 16 97 81 51 41 29 51 17 16 46 12 34 50 46 42 64 21 87 61 94 9 23 28 88 81 3 20 87 100 77 67 55 28 53 67 29 53 3 39 22 8 60 12 73 72 70 15 84 51 26 36 80 101 73 63 13 16 78 32 36 31 81 46 39
21 28 5 70 32 46 43 51 77 32 13 74 64 -2 15 31 45 1 9 0 82 71 81 0 101 80 53 27 58 4 84 94 2 82 13 23 90 4 77 91 54 93 31 94 41 12 15 17 32 44 56 45 57 66 88 47 20 81 66 84 52 18 93 45 56 96 23 33 45 72 37 41 4 96 36 25 95 36 35 17 89 16 23 22 81 2 27 50 61 7 12 67 5 13 32 47 88 63 101 49
17 69 20 63 80 63 74 68 102 63 63 70 93 18 52 82 73 8 6 67 84 6 24 54 55 38 50 96 95 87 72 56 53 93 52 14 94 18 97 92 43 69 92 72 5 74 15 39 42 60 37 57 3 87 68 20 20 21 29 30 53 85 78 97 69 39 55 42 18 90 35 65 65 91 91 27 75 93 95 52 55 20 20 98 5 37 29 70 64 65 71 99 42 62 64 81 26 16 28 76
8 -3 79 62 51 88 92 88 71 10 74 92 13 55 29 78 79 17 9 68 92 21 97 13 84 59 79 55 19 92 55 52 57 90 95 37 28 70 16 63 38 85 56 75 66 15 48 54 84 23 49 21 58 26 80 63 14 73 16 48 9 87 51 80 61 88 64 86 89 1 101 91 74 94 8 71 42 3 5 94 33 28 84 49 9 25 94 12 71 54 62 -1 57 50 6 94 25 70 43 62
49 80 77 1 39 82 34 87 7 2 56 85 4 91 18 21 50 58 99 61 19 72 84 48 5 100 85 79 86 75 57 6 22 99 56 50 82 99 63 33 47 95 73 29 77 54 22 77 27 34 37 2 83 68 31 13 63 61 29 74 59 20 5 86 24 76 48 27 102 13 76 56 82 52 75 2 99 7 62 20 54 73 71 37 27 75 74 42 40 59 94 49 17 72 10 2 96 68 3 45
22 -2 46 57 94 96 71 3 66 32 52 90 44 33 29 77 39 25 59 38 83 1 10 61 84 11 71 69 65 29 76 78 3 87 13 70 90 37 37 59 42 16 30 -2 78 -3 94 5 55 6 89 53 54 23 72 76 68 47 60 69 13 5 23 28 66 9 71 29 83 86 8 20 85 42 52 46 92 40 95 30 98 21 30 63 19 11 39 70 101 31 29 78 84 19 10 92 51 90 91 89
102 35 5 12 21 48 27 14 94 73 49 95 47 96 47 12 77 4 79 6 17 24 53 69 12 22 62 83 100 61 69 65 20 28 80 87 18 76 59 33 3 64 102 80 30 88 56 42 96 66 23 83 52 57 87 98 66 28 23 46 58 77 88 78 25 94 91 33 11 83 30 25 15 30 21 72 42 51 10 85 97 40 55 67 70 56 64 54 40 21 53 42 6 99 22 63 91 74 101 70
27 39 99 27 91 14 88 16 91 94 4 47 39 76 19 -3 5 53 101 93 43 38 41 5 17 64 48 60 96 76 95 -3 58 88 27 76 76 21 35 28 62 93 12 52 51 28 58 55 49 58 40 46 37 26 49 77 39 5 96 73 50 85 36 62 38 89 28 80 33 38 95 93 11 90 36 59 65 27 70 19 35 13 9 89 82 68 77 10 93 73 14 3 56 49 30 36 60 21 43 48
14 25 84 31 87 62 94 67 99 31 94 88 74 16 17 99 17 89 55 50 11 5 66 58 94 37 27 42 13 3 47 36 43 86 97 46 66 69 25 82 45 48 22 82 96 27 56 91 59 41 57 96 86 98 49 39 25 82 45 75 38 14 65 95 39 15 48 45 30 80 20 73 96 43 35 23 29 49 51 13 33 58 45 32 59 35 40 5 33 91 15 92 23 87 32 89 51 21 17 46
52 72 84 96 89 12 58 92 97 83 15 40 28 91 37 43 15 5 64 12 76 39 57 78 12 76 66 92 21 -1 32 18 19 -2 14 90 78 31 54 47 46 52 46 20 68 14 99 90 28 81 91 20 78 27 76 83 39 92 69 51 82 38 71 72 72 31 6 50 28 78 26 27 92 7 30 2 17 -1 53 70 101 77 53 76 27 19 83 38 92 25 50 29 63 16 92 30 76 85 88 67
39 34 57 25 92 97 88 42 9 75 31 44 56 82 91 76 19 51 48 35 102 23 78 13 37 66 88 67 11 30 79 76 88 57 67 45 48 31 32 81 94 60 29 48 36 73 17 3 7 23 63 99 46 66 60 21 80 23 61 34 91 25 66 15 3 35 101 24 30 1 61 5 22 65 11 78 38 98 23 36 94 62 52 27 98 4 37 57 64 43 35 55 8 15 17 46 62 18 38 47
23 95 68 74 41 86 13 52 65 39 86 43 34 60 84 3 76 82 15 68 73 -1 74 0 100 7 10 60 8 95 27 -3 7 65 84 29 32 49 97 36 14 46 25 35 75 89 29 88 43 21 15 48 42 50 50 29 43 14 94 44 101 9 48 45 51 86 38 64 49 48 8 56 70 43 61 7 5 82 21 81 7 85 45 38 18 79 6 8 70 73 61 31 85 56 94 33 37 72 42 78
El programa tardó 31.291961669922 milisegundos en ejecutarse.
