39 46 85 67 93 48 5 20 58 87 62 16 26 20 74 90 14 41 102 83 75 69 4 1 23 39 47 93 93 42 20 16 22 43 84 37 42 10 71 28 101 37 96 18 89 81 91 63 22 97 59 94 67 52 61 54 97 30 99 92 89 99 100 57 5 64 54 11 96 6 34 40 55 30 6 35 74 81 35 86 44 71 65 18 83 16 19 84 46 78 37 24 60 79 33 90 40 20 7 24
18 49 95 90 70 17 97 80 38 59 61 21 88 21 13 1 8 36 11 54 14 16 63 80 96 30 99 39 33 22 18 17 34 56 11 38 6 67 69 80 46 38 16 34 50 9 67 4 70 95 4 85 39 59 71 85 33 65 50 -3 12 32 36 96 91 77 47 55 96 32 17 45 50 15 98 47 86 25 69 29 16 24 62 49 29 85 74 73 38 64 85 73 13 0 14 64 61 6 67 83
52 80 81 2 89 25 57 45 19 77 93 8 21 27 49 46 79 78 51 40 28 50 51 26 3 59 61 25 57 82 39 92 83 13 98 14 12 87 96 82 67 68 4 83 21 80 42 53 99 66 20 73 99 49 74 75 17 19 23 74 78 18 65 56 45 61 96 74 34 21 23 41 101 35 58 48 70 8 88 53 85 12 45 55 3 17 8 76 27 24 95 56 77 82 49 86 14 49 101 76
9 45 12 89 16 82 17 80 21 35 66 38 92 5 48 46 22 53 16 86 33 85 43 4 60 62 73 50 83 12 74 33 34 40 91 88 47 64 95 28 36 3 90 79 56 2 74 33 95 72 72 91 80 89 67 47 4 -1 10 53 86 53 80 33 68 88 59 90 84 61 21 89 16 75 23 78 19 56 49 59 44 61 85 9 97 78 75 91 95 -1 53 5 41 83 63 79 89 83 23 0
37 21 35 46 56 97 32 85 98 13 92 19 47 1 54 69 67 4 95 75 10 13 81 48 30 26 67 3 69 50 68 39 8 79 5 99 31 59 48 9 61 93 28 48 17 83 44 73 15 69 98 14 99 3 33 79 91 17 68 60 72 70 43 26 100 57 73 57 101 12 73 86 46 44 51 67 26 81 90 25 27 28 59 1 14 78 25 33 42 65 39 90 83 69 75 20 44 42 19 23
43 73 95 39 91 68 84 21 35 15 25 42 91 78 38 2 48 10 79 51 31 96 34 70 57 94 13 45 51 6 58 12 12 96 39 94 97 23 92 78 64 73 32 32 64 13 85 7 10 14 88 14 9 62 3 20 97 47 94 76 95 67 54 19 17 18 30 83 12 -2 94 1 72 22 18 49 63 55 66 69 13 12 89 56 24 31 27 95 52 7 25 10 15 34 67 61 30 74 97 11
41 59 21 4 81 75 22 22 79 61 24 5 99 60 81 46 45 48 79 46 46 12 4 8 42 28 19 100 24 25 94 31 79 82 84 84 102 59 37 66 22 6 56 86 79 69 55 57 12 77 9 70 23 37 60 12 56 75 84 37 20 83 37 25 77 54 80 18 10 38 67 58 86 42 22 98 8 88 51 1 6 15 63 17 31 32 14 46 64 81 13 94 76 16 87 56 24 58 9 56
24 24 100 5 42 38 72 78 76 68 47 46 49 89 12 92 18 45 75 84 2 81 71 56 93 22 40 -1 55 0 30 46 28 55 19 66 53 79 6 21 29 95 64 3 29 7 20 12 60 8 52 90 70 51 11 92 49 72 50 33 93 74 32 6 101 45 17 61 15 54 51 66 13 4 98 84 38 10 25 51 9 8 89 40 80 10 60 55 51 40 72 18 101 21 34 74 87 11 58 42
25 4 65 48 43 56 85 38 58 68 58 48 71 23 40 8 36 82 43 43 22 89 39 43 71 43 7 35 81 98 55 75 71 66 72 38 97 6 74 66 46 87 69 4 5 44 47 43 38 47 19 60 101 56 50 52 36 16 26 29 39 20 64 31 50 74 14 53 40 39 47 11 67 63 100 46 52 64 68 8 15 60 61 27 86 96 101 46 3 61 45 24 22 64 22 41 9 56 37 48
64 84 47 25 35 28 65 73 84 55 4 7 73 52 34 92 83 10 21 62 13 4 92 81 58 74 92 33 9 62 86 53 61 -3 40 -2 92 63 68 67 82 3 77 72 81 96 28 91 92 41 55 16 31 96 101 72 29 1 47 30 24 42 51 44 14 21 92 74 100 85 31 86 32 26 7 36 67 52 91 0 11 50 48 34 47 16 54 84 83 32 63 38 47 3 7 6 19 15 85 32
65 5 64 20 55 61 39 66 53 84 98 52 70 52 75 43 20 41 57 98 78 94 58 92 42 37 3 66 30 88 46 69 86 75 46 44 55 37 69 93 5 58 48 34 86 54 81 53 33 8 40 39 35 36 31 95 98 34 67 100 25 47 9 100 28 1 39 25 100 16 26 100 15 15 79 66 51 45 56 5 82 31 84 10 38 82 53 25 35 64 35 21 7 3 94 19 19 39 28 29
17 16 45 1 5 18 14 44 32 80 32 2 82 18 65 -2 42 67 60 16 9 41 6 46 18 67 23 38 71 34 77 55 21 -3 96 73 56 68 26 66 8 19 3 2 9 34 35 46 10 38 87 14 61 49 26 20 88 1 48 2 35 5 21 22 67 30 16 83 57 4 34 22 25 55 68 0 50 57 13 7 80 31 14 10 79 51 90 28 98 57 10 70 63 4 75 32 20 30 74 67
92 62 17 66 78 6 7 63 100 100 19 71 51 27 48 36 90 69 75 76 85 86 26 78 14 52 71 10 65 100 64 29 37 32 60 66 17 94 72 72 61 18 12 68 93 79 23 58 78 45 90 57 49 24 91 76 71 63 18 20 23 79 18 38 93 73 22 26 85 92 16 11 86 82 74 50 95 22 30 24 24 73 66 79 7 55 22 48 95 23 93 55 10 61 48 3 40 19 29 91
65 52 30 53 34 38 4 45 17 57 66 8 75 14 53 85 61 53 7 95 91 68 51 15 8 91 7 14 13 25 89 95 76 1 22 2 61 25 49 84 90 95 15 7 34 70 57 29 92 83 96 0 14 14 63 31 70 28 84 63 11 51 44 46 64 12 9 22 22 82 43 3 19 -3 50 22 76 48 92 39 76 96 3 63 83 70 74 93 41 88 17 33 21 36 25 4 48 47 37 25
14 15 89 16 27 66 57 15 88 82 60 43 36 77 45 9 35 28 93 27 12 57 30 67 75 38 56 20 70 4 33 74 28 60 54 74 16 36 88 37 40 52 57 89 100 91 97 82 91 28 3 72 94 84 99 12 25 58 65 61 74 73 68 90 45 2 98 93 59 23 45 43 71 61 6 21 11 92 79 5 63 95 100 15 22 56 48 40 54 36 32 11 24 61 61 26 38 89 18 65
7 64 72 71 11 1 9 50 34 12 61 23 70 63 54 17 77 36 54 48 97 25 53 43 27 95 95 24 7 84 27 12 35 12 95 95 20 78 34 81 7 22 4 11 88 55 96 92 42 81 97 16 5 33 39 64 93 89 67 34 48 56 53 78 101 19 61 60 53 26 11 24 9 62 7 62 24 51 28 79 71 34 17 58 13 42 27 38 17 96 55 15 27 59 56 11 33 82 25 76
54 78 71 71 53 53 3 47 10 18 61 76 96 85 8 35 51 2 28 76 89 24 18 3 98 78 90 13 47 98 49 28 70 34 93 65 8 85 55 52 27 34 78 60 48 20 30 49 69 2 91 15 16 40 14 72 34 61 63 66 78 27 29 87 94 93 97 28 43 78 102 97 56 73 19 80 12 36 54 17 95 19 99 61 94 47 49 52 90 20 48 42 54 21 48 94 34 65 37 85
95 23 11 23 47 78 92 21 101 39 21 15 12 40 87 20 79 29 45 37 85 11 2 80 74 33 55 18 98 35 37 20 67 89 61 50 21 88 17 48 59 6 37 -3 62 53 87 89 98 76 42 55 21 83 17 41 29 94 67 86 18 57 51 77 46 7 55 20 87 60 76 16 81 29 86 82 75 20 90 24 83 85 13 17 5 3 91 30 37 67 92 89 87 43 35 46 43 25 47 95
95 50 11 58 72 26 68 28 24 16 45 91 23 20 14 41 19 56 34 98 4 70 89 56 26 11 57 18 74 68 10 73 102 85 25 60 13 38 64 73 98 55 72 83 50 75 48 54 99 23 83 28 17 92 38 19 74 24 27 22 39 7 11 11 78 96 30 92 73 98 31 53 18 84 9 25 45 90 74 66 53 35 60 80 54 64 47 41 10 99 54 38 57 97 24 5 26 45 101 40
27 76 10 8 55 58 80 44 70 59 18 27 88 3 41 30 25 25 79 27 87 94 23 82 99 90 63 65 26 89 65 69 12 91 75 37 90 83 87 15 29 96 23 47 78 13 59 66 36 42 4 4 8 60 6 61 67 18 44 45 12 85 17 30 96 7 87 48 89 34 27 83 42 83 20 94 42 8 25 70 72 22 76 73 6 76 88 13 82 52 62 54 68 77 47 52 85 86 91 69
13 46 36 55 59 94 22 69 59 29 79 61 17 78 36 39 73 51 24 5 5 38 5 43 51 62 12 100 50 63 31 62 37 91 57 76 90 92 47 55 100 53 63 31 85 98 35 21 86 13 17 26 82 9 83 68 37 27 16 27 68 13 83 53 15 23 33 75 59 6 66 49 90 89 24 51 91 66 97 34 91 63 30 48 14 70 92 31 99 64 27 82 11 2 31 28 52 5 26 99
93 84 69 59 96 61 31 46 36 77 84 48 80 19 9 59 52 69 94 94 96 69 7 10 37 1 47 2 11 80 58 80 25 10 70 78 33 55 36 52 20 10 11 15 19 11 46 73 18 20 31 66 9 95 85 11 23 79 14 60 41 83 84 54 24 4 17 38 101 45 35 37 81 84 61 79 79 72 54 12 45 23 48 59 73 95 30 81 10 68 59 78 32 39 77 52 55 86 46 19
44 93 78 7 58 81 46 46 13 87 74 65 53 38 64 29 62 31 74 25 81 1 22 10 92 23 54 72 63 53 52 81 37 29 84 82 78 60 79 54 33 31 5 21 34 59 44 90 80 68 40 52 61 36 42 62 50 19 12 31 74 56 78 93 96 99 99 56 73 31 84 96 45 77 63 83 83 40 21 99 87 37 13 37 47 45 78 36 90 31 102 83 33 53 47 36 11 5 66 26
15 17 13 34 75 85 56 54 34 18 15 26 45 78 19 70 53 87 45 53 101 88 18 22 58 32 99 80 10 80 24 75 82 81 10 79 45 51 97 94 38 92 7 85 94 53 42 67 94 47 80 43 60 9 21 51 27 10 68 30 42 4 35 93 45 27 78 40 59 47 26 54 47 82 7 48 45 32 58 59 74 50 31 12 29 47 74 28 77 4 75 55 87 8 29 74 80 74 88 54
24 16 72 81 43 66 77 31 6 53 98 53 27 53 73 84 91 8 15 82 42 75 51 78 93 46 85 99 11 36 4 14 83 68 29 7 75 90 52 55 26 69 32 82 54 17 46 24 98 49 47 19 7 58 80 61 32 53 19 85 64 8 34 11 95 31 67 7 35 57 9 87 75 56 85 14 9 42 22 29 55 48 60 88 93 60 74 49 92 67 22 18 67 24 11 36 14 96 57 45
50 92 45 58 34 15 71 50 94 -1 95 5 23 54 73 37 62 33 68 5 79 39 99 59 57 89 94 70 11 -1 30 56 2 71 89 43 25 21 60 87 90 9 97 2 48 3 101 27 52 26 42 2 63 1 50 19 19 76 96 34 19 44 57 72 73 38 31 27 49 71 55 56 4 15 33 38 11 15 46 33 31 2 65 2 28 23 65 9 50 15 32 21 92 14 54 31 11 76 87 31
70 92 12 36 44 19 51 86 14 57 19 6 79 38 67 97 62 34 51 70 47 35 6 97 101 47 13 62 31 98 77 54 3 32 74 45 22 6 29 45 74 98 81 33 97 97 35 42 65 23 76 75 18 100 99 90 47 100 55 41 28 37 35 13 45 26 33 12 80 29 92 89 64 21 11 48 38 80 36 54 89 24 51 8 26 19 13 40 10 79 14 33 28 13 46 60 15 41 17 20
42 91 49 84 59 32 99 44 65 55 60 90 92 63 24 25 49 21 9 42 5 57 43 1 51 66 100 75 32 71 2 0 86 72 65 83 18 19 68 32 33 47 97 95 30 88 9 74 67 15 97 42 86 45 43 85 14 69 82 19 15 61 48 62 50 55 41 91 87 2 11 93 97 15 26 27 61 66 29 -1 79 11 28 23 48 55 16 69 41 11 74 74 97 24 62 12 51 6 35 5
28 47 61 94 41 96 40 50 83 57 96 17 39 27 27 53 83 29 51 2 16 54 92 55 81 29 84 37 45 67 3 50 71 64 84 91 36 29 92 17 94 70 5 71 17 72 42 23 33 47 23 18 45 74 41 98 6 63 97 75 91 57 57 41 99 82 102 97 26 61 65 19 78 90 62 63 93 98 28 55 92 15 31 18 59 72 7 22 53 77 70 60 66 37 64 95 46 100 28 43
29 18 69 13 14 82 35 57 66 35 39 82 17 23 47 33 25 63 56 73 58 -2 9 34 78 60 54 29 27 81 39 69 78 49 65 17 13 65 25 54 96 92 69 7 74 76 2 57 100 35 78 31 71 18 60 41 27 82 66 31 97 91 70 66 68 57 7 89 76 64 65 48 63 40 90 29 99 1 88 55 92 82 35 0 18 58 2 86 73 54 5 95 23 20 28 -1 42 82 12 66
82 33 47 49 61 56 40 47 93 25 89 40 59 14 50 63 5 2 99 80 43 87 41 43 94 73 38 97 4 1 63 14 93 57 67 86 102 62 20 46 35 40 36 45 25 46 17 26 38 14 52 52 50 98 15 19 43 41 8 31 40 37 22 88 96 33 5 92 66 29 25 54 30 33 91 46 33 58 31 29 72 29 92 42 51 24 84 61 8 51 28 60 85 31 82 56 60 29 22 61
55 59 92 75 68 -1 47 88 3 38 49 40 86 23 88 74 19 22 88 44 8 90 81 56 98 96 37 3 19 83 79 52 89 37 84 94 23 20 67 54 40 83 77 12 76 42 88 89 47 33 36 0 48 94 93 2 77 33 78 3 89 51 99 37 13 61 85 56 63 21 29 33 39 94 71 21 81 25 76 62 68 19 22 9 46 19 94 56 83 34 12 67 95 30 26 23 39 38 33 16
96 4 16 46 42 24 77 73 31 79 62 89 13 83 65 64 90 83 18 1 3 48 12 66 37 54 37 57 8 90 69 93 30 53 13 61 99 24 85 98 15 57 90 55 79 59 72 19 11 91 14 68 26 36 83 36 72 81 55 6 77 63 16 38 75 24 46 76 67 52 16 11 85 89 81 77 37 85 33 10 96 29 94 31 56 92 64 52 26 40 12 11 35 14 83 62 50 3 32 88
31 62 30 56 77 7 88 24 56 45 30 48 9 41 100 89 43 50 45 78 29 62 8 17 42 62 88 48 28 22 61 4 45 64 62 10 57 22 92 1 52 84 85 90 51 66 99 1 39 47 17 -3 77 78 26 74 91 19 16 29 6 5 4 88 4 57 75 76 94 0 3 18 65 1 14 77 34 62 96 14 79 78 39 3 14 -2 41 16 94 94 93 43 90 -1 37 0 35 32 48 32
60 83 4 21 59 10 26 53 89 97 81 55 91 11 37 76 44 53 83 8 100 65 88 61 17 83 6 99 23 87 84 98 49 19 7 21 49 88 32 62 91 23 96 6 23 91 23 34 64 34 98 82 26 44 40 95 90 49 98 32 47 41 42 7 27 46 48 76 52 93 91 15 18 20 27 48 8 15 43 62 27 86 60 34 32 2 16 86 53 63 52 91 61 22 97 36 8 63 94 69
61 59 68 39 24 22 24 93 38 83 48 11 29 92 86 12 97 78 80 56 74 5 90 57 76 34 25 32 43 47 76 23 50 59 31 91 50 9 45 73 79 16 91 73 14 19 93 63 44 59 5 40 72 65 72 1 91 87 10 88 54 9 60 61 96 48 61 57 47 75 20 14 97 58 46 29 13 50 64 62 67 29 90 93 47 34 73 71 30 8 78 10 73 32 27 40 30 72 91 3
34 72 49 76 17 44 56 70 5 74 55 9 4 100 23 65 53 52 93 43 15 24 56 49 19 79 86 71 15 84 79 53 71 32 11 82 3 52 100 3 94 71 12 14 17 17 47 62 87 51 84 67 56 25 54 17 90 92 9 9 43 74 84 60 73 66 22 14 71 27 96 25 33 64 27 47 13 40 73 77 8 54 10 70 81 5 75 76 96 49 100 16 68 54 97 54 29 37 88 92
16 82 18 77 47 47 8 76 76 0 100 4 76 72 22 46 67 69 50 4 97 14 72 14 50 35 67 61 62 87 8 -1 72 71 46 63 3 86 83 59 38 30 76 7 24 50 70 13 23 23 98 29 83 42 70 89 35 65 79 -3 8 94 90 41 92 35 28 56 86 93 17 27 60 64 64 88 39 4 28 47 74 31 2 39 66 71 97 86 53 42 31 34 15 20 88 -3 55 18 88 57
17 73 68 32 47 16 54 2 89 25 54 88 87 48 27 70 7 80 82 69 46 7 58 38 78 27 79 34 100 90 39 78 81 61 56 79 88 40 83 78 58 62 62 24 12 32 45 70 59 36 63 65 16 14 65 99 88 74 49 12 82 77 30 18 95 12 69 28 21 55 95 93 15 86 40 59 54 37 5 36 46 3 4 83 5 69 102 16 15 93 17 52 53 66 24 20 88 100 80 85
15 58 12 37 5 21 72 42 65 71 2 32 54 39 28 5 93 57 41 78 8 32 71 88 73 76 83 93 12 32 101 25 94 -2 43 35 69 53 97 80 70 32 101 73 61 55 81 50 27 24 5 96 31 76 45 89 38 3 2 15 80 24 57 63 64 34 4 61 77 8 89 19 3 16 59 85 81 53 15 13 67 52 95 28 9 41 3 48 41 48 44 4 23 52 84 10 84 50 74 3
5 9 60 98 82 4 91 41 33 38 5 78 66 88 64 67 10 38 65 58 49 8 17 64 77 70 52 94 49 90 76 52 14 14 92 91 100 22 46 78 45 12 80 14 65 73 100 13 50 28 42 59 12 54 69 16 90 21 17 71 8 96 69 84 82 20 96 16 51 78 24 83 73 34 90 38 30 32 47 16 22 35 10 59 99 79 8 97 64 11 94 98 101 9 90 23 31 57 89 23
66 81 4 59 51 66 90 60 91 42 41 1 47 54 3 38 51 29 51 39 8 65 56 96 20 57 94 72 2 21 98 37 92 18 10 60 63 84 55 -3 26 75 80 59 60 8 30 13 66 93 93 16 30 51 63 69 3 3 39 17 47 48 98 26 79 17 83 5 42 66 13 62 58 13 6 11 6 1 14 87 3 78 4 68 42 78 101 10 39 78 83 9 38 69 56 64 3 76 99 55
87 52 7 26 82 35 27 52 73 33 67 68 15 55 50 98 96 74 69 77 16 76 17 14 17 46 25 61 9 96 101 99 18 87 84 62 12 93 51 72 43 94 76 67 7 86 36 50 46 37 64 44 74 44 11 51 54 77 35 80 83 30 53 55 45 35 5 62 66 47 57 52 77 43 29 70 18 21 85 60 32 64 21 37 102 32 98 97 48 82 37 13 44 89 30 28 66 79 86 37
57 94 81 33 14 49 51 93 29 78 25 87 91 56 48 36 47 32 71 73 36 65 49 54 66 35 24 54 91 55 51 54 27 51 34 60 2 13 77 95 94 85 20 2 95 91 13 51 58 73 16 94 40 41 44 23 23 37 77 8 91 40 31 22 93 25 37 -2 50 63 41 78 97 4 6 74 4 76 34 73 37 4 59 6 28 46 50 78 54 8 41 92 66 8 64 55 21 43 90 19
11 16 97 56 33 28 70 5 58 67 6 3 44 45 48 80 10 17 83 96 65 11 60 91 46 71 39 11 35 2 62 94 79 34 61 1 18 57 41 69 83 79 50 54 93 20 48 6 51 49 99 34 38 49 79 18 12 98 55 13 32 11 102 99 25 38 78 70 20 43 14 2 29 61 90 34 5 62 78 42 16 34 81 66 88 28 81 27 49 97 10 33 43 14 85 80 50 16 18 9
12 25 96 92 29 48 50 -2 64 95 59 55 33 66 39 96 24 93 38 0 9 92 8 70 3 83 70 1 58 67 90 -1 65 17 78 16 88 89 78 78 7 88 91 20 88 29 46 36 48 39 8 10 23 51 5 81 54 84 99 62 71 88 92 43 43 85 29 70 84 46 98 81 37 82 55 2 40 45 87 70 71 95 29 57 7 4 61 0 70 17 101 89 45 44 70 44 39 84 18 59
13 68 81 66 62 95 43 10 62 11 46 80 63 84 61 77 24 29 32 23 8 32 42 4 34 11 17 39 39 12 60 97 44 44 44 100 56 99 6 31 4 5 102 62 14 56 42 31 44 15 79 78 83 22 81 66 63 99 88 36 92 61 88 17 4 32 77 90 51 79 37 33 94 74 73 11 38 8 73 74 56 8 9 66 72 91 67 95 37 47 47 99 27 43 49 46 94 69 93 87
49 70 69 59 44 91 59 82 85 68 27 88 79 25 31 81 35 3 50 68 64 0 30 34 80 96 23 55 15 21 99 47 60 50 6 70 2 87 35 21 95 52 83 -2 16 37 52 94 74 92 26 85 18 46 46 26 57 45 76 87 39 78 98 20 66 25 74 82 7 60 44 78 56 5 81 57 23 40 78 26 98 57 94 11 7 43 83 65 7 60 22 50 83 30 11 34 7 76 94 63
90 50 35 82 8 3 11 2 11 84 57 74 32 23 52 92 85 1 65 34 37 69 26 94 30 15 30 38 99 11 93 38 84 4 14 10 55 44 14 99 64 95 39 41 39 89 7 52 77 67 4 91 38 63 19 61 54 48 85 39 65 29 24 4 71 6 33 15 17 12 26 54 90 60 65 21 73 42 24 65 37 62 11 9 49 69 51 13 89 26 52 2 8 50 22 13 44 98 85 51
95 14 29 7 91 0 75 68 53 60 78 -3 20 11 98 9 33 3 59 32 8 5 73 35 91 25 81 31 100 34 41 27 68 86 39 87 68 3 51 36 70 68 58 26 96 29 35 49 89 91 63 -3 39 51 7 37 57 9 59 65 59 80 7 11 12 85 10 50 34 36 70 96 100 84 70 35 69 -2 5 96 78 63 87 29 94 63 100 25 62 20 98 71 3 -2 97 13 40 34 72 88
67 35 100 15 70 33 84 74 40 3 8 70 90 28 8 16 37 73 91 36 41 59 85 27 42 100 46 42 82 88 90 34 80 67 4 36 20 40 93 11 75 58 70 70 11 22 19 12 57 29 29 5 94 24 21 1 4 82 37 41 67 4 40 92 24 75 81 9 15 100 12 49 20 2 93 70 47 33 37 19 93 40 28 23 4 86 33 75 57 38 56 3 54 71 30 14 5 97 30 22
64 24 84 25 25 75 21 -3 43 8 16 33 56 14 40 67 72 53 93 59 46 40 75 52 67 34 22 78 35 32 29 65 76 53 25 73 99 54 31 71 51 13 96 73 3 50 54 -2 81 89 77 68 63 -2 59 3 76 68 2 11 5 45 57 35 31 45 88 71 86 81 54 30 101 92 72 76 9 19 18 41 83 22 36 76 33 87 91 -3 79 43 52 10 79 54 23 30 83 43 50 48
74 46 17 20 18 78 96 71 85 7 94 34 18 23 5 49 38 56 32 3 32 54 67 19 24 94 31 7 86 33 34 7 20 70 8 74 45 1 88 29 8 51 23 61 41 59 24 48 49 12 97 9 82 41 85 2 45 60 64 31 45 28 37 47 5 43 73 56 7 60 92 93 87 36 35 51 99 26 96 16 102 80 67 81 52 66 47 73 75 16 100 87 91 4 9 60 16 57 35 95
93 73 42 79 47 79 65 66 9 58 60 36 83 37 15 2 22 89 79 22 56 95 47 79 83 23 32 5 44 77 31 52 59 2 62 49 36 74 9 47 80 1 99 58 50 18 66 74 59 89 5 88 77 54 5 85 35 23 44 46 20 48 90 37 64 44 82 59 63 20 92 43 41 69 61 7 68 0 70 9 51 85 77 32 8 17 51 6 63 85 69 69 64 96 15 8 22 6 89 77
57 20 74 8 15 72 16 59 81 52 14 79 87 11 34 61 82 81 55 71 64 67 90 75 66 92 7 33 92 68 95 9 50 60 64 89 98 18 29 1 100 76 50 55 44 84 83 54 86 14 9 34 15 32 33 54 87 2 8 46 76 74 34 31 95 59 81 73 80 1 69 64 22 12 51 20 10 39 15 40 93 14 99 42 101 36 89 22 93 6 69 68 60 72 83 89 94 6 23 25
78 55 30 33 68 28 91 54 29 46 33 74 99 57 83 76 65 0 45 54 6 -2 39 5 62 51 11 78 57 40 64 69 4 78 90 21 56 71 56 90 72 88 13 62 6 3 10 64 83 47 59 64 85 56 92 19 26 26 47 90 97 62 85 7 51 44 80 32 86 0 64 51 24 29 86 80 10 88 52 75 66 25 42 80 25 81 60 77 16 19 78 39 30 38 15 19 3 67 94 77
60 91 30 51 16 36 49 54 32 84 68 74 86 86 76 81 94 17 8 62 58 100 67 52 15 77 11 41 81 85 14 11 19 27 39 89 55 6 94 30 58 41 85 73 24 66 53 23 77 52 22 81 89 13 101 55 12 81 56 20 98 47 57 67 16 49 59 2 7 39 73 7 19 1 22 45 49 22 40 27 66 85 32 33 49 80 67 20 72 72 83 44 54 66 64 70 5 1 68 16
83 17 76 56 86 91 15 15 19 55 71 60 54 78 50 62 78 73 39 92 39 2 22 47 46 57 90 13 54 15 8 20 66 22 48 5 92 85 85 27 8 0 61 67 73 70 47 72 58 61 9 91 96 22 83 86 9 34 43 18 94 32 69 3 46 58 10 0 80 44 24 83 50 89 45 95 40 75 32 29 59 33 25 79 15 33 43 92 75 90 28 62 75 11 91 56 98 24 30 35
76 19 6 52 24 93 42 81 42 47 85 24 32 93 66 13 51 11 79 95 66 51 26 80 70 10 99 55 73 99 99 86 84 55 20 69 46 42 46 23 35 28 86 26 8 39 36 72 43 13 14 30 4 6 98 53 79 43 51 24 16 41 41 63 16 47 41 97 4 18 43 28 77 71 95 5 34 7 91 55 56 52 92 17 50 14 13 62 79 20 29 71 15 42 50 20 33 88 8 78
101 24 47 33 81 40 39 31 29 4 76 64 40 51 76 20 71 87 99 24 87 53 34 0 67 72 45 44 18 64 42 25 38 26 70 92 93 72 31 44 70 -3 6 44 17 71 78 66 25 40 22 93 56 35 28 91 76 86 58 18 82 78 78 51 6 68 8 50 97 28 15 -1 92 93 56 17 86 7 100 51 72 25 86 45 83 3 77 61 71 8 37 54 73 68 32 86 22 53 55 74
44 4 29 85 27 76 82 68 61 65 15 16 20 25 64 25 60 61 42 93 47 89 84 6 38 93 81 67 72 43 48 100 3 35 4 27 52 42 69 34 33 15 58 1 77 42 44 89 32 98 76 51 40 48 11 58 82 97 79 1 88 52 25 82 44 61 77 53 83 93 3 45 53 17 62 76 51 52 15 3 93 64 62 64 18 83 25 89 78 53 97 14 55 18 23 16 43 87 39 59
74 15 64 60 42 30 98 45 57 38 61 36 4 37 66 87 4 57 38 15 81 76 76 64 29 48 83 32 5 70 99 95 52 22 56 60 30 83 56 25 60 90 97 3 33 50 16 37 20 62 99 94 84 13 26 29 94 28 4 61 24 65 82 10 74 84 39 23 12 24 37 93 29 87 16 7 19 1 7 95 52 49 54 18 82 4 24 77 33 22 93 82 59 38 38 75 6 11 10 66
36 49 84 17 37 42 65 34 66 26 38 95 51 39 27 67 75 21 63 97 34 28 65 32 39 61 98 71 37 56 100 97 7 99 24 57 65 46 51 39 57 70 55 79 46 8 29 56 89 80 4 23 8 32 50 6 90 87 26 69 101 20 87 70 34 46 52 48 46 62 69 6 102 12 46 38 95 57 96 44 24 35 70 21 49 17 43 27 90 94 29 74 46 24 51 13 79 45 22 58
26 15 49 81 95 80 35 22 53 40 44 24 28 45 54 63 3 65 58 92 52 8 62 55 4 67 40 31 48 40 76 95 56 43 43 72 15 31 24 23 63 83 53 88 94 8 59 60 77 20 30 87 23 -1 79 33 12 38 70 78 101 8 92 46 100 24 17 35 36 6 36 30 81 62 78 58 82 78 55 81 53 26 18 82 14 47 98 58 29 22 41 4 87 81 56 12 74 73 85 20
71 63 3 64 15 62 79 97 68 46 73 35 50 45 52 95 57 84 92 48 7 63 89 80 101 48 66 4 16 48 59 26 35 85 71 91 98 19 81 1 14 13 5 46 91 53 95 40 76 22 10 17 59 20 50 100 72 37 51 24 64 63 26 69 43 64 28 4 83 29 59 62 69 23 56 90 11 2 35 46 3 42 20 71 80 92 64 56 74 60 25 21 78 66 53 7 23 68 64 92
61 38 45 9 90 89 91 18 80 74 98 55 96 76 76 85 70 17 90 94 61 49 57 20 76 1 11 60 55 50 46 50 8 1 68 16 93 70 37 38 54 87 93 87 2 42 13 45 97 43 61 33 26 54 77 25 96 31 34 77 42 94 29 30 51 16 100 91 19 41 79 86 51 93 67 81 29 68 62 71 73 77 41 64 86 16 92 93 85 43 87 1 101 51 83 74 65 28 51 27
41 26 11 59 50 38 6 16 52 83 96 7 66 4 35 26 95 18 41 89 13 25 75 90 74 42 48 22 94 38 73 71 74 17 84 36 18 9 41 2 43 89 92 3 28 90 101 56 75 13 67 11 8 25 67 32 76 46 18 99 90 26 94 87 38 61 6 70 65 52 93 53 27 11 35 56 58 54 101 13 78 28 16 100 26 78 53 22 59 54 42 74 89 34 78 100 17 35 46 59
12 68 36 35 54 16 26 38 77 24 71 87 74 44 64 16 32 19 14 26 101 12 60 0 4 31 6 10 67 59 71 64 100 76 91 79 14 8 30 91 43 53 17 66 61 41 64 93 22 55 36 7 31 19 56 17 44 47 89 74 34 52 16 66 10 54 35 74 54 -2 45 96 76 18 37 88 94 31 21 64 52 23 24 32 59 14 37 40 55 83 97 73 101 72 56 6 16 51 42 32
43 44 89 16 19 92 64 61 52 48 92 60 9 12 64 47 50 27 40 12 96 93 23 40 62 22 32 99 62 2 53 50 38 77 24 26 19 93 42 66 18 34 6 94 91 76 96 40 13 21 62 42 29 48 58 82 21 51 79 25 60 54 58 96 4 94 97 5 33 12 17 38 96 88 20 13 30 10 18 71 18 91 16 17 41 74 10 63 11 11 91 99 18 59 20 44 29 42 9 18
63 11 63 11 40 -2 89 29 25 12 12 84 38 61 13 87 88 65 31 75 48 4 9 10 91 45 5 2 85 31 5 41 13 96 29 48 19 39 68 23 6 6 101 81 17 29 67 25 65 69 79 67 99 89 33 40 56 54 59 2 9 2 99 19 67 61 101 33 96 49 32 17 23 50 22 81 57 7 21 57 99 44 100 62 79 75 55 49 15 58 85 65 100 69 7 19 100 11 9 45
46 74 32 27 60 7 27 49 37 21 11 69 70 91 36 37 79 79 22 38 17 50 69 44 54 39 24 41 9 76 44 29 83 5 61 95 67 10 14 100 55 98 36 98 56 73 59 92 6 70 25 96 9 13 9 49 11 6 12 27 69 51 100 80 29 74 59 92 35 85 79 89 94 26 75 87 102 96 32 86 62 80 12 13 19 65 92 33 45 27 19 26 18 90 53 92 93 39 39 1
75 67 93 63 15 89 8 27 12 78 90 54 41 4 18 78 46 77 74 74 56 68 23 50 60 85 50 92 81 17 28 52 38 67 5 95 71 72 80 62 76 80 53 92 51 52 37 34 98 62 2 10 12 21 3 89 3 11 38 30 39 43 53 88 45 37 66 85 50 42 74 72 8 13 52 19 60 94 98 28 31 45 48 56 88 1 25 9 10 46 2 56 101 31 30 15 59 84 87 38
42 6 20 28 16 26 96 7 70 68 87 14 34 98 79 100 59 11 66 18 85 71 42 69 88 88 93 34 68 1 12 41 25 42 25 33 100 70 47 5 14 73 74 56 22 63 41 69 91 91 52 23 76 45 64 42 3 28 40 41 100 8 22 55 91 13 29 30 67 28 38 19 82 34 81 87 71 45 83 77 83 38 31 43 13 52 7 25 80 41 16 9 61 54 64 72 82 54 86 95
81 38 99 82 64 46 68 54 60 80 86 50 11 9 65 19 60 29 86 24 36 53 99 45 100 3 98 49 54 7 69 70 32 71 24 90 28 80 47 37 54 78 39 9 14 82 46 74 4 65 64 43 63 51 39 14 98 81 84 8 76 93 101 44 25 92 45 10 14 77 12 29 101 35 19 43 91 8 41 66 51 68 47 16 29 77 95 40 75 10 76 24 40 75 9 5 3 89 45 63
56 6 8 9 57 27 13 50 37 19 59 3 69 13 8 97 23 8 17 84 38 8 52 71 4 82 7 77 97 7 97 7 32 7 11 76 39 75 54 59 90 36 42 45 38 70 26 41 5 7 37 97 34 69 65 59 59 22 98 31 83 96 10 38 36 6 46 72 102 94 87 20 18 33 88 75 36 1 68 57 102 54 5 53 47 24 25 42 22 66 8 67 91 18 28 52 78 12 22 80
35 9 60 83 15 90 90 51 44 38 77 33 11 47 29 52 6 69 98 2 49 10 41 82 12 40 24 83 101 55 90 61 95 46 39 33 37 9 10 23 81 28 97 33 37 78 55 -3 30 68 33 3 83 4 59 0 56 88 49 13 38 70 39 41 49 -3 46 12 51 7 60 31 57 57 17 74 53 82 61 46 83 36 17 20 11 57 86 76 7 86 76 61 73 56 95 73 56 58 25 4
18 85 35 73 60 41 45 72 85 63 86 35 67 84 50 40 65 21 43 83 29 63 93 43 49 19 71 76 66 66 34 25 89 77 43 54 56 10 98 68 20 96 75 90 32 56 46 55 30 48 97 72 78 40 6 9 84 81 15 55 42 55 52 32 45 69 81 12 29 50 32 30 45 6 59 97 23 34 67 8 92 26 46 9 52 94 78 58 24 75 10 89 19 68 32 85 46 4 27 17
33 35 82 34 6 26 47 68 30 21 67 36 101 90 26 83 57 -3 85 31 10 15 78 5 72 59 53 0 6 27 54 24 79 18 36 8 94 11 59 59 92 91 79 69 68 -1 39 94 8 22 101 67 84 23 21 9 24 50 23 62 5 73 82 61 34 9 28 57 52 51 67 78 96 22 7 13 70 -1 6 6 39 31 4 43 2 51 78 9 65 79 78 16 11 36 33 95 62 10 64 54
14 35 77 54 23 91 62 100 6 47 55 83 55 32 11 80 89 62 16 93 9 9 39 38 38 9 36 82 76 69 65 43 62 10 18 99 10 65 7 26 49 24 16 97 95 16 37 39 7 2 38 9 63 28 60 77 23 14 36 92 20 32 35 45 14 9 78 32 38 49 43 56 50 18 63 16 35 72 79 76 57 34 26 95 35 11 34 76 30 92 45 99 78 68 65 35 33 57 47 95
46 26 2 8 47 89 61 68 3 74 25 93 98 59 95 6 54 73 94 73 82 79 4 68 6 76 48 93 63 27 88 3 71 51 85 10 9 94 52 68 23 40 88 39 98 2 88 0 27 78 67 58 13 47 81 88 90 45 31 29 90 30 49 39 5 37 5 25 3 94 58 31 86 67 61 1 6 75 80 0 9 31 25 28 45 27 84 1 25 13 77 79 22 95 71 34 92 -1 69 54
85 39 11 50 45 38 7 61 48 12 22 35 9 44 84 89 95 97 8 90 27 78 72 80 9 12 49 15 35 6 80 40 13 23 8 62 30 12 59 42 47 86 94 56 9 80 15 65 101 59 99 58 55 8 35 22 65 68 101 38 36 51 61 83 94 22 95 79 102 87 63 13 81 2 102 30 21 70 86 61 79 82 53 74 82 8 75 72 42 44 70 89 60 73 16 23 50 6 71 8
13 38 31 89 43 62 81 6 61 13 24 12 101 28 28 0 68 76 53 81 5 -1 45 71 25 71 96 -3 3 1 15 13 8 22 29 81 52 -1 39 58 52 34 12 -3 100 43 93 82 70 22 89 54 51 16 16 48 13 77 14 70 2 86 50 9 40 71 78 41 63 -3 15 92 45 31 95 37 97 30 91 22 74 66 71 -3 36 28 43 75 9 14 62 38 54 76 15 55 15 35 96 64
23 68 65 41 75 83 26 52 55 83 34 24 51 8 8 45 38 18 57 99 65 18 66 9 100 77 73 3 65 52 53 97 39 26 75 28 30 55 24 17 58 21 18 18 38 82 100 57 45 98 83 39 84 48 66 59 94 22 42 38 36 13 54 65 81 26 98 13 60 53 75 77 19 76 75 55 49 75 34 100 62 61 93 41 41 68 19 68 35 81 55 91 17 98 47 56 100 83 17 12
99 83 38 44 2 72 29 86 6 36 7 -2 48 12 76 8 17 4 20 25 95 44 32 23 76 92 62 87 76 39 29 65 17 54 88 63 84 62 2 4 94 38 70 52 77 63 42 2 64 67 66 12 98 78 93 82 36 65 66 41 98 67 61 42 92 77 81 58 27 54 19 65 44 35 98 46 21 17 42 19 90 65 21 55 98 59 86 39 65 38 44 75 51 64 101 36 17 21 42 38
87 96 63 83 44 74 92 11 62 4 20 41 77 70 27 51 7 77 40 91 99 10 12 5 45 5 67 24 20 82 85 20 37 58 30 5 60 2 90 85 22 25 84 68 12 85 24 84 27 19 48 51 81 74 47 77 59 91 84 9 19 55 44 54 29 70 35 56 8 37 24 34 35 41 10 18 62 68 10 1 24 34 73 6 39 4 52 98 22 61 7 39 97 80 48 17 67 54 25 72
26 23 85 58 19 64 61 15 52 43 16 75 18 62 78 60 75 23 30 57 99 88 49 1 100 63 4 86 12 96 17 71 85 49 22 62 98 -1 45 31 83 75 7 28 98 44 84 33 86 27 5 6 25 34 50 83 70 62 18 79 16 55 77 67 18 43 62 6 26 70 78 22 71 26 9 46 61 0 43 49 8 5 43 24 45 94 56 12 86 57 25 72 67 60 101 66 83 46 52 21
57 22 92 20 8 81 64 48 84 88 54 92 88 15 21 52 90 3 40 68 50 85 67 89 76 77 42 35 38 78 42 36 22 99 53 20 49 54 4 50 11 37 83 42 74 50 102 6 71 33 26 82 77 65 69 78 75 57 48 52 53 21 64 10 47 95 17 32 31 72 58 96 72 57 27 87 39 79 49 68 9 51 67 94 32 88 67 50 51 58 32 29 39 73 70 30 82 89 99 16
5 29 74 68 23 24 89 11 24 54 60 51 76 68 16 3 72 87 38 5 98 41 67 14 9 68 67 95 66 26 74 64 8 16 77 63 16 35 91 48 9 -3 25 31 73 48 52 80 28 79 72 21 97 43 101 54 58 74 96 59 9 27 3 14 39 24 44 53 85 44 93 16 5 62 5 64 23 93 6 53 4 81 58 24 16 14 100 50 68 70 21 56 3 0 81 58 85 15 4 0
68 58 61 28 76 64 47 65 96 9 27 74 101 94 99 25 44 41 20 65 46 84 54 96 60 6 9 17 50 1 69 96 41 33 35 71 79 94 16 77 55 46 70 63 66 83 52 46 41 41 94 37 71 23 100 47 64 16 96 93 23 36 83 98 94 26 46 75 42 9 51 10 34 10 4 20 76 10 95 12 21 38 54 37 88 76 31 79 68 42 83 2 65 68 4 35 15 36 41 50
50 92 53 53 28 62 53 23 32 60 15 24 53 7 74 35 7 83 77 2 94 35 92 79 22 70 4 94 10 93 38 72 73 87 91 61 25 74 59 91 87 32 25 -1 91 93 40 4 39 88 54 52 78 65 101 53 69 48 96 70 47 76 10 8 3 10 36 20 43 68 60 20 97 -2 2 91 29 3 36 27 51 56 5 75 21 68 44 -1 62 12 85 3 15 22 86 29 27 26 19 68
14 28 14 99 98 52 52 76 78 80 70 59 50 73 71 67 78 70 31 64 38 36 52 74 22 8 86 87 22 33 18 43 71 92 22 3 99 20 98 29 69 45 11 83 86 18 88 6 68 94 101 75 19 84 45 93 7 12 72 79 73 62 61 21 77 18 5 59 23 61 102 68 87 19 61 27 91 16 13 52 11 35 97 12 57 18 18 57 87 43 34 84 19 32 64 31 73 28 77 93
42 36 96 73 19 24 47 69 30 65 63 24 87 16 61 73 94 83 77 83 17 56 90 72 23 93 90 49 50 0 68 27 66 43 55 79 42 51 40 0 87 26 91 50 22 10 67 90 54 56 61 10 89 30 22 89 67 34 31 52 44 -2 52 2 34 38 81 46 13 1 95 78 69 3 80 87 95 45 60 39 52 76 41 82 41 26 28 13 67 66 16 62 63 86 16 2 46 18 21 90
13 4 22 39 43 83 66 23 77 71 37 11 33 45 48 1 4 14 3 89 27 81 48 45 32 13 42 36 11 13 5 30 87 18 76 4 84 67 78 49 88 21 41 69 38 12 27 59 63 90 43 35 94 92 57 15 64 84 18 11 22 85 12 41 35 100 79 45 68 64 21 16 87 34 91 79 89 28 15 48 56 52 81 34 70 43 88 84 62 92 79 68 61 99 61 72 11 58 62 46
72 72 59 60 77 64 29 12 7 80 40 44 82 68 35 95 17 2 11 13 40 46 66 9 19 67 23 40 48 49 30 96 10 22 48 0 46 49 95 24 47 88 54 57 52 0 99 79 13 12 51 17 72 47 18 74 57 59 67 2 21 15 61 28 85 2 74 12 19 65 23 5 62 91 80 68 47 16 36 18 12 34 48 51 61 58 74 18 67 2 16 92 18 0 15 45 79 45 27 70
54 48 71 7 90 95 93 24 14 67 19 84 46 49 43 72 42 36 18 36 88 34 45 41 48 48 88 6 53 29 99 98 39 1 63 47 70 5 18 29 80 49 78 63 38 53 79 77 97 54 37 94 18 59 90 73 67 72 70 10 80 85 98 29 41 67 71 89 79 31 63 99 95 35 88 81 53 9 47 21 12 85 10 9 77 60 91 71 37 3 44 35 8 69 5 26 58 94 8 1
94 74 68 -3 99 90 71 25 63 0 33 1 43 74 17 29 75 95 59 30 99 9 4 71 33 13 36 91 5 32 57 63 87 73 86 34 16 46 29 17 46 23 10 21 19 73 82 62 18 61 61 67 84 96 96 8 17 50 47 33 26 79 20 12 28 38 79 52 62 61 95 76 2 86 41 28 60 51 25 95 29 38 40 20 34 66 86 10 11 5 44 19 31 7 86 64 30 44 51 73
96 51 16 51 99 55 18 17 27 84 58 79 4 98 49 8 63 71 57 58 15 70 40 95 51 61 41 20 14 39 99 51 78 99 59 30 39 4 13 29 92 24 90 2 80 7 21 81 30 26 18 76 61 57 17 92 26 37 79 46 90 53 89 43 70 37 42 28 60 17 70 8 43 31 70 27 46 88 58 38 49 15 57 28 21 17 30 96 17 34 64 23 77 80 61 34 44 15 90 52
49 86 7 45 96 -2 43 11 62 68 41 28 12 56 4 94 34 46 22 7 39 89 97 86 38 39 53 54 27 6 12 12 93 61 59 86 57 35 42 95 13 92 82 10 49 48 28 9 73 54 78 60 23 68 20 16 50 93 58 47 71 59 11 74 40 91 24 22 78 30 96 67 81 18 75 0 3 91 47 94 16 11 86 21 99 47 34 24 80 63 98 37 37 30 13 91 3 25 56 38
69 88 69 99 54 72 93 84 36 76 82 41 61 71 42 62 8 61 54 96 9 96 27 45 17 84 20 9 72 22 72 82 10 45 18 67 38 5 102 20 54 58 14 91 53 73 63 14 36 29 80 27 65 27 58 10 72 85 93 57 62 72 79 30 8 63 86 44 23 2 102 100 65 6 84 82 45 10 42 91 75 61 99 27 90 9 16 61 3 55 58 8 83 82 45 27 64 95 10 70
50 83 88 4 60 23 10 76 77 89 13 96 8 36 5 96 24 22 18 83 38 5 36 13 33 39 72 5 70 7 55 70 15 62 48 12 11 39 32 48 87 44 52 90 23 50 56 81 25 47 72 44 54 46 99 9 23 44 11 63 39 26 87 12 93 95 68 -2 5 83 74 63 40 40 92 43 40 44 39 -1 99 22 6 -2 11 65 50 4 12 24 91 29 44 88 44 45 89 84 79 90
El programa tardó 40.824890136719 milisegundos en ejecutarse.
