18 76 58 83 31 51 84 35 69 62 57 8 78 19 83 75 78 5 78 46 60 2 30 39 5 8 96 45 68 30 49 92 102 66 77 38 61 26 82 46 100 62 69 96 98 13 18 35 65 9 45 59 74 27 93 93 50 14 76 26 59 52 93 22 6 5 59 48 37 92 58 13 17 52 11 55 28 57 44 55 77 55 18 9 93 32 14 52 25 95 94 72 88 31 55 28 98 59 83 24
14 85 45 85 80 89 29 63 66 15 14 73 54 49 72 12 87 37 70 21 71 30 56 36 76 76 97 9 7 7 66 12 12 53 35 68 84 27 17 22 86 41 97 85 39 16 65 64 60 56 91 7 4 7 18 -3 83 93 47 48 12 -3 58 30 51 41 74 46 40 79 15 1 73 30 85 25 70 26 43 47 90 92 70 49 15 8 89 30 65 51 17 95 44 79 61 76 16 54 89 63
99 62 42 60 98 32 24 2 5 91 80 2 16 16 9 18 98 60 83 23 54 6 53 27 22 19 85 17 45 20 43 15 85 17 45 41 6 59 70 37 64 45 33 82 24 23 72 5 98 72 80 96 63 20 94 85 12 85 9 55 34 64 102 53 64 100 86 42 38 49 77 53 7 91 35 79 83 61 82 68 98 38 21 82 21 43 81 88 13 14 93 68 81 50 47 48 33 68 39 71
72 25 96 58 21 33 98 33 84 34 29 73 14 26 20 88 23 76 62 22 62 55 87 27 45 -3 91 38 33 87 22 43 93 7 17 87 54 69 53 -1 27 84 17 93 25 29 14 26 15 1 52 95 71 70 92 81 35 73 37 43 95 1 52 12 83 11 14 24 46 69 8 6 6 37 14 85 24 95 20 19 97 93 88 76 82 31 21 23 16 53 47 54 95 73 20 96 41 14 38 -1
12 21 34 71 44 31 51 43 98 32 30 81 53 98 33 1 54 69 3 21 53 61 47 99 54 98 100 67 26 25 18 77 31 58 72 12 35 21 31 32 26 90 29 77 6 100 89 62 70 25 4 41 66 86 52 86 45 2 73 24 23 63 94 73 72 60 76 21 24 61 67 91 13 21 35 60 5 48 48 68 69 56 77 34 23 74 15 24 38 12 86 43 41 9 77 21 38 36 64 26
3 57 49 21 34 11 66 78 21 80 60 89 10 30 28 3 47 2 7 20 62 5 25 94 25 27 25 28 37 51 11 89 39 92 30 29 22 86 33 56 87 94 24 57 51 82 28 41 58 8 16 37 99 17 29 39 6 60 61 93 80 89 55 54 18 32 36 65 61 88 53 54 44 12 13 56 60 54 17 42 30 8 71 39 96 45 6 0 61 -1 93 6 100 8 32 70 23 95 13 13
18 34 94 93 32 12 13 77 47 2 67 88 80 88 96 8 102 4 98 99 12 31 79 18 99 57 40 92 32 24 81 98 92 47 37 72 84 37 95 61 22 89 45 19 76 69 79 35 37 81 51 86 42 61 3 91 17 85 18 57 42 82 27 100 98 61 73 46 66 83 13 7 82 46 19 66 82 47 86 87 84 50 28 30 37 7 89 27 34 10 64 41 20 100 18 32 62 15 17 93
29 60 17 63 18 15 71 77 12 16 71 60 96 72 30 96 57 83 29 63 84 75 61 87 75 9 41 0 54 82 48 25 91 24 6 83 48 56 57 95 21 53 43 84 47 59 59 88 28 35 42 47 11 75 50 1 61 42 64 28 38 43 79 35 38 89 89 64 78 36 68 29 16 85 27 21 85 17 85 66 58 68 53 84 27 47 2 31 97 10 25 63 49 41 44 29 61 96 84 46
81 88 36 83 93 23 76 27 34 62 63 37 82 35 6 55 20 50 36 15 20 51 44 52 97 12 21 35 8 5 40 28 10 52 49 77 94 83 87 95 95 19 48 35 29 14 85 19 67 13 51 11 54 66 64 97 92 91 63 82 62 83 74 81 30 85 7 38 3 81 64 77 100 87 63 59 16 59 86 89 84 65 88 97 15 16 12 90 98 98 77 65 52 66 50 40 79 61 90 68
49 94 82 79 67 91 68 5 66 20 88 84 99 34 14 53 33 11 90 18 12 94 5 79 81 -3 65 64 46 7 56 62 51 4 98 20 97 95 71 49 53 40 65 46 46 22 38 12 3 51 88 42 66 12 50 21 83 30 77 74 88 81 67 62 73 11 67 83 83 96 51 26 63 24 16 42 84 55 34 79 57 65 19 47 51 62 7 79 101 15 42 55 55 38 31 96 13 17 100 13
53 88 15 65 97 85 24 29 47 100 15 35 63 100 86 71 72 7 41 77 94 56 91 49 57 58 82 91 16 13 41 45 34 11 77 16 79 69 36 13 11 76 5 17 50 8 67 16 25 24 66 21 65 45 13 11 38 69 68 60 9 83 58 21 41 69 61 46 8 50 71 65 95 21 62 66 59 1 32 22 102 38 71 100 22 76 89 49 94 31 85 74 64 64 79 89 98 35 31 15
20 9 52 32 79 53 3 62 15 78 79 32 12 28 59 76 55 31 27 40 2 0 15 0 85 -2 41 69 67 89 45 0 86 74 68 -2 53 88 72 18 31 30 2 11 42 7 15 39 43 34 36 8 82 70 8 11 22 36 62 95 24 10 34 55 24 46 47 37 84 39 21 61 24 13 71 58 28 79 90 38 82 91 19 92 73 76 70 77 100 35 45 29 44 40 5 57 47 83 67 31
16 90 20 74 72 1 52 77 60 64 30 83 43 87 91 68 53 83 95 28 92 15 4 53 13 26 71 20 30 98 95 85 87 47 93 31 83 16 41 36 7 10 102 38 51 84 25 74 60 54 3 89 92 8 11 38 71 44 102 100 100 70 29 70 82 67 78 97 98 32 33 100 73 74 76 72 91 72 24 91 63 82 21 2 42 70 76 85 79 91 10 59 58 6 98 10 96 63 16 14
13 59 5 35 71 81 6 2 41 15 12 7 36 12 78 15 57 77 48 50 6 56 49 20 21 2 53 70 36 54 55 28 33 88 33 89 32 55 53 90 25 48 59 52 75 19 29 46 96 87 39 28 46 65 44 78 90 52 12 92 43 59 89 52 38 24 27 44 22 22 21 34 94 71 16 8 24 78 98 15 39 84 76 25 56 95 47 1 42 53 10 24 31 71 20 28 88 77 98 36
4 86 28 15 30 96 95 90 40 92 57 62 8 81 74 93 22 68 14 92 49 68 82 13 67 5 38 38 49 67 45 87 7 94 92 38 80 92 56 14 68 9 18 36 96 24 41 51 45 20 6 40 21 77 68 82 59 22 33 19 35 37 64 45 38 66 54 40 8 88 31 28 62 12 60 61 35 52 101 78 64 46 27 41 72 1 53 77 84 34 34 34 90 28 95 82 102 6 17 76
79 69 69 32 8 84 74 76 79 45 46 87 89 25 69 -3 18 3 16 0 29 82 65 31 83 38 77 86 56 61 9 59 64 26 2 57 90 42 42 48 20 34 14 60 73 8 99 82 91 55 17 96 69 81 36 64 36 46 44 7 90 22 82 30 66 90 42 29 69 48 24 63 19 91 86 64 90 86 54 87 83 83 100 34 55 46 42 94 68 17 33 87 24 0 20 17 83 38 101 91
94 97 91 80 74 93 15 45 65 32 79 39 15 91 31 45 40 87 11 63 72 73 23 61 41 80 88 66 81 99 35 47 31 79 63 81 99 64 70 93 99 22 71 98 26 54 47 55 23 90 56 51 16 50 99 43 33 59 91 49 6 72 11 99 32 18 92 78 44 94 24 89 47 30 68 25 99 96 45 79 24 65 63 98 64 32 40 78 85 49 72 51 8 11 6 63 7 94 53 19
26 31 44 23 97 0 48 37 95 40 87 2 73 78 100 14 29 51 36 77 72 65 26 27 5 88 25 58 41 5 68 20 98 43 26 84 96 87 59 22 29 23 34 21 43 41 59 52 44 66 22 18 92 76 43 36 56 25 47 59 24 69 56 49 25 60 35 27 80 75 72 31 59 96 97 70 82 -3 4 54 65 13 43 26 14 35 70 46 71 1 90 39 11 16 4 89 4 83 90 8
45 66 61 46 4 90 26 15 96 55 67 81 91 32 41 20 57 83 9 16 40 34 10 73 5 44 64 74 101 93 62 23 32 56 5 31 85 70 12 30 36 28 50 14 14 74 70 54 90 37 26 51 85 46 18 27 62 60 75 7 5 83 98 62 48 75 22 53 99 53 25 46 25 27 68 32 97 76 33 16 64 40 99 43 48 93 29 23 34 94 15 51 26 45 74 26 100 16 17 81
8 11 62 80 5 47 4 67 69 22 49 15 61 2 82 78 91 84 23 73 17 90 70 92 95 38 70 21 65 4 64 36 59 40 43 26 3 3 98 27 56 65 37 26 77 -1 97 17 31 56 54 93 47 65 34 79 14 29 74 23 79 6 13 77 25 4 2 34 33 65 53 0 19 32 31 31 13 56 51 53 89 38 52 82 95 46 29 37 4 6 3 21 46 26 11 71 72 53 31 44
13 49 73 23 41 96 20 7 15 99 74 39 78 79 81 86 10 78 57 52 5 62 55 26 88 67 64 33 58 39 34 40 9 95 22 38 14 35 6 18 16 90 89 3 100 63 3 31 73 18 66 36 73 73 87 74 99 82 11 54 43 53 4 3 14 23 10 22 75 59 99 68 24 33 102 26 87 91 74 42 85 95 55 74 31 31 14 89 43 92 30 91 39 18 37 37 39 59 4 94
47 20 27 34 13 63 21 11 47 46 61 23 71 54 91 32 24 65 36 28 67 84 67 49 74 64 62 71 32 16 62 67 17 81 77 66 61 90 96 4 52 26 94 26 19 62 65 51 7 31 91 -1 42 73 91 15 87 73 97 25 34 7 95 41 35 74 53 69 97 41 82 8 39 49 27 75 34 -3 53 6 55 75 24 50 22 50 71 81 46 4 33 66 37 46 49 84 38 17 69 49
76 52 38 57 41 34 36 82 24 7 24 44 3 71 97 31 43 94 80 39 90 77 38 20 90 22 18 72 98 46 64 66 87 64 34 84 42 71 40 34 4 51 55 99 3 40 5 44 26 73 25 50 96 59 91 79 13 49 77 27 96 47 30 97 77 68 101 47 63 44 43 52 40 11 86 84 19 41 35 58 32 8 100 92 74 5 40 72 51 93 45 12 26 61 90 70 6 54 93 50
60 56 7 34 98 85 85 58 28 41 39 6 13 25 66 84 86 85 83 20 38 77 69 19 14 67 76 67 20 87 80 1 60 1 44 60 32 44 57 61 69 49 34 48 14 68 59 79 89 79 76 55 2 49 35 11 72 31 48 6 61 32 66 7 15 29 37 80 92 72 52 31 94 38 30 14 77 94 8 30 98 44 65 15 74 36 101 49 67 33 26 88 84 61 25 63 80 70 82 66
57 72 25 83 61 25 79 14 88 37 3 38 87 65 42 20 44 62 60 94 24 67 63 30 22 28 75 1 23 67 63 71 94 58 102 82 42 44 49 41 37 54 58 70 99 74 25 17 28 55 21 83 49 25 21 70 49 31 61 29 50 21 38 1 43 20 82 83 64 87 29 30 15 48 31 58 94 48 72 10 66 18 25 82 79 46 96 49 95 45 80 40 69 99 69 51 23 66 55 48
67 24 54 11 21 64 43 74 18 90 6 60 41 88 77 18 54 52 49 67 66 28 17 95 60 26 57 17 68 15 54 16 96 85 56 20 10 51 36 67 93 64 80 53 28 52 6 77 24 47 74 10 4 1 16 84 91 34 22 82 87 18 28 7 5 33 36 89 49 10 49 88 37 25 49 51 64 53 53 77 61 93 83 57 54 6 64 50 41 3 86 74 44 80 35 8 2 91 69 10
15 8 27 82 5 7 86 10 43 55 77 18 21 59 22 52 74 30 17 100 59 61 3 1 68 38 69 38 4 87 31 96 102 74 42 56 57 98 7 85 36 1 91 16 5 58 4 65 58 17 31 89 42 77 94 61 85 28 7 88 27 98 43 63 70 68 56 32 57 93 35 99 42 37 28 99 72 44 81 23 95 50 40 77 44 18 25 35 84 25 79 35 99 69 54 67 4 36 94 70
80 14 75 -1 56 16 18 89 52 -2 24 15 38 10 36 68 3 89 97 45 90 56 70 40 95 7 40 28 2 0 48 43 68 4 32 76 67 69 6 52 6 77 45 70 15 3 98 13 2 35 70 92 84 87 41 0 99 44 29 19 100 -3 14 45 89 3 28 60 75 56 81 25 90 40 26 15 48 69 22 94 44 31 101 63 25 84 76 94 92 76 51 30 99 95 33 89 31 83 73 90
43 85 39 9 61 50 90 93 12 56 94 75 60 32 18 14 20 46 56 90 62 74 17 10 40 85 81 72 25 93 40 83 61 20 68 54 96 54 82 81 7 83 77 41 36 15 14 37 95 25 52 40 40 81 14 87 86 53 67 27 80 21 69 20 50 51 58 11 48 39 91 61 67 70 32 7 75 88 65 93 19 8 56 42 67 76 38 57 45 22 63 40 61 9 10 89 80 56 38 62
14 60 82 85 82 49 59 2 74 76 78 30 22 87 23 84 73 20 40 62 3 80 61 50 72 60 69 19 13 1 32 3 41 43 62 -2 53 39 62 26 30 81 59 62 69 95 47 54 99 68 6 22 94 63 50 19 86 -1 99 71 80 79 51 57 42 62 69 46 68 8 39 81 70 11 6 32 31 12 55 33 23 57 52 54 87 31 18 72 74 28 100 10 72 38 96 80 53 83 82 40
6 92 101 74 6 90 32 44 99 56 32 46 29 70 57 64 3 100 85 17 84 36 57 54 66 76 98 29 3 19 63 46 61 14 13 8 18 45 3 78 18 43 69 16 89 81 6 13 50 73 52 46 28 8 88 98 64 20 76 25 13 89 16 65 101 60 60 33 56 63 17 76 46 29 34 70 82 70 71 63 95 28 84 99 4 89 39 14 72 78 22 69 22 50 83 90 38 44 38 96
74 35 89 4 34 26 71 37 20 17 13 96 49 92 14 20 36 41 81 26 92 63 14 57 37 0 49 43 36 17 73 15 86 55 82 90 42 83 28 4 24 65 5 3 85 84 70 69 45 59 48 59 47 95 51 51 9 54 87 70 36 11 60 12 42 11 40 31 64 51 93 61 96 60 83 52 76 30 31 22 39 66 91 60 21 73 8 25 24 0 16 29 10 76 30 12 39 29 64 70
94 18 76 3 41 62 23 26 60 53 5 32 35 84 60 93 35 21 29 94 37 18 94 29 34 77 42 31 47 39 7 86 3 20 3 33 99 43 40 44 29 49 29 81 95 84 10 14 40 20 30 16 15 91 25 77 96 82 98 32 64 40 87 83 52 35 42 18 8 47 17 51 47 29 5 3 102 7 40 24 41 2 37 72 15 81 7 72 21 17 87 58 5 33 42 58 29 49 45 38
93 42 52 -3 87 42 51 78 48 65 41 94 42 37 50 17 81 89 85 94 22 4 51 47 97 38 90 32 97 74 27 81 75 24 40 63 101 63 82 3 57 12 87 59 20 72 25 8 70 76 51 56 82 58 74 11 17 70 34 67 90 95 63 64 9 15 67 91 100 65 6 35 23 85 32 93 15 62 82 1 101 70 43 30 50 77 3 88 43 4 69 43 15 13 3 58 45 13 38 60
82 57 66 7 78 29 53 54 56 59 44 25 28 35 97 48 76 84 84 79 39 99 37 22 83 54 32 64 17 65 33 79 56 7 79 31 88 93 97 8 5 1 94 40 38 32 100 91 55 72 31 54 52 18 90 83 75 57 30 87 48 36 71 91 24 37 30 64 73 3 70 31 30 51 63 61 81 48 86 37 11 1 20 37 54 8 89 36 20 38 81 72 99 53 25 38 60 97 65 64
41 15 43 88 98 36 41 65 14 1 44 -1 96 94 101 70 90 64 21 11 6 33 87 23 19 22 38 7 26 90 24 85 70 29 83 72 4 36 10 63 79 13 62 25 21 78 46 37 62 62 46 17 16 5 24 89 40 14 81 44 18 23 98 14 87 92 9 31 7 62 3 52 98 68 84 75 5 26 7 75 31 66 66 73 80 33 8 28 83 37 20 48 23 63 2 92 96 55 76 59
8 2 93 37 102 31 3 79 53 49 13 56 52 8 16 21 68 69 95 42 99 64 27 29 15 40 84 4 15 50 82 93 40 51 99 38 75 58 70 60 58 92 86 41 25 57 88 12 87 79 101 94 25 59 96 61 65 52 49 56 47 67 100 21 97 9 27 65 34 75 38 50 32 80 81 21 78 43 74 69 25 61 59 97 82 66 101 93 84 33 17 17 74 3 32 52 78 65 23 79
23 33 22 66 52 63 52 22 74 81 34 25 6 29 79 86 72 78 68 52 89 -1 2 46 70 87 97 75 51 24 65 94 45 32 87 62 47 10 49 91 41 47 98 34 74 75 57 48 29 74 83 -1 93 64 17 82 53 74 36 73 60 71 71 19 2 29 64 64 91 95 28 46 24 36 75 53 100 10 90 40 71 35 5 78 14 32 96 17 44 16 40 22 40 24 31 87 74 0 84 60
34 49 94 14 70 95 3 99 18 66 29 72 92 30 30 23 24 65 57 32 65 4 12 65 62 51 71 50 21 26 47 7 55 96 68 33 29 35 20 93 80 92 45 76 69 88 56 60 3 31 74 28 55 97 48 59 6 78 36 60 100 74 4 46 39 54 81 43 89 16 54 68 45 17 35 45 4 36 93 71 41 17 86 16 14 16 41 2 62 64 3 24 21 54 77 79 82 32 86 49
29 12 50 58 83 89 39 52 83 20 82 41 43 33 22 95 70 21 18 34 40 52 14 29 18 47 91 31 11 59 3 27 5 39 7 60 14 83 93 32 65 90 51 70 78 76 61 91 78 55 95 7 31 92 37 44 52 9 46 71 47 51 86 77 44 64 52 62 61 94 94 52 90 70 89 69 35 71 2 80 28 65 60 35 64 42 52 -2 29 48 93 21 73 79 11 55 86 86 32 55
38 89 5 39 21 90 45 18 18 88 78 77 96 94 76 10 12 37 60 22 55 68 59 32 43 84 94 75 35 13 39 37 52 53 71 5 99 9 53 19 59 39 75 10 5 59 17 7 5 46 15 83 6 9 79 39 3 96 33 99 35 63 44 36 47 100 76 31 35 3 89 7 59 47 93 69 27 96 26 60 84 94 93 88 32 46 61 94 50 14 75 91 86 16 78 92 54 67 8 42
22 37 42 47 54 -3 23 26 94 89 94 7 69 66 69 58 75 71 74 73 5 61 6 60 66 58 21 29 78 57 56 20 70 1 18 3 4 42 53 30 46 58 70 19 55 83 34 84 29 44 65 53 20 17 70 55 90 84 24 81 10 12 42 62 68 24 59 73 6 9 92 75 93 36 91 90 33 45 22 46 2 19 90 66 99 25 9 58 91 82 50 3 53 80 59 16 70 61 3 4
38 54 30 43 15 10 41 12 37 59 79 16 22 46 85 26 58 65 27 29 22 89 47 59 89 48 48 94 10 77 56 5 17 13 10 27 73 46 28 27 11 37 40 37 58 51 47 36 92 17 85 48 90 32 40 79 52 55 94 63 32 54 86 74 98 24 40 28 58 87 100 47 13 76 46 74 75 90 55 69 89 91 17 24 12 31 53 2 51 84 52 10 61 49 64 91 82 24 14 32
57 28 70 60 31 8 77 43 3 82 2 26 51 38 68 76 90 96 53 86 90 28 90 87 83 44 100 89 58 96 73 33 45 62 76 -1 31 25 12 14 38 6 64 64 47 28 70 94 29 76 21 94 38 20 69 17 62 54 30 91 72 54 82 90 5 -3 62 89 26 76 12 83 68 81 84 96 94 5 21 65 51 96 41 51 3 50 32 87 70 23 8 30 9 12 31 78 68 50 86 65
75 39 37 20 19 16 88 73 52 15 10 82 64 62 28 81 49 46 33 7 55 79 40 34 16 22 66 3 85 40 53 91 99 77 69 2 29 40 17 38 59 17 54 31 33 48 63 16 20 42 80 52 24 83 24 99 32 1 42 99 17 94 67 97 36 60 88 13 53 8 3 57 79 63 66 45 95 61 73 87 11 13 14 77 58 46 40 32 65 19 6 1 54 22 22 74 5 76 44 30
80 78 44 29 81 59 50 43 80 72 16 87 40 96 100 12 44 18 39 72 73 78 95 92 59 63 99 54 4 78 73 47 92 67 28 61 44 92 14 35 75 25 11 4 66 69 56 18 46 56 76 75 84 47 71 22 36 7 9 51 33 79 37 47 25 75 64 21 78 38 9 4 99 24 71 31 16 18 97 31 79 60 58 87 33 84 71 4 21 91 41 89 38 28 71 51 80 81 50 65
85 36 102 59 10 84 82 47 48 65 7 67 34 88 19 78 28 23 86 74 102 65 49 92 82 49 83 44 43 45 57 59 25 53 60 73 36 72 90 85 30 92 38 20 101 50 21 65 37 50 65 49 61 47 55 66 43 80 52 75 30 24 46 24 30 11 73 92 31 15 28 66 54 21 35 23 44 71 84 3 9 44 49 43 43 38 86 45 35 66 72 39 69 42 6 36 25 3 94 21
54 90 57 15 66 85 79 92 79 40 30 57 9 2 17 65 47 33 29 17 51 39 8 31 95 57 15 13 82 52 99 66 77 80 37 40 29 62 66 38 93 18 68 43 87 29 73 88 51 79 12 22 41 68 83 66 77 76 33 63 100 3 93 -1 12 5 16 1 100 85 98 52 71 31 86 39 63 4 42 96 44 29 15 23 101 79 88 85 63 65 9 18 100 12 9 23 72 26 59 26
45 27 13 70 70 31 81 80 47 22 8 95 3 56 97 54 98 56 14 25 58 21 27 28 63 93 64 96 46 56 86 57 67 68 22 12 91 40 8 25 71 17 56 18 81 56 53 42 13 15 17 76 20 28 59 53 70 53 14 48 6 73 41 90 71 32 95 100 6 69 59 1 66 55 65 90 27 18 3 10 18 60 100 6 89 87 64 10 91 4 54 58 38 10 92 87 43 8 49 51
84 6 61 23 39 8 100 83 31 79 92 53 66 5 26 67 31 21 95 13 81 40 31 20 101 12 47 66 60 11 75 20 60 86 6 84 101 93 51 29 89 37 28 82 17 77 52 71 20 52 43 70 12 -1 88 72 4 74 100 55 25 90 84 80 18 26 95 22 96 90 78 16 97 51 32 49 81 87 87 36 27 52 91 64 19 84 25 2 10 44 99 36 23 13 83 84 100 34 20 52
71 33 98 54 71 7 28 40 92 76 83 12 53 69 14 3 82 74 98 26 71 6 42 41 8 24 67 4 51 23 62 10 64 84 79 26 85 73 42 53 97 48 35 88 72 34 80 57 27 6 26 55 77 46 93 52 8 91 46 44 71 41 15 5 21 73 80 7 44 15 42 49 89 65 28 66 11 35 100 57 54 29 42 21 45 81 36 56 61 9 91 34 10 54 44 32 34 29 100 67
75 3 88 74 42 29 91 17 44 82 83 85 89 43 53 94 19 78 32 89 74 1 10 -2 75 21 53 73 9 49 54 21 48 76 22 60 92 27 84 5 24 25 30 21 64 0 39 60 2 30 26 38 6 70 43 83 73 28 91 56 52 3 85 8 14 92 68 92 24 58 5 87 22 58 43 72 16 85 59 78 12 19 57 32 78 40 82 81 62 6 74 3 88 37 84 69 76 37 67 55
101 27 32 87 9 98 68 76 14 70 101 6 62 42 7 96 3 64 25 10 48 14 41 37 96 27 50 84 83 52 35 77 102 25 72 52 50 35 52 85 14 45 43 21 64 32 69 94 47 15 44 82 91 14 23 80 76 38 65 99 44 60 42 90 100 79 60 76 36 65 37 18 36 29 50 93 61 35 45 36 14 49 83 45 45 7 49 24 43 33 102 20 76 64 23 48 58 84 60 14
24 -2 70 94 65 56 84 54 85 75 60 72 52 45 84 -3 16 55 71 72 36 79 51 87 70 23 8 36 45 81 2 30 21 28 48 39 80 21 53 20 35 88 14 44 92 16 34 74 57 69 16 57 62 4 78 17 84 95 82 37 89 71 46 93 72 89 69 57 8 18 72 7 83 30 44 29 99 -3 34 16 68 69 57 29 59 50 95 22 61 58 60 78 40 18 61 50 94 75 33 84
96 39 55 2 3 55 25 41 62 1 101 95 45 30 21 20 86 77 72 4 71 6 4 53 76 16 40 80 23 68 49 37 16 60 32 30 27 79 82 21 95 62 87 43 28 91 6 92 37 71 61 26 80 22 43 23 13 49 33 17 84 74 69 82 96 98 93 85 29 19 44 1 83 46 30 32 102 56 41 52 84 8 55 58 44 23 43 92 61 8 10 58 93 26 65 60 68 49 51 47
28 1 7 40 29 46 25 48 99 56 56 50 40 0 62 5 27 92 80 58 90 4 41 40 85 66 3 0 48 71 37 40 18 43 31 38 45 38 26 25 43 90 85 42 49 14 12 92 43 68 54 33 30 31 14 90 60 -3 66 87 38 6 13 29 25 14 60 12 56 20 60 56 2 39 94 31 2 65 85 41 25 15 14 40 87 24 62 49 54 8 87 27 51 89 15 8 85 61 64 58
37 18 83 84 82 52 25 80 74 76 68 6 16 69 20 86 93 73 30 72 45 73 16 66 67 21 21 49 55 42 14 6 68 81 47 65 36 18 79 13 92 34 24 5 88 64 22 9 75 31 54 7 71 37 3 98 7 31 38 41 35 70 67 93 22 41 102 8 102 6 13 74 23 3 9 8 88 26 70 10 52 87 78 49 84 64 19 51 38 9 24 98 32 21 96 98 74 61 18 100
63 84 68 83 91 22 94 15 101 50 44 45 58 24 82 68 22 76 87 39 100 16 27 45 35 26 31 55 26 20 29 68 39 4 20 40 16 74 21 -1 51 46 17 5 87 35 51 6 11 44 54 93 59 58 51 75 26 20 28 37 80 45 12 87 92 73 53 24 78 24 80 22 7 56 25 55 63 27 51 60 86 72 68 63 83 49 50 77 6 84 60 17 8 22 80 65 65 79 61 49
9 40 14 30 39 52 86 61 38 89 48 21 41 46 102 93 45 30 39 43 49 44 46 1 69 80 6 6 48 37 78 31 102 86 48 26 74 7 25 90 8 49 33 11 102 64 84 82 47 87 41 54 88 66 83 39 40 58 68 56 56 36 21 67 62 93 44 16 99 46 35 81 70 97 93 80 32 39 68 14 82 25 51 40 18 8 28 17 73 41 30 12 52 53 74 71 59 10 80 37
74 69 57 0 80 91 88 93 48 83 15 65 99 37 28 14 24 65 84 16 82 79 29 16 74 50 82 2 27 1 50 28 79 49 89 61 62 25 69 69 79 56 15 79 19 23 14 76 42 69 26 48 52 70 9 18 4 36 84 48 75 76 100 41 73 95 17 21 20 84 5 16 30 94 16 23 50 3 71 -2 37 80 40 66 70 19 58 14 49 5 57 95 25 12 78 39 100 1 69 49
87 58 49 24 90 8 95 14 46 88 50 77 7 34 97 47 83 79 88 56 59 51 98 64 83 45 10 58 96 85 6 95 95 55 19 46 49 65 38 28 81 46 80 73 12 88 41 53 84 59 29 42 54 60 16 34 20 38 9 62 38 48 16 75 76 68 13 52 53 43 64 75 57 30 90 12 35 25 18 73 20 17 53 87 99 79 69 34 95 30 4 60 9 96 58 21 78 37 42 59
78 63 56 65 25 91 45 80 61 45 14 34 26 29 23 60 80 56 6 11 94 54 87 4 94 41 15 5 11 52 88 15 27 88 26 29 45 52 16 73 81 18 28 84 86 13 67 96 21 56 50 75 90 32 5 58 98 65 76 34 24 86 94 11 53 2 5 24 53 67 69 28 22 23 64 52 11 52 68 87 20 50 93 9 38 40 50 45 85 73 40 26 96 32 70 86 13 51 52 8
75 47 84 33 5 47 54 83 51 71 96 39 11 77 25 61 87 47 98 58 52 7 54 51 59 88 32 97 39 3 101 14 42 70 93 8 20 81 94 50 28 7 51 20 46 87 81 17 19 44 55 66 14 49 64 65 39 43 56 79 35 3 11 44 56 65 49 65 41 72 28 41 97 45 35 68 15 59 24 39 19 29 44 76 31 92 3 98 38 26 70 66 9 5 68 21 55 73 19 51
48 66 30 27 27 34 53 87 79 -3 39 90 59 88 3 94 44 90 93 43 21 32 63 2 14 80 92 20 25 57 97 26 88 14 30 87 12 73 37 11 30 87 64 18 18 30 20 28 49 78 84 92 42 21 17 10 30 84 74 76 23 46 48 95 53 53 57 26 101 72 85 35 81 42 36 29 19 8 78 96 87 68 101 64 87 93 69 47 55 21 44 57 28 71 74 9 85 60 7 50
61 85 45 32 76 12 73 20 94 6 45 83 60 16 37 97 49 33 100 21 36 58 54 17 23 61 5 48 9 11 43 51 55 27 3 44 24 77 66 5 72 18 66 95 76 75 49 29 17 40 35 3 14 38 95 32 91 37 13 80 84 46 5 4 59 63 14 46 68 18 14 2 101 82 3 78 19 16 101 42 7 29 90 1 3 55 34 100 50 59 59 98 91 9 65 25 89 78 42 92
65 55 70 10 81 14 81 20 39 29 13 94 100 8 26 14 82 15 79 30 98 70 55 27 29 57 90 12 60 89 40 8 5 65 19 42 32 89 74 13 74 89 51 9 20 24 36 58 31 54 68 90 100 91 60 7 58 41 42 56 76 -2 44 18 37 67 76 46 83 16 4 1 89 8 24 55 24 90 53 65 67 49 75 37 79 8 92 48 42 67 90 19 29 35 96 61 42 84 15 87
87 72 69 96 45 47 26 85 27 80 91 57 28 85 61 17 53 21 70 62 37 25 62 99 41 60 91 78 14 7 18 41 60 31 101 79 90 22 83 68 44 7 94 100 64 18 24 52 78 79 83 71 93 4 10 65 18 59 51 76 70 68 52 93 49 53 43 68 86 71 46 82 69 76 35 34 72 98 96 91 37 90 78 93 87 75 6 69 36 3 22 68 94 82 67 8 19 64 54 71
40 11 90 -1 61 10 16 74 36 82 56 44 33 2 82 3 76 57 62 40 48 95 98 96 90 67 26 73 69 73 36 85 83 51 53 23 77 47 11 89 6 3 65 88 21 59 39 61 85 42 78 34 20 74 69 10 78 30 57 13 73 33 92 32 53 91 85 17 6 17 17 46 96 26 31 39 59 29 78 23 101 11 4 75 87 2 92 34 99 31 21 84 44 87 100 75 21 85 36 93
51 86 50 38 8 71 99 10 86 10 3 13 11 11 41 62 40 27 89 2 53 24 22 34 21 79 20 16 31 14 62 8 15 85 43 90 81 22 58 38 22 12 10 96 56 18 55 56 28 22 68 79 62 73 23 49 88 56 20 66 64 64 54 76 31 12 94 30 67 2 88 96 101 15 31 98 11 73 30 45 101 96 78 42 56 44 8 74 14 34 36 93 41 78 101 34 3 14 18 57
28 35 17 70 16 4 98 29 91 95 28 80 61 88 71 58 88 76 50 6 15 45 44 44 31 75 65 3 79 10 33 35 66 64 17 14 4 71 36 55 85 61 92 84 53 27 12 11 66 14 16 56 48 56 73 37 2 49 98 1 47 63 75 43 62 62 5 80 45 -1 79 59 5 68 60 40 64 64 90 21 18 30 90 96 20 59 22 35 82 37 63 44 58 27 29 96 61 94 93 11
87 9 10 68 69 58 14 45 66 87 75 27 78 5 27 69 35 37 23 80 58 64 98 16 68 66 88 46 64 100 47 48 100 100 28 67 9 37 41 49 68 8 81 58 95 1 22 86 52 12 17 26 88 68 95 21 11 62 42 61 54 81 71 45 58 55 41 82 99 58 40 71 5 28 75 68 75 2 20 93 79 66 59 28 50 99 11 5 97 89 87 80 49 51 30 46 34 28 83 42
11 81 32 84 41 79 91 56 39 32 38 17 89 33 45 19 8 91 94 63 31 65 59 39 71 70 79 42 32 76 52 94 100 8 12 77 11 29 84 52 15 43 14 80 59 71 69 51 4 9 48 2 62 77 99 71 51 42 34 4 42 34 82 44 101 92 11 84 70 74 99 82 40 81 85 93 30 0 100 15 78 70 9 -3 51 75 28 84 49 -3 55 80 10 70 29 -2 66 9 94 96
83 94 67 99 6 22 89 15 6 21 86 35 8 33 53 3 70 51 71 4 3 33 62 73 46 14 89 62 18 48 84 62 30 96 32 5 18 93 85 3 59 11 82 38 79 79 30 63 17 87 78 12 4 58 69 4 48 64 41 28 29 100 97 16 45 25 96 39 81 59 12 27 78 93 8 3 80 56 20 79 71 81 97 41 100 83 55 36 58 73 14 34 31 18 21 61 69 61 96 51
12 -2 59 69 27 85 23 83 16 5 14 66 58 55 49 59 12 12 47 86 37 4 74 1 42 58 5 32 35 56 94 12 79 34 70 82 40 11 34 -2 58 53 28 70 49 21 47 14 92 88 36 0 70 62 49 34 23 81 84 29 83 16 8 73 58 54 66 37 34 1 20 6 3 86 23 69 80 34 24 64 92 21 12 9 91 -2 61 10 59 39 16 30 82 57 55 5 24 91 99 29
48 50 90 41 74 89 74 37 99 13 100 73 62 89 32 51 35 86 99 27 65 31 58 70 99 48 25 7 63 12 25 95 6 69 59 42 34 78 41 6 34 43 57 92 78 16 101 84 15 84 5 42 11 41 55 9 76 18 76 1 102 21 6 40 13 3 53 46 30 89 87 78 95 54 63 8 90 32 95 66 29 66 98 82 89 48 68 65 44 50 62 92 82 22 38 29 67 31 42 64
61 61 3 37 91 71 93 80 97 0 92 8 83 31 8 27 81 13 9 32 53 47 76 17 35 64 99 58 93 17 85 9 75 75 70 15 78 37 4 33 46 15 41 7 45 82 49 66 76 35 19 60 32 61 29 53 3 55 28 92 23 85 20 49 80 75 36 40 30 14 7 35 54 86 45 46 24 79 4 29 90 88 57 16 73 12 40 4 69 49 22 85 67 -2 59 59 92 63 24 50
34 51 86 44 64 83 77 71 68 73 48 94 30 21 23 17 40 68 63 62 23 10 65 62 44 90 21 34 102 88 70 21 11 44 26 42 6 68 17 53 95 8 82 67 67 54 97 46 97 9 33 54 44 56 75 100 9 94 85 92 67 57 71 94 64 53 81 33 13 1 18 12 44 7 9 47 51 29 16 35 79 72 42 50 18 77 86 59 30 33 70 40 31 4 75 78 49 16 56 29
33 21 92 28 54 35 14 60 30 57 65 33 61 61 32 60 69 26 42 13 68 94 38 25 66 42 84 22 70 -1 12 78 86 93 27 21 67 20 94 62 20 15 99 36 82 32 24 95 29 82 31 32 99 69 26 52 45 80 90 66 101 86 13 30 31 40 19 -1 51 62 88 24 69 38 82 0 64 58 60 4 15 93 28 54 51 70 94 78 25 23 25 59 32 53 74 93 72 36 41 85
58 14 50 84 77 69 63 20 81 62 78 82 46 85 75 17 66 23 10 79 77 36 51 57 39 18 55 48 78 8 30 42 95 37 33 85 17 2 65 99 35 29 8 70 77 57 78 88 96 40 48 99 16 97 59 98 82 66 65 63 34 52 96 17 35 33 17 83 94 86 10 82 74 2 98 12 67 50 39 49 11 60 24 69 83 20 11 54 26 52 100 64 16 5 68 40 36 61 43 37
27 20 59 68 17 40 60 3 58 85 4 71 47 75 43 10 27 53 88 54 85 79 6 95 87 7 52 11 99 93 77 44 55 2 88 -2 18 57 44 96 94 83 39 52 67 20 87 96 30 48 79 84 97 44 61 37 28 22 23 49 43 10 11 11 63 68 73 13 46 33 33 94 53 50 27 36 46 37 9 2 47 9 83 53 18 63 85 9 80 46 33 24 8 87 71 15 40 94 20 80
99 97 68 7 9 38 101 97 95 23 67 17 74 8 45 47 43 67 77 45 24 75 55 57 85 42 61 33 62 98 101 31 28 96 94 98 19 96 89 14 94 45 77 48 40 85 7 47 49 82 72 48 73 66 42 1 59 72 30 48 94 67 28 7 9 30 35 96 39 78 92 12 60 38 95 86 28 23 101 35 73 79 31 13 4 65 19 100 101 62 63 39 22 37 48 66 14 71 91 93
54 45 86 83 36 77 16 59 17 -1 43 69 5 1 48 39 5 13 94 22 57 65 98 39 8 56 61 78 27 33 59 83 48 21 48 76 10 18 7 45 50 -2 78 24 9 62 87 96 50 22 99 55 87 61 70 67 75 15 65 78 80 68 85 46 81 36 4 61 47 15 59 71 27 13 26 21 68 22 41 80 93 27 50 94 7 83 72 30 4 59 27 1 2 58 30 6 11 33 7 66
61 9 67 75 22 13 74 20 58 28 18 32 99 8 38 86 73 22 51 8 73 65 76 96 12 75 75 73 22 86 38 19 99 4 31 62 25 94 71 95 40 51 48 52 89 3 38 67 80 12 20 13 4 9 21 9 20 18 37 56 91 21 29 97 62 9 91 17 16 99 72 85 85 79 25 63 17 81 54 66 92 86 5 23 54 97 99 44 70 29 23 55 73 7 20 43 41 65 75 12
50 22 90 20 19 3 61 79 67 2 78 89 94 10 7 94 11 78 43 10 89 83 98 28 13 27 28 66 82 16 80 55 85 73 80 18 97 55 76 20 83 37 81 67 70 87 99 36 31 28 80 21 78 48 88 26 86 14 54 -2 81 14 82 69 14 27 41 55 91 41 4 15 8 80 23 92 101 41 36 74 91 9 44 84 18 21 96 9 54 69 3 45 91 20 53 72 39 37 55 9
22 30 31 78 68 12 94 11 98 63 99 79 68 96 26 59 102 38 55 28 54 44 41 90 68 63 25 8 66 55 38 5 96 40 53 59 66 65 75 13 51 52 64 73 46 93 40 93 93 65 97 96 10 12 63 98 29 94 62 82 16 66 27 75 83 83 64 74 7 48 31 85 9 16 88 19 49 18 21 39 15 61 54 26 71 11 3 78 54 97 72 46 78 78 85 78 8 100 65 14
49 54 16 43 80 65 32 77 92 65 41 37 52 18 78 50 74 62 52 33 88 93 28 82 65 6 31 8 75 36 98 95 79 34 25 35 60 55 100 39 67 35 61 80 92 71 95 2 28 55 15 68 90 3 30 35 21 10 4 57 16 58 10 55 6 54 43 19 85 25 2 31 44 45 89 43 73 88 67 83 26 16 84 90 94 91 74 40 27 17 37 68 54 52 34 26 92 7 40 12
10 98 51 96 3 10 87 94 79 22 100 100 84 41 38 64 98 80 67 10 49 16 70 52 5 100 100 88 96 48 86 41 4 63 74 54 87 5 78 83 40 59 58 76 98 20 68 63 80 49 44 12 7 34 75 93 99 25 72 91 51 31 85 10 91 37 59 36 90 1 102 100 71 27 19 49 39 25 33 84 42 4 34 11 66 80 24 20 25 27 8 65 65 6 41 27 89 2 18 99
54 75 78 23 27 92 42 33 57 79 31 45 66 21 30 95 54 74 61 59 101 77 43 96 41 8 48 14 95 84 79 84 7 95 6 15 91 8 70 54 23 95 4 50 15 67 2 68 11 41 16 54 75 95 5 74 32 -1 100 84 88 79 5 18 12 76 78 18 79 65 45 68 86 90 58 26 38 88 15 18 46 77 32 66 41 96 43 24 9 6 30 92 52 60 31 93 51 10 28 2
75 89 63 42 67 73 21 43 17 79 92 58 39 99 27 38 86 15 90 95 64 9 78 65 29 52 35 23 32 95 100 26 87 40 42 24 60 14 10 4 26 28 85 55 56 67 69 55 63 6 49 49 34 33 68 9 99 92 24 79 13 82 43 8 36 69 24 84 79 84 42 17 26 38 88 19 91 81 93 60 86 23 5 9 49 95 36 87 83 63 57 100 67 84 31 63 62 69 94 31
17 77 52 39 77 20 60 83 37 61 23 62 52 69 55 91 8 38 56 80 66 4 82 76 54 62 6 15 55 60 27 84 30 94 49 90 82 66 82 40 78 82 39 4 89 20 77 -2 79 33 15 15 55 84 7 2 35 85 54 79 19 16 70 73 51 10 89 46 44 83 33 68 5 4 51 8 22 23 3 2 21 51 90 64 53 63 85 16 95 59 88 24 53 84 27 28 27 7 76 94
66 14 96 16 61 62 10 1 73 71 42 89 33 19 68 23 61 15 36 97 101 36 78 5 59 61 88 44 80 14 89 6 54 38 86 83 6 41 38 13 81 51 4 87 29 48 81 74 7 41 83 56 82 1 89 78 73 64 77 18 92 56 31 9 71 31 4 62 18 22 88 50 50 75 68 75 41 36 73 6 98 50 26 90 39 35 56 81 32 67 25 69 22 70 8 30 89 23 20 67
101 13 23 52 16 81 65 55 36 55 87 35 98 20 27 23 69 46 74 10 50 19 63 26 36 0 26 15 86 96 70 5 36 37 29 3 50 5 88 6 75 93 77 70 30 22 32 8 27 82 23 37 30 23 55 91 78 56 24 21 64 9 90 88 44 4 37 42 72 30 28 7 76 88 48 73 3 31 7 9 100 13 7 36 99 6 34 78 47 61 13 80 79 26 70 29 82 55 91 17
3 9 32 37 25 27 19 84 65 1 7 57 18 84 25 50 63 44 84 23 16 56 66 38 13 2 30 8 61 2 22 63 28 67 89 56 88 23 7 30 79 24 67 84 81 57 67 70 90 86 27 77 61 98 3 77 62 57 24 20 83 88 58 87 5 78 44 52 70 73 50 1 28 63 21 35 16 17 35 60 25 37 60 68 33 25 32 7 51 19 73 96 20 9 59 11 73 21 26 81
86 90 36 17 39 64 39 51 59 65 82 78 18 28 90 50 36 2 92 37 76 46 16 5 98 10 68 2 7 85 17 44 63 0 74 44 43 30 100 26 58 68 92 58 88 44 17 6 47 29 30 15 67 20 92 16 20 59 2 67 88 3 31 1 57 22 75 6 42 78 76 36 6 0 63 68 97 45 22 43 44 39 2 40 76 10 36 49 7 92 49 27 93 84 25 74 9 13 70 54
17 70 53 48 95 39 32 43 72 42 100 47 75 50 100 59 96 16 21 84 67 27 7 58 25 7 39 24 20 18 49 44 56 18 70 3 92 66 20 2 25 67 94 31 36 19 99 29 97 91 97 68 83 73 36 24 51 98 46 2 41 36 19 31 4 68 90 74 57 13 101 34 22 11 84 48 97 50 38 67 95 33 82 80 41 95 48 71 79 84 49 74 9 48 99 14 44 67 86 12
59 11 97 59 62 38 72 81 23 94 18 66 37 61 60 85 65 66 5 7 52 18 83 35 92 18 30 79 95 64 61 21 46 91 98 64 90 73 13 5 50 11 31 85 23 52 16 43 89 88 59 43 70 77 59 73 60 75 14 -3 43 61 90 89 12 69 4 13 21 60 58 29 61 4 5 18 40 61 80 15 48 88 4 24 37 39 12 23 88 63 78 1 92 48 84 94 11 -3 98 24
12 97 27 3 102 39 86 30 27 12 15 20 98 84 59 14 27 25 96 94 80 64 60 38 42 97 81 82 85 23 39 58 33 54 7 9 20 36 32 78 67 68 15 88 55 37 75 81 86 32 90 69 14 6 23 7 88 54 65 30 18 58 78 7 84 62 79 33 23 34 48 7 4 77 38 83 67 74 70 43 52 30 34 84 25 43 97 57 54 94 7 79 21 13 13 61 27 77 60 2
67 35 28 16 76 -3 60 -3 7 89 83 95 98 44 91 85 93 11 37 76 38 55 30 44 33 8 45 48 42 0 78 84 70 20 38 0 90 78 52 21 91 7 58 1 10 -2 30 48 82 49 19 40 99 40 4 96 57 58 87 35 15 29 71 8 45 37 13 66 4 42 84 88 19 38 51 76 74 39 39 83 73 9 43 42 49 1 59 17 7 26 70 22 43 94 7 89 65 56 82 18
43 11 56 90 44 88 59 20 6 38 55 4 51 24 81 92 88 90 25 31 97 61 99 92 68 70 37 3 50 39 21 48 41 41 47 79 64 65 80 52 90 62 29 88 95 70 32 7 49 91 4 15 42 3 11 56 36 65 59 64 72 12 29 37 6 8 101 34 43 49 96 10 56 33 10 98 11 89 19 55 86 34 57 82 89 75 83 61 84 84 23 57 3 6 27 22 8 87 29 17
51 42 77 20 72 47 55 94 73 3 93 1 66 71 22 42 74 43 38 83 43 70 52 58 69 78 86 43 95 73 32 69 37 86 19 52 71 78 66 -1 7 80 84 96 4 37 59 32 5 45 5 80 80 14 90 20 40 92 79 56 36 41 66 46 16 65 94 33 87 50 46 54 80 95 49 66 11 75 9 26 59 5 72 32 45 42 74 38 39 94 51 25 80 86 8 38 88 60 34 44
El programa tardó 41.121006011963 milisegundos en ejecutarse.
