7 55 29 69 39 68 67 38 54 19 29 92 75 79 42 81 84 72 21 81 14 62 26 62 3 34 97 1 18 26 16 26 30 44 5 13 72 96 41 29 69 87 17 81 16 4 68 82 14 28 12 14 100 28 99 68 91 83 30 62 83 6 32 66 37 60 78 22 94 67 54 21 92 35 80 9 34 69 13 66 50 41 12 98 91 31 81 90 93 3 75 45 78 90 97 72 96 32 72 39
35 28 62 68 88 58 9 51 59 76 24 11 15 3 35 89 24 19 65 15 6 48 81 32 26 24 83 57 77 17 79 50 82 72 49 66 9 68 58 35 29 -3 51 -1 73 28 47 55 25 25 73 19 101 45 46 42 50 45 69 10 32 32 31 63 49 52 31 73 66 41 9 43 72 51 61 95 11 60 40 34 101 5 83 0 11 53 90 45 65 74 78 95 91 76 84 85 87 75 13 -1
45 34 75 83 21 53 98 3 58 49 39 62 54 38 90 79 55 100 69 45 101 75 41 7 89 10 34 56 9 92 49 3 31 91 12 39 41 45 49 89 19 8 21 81 21 16 78 95 77 94 6 46 54 98 78 19 17 38 59 73 47 5 33 97 73 13 76 100 100 95 50 90 41 44 80 24 47 100 37 60 25 13 53 91 57 94 21 95 102 40 82 85 29 36 27 21 64 17 87 69
47 81 7 -3 3 68 92 73 71 58 81 -1 37 65 73 78 77 6 36 89 100 2 63 67 85 77 93 91 44 37 27 8 26 35 45 0 25 65 30 85 47 66 17 55 66 23 50 41 43 32 101 5 30 96 13 56 75 6 71 16 38 59 62 35 7 73 84 17 8 58 79 1 78 96 14 74 21 37 18 19 85 62 79 35 20 56 34 73 41 82 64 0 9 47 88 -3 51 88 36 93
102 25 95 24 92 65 14 60 40 13 27 82 13 91 39 75 84 6 81 13 91 13 62 4 41 39 101 15 91 49 33 100 84 15 83 75 23 77 60 14 78 82 17 54 11 8 83 16 19 92 57 13 96 4 76 1 45 22 94 18 45 13 70 47 82 22 96 28 39 25 56 43 38 31 39 96 65 63 21 14 41 67 23 5 25 77 19 99 95 81 77 35 51 2 87 62 9 51 65 25
75 81 43 49 5 23 76 74 4 9 46 30 26 63 44 30 97 72 90 36 82 29 26 81 25 56 63 47 23 23 53 29 3 52 10 84 20 76 14 95 82 15 56 44 90 34 48 31 60 14 95 53 99 0 53 0 53 61 42 3 24 20 27 26 22 9 15 84 77 24 15 17 64 49 80 47 91 67 20 24 94 53 89 41 42 19 2 92 91 44 84 31 59 15 67 3 77 89 50 72
38 52 33 31 59 46 50 99 52 75 15 34 43 89 46 57 50 54 68 5 8 51 37 11 65 75 88 1 96 2 20 64 77 7 42 33 59 44 77 79 12 66 94 23 63 64 48 25 54 36 44 20 41 100 32 54 28 42 93 55 61 46 42 93 57 88 99 56 20 3 74 95 4 87 99 77 7 36 7 8 67 62 97 97 88 8 20 33 78 88 54 92 98 94 82 84 16 10 27 95
55 96 86 84 55 43 32 85 28 28 8 63 85 72 57 5 8 -3 6 90 95 53 13 24 91 52 9 28 93 21 22 66 59 69 55 70 13 86 82 76 6 43 77 51 26 94 47 18 67 66 39 11 56 39 10 94 31 89 77 5 70 52 89 13 54 82 4 5 95 85 52 37 3 62 70 42 78 62 17 90 88 46 97 77 89 94 30 15 71 45 28 -3 40 53 98 96 63 13 50 79
66 59 33 6 43 7 95 78 90 21 28 4 45 15 20 88 70 64 90 64 29 11 22 65 6 98 70 47 11 73 43 34 36 4 86 40 11 95 54 25 69 94 37 95 65 14 54 75 27 23 31 73 94 87 95 18 94 80 82 14 40 29 21 87 90 81 68 66 90 53 12 97 23 36 28 55 70 13 32 73 87 80 53 82 78 22 37 42 4 68 8 69 65 90 7 23 38 94 62 100
8 22 88 55 13 63 49 12 36 77 66 79 36 62 66 79 74 18 101 17 78 48 68 10 41 79 13 63 87 5 47 21 23 21 78 74 36 42 95 74 75 79 78 79 7 66 68 96 52 15 34 96 94 31 22 5 69 69 80 1 49 96 88 82 24 91 88 93 29 66 89 55 50 10 45 49 94 88 41 96 75 46 26 65 83 38 71 44 5 92 39 21 61 11 46 0 55 13 15 27
6 1 18 70 4 45 73 30 91 23 89 22 40 65 98 72 80 56 93 37 22 27 99 81 38 64 27 24 81 21 29 87 10 11 66 16 26 2 97 85 50 50 79 32 40 62 100 43 85 83 100 10 70 70 53 87 46 42 33 81 52 36 97 16 100 57 96 23 34 70 9 26 78 87 29 9 66 44 51 64 65 31 28 69 85 71 25 29 8 70 69 98 22 58 25 78 58 81 41 81
83 11 2 23 46 22 3 43 11 -3 86 48 71 24 37 39 5 51 23 4 26 56 44 94 66 45 24 42 14 24 24 25 8 35 49 80 28 19 45 83 26 13 44 60 85 50 53 71 21 90 32 1 37 4 19 51 43 49 10 18 13 -1 11 42 75 52 97 82 62 92 23 74 70 5 67 31 82 -2 19 36 48 91 22 68 80 11 69 56 69 38 10 85 92 32 73 80 69 88 96 21
43 60 15 49 16 75 33 38 34 66 86 75 22 11 84 47 6 23 72 11 24 90 17 80 86 86 87 10 9 15 48 21 30 79 102 25 57 87 12 65 24 53 13 50 23 84 95 96 96 86 25 40 75 66 49 74 61 64 57 89 75 82 76 78 91 45 8 53 54 90 47 39 92 13 11 49 26 10 4 78 18 64 84 50 43 54 50 23 74 80 62 78 77 21 30 58 64 88 40 60
99 38 58 44 4 4 91 79 69 18 40 32 100 32 30 81 66 94 99 87 50 12 21 51 35 24 8 83 43 95 72 29 12 65 77 2 52 88 59 29 57 6 59 6 34 41 59 24 19 71 66 31 96 22 99 63 90 92 6 79 95 84 50 23 47 43 95 30 63 21 15 4 78 56 92 80 96 61 93 10 28 84 65 90 28 57 17 1 39 64 93 5 96 63 11 92 45 6 52 68
55 8 93 31 53 15 42 46 102 92 26 78 37 87 58 17 29 12 9 6 99 10 8 51 95 47 43 47 93 85 36 13 96 45 13 58 11 63 92 80 80 63 81 23 74 14 66 6 29 92 83 76 84 15 85 21 101 74 58 26 17 50 14 61 7 27 73 9 84 60 41 83 75 98 10 13 68 77 21 91 19 25 23 43 23 29 6 86 100 84 95 21 102 12 93 20 79 47 52 35
31 53 68 1 72 62 100 87 69 34 22 19 74 73 11 23 94 0 68 16 89 75 51 88 28 17 95 92 15 26 43 0 88 68 20 12 51 75 20 22 7 37 40 -3 20 -3 73 41 82 68 94 81 47 28 31 29 44 -3 66 36 5 96 20 8 36 76 19 89 54 2 79 74 67 50 29 10 8 9 45 30 65 47 43 27 10 18 24 41 49 2 3 96 15 58 9 21 2 17 4 36
97 21 22 97 97 38 71 16 26 86 76 2 24 66 71 25 100 83 9 52 19 3 14 10 11 16 9 36 80 45 89 28 85 64 39 34 32 45 40 24 25 79 41 2 79 4 96 5 48 86 74 25 41 84 93 98 99 90 15 58 81 70 49 56 72 38 12 94 54 37 3 37 85 81 98 31 48 92 7 58 71 43 83 39 83 95 30 21 98 5 84 31 102 80 38 50 33 25 76 96
66 30 33 80 90 83 50 56 34 91 80 20 51 37 38 56 85 89 42 20 35 51 16 61 29 27 20 66 62 22 6 72 101 75 54 92 40 94 48 74 36 42 32 18 56 85 95 41 79 30 27 20 65 21 66 96 57 90 33 54 6 26 39 92 44 35 6 -1 79 36 4 68 81 92 95 1 70 1 81 72 20 72 41 16 12 17 70 88 35 13 76 95 7 6 9 93 94 19 40 55
55 16 48 22 86 88 13 39 64 17 52 16 67 13 12 29 42 37 12 30 46 19 21 13 83 31 12 62 36 26 40 82 98 80 86 32 43 67 66 4 77 93 66 92 59 36 59 43 55 35 101 69 93 97 44 72 25 3 97 10 48 2 56 33 33 30 8 77 29 95 24 22 36 97 92 99 46 11 61 13 6 59 86 96 36 71 99 39 29 40 81 20 33 58 83 8 11 42 5 76
43 11 14 10 90 65 31 27 18 86 25 58 52 69 84 11 27 42 93 31 42 53 89 64 65 72 47 61 59 2 11 92 65 12 31 70 80 24 75 36 86 41 3 13 19 14 45 57 95 96 6 26 39 82 22 96 81 51 28 61 74 7 84 72 41 39 48 71 17 -1 77 12 56 18 12 65 96 96 28 34 32 96 21 52 25 13 39 22 69 81 100 44 18 30 91 71 92 18 74 91
4 88 60 93 60 28 98 56 55 2 16 81 24 42 93 50 59 67 80 37 10 41 98 31 61 71 36 50 54 8 28 72 68 22 37 79 89 36 9 76 97 17 44 43 91 11 28 21 4 72 99 50 24 2 11 24 28 81 4 54 30 64 35 82 30 90 72 17 63 19 8 18 21 14 66 8 70 74 100 38 8 3 36 76 55 1 7 84 89 60 34 61 85 65 53 41 88 61 53 60
23 4 97 18 18 15 29 26 3 91 88 42 99 7 101 10 68 83 64 79 61 39 11 16 47 17 20 31 32 29 92 79 47 71 81 62 94 23 90 89 69 64 38 4 17 85 96 67 88 27 52 1 46 19 96 20 53 27 34 67 87 17 61 7 89 37 38 69 7 39 45 -3 21 86 44 68 57 68 46 1 43 35 15 67 82 -2 60 11 97 54 44 53 68 52 34 73 49 3 32 42
46 36 88 90 70 41 68 58 54 47 70 93 51 97 94 82 29 64 65 5 25 31 80 5 74 18 70 1 62 16 42 27 16 28 94 62 72 6 70 76 72 100 67 28 18 47 67 93 71 73 55 32 37 74 99 59 97 90 15 1 15 31 13 84 67 7 33 55 58 10 73 67 44 81 36 33 74 78 20 9 56 99 81 27 33 53 64 49 68 38 30 19 90 47 47 17 33 61 96 24
80 79 52 63 12 93 13 4 18 45 41 7 45 60 40 19 60 54 36 61 12 11 39 76 29 18 95 91 101 35 61 53 87 43 42 96 9 26 35 94 8 26 35 92 5 10 60 67 12 -3 8 64 43 86 17 69 28 30 2 10 12 31 71 6 13 31 76 89 56 74 33 86 57 75 69 50 3 18 80 96 28 40 46 7 72 3 78 55 48 62 50 78 72 3 46 69 9 23 47 11
91 21 42 25 62 32 39 64 46 10 81 82 31 50 67 96 51 58 16 99 63 14 46 30 3 1 16 54 91 13 96 45 16 18 46 49 61 26 62 16 36 93 30 40 90 60 36 51 27 96 45 13 21 17 22 41 8 23 76 96 101 87 20 60 76 20 39 75 12 43 97 56 54 61 51 68 5 96 93 33 43 56 86 59 38 17 75 19 72 18 76 9 22 53 13 56 61 14 20 85
95 77 85 57 64 67 20 82 15 80 2 54 41 14 68 40 17 40 9 60 72 81 26 33 87 70 27 77 27 84 101 37 45 46 22 29 49 66 90 4 38 6 25 47 8 76 51 45 87 14 31 82 34 7 33 39 34 24 58 4 55 25 55 29 100 89 47 22 66 45 33 47 25 91 20 25 31 62 82 86 66 84 44 36 92 29 52 22 76 -2 58 17 16 29 74 44 85 25 60 80
27 13 14 52 51 94 65 99 96 59 72 97 61 88 82 84 89 22 79 51 100 4 71 33 81 52 61 63 12 26 69 24 5 80 82 22 17 28 10 89 88 47 96 22 73 17 66 63 88 98 52 19 86 4 93 27 41 62 46 61 13 92 54 24 72 3 100 23 97 31 49 2 42 13 23 69 50 51 86 19 30 61 91 51 62 94 67 19 63 49 27 82 91 2 64 49 51 22 84 62
89 24 19 88 100 28 69 48 48 69 2 24 93 54 52 96 68 79 84 48 61 31 30 79 100 36 31 94 100 31 76 20 4 34 31 63 2 -1 74 70 22 30 83 52 93 60 14 86 63 3 29 5 3 10 8 35 52 63 19 70 20 91 43 10 76 95 8 18 96 4 2 31 43 28 50 38 97 89 86 75 41 65 37 51 28 17 45 55 40 17 83 81 84 37 96 34 96 17 67 82
80 84 70 63 43 22 69 16 73 39 40 46 82 4 82 5 7 25 5 29 98 33 72 61 98 35 33 1 74 61 16 3 60 35 101 69 74 51 47 22 58 33 71 4 18 68 86 10 9 46 89 83 72 78 38 4 77 46 15 32 20 27 79 37 46 59 101 33 7 10 70 86 53 28 79 35 44 51 62 75 8 96 32 94 34 38 85 59 60 43 61 34 63 2 46 96 61 99 63 4
44 21 53 94 40 11 81 52 27 14 69 -2 9 44 15 92 4 1 36 7 38 15 68 57 77 94 43 85 77 27 88 31 64 53 26 15 33 49 43 3 66 68 5 48 99 25 6 22 9 92 28 4 12 39 59 10 46 26 40 -1 87 56 50 34 84 37 32 15 40 31 37 55 53 38 14 34 17 29 20 89 55 96 22 2 73 23 53 66 49 18 67 2 81 54 60 64 53 34 66 30
64 72 27 56 80 100 25 38 63 69 19 72 40 51 56 44 13 31 60 30 71 29 66 74 72 11 77 27 70 25 24 54 16 2 74 76 54 99 11 42 16 25 13 24 72 17 7 37 52 85 3 97 31 91 65 47 23 5 30 93 21 98 87 27 66 31 77 19 53 34 81 9 93 58 15 37 34 29 85 1 99 33 66 71 54 8 80 5 18 27 74 82 53 5 25 97 9 89 22 18
92 34 87 62 17 14 93 93 56 15 52 95 35 9 64 74 47 42 34 69 48 92 68 22 57 1 29 60 61 15 75 77 25 86 66 12 27 80 71 80 24 90 69 10 18 47 40 16 17 54 16 42 27 16 77 74 92 48 66 63 80 84 86 42 67 51 96 82 93 30 35 81 3 28 55 38 14 84 82 44 96 34 43 42 25 67 96 43 22 -1 60 89 7 16 22 73 37 47 85 84
78 37 79 42 96 100 87 21 57 24 76 63 13 1 67 98 35 93 5 53 82 46 96 14 38 61 27 71 38 38 86 11 102 70 63 21 19 99 16 71 27 96 70 44 67 79 97 35 60 33 46 4 72 65 49 44 15 65 5 96 50 28 27 37 53 62 13 4 10 39 9 70 63 75 78 91 49 49 50 24 28 92 28 11 73 18 46 23 55 99 30 59 55 29 79 82 9 59 26 10
54 27 18 45 91 84 91 5 67 86 21 15 28 4 49 7 86 43 41 25 82 82 78 81 81 1 41 56 88 10 16 32 38 0 79 12 81 64 37 -2 18 48 92 40 79 54 56 25 6 6 24 7 10 61 91 32 82 66 54 73 27 9 79 24 32 56 17 -2 33 24 39 94 60 58 43 85 8 88 15 51 3 35 47 45 25 69 51 44 30 93 29 39 78 2 79 69 87 30 99 28
80 59 18 4 33 52 14 45 76 82 17 55 46 25 84 38 13 58 97 90 38 61 22 14 40 84 66 22 75 96 102 23 17 52 12 76 84 5 66 51 3 7 4 99 39 21 8 98 100 18 53 55 8 1 8 61 100 66 13 29 28 69 100 4 70 49 24 20 40 38 95 79 43 56 24 16 94 82 101 6 24 58 93 71 7 10 102 54 22 17 86 22 31 75 86 68 67 15 91 22
82 95 44 27 67 53 7 78 18 11 81 57 31 73 17 36 60 46 92 82 38 86 28 92 18 2 17 36 47 35 83 86 63 94 61 66 77 27 66 14 32 63 58 57 92 78 69 95 78 85 3 0 80 93 81 29 5 13 79 67 99 48 22 31 36 49 69 71 44 70 27 24 8 30 17 17 48 16 61 4 2 63 80 82 24 90 19 42 42 44 79 65 10 78 28 68 21 68 64 11
72 63 81 50 42 90 21 100 80 40 40 64 76 83 3 21 75 7 16 48 91 73 69 36 54 22 92 38 88 51 43 55 85 79 56 42 38 45 39 64 4 82 63 36 43 15 21 31 55 67 34 41 30 62 80 48 94 35 69 50 62 5 50 86 44 71 29 86 33 32 10 70 90 83 15 29 75 49 19 11 44 82 43 44 86 84 97 47 17 69 3 75 67 13 54 73 80 28 47 19
32 7 14 72 6 14 35 70 13 49 97 90 20 21 55 23 85 22 50 59 91 10 71 28 82 -2 45 33 63 85 79 86 77 -1 87 70 92 55 82 33 43 58 93 36 40 53 95 85 34 29 34 62 49 66 57 15 27 38 60 54 88 66 99 39 38 46 42 47 49 55 11 51 95 86 7 51 39 60 83 40 20 83 49 28 91 44 41 54 69 73 32 -2 85 16 83 15 30 91 31 69
60 66 87 7 63 74 73 29 55 27 58 46 46 95 70 43 21 91 31 75 67 77 66 76 64 99 38 93 54 91 24 93 36 59 15 91 52 34 36 4 82 12 8 27 77 13 35 8 99 27 97 98 18 11 31 4 71 87 54 25 63 33 14 89 85 6 4 45 55 65 77 63 44 92 45 71 26 92 73 12 29 38 52 82 58 52 96 31 84 7 84 46 55 18 46 19 9 52 45 80
48 44 36 42 97 81 87 1 56 42 38 80 63 57 44 55 59 -2 68 49 20 83 41 55 87 23 77 4 17 29 23 39 15 91 86 86 56 16 79 17 7 45 84 94 34 8 80 11 76 40 78 63 78 30 36 72 22 28 54 56 79 3 50 3 90 1 10 95 45 31 29 10 52 49 52 88 12 27 66 83 96 15 67 47 99 41 16 68 88 27 17 82 87 11 23 76 37 56 17 24
70 89 75 56 76 40 91 19 88 61 87 90 32 27 23 70 57 28 55 65 76 1 37 70 57 74 9 48 44 35 81 4 23 8 69 89 74 83 101 13 76 41 92 68 25 54 18 97 68 67 44 22 50 88 59 47 38 79 51 31 44 41 97 64 8 50 4 41 93 49 100 92 54 33 28 68 89 25 94 74 35 92 30 96 95 10 97 21 70 46 5 76 67 85 75 22 90 97 43 74
72 12 18 69 12 68 74 33 63 74 53 82 6 87 61 70 79 86 29 86 44 65 97 61 9 58 45 55 73 70 88 45 34 15 19 25 44 28 24 50 2 64 92 61 67 34 67 61 49 14 34 9 2 2 8 54 36 64 100 37 101 87 71 20 76 16 34 46 43 31 73 69 84 88 39 13 48 40 59 0 42 25 44 85 53 90 79 46 96 35 52 50 80 4 67 63 11 1 40 44
45 65 44 4 45 41 37 79 72 43 63 81 31 13 26 73 20 82 52 63 79 17 25 78 33 30 35 6 13 1 45 76 75 24 31 9 39 79 39 92 5 92 60 1 88 48 83 2 5 90 18 57 77 36 57 69 74 25 82 94 100 27 8 73 40 2 74 28 27 40 34 9 58 1 80 66 78 57 95 61 92 100 10 65 94 38 49 81 10 62 54 5 39 59 89 40 29 72 51 31
84 56 97 17 90 88 89 71 73 91 62 62 58 59 8 57 60 10 18 1 64 79 49 46 69 23 4 31 46 19 101 87 35 20 62 5 56 70 30 59 101 45 97 67 27 34 74 38 86 60 90 30 33 87 62 21 67 33 34 89 71 94 73 80 16 41 22 22 58 46 64 49 100 75 22 2 29 45 10 42 29 86 6 50 54 67 43 71 12 12 26 73 36 72 92 13 57 62 50 90
47 48 54 38 20 70 101 34 102 77 40 85 96 8 63 59 14 31 93 92 101 80 52 48 40 66 60 73 95 87 57 40 23 71 64 87 33 19 98 38 7 65 19 9 60 87 71 95 67 68 72 32 69 32 62 60 71 29 70 91 5 13 52 44 84 84 89 79 81 42 55 25 79 57 71 95 17 14 47 20 92 62 48 60 51 82 91 86 72 34 63 65 68 36 59 18 87 11 8 55
34 -2 99 63 89 56 41 54 50 81 19 96 67 88 53 11 56 87 67 57 19 17 88 63 48 27 24 5 29 67 58 0 91 72 73 54 45 24 87 87 34 10 73 20 71 76 81 5 73 39 60 53 32 5 9 93 8 85 81 26 74 27 40 61 89 26 91 93 9 70 81 18 54 74 2 36 5 51 98 40 100 36 49 74 99 12 17 59 43 58 11 7 78 80 43 59 48 27 17 95
40 4 45 11 53 77 3 26 48 51 81 55 96 22 10 84 43 3 81 75 38 46 51 74 59 54 102 60 38 78 73 29 64 82 11 51 6 25 83 80 29 18 85 78 60 12 40 35 95 57 16 73 56 78 14 45 85 28 66 40 65 61 66 62 72 14 4 15 17 65 99 33 32 67 34 46 39 87 99 67 9 80 85 77 49 65 42 72 85 10 10 16 96 44 48 67 38 58 52 15
44 1 19 88 18 34 35 4 53 71 75 80 88 15 11 58 92 28 74 82 91 96 57 53 94 69 93 11 61 56 15 85 45 81 10 1 82 89 19 66 53 68 83 80 48 8 36 55 44 3 56 71 101 95 36 45 90 3 9 14 40 14 52 12 50 62 45 48 19 26 101 64 93 87 75 2 90 58 78 72 31 9 52 86 62 33 51 71 67 73 59 79 61 61 97 45 59 38 46 55
33 27 77 57 44 29 92 97 20 34 40 55 60 100 5 69 91 34 90 19 84 72 22 100 25 81 70 83 67 83 43 43 60 11 33 34 10 65 21 17 66 83 18 40 46 96 3 96 4 72 49 1 12 41 72 50 84 29 11 39 8 94 58 72 19 48 89 79 95 78 100 53 49 96 60 82 87 83 82 74 92 4 86 30 4 32 87 40 20 16 41 79 30 9 24 61 88 60 62 28
75 93 28 66 58 68 29 59 33 95 51 29 96 79 100 84 84 39 74 58 31 77 40 38 93 -3 12 80 4 67 56 56 5 62 12 81 59 10 5 40 10 61 43 47 33 14 31 31 68 10 32 76 58 -3 64 2 95 22 6 13 94 65 79 19 43 37 33 55 27 57 99 39 44 31 81 13 23 47 87 36 99 21 23 30 25 28 70 72 10 79 74 -2 17 -2 80 68 9 9 40 18
102 26 6 33 32 75 88 1 60 65 100 39 20 37 86 80 9 69 82 1 72 3 96 39 47 93 15 42 65 51 69 20 69 80 70 67 14 63 101 61 97 11 98 14 57 45 62 47 33 30 66 3 63 68 84 2 69 86 36 41 11 73 80 85 75 42 86 32 98 16 30 71 59 64 12 1 46 63 54 21 93 69 50 47 42 45 59 78 9 8 10 66 24 40 36 36 47 10 20 16
82 39 25 69 85 -1 101 18 66 27 2 52 93 7 46 22 93 47 29 30 83 62 53 47 5 76 85 91 60 -2 50 15 26 15 83 53 90 13 9 35 12 44 97 3 23 10 20 69 95 43 4 3 76 57 101 30 63 25 89 35 18 32 46 64 29 85 61 58 49 27 34 33 81 29 3 87 50 49 67 95 20 39 33 17 34 29 95 44 14 1 56 67 52 19 57 69 40 90 37 3
16 64 40 30 92 2 18 69 34 34 23 55 57 48 63 27 101 25 99 45 14 2 16 15 66 97 40 99 100 22 76 39 58 8 73 94 24 80 48 59 77 28 99 23 56 24 28 67 62 79 36 37 10 9 9 39 79 58 98 70 92 85 33 21 22 33 26 19 88 33 23 68 94 33 37 23 8 84 60 69 21 50 58 66 21 59 6 4 22 46 60 90 34 23 78 23 23 17 10 95
12 23 17 47 4 54 99 51 36 95 27 54 4 47 34 91 40 92 52 29 33 40 71 91 86 20 42 55 54 93 52 12 65 4 14 94 51 33 71 56 24 37 96 96 86 15 64 26 70 67 35 4 98 92 18 24 90 81 98 35 29 54 36 6 91 9 78 38 50 59 99 4 57 44 15 60 34 1 19 60 67 59 76 90 3 55 70 34 22 77 49 39 43 21 39 95 80 96 65 87
55 52 47 10 101 8 31 20 91 96 9 43 26 27 49 87 18 76 56 6 83 70 66 28 61 5 22 80 60 11 53 93 50 22 78 56 93 81 18 44 73 55 66 61 83 58 22 80 101 73 52 98 7 19 25 55 31 33 21 25 7 47 94 15 77 14 68 78 73 30 50 71 97 86 67 83 45 94 28 69 34 85 15 34 98 57 87 44 25 58 85 22 96 84 100 58 75 18 36 35
25 87 79 44 28 28 67 76 44 26 56 61 81 -2 18 88 89 44 101 45 99 38 21 20 60 96 43 80 50 39 2 26 55 56 53 33 62 81 73 3 15 64 74 45 67 41 27 30 30 94 21 58 86 91 77 29 88 32 91 80 73 91 79 42 80 2 46 17 20 29 23 87 101 79 62 37 84 58 95 48 94 72 60 41 2 23 39 2 35 75 61 52 94 92 66 1 62 11 28 46
77 29 8 53 81 24 91 95 30 53 86 47 13 70 63 78 93 28 62 88 67 66 97 17 92 12 99 62 47 46 44 4 11 76 9 49 24 29 7 25 54 19 13 28 40 63 4 40 89 73 21 66 26 24 77 38 39 21 94 10 41 27 29 88 79 54 64 42 69 74 56 48 52 34 21 37 35 31 15 11 101 51 88 50 24 21 50 1 102 94 42 26 8 67 48 42 24 53 57 93
27 38 21 55 65 40 74 93 71 72 32 0 30 20 37 78 55 48 80 84 54 5 14 22 93 92 51 81 91 42 32 78 16 13 99 23 15 90 84 87 78 65 71 7 8 96 70 63 44 44 37 82 30 81 95 54 70 23 70 76 86 76 36 46 7 4 83 12 59 66 48 55 92 34 27 85 58 39 67 21 6 1 97 17 83 43 41 8 12 42 19 22 46 88 80 67 6 88 88 29
77 76 27 26 48 58 95 58 83 100 69 79 42 49 75 25 90 5 65 57 92 27 39 73 47 55 32 40 61 84 90 100 68 36 35 46 86 86 24 30 80 58 73 55 50 9 74 9 64 73 40 6 4 72 55 59 18 39 27 100 86 33 96 49 96 10 68 87 90 8 89 65 82 21 65 19 74 33 77 84 3 97 45 1 9 73 66 84 5 8 16 77 18 44 38 49 37 49 47 21
45 16 92 42 14 15 72 25 66 15 44 81 58 22 8 26 14 -3 55 87 39 35 21 53 97 16 87 43 66 61 84 53 27 20 84 81 89 28 40 15 79 67 46 36 30 82 6 53 64 18 31 87 43 53 33 69 68 34 2 39 63 29 91 80 6 55 17 43 17 46 30 -1 82 78 20 44 86 -2 58 89 66 33 82 91 48 6 21 24 11 32 92 83 43 4 85 48 87 48 13 5
44 50 56 10 5 45 48 88 6 28 72 77 38 43 68 87 54 56 77 39 94 41 15 1 18 82 48 71 70 92 72 34 13 3 25 34 97 82 63 61 48 7 91 94 79 22 29 11 98 84 73 3 51 13 89 25 71 51 87 32 29 37 87 75 58 100 28 24 29 5 82 40 52 64 89 6 71 61 26 86 62 53 63 93 89 11 41 89 73 16 39 63 31 33 100 3 15 10 30 84
2 93 59 58 51 4 72 18 96 80 99 45 94 59 86 73 16 89 72 7 7 2 89 95 65 70 73 60 57 56 7 0 94 16 69 27 20 71 16 77 94 16 60 18 61 38 15 55 94 31 56 15 32 25 18 82 9 69 90 46 62 33 93 18 22 47 7 55 44 82 19 62 23 87 94 93 24 65 16 49 20 73 47 92 59 36 66 -2 5 60 78 5 100 17 59 95 36 30 25 18
14 33 95 39 65 27 8 58 39 13 40 71 27 90 31 55 61 47 42 12 79 31 59 71 46 37 17 30 36 68 87 41 43 92 70 10 44 4 82 17 81 1 37 46 13 77 91 33 5 27 30 38 68 61 22 97 14 36 41 72 9 14 42 100 14 57 29 16 80 11 63 83 100 10 100 76 100 90 100 16 9 79 49 65 89 14 24 66 30 1 29 3 101 26 41 73 52 100 65 42
55 29 75 48 91 81 22 85 6 70 40 78 23 93 13 56 16 28 14 65 11 71 72 -3 8 5 58 83 12 57 65 48 16 69 55 17 101 77 98 35 57 37 46 73 41 66 38 22 97 58 84 41 87 13 66 49 91 1 54 2 4 51 24 52 95 82 17 25 48 25 27 24 8 60 70 6 26 95 53 71 86 3 38 23 31 74 28 80 14 94 48 34 35 8 70 91 55 39 34 23
78 31 59 43 4 97 78 74 71 54 52 30 3 5 100 27 28 14 58 14 19 47 33 75 82 33 30 53 69 24 55 62 35 75 59 33 49 20 66 97 80 43 62 49 16 30 26 35 59 7 6 40 6 46 93 46 78 82 7 100 9 28 37 98 69 78 95 96 25 9 5 8 77 10 43 74 60 17 66 47 21 25 88 41 61 5 76 6 43 90 96 46 77 15 14 55 55 54 58 100
5 31 6 35 35 57 6 6 65 13 31 17 56 96 2 9 90 54 57 41 21 94 12 33 47 64 74 67 47 -1 94 26 21 75 17 41 39 6 63 16 22 65 96 51 27 29 89 16 92 93 60 14 54 11 54 58 44 81 81 -2 56 30 78 46 34 80 39 46 61 52 93 50 59 1 19 81 92 19 2 73 42 25 74 8 74 -3 81 90 34 87 5 24 48 -1 97 2 39 13 68 17
71 76 40 96 61 78 98 22 29 26 15 62 15 60 19 24 21 84 30 47 51 75 87 98 71 81 67 35 99 72 64 64 66 56 36 43 100 8 35 96 67 27 46 37 20 100 18 73 90 93 39 74 45 61 20 96 100 47 72 18 91 87 43 46 34 33 46 100 96 65 47 43 52 52 14 13 76 100 12 36 4 16 17 67 54 89 71 33 26 5 34 42 93 89 100 41 28 71 41 11
3 63 81 96 39 90 11 26 95 4 81 0 101 89 18 2 100 31 8 53 43 22 94 92 85 63 45 1 78 55 88 -1 22 3 72 35 99 66 13 53 6 47 10 66 60 17 58 8 19 45 70 -3 85 14 38 89 76 60 77 64 24 34 82 63 29 2 7 14 62 95 96 29 89 40 60 30 44 88 43 38 96 13 47 39 68 7 26 3 61 95 72 59 67 38 81 49 43 84 31 57
78 6 98 14 48 22 79 44 68 56 28 99 52 52 98 2 74 84 65 51 98 14 5 65 59 81 84 98 5 83 73 57 4 54 89 63 94 99 27 48 93 3 3 66 28 7 78 46 42 99 92 61 11 42 91 68 3 31 24 76 92 54 88 92 23 99 81 49 72 52 39 86 48 77 101 75 20 16 12 42 3 73 98 23 23 3 54 81 90 63 91 73 52 46 37 3 77 69 50 82
97 22 3 89 74 9 30 86 17 53 75 12 27 67 58 7 7 21 19 47 54 84 77 80 62 62 86 48 32 61 89 66 20 64 63 32 97 91 37 17 83 36 4 39 100 13 4 56 65 86 32 4 56 32 51 38 18 79 30 29 69 95 90 94 21 81 51 71 15 39 83 59 46 20 37 63 24 40 11 54 35 -2 3 32 90 42 49 65 40 49 39 95 91 37 40 31 25 25 44 42
22 25 60 55 28 53 73 38 42 57 13 65 15 86 69 73 12 97 99 47 9 76 37 14 70 3 53 68 44 1 43 70 53 92 18 72 83 22 57 80 90 25 38 56 19 3 94 33 3 55 65 18 26 65 97 33 101 42 18 55 40 87 77 88 54 41 29 34 82 67 98 79 73 1 82 92 60 2 83 51 46 42 22 16 3 55 69 6 98 91 82 5 24 15 37 21 73 98 70 45
2 74 99 0 65 59 94 7 46 83 27 49 36 37 47 3 65 21 27 -3 3 9 49 88 64 33 30 49 86 26 25 52 56 31 26 36 38 74 91 46 21 7 69 55 13 11 47 68 93 47 47 61 29 78 9 73 36 34 61 39 35 81 30 49 29 75 86 58 10 -3 98 83 5 94 100 96 18 53 98 1 79 80 99 93 16 80 89 66 79 65 35 53 2 41 23 64 65 91 45 14
19 85 13 9 83 91 75 66 71 64 20 36 13 49 80 51 28 53 31 11 98 5 91 27 3 20 31 17 54 32 67 52 27 31 96 8 102 16 53 81 84 35 72 83 90 74 55 66 58 21 92 73 69 25 55 41 102 55 75 64 58 34 64 38 45 48 88 99 9 84 73 95 91 95 75 27 53 40 37 21 72 97 79 97 92 25 23 43 65 66 10 6 62 14 99 51 86 49 45 62
95 4 40 5 4 38 55 8 46 55 85 6 70 75 91 43 48 42 64 74 24 -1 78 86 41 29 83 51 36 64 8 10 84 44 47 17 100 19 20 64 4 71 30 40 78 69 8 87 98 33 56 38 74 29 99 41 67 19 27 14 60 -2 91 -2 25 81 15 -3 19 25 48 62 59 86 20 81 57 53 82 4 96 28 33 69 88 51 68 44 19 18 87 53 25 75 94 16 34 8 65 78
7 25 16 88 79 18 97 94 41 57 72 19 29 63 73 59 68 32 102 13 40 38 65 98 52 48 48 53 38 55 8 87 62 89 39 29 24 59 95 11 4 51 93 42 83 90 99 69 8 56 86 99 7 37 10 70 88 99 73 50 58 23 62 75 25 96 47 23 36 2 66 60 47 1 95 76 40 60 11 18 96 29 67 52 29 62 64 22 13 4 73 11 14 73 98 10 83 7 80 93
46 46 30 68 8 1 65 2 90 86 42 42 27 76 56 60 68 63 16 56 64 80 49 9 50 3 6 60 2 95 6 21 14 71 48 41 10 77 57 31 74 70 43 29 53 93 68 60 92 80 98 11 84 -3 44 45 97 91 95 26 86 7 71 63 82 88 18 13 11 62 37 34 51 12 77 25 48 84 74 25 41 8 85 30 99 75 99 93 39 13 97 75 54 15 70 54 62 57 6 68
5 52 72 47 87 90 62 14 6 69 88 20 31 29 44 95 19 40 48 18 28 34 23 26 54 32 39 74 51 14 92 67 22 36 17 53 72 21 16 85 58 75 73 48 69 34 83 47 60 75 32 69 5 86 25 26 87 18 79 6 58 7 39 86 82 1 58 42 65 92 47 65 18 94 82 58 8 10 50 78 4 38 41 52 60 10 89 100 73 51 4 59 72 97 4 16 45 25 56 49
57 75 51 30 54 26 8 42 17 7 38 -2 66 55 76 76 10 80 56 76 25 81 10 71 41 37 51 51 5 -2 25 34 65 4 51 90 80 82 74 86 82 77 24 76 101 86 42 67 100 -1 64 78 63 50 72 84 91 24 9 31 9 3 38 7 45 35 41 42 78 77 36 17 20 84 30 51 24 65 60 64 34 65 16 95 43 88 64 91 49 19 41 73 82 62 49 34 37 67 77 5
41 79 24 3 37 92 9 21 68 14 8 82 30 11 70 28 12 85 7 57 13 51 44 72 102 69 52 13 32 77 78 45 41 56 90 51 92 33 58 16 49 43 85 60 94 36 60 17 92 43 37 24 32 95 74 81 82 94 50 37 56 63 55 27 29 81 4 63 3 44 55 30 81 11 3 83 33 95 41 30 90 100 4 88 19 23 96 62 87 66 66 21 97 50 70 16 49 31 56 90
63 85 20 51 90 75 101 74 74 74 51 50 25 31 94 48 86 36 56 24 71 30 65 19 39 75 15 70 85 21 86 12 93 30 5 40 73 7 86 65 27 35 15 10 90 16 75 33 4 61 87 19 40 72 12 93 36 45 20 -3 34 81 54 74 9 23 99 1 69 79 94 36 58 31 48 15 31 96 64 -3 87 28 24 17 40 27 40 78 93 66 79 86 94 20 12 92 25 15 70 10
61 33 88 31 95 1 12 42 55 84 27 95 4 16 59 62 75 50 62 1 92 51 7 11 87 54 21 41 75 98 29 60 101 23 59 61 53 44 72 9 60 70 99 33 12 88 12 99 34 80 93 100 25 3 23 28 3 24 76 21 55 59 9 6 64 35 83 63 99 64 100 23 96 98 31 94 19 86 35 80 68 65 4 96 69 74 54 22 72 81 76 95 4 88 82 85 21 84 73 61
16 95 86 9 45 16 61 43 66 19 32 44 70 76 99 61 74 6 65 58 55 52 97 1 96 75 98 4 40 61 74 55 23 89 86 2 30 94 10 0 44 5 12 67 93 77 20 43 78 26 17 77 68 70 10 44 67 67 42 10 16 14 80 60 90 93 84 16 44 24 3 86 20 1 59 94 82 85 71 70 49 40 42 85 22 86 6 49 59 11 24 25 16 15 70 21 99 81 89 87
9 91 15 45 4 97 36 30 46 91 72 30 54 76 58 9 95 53 62 4 95 60 89 58 58 100 73 5 24 99 56 17 55 24 41 51 28 1 102 31 37 73 34 31 47 30 88 31 25 88 17 68 73 71 52 4 9 90 60 74 29 23 19 29 35 18 97 80 66 90 71 51 70 74 66 31 87 68 23 3 33 9 90 66 96 63 65 3 17 81 59 29 4 75 71 91 50 45 34 71
58 36 80 78 61 59 99 50 80 17 3 32 63 51 5 50 10 67 101 92 55 19 92 30 13 25 49 18 6 -2 92 24 81 9 91 30 88 44 42 45 48 13 21 38 59 49 57 36 91 30 65 11 3 35 46 92 79 58 57 36 2 85 65 41 26 53 12 37 81 0 53 71 15 42 50 84 49 94 91 15 25 8 34 -2 44 64 56 45 85 15 6 30 32 -1 99 55 12 25 49 83
33 27 50 3 27 37 5 86 75 72 10 36 46 26 12 46 93 32 24 84 100 16 82 66 18 66 16 22 20 52 83 59 40 14 28 49 90 69 16 1 29 72 11 75 73 20 25 53 43 31 57 83 36 53 38 87 67 69 55 3 52 89 59 27 66 69 21 30 43 2 42 84 30 79 46 72 89 48 27 32 47 56 34 93 29 66 19 87 56 51 47 11 22 42 24 47 29 31 77 48
44 33 94 27 12 33 100 45 37 92 39 13 18 28 93 17 38 87 94 62 34 89 9 45 59 82 66 84 14 28 54 88 90 94 99 66 51 66 5 76 46 8 15 -3 52 86 51 44 82 61 37 29 62 37 71 79 48 8 97 81 16 67 60 68 54 35 70 67 3 8 70 73 70 73 19 2 78 50 39 74 84 39 9 21 61 57 13 46 86 6 41 15 97 21 92 72 56 74 21 72
78 73 42 3 70 90 46 72 41 59 68 1 57 46 80 55 101 3 44 75 71 69 69 18 78 75 22 49 53 53 92 62 29 24 86 12 6 85 52 74 91 96 19 93 4 26 73 85 101 9 89 28 5 2 42 89 51 64 95 2 53 8 5 26 78 5 101 6 62 67 21 62 21 77 60 32 50 70 32 23 71 30 24 92 42 98 87 66 19 72 61 39 60 1 47 90 60 66 44 27
95 76 50 21 9 24 83 38 95 10 13 39 60 73 7 67 34 -2 98 88 57 20 22 15 40 28 75 39 86 18 98 66 6 89 62 81 3 3 74 56 95 84 7 29 46 90 65 6 29 7 59 17 6 17 15 30 13 1 47 88 48 42 51 14 36 12 38 7 11 41 95 28 61 87 75 65 36 53 73 41 71 2 93 44 78 87 11 12 65 8 73 49 28 71 2 0 94 34 86 55
36 13 7 35 91 84 25 9 100 98 91 81 43 1 37 57 101 72 43 67 96 38 3 57 52 45 3 4 100 91 22 40 19 16 101 13 25 9 96 16 32 52 97 90 19 21 38 5 76 15 56 18 79 93 24 87 49 58 6 42 56 41 82 8 22 10 73 51 22 35 85 6 28 30 69 35 58 99 84 25 73 16 89 8 60 76 99 33 58 64 60 35 53 100 64 76 26 42 8 71
64 28 83 13 93 19 73 19 8 8 46 43 41 62 77 90 67 44 18 79 38 65 7 45 83 64 86 57 54 17 94 41 90 58 49 6 80 13 92 76 47 18 61 58 45 34 76 71 59 48 79 22 19 76 27 88 96 88 73 40 30 2 67 38 43 96 96 85 37 45 64 45 37 57 20 87 30 80 15 54 84 30 93 88 65 53 88 19 65 58 70 60 45 23 72 94 51 78 17 44
95 76 59 13 12 28 5 94 11 71 77 31 78 10 18 6 77 3 36 92 88 19 76 32 64 27 53 7 34 74 23 42 74 75 72 53 89 17 25 95 84 33 95 73 75 45 9 78 102 76 95 100 8 98 9 73 49 24 68 42 29 64 8 85 15 68 46 15 102 70 101 36 65 50 88 88 55 60 102 8 88 22 12 88 66 91 91 92 12 12 31 99 46 91 53 73 39 67 18 14
63 47 60 52 56 51 7 50 4 62 21 19 48 35 8 48 67 31 61 60 91 67 76 58 49 75 31 26 24 48 89 54 50 45 64 92 33 58 17 9 12 19 7 32 57 58 64 71 86 25 13 45 50 9 47 -1 58 15 63 74 21 61 23 95 10 2 52 17 52 18 94 66 86 20 71 26 69 70 31 93 80 65 54 31 3 43 11 92 74 51 74 34 75 33 65 4 100 62 20 76
99 2 57 28 91 96 79 68 65 39 59 94 46 16 93 99 69 74 102 63 43 11 95 48 93 35 88 73 48 55 21 81 43 91 17 47 15 43 53 26 18 70 62 98 86 85 52 6 42 3 79 43 23 30 73 13 15 36 64 26 32 77 81 95 32 26 59 18 66 94 6 55 91 9 95 30 9 56 6 14 100 91 26 85 97 52 24 76 32 25 62 96 98 48 59 82 101 53 39 75
83 92 93 59 57 35 69 62 55 11 39 21 22 11 55 61 97 -1 91 10 10 15 66 72 89 39 16 44 14 -2 17 21 83 8 100 23 44 19 84 18 39 16 39 40 47 55 60 30 64 16 48 57 54 10 29 28 11 68 16 18 28 89 5 1 23 56 37 21 2 57 80 63 25 82 101 69 44 32 67 81 20 87 6 50 84 60 31 17 13 81 46 51 75 61 46 58 90 66 80 93
98 79 33 60 27 2 69 23 17 28 38 45 75 33 65 6 45 70 88 48 100 97 73 57 83 34 19 58 26 66 19 29 37 41 50 18 23 73 95 60 24 53 71 97 56 80 75 4 37 14 63 34 65 40 8 41 10 70 59 7 57 73 41 63 5 80 14 93 13 76 31 67 38 57 54 22 60 7 39 28 77 98 21 20 56 36 16 7 8 100 19 25 71 54 38 28 44 65 38 97
86 53 34 32 14 31 22 63 37 72 20 95 75 23 93 89 54 3 34 38 12 40 38 9 3 58 35 3 36 76 47 25 22 37 8 79 97 62 51 38 89 0 93 50 47 94 79 29 89 90 23 48 56 58 55 64 56 24 46 10 37 41 94 39 8 70 64 86 41 85 69 30 101 57 7 35 44 27 63 88 71 5 40 6 6 35 26 3 37 61 55 2 7 38 82 33 92 79 5 65
67 87 97 56 97 90 82 32 7 13 63 88 53 19 39 41 27 92 79 29 28 4 21 21 90 81 35 61 52 68 41 53 30 13 16 13 12 48 22 92 51 75 98 37 12 38 92 17 69 90 93 94 73 51 6 31 101 88 70 56 95 19 23 15 28 23 55 96 6 84 64 27 77 87 90 100 67 62 46 93 83 19 101 28 101 69 38 31 54 9 16 20 81 48 7 4 26 49 7 2
85 24 44 92 94 81 80 52 5 9 89 52 58 54 17 56 61 83 84 43 98 51 40 88 68 55 40 9 3 89 70 72 61 11 89 23 89 12 81 3 51 19 54 -2 86 79 89 65 95 26 60 68 98 51 14 61 91 32 72 65 34 33 8 78 26 24 36 61 95 11 39 93 44 28 42 40 47 91 71 72 23 79 59 18 13 43 89 19 50 50 93 47 85 88 47 91 57 68 73 43
11 100 40 67 55 11 73 35 27 81 35 42 63 68 10 25 34 88 10 9 41 24 94 28 42 64 82 21 48 64 12 92 23 99 21 31 14 23 54 27 47 87 88 2 71 55 50 27 11 88 47 4 96 50 53 25 61 43 24 40 61 58 73 31 69 98 25 69 78 91 87 43 42 28 34 24 10 93 43 28 39 74 56 47 67 24 48 15 43 23 61 77 6 90 15 48 19 10 66 59
11 -1 88 79 33 11 45 82 38 66 99 36 38 70 59 64 13 35 96 31 38 41 50 87 45 41 66 52 80 75 29 22 3 35 39 51 53 4 67 83 30 90 36 69 88 25 60 49 28 22 13 20 71 58 33 96 23 53 3 86 33 0 91 10 90 18 60 19 80 96 44 69 12 -1 57 43 58 25 69 26 88 15 97 88 85 28 72 17 17 21 34 29 83 76 64 84 28 93 8 86
El programa tardó 41.495084762573 milisegundos en ejecutarse.
