50 50
22 12 87 76 16 56 48 66 83 82 37 44 84 19 12 36 12 99 89 73 7 29 31 28 98 42 90 17 84 30 33 11 69 29 78 79 85 64 86 46 67 5 0 84 4 53 65 77 14 19
17 5 93 34 83 40 46 79 60 51 96 88 70 55 74 66 28 97 23 18 97 53 25 58 50 17 49 77 85 48 42 82 44 38 25 50 35 60 59 7 50 53 20 24 75 41 84 42 12 25
63 20 16 74 51 96 37 96 25 70 52 28 20 17 77 78 64 45 51 1 45 31 76 83 50 86 24 92 35 20 7 25 4 85 69 67 73 34 84 97 41 18 17 14 76 23 8 17 1 36
45 10 9 16 8 69 99 46 21 39 80 6 68 21 38 64 87 40 83 4 57 70 54 0 19 59 78 70 99 43 95 20 7 55 98 54 58 75 55 89 32 68 43 73 13 26 10 92 58 47
3 27 65 15 27 88 46 23 3 40 84 80 47 40 64 37 77 49 91 91 54 33 60 83 2 99 49 86 99 65 99 19 65 21 89 89 22 79 10 54 29 80 0 39 93 67 69 27 24 33
62 48 86 67 24 6 88 44 8 52 28 34 46 9 24 19 24 31 8 50 45 2 48 84 43 8 23 15 0 29 55 8 79 56 11 25 83 93 18 42 20 76 92 31 81 69 93 29 60 19
4 36 42 39 13 5 48 62 28 72 3 69 71 5 87 78 22 73 72 77 45 22 3 37 18 20 76 53 5 4 77 43 42 39 96 26 99 86 97 94 66 67 43 6 30 77 81 11 11 26
64 38 40 53 83 83 45 63 63 35 92 49 71 13 51 50 84 86 0 17 46 75 59 50 95 70 45 10 46 8 74 95 68 97 97 18 36 6 34 28 34 65 4 45 2 85 76 14 70 18
40 18 83 42 14 9 47 26 8 67 12 17 38 49 35 35 57 3 57 38 96 4 57 44 38 99 71 16 12 0 30 20 17 49 8 5 63 99 34 58 37 47 50 46 10 11 3 34 68 22
52 74 54 57 27 20 99 25 18 38 72 12 7 53 71 40 38 78 38 11 3 86 47 76 74 55 52 73 62 52 58 62 58 17 22 95 34 17 87 41 43 66 70 17 85 17 74 51 39 46
62 52 87 1 51 24 85 70 85 41 43 10 46 53 81 52 12 77 60 83 9 2 63 24 38 99 93 61 45 55 78 45 70 57 22 26 80 39 30 26 12 98 31 16 65 61 72 41 68 28
1 67 7 42 76 98 63 41 34 11 95 44 8 69 54 29 76 10 32 15 88 29 70 0 9 4 18 13 14 49 21 89 13 17 29 61 71 15 51 27 35 29 90 63 73 10 30 95 10 32
46 81 86 54 5 93 19 9 57 38 40 83 73 96 83 5 3 19 45 47 16 74 28 93 46 69 35 16 36 95 61 46 96 11 29 51 77 53 54 55 90 40 82 74 3 72 24 80 55 68
54 35 91 84 46 6 40 13 32 70 51 92 48 38 17 69 67 92 79 55 73 78 3 93 30 66 99 53 97 40 43 98 90 50 69 27 57 21 59 47 60 9 39 9 12 19 54 71 83 38
93 65 40 66 21 61 35 43 18 37 59 34 14 20 75 62 65 45 15 4 61 58 74 50 16 87 69 31 29 71 98 24 64 58 91 33 84 44 18 71 62 59 32 86 93 64 91 52 4 81
33 14 68 26 26 53 49 76 95 92 46 79 14 79 2 57 20 7 50 48 19 75 91 85 0 44 89 5 27 32 35 32 91 5 82 5 11 6 75 42 36 53 6 0 76 66 5 6 99 53
26 78 65 35 54 39 28 60 36 16 51 6 72 35 61 63 27 35 56 35 41 5 40 88 63 96 52 46 15 56 13 16 21 64 57 4 42 52 14 84 49 45 15 42 52 62 59 59 18 71
21 35 81 99 19 5 90 76 55 70 88 88 29 88 26 2 97 60 76 33 52 92 10 17 72 78 26 60 24 31 48 42 33 32 4 58 29 86 80 11 69 97 99 52 82 5 17 26 22 75
11 71 36 36 79 60 31 52 74 0 19 90 7 34 35 69 17 29 78 47 69 72 19 30 68 33 95 63 83 1 81 12 66 52 76 20 28 54 29 50 42 56 58 53 23 99 74 11 69 5
66 30 82 96 56 85 7 48 13 62 82 47 20 50 88 17 48 99 3 13 32 90 5 14 62 98 28 87 3 85 20 88 36 8 7 73 66 82 0 57 75 79 19 85 5 26 25 27 60 2
9 82 56 22 54 99 31 46 53 4 12 34 38 76 62 30 91 60 8 57 2 14 95 55 52 1 64 11 41 67 53 86 19 66 19 56 14 28 52 66 37 93 84 6 15 70 58 80 67 23
77 7 64 23 85 19 17 48 54 7 44 66 21 10 8 83 16 16 77 97 20 8 77 47 73 59 14 14 9 66 97 99 92 54 86 41 92 31 85 65 55 64 45 48 57 33 20 36 16 19
69 75 98 57 89 35 15 2 37 57 31 30 47 84 4 37 93 89 62 50 40 19 90 35 38 5 23 41 43 19 87 78 37 45 89 18 1 66 53 46 23 32 57 88 84 52 36 23 32 94
31 26 84 80 62 41 9 93 46 96 28 42 47 29 63 49 40 20 71 69 95 95 64 76 41 95 99 88 42 55 3 62 38 24 65 13 29 70 67 61 42 15 20 82 34 85 2 75 69 47
25 2 97 55 52 59 97 25 57 55 98 11 7 64 70 62 31 1 93 1 3 93 61 61 19 63 12 13 43 58 20 95 28 83 61 65 44 51 52 92 65 84 8 99 21 56 19 84 9 87
20 49 69 87 56 80 66 51 88 41 4 11 36 54 72 49 76 57 66 0 35 82 74 88 48 72 3 22 81 53 10 49 81 38 88 50 82 41 51 89 69 82 37 80 64 13 92 40 65 46
21 54 82 18 0 0 21 68 12 38 64 68 58 91 22 96 86 24 16 16 53 42 29 89 72 23 85 93 12 7 70 31 44 85 71 46 72 37 48 74 65 70 31 9 40 67 57 80 45 31
2 81 95 77 12 33 80 14 61 2 7 42 54 36 65 61 83 52 3 91 79 20 7 85 64 7 92 24 84 20 92 53 25 37 31 62 56 5 59 75 15 16 98 38 37 67 6 23 80 91
92 40 27 93 18 99 54 37 98 72 30 94 0 21 4 64 58 98 44 50 49 30 36 86 63 74 47 97 0 4 19 60 44 91 36 79 33 38 16 34 19 82 20 22 23 50 18 93 50 63
74 10 70 85 2 72 86 18 1 74 36 57 83 77 15 43 60 26 97 37 31 43 51 6 66 90 54 76 45 9 18 96 63 11 84 31 34 93 18 64 13 57 31 23 43 98 91 72 82 37
39 52 8 83 98 19 91 95 3 38 40 75 93 94 66 64 88 75 76 16 70 88 23 77 19 14 36 55 81 53 46 86 73 6 73 40 82 92 65 21 11 73 27 81 44 41 32 90 20 95
95 56 30 32 51 17 75 22 77 15 41 91 21 57 25 52 89 93 68 90 79 30 75 40 23 18 2 56 72 77 6 21 7 9 4 10 82 26 58 59 95 71 24 91 87 11 82 71 91 48
20 87 37 89 8 70 81 85 31 76 63 57 14 37 32 13 83 44 66 51 84 18 88 55 46 44 48 75 70 84 54 14 79 15 70 15 23 35 64 4 6 51 69 9 52 13 72 22 34 18
53 96 14 53 8 70 95 44 66 62 53 97 81 94 67 33 85 46 37 52 40 79 27 77 92 86 73 59 11 16 18 66 47 8 80 98 68 61 42 24 27 7 60 69 19 6 16 24 27 42
7 5 4 64 51 41 48 71 19 3 44 36 27 73 86 88 25 97 81 95 96 22 23 33 37 2 98 23 25 12 79 1 82 90 22 68 56 4 61 53 82 0 28 32 57 16 48 20 76 69
11 79 74 69 70 46 18 58 99 45 32 11 72 10 90 94 6 80 25 96 92 32 92 58 61 51 94 14 82 37 37 93 63 94 1 5 38 46 34 5 37 93 26 96 36 17 40 90 5 16
53 51 89 45 33 94 85 41 35 19 63 0 9 16 90 60 31 17 16 71 29 81 86 25 70 94 61 26 60 59 32 95 88 50 56 20 77 16 11 83 24 14 72 12 34 94 24 21 92 1
2 60 21 86 9 83 60 7 97 20 51 46 6 41 87 4 58 56 52 22 73 48 25 57 4 49 66 48 38 62 66 58 8 47 70 3 30 60 97 58 66 9 67 23 23 6 2 53 42 25
27 37 6 74 8 30 96 20 64 55 29 41 80 99 2 72 82 36 19 95 1 61 9 98 27 97 58 22 92 92 86 98 28 62 46 79 69 26 83 55 14 56 25 57 32 90 68 28 37 78
12 90 29 17 50 92 44 27 77 75 56 24 77 3 74 58 61 87 70 57 79 9 69 93 20 31 38 16 94 21 34 8 47 57 39 31 95 7 82 76 91 4 94 38 7 98 42 47 1 87
5 86 84 1 25 67 34 28 4 69 83 63 75 0 28 83 60 61 44 28 40 85 24 29 94 6 98 78 54 44 74 15 92 83 13 71 10 31 93 85 25 61 87 89 56 73 21 26 3 89
40 72 56 68 8 97 39 15 50 2 92 13 54 56 92 14 49 65 8 93 42 80 8 64 74 96 4 54 61 34 88 13 31 91 43 37 7 62 46 15 19 47 35 43 2 82 46 41 30 44
99 58 76 16 19 77 12 7 17 73 0 90 94 70 67 91 44 55 62 82 22 99 13 83 24 56 22 3 45 61 49 22 33 86 98 36 54 9 82 68 49 77 66 77 47 80 17 80 14 2
62 43 53 99 18 81 48 36 39 49 18 61 85 19 23 79 6 59 40 1 11 56 4 75 53 74 12 17 12 39 27 79 38 13 14 20 47 37 59 83 98 79 55 1 64 51 62 93 98 43
57 57 40 25 67 3 40 78 32 6 14 21 11 29 90 13 0 85 14 29 12 95 95 10 40 24 31 38 75 71 9 74 84 15 6 71 51 18 29 41 79 40 6 69 99 87 27 20 91 17
31 92 23 68 29 76 24 86 64 36 78 8 67 77 72 32 56 19 75 18 8 46 30 27 16 70 18 52 42 91 36 37 39 23 63 32 76 5 15 15 98 1 82 32 78 52 44 0 82 43
65 76 44 95 76 63 52 18 92 89 6 13 62 92 49 8 69 0 97 28 90 97 85 68 9 21 34 42 16 84 87 7 79 17 96 32 45 24 78 19 75 45 91 78 10 6 23 76 84 53
59 12 46 78 72 67 34 36 49 14 45 87 65 26 57 3 56 84 63 85 1 8 8 8 15 83 97 58 69 79 15 41 93 14 55 1 6 50 59 80 13 77 1 40 20 61 0 53 12 33
27 72 93 96 2 72 15 58 96 84 69 92 30 15 69 62 65 64 70 58 7 88 81 16 67 13 97 34 68 88 41 7 12 25 32 47 46 38 40 10 54 1 25 42 63 78 99 63 13 2
30 99 38 35 78 57 60 58 49 67 7 93 21 97 1 98 72 69 34 39 73 4 20 60 33 63 59 71 64 33 63 92 22 62 97 74 34 52 77 71 18 49 98 12 74 9 35 80 32 39
