50 50
75 18 38 31 9 1 88 11 68 13 49 55 76 60 54 25 59 29 33 87 31 99 77 84 82 73 45 27 64 1 52 54 83 92 38 51 48 30 46 7 88 94 76 81 83 60 77 83 13 28
10 86 75 94 77 69 5 74 58 66 36 62 77 65 8 6 47 73 29 49 95 33 97 19 95 0 92 82 19 15 13 53 45 39 14 90 8 97 94 40 97 66 46 13 61 43 4 55 85 36
72 21 20 15 74 64 80 75 73 66 14 75 33 85 51 8 52 90 57 20 78 9 91 58 19 46 50 1 20 43 88 11 34 23 65 19 98 83 20 26 75 59 0 16 50 20 75 32 69 11
31 87 91 37 45 54 97 92 7 89 19 58 48 47 84 3 66 27 69 44 54 37 7 29 58 25 76 57 41 89 0 52 11 38 14 39 1 68 34 37 73 49 25 65 68 48 5 59 15 43
65 78 42 89 45 91 83 87 15 13 27 85 52 82 26 24 39 61 10 63 9 70 48 78 93 40 50 76 13 36 52 23 15 69 57 19 58 78 79 66 46 59 64 69 42 57 51 45 59 73
42 21 73 58 94 35 5 15 6 77 11 61 75 29 6 53 96 4 69 16 78 21 36 82 53 73 52 62 41 20 85 86 13 39 14 40 76 62 94 53 92 33 62 92 76 8 6 51 30 65
33 37 88 37 69 71 17 73 24 74 72 76 83 97 36 48 55 51 8 31 87 51 67 37 88 98 12 1 21 29 62 5 42 14 56 92 8 36 75 81 66 54 24 72 41 60 3 58 65 67
47 20 78 61 80 99 93 62 87 67 69 76 24 60 56 19 69 38 77 39 36 58 92 64 78 34 58 76 91 33 9 78 89 8 22 47 82 68 14 10 68 41 83 12 93 91 60 11 69 15
68 57 22 55 81 6 47 26 59 14 86 78 11 85 10 2 60 50 56 85 96 62 20 14 39 16 29 83 41 38 3 83 81 75 20 74 67 89 18 41 34 56 40 68 51 23 18 87 61 98
84 60 90 11 76 38 10 87 45 84 0 82 86 91 74 94 51 59 49 17 37 21 7 62 50 89 80 4 34 91 97 25 24 76 76 28 20 52 40 24 99 60 76 7 1 53 55 68 67 10
28 9 6 95 20 70 61 8 64 96 7 96 35 23 30 10 17 89 0 43 50 29 5 80 3 54 15 67 84 71 77 23 68 36 5 50 51 6 97 71 53 11 36 49 64 18 78 91 26 28
70 21 62 42 83 21 94 42 27 48 10 80 94 52 85 88 51 19 57 38 10 21 73 37 34 20 35 66 33 73 74 15 52 24 54 98 17 3 44 9 33 87 31 91 4 99 58 68 69 4
32 36 67 44 44 75 8 72 35 86 31 36 6 60 22 51 37 3 53 47 59 66 28 41 74 53 70 32 64 0 91 15 4 73 46 41 25 18 66 58 84 1 89 15 96 40 28 13 58 48
12 57 16 87 16 42 7 34 49 16 41 77 87 36 43 37 71 22 78 46 49 47 55 20 43 51 21 56 24 18 23 34 31 28 38 13 64 33 69 8 44 86 76 25 13 20 8 81 61 25
65 47 88 71 22 34 5 66 55 3 35 68 57 31 34 80 5 89 64 29 33 66 73 29 16 90 85 4 7 88 14 66 66 65 88 99 26 44 50 70 99 85 46 96 75 58 17 15 82 27
34 3 88 55 70 4 4 59 85 55 89 67 7 3 19 71 33 37 79 8 26 77 31 31 15 17 88 93 71 99 72 82 33 98 46 39 6 75 41 96 82 31 57 70 28 38 90 60 17 49
79 18 89 70 73 58 11 9 28 0 18 71 2 70 6 62 77 89 39 82 75 13 85 81 12 37 26 31 67 76 6 7 58 2 64 67 98 43 78 17 3 86 82 77 24 98 57 10 70 93
81 24 9 55 19 55 13 65 96 52 75 54 16 64 54 45 30 28 52 29 21 85 73 85 76 26 50 24 42 9 11 97 4 78 41 19 27 51 70 0 76 46 23 96 20 55 8 41 29 80
0 53 25 7 51 64 23 74 2 42 85 88 97 63 55 35 24 94 91 82 59 60 82 31 68 66 82 14 80 69 2 69 4 99 87 10 35 49 95 30 96 91 28 78 69 61 10 65 56 29
90 65 60 74 59 18 13 13 14 31 4 92 51 37 23 74 83 57 55 89 79 94 49 91 99 70 67 78 43 7 86 19 70 41 23 53 60 55 20 15 56 20 50 82 22 23 35 18 55 79
54 33 71 7 6 0 4 99 18 59 23 82 56 24 47 18 60 85 51 1 56 57 88 17 28 72 14 90 84 22 26 26 88 37 90 41 96 0 51 61 42 66 40 32 61 9 34 36 55 52
40 17 60 22 55 10 2 26 20 76 62 90 36 51 58 94 19 5 17 6 90 43 87 71 53 86 35 11 92 60 10 74 30 91 36 15 30 78 42 47 81 73 99 14 8 12 55 95 76 74
36 3 86 89 88 60 57 49 63 27 1 98 4 80 99 78 73 13 94 72 94 95 73 25 96 75 33 1 46 4 1 52 22 0 12 82 47 80 89 12 22 31 67 44 88 98 2 76 85 31
44 13 72 40 21 59 68 77 88 5 68 68 73 53 2 19 70 58 49 94 43 97 34 17 47 42 96 79 4 16 82 25 21 9 85 38 29 30 20 93 70 75 64 51 54 9 41 3 35 38
87 75 23 17 63 60 95 81 89 34 31 88 61 9 74 13 80 31 43 7 48 50 62 43 27 84 54 2 48 51 23 96 29 14 13 68 19 10 43 13 14 11 48 82 23 6 38 88 13 67
35 67 62 26 20 40 83 50 20 22 5 77 89 38 96 57 78 41 97 9 0 94 1 82 66 60 22 17 41 10 47 59 16 23 35 84 87 62 92 90 58 52 24 93 41 17 70 74 82 61
43 28 79 49 74 65 69 52 24 20 36 94 71 52 67 80 79 21 31 40 77 36 71 74 29 23 93 66 35 39 39 53 34 36 44 69 89 67 70 75 9 89 61 35 48 28 3 7 41 48
10 51 72 64 24 3 57 32 28 63 27 46 85 31 95 86 92 24 4 54 87 80 82 47 18 87 86 30 57 39 32 93 58 46 3 77 39 43 94 88 92 15 22 48 78 11 32 38 48 9
65 44 48 21 22 30 81 63 33 10 88 6 72 31 99 4 90 12 10 72 26 49 21 69 47 18 14 50 99 93 96 8 23 25 24 52 44 91 29 52 98 8 21 86 67 32 87 14 75 70
45 49 24 66 77 46 6 34 83 12 79 63 25 88 72 0 76 45 98 17 3 74 1 46 2 74 5 45 68 75 72 73 31 47 44 24 23 6 49 98 37 53 99 60 9 18 17 56 39 38
82 79 85 51 38 62 88 94 87 99 68 33 48 46 25 10 62 98 16 32 47 68 89 41 66 10 5 5 60 57 25 5 88 3 12 3 82 50 54 16 68 31 6 29 21 22 76 39 30 40
27 41 3 21 34 92 30 97 81 70 19 63 51 48 72 67 0 78 4 44 28 17 37 37 36 82 91 74 60 97 52 84 84 20 90 44 0 33 69 28 65 33 65 75 95 22 40 23 8 94
15 12 55 48 15 55 6 94 91 73 49 41 95 84 44 87 4 46 19 94 2 22 22 34 88 2 71 79 73 41 14 14 42 85 79 44 79 66 47 79 67 66 2 83 14 75 87 77 50 90
25 19 25 28 55 75 86 56 39 37 69 89 28 49 22 3 53 45 10 21 91 18 74 84 85 71 14 53 35 54 52 63 74 8 75 62 31 87 82 72 28 76 6 21 21 76 23 95 76 53
71 95 2 39 11 74 5 99 23 86 96 48 85 60 97 81 13 77 30 20 63 48 93 59 42 4 82 88 91 75 53 1 0 65 46 21 70 56 85 36 6 52 34 10 33 96 70 64 39 53
23 63 44 19 96 78 29 64 0 71 21 70 79 62 42 16 75 25 11 0 50 87 88 94 68 6 74 46 11 7 28 8 73 88 58 45 4 22 56 57 72 98 52 67 51 73 93 64 42 46
69 40 45 76 15 4 82 24 91 6 3 21 90 47 60 12 73 37 25 76 17 67 37 53 91 92 2 84 75 14 40 97 79 96 76 52 29 39 79 9 0 79 43 42 61 20 29 93 29 93
56 37 9 28 28 84 55 5 61 41 39 36 66 12 29 39 78 24 81 47 47 27 14 92 15 22 10 15 72 46 6 73 67 63 42 71 60 72 47 33 39 81 83 67 5 74 38 66 5 16
55 34 53 49 22 29 86 41 79 79 26 88 11 91 1 43 88 95 32 30 47 9 40 61 7 44 49 72 55 10 48 55 27 41 63 61 4 97 29 48 44 49 96 99 95 31 6 91 46 63
63 28 40 59 94 12 84 52 32 79 91 71 74 71 44 61 86 5 58 11 71 24 0 26 10 22 92 96 86 66 38 29 47 41 54 93 20 13 63 3 94 59 72 69 95 39 31 69 46 33
62 9 69 71 78 63 93 75 86 71 84 19 25 80 35 25 38 35 9 94 87 42 71 96 9 31 59 31 19 81 75 0 58 87 1 28 75 78 69 94 95 24 81 63 49 8 44 8 55 70
35 60 48 74 5 46 10 92 66 99 5 41 32 69 61 66 96 6 19 0 85 3 94 18 29 69 3 10 88 23 2 22 90 47 59 16 86 21 0 30 7 86 27 30 50 52 89 72 75 59
59 30 63 3 50 58 6 85 24 10 34 51 61 52 46 96 56 76 14 93 78 19 38 56 75 98 2 67 27 57 31 65 71 34 76 91 87 59 88 82 12 0 86 94 64 85 39 54 15 58
85 20 92 16 62 56 17 27 98 27 7 31 19 48 99 58 50 3 78 43 62 23 68 21 91 77 95 59 76 3 12 86 8 5 43 59 52 91 58 12 6 49 17 27 86 10 14 70 87 79
58 52 48 63 69 53 72 70 7 97 77 10 87 62 43 75 11 7 91 43 19 76 93 92 38 88 13 1 3 25 17 57 66 97 57 64 56 39 84 35 69 15 31 3 51 40 61 83 9 90
38 92 41 95 97 15 96 79 91 5 81 54 77 90 7 24 68 44 56 35 97 1 41 38 79 75 7 34 36 42 58 93 18 84 19 68 22 67 54 26 17 55 25 81 7 88 46 9 33 44
20 75 2 64 63 57 31 10 97 40 57 76 92 64 42 8 56 94 57 95 15 77 20 71 39 66 78 84 18 76 7 28 96 77 47 7 83 1 94 31 82 96 67 3 86 40 47 6 42 86
18 81 57 92 4 28 39 68 44 32 72 44 99 0 19 57 87 50 99 36 39 84 37 54 24 37 5 10 59 4 62 2 23 4 91 52 24 39 64 35 17 15 35 90 52 49 32 80 73 27
34 94 80 31 76 88 93 19 83 90 90 75 26 6 82 24 48 99 84 74 17 22 68 94 1 48 51 24 25 32 55 78 26 19 89 84 3 20 57 73 26 36 53 14 24 55 18 94 83 99
56 0 21 31 50 76 46 25 47 23 6 14 17 78 57 44 29 53 84 73 55 83 42 68 0 54 4 3 14 98 13 28 32 39 10 77 55 0 67 47 10 18 94 70 31 84 92 93 13 23
