100 100
42 50 51 88 39 77 27 98 76 15 26 70 22 0 39 88 97 21 92 78 28 61 59 90 7 54 57 83 55 90 19 61 7 80 98 52 46 43 65 99 86 73 87 73 20 95 21 93 48 9 39 11 31 4 14 61 57 94 36 83 54 28 86 74 14 13 93 21 26 75 18 43 24 94 74 47 96 23 40 14 4 36 67 95 59 30 84 10 22 30 77 42 90 33 32 95 96 92 99 35
86 96 44 71 79 78 77 32 91 64 77 16 13 42 67 85 68 28 27 35 20 67 52 43 22 6 57 80 70 78 79 44 18 3 99 51 52 23 18 26 26 97 25 93 18 59 70 85 82 74 44 60 93 9 57 47 76 88 67 92 62 53 81 39 80 48 27 31 85 82 45 74 80 37 77 85 90 27 47 86 90 23 81 5 51 33 20 86 41 9 78 30 58 49 57 6 93 46 84 24
25 53 49 77 7 99 58 13 96 32 36 39 56 32 59 78 42 82 34 88 90 64 56 79 74 98 95 7 76 6 69 17 95 81 14 28 64 83 65 47 79 74 94 43 63 2 28 99 45 89 14 27 29 14 76 88 60 14 86 81 91 86 2 0 6 0 82 75 70 89 45 91 76 56 68 61 75 44 44 46 84 25 78 96 65 6 6 74 21 96 12 79 25 77 5 27 84 85 50 4
93 54 92 1 49 3 3 67 26 77 77 22 76 70 56 1 0 32 18 41 69 52 60 15 90 5 25 0 28 42 87 51 55 13 66 22 52 98 63 12 38 45 37 51 97 7 21 94 61 94 26 40 96 58 58 46 53 67 73 73 89 17 83 41 68 90 45 54 14 52 81 12 61 61 30 1 74 52 45 12 35 14 39 41 73 33 42 80 86 84 94 89 75 28 15 45 92 6 97 39
53 91 40 73 34 75 32 28 5 89 83 55 50 49 56 38 72 41 39 3 45 85 52 33 85 24 43 67 18 23 74 75 13 77 69 24 79 71 2 47 3 56 79 86 64 52 67 70 23 23 87 33 71 11 51 22 60 73 28 57 79 98 42 59 23 42 70 92 15 80 2 23 58 29 0 52 91 37 96 79 79 45 67 1 20 47 78 4 67 70 81 46 80 80 21 47 88 58 73 90
96 31 55 1 38 52 90 31 44 85 56 83 22 84 72 59 11 80 64 1 2 70 25 5 61 13 62 43 96 29 4 39 78 14 28 40 3 82 55 9 8 68 36 79 84 23 92 4 10 79 81 58 24 49 0 35 76 83 45 17 60 1 94 2 8 76 25 92 47 60 68 79 36 98 10 68 96 83 26 35 24 99 56 31 6 87 72 75 6 74 0 42 75 9 98 59 40 41 30 94
69 9 3 61 70 4 76 9 66 78 25 36 37 17 11 91 20 79 86 37 91 58 55 57 10 40 53 98 74 53 47 89 64 56 90 51 85 29 13 95 74 90 54 75 56 87 32 64 39 71 29 72 86 7 11 57 13 21 46 27 19 43 92 69 42 76 1 99 65 58 66 52 99 73 75 39 92 17 62 80 70 14 30 51 50 32 36 8 55 41 21 24 88 26 87 51 71 70 51 1
95 69 57 70 66 82 68 86 63 82 11 61 8 54 78 79 50 43 91 86 87 85 2 97 9 19 93 66 44 57 35 28 84 2 23 51 25 27 66 25 16 50 6 31 20 39 63 29 99 39 75 40 29 5 46 82 65 81 66 85 73 97 85 73 10 67 71 90 44 49 17 22 87 42 50 43 43 54 52 5 10 20 2 82 79 8 15 57 60 88 32 59 9 39 49 21 94 63 66 70
37 24 74 28 72 11 18 40 24 80 78 27 82 25 94 1 56 72 82 87 11 23 94 94 80 91 1 53 91 33 45 94 14 92 9 36 34 50 72 40 68 78 64 41 10 90 5 3 53 87 52 86 58 95 58 46 65 22 72 67 19 34 43 37 53 11 50 59 27 20 4 39 23 1 62 57 17 45 71 74 32 22 17 16 8 85 91 37 82 77 8 26 95 42 64 19 1 32 45 34
52 13 99 49 83 25 31 10 12 18 82 68 32 13 28 99 98 13 97 4 9 28 49 31 17 72 57 8 96 6 51 56 31 25 30 51 21 12 23 44 76 75 77 24 5 82 0 64 87 30 22 72 27 47 41 22 51 33 33 48 21 9 45 26 12 70 74 83 43 90 7 24 70 86 69 5 80 73 35 10 67 43 83 43 87 98 64 99 58 1 95 10 73 98 66 40 93 6 51 45
67 69 16 74 65 7 95 59 47 24 72 98 9 51 21 21 3 66 93 74 40 18 4 68 65 86 76 83 80 93 94 30 33 68 10 35 8 98 83 11 74 51 67 75 20 22 82 56 70 98 74 40 5 19 58 1 50 50 47 68 59 76 37 87 30 80 76 53 99 57 56 76 38 71 90 7 42 78 18 14 10 78 39 73 72 81 7 21 71 54 78 85 2 89 35 0 50 55 47 88
1 83 49 99 89 36 53 53 59 23 22 74 34 22 31 52 86 97 86 22 33 5 33 84 92 87 2 96 76 6 42 54 79 65 61 19 40 2 58 55 40 79 73 46 43 2 68 14 66 81 76 57 7 32 99 79 77 4 81 80 77 50 44 75 50 94 27 56 72 21 79 55 8 59 22 18 39 93 17 19 78 86 90 45 47 86 81 75 48 31 32 92 50 63 87 75 75 1 14 29
77 52 56 39 21 62 96 28 70 44 9 56 27 59 79 89 48 72 13 29 39 27 52 90 64 65 78 87 61 18 45 92 18 7 24 0 96 87 21 55 2 72 65 62 82 16 74 35 11 0 95 22 56 46 15 56 51 29 44 89 1 67 47 99 15 14 63 36 44 82 83 44 7 91 59 72 21 38 42 43 51 63 58 70 31 94 35 32 5 18 98 68 25 72 22 95 55 8 78 64
34 10 1 48 83 53 94 93 3 1 72 95 16 42 51 52 95 14 65 76 14 42 37 0 92 98 48 28 35 46 93 61 86 41 38 1 97 22 14 2 61 24 84 14 39 33 56 63 86 87 7 45 17 45 58 68 93 12 99 87 16 52 81 37 87 78 22 11 55 72 32 69 26 44 67 23 8 99 27 95 73 68 56 5 82 9 7 93 86 70 92 70 16 74 15 18 26 92 6 82
91 7 91 7 75 16 38 17 72 50 49 44 7 40 66 60 16 97 44 97 57 32 65 70 20 85 43 74 63 97 44 59 90 9 45 45 97 37 26 66 60 48 31 35 4 96 43 13 90 5 42 89 99 98 67 91 12 91 88 52 16 41 96 0 24 9 63 24 93 1 84 42 32 30 19 81 40 44 60 49 99 49 3 76 26 70 87 86 47 75 75 50 80 26 59 67 29 88 67 25
97 67 23 69 54 66 31 61 86 40 98 40 39 77 3 98 2 41 0 21 29 63 83 4 63 52 15 52 92 92 83 13 21 64 74 5 97 36 23 26 54 45 13 81 17 97 67 91 5 8 38 67 24 13 18 11 52 85 18 17 68 85 27 16 25 15 71 34 59 30 77 25 81 4 29 47 76 46 54 72 4 7 91 8 1 32 17 64 6 51 92 69 31 18 12 18 17 86 64 3
18 82 15 65 23 54 54 75 57 65 87 48 74 79 25 88 91 17 71 27 65 54 60 54 31 28 79 84 71 64 49 68 6 18 37 89 91 53 19 73 74 14 89 56 26 54 35 69 74 20 77 23 95 23 5 75 97 56 52 13 75 52 37 68 3 38 82 79 98 41 46 53 21 6 58 22 66 66 14 22 90 38 15 49 52 79 38 41 48 0 24 4 0 0 29 36 69 16 19 85
38 17 42 86 5 63 59 47 79 92 54 43 79 29 48 26 70 25 14 34 41 81 65 61 98 49 35 17 89 31 62 86 89 48 13 91 99 6 46 16 41 11 65 90 39 56 48 57 76 73 49 7 36 44 48 12 24 13 5 21 45 18 4 62 40 98 3 36 24 61 3 39 46 92 24 49 14 48 46 27 34 80 85 5 91 78 12 63 79 73 88 5 22 49 82 5 44 86 68 75
52 91 19 7 70 9 52 19 7 93 9 16 5 21 61 6 77 64 40 63 84 5 20 68 25 32 69 44 93 67 58 6 42 62 76 83 54 79 4 32 17 53 39 42 39 84 21 97 25 47 71 13 77 29 35 83 36 43 80 2 23 38 42 53 88 21 73 7 11 21 97 88 98 6 4 29 90 84 41 65 93 31 27 79 29 87 98 44 81 80 19 77 41 70 44 72 8 12 72 37
60 47 59 22 49 11 82 98 56 11 87 20 55 4 74 51 96 38 63 47 33 34 34 45 79 65 12 88 41 3 62 8 86 71 97 89 25 98 41 88 44 97 86 40 26 82 0 6 89 87 65 87 37 3 14 91 66 35 8 49 84 51 59 19 22 51 98 83 72 85 40 93 60 11 40 40 99 85 28 15 66 36 25 91 56 11 93 60 37 9 28 11 46 86 23 43 60 50 50 73
90 18 52 32 22 78 47 70 17 28 41 63 58 54 86 62 51 66 96 43 55 67 37 47 27 18 3 62 81 20 92 70 21 35 18 43 4 21 59 31 64 48 47 97 15 81 75 61 72 36 0 79 69 93 42 75 24 71 8 32 18 20 85 11 60 62 21 95 97 29 59 26 84 51 53 1 72 53 85 10 91 55 21 80 85 59 81 23 63 48 98 64 37 51 10 78 91 22 89 36
99 58 68 26 22 80 79 93 52 52 91 12 46 49 27 96 74 27 38 6 53 9 9 40 45 19 89 37 49 80 18 59 35 38 70 68 97 14 86 49 83 80 79 7 16 88 80 85 98 88 87 37 67 84 92 44 29 20 39 99 8 8 25 91 91 30 70 74 89 93 35 55 45 57 9 52 22 68 96 22 59 11 56 59 49 7 87 29 5 59 37 11 92 77 21 14 81 83 68 98
62 60 67 74 42 53 1 13 51 12 35 30 80 26 22 3 42 73 16 95 12 80 22 71 11 67 18 3 39 36 70 93 2 36 15 51 97 31 45 4 2 97 12 34 9 34 23 70 45 28 2 9 14 34 17 66 25 16 48 1 31 35 9 11 92 15 30 30 73 26 34 26 66 9 41 37 41 35 4 40 95 73 15 34 36 66 78 36 28 80 16 2 95 72 6 19 97 90 40 9
23 43 27 55 21 21 91 31 74 85 81 6 69 0 39 95 23 23 62 64 64 24 81 75 9 61 45 48 91 93 36 10 55 84 34 35 56 97 79 21 88 77 31 30 18 54 71 59 23 97 33 90 57 41 47 3 79 27 78 62 90 76 75 78 33 97 23 10 26 19 83 85 43 49 13 26 20 13 37 55 96 87 75 48 81 89 99 51 53 28 54 52 29 98 13 4 96 50 60 74
17 38 79 51 9 13 5 67 62 1 36 1 47 83 49 34 40 61 47 60 62 96 74 60 50 56 62 75 5 35 67 46 56 58 7 99 20 13 75 24 47 23 14 70 85 81 58 93 84 71 4 60 84 7 66 20 21 27 73 47 15 89 4 73 25 34 54 97 49 7 66 13 21 22 56 74 8 22 51 33 44 72 89 19 37 75 97 30 82 39 43 44 68 44 88 60 18 3 75 52
9 69 20 89 30 61 3 79 10 51 41 65 95 97 48 3 90 71 92 52 7 73 48 78 18 6 17 15 13 36 23 89 84 29 14 48 2 42 1 34 15 8 55 65 40 26 11 73 5 67 97 23 4 80 96 3 75 53 39 31 68 16 20 59 82 18 28 59 53 29 70 39 37 38 9 67 25 72 63 1 1 5 52 11 26 30 13 85 76 57 35 85 50 44 41 65 8 59 40 26
13 15 96 27 63 32 99 74 76 2 45 11 47 88 97 76 22 84 52 1 84 40 26 66 83 62 27 22 69 69 37 67 86 5 52 75 58 84 30 99 58 75 86 51 71 4 2 71 97 93 19 65 4 45 12 26 21 12 28 29 2 91 58 26 31 23 43 43 7 84 64 26 63 8 44 77 5 65 20 63 12 14 35 73 36 35 32 56 48 9 59 81 25 49 64 2 63 49 76 33
65 30 86 4 23 68 92 78 49 78 65 74 97 64 15 76 40 25 46 90 1 49 96 98 17 33 25 9 89 78 54 73 47 62 11 58 46 85 10 16 60 41 19 54 97 87 80 85 34 23 49 28 25 34 84 73 16 0 39 58 59 3 95 33 31 26 97 29 77 95 19 90 66 58 57 78 38 54 82 87 19 11 5 92 38 25 78 60 51 12 74 65 48 28 77 56 99 65 2 36
86 6 23 34 9 82 4 63 22 83 69 98 19 44 7 99 39 23 6 76 93 86 33 86 65 97 9 24 88 28 51 70 79 87 94 27 7 91 14 15 46 86 58 34 56 74 59 65 26 70 56 28 29 79 45 71 79 59 25 39 79 7 34 3 36 85 68 45 46 74 72 1 40 43 53 12 47 1 95 29 51 78 91 71 71 92 82 50 74 48 1 36 4 3 32 32 71 66 69 18
91 53 24 42 39 97 66 72 23 48 5 9 87 82 87 87 78 7 5 41 36 96 3 22 79 12 62 37 21 77 64 30 34 29 31 34 79 77 84 25 74 60 1 75 37 18 97 89 10 33 21 81 52 67 57 32 62 35 50 77 56 44 38 32 49 46 50 94 6 44 44 27 24 32 97 49 48 27 35 53 6 99 83 84 42 12 39 20 42 21 29 0 17 81 92 86 90 89 34 31
30 64 43 81 25 55 26 40 68 82 98 70 87 52 4 26 18 60 0 64 39 24 64 82 75 33 74 32 2 2 63 39 83 4 71 54 78 94 72 84 17 42 96 25 82 91 97 51 60 24 8 8 45 94 96 94 24 43 25 79 60 29 1 19 20 55 66 29 79 88 26 32 87 31 19 8 80 24 43 4 25 34 16 21 80 90 18 87 85 41 55 27 39 87 68 26 31 79 97 82
91 74 80 43 66 39 26 36 11 50 80 91 74 99 62 81 75 15 68 12 50 61 50 2 97 57 52 37 91 79 72 73 42 36 30 14 87 54 57 12 44 63 24 58 33 93 82 89 82 80 60 52 38 80 89 28 96 4 31 46 19 99 69 75 42 85 13 34 4 10 72 6 17 84 7 4 68 60 59 2 7 92 22 93 85 85 3 20 39 21 32 87 79 44 94 22 32 52 71 56
89 70 14 55 88 19 46 10 93 52 93 98 69 65 77 8 58 66 46 99 34 97 8 78 95 26 62 81 54 19 30 3 58 26 98 99 15 39 29 97 2 85 92 58 83 61 36 75 84 25 96 32 87 11 41 91 92 39 5 50 48 67 17 92 20 30 24 29 55 87 41 10 21 29 94 80 69 48 22 12 21 25 83 8 15 51 74 47 69 53 4 85 74 50 89 85 50 43 14 72
93 8 96 29 91 12 12 12 87 92 18 46 38 48 40 18 86 60 62 39 88 39 46 44 56 97 97 68 92 20 78 95 97 6 8 96 75 57 3 16 94 65 39 98 31 94 75 84 84 0 52 73 91 13 6 64 55 35 70 52 77 5 2 31 91 27 84 75 85 42 62 55 28 88 31 99 58 87 78 93 99 50 87 45 50 9 56 58 64 42 27 99 79 67 58 40 59 64 37 39
39 82 44 98 18 88 93 30 1 24 41 69 42 24 37 28 26 77 92 40 30 18 9 73 86 46 47 82 74 86 30 70 43 41 4 63 15 91 25 85 52 38 13 63 87 14 48 1 69 4 97 69 99 90 42 21 97 39 59 27 50 0 39 2 95 66 71 73 54 29 0 59 27 87 73 71 30 58 27 87 34 60 21 30 89 34 21 67 53 94 63 84 18 26 52 67 16 45 42 46
36 83 63 65 1 70 33 75 87 38 43 29 22 74 86 25 86 25 22 45 80 48 21 52 28 9 75 90 5 94 0 2 35 43 52 72 70 71 64 14 3 92 54 81 51 25 21 3 63 12 33 48 66 74 24 5 80 46 83 88 21 64 58 3 35 93 48 66 38 22 44 72 92 66 65 32 45 69 19 3 29 20 19 7 59 58 58 92 72 44 81 7 87 75 32 10 87 29 46 45
31 94 36 98 7 75 5 50 60 82 16 32 97 76 6 89 94 10 89 71 80 2 97 79 22 79 34 74 92 94 54 29 29 11 91 45 25 3 30 52 16 37 2 60 84 52 89 26 39 82 80 62 63 17 99 4 94 42 88 42 12 39 15 0 32 96 69 44 64 18 56 99 76 96 52 46 29 51 69 66 73 30 29 25 82 15 36 60 5 53 82 97 0 13 53 67 46 31 93 88
21 17 7 18 31 33 80 85 41 96 15 52 81 87 29 67 63 7 5 34 92 61 31 14 63 73 50 54 92 50 27 54 41 95 99 46 23 85 26 83 69 64 46 18 81 68 61 71 67 72 41 82 60 30 74 54 43 27 41 16 48 58 69 47 2 40 41 2 83 19 60 54 0 32 41 23 74 98 2 54 93 59 35 9 38 30 96 66 26 88 36 76 7 64 88 61 35 51 68 81
6 30 16 46 78 51 79 95 17 67 70 39 12 26 75 79 57 38 68 31 76 72 69 89 62 54 64 78 59 78 88 74 39 65 46 84 51 48 94 16 20 4 81 67 9 89 15 47 59 82 20 17 93 0 73 35 25 79 72 81 50 0 68 14 99 70 6 51 44 52 63 15 76 84 42 26 70 6 60 18 23 93 35 67 98 44 71 28 55 70 79 98 26 7 35 48 19 58 61 82
51 42 17 2 6 54 60 0 80 84 89 28 27 93 68 14 43 85 8 59 27 79 69 69 70 31 6 30 14 11 17 87 61 24 71 14 33 89 86 57 50 12 94 56 23 3 91 11 38 2 89 58 16 47 98 37 61 80 38 44 74 0 80 3 1 28 93 96 85 66 75 48 70 12 46 50 44 78 63 93 19 84 62 83 6 90 66 69 44 12 14 45 85 29 34 63 8 36 81 1
15 72 71 39 89 26 88 91 35 67 22 68 26 70 6 38 33 20 20 94 21 28 42 35 66 12 54 99 26 33 78 14 55 29 29 63 13 19 49 75 11 98 10 23 10 7 59 6 42 82 77 71 62 90 83 53 43 68 32 63 26 78 6 10 84 46 45 5 36 10 90 17 31 86 13 61 74 42 67 18 73 23 79 86 46 66 10 2 40 40 41 75 54 8 26 24 35 3 24 3
91 32 65 89 13 66 31 64 23 33 53 40 79 78 68 61 29 96 84 86 97 48 9 0 98 60 22 56 12 48 68 78 26 9 15 75 54 57 76 77 55 86 17 90 57 90 83 5 30 91 57 88 11 55 33 42 89 25 15 97 45 27 87 91 12 66 87 53 94 42 87 21 65 17 57 70 11 49 90 74 48 48 4 61 8 68 8 71 22 18 94 83 60 41 40 19 62 57 70 6
94 82 79 26 81 42 20 40 40 59 32 69 3 93 73 50 34 58 85 69 98 83 80 66 82 19 97 63 91 26 69 54 38 46 8 94 21 88 71 98 50 26 3 50 98 54 67 37 72 7 52 5 97 15 8 22 56 23 28 77 90 80 87 8 69 72 72 88 78 31 92 3 89 76 51 77 10 50 49 12 87 81 42 34 78 10 38 72 0 78 16 23 26 7 51 59 42 53 23 35
29 59 7 4 11 95 5 83 8 15 68 68 93 27 66 19 94 44 94 41 76 23 94 49 77 96 46 83 4 44 18 70 69 57 27 15 61 95 20 60 87 37 14 19 48 93 67 81 44 68 19 24 89 91 14 96 75 2 87 72 0 99 85 95 65 24 24 95 88 5 61 79 39 29 97 52 67 78 8 73 39 35 61 0 15 11 26 28 92 21 7 96 5 29 19 60 46 6 28 68
81 85 97 34 39 23 53 91 72 1 71 74 1 52 88 47 48 34 0 84 35 1 74 81 77 87 1 83 11 63 51 59 32 70 31 5 62 91 69 92 55 0 97 20 87 53 18 3 74 93 60 60 81 70 36 23 40 75 45 77 57 54 32 60 21 31 50 55 20 84 42 71 71 53 37 44 27 99 81 37 71 74 49 13 23 96 80 16 88 85 62 18 43 49 13 17 29 71 99 44
33 3 52 40 61 26 40 59 4 4 5 52 32 23 15 91 50 63 33 10 17 49 61 27 73 67 38 49 75 36 84 73 11 94 72 85 90 43 55 49 45 86 27 14 16 74 28 90 49 83 71 98 78 33 66 80 4 43 68 81 78 61 97 48 74 67 94 57 17 86 64 93 43 38 25 99 24 0 17 29 34 25 63 20 61 40 58 51 77 7 38 10 43 29 68 79 93 38 82 93
87 13 43 21 5 34 80 76 94 94 29 58 97 69 40 97 98 45 50 65 81 5 24 99 71 67 39 91 51 99 53 63 52 10 38 76 23 51 63 1 26 71 26 88 85 91 81 90 94 60 77 87 33 32 43 83 1 60 65 68 35 11 81 38 10 56 78 24 65 16 44 50 35 97 92 44 5 68 36 81 84 12 18 36 88 94 76 16 68 93 44 21 51 23 24 90 77 28 5 68
5 88 25 69 23 41 71 47 46 9 61 83 11 54 41 15 71 0 13 28 89 13 61 81 63 19 80 5 76 18 28 5 61 52 4 49 76 52 35 17 38 11 90 71 34 2 69 78 38 69 29 22 78 23 68 15 59 80 66 36 58 80 9 91 73 49 57 27 95 66 69 2 26 42 23 40 59 94 79 13 60 74 81 79 79 99 87 69 41 87 20 69 47 4 71 48 93 20 52 19
35 32 85 37 72 46 45 92 90 71 21 52 29 97 29 7 34 27 31 32 40 29 33 20 0 12 26 79 11 88 80 62 91 65 60 18 84 73 65 37 15 90 60 11 92 23 87 96 61 69 56 36 53 58 99 53 11 79 34 25 99 53 17 99 89 24 1 12 68 40 83 31 9 58 47 46 12 51 91 15 75 57 41 65 13 49 99 30 19 83 86 31 82 19 11 75 11 17 31 83
3 6 86 32 66 89 15 43 52 28 1 19 17 8 84 2 75 0 1 78 59 72 12 51 34 46 91 69 51 28 5 49 50 85 56 85 50 92 96 28 80 16 22 95 22 60 31 94 32 45 89 83 24 66 8 67 2 20 99 39 79 68 47 60 70 71 19 25 83 78 69 1 4 79 53 21 1 45 23 46 56 4 22 15 62 76 0 39 49 57 58 5 51 60 12 6 86 99 7 15
43 95 25 1 35 93 57 56 55 72 77 39 62 48 6 70 94 54 22 79 25 30 48 47 26 34 77 42 54 25 54 4 3 89 67 87 65 86 63 59 14 52 84 68 98 93 3 42 52 59 23 48 66 13 23 33 15 59 54 48 66 31 8 4 76 85 25 55 78 99 83 19 94 28 34 16 59 21 57 17 55 61 2 82 14 61 44 70 63 98 25 4 81 58 73 5 5 1 3 68
83 76 66 30 87 50 70 38 30 21 51 95 96 58 61 40 62 8 40 80 38 85 10 98 75 62 78 3 65 78 50 21 76 73 66 71 73 60 60 86 48 60 84 34 62 25 91 74 26 94 90 5 65 24 53 55 18 93 69 60 91 43 50 26 18 99 42 24 55 10 2 47 91 76 74 20 78 87 78 32 41 12 38 30 66 25 35 91 78 8 21 88 37 91 47 22 48 77 81 15
23 2 46 11 97 97 91 66 72 12 32 80 83 85 26 35 44 50 14 93 47 93 83 53 58 98 84 13 15 32 44 76 39 56 47 64 2 86 6 28 73 39 50 50 15 69 52 74 74 96 87 26 94 26 45 13 9 50 80 28 39 1 41 31 48 96 42 6 4 6 73 53 25 20 92 14 57 70 62 74 32 97 79 59 43 58 27 71 83 6 16 7 89 77 25 17 19 71 47 89
52 20 33 47 31 92 93 81 83 4 50 64 42 49 56 22 75 16 97 63 62 83 62 10 0 65 21 18 1 91 87 92 64 3 42 76 22 78 94 24 43 63 4 26 53 69 64 87 54 35 13 60 98 65 18 58 98 73 68 32 15 96 45 4 66 92 26 77 49 5 95 26 8 24 60 70 35 68 91 68 83 20 88 7 21 36 82 90 65 23 93 57 64 47 38 50 56 50 58 14
2 55 43 53 40 65 86 36 6 58 57 57 79 18 82 75 67 38 50 49 20 89 11 9 69 37 17 26 94 63 65 40 53 30 36 55 93 22 98 25 81 78 28 76 73 32 20 50 35 63 31 96 30 63 46 59 29 39 95 73 18 58 54 97 23 58 55 85 27 61 91 44 44 48 51 55 43 50 31 36 66 53 93 43 39 35 80 96 14 65 96 63 82 47 69 35 76 8 23 56
63 79 0 87 49 47 20 38 64 97 17 89 52 41 33 16 31 15 22 18 70 62 32 20 23 93 67 57 36 40 85 4 44 30 86 36 46 15 65 15 81 26 43 77 61 7 71 41 12 61 11 48 60 22 2 63 51 9 25 91 32 76 17 93 41 70 46 86 26 85 64 74 21 14 53 61 99 64 72 51 21 51 37 68 25 29 22 69 61 74 65 84 65 97 55 41 67 41 47 0
1 33 80 82 10 1 12 3 85 68 85 29 58 63 85 87 70 21 71 71 78 74 12 22 0 68 57 59 26 63 89 81 97 55 28 89 34 40 76 2 61 51 19 65 49 90 15 30 76 80 70 69 15 78 73 77 87 78 82 33 87 63 87 77 83 74 60 60 11 86 76 45 18 82 34 39 27 80 51 51 37 51 81 80 71 26 36 76 99 20 96 22 74 24 84 8 20 66 81 26
95 94 42 97 56 49 63 41 40 97 12 72 21 80 36 96 39 48 6 97 7 82 6 75 91 62 84 16 32 15 85 66 5 56 39 5 62 71 52 96 85 8 54 48 61 80 83 84 50 11 52 90 66 72 18 87 69 22 15 41 9 87 21 14 75 57 38 33 17 33 36 35 69 93 46 57 59 25 67 1 36 87 92 22 38 65 19 68 36 8 11 24 28 39 77 85 33 54 4 18
23 41 28 73 89 90 66 10 31 60 26 34 21 45 93 45 33 73 79 45 11 29 25 36 7 42 0 30 3 81 14 53 65 13 42 26 43 51 26 97 63 46 21 69 37 71 3 98 78 42 91 80 29 78 62 24 74 37 29 19 32 87 99 98 86 81 38 44 63 32 15 45 0 25 86 86 60 11 2 18 9 79 23 25 85 27 42 92 69 15 58 43 44 86 9 10 95 33 88 72
75 4 77 9 60 9 1 70 79 43 83 93 90 90 2 91 5 56 82 2 68 15 30 45 16 39 5 98 95 68 75 38 82 95 8 89 65 99 97 58 85 66 56 31 55 62 20 50 45 5 9 0 34 56 45 74 80 65 78 16 44 80 8 62 69 46 73 65 10 21 78 8 84 22 76 53 78 51 66 54 7 41 94 66 88 91 0 65 52 67 87 58 29 70 71 92 43 5 63 64
43 97 74 84 38 41 96 13 64 11 86 89 90 68 11 95 11 82 52 44 83 90 25 0 78 79 91 67 89 35 59 47 83 31 19 81 33 6 51 48 67 36 61 43 60 44 25 95 66 5 10 59 37 4 15 57 84 50 32 2 51 55 37 25 51 28 47 62 63 50 56 44 36 34 18 8 43 38 2 14 49 79 42 32 95 10 24 61 66 5 15 98 45 99 85 98 37 34 20 29
51 72 37 33 79 25 58 5 51 98 40 94 65 18 17 41 79 69 3 73 46 66 63 79 90 6 53 18 82 0 83 13 82 85 87 14 59 62 18 27 26 57 35 45 22 8 70 24 9 60 54 16 58 80 69 53 67 34 29 78 96 75 31 90 77 80 43 97 12 76 47 19 11 55 64 48 61 14 87 9 74 63 25 30 75 80 93 0 4 92 29 28 88 21 18 29 75 25 91 73
88 53 21 71 44 89 92 81 2 4 20 69 43 60 22 59 65 76 82 78 84 11 29 14 31 51 81 52 51 79 93 14 20 23 67 45 85 92 13 72 19 7 26 0 83 73 54 53 76 55 10 63 77 23 5 39 50 1 86 32 57 38 45 87 18 92 27 21 57 27 6 74 40 85 29 29 21 17 96 9 35 23 54 11 2 79 10 56 33 14 12 6 84 6 51 3 88 81 33 75
19 16 22 67 71 42 8 41 12 80 83 21 84 60 84 39 8 86 71 80 66 60 45 21 56 84 30 87 70 0 23 73 62 90 94 86 44 49 14 36 50 33 26 69 32 7 83 42 83 67 12 28 95 75 5 98 41 93 47 74 13 48 65 94 32 63 73 72 93 98 2 6 88 58 54 21 38 75 95 24 90 51 99 83 19 27 2 28 93 15 61 27 62 30 18 83 71 33 86 47
55 81 2 42 98 6 80 72 15 77 91 63 23 86 17 84 90 7 6 85 17 66 10 85 80 10 14 23 95 4 23 17 88 92 1 64 40 77 92 99 61 92 65 94 91 74 64 36 63 43 50 73 58 84 11 33 89 76 65 29 85 43 49 1 28 56 59 74 72 29 68 43 15 46 54 23 28 35 78 56 47 46 57 87 17 53 92 95 40 44 95 80 11 47 33 77 57 81 49 37
73 7 24 17 37 21 82 59 27 96 79 31 98 67 88 12 90 43 43 59 4 73 94 58 78 49 17 65 8 39 15 85 97 1 70 41 13 94 31 78 95 2 48 12 29 98 21 38 33 82 99 16 91 18 7 29 95 40 93 25 83 65 69 49 51 24 13 0 89 89 32 11 43 52 19 24 48 78 51 97 53 48 38 37 93 0 36 39 72 21 20 81 9 91 96 11 95 22 65 24
21 71 90 49 89 67 7 7 16 39 14 41 21 88 17 65 53 0 71 37 44 76 55 82 6 93 96 84 72 6 88 97 59 46 23 85 94 71 52 83 38 74 40 23 15 63 20 35 55 85 53 22 14 74 13 67 92 73 47 19 58 3 59 92 54 2 36 70 20 8 92 38 75 21 29 22 81 15 41 21 47 54 51 21 26 92 56 75 2 62 96 34 45 44 64 27 84 66 15 4
16 77 63 44 77 83 51 83 27 63 86 5 79 7 69 84 58 69 99 70 43 46 66 65 34 65 12 48 14 89 44 44 23 99 20 94 47 69 70 83 35 19 4 74 74 48 83 8 48 78 50 88 62 22 3 53 72 41 79 36 75 54 51 39 10 98 87 64 29 59 98 23 1 34 37 39 22 0 92 86 38 23 64 22 52 75 29 43 98 42 70 44 67 13 79 96 34 19 24 9
17 94 72 50 2 68 3 81 93 56 6 81 43 73 35 15 69 81 41 15 24 14 17 49 94 45 79 58 20 63 32 71 96 91 48 94 86 81 0 22 87 53 48 25 50 4 1 93 88 34 17 41 35 87 88 40 17 40 31 24 71 50 73 21 99 86 35 36 83 53 30 17 97 62 88 40 40 76 81 12 75 4 57 62 18 2 36 23 36 9 86 80 6 8 14 22 97 99 42 3
49 28 60 82 4 17 4 89 30 38 37 39 84 9 47 94 15 73 61 55 91 19 39 57 11 84 7 18 9 24 52 83 30 82 97 31 95 60 56 49 49 44 56 51 83 21 45 57 97 63 1 1 1 53 22 27 28 81 78 50 42 45 29 69 51 20 90 50 4 8 0 8 30 11 65 63 5 97 98 33 73 96 52 18 11 92 23 3 64 23 59 95 46 76 35 25 32 90 65 93
85 60 19 91 35 93 59 76 21 26 76 42 8 83 5 64 78 26 31 81 22 41 30 25 11 30 90 77 27 31 74 4 99 7 77 7 98 77 70 60 36 14 39 47 86 80 18 26 74 91 8 3 59 86 91 6 69 4 43 33 90 39 76 57 38 90 5 22 97 9 44 51 21 82 25 85 78 72 3 85 19 22 78 34 75 64 63 1 37 0 71 26 63 62 39 32 61 65 3 60
53 51 57 78 55 97 60 24 52 77 44 93 33 45 53 86 15 6 11 17 76 64 11 75 93 20 73 5 71 2 79 23 47 45 48 16 1 24 1 38 94 77 37 82 19 81 75 41 9 45 89 69 77 50 5 87 72 46 82 75 99 7 1 43 68 22 80 63 9 4 97 16 67 74 61 2 70 82 84 22 24 40 14 62 79 13 79 64 0 59 38 4 29 68 80 54 87 23 23 40
37 61 75 88 83 75 65 71 95 92 14 74 55 2 63 14 96 24 44 54 76 54 96 89 36 32 79 89 46 51 68 20 99 22 60 84 7 93 86 63 79 31 14 75 26 67 98 90 88 10 19 13 16 20 13 59 59 92 43 6 88 44 59 75 45 81 6 9 85 82 90 17 61 1 90 74 31 78 13 67 42 21 87 99 85 91 4 93 91 20 57 37 95 76 56 60 53 67 65 54
98 94 39 64 41 25 78 53 88 96 2 23 84 19 64 89 70 6 28 66 94 6 30 57 67 83 18 7 59 54 71 19 36 57 85 92 10 6 33 8 24 44 66 55 22 95 6 22 67 8 81 22 51 34 97 87 12 13 12 57 4 86 57 72 2 82 81 23 4 9 57 66 83 63 27 10 0 12 33 66 95 61 34 66 25 78 58 19 68 99 55 10 9 32 92 27 42 98 27 24
88 70 34 17 62 4 82 58 88 64 78 7 37 97 83 85 57 21 28 57 55 62 65 0 72 64 42 52 93 6 35 40 59 34 8 76 67 38 69 74 96 73 65 74 3 79 29 95 82 10 26 98 36 34 53 99 96 58 64 93 63 56 19 51 76 14 72 70 99 97 73 60 7 4 9 74 26 1 80 11 75 18 76 28 25 9 32 44 36 24 13 35 33 62 15 55 19 71 92 50
59 30 43 74 41 3 41 61 67 1 84 41 13 48 43 44 98 17 48 85 74 61 85 77 84 28 20 76 66 28 47 22 86 98 41 3 42 63 62 30 65 11 78 8 77 52 91 5 46 27 47 66 19 32 79 38 50 2 59 96 1 4 2 15 15 84 15 48 88 17 16 35 94 21 73 95 60 78 60 4 40 68 56 24 29 68 84 91 97 64 77 16 40 70 2 62 57 27 98 39
31 54 91 28 60 75 51 14 20 45 78 66 35 82 92 17 62 98 93 10 21 29 53 35 95 40 91 12 12 90 27 75 55 55 47 28 10 89 1 3 39 36 91 75 85 99 2 75 51 0 44 56 81 74 46 61 47 71 56 66 0 44 98 86 65 64 63 13 74 95 68 48 23 20 21 16 91 35 19 77 2 81 80 81 45 4 58 41 53 8 99 43 22 83 29 23 99 78 17 39
30 13 33 23 16 4 47 57 73 20 49 50 19 79 39 54 75 25 27 21 81 36 29 55 39 59 65 76 65 58 86 80 97 37 19 67 45 98 14 40 65 46 83 2 52 92 66 20 23 53 42 30 59 67 83 31 89 48 0 5 0 76 70 96 45 63 19 75 88 18 63 9 36 41 28 68 75 31 54 78 61 46 87 85 62 50 71 43 11 33 22 13 60 76 43 25 35 27 49 18
65 4 89 56 39 74 70 86 79 97 4 85 35 61 6 24 11 3 45 72 11 21 86 29 32 68 33 3 91 75 27 93 59 70 24 97 79 75 60 6 2 86 17 89 39 33 93 68 10 78 92 92 44 78 15 25 68 43 15 0 80 59 78 88 56 74 43 69 9 86 22 8 78 17 4 78 20 84 11 99 98 37 58 83 18 93 19 54 48 10 46 96 34 53 65 83 17 12 96 53
55 39 90 57 7 85 27 67 6 51 34 70 28 70 87 66 36 65 46 15 69 67 10 64 89 97 38 63 67 49 65 23 58 53 67 84 58 38 61 96 54 47 10 38 76 25 96 62 46 15 51 41 54 90 94 95 47 70 16 70 16 57 50 22 48 62 12 80 93 81 82 65 34 37 55 24 73 66 67 83 33 24 98 15 89 46 92 36 68 78 92 73 1 90 69 55 38 60 49 27
13 7 82 85 27 49 71 90 53 63 64 37 19 98 79 8 87 39 27 59 84 76 60 58 52 82 95 19 46 82 0 51 38 44 6 62 51 3 82 53 42 95 84 69 5 50 64 42 72 69 8 52 42 13 70 54 89 69 15 47 43 2 51 94 2 39 15 96 20 66 8 16 59 90 20 18 24 18 74 82 95 30 97 36 64 98 6 75 39 35 5 84 22 56 32 21 79 59 78 15
14 38 51 23 46 80 62 9 27 0 77 47 65 19 19 11 39 95 92 95 75 82 43 82 94 95 30 41 31 19 78 31 86 53 11 46 28 89 11 56 93 19 12 52 16 81 80 19 42 42 19 35 90 32 42 28 11 57 22 65 83 36 59 15 89 15 34 91 88 42 25 4 57 5 35 70 90 75 24 36 67 97 99 93 87 45 0 92 11 71 39 77 24 7 85 5 26 49 70 31
77 95 92 88 77 15 95 23 52 62 6 96 96 0 46 83 96 68 91 95 89 80 46 38 29 10 25 36 32 89 72 65 41 1 22 21 11 65 30 94 24 21 92 23 89 77 79 7 19 3 65 16 94 90 57 14 8 37 74 93 70 78 6 98 81 91 65 99 29 96 88 69 50 92 87 7 98 50 49 53 99 11 85 8 51 46 69 26 84 42 86 92 64 4 98 53 29 83 59 45
45 58 78 97 80 41 85 92 6 84 97 11 10 27 81 51 3 33 21 26 88 24 39 84 50 54 97 1 56 18 97 66 76 26 40 83 82 48 47 95 94 58 29 21 77 13 34 24 87 2 78 0 84 26 23 87 51 95 68 18 1 18 24 38 29 38 45 3 82 27 95 46 30 56 23 44 19 24 80 5 29 15 47 96 23 66 54 37 82 82 9 73 30 73 55 18 3 53 16 38
19 63 46 59 83 87 55 55 17 9 49 92 64 27 4 71 10 90 12 71 79 90 89 29 13 48 18 84 29 43 77 42 42 82 60 19 66 27 57 67 6 33 15 52 82 81 64 73 10 48 3 30 45 66 21 83 29 17 29 88 27 4 23 30 11 35 14 7 97 92 92 72 94 21 79 97 1 35 55 38 66 99 51 91 36 14 46 16 2 26 81 50 85 94 24 94 43 21 4 32
90 28 62 15 6 34 81 80 61 13 39 22 55 40 7 17 55 3 55 85 50 73 67 63 76 96 41 38 66 24 73 9 73 31 32 87 51 62 29 22 48 77 41 47 57 58 91 44 88 94 29 23 70 21 21 33 84 4 76 48 12 77 57 44 24 92 88 49 15 48 54 53 37 30 9 82 58 8 54 79 47 97 5 75 40 31 93 38 70 35 46 76 26 58 67 53 39 63 16 72
77 36 96 95 66 41 3 41 70 17 64 34 57 57 66 59 54 23 41 16 46 71 81 57 2 1 87 6 18 55 3 11 57 41 8 54 29 95 2 13 86 12 24 77 51 55 61 42 74 55 47 74 94 18 45 45 47 39 95 93 84 53 70 1 81 46 91 46 0 64 42 13 48 73 7 18 1 40 45 54 13 42 68 23 94 93 83 83 67 68 25 17 23 61 20 75 74 27 50 46
80 15 73 55 52 10 21 6 70 90 44 19 37 80 2 43 83 40 98 86 78 40 32 8 45 73 25 11 77 94 74 58 64 26 47 59 70 71 96 66 90 87 48 12 99 15 83 66 39 63 43 58 43 76 99 71 76 63 24 2 94 70 46 20 41 45 27 76 98 63 99 48 61 28 26 42 94 19 1 88 92 93 49 32 35 11 61 49 76 9 53 51 56 83 75 21 14 58 22 35
31 11 70 10 84 55 72 61 39 6 46 5 54 73 70 34 23 56 55 16 73 30 1 92 16 90 50 53 45 93 48 27 64 35 89 24 9 10 65 97 77 63 79 74 80 73 55 67 83 87 99 97 33 61 88 35 67 24 27 84 28 43 14 3 15 49 60 0 14 18 65 10 12 12 25 98 53 22 49 34 38 66 90 5 47 44 68 37 84 64 30 56 84 19 30 0 76 97 29 49
8 93 29 77 58 90 95 38 87 79 12 71 14 80 30 13 49 48 59 96 95 35 91 9 83 21 43 92 81 0 19 54 57 68 50 98 26 64 26 51 70 13 69 12 34 4 78 46 51 10 98 74 69 29 99 31 91 42 0 71 16 34 93 83 38 54 25 32 27 62 57 48 11 21 83 79 23 95 25 95 12 9 17 41 38 49 88 26 37 91 30 44 33 40 46 13 15 19 50 52
0 32 18 79 36 61 51 96 49 4 98 61 29 54 50 42 41 85 41 21 14 42 53 62 6 43 16 88 43 96 30 27 73 29 52 50 87 19 29 30 86 22 79 25 47 8 61 99 88 11 23 81 0 13 21 72 2 12 21 95 94 11 25 35 38 24 63 52 59 92 77 52 94 40 64 35 2 28 97 27 55 1 38 66 99 62 72 91 82 37 25 74 11 45 14 90 59 36 77 26
62 7 34 26 40 46 33 28 86 36 68 81 4 85 14 95 19 15 21 11 25 30 24 45 82 10 90 3 6 95 45 49 0 50 14 27 28 34 52 70 38 14 53 24 22 13 5 55 64 13 63 24 76 53 64 61 48 60 72 67 4 23 58 44 80 38 33 77 62 49 2 23 56 17 23 27 95 58 24 14 54 90 18 73 22 75 72 92 26 17 50 58 17 46 96 16 51 97 51 10
37 51 27 39 38 25 2 84 93 33 7 78 76 73 80 30 90 47 26 25 61 31 51 76 56 28 90 13 54 85 46 61 44 9 10 75 49 5 42 62 96 40 84 60 53 6 13 97 73 6 41 99 9 63 27 98 3 30 26 14 15 19 15 81 14 11 73 37 7 10 28 69 32 46 97 81 36 99 53 33 77 4 80 54 34 87 78 61 74 92 56 36 46 45 96 75 73 10 7 48
4 94 5 50 47 70 23 91 34 4 48 5 97 60 96 17 35 22 86 72 94 50 50 74 84 25 12 66 34 86 20 38 39 57 37 7 98 18 39 19 51 17 17 65 17 39 95 2 3 92 88 40 5 60 59 60 45 44 47 86 7 40 10 62 87 15 82 45 70 17 98 47 62 3 33 53 32 54 21 41 96 4 63 34 97 68 15 51 14 54 44 89 36 5 71 44 88 94 95 42
20 98 38 6 11 40 39 21 98 98 74 40 41 56 53 66 63 87 49 35 47 35 26 88 59 94 19 42 62 46 60 44 46 84 18 5 28 3 76 86 9 91 45 57 61 66 98 96 77 7 33 75 8 79 44 23 97 57 35 41 51 95 45 88 78 19 68 73 75 57 48 9 93 64 80 10 30 32 8 71 4 35 52 62 29 7 52 50 67 80 53 71 79 7 75 43 97 11 77 36
23 88 8 91 35 60 69 2 46 10 55 78 29 50 1 6 91 4 3 50 14 95 49 49 46 81 44 84 80 4 98 16 40 47 63 5 34 60 61 79 41 23 83 29 9 86 99 47 33 84 68 75 77 22 76 46 43 71 36 87 62 77 79 54 21 31 15 47 68 41 98 10 98 89 57 66 61 47 38 88 87 74 94 6 77 37 9 79 89 25 86 47 38 66 23 55 26 77 18 8
98 50 83 92 14 83 26 0 58 37 51 58 36 30 64 48 23 60 24 29 98 61 54 25 74 8 67 69 56 92 64 82 93 8 66 74 69 11 13 62 70 19 7 98 0 73 6 39 54 72 98 84 69 54 33 20 51 15 91 82 49 3 94 88 78 42 57 22 34 21 36 90 10 3 29 71 38 52 8 93 99 55 35 3 1 57 73 63 38 73 51 43 98 29 31 25 8 32 65 90
95 36 43 36 22 55 44 2 91 31 69 62 63 60 16 12 33 49 41 34 79 58 31 15 3 81 43 45 66 94 62 29 9 5 87 99 81 28 44 32 32 3 73 25 42 94 75 19 6 98 94 14 13 91 34 42 34 92 28 58 92 82 73 15 77 89 9 83 27 24 88 10 56 25 82 3 54 39 2 59 58 56 89 51 21 3 81 54 35 61 22 58 27 16 82 7 50 63 60 80
20 79 20 1 86 84 66 0 8 90 67 57 34 83 6 57 86 35 46 86 42 34 36 71 91 33 81 22 55 53 41 75 20 70 11 25 5 82 42 62 85 24 71 24 32 82 8 27 96 61 15 31 28 97 16 39 81 71 26 42 47 86 68 84 92 54 29 13 19 49 55 73 52 87 21 72 60 77 14 85 52 33 66 8 76 9 27 13 94 65 26 46 89 79 67 9 37 21 39 99
37 83 71 62 0 12 34 59 32 1 7 57 19 53 75 66 73 46 67 88 79 82 61 61 50 36 86 21 51 85 14 26 82 8 0 47 3 61 60 53 82 15 64 61 90 72 52 3 35 78 96 46 8 67 13 45 36 87 40 68 97 88 87 85 23 66 46 0 9 87 32 25 2 56 5 34 80 10 95 17 50 72 3 42 80 30 37 88 42 41 78 8 20 39 16 75 34 27 77 31
