100 100
40 10 65 25 0 8 56 91 61 73 17 15 44 65 10 68 60 59 42 0 22 97 83 14 70 62 78 32 71 60 73 26 38 47 29 89 13 88 21 68 57 91 5 33 26 91 56 65 44 37 80 30 18 83 21 21 88 40 6 17 22 25 52 60 73 2 75 11 49 79 6 90 60 12 53 94 74 19 65 35 73 31 90 10 40 34 62 1 20 99 98 65 92 37 97 56 58 56 57 18
97 49 44 40 75 85 81 96 94 23 70 44 41 46 51 79 85 40 13 24 63 38 8 37 76 75 99 32 43 14 59 5 99 30 73 74 16 45 29 44 3 70 99 48 28 90 81 11 80 21 47 8 76 39 71 42 59 0 53 49 16 15 14 22 9 0 54 30 16 67 84 89 2 53 2 63 15 91 65 7 49 19 26 44 1 45 36 90 99 6 0 98 34 60 48 79 69 0 18 64
61 60 23 96 54 63 98 54 20 39 8 20 7 28 66 46 7 59 28 69 17 2 86 99 70 73 39 80 20 61 36 13 49 78 90 26 96 76 58 54 68 57 15 96 76 32 17 18 65 67 32 45 31 13 51 33 97 74 19 83 28 66 11 80 71 53 90 56 84 72 98 4 79 94 95 48 31 84 66 63 41 91 5 91 95 7 47 96 86 95 82 79 43 35 0 41 23 64 15 17
45 73 9 25 81 45 87 48 66 0 74 95 18 64 10 35 83 50 68 79 33 5 28 1 77 34 57 90 39 22 89 56 69 9 9 6 54 93 20 51 89 79 32 97 43 26 76 41 80 86 21 73 16 69 32 60 10 10 4 91 47 80 42 27 22 10 15 23 91 79 87 36 35 56 42 89 0 55 84 8 13 35 12 1 67 26 32 1 24 51 25 69 56 77 8 6 77 22 49 81
90 96 50 83 18 66 25 28 0 13 77 97 96 27 58 66 78 3 47 82 52 67 87 21 64 92 50 28 83 45 59 81 67 6 71 59 90 48 53 34 9 22 95 83 7 51 26 40 27 35 19 90 64 3 81 49 90 41 0 51 46 1 72 13 1 87 65 49 39 64 5 34 90 66 37 31 85 34 97 61 30 34 79 65 72 75 94 25 35 81 42 48 44 25 69 72 92 0 75 94
7 44 51 38 76 13 43 0 55 47 55 66 22 58 38 67 57 23 6 72 62 53 2 18 63 80 89 2 57 82 85 62 30 63 58 39 65 67 7 65 80 31 97 49 54 28 6 49 30 2 5 82 10 45 75 30 59 98 50 63 39 68 39 49 10 32 23 33 44 43 11 75 30 48 77 33 23 52 27 74 6 89 35 45 23 73 70 78 45 43 4 21 52 29 2 91 6 25 28 70
31 67 84 23 88 65 63 81 26 85 55 44 15 14 63 13 13 2 85 82 0 7 11 69 46 48 36 17 52 24 26 28 49 1 92 53 67 52 31 26 36 9 38 55 32 28 77 89 38 80 4 91 12 21 40 65 93 8 6 15 99 90 43 9 21 91 43 84 65 12 75 20 4 39 37 85 29 79 2 32 16 98 17 30 32 99 95 4 3 16 4 29 87 61 15 66 93 47 25 61
37 35 47 22 86 58 67 1 59 24 48 98 57 81 75 61 69 2 64 5 67 42 11 80 33 75 42 48 77 39 63 35 96 74 19 94 97 67 67 86 60 68 76 99 19 1 53 73 94 27 1 35 19 89 69 8 54 14 72 75 26 22 12 61 33 53 71 38 89 70 85 8 85 16 97 89 97 11 57 94 82 29 19 43 28 91 87 48 5 80 7 37 26 91 57 27 72 89 8 47
50 83 99 90 61 63 86 74 27 12 40 33 74 53 22 36 10 26 75 19 51 88 33 18 22 48 56 3 40 50 94 85 34 60 60 30 65 1 34 52 21 37 52 44 59 6 50 63 71 64 88 51 60 91 84 44 59 10 97 22 69 29 19 95 16 52 52 25 32 55 9 69 28 66 16 12 91 47 63 40 70 33 14 25 17 26 17 54 59 29 83 78 18 53 83 24 63 88 90 32
85 41 59 9 13 61 19 71 23 1 33 86 10 15 74 46 72 84 21 2 11 45 45 54 25 6 13 81 41 83 35 54 93 52 24 3 71 32 43 41 70 99 76 94 53 64 52 38 5 10 53 80 96 59 74 73 78 83 3 15 42 66 31 42 46 64 89 66 58 22 3 93 95 46 2 21 58 49 48 66 20 23 88 66 34 33 81 75 18 72 71 21 36 40 79 32 66 77 45 55
48 20 30 37 22 12 86 8 49 26 59 76 64 65 9 96 52 19 88 19 61 54 53 71 47 59 22 3 35 67 89 60 19 1 61 39 71 46 78 20 4 27 78 74 69 70 8 65 81 3 30 11 47 28 14 65 58 40 65 58 51 75 43 13 64 84 65 54 21 15 18 13 66 83 33 12 18 64 21 50 81 86 96 51 16 74 87 15 37 88 15 31 8 16 97 21 19 24 91 0
98 74 98 29 90 65 28 16 44 85 85 55 81 80 89 16 5 21 36 45 89 58 49 24 5 14 79 33 25 22 40 36 83 56 27 11 1 56 33 28 41 30 19 92 55 34 7 57 77 56 46 27 34 33 4 62 69 58 52 19 12 64 63 86 53 84 41 45 91 41 82 76 11 27 33 71 16 85 58 26 64 49 33 30 11 31 93 75 19 90 29 88 7 82 83 70 42 15 24 30
26 30 5 70 34 35 58 31 38 34 93 31 45 11 86 3 2 38 51 9 42 14 24 19 67 43 42 76 24 4 60 65 93 96 80 24 56 61 3 83 2 44 67 8 45 66 28 80 87 60 93 56 99 29 14 24 40 62 79 42 31 98 7 74 61 51 11 98 11 11 41 86 67 64 22 27 60 60 5 5 22 11 16 14 56 89 42 34 46 39 21 74 85 48 3 40 71 36 36 74
60 59 11 46 66 83 2 16 4 84 0 95 39 14 5 69 40 88 28 10 86 19 9 85 60 49 86 80 53 38 54 44 66 47 54 38 28 4 83 14 85 31 71 13 75 32 84 3 18 71 21 78 78 84 45 58 73 12 48 31 65 38 76 37 79 3 67 55 24 40 37 45 4 73 14 74 24 29 75 26 7 63 64 93 12 65 67 36 91 46 13 70 57 78 10 60 60 94 88 83
37 45 15 25 80 66 51 80 15 49 94 35 96 36 91 22 40 74 43 37 70 82 31 58 61 53 59 71 21 90 3 97 59 60 59 82 97 72 46 66 13 20 66 98 12 88 44 54 75 74 96 91 19 7 10 2 9 34 55 73 95 68 73 88 12 90 36 13 81 21 40 87 49 88 67 59 93 54 24 40 35 64 51 3 80 35 66 55 68 6 9 35 27 31 99 7 97 4 97 59
99 83 15 19 71 74 89 74 95 40 50 52 94 87 11 50 49 93 97 26 8 44 92 39 93 55 99 42 61 59 68 4 81 73 84 91 19 53 32 65 25 85 63 70 71 77 47 84 5 42 85 27 94 2 40 46 45 60 16 16 92 50 51 8 72 79 6 39 31 61 25 8 95 41 44 89 34 11 31 79 75 12 21 35 96 31 80 96 75 10 50 9 48 87 70 51 4 18 17 84
72 27 59 38 3 88 52 62 36 5 74 94 23 72 56 93 31 27 87 26 12 32 18 8 96 94 20 14 99 8 3 40 79 31 60 80 37 63 4 55 76 23 5 59 57 20 80 19 29 97 62 17 37 65 31 81 83 34 62 82 87 79 81 42 46 82 80 10 8 22 60 35 80 14 68 93 70 96 17 52 23 54 35 60 29 29 6 73 40 58 27 66 63 93 16 99 24 24 9 39
3 28 49 82 6 75 42 39 0 26 57 18 62 35 94 60 30 27 94 33 93 82 55 60 54 6 59 77 45 73 23 16 69 52 12 25 88 42 90 33 16 86 1 25 52 44 41 47 41 63 40 59 15 88 52 12 25 38 7 4 81 66 46 66 15 15 68 1 84 97 34 90 31 94 44 76 23 24 70 27 38 87 66 74 99 44 79 32 98 82 98 97 15 48 41 44 45 45 15 43
66 9 50 17 40 23 68 14 14 49 70 52 15 75 74 25 48 61 58 12 4 28 19 16 48 76 30 21 10 60 45 91 25 97 92 57 78 46 72 91 94 40 55 12 54 18 82 2 1 61 11 84 56 21 46 50 26 49 33 89 96 81 91 26 10 15 38 47 13 98 26 56 96 15 18 62 17 47 79 93 77 85 17 91 51 35 6 15 87 69 35 98 20 61 93 34 79 68 67 14
50 68 40 74 87 52 9 58 62 79 7 54 49 11 1 92 89 79 69 86 46 16 79 7 68 52 98 90 91 46 51 82 74 15 69 71 55 88 41 38 91 94 70 6 36 6 42 89 30 21 59 53 95 59 79 77 48 81 75 70 7 89 83 17 10 9 39 96 23 31 17 7 12 22 67 63 27 5 6 77 61 48 90 2 26 86 65 67 69 66 63 84 30 74 20 86 8 95 96 19
95 13 85 67 37 76 42 76 26 7 12 20 99 37 34 14 89 60 48 79 49 47 38 44 60 29 62 53 59 85 84 45 11 49 16 54 97 90 77 9 25 0 12 57 14 66 7 1 67 2 11 5 45 49 10 42 77 66 42 86 25 76 44 54 47 39 11 16 89 98 90 37 98 13 2 22 80 33 82 59 81 93 28 19 6 62 40 67 56 49 54 1 8 85 41 75 23 83 25 1
37 24 71 71 23 91 62 1 48 18 29 44 11 12 2 77 59 52 87 37 90 79 1 22 35 22 15 73 47 25 26 85 94 11 39 4 29 95 10 8 46 55 76 83 57 86 34 57 9 98 75 63 59 7 64 76 65 72 56 66 77 21 72 11 51 63 25 85 65 24 91 83 1 39 1 0 10 75 13 12 72 49 91 34 9 71 5 1 31 20 6 72 12 36 12 61 88 19 76 18
0 71 86 24 93 52 40 70 55 77 33 53 32 7 3 26 60 59 82 89 1 84 82 71 9 60 20 56 37 50 90 89 40 92 48 33 23 16 31 2 5 61 37 63 18 42 4 42 41 98 6 49 64 87 32 0 20 54 48 70 77 79 72 7 77 12 60 97 20 75 74 41 43 20 77 20 12 20 81 70 48 63 8 97 40 43 6 70 58 15 1 78 52 33 18 85 58 43 23 88
57 93 20 0 9 56 15 65 82 67 12 70 31 20 36 69 22 74 59 9 87 75 45 29 12 7 17 33 84 42 67 92 8 86 86 12 96 85 29 77 30 51 86 84 96 83 82 58 30 51 79 28 38 17 36 36 86 70 91 85 28 79 83 54 17 74 91 14 81 67 64 84 80 93 42 76 45 5 26 86 7 63 32 11 47 18 72 2 70 78 43 47 85 43 83 63 99 57 19 45
77 64 91 99 81 1 46 87 32 90 12 82 22 0 44 39 21 19 72 61 47 29 47 69 39 62 90 49 65 23 12 85 6 21 4 72 38 27 81 24 47 30 43 7 15 77 99 26 27 20 81 52 30 31 52 45 62 58 43 9 70 72 78 1 11 71 33 77 63 58 68 75 24 69 4 85 51 69 65 90 10 98 1 11 31 97 13 36 34 17 37 61 89 72 32 32 72 70 87 18
65 18 12 36 76 87 12 72 14 79 44 41 29 49 41 93 52 71 49 17 91 93 78 21 15 34 59 92 68 48 21 64 46 6 67 81 53 17 87 42 11 31 51 5 24 59 97 19 6 74 26 55 93 32 73 2 83 21 2 1 48 95 25 4 37 57 38 42 25 80 48 5 18 79 11 59 5 98 59 44 57 75 63 3 23 22 37 42 21 67 76 37 38 65 44 33 54 23 92 24
93 49 40 41 35 55 89 3 68 37 37 53 88 86 67 24 6 68 31 58 24 41 7 21 63 8 16 57 73 84 10 38 19 36 80 70 74 31 36 52 35 94 15 82 99 91 84 44 58 89 19 17 50 17 92 15 8 27 43 28 43 85 53 65 89 3 26 36 72 10 70 51 18 2 33 64 19 82 88 18 54 52 56 45 48 80 92 57 85 56 77 1 11 90 58 37 93 3 83 24
28 43 72 19 9 1 87 96 52 43 82 36 27 11 98 46 9 56 44 14 43 73 40 17 80 71 56 55 36 40 16 98 65 67 16 15 95 59 59 40 44 38 37 42 88 90 35 59 34 63 94 61 95 25 66 12 89 17 17 19 70 56 5 67 15 75 18 32 0 17 76 38 80 37 41 84 70 80 54 36 38 88 71 87 65 85 65 46 18 66 21 94 55 46 15 71 32 1 11 13
46 55 80 62 94 62 90 88 4 64 22 35 74 94 65 26 71 38 16 68 22 66 53 91 39 95 95 99 30 43 48 94 46 86 40 79 20 59 86 55 10 69 98 57 80 46 47 9 26 82 84 92 79 60 20 82 72 40 97 24 41 97 27 72 19 79 78 53 57 94 77 86 24 38 69 91 57 65 4 43 63 65 59 7 79 95 97 34 35 56 29 71 6 27 39 93 27 95 20 60
60 80 9 29 37 33 5 94 65 4 3 20 90 33 27 14 25 57 97 71 0 73 25 3 87 51 51 75 43 65 81 34 62 14 10 55 72 59 52 91 48 53 81 45 68 22 56 77 65 29 66 58 13 8 42 38 98 65 98 49 41 77 66 43 14 61 99 54 79 14 37 0 84 69 57 90 12 54 17 10 45 75 2 17 8 33 85 86 74 75 17 22 8 99 95 77 54 40 14 61
55 63 3 89 59 27 71 72 16 76 24 87 94 54 99 58 32 58 53 14 54 67 91 74 86 19 66 72 2 54 72 0 90 40 73 48 69 96 45 63 12 11 99 69 25 49 17 40 10 47 13 34 92 97 31 75 38 18 25 56 74 33 51 65 38 74 31 90 37 48 77 14 41 45 65 66 70 29 78 61 26 54 95 21 97 7 71 22 35 60 77 17 29 7 94 10 17 34 37 84
71 82 47 14 58 28 64 19 31 35 82 67 34 86 20 47 92 67 99 15 74 15 9 1 34 3 48 79 24 11 58 99 32 77 60 68 61 7 95 10 65 84 58 86 89 89 43 49 4 36 5 42 15 98 50 32 61 65 14 52 86 12 29 84 38 72 12 3 40 85 83 89 87 12 27 92 8 64 26 15 69 59 57 98 50 41 44 54 0 6 32 20 30 90 41 72 84 70 69 94
58 97 69 40 98 24 0 91 50 3 39 1 80 78 4 30 86 88 58 8 6 75 90 79 77 89 48 3 93 64 92 25 51 23 29 55 48 86 97 29 29 48 80 70 36 76 0 1 70 10 11 19 65 55 50 59 68 25 4 76 94 91 66 63 55 12 13 51 10 32 92 32 48 86 25 53 41 38 52 86 19 53 27 24 89 86 15 72 4 82 24 28 14 11 67 66 63 47 12 96
87 95 82 63 51 55 98 43 4 48 4 83 90 1 11 13 32 14 1 80 23 36 65 35 8 8 53 13 95 18 49 70 45 74 82 11 16 83 69 4 88 1 30 63 71 78 60 2 33 58 50 2 90 10 43 35 6 22 73 56 7 32 99 47 65 9 44 1 56 55 81 14 61 42 63 31 93 59 86 27 86 10 62 28 26 45 63 87 90 98 7 2 15 45 26 4 26 99 4 31
57 95 91 27 89 37 47 23 69 21 71 61 34 58 50 77 48 3 80 39 89 68 30 19 49 20 51 52 12 32 46 31 35 81 51 65 47 59 10 19 65 4 48 69 81 30 22 64 41 87 87 37 5 51 1 61 30 1 44 95 37 46 6 51 20 83 95 28 54 7 68 89 83 11 5 67 42 68 89 1 57 99 22 47 65 83 73 28 72 28 42 15 6 11 80 71 65 25 74 36
36 42 48 57 79 26 12 26 7 26 0 19 34 7 4 9 93 72 35 45 9 64 88 76 95 43 80 36 80 71 94 92 13 60 42 97 5 54 75 88 38 88 94 19 43 51 97 12 7 71 74 62 48 51 96 58 53 33 94 22 89 42 93 74 11 76 79 46 70 96 17 12 79 20 84 45 58 65 89 98 48 86 63 90 49 93 48 19 35 13 88 13 16 49 39 44 97 42 29 51
31 35 82 46 11 37 66 80 54 28 7 87 27 3 77 51 23 61 7 71 58 33 21 23 92 58 50 91 44 91 29 31 11 64 61 22 8 3 50 72 27 40 49 28 0 39 26 63 61 27 58 93 82 76 92 22 89 77 48 94 15 96 32 75 34 21 50 74 39 55 16 81 41 21 49 77 64 24 22 38 88 16 74 62 12 92 8 3 80 68 21 12 74 67 81 55 95 64 25 87
80 44 97 55 96 35 56 98 86 2 70 17 40 91 12 13 32 53 80 68 20 86 33 97 28 64 17 68 45 63 50 63 63 11 87 26 31 43 48 91 52 58 75 24 64 58 25 17 62 44 43 36 59 41 38 32 84 37 98 8 10 17 1 24 38 85 72 34 39 75 69 41 37 74 86 43 49 97 3 96 33 68 97 80 69 84 31 1 36 94 51 53 30 2 28 21 70 3 85 77
13 32 85 98 7 5 54 26 76 19 45 48 97 80 82 90 10 23 20 68 79 89 53 86 20 34 23 92 56 54 95 83 25 12 70 76 46 85 28 22 96 48 43 13 56 51 69 56 10 57 26 3 46 40 24 34 68 70 36 22 67 59 6 8 10 58 20 79 0 51 60 31 32 24 6 49 18 46 81 83 72 42 2 11 66 69 59 40 42 19 92 44 19 59 95 62 0 33 85 57
55 0 49 83 9 39 96 43 79 42 35 23 13 74 84 2 57 66 77 50 33 94 57 60 62 44 65 55 59 22 28 78 36 65 2 45 1 91 97 46 25 52 18 39 17 6 62 79 32 85 96 32 21 73 6 81 0 97 31 74 62 56 15 32 29 21 23 49 16 65 5 25 64 94 74 87 22 86 77 52 37 51 34 22 64 98 36 3 38 63 24 75 89 61 21 57 33 8 27 48
92 40 46 53 85 70 29 33 28 13 47 74 18 10 36 85 13 94 88 1 41 54 24 15 42 37 67 92 34 91 77 96 27 20 17 10 33 77 32 85 29 34 11 12 99 88 25 12 52 9 6 47 37 61 18 94 98 51 79 51 1 31 49 50 31 90 53 24 20 42 28 53 77 49 5 30 3 85 77 37 61 86 13 59 27 10 82 31 77 72 76 26 15 96 19 3 4 0 16 18
50 79 51 40 57 52 57 6 81 90 20 76 12 56 16 68 34 28 87 62 35 10 77 16 17 81 76 39 39 66 17 6 78 78 42 48 4 92 12 69 78 22 66 97 74 56 37 15 67 43 32 64 93 1 37 74 78 69 62 8 47 8 50 88 92 10 97 15 34 64 77 67 21 94 53 13 63 75 62 73 16 3 1 5 75 0 12 88 5 3 35 37 12 1 64 93 15 64 33 81
98 18 97 53 27 6 29 95 1 20 25 88 70 27 45 14 83 11 35 79 61 94 58 56 67 59 55 30 37 6 88 65 74 96 52 0 42 61 49 20 8 13 10 56 60 74 90 82 95 33 35 32 16 44 8 54 97 39 76 77 71 62 33 85 68 99 76 39 2 2 1 35 16 8 80 11 27 42 67 85 82 39 67 42 19 6 21 58 67 77 87 83 34 31 23 88 54 70 10 26
22 82 58 49 9 32 30 52 13 86 71 32 57 71 76 96 2 56 51 39 72 38 16 5 50 15 65 13 28 11 73 29 3 52 52 51 90 61 69 83 84 71 42 41 46 73 77 72 98 99 59 40 18 4 52 64 85 81 9 80 94 16 58 42 76 80 76 53 67 8 21 86 68 39 75 33 83 31 71 66 98 97 29 34 22 74 60 28 97 46 75 96 71 36 55 25 57 85 13 56
73 43 54 19 24 9 47 60 33 59 78 43 16 23 1 99 39 0 28 21 21 86 90 92 31 67 2 70 38 11 79 44 1 38 36 31 40 96 79 51 36 88 95 16 97 38 41 27 18 41 24 56 74 68 62 88 50 63 55 84 95 14 9 0 71 35 16 11 44 61 14 85 78 1 86 45 37 95 23 53 75 47 97 90 83 15 74 75 0 69 85 12 29 74 48 47 21 41 19 56
52 81 30 94 92 76 85 65 32 64 48 7 97 61 89 10 44 83 1 27 52 92 3 68 27 42 84 19 22 45 87 72 32 48 63 80 72 66 41 37 53 92 78 97 72 54 75 42 98 77 61 39 13 80 6 3 46 3 96 49 15 64 24 85 2 87 75 68 26 95 71 25 48 75 3 12 37 79 34 79 42 82 76 86 81 39 52 96 28 67 31 90 79 8 78 95 46 8 26 79
41 86 45 0 62 64 25 54 59 55 35 43 56 25 73 6 34 72 56 64 34 83 1 54 19 80 47 43 53 74 89 27 84 10 1 61 88 92 76 89 37 71 61 68 60 56 3 21 34 37 10 3 8 81 16 84 82 88 4 6 93 2 78 43 22 61 79 92 43 31 55 31 27 18 41 3 93 61 82 60 62 40 38 54 64 41 29 39 98 96 55 17 1 79 5 25 66 58 76 36
65 62 88 42 95 46 24 53 19 93 65 32 77 41 63 88 95 77 13 18 41 86 15 13 5 15 64 11 44 65 39 98 37 88 20 67 0 45 69 29 61 35 36 3 2 98 5 24 13 58 65 0 25 55 13 3 59 12 37 74 99 47 70 71 41 55 30 86 86 50 58 35 51 82 32 12 27 28 6 67 10 48 26 11 13 35 22 63 20 60 27 53 5 43 62 87 24 9 63 93
21 74 42 78 15 52 87 5 50 89 78 71 44 69 39 14 60 37 11 61 33 62 13 93 18 63 62 95 7 73 0 3 40 66 4 95 77 19 98 98 28 2 72 30 50 94 19 33 78 14 27 95 57 80 36 26 47 20 53 61 1 49 42 79 27 87 54 14 87 73 23 62 68 82 80 91 80 64 57 86 24 63 95 70 2 4 1 63 46 72 65 98 62 49 26 91 18 22 42 40
81 5 0 31 29 1 57 91 60 24 45 62 19 40 51 89 98 53 15 22 40 3 13 12 61 46 62 91 27 7 2 57 60 18 91 43 61 78 65 28 83 94 27 4 82 2 93 78 91 95 39 77 67 20 53 85 88 53 97 21 96 89 15 65 95 57 53 99 61 91 52 42 15 57 74 34 1 78 60 25 60 93 72 27 55 81 70 71 70 27 2 41 79 4 7 37 55 72 30 49
58 14 42 35 35 74 87 91 17 66 41 57 58 81 59 99 11 42 87 28 29 95 87 86 36 88 59 0 70 2 75 2 20 79 67 7 96 27 20 99 45 45 97 32 80 56 22 69 46 32 3 66 46 9 41 43 70 2 51 47 3 84 95 63 88 65 6 20 12 84 35 60 11 22 18 58 62 2 19 12 23 58 49 23 70 24 89 59 70 92 29 65 61 87 18 95 38 9 63 91
71 89 72 72 13 5 4 43 90 38 24 74 25 24 75 70 37 2 89 66 96 73 97 98 23 72 88 3 60 46 63 2 68 76 55 67 21 90 67 59 50 90 32 73 51 83 62 36 18 38 38 41 74 28 32 25 98 78 90 47 69 69 77 41 71 14 17 86 80 83 58 46 93 85 99 20 41 16 55 59 97 14 14 83 33 48 25 71 4 28 85 75 38 17 65 65 6 71 47 62
59 46 26 23 29 77 89 67 17 27 25 64 71 80 41 19 48 81 49 39 71 67 90 90 59 91 52 91 68 2 72 47 13 60 92 40 45 91 66 85 60 69 53 61 70 53 71 31 24 19 52 68 78 18 63 29 23 87 29 9 60 68 53 45 71 26 57 47 47 95 92 58 99 96 39 80 8 48 6 15 95 98 69 16 2 71 32 78 30 59 66 20 54 76 12 86 53 79 27 87
30 2 67 7 40 37 41 12 60 30 28 57 52 38 67 68 4 87 31 7 27 12 72 4 75 45 86 16 10 32 72 19 71 82 80 43 7 98 33 94 57 92 69 41 96 89 11 69 29 38 75 33 58 7 57 4 17 94 98 12 88 48 0 64 42 20 95 33 13 84 88 7 15 60 95 77 16 23 55 81 41 61 54 2 55 4 36 45 79 61 61 30 20 31 64 71 63 81 56 6
60 48 94 2 81 20 23 54 91 32 57 66 78 48 50 5 45 24 52 68 25 43 3 65 37 45 91 17 58 9 22 72 58 74 83 54 5 70 54 24 17 64 26 96 29 51 86 7 81 32 19 1 70 61 17 51 11 59 33 26 61 47 19 72 70 66 96 38 48 1 44 4 58 76 80 83 46 19 90 18 5 58 99 41 95 50 41 70 20 16 50 15 21 90 28 50 85 83 65 30
96 99 85 7 27 19 45 40 67 57 94 69 27 25 97 73 84 77 52 3 38 25 13 61 55 48 88 55 13 83 27 32 18 70 22 94 86 42 67 59 77 8 54 31 38 19 89 6 81 81 98 89 46 83 29 1 13 53 29 62 8 99 53 27 33 0 94 58 74 24 57 26 88 67 90 44 40 73 60 42 81 35 45 24 78 16 2 51 68 70 32 19 11 44 16 55 14 27 89 25
59 29 54 48 41 13 60 83 8 81 89 59 43 43 56 75 82 47 7 48 39 54 6 24 26 26 70 13 12 48 42 89 17 91 18 12 42 67 53 45 71 35 34 28 20 51 89 21 11 95 93 27 30 17 99 23 10 11 63 83 4 43 43 58 31 15 49 71 12 79 10 54 22 86 67 54 31 91 25 24 37 88 17 9 0 23 28 31 0 86 74 81 66 35 76 44 24 15 22 48
71 37 65 3 53 36 13 37 38 43 17 19 94 10 94 28 58 17 41 81 56 66 68 39 77 62 81 60 5 63 62 72 43 99 20 12 9 47 25 63 63 29 66 31 39 69 78 72 76 63 90 2 33 20 86 1 38 83 49 53 52 76 28 34 87 58 33 14 79 77 83 18 26 28 27 18 44 92 65 55 36 23 46 10 77 16 54 54 24 5 26 59 10 19 34 69 50 20 46 68
96 49 18 27 1 14 26 38 11 42 21 13 97 53 29 40 46 99 18 77 58 38 57 83 23 40 89 68 51 17 20 94 80 33 56 17 9 26 17 43 11 62 40 23 90 21 64 87 56 91 2 18 12 73 51 1 81 21 64 7 86 41 14 31 88 58 93 7 27 56 58 94 50 46 17 49 31 57 64 84 55 17 99 97 27 81 63 94 2 64 82 6 54 5 73 31 4 56 93 25
25 66 9 2 59 32 58 13 69 24 36 99 14 53 75 31 66 47 14 98 34 97 36 12 19 22 48 60 45 17 9 41 27 26 58 0 8 17 5 91 52 18 14 59 52 2 8 87 87 23 25 88 79 1 32 8 87 22 48 41 93 82 33 37 1 85 75 32 45 8 91 29 20 85 19 99 84 96 46 58 44 99 81 82 50 72 52 44 13 82 97 14 59 53 67 92 66 55 85 70
65 84 20 96 24 71 34 32 85 16 95 65 8 16 23 68 43 98 45 96 29 84 43 19 62 31 23 1 32 34 70 58 95 95 70 47 69 93 19 55 93 48 27 83 18 86 56 62 45 69 51 50 3 5 64 11 38 80 43 8 63 41 95 79 12 77 23 23 80 37 38 64 28 55 16 93 58 50 91 85 59 5 33 6 17 20 23 92 75 12 47 74 61 82 58 44 82 99 16 70
98 79 17 9 37 79 98 59 50 57 8 72 57 14 48 16 75 43 32 77 74 2 8 67 77 46 66 17 26 28 26 84 96 33 29 63 67 61 58 29 87 62 43 97 53 73 40 39 30 80 50 73 28 24 49 74 52 15 37 47 7 28 67 82 23 21 96 24 61 97 35 64 72 60 1 29 15 35 54 24 44 19 98 99 32 14 63 38 76 7 26 44 49 75 25 96 72 71 27 37
77 13 66 86 2 33 99 15 83 60 77 18 64 36 8 13 20 60 66 30 75 43 74 68 74 0 6 98 72 42 70 43 36 60 36 55 60 36 21 81 25 71 7 0 32 29 92 81 19 10 64 29 22 34 85 43 67 63 21 38 8 64 98 50 95 43 74 75 46 95 16 64 18 35 44 37 11 83 35 56 38 12 55 41 77 1 27 6 69 42 86 21 62 18 12 36 38 70 52 16
19 33 4 65 45 71 2 69 44 47 15 94 69 79 50 40 46 12 57 69 88 52 54 98 84 26 79 69 4 28 30 68 77 32 18 30 23 78 59 16 34 48 49 89 31 72 20 26 67 53 74 13 41 93 66 92 82 79 83 59 26 81 11 17 55 1 64 56 60 97 15 10 50 25 59 32 18 16 72 20 26 11 93 7 17 15 31 35 39 78 12 25 8 0 28 46 45 86 16 17
28 85 90 55 54 88 74 0 90 35 41 76 90 96 46 46 73 11 31 46 63 12 60 1 18 4 52 63 54 96 22 24 66 29 35 8 60 0 41 63 79 18 20 18 68 81 7 23 40 42 49 23 47 50 65 58 11 46 31 52 70 57 46 98 10 72 78 87 16 93 74 26 25 2 2 9 3 62 48 19 69 73 24 63 65 65 62 46 74 5 48 50 65 88 33 82 44 69 89 6
4 95 26 83 29 91 55 34 79 58 6 19 95 47 28 10 93 82 66 76 96 15 6 47 20 8 92 68 75 75 70 29 77 94 76 8 43 87 19 22 60 20 92 57 25 78 74 21 49 49 80 14 68 12 37 16 73 60 15 47 39 41 73 59 9 22 59 67 76 56 30 77 51 72 14 82 57 67 39 68 59 33 27 6 1 13 43 61 92 67 12 98 28 57 41 38 80 62 0 47
28 14 67 46 85 80 26 49 13 51 24 51 55 43 6 26 72 15 49 95 77 11 76 85 41 96 77 86 77 85 92 26 47 43 24 11 35 41 6 40 11 67 29 48 91 76 75 48 97 17 93 45 84 33 71 89 59 8 30 59 31 10 86 53 17 24 11 97 50 98 56 2 52 47 58 86 86 93 59 49 29 74 34 71 72 62 45 67 56 16 16 28 65 85 12 59 60 4 70 17
19 83 30 17 34 40 50 33 89 10 79 27 71 69 88 27 80 73 69 24 16 51 60 88 80 0 24 99 78 78 32 30 56 78 80 93 94 53 31 21 79 22 14 53 34 16 90 29 24 57 97 25 93 13 58 93 60 21 70 4 5 9 80 38 10 13 40 82 70 17 91 91 76 53 77 45 98 83 75 64 24 32 62 20 85 43 73 12 98 45 82 75 92 59 54 92 8 73 16 22
96 89 94 61 88 26 30 63 14 43 93 10 50 65 81 1 36 37 48 15 60 93 5 91 19 55 73 37 9 48 21 4 10 64 1 25 79 57 8 38 22 49 41 94 0 31 0 82 67 77 53 75 55 11 32 44 25 76 77 74 97 91 24 66 1 18 27 73 61 82 80 14 0 34 23 63 95 86 51 3 25 80 43 7 50 9 78 0 68 64 8 49 89 13 21 7 69 84 20 32
10 0 33 26 33 35 39 90 8 75 48 60 59 88 58 22 96 19 78 88 10 65 99 68 73 97 42 32 16 40 62 44 14 48 75 98 11 45 92 99 9 54 92 58 30 70 34 11 83 81 99 7 24 89 5 34 73 39 73 19 64 29 5 52 39 96 71 66 48 87 23 15 44 50 17 94 30 55 46 55 24 51 89 67 27 96 47 15 29 15 9 10 90 3 15 30 18 69 96 25
31 16 74 43 28 35 48 60 37 87 76 54 55 36 49 44 41 15 82 30 15 69 29 29 95 93 61 22 76 95 23 7 86 40 70 70 77 31 92 74 97 5 3 88 73 53 21 70 75 73 6 62 73 33 96 25 91 1 11 13 68 77 21 73 83 73 32 89 51 38 51 33 19 55 18 98 84 14 16 46 35 65 73 3 76 63 84 38 19 20 67 28 49 89 99 43 47 12 10 53
30 85 60 92 7 14 71 97 90 35 49 70 56 37 46 13 12 6 30 92 85 78 14 49 66 98 52 39 12 31 45 52 15 12 49 73 15 51 30 98 89 71 19 9 62 1 65 9 1 95 8 12 30 7 5 62 79 11 51 64 89 13 54 10 52 71 36 91 15 10 78 77 11 77 94 74 50 72 50 82 25 58 29 68 14 35 57 26 99 50 44 94 62 95 39 18 78 53 34 10
11 9 28 50 68 87 37 41 96 28 20 36 98 64 69 38 38 7 88 70 61 43 94 10 11 47 23 84 2 44 96 23 58 79 64 89 39 30 50 78 94 4 42 49 46 85 22 5 76 28 65 14 14 51 33 37 53 68 12 5 96 3 71 57 18 17 9 47 74 62 38 14 7 98 6 65 20 90 68 72 46 32 88 10 41 14 42 26 23 14 77 75 26 62 99 1 37 67 12 21
24 23 13 20 60 10 17 9 36 59 83 4 98 75 88 18 1 20 64 46 59 49 65 8 98 57 22 62 47 28 72 32 97 26 5 20 39 8 25 22 34 23 60 97 28 54 63 99 96 7 31 13 32 15 38 90 33 82 21 48 94 82 72 35 40 62 11 32 33 14 66 29 68 32 59 68 20 54 26 36 67 80 21 34 87 38 28 57 67 65 81 66 90 56 50 50 40 37 65 23
87 13 41 26 11 42 86 74 9 13 87 75 9 61 46 83 16 51 25 94 75 71 78 58 90 98 91 22 61 33 29 97 90 95 8 97 0 36 93 54 70 14 58 4 15 61 51 98 55 42 88 67 18 34 96 51 96 85 39 1 95 88 18 8 79 17 8 49 92 60 2 95 39 13 79 41 48 74 54 8 2 32 78 67 22 4 59 41 83 56 43 55 44 9 40 95 78 89 12 80
55 90 58 26 44 71 72 58 25 3 97 77 69 74 19 94 73 31 1 95 52 68 22 96 26 6 66 42 50 88 96 65 77 25 3 36 76 33 26 24 46 5 30 79 47 76 85 54 45 66 50 81 7 73 55 44 3 51 29 65 89 93 34 73 2 1 81 12 79 15 92 78 27 62 21 0 4 56 9 87 45 90 43 25 58 31 0 6 41 60 38 21 21 51 24 3 94 28 57 11
61 25 18 24 77 79 83 55 11 13 16 19 92 63 64 88 48 37 35 86 87 8 26 49 43 63 36 53 26 65 75 50 39 9 2 50 84 8 36 43 80 28 88 39 11 8 8 72 7 78 22 17 77 59 19 25 79 98 83 4 85 0 28 25 98 18 71 74 37 90 87 18 41 89 44 0 64 14 68 51 25 16 2 20 62 27 31 53 63 27 20 35 15 75 63 50 87 0 82 13
68 32 35 83 37 42 55 45 92 57 52 22 61 93 8 85 72 60 82 72 52 89 67 68 77 20 5 26 29 23 56 83 18 2 7 23 45 67 77 61 95 63 15 90 66 61 11 80 86 50 44 95 55 77 55 22 34 22 8 37 65 14 29 14 36 49 14 46 22 74 11 51 30 78 28 69 34 41 82 86 47 67 11 69 92 53 1 12 66 15 33 61 16 32 31 98 89 54 30 58
73 34 87 42 33 78 65 12 86 4 85 49 86 19 91 60 83 81 4 57 3 95 43 14 74 62 90 60 13 98 4 64 56 22 79 7 69 92 15 69 65 76 96 70 83 37 31 67 48 95 68 23 91 64 38 23 18 28 63 53 74 63 89 88 92 99 35 18 11 57 21 62 68 69 41 9 41 81 54 54 50 81 51 82 76 90 96 9 50 45 87 76 66 49 0 27 22 9 41 23
31 97 44 93 97 39 63 17 98 81 37 15 47 95 38 7 16 3 57 12 66 80 61 23 28 27 95 17 67 3 2 47 32 25 52 74 37 67 16 97 54 88 98 55 78 98 35 83 18 8 19 29 40 54 47 51 85 4 85 38 36 90 58 19 92 74 29 79 57 64 80 85 27 68 21 8 71 16 95 47 2 26 65 83 45 53 2 77 18 27 62 33 37 13 14 25 43 46 20 29
41 4 1 58 35 4 99 68 78 33 68 51 85 60 17 15 87 77 29 97 57 0 61 62 30 49 4 83 65 93 91 89 35 80 59 67 0 31 3 49 34 1 69 54 93 87 5 0 73 6 59 31 99 33 39 68 95 34 75 42 16 19 16 6 29 84 61 96 78 2 75 76 39 76 75 31 0 71 76 93 0 97 53 96 50 13 80 84 27 10 93 16 75 9 92 57 57 16 55 43
17 65 52 92 65 83 56 18 88 7 13 90 73 99 30 0 95 3 33 48 63 6 88 29 23 83 78 33 27 11 72 30 36 75 8 96 97 1 13 73 34 83 90 29 39 0 26 61 87 61 64 58 21 33 5 95 38 72 57 44 70 1 94 33 30 32 24 2 81 81 56 65 22 74 48 96 57 94 66 55 71 90 41 44 75 11 92 17 18 23 25 44 19 91 42 44 3 34 80 30
18 76 1 90 81 56 92 80 87 76 75 83 23 6 41 63 53 20 14 17 36 25 6 92 13 70 99 50 21 66 80 8 66 10 93 9 43 47 21 29 3 59 99 71 19 41 78 29 52 73 82 86 10 68 86 28 22 38 44 44 92 10 94 18 76 61 53 10 36 74 77 50 34 20 68 86 28 59 68 55 91 18 19 59 3 12 82 78 2 65 23 54 75 75 24 51 52 79 50 2
91 60 21 23 30 69 69 84 30 6 4 30 79 64 42 20 47 99 25 86 68 73 40 6 8 61 6 94 29 16 0 25 78 45 35 41 50 40 50 80 60 82 64 19 9 25 71 26 94 76 77 65 2 41 72 4 65 43 22 42 92 96 89 92 74 22 46 85 80 13 53 43 75 36 49 81 85 4 70 61 89 50 68 81 77 34 12 36 35 75 52 35 99 98 21 50 43 7 77 6
68 56 64 16 48 90 33 24 62 87 0 9 69 67 61 55 11 64 35 11 27 34 38 15 45 72 88 73 50 26 27 52 94 94 95 62 84 86 49 74 22 68 10 60 89 11 37 94 42 70 89 15 4 70 79 16 47 71 71 71 2 31 65 3 57 5 85 35 65 57 95 76 67 5 44 33 70 39 13 44 33 21 13 93 36 96 54 75 48 22 62 37 3 45 60 43 91 34 31 74
19 23 67 16 41 87 77 31 71 30 73 73 99 52 76 58 80 97 66 65 56 5 10 3 44 21 34 48 5 43 43 25 11 16 14 70 78 39 76 15 95 62 42 74 58 17 47 25 88 63 8 58 97 71 96 33 18 40 33 9 46 75 19 84 60 25 24 78 71 48 85 5 7 19 66 92 11 72 82 67 34 48 61 12 5 78 29 37 50 21 30 68 92 50 55 72 87 66 26 42
69 9 34 12 84 17 25 85 42 81 45 97 75 58 12 80 25 54 70 12 65 64 52 91 67 83 67 24 77 84 26 51 98 4 77 83 95 55 80 98 46 47 46 80 25 55 1 47 51 84 78 1 71 15 30 54 75 31 51 15 76 70 64 27 7 99 48 81 91 1 27 72 82 69 10 61 67 96 88 91 80 22 87 87 73 59 73 68 74 54 58 3 9 12 94 0 41 71 52 86
38 85 89 69 52 23 67 28 76 92 48 69 1 30 98 5 8 33 72 15 58 20 3 98 20 63 93 6 34 58 69 24 62 34 30 33 98 68 70 89 84 90 91 28 1 41 5 81 10 66 26 16 78 12 85 60 45 42 92 13 32 35 95 14 24 25 95 64 36 77 34 86 52 84 8 41 98 46 44 99 91 50 87 28 77 83 53 20 98 51 32 65 41 9 96 48 19 58 68 26
4 95 4 24 81 49 40 68 1 2 61 86 60 24 45 56 58 17 73 22 98 30 50 58 94 52 0 92 0 68 65 77 44 19 49 28 39 3 70 42 92 80 16 27 54 95 22 97 74 24 41 95 5 19 84 41 51 45 3 13 29 43 46 21 97 6 73 32 21 86 45 82 39 17 1 8 2 75 99 8 40 63 8 50 89 62 2 34 18 55 6 30 52 85 53 91 37 0 60 79
23 75 22 23 23 10 89 76 14 49 70 0 76 81 34 99 27 27 64 82 94 35 72 91 93 85 73 52 23 95 43 59 55 17 36 87 3 26 7 30 88 65 15 48 72 86 68 0 18 53 3 26 42 52 16 73 84 28 30 30 72 9 88 66 66 86 91 57 96 39 35 32 51 50 1 45 76 37 51 27 25 22 30 99 85 31 14 11 13 17 93 71 66 98 19 80 2 69 89 0
87 98 27 54 20 50 9 56 8 66 48 68 47 54 66 54 29 35 35 51 96 32 16 14 76 80 53 76 86 77 63 93 62 5 58 33 86 96 84 23 5 19 97 43 8 33 4 13 5 64 4 21 78 5 4 2 18 97 70 55 24 77 56 91 68 37 0 65 30 97 13 73 80 27 92 50 77 51 86 34 44 79 88 38 60 23 0 8 27 94 3 5 33 54 13 9 93 78 17 19
56 50 22 64 17 0 84 36 12 80 10 16 74 52 4 33 41 56 96 92 62 23 56 80 3 93 95 36 82 83 89 76 56 87 5 51 81 43 15 91 26 71 67 21 36 45 57 2 0 13 75 80 32 81 44 13 70 89 34 67 63 68 58 92 94 39 74 82 63 5 65 71 81 74 93 20 36 3 95 83 93 18 73 67 48 58 60 42 26 85 93 69 10 16 4 87 22 22 35 9
40 42 37 40 6 84 54 70 11 85 2 58 72 12 66 51 3 26 67 76 48 24 67 63 24 25 39 61 10 61 88 36 69 15 58 43 41 19 51 11 30 14 2 80 45 84 84 83 71 39 13 70 55 42 98 37 45 58 33 32 15 22 54 84 0 6 9 1 4 8 57 87 11 46 97 23 38 23 51 50 38 70 74 40 87 72 24 82 84 43 60 1 64 85 26 81 17 65 78 30
82 20 67 1 73 80 24 60 5 96 48 79 52 61 21 91 11 78 46 52 81 77 70 38 65 31 43 85 1 76 40 89 56 8 84 80 98 71 48 65 45 52 99 66 99 12 10 76 53 20 22 52 89 67 89 2 47 58 94 19 20 53 62 47 34 81 27 83 36 92 62 39 56 48 87 31 11 80 98 80 49 33 89 46 83 90 41 75 20 23 39 46 49 56 27 82 29 3 63 15
23 1 30 61 6 6 91 0 86 16 87 27 34 37 6 95 95 87 94 28 60 5 67 55 3 38 97 98 44 12 60 84 24 45 45 67 35 87 49 5 49 17 90 14 37 76 24 19 69 67 35 9 26 0 65 81 5 13 82 73 97 69 75 67 11 82 12 48 76 99 50 20 20 10 18 68 21 71 81 82 51 50 68 61 90 32 23 47 77 47 51 28 58 29 58 15 52 36 61 80
9 20 40 10 25 59 3 29 33 10 21 0 89 31 32 57 4 98 58 32 53 83 59 24 20 38 82 73 38 65 82 75 30 56 70 15 19 92 37 56 87 55 38 83 75 60 57 65 87 31 65 62 21 78 99 80 93 58 5 29 24 70 85 56 55 14 50 52 37 64 36 66 67 75 48 92 99 65 28 38 32 91 95 29 86 75 85 20 21 8 50 89 5 11 82 59 42 11 44 46
75 31 34 83 61 10 81 25 34 80 89 28 48 82 52 29 60 98 52 44 24 40 10 71 10 64 4 62 39 98 81 85 92 64 1 30 14 50 4 30 43 14 65 27 18 92 24 36 79 70 87 21 66 38 83 36 22 91 29 34 61 16 92 99 35 72 81 30 9 48 61 41 17 36 5 26 88 57 28 88 41 54 83 12 52 34 29 31 27 47 48 14 90 71 77 66 94 67 60 41
74 55 45 35 30 87 60 10 79 56 90 10 71 27 18 14 41 59 50 63 83 95 47 9 94 41 88 39 77 38 58 18 12 77 94 25 22 20 80 67 22 21 47 50 12 70 59 31 90 15 98 98 15 66 18 26 83 1 50 6 16 62 46 87 54 59 10 64 11 61 33 33 23 85 66 51 39 87 89 69 27 70 9 88 41 28 95 17 78 78 90 65 89 33 85 64 43 99 1 85
24 94 58 50 44 38 4 43 0 51 65 56 38 84 58 14 14 88 13 63 14 29 10 29 79 20 94 78 39 77 54 62 58 81 34 59 23 29 77 57 79 73 93 90 87 48 41 62 95 19 94 70 62 44 66 58 46 46 45 34 47 18 26 95 61 92 78 14 2 73 64 71 89 91 35 5 60 67 84 24 46 4 58 99 80 74 91 15 32 98 72 96 76 76 70 21 43 71 71 20
97 94 31 75 84 95 37 70 33 46 73 17 57 20 56 13 85 85 25 41 89 54 19 94 17 42 70 50 9 24 0 96 78 93 85 63 0 68 80 7 65 19 14 34 89 30 34 61 55 34 82 63 29 43 2 54 50 79 22 27 15 29 39 67 86 36 46 54 20 55 65 40 13 96 10 19 41 13 12 74 52 76 40 25 3 24 7 63 73 84 18 17 58 77 36 78 66 73 51 30
