100 100
37 58 47 36 12 98 97 13 42 69 87 7 74 67 43 66 93 18 34 46 67 54 97 50 44 80 9 64 12 61 96 77 0 58 6 30 88 74 54 94 20 71 94 30 54 49 85 33 62 3 72 60 8 98 76 66 44 35 16 70 51 16 91 40 15 44 67 52 74 48 47 70 79 57 63 68 29 89 88 3 14 83 96 39 24 50 56 1 75 57 58 57 47 56 15 95 71 81 22 84
38 49 8 4 59 40 39 38 38 4 28 26 96 31 73 3 94 91 41 48 38 21 92 4 98 41 1 32 81 39 96 21 90 95 21 59 80 60 47 51 53 44 23 61 90 32 23 35 77 90 53 60 23 66 22 4 72 88 39 88 1 69 89 22 58 47 57 76 60 17 34 18 62 0 81 14 40 79 63 43 96 71 75 42 46 43 53 95 4 97 44 3 78 5 29 92 88 91 34 79
79 28 32 85 74 43 64 99 15 77 81 50 51 5 35 70 14 79 71 98 8 97 29 86 24 84 64 78 67 35 10 7 46 7 57 92 49 77 89 22 90 84 35 11 52 22 0 34 19 77 46 88 30 15 16 18 5 3 66 99 73 42 96 65 11 73 17 50 54 28 43 95 56 76 71 46 88 56 7 1 47 30 63 93 4 77 68 76 70 87 71 95 47 82 91 8 83 80 59 57
44 51 29 68 54 32 79 10 6 6 10 12 21 66 71 12 56 28 46 76 91 94 35 7 99 9 49 43 91 72 34 26 68 67 36 96 32 45 55 79 29 33 58 98 67 18 70 61 16 78 91 54 39 40 25 74 23 65 65 58 55 70 86 42 98 20 34 19 32 62 11 65 90 67 98 20 3 17 6 43 61 77 31 60 78 46 23 66 55 9 90 81 92 69 75 50 84 63 92 77
94 49 85 55 93 58 94 39 51 11 7 43 87 9 14 81 84 15 65 31 40 70 68 53 43 80 10 56 38 68 24 44 93 73 1 77 2 34 84 8 83 8 35 50 97 14 62 93 97 32 0 70 38 23 1 42 25 78 22 67 37 57 59 89 99 17 31 85 51 94 57 87 79 47 63 1 22 39 58 32 84 89 78 46 42 95 35 64 5 87 55 44 54 65 34 64 56 19 1 78
81 24 46 89 24 89 81 51 67 5 50 93 44 37 54 3 33 92 77 42 11 86 77 85 12 25 15 14 94 34 8 35 5 39 63 42 16 39 25 72 71 6 83 53 23 55 31 21 50 54 28 86 51 40 29 38 67 74 42 10 62 21 73 81 89 46 43 88 12 86 29 67 8 31 57 22 62 59 13 94 91 28 53 95 69 58 85 27 15 91 96 17 88 55 8 79 69 37 25 95
88 77 6 22 0 12 10 11 70 18 96 29 38 78 64 93 22 70 49 15 18 51 97 73 59 66 17 37 86 4 48 0 33 5 54 73 64 95 23 39 18 13 76 74 6 10 34 74 84 38 66 84 61 19 21 4 33 99 21 55 45 78 81 79 62 32 79 0 77 34 53 49 59 4 81 68 15 23 40 93 71 86 68 45 36 49 47 57 74 7 1 84 9 97 72 37 54 33 54 51
69 21 92 59 79 36 39 23 94 92 21 59 93 55 40 68 43 26 23 66 4 58 72 17 3 98 23 26 23 60 96 86 43 22 47 38 62 60 55 18 0 68 69 77 35 84 9 44 24 22 66 33 96 73 85 3 54 29 95 87 99 43 72 47 18 60 46 99 91 86 27 30 72 5 41 92 57 20 61 65 16 80 76 42 74 95 42 86 54 90 28 18 52 2 26 52 95 4 74 31
69 56 77 86 2 19 0 76 22 45 84 32 32 27 85 93 52 67 53 69 46 3 95 64 26 96 31 18 53 94 26 37 60 47 17 39 35 59 74 29 45 37 36 90 71 3 23 64 92 54 0 4 35 99 79 39 6 89 74 7 63 88 92 16 68 93 27 68 95 16 50 12 79 44 33 83 39 27 17 0 86 71 41 7 25 33 71 62 7 46 55 92 37 34 64 58 27 35 72 7
34 47 81 96 7 0 64 38 16 75 5 17 65 56 28 92 83 29 0 29 92 47 17 56 88 67 66 69 23 0 31 96 2 31 32 51 78 48 41 76 27 96 87 45 34 48 61 42 21 41 79 6 7 39 2 14 31 29 13 17 45 97 63 57 54 47 34 39 54 0 55 38 54 39 89 86 30 7 53 94 13 48 83 41 51 96 26 52 96 20 91 7 49 43 88 95 67 75 82 56
91 20 75 51 63 20 60 98 7 47 35 54 29 64 51 10 61 20 89 5 75 66 69 82 62 14 1 27 94 27 41 78 39 27 61 6 61 1 94 12 40 0 72 38 98 85 12 85 30 57 97 46 86 18 24 41 94 22 4 32 36 98 89 44 69 27 7 64 75 3 69 62 65 4 18 32 94 52 32 24 49 37 23 12 66 73 5 94 94 10 66 29 42 46 77 61 29 70 7 97
60 35 23 49 34 16 82 85 47 40 95 90 65 52 81 44 96 23 11 30 13 81 12 75 35 95 20 33 17 34 45 36 29 64 42 25 98 48 30 23 82 77 0 93 80 39 29 63 34 24 98 19 6 47 30 96 57 61 10 16 89 25 16 60 6 86 87 7 20 30 7 85 81 83 90 55 56 10 5 59 91 96 13 32 51 4 7 38 48 8 52 99 78 16 60 6 11 47 32 12
3 99 82 91 65 35 1 6 66 85 75 17 21 41 52 96 92 33 91 41 43 24 31 5 56 97 36 92 60 71 37 16 53 12 25 27 13 59 37 98 47 68 11 60 37 95 39 61 16 24 72 43 96 27 97 27 5 58 12 88 2 22 42 43 61 79 2 64 92 45 73 50 1 41 1 21 59 96 35 99 45 27 98 6 30 91 81 77 22 98 75 88 67 87 89 73 12 31 99 94
26 88 80 14 3 76 73 34 77 82 70 34 61 24 4 67 12 98 31 69 44 55 81 22 56 86 59 81 17 6 70 93 74 55 75 66 42 88 52 60 49 15 0 82 47 35 79 16 51 20 79 21 5 59 18 93 36 8 53 96 76 59 6 15 50 73 0 25 88 98 34 30 15 25 88 31 62 37 44 97 23 20 24 88 9 19 96 28 80 68 75 88 57 4 38 1 56 47 17 96
81 26 98 13 40 84 14 37 36 20 70 34 20 81 50 17 34 25 66 63 16 94 62 79 8 73 58 20 42 0 40 34 45 15 28 17 87 1 5 45 92 56 6 84 26 55 63 22 60 82 60 55 12 32 21 77 87 4 64 36 99 37 84 42 29 70 70 3 3 47 91 43 92 3 44 11 12 50 55 94 22 63 58 9 77 88 1 41 26 57 38 93 62 40 37 81 72 31 11 37
45 99 90 32 5 30 2 93 66 24 89 29 86 96 79 40 96 79 90 64 10 46 38 29 57 78 68 18 91 62 82 54 14 12 14 25 10 65 37 42 38 20 16 80 50 64 99 55 84 25 32 85 87 8 26 20 53 55 47 91 0 75 89 57 32 21 99 71 9 72 75 61 16 16 14 42 75 40 92 59 64 52 70 25 4 84 10 40 56 67 97 1 45 68 64 37 29 55 66 2
81 50 77 18 25 2 48 52 36 43 93 91 79 31 23 48 61 37 23 51 17 0 71 31 73 1 46 21 63 91 0 11 48 59 21 47 52 87 60 24 99 20 96 78 13 37 70 45 2 87 16 18 71 43 56 85 20 83 85 34 63 21 59 43 71 69 14 78 94 24 83 97 24 49 65 23 57 30 79 50 13 74 85 46 96 27 91 60 26 95 71 6 98 52 5 26 76 37 24 85
35 65 78 21 91 74 78 8 82 69 46 73 68 44 13 48 3 94 24 34 75 34 86 81 69 27 61 16 95 5 44 65 39 40 0 58 53 60 92 31 47 42 67 57 78 67 47 30 47 85 88 86 61 78 87 73 26 72 94 70 40 25 76 38 84 56 83 14 17 74 39 59 30 31 32 74 78 67 97 9 61 58 98 36 75 84 6 27 14 68 23 47 98 12 41 75 3 29 55 91
42 93 34 17 84 90 46 25 38 90 55 48 22 27 79 16 26 5 81 21 39 48 48 29 54 15 14 50 61 39 77 70 65 31 26 91 16 61 70 84 94 92 42 25 36 29 19 57 72 35 9 84 60 18 10 70 34 21 84 14 56 1 5 15 61 2 56 63 93 3 93 56 7 45 88 16 47 11 40 11 95 74 27 40 11 5 72 72 80 78 41 1 42 77 81 0 13 95 56 69
75 54 30 63 45 84 20 17 80 53 4 90 81 28 15 82 40 31 26 80 43 44 85 50 77 98 41 68 17 85 61 80 67 16 35 55 99 62 92 75 98 3 35 37 43 24 21 63 79 6 27 8 5 65 59 60 0 19 61 9 11 61 50 14 0 64 49 46 5 42 31 59 88 43 72 14 57 52 24 21 36 50 45 86 27 73 14 64 28 98 12 62 26 85 16 64 39 78 71 76
15 6 7 44 79 81 45 21 27 40 3 22 15 46 54 36 17 12 92 35 82 99 56 49 62 71 54 59 13 7 50 96 70 96 35 29 71 69 74 40 77 42 48 28 58 5 36 66 31 88 35 7 34 18 55 29 94 93 80 46 68 49 6 81 17 77 92 73 2 38 96 1 63 59 87 97 12 65 9 98 88 42 21 31 85 41 9 74 96 16 71 99 51 66 75 62 36 19 73 62
35 71 17 73 16 84 39 2 24 16 93 16 21 55 25 49 61 17 22 80 95 52 34 50 13 11 77 91 6 16 57 96 66 85 86 82 4 68 93 73 56 43 84 36 47 69 4 98 38 65 89 90 48 42 92 47 39 93 13 25 80 20 5 5 63 57 98 56 23 18 13 74 32 1 64 8 61 36 8 35 92 0 11 57 47 61 6 40 9 62 81 39 2 6 87 85 30 54 16 87
16 11 69 92 5 9 37 40 61 98 12 88 75 87 28 13 41 51 16 85 70 13 25 57 34 56 26 67 89 8 27 29 4 42 84 59 47 74 79 42 91 84 81 37 10 19 89 85 93 75 4 79 50 27 1 22 19 76 75 2 96 1 14 12 61 90 22 3 71 39 24 5 13 34 52 8 19 21 39 16 58 3 88 18 83 25 75 72 65 30 6 77 77 82 59 82 95 13 86 8
71 51 74 96 5 53 44 7 71 79 27 27 79 12 38 79 65 57 39 57 48 5 45 53 88 9 66 75 71 68 48 20 93 63 23 83 80 81 96 68 56 88 52 88 24 22 19 28 39 7 57 76 54 96 10 31 2 13 17 4 44 53 6 59 26 52 24 82 32 97 24 31 84 38 22 34 29 52 53 53 96 32 39 33 30 21 87 40 24 92 44 76 28 75 57 72 20 68 64 34
10 43 10 42 13 11 41 83 82 98 17 23 5 18 26 27 74 60 28 51 24 20 28 40 86 48 9 96 30 4 71 99 10 74 9 82 91 14 27 1 25 44 54 71 74 66 19 62 37 12 76 16 0 97 31 45 42 8 3 58 83 97 54 83 0 33 84 16 39 26 46 75 75 90 18 98 24 3 19 83 65 87 7 34 67 6 42 42 24 58 70 95 74 45 49 84 66 52 70 72
43 84 80 21 86 8 37 12 1 11 97 35 50 20 7 36 65 8 55 95 27 36 11 98 81 58 10 69 78 74 56 41 81 79 10 11 19 27 8 80 1 93 91 53 18 2 72 6 0 60 69 26 5 11 98 83 6 27 12 68 94 7 95 5 76 90 34 32 47 36 14 16 28 55 20 72 36 50 23 12 2 50 12 79 84 1 5 87 51 23 84 2 76 97 41 88 64 32 1 62
83 16 59 85 74 13 38 59 47 91 61 76 13 66 98 18 1 15 63 88 2 17 67 28 35 29 11 33 97 40 79 78 32 97 44 39 28 31 93 80 27 73 37 63 2 88 96 38 73 24 38 50 53 31 94 14 9 52 63 2 65 67 41 81 68 39 49 72 99 79 28 81 70 7 50 91 95 0 34 13 82 54 32 94 47 5 98 38 51 28 17 5 51 14 77 57 38 40 59 5
79 17 2 1 97 26 69 74 45 35 26 59 95 5 18 92 44 96 45 12 57 7 79 52 97 86 36 52 87 64 96 94 21 6 29 10 89 74 81 84 11 38 21 28 99 95 88 91 14 0 93 27 8 30 11 25 9 65 86 77 11 99 93 60 42 40 51 68 43 17 65 43 78 55 78 25 70 29 37 53 57 2 68 31 41 50 9 85 81 17 4 41 37 39 82 51 58 8 33 9
63 85 90 32 84 53 70 51 60 92 64 32 42 41 76 25 48 87 17 98 41 21 88 5 22 90 11 22 37 78 81 57 60 30 34 36 92 60 7 69 14 68 1 62 80 14 37 89 97 96 62 83 30 17 0 58 84 1 86 45 78 4 90 57 92 13 36 5 70 26 88 97 9 85 68 83 12 93 35 25 74 76 13 91 95 90 21 26 49 22 36 39 21 65 6 41 20 22 68 43
3 20 79 27 18 83 52 86 32 76 6 38 61 86 67 9 21 72 48 1 35 80 7 32 74 19 32 9 91 5 30 23 35 42 9 63 2 7 12 79 27 56 45 28 24 4 61 83 75 65 2 92 51 94 76 40 69 92 36 43 50 34 76 28 25 64 1 92 24 29 6 89 46 18 33 17 42 94 1 69 81 3 68 12 24 97 95 77 44 86 3 43 69 93 60 9 37 97 18 76
89 86 43 75 91 64 1 99 49 10 32 14 21 23 59 75 51 1 55 86 48 13 5 88 11 89 10 81 51 82 44 66 8 56 70 80 39 55 6 9 5 25 15 55 57 70 2 32 80 72 79 1 71 55 88 20 9 93 23 36 1 2 80 50 88 47 66 98 84 90 45 25 93 71 40 45 83 29 56 22 8 39 38 26 99 46 2 57 77 97 91 77 35 28 74 14 50 16 80 70
0 94 78 89 42 24 62 6 97 73 45 53 13 24 94 43 98 87 37 30 43 8 48 88 0 81 69 39 65 15 76 4 43 48 93 59 70 98 62 7 4 43 25 8 1 1 63 49 14 75 99 41 9 57 42 22 60 24 81 16 22 60 21 22 60 33 86 79 57 75 28 61 33 54 72 72 90 75 10 7 9 66 99 51 33 35 32 11 29 80 97 88 14 22 83 29 38 99 66 81
42 50 71 55 95 19 92 88 5 89 65 37 13 57 76 92 39 60 11 10 29 66 5 20 58 48 62 7 72 68 89 3 42 8 57 4 51 4 64 39 11 54 61 16 5 96 44 99 48 61 58 60 85 66 41 89 31 4 44 39 54 50 14 45 98 25 67 22 14 7 2 51 66 10 5 18 20 20 53 77 42 94 4 76 32 20 66 99 36 46 80 53 94 95 87 37 51 95 82 27
74 62 41 19 91 1 69 67 81 8 95 82 41 75 33 62 50 35 69 30 94 9 89 90 63 60 46 39 32 75 96 70 44 63 53 71 83 85 3 21 49 71 15 34 19 47 8 50 30 31 91 98 57 33 88 3 61 11 55 64 86 63 50 79 40 22 85 38 34 66 79 82 9 59 58 52 29 63 10 63 59 7 73 53 45 99 47 76 8 42 59 30 19 98 89 44 73 44 21 65
87 48 58 26 73 97 40 18 72 6 22 6 32 26 40 92 18 3 66 66 65 21 70 29 68 87 53 16 79 32 72 39 14 16 81 63 12 41 43 60 71 17 18 79 88 37 94 4 61 50 79 81 76 66 67 26 97 51 82 29 66 16 88 41 16 48 83 19 8 67 32 64 86 66 88 18 72 13 41 35 98 69 85 69 35 37 37 86 19 2 54 59 91 3 98 33 51 38 40 45
41 77 1 9 44 35 88 57 25 15 48 85 36 60 1 39 81 63 25 21 41 45 47 96 53 57 71 54 91 58 29 46 88 37 43 31 1 30 12 17 90 88 10 19 28 64 40 11 14 84 20 59 38 0 18 46 24 4 7 56 93 38 26 46 59 31 44 5 22 23 86 21 54 69 59 13 61 50 16 80 39 27 61 52 45 54 20 60 97 57 48 56 3 73 16 64 46 52 4 60
95 11 98 34 7 37 84 20 75 45 74 16 36 2 68 89 82 36 34 83 56 72 20 18 88 51 39 25 12 6 78 11 58 3 37 27 28 69 85 65 99 66 41 84 47 21 2 53 97 15 30 32 79 25 90 55 81 14 57 94 89 51 53 26 63 37 74 65 2 38 48 57 18 97 9 88 4 49 44 89 40 29 52 99 64 13 63 60 67 37 41 32 13 51 32 3 55 13 54 20
50 26 45 37 62 82 34 41 62 75 4 7 57 32 27 74 74 88 87 62 78 34 92 78 78 66 63 91 88 56 21 14 96 66 62 42 24 38 71 62 72 6 53 0 15 70 3 99 13 4 96 4 22 89 81 60 17 59 80 19 51 8 66 81 51 4 48 97 95 6 23 95 75 93 78 97 40 79 7 46 28 0 73 48 41 16 12 26 7 30 71 58 30 34 99 54 25 95 92 33
32 15 23 56 18 76 70 38 0 16 32 16 27 98 38 6 82 35 22 2 99 77 76 13 92 66 48 83 66 14 22 33 47 80 35 2 97 56 21 64 88 4 45 68 37 37 61 94 0 82 87 76 77 78 4 24 93 62 78 73 20 0 34 91 24 17 86 27 26 92 68 52 56 5 24 66 69 23 0 12 90 40 74 2 34 3 79 10 12 93 46 47 16 21 40 12 54 87 20 83
29 23 40 55 52 29 19 64 26 9 65 48 35 92 97 40 81 48 9 29 10 58 64 34 83 64 46 26 8 68 75 23 60 16 48 79 94 49 34 99 21 93 8 9 85 8 17 8 74 93 80 60 13 20 7 88 81 49 51 31 16 47 87 76 44 37 84 80 67 58 41 24 27 55 32 75 61 47 55 64 74 88 80 18 21 71 28 23 69 76 73 59 94 39 22 36 47 46 63 89
45 41 13 54 57 2 34 79 79 90 34 23 24 62 35 86 41 14 9 77 84 81 4 68 73 30 25 90 67 24 70 61 34 77 84 48 55 52 67 11 5 96 43 76 57 57 86 83 48 82 34 5 61 38 79 65 74 46 4 55 53 14 50 46 46 60 36 9 27 34 25 50 32 83 33 63 26 88 84 43 64 73 85 87 64 63 83 40 87 49 32 57 48 0 12 90 95 56 8 9
88 17 63 17 82 35 32 42 56 27 3 27 73 10 67 74 50 66 71 37 97 53 76 19 58 96 58 57 15 72 32 40 33 63 29 53 34 33 83 7 30 14 90 65 51 34 54 48 57 8 25 48 16 71 48 86 44 74 47 79 12 57 93 96 44 7 30 29 75 11 16 16 92 90 34 10 22 13 61 12 12 95 28 30 52 79 91 70 41 8 72 28 29 31 13 69 7 56 22 72
80 40 34 50 78 55 59 26 48 78 47 3 72 97 60 42 95 16 77 17 98 48 68 15 47 31 63 76 63 24 21 18 13 28 35 97 70 56 45 3 35 91 29 34 84 81 32 19 39 97 38 7 51 15 46 14 2 87 97 16 86 78 42 98 53 60 50 58 79 94 72 86 62 27 37 57 73 85 29 61 14 61 20 72 12 24 48 10 37 25 15 41 78 21 62 35 48 47 10 80
48 61 90 43 49 90 86 50 49 3 92 51 55 39 62 40 89 30 29 73 65 87 43 59 96 93 9 82 94 11 38 18 87 94 13 47 32 50 69 33 52 3 17 96 93 44 99 8 30 2 67 56 73 85 48 63 99 1 77 69 34 90 64 11 21 66 39 88 76 6 84 9 6 68 77 98 67 98 95 39 87 18 92 21 39 75 72 81 26 69 61 88 89 70 70 95 80 92 94 7
10 71 81 24 11 61 80 40 65 67 89 75 15 88 45 82 81 57 91 50 90 20 21 98 7 42 54 35 96 64 5 62 81 87 35 60 53 14 39 10 90 34 85 91 83 2 59 83 22 0 2 24 8 78 74 49 41 81 20 82 40 10 88 11 41 63 41 47 40 48 76 39 50 95 44 61 25 98 67 98 95 93 31 94 45 95 4 44 57 57 98 56 71 80 74 20 56 35 42 1
64 11 45 69 70 74 23 54 1 63 33 48 58 18 70 44 93 4 99 15 51 59 84 55 26 53 52 6 39 57 70 93 91 42 87 47 35 68 24 53 94 53 10 58 41 51 39 27 67 1 20 26 13 59 5 85 15 75 35 90 6 12 24 33 67 67 2 41 55 16 73 4 28 43 23 21 20 90 67 64 32 43 83 8 95 88 13 24 58 15 59 92 64 46 68 86 61 8 52 81
53 94 26 85 9 93 75 6 9 1 4 75 48 80 78 10 19 46 0 96 41 51 2 34 18 39 49 13 22 30 87 28 80 33 97 97 94 50 77 74 87 94 58 27 52 5 1 79 2 29 39 89 92 79 26 80 3 84 49 31 68 1 95 69 58 61 11 93 86 70 10 32 38 26 53 10 46 37 25 67 10 92 53 78 90 50 49 95 47 4 57 6 99 89 77 26 40 75 85 14
49 62 3 4 24 21 16 45 34 20 82 56 34 21 5 91 97 24 39 36 48 91 64 67 30 72 50 8 6 33 30 68 53 61 43 27 86 26 85 2 62 53 79 20 92 50 11 87 7 61 33 57 90 63 90 42 56 82 73 72 72 72 82 18 41 25 5 81 57 81 48 59 95 40 38 98 60 84 90 67 36 26 83 46 71 57 29 25 40 69 94 16 33 57 55 9 23 61 8 32
15 21 99 74 18 76 55 4 20 59 20 2 17 24 24 90 65 40 22 64 20 94 30 0 28 40 19 8 93 63 3 7 51 4 25 88 59 41 92 52 39 23 40 99 42 60 71 58 5 45 56 76 49 41 67 84 31 66 7 78 75 94 73 93 67 55 17 53 38 35 91 15 75 41 57 76 7 26 35 11 89 36 86 85 59 62 86 96 61 80 39 70 85 75 69 62 93 48 6 82
42 28 8 1 97 29 95 73 99 7 71 42 20 93 81 88 42 40 11 28 28 80 81 48 31 13 67 16 40 98 20 26 23 38 81 62 44 9 57 88 99 14 47 32 57 28 99 40 66 81 90 48 95 83 22 30 27 42 49 63 64 96 72 77 26 36 16 21 0 87 19 29 15 51 35 40 4 18 87 74 12 27 89 47 67 14 78 61 36 2 11 16 69 49 68 92 31 74 0 25
96 67 43 0 34 90 38 14 17 72 96 37 35 1 27 1 7 33 21 9 41 30 94 15 22 64 47 46 38 36 41 31 39 73 23 11 5 88 26 23 38 16 39 53 48 70 18 69 79 73 32 81 34 83 44 75 3 40 35 12 55 19 30 3 63 15 49 7 45 18 13 22 53 9 53 15 38 37 52 7 7 12 82 75 38 89 89 62 76 0 34 56 30 35 32 49 7 62 99 28
67 28 46 38 77 73 8 95 1 54 94 11 69 64 35 44 46 15 52 90 83 38 31 68 98 39 95 70 16 52 56 90 39 27 30 77 60 65 18 90 4 67 11 84 11 99 76 96 94 63 78 44 68 92 36 14 55 81 91 43 71 27 46 98 61 95 67 66 25 59 0 79 72 77 23 28 88 91 69 12 50 98 95 31 20 49 36 11 57 89 80 27 41 80 11 72 73 14 29 9
23 59 38 17 99 37 77 63 25 78 30 94 33 87 93 49 48 66 88 28 45 67 98 87 58 46 95 10 86 31 53 74 17 37 85 45 85 59 49 68 12 65 34 30 57 77 36 91 73 22 24 16 96 24 69 55 22 2 63 68 33 44 59 7 93 98 86 34 0 64 70 46 16 36 47 96 99 92 87 64 53 93 87 56 92 30 43 9 27 3 43 69 57 5 96 66 93 64 24 45
68 40 78 22 23 3 74 72 91 48 71 41 28 51 92 37 26 93 63 72 16 33 88 38 11 59 9 81 70 88 93 22 78 40 92 55 99 71 43 91 40 10 54 30 88 90 13 59 22 60 50 48 54 91 76 56 89 5 37 41 78 93 97 1 26 89 13 82 85 33 6 3 68 55 53 79 75 77 90 57 84 49 18 77 33 96 16 45 84 76 32 5 76 33 72 55 72 34 51 88
8 91 69 78 82 75 64 94 0 24 65 55 75 98 9 9 1 17 0 76 66 53 1 39 62 80 33 54 27 1 75 92 22 96 47 22 68 96 22 90 88 92 46 42 10 48 64 15 12 30 60 2 92 94 78 76 35 39 48 55 68 94 90 71 76 20 41 24 8 27 85 64 56 14 85 72 85 43 2 11 2 2 67 14 29 99 18 2 75 83 35 17 73 4 37 98 97 49 45 25
22 29 36 94 1 44 97 95 25 56 41 19 98 92 45 28 16 91 17 66 53 18 86 40 81 54 17 11 14 1 71 15 38 15 19 61 26 36 87 2 56 50 31 42 38 87 8 87 44 29 55 20 66 67 12 31 82 62 46 5 90 70 5 51 84 71 95 0 86 38 16 9 9 49 21 71 27 57 35 0 57 37 70 74 94 89 18 86 26 34 29 50 90 96 88 7 5 1 23 71
58 25 83 53 39 41 46 15 15 36 53 97 89 67 46 89 83 8 2 15 64 76 59 31 74 58 18 39 10 2 69 59 35 40 39 20 80 14 41 52 96 26 61 10 14 86 38 81 57 84 75 72 3 42 46 18 5 93 76 84 35 59 39 99 52 78 16 1 14 1 76 17 40 35 67 86 28 79 15 62 49 93 7 24 1 89 65 56 96 40 87 78 38 69 31 20 31 79 95 60
73 61 26 95 44 25 53 13 58 89 29 0 59 48 8 37 72 80 33 84 72 8 92 5 21 85 25 24 48 58 85 45 63 83 53 64 6 1 72 85 88 73 9 4 40 28 15 94 26 88 13 77 56 71 58 64 66 90 81 80 34 51 34 9 14 14 23 38 33 11 60 81 18 89 83 34 6 46 23 32 30 47 33 13 93 86 2 65 8 95 79 49 94 95 70 62 54 13 43 56
63 82 80 73 40 4 22 41 66 35 30 4 96 9 44 63 81 37 48 50 27 56 72 36 54 23 53 50 5 26 24 79 22 73 86 60 51 30 7 24 79 61 8 73 91 40 92 14 41 6 4 40 65 28 71 57 30 93 67 55 13 93 72 26 98 60 18 25 76 80 27 18 44 60 2 23 76 36 18 5 5 62 69 1 71 32 46 42 30 35 26 22 94 73 97 26 47 38 15 19
28 58 96 5 4 2 55 97 65 59 88 99 33 85 60 44 66 54 67 60 67 29 12 11 8 0 55 96 17 55 59 67 86 61 1 50 82 76 52 65 14 9 39 72 50 6 63 44 40 65 54 62 10 2 33 71 60 61 12 52 1 68 39 4 3 22 67 60 38 5 96 10 33 9 60 32 12 79 20 84 67 71 63 58 58 58 9 48 23 96 28 31 17 27 45 30 36 63 55 73
53 83 4 44 21 25 88 61 98 72 24 27 50 82 89 17 28 21 84 6 87 30 73 51 7 73 84 94 1 82 82 69 40 36 29 45 28 4 36 83 22 87 54 10 86 12 5 87 84 16 59 78 36 24 68 88 68 80 21 2 51 63 62 2 75 12 9 24 45 40 46 54 75 6 27 65 64 97 12 46 80 68 53 49 44 55 42 84 2 4 44 49 87 7 81 67 56 93 41 11
11 68 60 81 90 56 78 68 78 47 25 75 30 24 88 50 1 17 28 74 92 67 59 80 85 98 85 79 88 31 75 73 55 75 25 66 28 5 62 0 74 13 80 55 7 8 1 91 63 51 69 40 10 63 4 69 52 82 5 93 91 12 43 50 52 43 20 70 99 81 83 55 16 87 64 93 60 90 76 9 23 97 62 95 37 89 90 27 6 76 1 31 33 44 98 19 14 15 99 5
99 14 53 49 79 22 76 69 66 93 7 45 15 74 19 83 24 3 69 40 85 7 30 48 90 69 94 86 3 86 77 56 73 9 63 72 68 84 3 11 97 12 83 46 36 80 54 12 59 1 26 21 71 69 39 17 30 99 83 98 62 17 25 18 7 33 93 58 61 15 35 89 18 68 96 95 92 25 1 7 82 30 94 96 54 7 89 42 18 81 33 83 83 77 95 67 46 43 40 76
75 39 89 47 4 81 79 56 81 79 47 92 99 14 95 11 5 25 97 89 55 84 79 12 89 8 77 49 28 20 71 57 63 78 74 43 95 72 65 55 82 55 99 93 46 12 10 64 85 26 5 52 33 12 99 93 50 18 66 1 51 45 0 34 29 1 65 26 57 86 72 84 88 7 69 65 59 0 66 66 77 65 77 37 20 40 5 80 16 93 71 90 65 91 97 14 71 98 18 37
86 43 14 19 49 65 93 54 80 75 54 21 38 38 17 73 69 76 71 14 83 40 37 82 87 39 12 75 52 73 96 27 26 14 35 83 49 80 63 71 83 91 74 35 83 89 12 48 51 52 77 89 74 54 95 34 37 27 32 84 88 69 31 12 15 20 70 14 7 11 94 98 28 10 96 48 86 46 7 71 13 36 85 39 58 5 43 12 7 14 61 44 72 13 0 40 55 57 34 68
99 21 12 19 35 87 55 94 18 79 92 57 63 65 35 52 80 57 38 31 48 77 20 65 13 89 40 95 12 47 22 52 6 9 68 72 92 75 67 81 94 86 31 39 79 13 68 11 27 7 32 24 88 27 77 56 5 37 74 17 35 12 58 65 92 61 74 35 75 56 69 1 59 1 95 1 42 77 75 56 15 51 14 36 70 57 7 50 21 70 69 52 0 74 42 86 2 31 68 22
9 99 87 63 93 31 44 44 94 86 67 76 97 77 93 36 15 6 61 47 30 24 21 26 87 84 46 67 84 43 2 20 38 39 29 50 41 11 13 69 22 46 75 20 4 75 94 66 19 57 78 83 39 33 60 43 68 64 17 64 40 18 56 40 33 85 95 3 66 94 33 87 68 94 72 38 6 86 85 3 57 53 11 28 66 20 82 6 36 92 15 86 3 29 76 0 14 51 29 25
35 54 79 59 61 94 22 44 95 59 31 54 35 43 82 7 25 21 7 72 48 93 75 76 31 76 38 24 8 11 75 20 19 27 38 52 77 43 51 7 2 48 66 71 44 49 57 41 54 35 61 18 95 70 88 7 36 95 33 79 22 85 75 48 28 68 1 29 22 11 43 64 31 26 94 97 58 61 57 21 47 93 82 44 99 52 15 14 30 81 87 25 50 38 83 6 62 33 86 59
41 4 70 59 22 24 17 29 46 55 82 5 33 55 53 95 36 69 22 41 1 43 92 96 94 17 9 39 96 91 81 53 50 52 30 6 36 98 87 14 9 37 64 33 59 33 61 13 79 54 37 21 12 82 75 5 23 5 81 71 85 59 16 21 99 20 28 82 70 22 77 64 51 14 53 78 17 38 75 4 72 65 38 76 26 96 82 72 46 5 40 65 91 60 52 68 50 48 69 36
89 99 86 99 65 84 11 11 81 51 57 41 26 36 63 45 54 6 96 84 18 43 57 2 42 8 9 93 90 9 83 34 94 4 63 14 46 58 50 2 77 20 91 88 37 55 46 34 30 10 73 68 64 99 72 94 10 15 2 34 64 3 71 17 2 53 61 70 38 2 81 38 77 84 44 47 36 59 74 93 11 59 2 0 33 67 60 11 20 33 16 24 32 65 78 96 65 87 7 16
90 8 94 64 14 18 42 31 58 65 75 20 99 67 0 35 75 35 28 47 78 4 99 82 53 3 95 60 99 95 8 26 54 85 62 63 30 5 85 62 41 15 30 85 93 30 22 59 45 88 24 93 27 50 84 18 95 63 73 21 54 47 76 69 94 80 72 42 40 33 73 98 42 54 3 80 63 87 97 71 29 45 85 54 26 83 27 72 69 13 80 76 94 67 75 99 31 19 76 58
27 19 65 80 87 29 5 2 47 93 97 87 96 10 98 76 61 35 86 77 85 59 69 94 12 20 4 77 3 82 70 61 57 54 61 2 43 13 79 49 78 25 19 70 76 58 96 6 68 22 7 41 39 82 74 33 68 27 90 7 58 90 3 67 28 73 12 14 12 59 10 47 31 11 4 85 65 38 72 74 96 26 50 61 19 99 39 78 48 9 21 8 68 26 98 49 33 58 46 45
51 71 58 6 99 80 73 77 46 4 22 4 79 6 29 58 40 51 58 5 51 48 91 5 69 82 13 61 54 53 31 48 23 6 24 91 93 41 89 80 49 76 10 42 53 31 84 39 3 17 54 70 3 83 79 47 27 24 16 83 81 17 54 79 63 98 27 29 63 90 47 42 24 15 59 19 74 41 76 80 78 49 76 26 94 22 51 45 27 87 92 91 56 91 29 89 78 9 22 30
51 34 88 82 43 35 72 29 84 29 7 42 12 39 16 57 36 84 82 45 86 94 69 51 38 99 30 55 64 5 30 46 64 44 37 70 30 30 66 41 85 53 60 1 65 1 64 46 53 64 11 19 97 1 74 42 99 67 46 21 59 55 1 39 71 38 63 31 12 33 45 29 48 70 76 16 67 87 77 64 93 26 12 78 91 63 9 98 40 71 64 78 5 53 0 89 31 79 73 77
97 96 90 32 41 95 41 8 0 27 78 81 64 15 2 21 28 31 61 83 38 12 78 59 54 76 12 19 41 5 22 58 75 99 74 36 87 85 13 76 11 84 78 10 93 2 59 95 11 70 25 83 6 5 19 62 80 51 84 47 9 84 51 45 48 76 2 81 44 48 61 31 43 50 23 67 20 46 78 95 28 0 60 26 96 11 11 0 32 60 82 59 55 91 54 32 81 77 83 96
8 80 37 58 93 52 68 62 1 85 46 74 15 68 71 29 10 76 57 76 4 61 76 18 34 8 61 68 78 45 16 56 47 23 71 1 97 95 75 14 53 56 43 91 46 43 7 70 44 7 44 79 26 44 49 82 87 58 55 13 86 27 11 63 56 49 88 73 38 21 37 87 8 32 64 74 48 30 95 80 61 68 74 7 93 1 38 64 13 55 9 13 25 0 25 57 36 69 56 97
83 97 20 58 8 85 77 15 44 18 93 65 77 3 23 19 5 27 86 2 71 81 53 11 34 31 34 46 0 69 55 60 34 28 43 3 10 84 92 88 12 48 67 52 84 80 21 4 42 48 34 64 1 94 55 69 54 57 22 68 3 70 69 4 20 96 71 13 26 6 67 87 82 5 97 57 92 67 62 86 56 67 29 74 78 49 41 32 31 93 97 70 2 8 8 38 2 21 41 35
84 76 30 98 43 40 5 85 95 24 34 39 99 42 57 65 82 59 32 99 36 61 34 16 28 51 53 66 5 48 5 30 16 36 32 88 91 11 10 44 68 31 77 42 62 85 7 51 97 66 3 36 27 46 40 22 1 27 23 60 79 63 8 68 68 33 24 25 89 52 6 98 80 29 65 52 51 88 55 37 40 52 78 98 20 81 47 14 54 84 73 35 84 26 84 40 38 36 56 18
56 69 66 29 42 99 11 99 79 70 71 35 7 59 39 89 93 50 27 9 91 80 12 68 96 36 77 98 38 77 0 85 86 57 73 41 73 49 5 12 92 58 60 25 47 48 66 40 16 21 35 24 68 85 44 28 41 20 89 18 79 14 9 46 87 47 69 73 90 47 65 68 13 81 17 28 62 76 0 14 98 1 74 8 96 22 47 43 54 42 57 89 86 28 85 40 42 67 42 50
33 59 20 65 11 99 17 5 33 97 30 36 71 18 88 3 76 22 57 79 64 44 44 28 32 31 83 67 3 47 20 49 2 28 21 19 1 51 21 89 66 93 9 48 88 28 78 22 51 11 95 58 2 6 68 20 0 11 38 54 7 28 11 98 27 65 69 90 63 30 12 32 68 26 90 86 51 45 41 62 86 17 8 91 33 36 47 81 73 98 14 49 11 11 48 94 61 74 75 27
88 86 60 86 48 15 93 90 64 1 42 31 77 7 40 36 18 81 68 45 40 54 80 40 61 25 71 48 0 1 40 48 51 49 0 99 40 43 88 29 11 20 0 13 80 46 27 91 94 65 94 84 40 87 13 93 79 20 33 60 23 99 64 30 5 76 48 47 48 81 13 59 59 32 8 45 64 80 14 97 85 51 78 41 17 94 20 23 81 87 27 9 62 35 76 41 3 34 32 84
30 43 9 1 83 0 71 28 96 47 5 81 35 30 14 98 11 26 93 82 16 2 41 75 93 3 92 81 45 91 57 16 88 64 86 45 20 79 79 58 44 11 26 14 69 32 11 64 70 80 83 82 29 91 34 85 58 76 0 61 49 48 85 8 96 4 11 84 47 93 91 87 7 20 24 95 71 65 90 88 84 11 0 34 53 31 46 84 4 74 63 98 46 86 49 4 51 76 19 62
81 48 55 3 73 95 86 66 98 77 4 0 47 77 39 13 23 62 20 31 53 68 50 43 1 42 87 86 45 99 55 62 10 55 51 37 96 33 82 46 13 42 90 74 49 1 35 56 17 34 62 15 94 93 1 23 63 7 2 44 64 74 35 2 44 96 54 0 5 46 37 92 40 78 41 19 81 65 32 74 20 76 17 6 4 1 99 21 30 55 49 82 15 92 33 72 89 96 28 37
34 19 24 86 53 76 99 90 74 24 89 98 13 90 71 21 87 33 86 70 51 90 43 42 72 58 98 86 56 37 42 13 76 96 84 43 80 71 84 31 65 48 5 45 91 67 85 24 45 12 88 79 44 23 93 58 52 45 91 60 84 82 11 19 64 87 70 53 40 24 38 34 78 84 68 7 0 36 46 42 68 68 79 80 43 68 67 31 15 75 48 20 90 40 64 5 77 4 17 35
0 37 0 33 39 52 32 75 1 28 47 11 57 86 55 4 68 74 75 31 87 19 66 30 56 39 32 38 70 20 39 28 58 91 2 17 11 57 18 76 66 71 88 51 62 73 49 75 24 70 76 25 10 27 22 47 19 38 69 86 32 53 44 1 55 7 92 68 59 32 42 41 86 10 9 55 53 61 58 40 19 41 18 26 16 80 6 0 10 55 90 23 63 78 83 87 5 34 81 26
32 1 60 99 15 53 44 12 12 25 3 11 13 29 97 72 27 69 88 97 96 26 40 68 82 58 17 48 54 62 20 76 79 73 51 95 32 34 97 57 53 32 9 41 87 57 41 27 77 98 3 55 68 85 83 34 56 5 12 55 67 61 93 66 84 54 13 28 34 12 45 32 61 11 14 27 40 79 19 6 66 12 68 48 33 69 20 20 56 66 60 6 34 40 40 44 30 92 89 23
51 86 75 91 63 52 99 25 10 59 81 30 29 52 18 98 50 51 32 13 40 29 22 56 4 39 7 22 80 39 22 21 81 44 27 12 22 26 47 5 23 65 13 0 39 31 70 70 77 98 43 21 54 61 98 83 43 38 20 66 96 44 26 95 63 25 82 50 52 35 25 23 57 98 27 99 29 37 12 8 51 49 15 35 66 65 23 70 20 95 77 8 71 69 91 96 57 18 62 3
64 81 90 18 48 41 68 21 43 63 16 85 90 22 60 9 21 66 85 19 14 11 78 88 94 25 4 16 70 81 57 6 32 63 23 38 1 34 48 18 10 60 73 86 20 49 88 68 21 19 70 84 47 17 66 18 33 46 4 86 86 82 85 56 86 1 81 85 45 74 11 81 43 13 65 14 27 26 67 40 31 46 31 37 45 83 4 68 51 72 59 86 38 67 65 55 33 84 89 94
99 42 15 40 62 48 43 15 37 99 19 18 8 93 86 46 19 61 73 84 40 69 61 93 93 58 24 79 97 35 35 25 70 50 42 91 45 56 48 37 14 71 35 36 58 14 33 97 77 43 93 25 82 68 57 45 71 71 26 77 86 17 13 92 73 18 37 47 5 50 46 8 91 30 14 86 19 83 96 18 53 52 68 28 41 32 98 36 82 56 26 87 90 50 74 7 78 73 61 16
81 40 93 41 23 6 36 42 61 29 98 49 72 51 67 96 69 46 15 31 93 69 47 86 96 59 7 59 82 77 83 0 72 39 20 64 61 56 44 23 21 90 50 26 27 86 13 12 46 33 22 10 15 66 86 56 28 43 52 6 4 72 90 24 79 90 52 75 57 64 72 76 57 3 76 89 91 43 10 82 39 93 36 33 23 21 44 84 23 80 27 6 6 61 16 88 84 18 40 21
90 78 75 81 28 13 53 21 54 37 91 94 93 70 35 36 90 70 77 78 15 39 88 57 41 2 9 43 48 11 30 3 20 66 4 85 1 3 86 7 74 29 90 10 40 47 29 43 56 79 77 15 59 35 9 77 21 39 13 90 32 20 48 7 64 91 94 63 80 61 96 22 67 56 38 80 36 52 63 14 17 40 74 10 75 95 90 3 18 46 80 12 52 90 15 57 1 27 80 95
64 55 46 42 13 1 91 80 23 8 44 9 39 87 70 14 9 60 91 7 79 10 3 20 48 12 84 96 95 81 39 82 25 52 79 78 91 76 70 78 16 94 87 79 99 43 86 31 34 3 85 53 78 22 76 34 89 0 5 90 51 57 60 69 13 45 96 38 36 35 41 20 16 37 97 87 49 86 46 65 64 80 46 68 83 8 85 84 92 98 10 59 91 31 28 11 91 17 43 15
24 15 7 49 44 28 66 49 7 44 80 93 97 96 48 36 56 80 10 32 72 4 32 30 59 64 48 52 85 24 34 95 81 93 37 40 6 60 0 98 72 15 53 54 84 8 5 29 70 6 65 32 22 25 39 18 42 26 83 36 69 4 96 94 16 79 6 65 77 99 69 83 63 9 16 76 21 46 25 48 57 13 60 98 3 55 99 31 32 59 20 34 69 11 37 19 79 26 77 83
15 71 86 78 83 17 90 17 71 54 91 5 82 14 79 12 78 80 66 99 93 53 63 10 91 76 42 58 45 66 88 54 95 75 2 32 12 7 67 38 1 71 69 12 35 54 0 48 53 4 98 29 72 57 49 96 82 93 92 82 24 77 85 80 76 32 39 30 19 40 39 98 54 20 41 12 53 88 22 23 57 2 92 85 22 6 89 6 4 24 9 92 95 66 63 63 82 44 35 91
5 16 53 73 42 37 61 25 70 80 30 76 39 99 47 92 56 80 36 65 48 36 26 69 61 87 41 2 18 85 23 81 64 41 89 2 61 11 39 20 81 29 77 67 92 74 55 69 24 87 73 69 54 60 79 71 36 70 62 2 2 20 32 57 75 23 65 58 39 62 45 16 45 18 98 6 5 88 12 77 13 64 35 68 75 78 30 34 54 94 10 14 35 44 11 33 19 88 66 43
0 33 42 4 5 90 42 4 32 37 58 7 80 13 46 72 57 27 11 15 2 66 64 3 78 47 79 75 16 28 98 11 58 17 47 98 30 46 33 47 97 27 38 79 99 56 87 85 37 38 91 51 75 40 66 29 71 6 6 15 89 66 64 6 36 98 8 2 90 74 59 2 15 85 95 73 43 15 87 64 83 97 75 44 66 49 23 71 68 0 10 96 58 50 74 42 9 30 13 18
51 95 74 42 43 78 77 86 82 21 41 1 45 21 18 72 70 71 25 58 96 51 81 37 53 75 68 91 70 28 24 62 97 42 42 95 52 73 81 10 14 44 49 29 34 79 76 27 22 16 97 38 47 89 37 28 52 24 74 7 27 92 32 15 76 56 92 24 30 12 13 34 14 48 86 60 32 16 70 75 50 40 70 66 84 46 96 45 48 38 84 71 17 55 37 98 69 14 5 30
2 18 80 81 16 73 91 36 18 19 85 39 62 80 78 15 83 64 78 93 39 11 63 60 52 54 61 69 89 79 24 72 83 18 97 57 12 43 81 18 27 0 85 17 57 16 81 22 90 47 32 73 44 4 70 45 84 28 76 46 1 72 91 26 50 2 32 30 79 98 0 91 29 5 64 11 54 62 15 46 14 15 85 74 37 96 20 8 2 38 61 56 70 77 1 57 43 98 67 40
34 46 78 97 35 46 9 92 52 77 61 58 31 4 19 92 22 47 60 90 47 14 86 11 26 63 97 23 87 77 84 25 12 47 26 93 27 67 98 85 17 2 46 59 28 75 71 72 14 95 68 61 56 31 19 2 71 33 72 1 43 79 82 77 62 21 53 36 15 21 21 80 86 22 66 15 61 62 61 72 57 73 93 15 31 1 55 26 88 3 7 38 84 66 13 19 84 76 5 86
15 84 20 68 4 58 28 24 41 28 40 59 65 54 98 89 31 98 78 33 96 97 34 29 91 6 47 17 74 68 35 45 58 89 64 2 82 72 32 2 50 66 68 25 87 20 45 12 88 2 39 1 19 79 16 16 78 67 60 0 4 78 91 11 16 84 40 83 80 11 60 0 74 6 14 30 95 56 97 73 56 75 66 33 80 94 62 18 43 54 44 23 25 22 34 61 63 19 73 70
