100 100
26 29 52 77 8 44 75 58 82 49 50 57 78 53 8 41 52 50 91 97 10 28 75 6 28 39 63 79 4 98 97 30 10 69 95 48 92 85 5 27 62 13 36 33 58 93 5 45 2 36 40 69 66 97 15 75 81 13 72 81 51 97 60 45 13 2 46 41 70 53 2 12 66 69 64 6 6 13 29 77 23 7 27 76 81 92 35 92 74 16 21 57 10 71 78 21 94 26 13 13
13 26 67 82 25 84 0 22 66 2 51 87 66 29 0 94 42 86 84 48 30 36 84 3 3 61 4 16 33 0 72 44 13 31 43 80 18 82 63 24 99 48 58 35 31 58 51 26 83 92 50 94 1 26 64 36 51 75 11 16 94 54 21 2 42 77 21 56 38 7 85 61 60 30 67 83 40 57 78 72 64 7 83 93 45 67 70 24 66 90 18 35 11 18 56 18 47 16 69 26
89 7 96 31 93 29 58 8 43 36 75 22 75 82 36 86 40 76 4 33 54 76 34 49 3 78 72 95 70 23 91 56 5 47 29 38 53 69 38 44 40 22 48 74 67 19 33 92 13 25 89 3 55 52 37 43 14 51 95 38 81 6 4 72 92 42 59 81 55 79 30 47 33 53 52 81 0 89 61 28 94 88 13 48 4 57 68 93 73 95 29 13 54 35 46 96 4 22 55 71
48 87 79 90 1 89 61 17 30 79 90 59 4 21 1 80 13 56 63 67 85 36 37 27 52 6 6 4 29 14 69 63 9 26 95 70 3 61 54 71 8 61 17 68 59 52 10 64 80 66 96 57 43 25 44 31 46 19 78 8 17 56 45 19 70 83 11 58 2 34 31 67 10 90 30 51 1 11 50 85 32 6 55 27 68 15 60 58 55 88 45 71 19 32 46 1 62 55 70 58
15 0 52 8 92 23 6 45 58 76 31 55 76 74 43 95 69 67 37 72 15 72 80 38 59 32 21 78 93 43 40 2 93 97 5 42 65 63 24 68 24 47 35 36 89 51 0 35 37 81 45 56 68 37 80 96 27 40 85 64 38 62 45 63 17 50 93 62 8 32 12 96 66 45 11 87 29 25 53 4 51 50 74 14 81 35 21 56 3 44 26 85 70 86 35 98 27 39 50 18
85 63 13 56 59 33 97 46 68 44 91 99 24 37 60 4 84 12 39 69 95 72 41 63 0 6 64 10 72 89 79 63 9 26 81 52 39 69 63 22 52 91 65 30 61 85 43 95 40 44 31 54 13 53 95 28 57 25 8 45 85 92 20 26 16 66 94 10 90 75 88 25 91 89 10 29 48 44 37 45 34 92 93 60 62 3 3 57 80 65 0 99 87 43 41 99 71 80 2 48
44 40 52 16 61 24 96 71 69 23 37 12 93 85 70 50 65 37 40 38 45 15 90 69 7 14 47 62 95 9 90 78 21 38 57 82 47 99 1 36 40 76 46 82 22 32 40 14 3 4 73 55 10 86 35 9 39 40 25 22 21 59 78 23 82 81 77 32 98 9 13 80 76 2 26 28 75 48 16 95 85 47 23 3 87 8 9 27 16 40 7 86 71 47 32 65 11 93 24 28
16 46 52 40 76 76 77 87 46 17 78 59 46 92 46 22 45 39 40 0 7 60 62 51 64 69 13 21 22 3 49 33 65 19 18 66 39 5 40 71 83 75 33 71 66 57 39 63 25 6 70 11 49 37 7 26 40 1 38 34 95 77 59 82 4 14 70 68 1 5 19 98 31 15 87 8 10 88 83 76 96 70 48 19 95 94 52 73 15 13 82 0 26 57 66 91 50 65 20 0
98 9 43 43 1 21 58 95 4 20 90 19 19 14 32 48 87 57 59 80 65 18 89 10 17 42 58 72 63 57 61 60 58 96 35 27 56 28 2 62 25 65 96 98 55 57 36 1 63 94 39 50 23 41 17 28 78 84 95 90 54 52 16 18 8 43 17 16 32 1 73 28 24 20 64 30 76 94 85 4 77 87 59 24 12 17 7 83 59 11 27 35 24 43 8 71 19 8 39 60
80 47 99 12 67 4 20 31 25 58 3 70 56 23 89 20 0 7 76 93 10 74 45 25 21 29 68 21 64 35 32 41 26 45 89 68 7 23 14 24 77 14 29 90 68 8 63 7 74 47 35 12 62 26 52 28 27 17 49 77 9 81 82 62 72 5 65 43 80 49 97 83 46 68 48 48 30 14 70 97 50 17 30 1 34 13 53 12 66 48 84 83 28 73 33 48 5 51 16 62
21 36 37 92 3 9 55 63 30 42 70 62 99 38 14 27 64 6 84 23 43 48 54 73 37 85 19 79 41 30 81 39 10 54 48 34 26 72 44 52 81 19 30 80 99 88 36 82 68 42 54 83 0 9 92 48 61 49 11 49 93 40 49 7 43 52 51 1 70 26 18 26 92 11 96 4 19 55 62 32 20 1 15 16 7 84 4 81 22 76 97 43 60 96 98 82 27 42 55 34
67 94 24 1 74 66 74 54 19 98 16 91 62 4 63 96 64 20 21 40 50 19 84 45 45 6 42 47 96 10 71 86 48 82 18 39 62 83 53 36 80 50 50 11 34 38 55 26 44 4 71 50 24 48 26 70 96 81 18 59 59 55 39 9 92 55 51 17 69 5 40 89 59 36 35 12 31 2 55 34 50 45 79 61 34 56 76 22 74 70 87 86 69 46 92 65 97 16 79 14
60 33 28 49 66 17 82 25 86 82 8 1 0 73 92 60 69 87 62 71 40 15 67 64 16 10 36 66 78 25 2 29 52 71 83 49 71 62 81 64 79 50 37 9 36 64 28 94 32 96 93 63 79 36 91 84 49 44 62 33 90 40 25 22 43 91 62 31 31 43 73 23 63 86 58 19 64 94 51 26 79 23 83 48 32 36 80 99 19 48 77 89 78 75 44 77 61 28 48 93
42 55 41 99 28 28 33 67 9 16 67 12 77 1 4 42 73 39 57 62 50 91 64 68 45 96 59 97 37 95 23 61 23 63 28 38 80 43 38 93 3 61 54 2 99 84 65 2 91 43 71 80 31 91 66 52 53 30 10 15 13 27 50 77 17 68 79 8 49 31 59 89 95 62 6 72 34 4 15 36 13 4 59 6 38 30 93 36 47 7 41 37 60 48 93 22 19 11 15 95
18 41 15 73 87 12 10 78 27 48 67 33 42 46 19 39 79 91 57 14 0 23 82 10 36 60 53 57 31 82 17 25 85 26 0 94 90 33 45 29 39 67 52 20 26 93 23 69 62 15 32 92 86 29 66 8 55 66 36 96 43 75 52 11 42 13 62 50 15 84 8 93 40 0 99 43 46 25 41 27 90 90 34 26 78 47 64 51 94 8 44 95 35 54 9 27 84 4 90 45
81 83 57 27 19 32 35 75 37 64 2 76 82 59 33 84 74 6 44 47 14 36 85 74 6 50 76 1 38 96 42 58 48 63 93 29 24 77 11 44 25 79 71 17 13 63 86 34 39 10 63 51 16 99 17 59 27 80 23 40 24 33 89 48 81 44 56 14 24 76 57 92 99 20 57 24 92 93 94 55 81 23 75 65 10 66 14 53 23 91 27 77 34 78 84 76 33 40 49 20
99 31 61 54 95 77 40 6 49 82 89 79 52 87 69 45 24 61 49 28 75 36 15 42 43 11 61 58 56 79 86 36 53 60 65 69 20 62 33 89 57 15 38 48 62 58 29 50 23 39 19 43 48 64 26 58 34 55 57 36 34 61 71 52 51 74 1 6 88 18 53 23 79 62 81 6 36 73 26 1 63 71 75 93 50 43 11 64 65 20 55 82 47 32 93 44 85 87 35 22
90 48 38 24 34 44 87 8 81 36 24 73 66 67 95 69 2 2 48 63 41 82 57 20 56 85 49 69 59 38 52 47 85 78 66 26 93 15 41 61 85 35 19 14 24 12 70 62 52 9 85 94 30 77 79 80 9 87 1 99 5 52 51 83 13 36 22 69 2 74 47 84 42 81 3 84 19 42 17 74 96 58 7 26 89 28 75 69 79 32 42 71 21 20 80 44 42 65 67 8
19 5 69 98 97 69 46 19 79 26 25 65 38 93 33 83 23 89 80 71 27 15 99 69 32 98 82 5 30 48 53 47 91 30 82 35 20 71 13 24 52 91 14 22 65 54 29 89 69 26 84 79 81 38 57 24 84 44 78 86 19 73 49 99 47 1 61 80 2 48 99 87 5 63 27 52 52 48 55 42 99 7 23 35 53 32 10 41 49 65 65 62 50 14 98 71 12 12 89 30
82 90 86 21 53 30 47 2 92 41 32 10 57 31 9 12 69 10 30 57 71 6 43 87 6 36 95 73 60 30 90 85 90 79 40 29 10 39 34 1 50 81 32 52 13 75 68 13 32 47 72 15 27 47 75 57 78 32 98 49 79 59 85 55 22 81 11 97 60 13 92 29 40 45 3 67 45 68 14 94 7 76 98 70 13 35 53 89 56 78 51 44 65 27 82 4 39 55 81 4
66 89 57 16 31 5 5 63 49 88 47 15 28 20 21 13 60 42 10 24 44 16 48 82 44 95 77 10 87 99 16 70 88 89 14 52 75 27 81 57 66 88 72 19 41 41 85 32 70 39 43 65 6 67 6 77 15 94 94 51 45 8 61 16 37 14 36 37 62 89 50 95 45 43 45 23 54 15 61 81 85 8 67 28 28 54 75 70 20 84 42 19 0 66 47 58 53 56 47 49
99 29 27 2 21 23 47 53 31 37 73 89 66 63 91 25 12 70 69 86 41 46 96 60 46 60 27 20 2 43 17 36 11 14 61 49 25 91 77 88 98 48 47 89 17 13 20 70 91 55 17 17 13 86 9 30 99 20 42 79 5 8 70 38 75 34 8 54 13 32 74 38 78 81 85 66 13 39 86 12 72 6 48 37 79 73 44 90 54 81 6 26 87 78 32 26 69 25 22 2
26 93 64 41 55 44 63 40 73 94 96 91 2 8 97 30 48 3 32 15 53 74 15 59 54 95 88 77 57 13 74 94 69 63 31 91 52 20 60 66 41 40 13 15 58 96 30 54 99 83 59 31 83 38 89 99 93 53 77 61 85 85 93 15 23 68 13 89 51 92 0 67 3 0 57 74 67 33 6 24 95 41 71 79 99 62 29 30 99 73 7 66 17 84 35 36 71 99 24 14
19 95 34 80 24 36 31 64 42 20 55 21 32 64 10 3 73 49 6 66 25 85 91 38 86 28 80 33 60 54 97 26 74 93 32 40 14 56 76 48 55 31 81 26 3 56 70 60 66 0 75 39 56 56 15 52 74 58 41 34 83 17 61 90 69 83 15 82 12 43 47 35 24 68 97 84 99 30 85 61 25 36 7 17 15 25 29 4 14 9 18 91 80 54 30 27 1 18 96 69
3 10 15 90 30 45 78 79 23 13 34 32 5 32 53 45 84 73 59 30 21 2 57 79 80 36 30 89 48 59 63 42 55 79 96 58 61 94 41 55 39 82 76 0 21 82 35 8 57 15 48 54 46 64 49 15 49 91 44 59 26 57 71 4 83 86 3 28 74 2 54 41 39 31 9 8 15 88 49 25 16 17 22 51 54 80 44 7 78 73 81 74 80 45 69 19 34 13 21 12
94 66 63 16 37 52 52 53 59 76 10 63 31 38 79 42 28 56 98 25 86 64 74 80 89 75 51 42 7 40 15 47 20 77 48 92 92 47 56 46 73 34 9 79 86 99 3 16 99 18 37 0 57 95 99 1 2 61 30 71 87 25 50 35 78 26 6 21 51 63 37 0 77 76 3 82 31 73 7 73 0 31 52 42 92 98 26 43 1 64 33 28 6 11 50 89 77 39 52 34
16 58 35 46 61 29 24 29 56 4 94 91 43 47 20 91 94 74 86 19 84 85 30 57 38 54 72 23 8 35 57 98 42 80 95 67 84 52 17 38 95 48 50 18 26 73 40 85 75 97 66 99 77 97 83 58 7 76 10 55 58 7 95 99 56 84 79 62 96 72 2 27 48 41 58 98 59 66 9 63 87 36 36 82 66 97 18 36 27 49 19 38 50 33 30 55 0 63 99 32
85 48 62 83 34 92 38 8 20 54 8 79 82 1 89 0 61 80 26 83 66 99 74 14 11 4 17 47 4 13 74 95 54 61 51 52 66 97 9 29 34 84 25 56 89 20 16 43 79 42 84 77 34 31 40 2 65 87 38 82 76 18 15 24 13 29 36 52 55 88 86 41 76 88 97 55 26 34 1 4 56 5 12 12 97 90 81 99 45 6 52 72 26 60 34 5 4 44 54 19
30 91 87 41 0 83 77 71 30 26 43 62 78 74 39 54 12 36 83 12 40 48 78 51 6 55 77 31 52 38 2 66 95 28 78 85 95 87 27 57 13 61 0 76 48 5 7 15 97 54 7 15 58 99 0 3 85 17 84 8 31 72 47 79 0 26 38 62 60 66 37 68 47 70 61 10 65 16 93 57 11 76 69 33 17 0 0 24 39 38 69 0 69 47 64 31 45 64 44 82
14 8 67 39 70 38 47 90 39 5 60 24 76 45 41 41 65 32 11 9 75 5 35 84 67 50 99 23 6 41 92 98 17 12 18 74 16 38 23 69 23 8 30 91 8 86 76 6 19 19 96 55 70 35 0 42 44 10 51 48 83 65 34 49 33 13 19 74 74 69 51 35 74 75 87 42 86 20 65 32 29 68 59 2 47 33 62 74 17 94 89 84 77 70 42 29 1 26 53 83
72 38 62 34 40 66 93 78 35 83 10 51 76 20 69 89 63 80 80 33 91 18 87 10 94 62 1 81 45 18 94 56 80 54 45 18 67 85 48 39 46 90 31 22 84 39 22 40 36 44 83 90 89 84 86 43 67 85 20 16 99 98 76 62 46 53 76 23 38 28 55 63 8 12 89 69 60 14 16 72 81 16 5 20 94 49 78 8 8 11 76 56 62 45 88 0 51 47 60 66
31 59 26 59 74 78 41 30 67 97 60 29 90 72 39 14 23 12 23 28 84 60 77 4 80 49 93 51 89 96 3 72 3 13 1 16 52 8 17 46 7 58 4 46 15 57 28 20 28 26 81 35 19 40 50 38 44 81 66 47 80 8 10 26 4 24 3 24 12 66 22 60 46 70 93 27 99 95 68 1 15 41 78 20 19 17 59 27 27 91 67 69 97 61 1 43 10 71 5 35
33 41 65 54 47 14 49 60 10 32 42 27 94 64 90 88 21 3 45 79 28 25 33 69 26 53 64 75 82 65 38 34 56 50 8 4 46 13 78 47 21 88 84 83 50 54 55 56 72 80 89 7 62 74 93 15 46 75 22 28 54 38 9 49 83 73 48 59 33 93 96 68 97 49 56 13 42 29 10 68 29 35 1 22 54 43 17 68 37 10 30 18 40 80 50 73 83 98 16 49
79 61 89 61 15 74 61 75 26 11 54 32 83 31 40 58 77 44 78 73 14 55 96 45 75 86 98 22 32 11 4 18 69 17 93 35 14 37 73 33 2 86 34 89 13 1 48 6 96 22 47 85 81 73 27 92 68 32 88 10 79 94 22 76 72 84 95 1 61 80 1 71 86 98 58 4 58 61 17 92 58 94 14 13 14 60 3 51 91 80 83 54 31 60 69 85 34 68 71 36
43 7 68 26 9 57 27 78 22 56 84 66 87 24 28 95 69 51 68 72 90 1 18 3 69 2 43 63 93 38 36 64 94 88 22 55 41 83 4 94 98 24 35 21 19 16 65 94 16 40 56 38 20 29 76 88 84 76 60 16 18 40 25 66 33 2 68 20 36 69 96 78 16 92 57 39 50 36 21 19 92 27 35 68 3 38 92 3 42 8 14 93 82 21 1 15 34 91 29 0
5 69 67 92 26 89 94 58 23 57 35 72 84 95 78 39 14 40 70 8 74 18 49 69 44 94 86 36 26 51 28 31 16 13 76 50 90 92 42 66 24 27 23 21 39 5 60 36 94 18 36 55 85 81 64 52 77 21 13 89 7 41 97 69 16 45 35 57 16 93 61 22 17 68 55 96 94 24 77 30 82 71 13 46 94 3 42 10 98 13 7 80 92 21 11 74 77 90 1 79
4 88 16 95 93 96 41 12 33 68 98 75 77 94 18 4 1 25 98 33 44 74 95 94 80 9 45 26 70 41 84 26 23 97 43 40 54 63 55 16 70 80 29 34 22 81 90 84 71 57 60 11 57 50 33 57 50 71 63 59 63 72 88 76 12 7 39 85 14 31 74 57 55 27 13 31 16 48 36 95 49 29 70 42 3 17 60 18 83 31 18 28 45 80 65 10 7 36 73 54
28 66 46 85 9 23 52 24 48 88 3 58 97 71 13 61 15 86 84 57 1 6 94 95 69 48 11 81 90 28 32 8 46 59 87 72 75 79 49 5 56 47 86 79 62 21 66 99 58 38 82 25 43 67 61 39 31 34 73 2 65 72 80 17 94 69 95 60 8 73 86 25 16 22 43 58 57 51 81 62 18 80 33 98 54 27 58 97 64 83 84 65 61 38 54 51 76 97 95 33
76 55 12 48 48 93 50 14 82 25 80 40 24 30 76 65 9 50 2 25 59 71 30 78 56 50 73 2 3 80 6 10 96 63 71 19 55 72 73 36 56 74 91 35 84 23 84 35 55 88 24 87 20 66 32 35 27 77 81 24 49 11 36 74 87 77 46 72 80 79 67 68 85 8 92 22 55 46 76 73 80 42 25 63 27 16 62 1 31 49 14 3 27 83 96 13 56 90 27 47
94 45 3 4 47 38 95 25 34 93 45 60 12 47 62 95 42 67 75 35 98 0 85 56 96 62 49 95 6 9 12 48 4 40 14 24 9 38 46 26 74 51 14 75 34 85 53 40 28 98 77 23 62 36 2 40 88 83 73 65 61 73 26 11 90 20 72 42 61 19 50 99 24 6 16 6 31 19 15 65 97 89 5 51 12 25 8 5 62 67 58 63 33 10 68 11 64 8 84 84
83 36 28 61 98 75 99 87 57 56 21 56 82 5 43 90 67 17 45 57 85 68 18 77 95 2 79 81 56 94 22 96 32 19 92 56 65 68 57 51 33 31 83 58 38 18 61 15 76 85 45 56 32 45 42 11 94 90 43 64 24 62 64 67 56 26 46 63 68 65 90 22 67 18 60 32 59 39 69 43 42 94 44 32 22 54 57 84 83 93 5 92 90 42 78 85 30 24 17 24
61 31 74 19 93 71 95 52 34 84 11 4 80 88 21 28 63 73 21 49 75 59 19 79 98 86 12 16 23 94 6 2 79 42 80 93 47 76 70 9 11 65 75 24 86 13 66 74 39 43 43 45 24 39 18 54 2 68 27 4 84 57 62 65 29 47 92 85 60 46 92 51 0 3 29 48 39 60 67 74 9 41 27 63 40 83 8 2 75 16 38 3 55 34 90 86 4 49 72 12
73 26 0 49 96 68 82 75 29 25 26 31 37 74 35 47 13 67 96 49 43 58 95 26 12 25 76 80 30 15 35 77 89 33 1 81 24 42 72 29 8 8 0 87 49 1 87 15 72 37 28 54 49 1 78 27 26 9 38 59 25 6 57 0 37 13 27 46 12 6 78 45 63 28 63 91 8 78 73 6 70 87 67 39 33 32 24 3 51 80 4 11 98 40 5 80 69 31 18 99
93 61 58 87 21 66 0 98 19 25 0 52 89 55 84 37 46 46 76 21 40 97 19 10 60 68 92 81 80 79 34 20 21 60 7 90 69 31 18 83 61 28 58 75 71 47 84 67 87 98 54 73 82 67 64 44 69 86 58 39 50 16 83 93 24 76 46 23 12 53 89 87 36 54 14 7 80 87 45 35 56 76 59 54 64 48 16 72 92 69 77 96 18 22 85 26 76 90 37 81
43 0 13 84 52 98 30 41 76 88 0 58 47 7 95 62 60 79 21 9 3 25 84 61 73 93 55 84 92 5 14 99 47 22 9 79 26 53 5 0 31 52 22 16 54 81 18 33 48 36 0 28 96 82 35 95 73 44 9 56 53 86 48 99 26 15 29 21 13 8 46 33 54 94 53 26 8 3 11 86 43 11 72 91 23 93 84 20 94 50 99 35 55 23 34 46 51 17 0 51
58 64 56 42 52 88 45 40 35 71 85 8 63 14 11 10 67 71 91 51 95 5 73 41 77 22 2 47 34 21 85 70 77 83 57 23 12 45 37 75 45 77 97 53 17 9 19 25 31 44 50 58 17 9 56 48 85 18 54 61 34 23 78 34 62 58 31 42 6 7 45 57 39 32 8 74 19 63 33 9 51 42 47 52 98 79 61 55 50 13 26 46 80 82 14 68 9 6 88 30
26 73 86 2 44 21 53 71 27 30 49 3 44 0 39 90 20 84 22 68 98 41 74 18 23 20 14 15 68 90 60 5 37 48 26 12 77 78 37 75 3 50 75 69 70 97 62 14 81 6 54 17 80 59 87 45 10 33 43 5 31 67 16 20 66 14 48 2 28 84 66 45 4 87 10 76 22 7 57 7 83 27 33 89 75 60 23 62 87 38 9 45 27 52 11 36 0 30 50 49
66 0 91 5 97 77 47 0 50 89 30 79 60 42 8 96 7 9 72 15 25 36 69 38 55 20 47 16 26 59 66 69 84 16 88 86 94 11 95 60 92 87 31 76 15 88 33 57 97 12 42 22 67 7 76 33 40 23 71 47 84 8 10 13 49 26 48 14 16 37 39 72 50 72 58 17 96 15 29 13 34 4 68 63 11 28 40 86 7 35 93 92 50 10 52 99 95 32 12 8
84 95 12 34 78 91 91 48 86 63 62 68 73 59 55 4 4 13 18 58 90 26 24 56 45 19 9 54 28 68 13 10 29 65 0 26 94 56 45 33 23 80 56 45 55 37 35 26 71 82 31 36 56 52 53 85 64 32 71 95 64 57 54 37 33 54 68 47 30 51 49 59 49 51 26 78 62 40 55 2 65 50 3 70 64 80 29 90 34 42 41 27 91 80 4 60 90 94 14 70
91 61 57 69 74 66 35 24 80 6 89 79 45 51 24 47 42 31 89 91 98 6 14 69 47 84 25 10 96 76 45 21 52 36 73 30 75 3 79 0 6 21 74 98 73 72 43 87 89 52 96 92 22 48 66 1 39 6 23 98 65 4 80 88 70 69 10 5 12 37 98 47 66 61 76 35 45 27 82 54 6 8 7 74 22 81 80 45 74 25 16 79 59 73 78 52 29 4 69 75
76 80 3 14 60 52 69 65 36 46 74 8 51 10 68 21 29 54 90 58 18 39 40 23 62 78 90 41 5 75 44 64 55 39 43 75 43 64 54 53 81 94 32 67 16 49 30 65 66 30 51 63 84 65 69 18 59 39 35 14 56 54 56 3 35 3 82 63 14 20 93 71 72 10 34 7 31 78 96 56 56 77 40 96 42 68 68 3 58 57 6 67 44 43 3 13 9 54 11 36
45 39 70 36 88 79 42 77 95 99 82 64 55 0 71 81 51 13 63 18 19 96 93 63 67 78 46 18 34 5 82 60 26 98 78 80 42 19 39 43 29 87 18 98 8 84 47 32 23 38 44 83 25 86 39 90 36 61 12 72 91 57 63 28 36 24 35 36 58 5 97 60 53 38 61 51 31 68 26 78 8 58 86 0 69 54 15 40 60 19 24 26 83 88 28 91 47 5 13 58
72 3 63 60 92 32 39 75 23 47 20 10 2 95 2 82 64 77 26 19 62 87 57 8 58 63 60 24 39 29 7 58 60 45 78 78 8 36 20 79 88 92 19 60 83 22 14 9 84 62 33 73 27 18 21 35 48 72 86 16 53 51 18 75 86 18 14 89 46 19 6 45 3 99 28 97 72 46 56 0 26 53 10 51 61 11 62 46 40 87 39 76 63 81 65 63 78 78 42 82
21 2 46 83 93 65 51 57 19 9 93 22 1 58 20 80 85 73 97 62 75 53 37 76 70 97 26 8 31 99 16 53 17 24 87 96 41 82 74 90 10 10 76 18 44 6 17 77 56 0 66 69 61 92 94 13 31 86 91 69 32 36 97 20 20 39 35 83 20 67 97 35 8 64 13 53 55 25 73 75 0 87 15 31 24 49 55 93 1 6 60 43 9 16 83 70 68 40 51 54
48 3 74 20 5 70 67 4 62 50 33 84 86 58 2 21 73 44 52 48 10 76 44 57 10 61 82 31 32 98 71 85 73 20 87 90 17 21 86 51 6 46 90 68 15 25 25 81 96 62 89 72 59 92 11 81 2 24 98 57 20 38 46 83 80 87 39 53 84 26 46 15 61 72 86 55 34 73 78 8 80 65 50 83 40 64 41 72 95 60 47 57 5 30 8 87 20 40 79 57
15 61 29 5 64 53 45 67 81 65 34 65 56 24 36 9 89 81 17 38 97 17 95 30 82 12 72 88 70 29 47 92 41 49 21 1 86 88 19 77 51 75 50 9 68 85 18 6 56 98 34 28 90 53 27 41 42 38 43 77 15 91 43 12 3 60 37 51 17 82 71 87 85 50 93 56 68 51 24 89 3 56 38 49 24 80 31 9 81 40 67 18 54 49 27 85 64 36 68 5
80 94 72 40 88 88 3 67 35 97 50 0 25 13 88 8 52 30 21 32 26 33 95 43 31 36 36 72 42 46 61 67 66 26 33 47 74 47 67 51 20 2 88 93 1 16 40 74 74 45 69 23 90 29 79 73 96 43 33 23 69 59 12 71 3 19 57 45 25 79 29 4 15 11 89 44 65 85 61 72 16 1 75 88 51 86 87 70 84 92 79 4 79 50 92 86 43 89 13 77
88 91 18 69 50 23 46 97 4 28 66 97 32 43 54 10 54 75 48 2 23 37 24 46 18 22 0 43 71 78 40 0 93 19 6 17 9 2 1 16 80 82 79 55 25 56 53 78 44 79 19 47 66 85 37 22 78 61 33 90 48 38 79 18 87 45 84 60 77 9 81 80 81 76 20 30 4 55 91 22 17 12 80 8 48 43 43 45 57 11 86 70 72 29 17 31 9 27 73 83
11 69 55 93 87 21 17 73 56 7 21 88 1 62 50 68 68 97 99 94 45 77 78 21 71 56 71 27 76 54 51 5 30 52 18 23 76 21 43 19 47 67 23 27 57 66 31 53 98 5 90 65 37 50 1 8 7 19 89 79 1 31 11 62 40 85 99 62 41 17 75 26 50 51 20 19 10 2 74 37 12 25 51 45 61 60 94 76 23 96 76 82 36 90 39 19 73 93 98 15
38 47 88 44 94 24 12 13 5 11 78 58 45 60 9 10 46 52 41 25 5 44 47 6 36 17 21 1 63 51 40 14 64 39 58 1 40 19 48 97 81 40 0 69 76 32 59 57 3 88 95 17 66 34 5 81 52 14 74 55 36 80 63 54 47 20 4 23 84 80 13 91 80 16 4 7 33 85 57 44 37 72 33 3 63 99 44 98 49 82 1 35 29 49 23 56 76 62 51 73
79 29 39 69 72 40 26 94 26 1 44 76 80 6 23 73 35 21 74 47 42 25 70 8 39 17 30 53 43 38 11 16 90 56 53 98 14 6 71 54 5 56 89 95 54 63 26 40 66 30 76 67 70 89 23 93 90 93 6 5 21 19 1 12 67 40 35 11 21 47 24 63 40 86 62 12 55 87 23 39 73 38 79 33 82 13 4 16 26 20 68 37 56 84 77 28 47 88 13 98
80 6 0 20 31 94 32 56 61 24 59 56 19 90 61 56 54 19 15 99 35 88 40 99 95 58 94 83 80 5 72 29 71 34 10 45 38 66 82 45 74 73 23 83 53 47 78 21 34 14 96 65 88 68 80 55 30 81 98 11 80 83 0 91 23 5 52 0 40 25 64 93 72 60 44 93 74 89 15 40 7 25 34 76 16 75 48 95 74 91 32 51 99 23 51 64 97 63 30 35
12 1 62 26 0 40 14 47 13 46 64 31 81 59 88 91 95 56 79 75 55 43 76 67 31 71 32 10 84 97 99 64 41 30 93 43 77 28 43 19 57 51 28 29 14 83 50 49 76 93 1 75 43 47 9 82 36 93 21 93 39 31 31 56 51 79 29 81 32 44 25 53 77 22 47 17 47 33 21 83 21 49 64 92 93 30 96 52 91 60 8 26 32 46 10 63 61 95 37 21
68 95 46 34 99 64 50 76 72 48 19 48 78 24 99 49 24 28 97 48 65 69 57 33 27 26 46 61 69 77 57 12 41 75 2 2 88 1 32 75 27 25 10 87 73 38 3 31 9 0 6 80 22 86 96 52 88 28 24 29 61 72 96 21 75 91 51 69 62 31 60 72 10 5 63 10 31 50 46 54 4 63 13 31 47 10 33 45 7 80 66 39 37 6 46 5 93 13 87 81
33 6 95 46 20 79 29 9 20 86 6 46 93 63 92 25 92 69 99 47 58 95 30 81 75 25 36 18 84 57 38 91 68 32 50 56 24 23 49 86 21 7 29 63 62 56 8 21 60 34 8 34 74 23 22 12 8 71 98 29 80 78 94 65 75 6 64 18 50 52 83 18 21 89 8 27 95 32 59 24 97 65 47 16 56 18 45 25 32 84 65 75 73 5 52 7 24 67 2 15
2 7 67 38 37 37 98 85 99 44 37 27 27 73 96 56 96 34 61 46 43 21 95 38 46 85 92 16 77 73 92 27 1 62 90 48 54 23 44 2 49 79 10 79 94 18 62 16 36 48 91 59 87 4 12 43 36 67 76 64 57 14 65 88 53 55 5 49 0 41 42 69 65 46 42 74 44 23 50 21 44 98 27 50 47 0 81 80 17 96 75 94 32 31 41 64 39 47 56 3
39 0 25 42 3 88 20 64 24 16 46 58 20 64 77 78 47 11 3 63 13 48 15 56 34 82 31 67 33 5 33 19 91 30 68 6 86 21 26 7 7 0 38 91 22 53 34 76 87 4 36 95 30 74 50 54 92 12 59 77 44 11 55 59 75 22 24 60 46 3 17 24 45 42 53 9 23 29 69 72 99 57 41 75 18 82 68 27 97 64 20 5 78 93 74 75 80 84 80 33
97 17 38 97 43 91 21 90 89 49 50 31 28 33 54 19 56 36 7 50 94 8 55 72 37 84 8 67 59 32 44 17 36 89 60 80 59 25 70 98 83 42 80 33 41 77 83 13 64 83 11 68 88 91 52 15 27 4 90 70 50 98 53 35 63 25 41 42 34 10 33 1 94 98 71 69 58 43 26 88 34 5 0 41 89 23 77 18 8 70 58 58 20 67 5 25 30 79 15 32
37 98 94 16 91 91 35 59 8 39 20 16 96 97 72 29 74 80 25 72 53 26 53 85 33 40 18 52 13 35 1 69 48 46 54 76 1 27 1 4 15 1 11 41 97 66 27 91 73 30 96 50 44 3 53 41 47 15 16 49 9 30 39 61 52 50 13 23 16 8 60 54 0 94 52 25 17 58 13 15 83 94 99 21 89 2 27 37 30 3 35 76 63 85 55 41 69 22 94 30
17 34 30 7 18 34 21 24 99 14 5 72 9 20 78 73 59 0 18 14 12 62 57 11 10 76 48 35 2 74 78 45 34 18 54 31 11 36 71 89 14 39 1 94 24 92 67 76 60 84 45 78 44 57 71 59 51 16 99 55 18 44 70 54 20 37 11 11 93 88 95 91 43 13 50 73 61 58 64 62 19 11 38 59 4 50 54 93 50 78 7 9 43 28 88 83 58 97 68 20
55 51 32 69 89 7 96 96 22 82 37 27 6 87 88 99 7 4 82 15 58 27 57 49 90 56 80 11 88 32 40 16 1 78 78 8 12 44 55 93 19 32 50 68 71 77 33 53 55 28 61 41 58 84 99 30 13 81 63 15 63 21 87 66 99 69 39 38 88 72 18 19 39 74 12 37 14 40 62 34 6 29 87 20 40 22 65 5 76 94 86 41 27 39 31 89 68 39 98 58
96 65 68 54 28 12 62 21 73 81 41 64 66 6 32 66 99 74 5 39 62 71 24 95 18 22 2 32 84 21 17 88 25 47 35 32 9 34 63 51 44 40 76 64 14 55 49 22 56 73 48 49 92 36 89 65 99 65 99 67 12 84 49 41 15 53 69 97 16 99 36 32 21 97 88 59 40 8 7 48 7 19 87 74 81 56 73 62 9 40 92 8 61 89 93 28 13 95 36 77
62 36 9 97 61 6 22 16 19 93 51 35 95 64 96 58 10 56 9 90 48 47 32 64 70 54 61 79 57 70 49 90 22 78 96 95 77 52 75 3 4 23 84 41 9 30 60 75 29 66 67 39 73 76 2 7 12 60 74 93 91 84 10 71 52 16 98 90 55 33 52 71 47 1 77 51 5 47 44 61 83 82 63 6 34 11 76 71 29 70 86 18 97 6 89 27 24 75 33 95
96 70 49 67 43 63 0 72 55 16 74 85 61 61 1 37 21 45 20 73 84 79 26 45 55 41 23 13 90 25 83 31 79 39 55 64 96 32 85 38 19 98 52 40 75 41 40 96 53 26 6 59 50 89 72 34 30 37 37 36 69 5 80 4 56 31 85 27 22 10 7 50 45 31 91 55 57 78 82 60 70 30 57 80 12 5 47 71 81 6 99 84 64 83 99 16 68 28 35 90
60 87 92 41 88 67 77 39 88 18 85 36 72 53 11 84 1 58 41 33 97 78 87 77 97 29 93 91 86 22 64 70 22 75 52 62 60 34 60 45 48 87 8 6 68 34 20 40 52 57 53 95 57 81 95 49 74 29 42 36 76 35 94 2 59 72 45 94 3 31 59 62 91 8 71 96 54 0 65 88 82 61 68 54 16 35 55 48 73 5 30 19 93 90 49 95 59 46 56 84
86 37 3 29 47 45 48 70 23 35 98 4 3 75 50 76 12 87 83 65 57 78 49 80 96 83 3 20 66 48 6 13 28 50 92 78 48 68 81 48 87 76 13 4 51 78 61 74 5 57 59 88 14 42 25 55 90 96 65 17 21 45 89 77 45 57 84 97 76 48 20 49 35 35 35 61 43 69 14 9 38 17 23 79 18 72 72 40 93 33 84 32 37 85 25 5 25 17 6 23
45 71 86 64 10 43 42 58 59 39 36 12 17 92 99 79 17 53 69 66 26 69 77 71 89 79 50 94 23 77 93 58 94 83 65 44 17 19 6 50 51 72 71 35 27 87 46 34 51 34 62 11 31 41 88 93 37 15 20 71 84 12 46 6 19 58 21 23 45 70 63 72 72 70 96 27 62 39 30 51 86 9 89 26 12 54 67 13 69 93 46 83 95 89 22 44 23 85 32 62
29 4 2 54 36 96 72 36 91 91 28 72 78 20 40 97 1 11 75 37 71 87 54 6 51 56 47 8 88 92 63 14 22 84 88 69 0 53 11 28 38 98 45 83 62 89 24 20 50 73 14 24 20 26 68 88 58 55 46 13 80 84 49 22 4 93 3 9 69 80 73 45 95 52 72 36 66 71 81 13 48 42 85 70 7 15 16 5 54 64 13 90 74 12 13 35 7 28 11 74
29 77 92 73 58 30 51 7 49 37 3 45 62 71 69 15 79 61 70 55 56 57 94 53 4 64 6 55 75 27 56 4 5 50 14 46 84 77 82 73 64 72 90 90 2 91 26 81 10 38 97 65 34 98 98 91 38 84 71 2 34 8 79 17 44 89 74 71 79 3 45 13 46 13 25 12 16 74 36 29 94 77 49 32 8 49 36 82 81 14 32 10 5 42 57 87 17 65 92 76
9 10 46 38 26 98 80 72 4 15 44 42 66 69 67 87 71 18 80 34 1 58 12 46 28 50 78 37 60 51 92 89 32 48 97 47 70 48 37 54 58 40 50 40 48 7 19 77 38 13 54 53 77 79 71 54 16 19 26 65 21 75 48 32 60 86 10 98 41 71 49 27 32 35 5 10 14 46 55 83 15 38 42 29 78 14 70 22 36 51 7 86 50 90 58 52 45 15 25 20
88 93 10 23 33 11 53 65 89 87 94 54 1 8 26 58 62 16 64 78 12 35 85 10 3 74 38 69 88 79 58 33 59 11 62 46 35 81 73 32 67 91 28 73 9 80 49 77 2 23 12 8 55 36 56 32 74 52 41 49 75 21 74 8 42 76 19 99 22 70 74 59 57 11 62 42 14 28 99 32 40 47 23 99 14 22 37 60 52 49 10 7 38 62 89 41 24 93 23 45
55 49 87 48 50 58 66 96 23 23 25 70 57 95 16 9 60 6 87 58 3 56 43 32 37 5 92 57 81 56 20 88 64 90 6 20 15 84 65 37 79 53 70 52 78 10 13 62 84 16 45 22 81 37 92 34 74 57 96 39 95 96 60 73 60 53 39 93 20 91 43 4 77 58 35 97 98 36 51 63 31 93 7 72 53 46 80 23 28 85 12 81 87 70 29 28 85 89 87 96
73 73 79 52 18 0 63 44 32 13 26 45 52 10 9 78 62 79 57 7 11 88 45 67 83 58 97 9 69 77 54 1 97 71 3 73 74 44 57 46 89 96 55 38 82 16 53 5 7 45 58 16 59 4 26 73 1 95 99 92 29 82 73 84 19 64 86 25 95 79 9 83 77 90 64 62 48 9 44 84 51 68 11 55 37 32 52 95 69 28 37 70 80 33 66 9 94 74 41 2
23 55 67 7 24 26 9 43 91 30 63 15 50 7 50 77 80 89 67 2 56 92 2 91 82 37 20 35 47 11 60 17 47 46 20 1 33 48 12 63 28 84 58 78 14 7 68 85 48 78 59 18 41 20 36 11 1 7 97 56 43 23 76 17 72 40 11 76 56 32 23 24 24 82 60 92 89 71 79 54 13 1 85 19 99 66 0 76 5 25 61 55 82 93 40 20 15 54 73 84
96 27 19 42 2 19 31 77 61 59 25 84 70 75 18 67 17 67 85 29 76 18 35 92 21 40 36 75 32 72 89 58 30 24 8 70 66 62 26 60 90 14 90 74 73 90 25 60 26 16 30 42 56 74 84 12 13 63 9 55 64 8 83 79 63 47 77 38 62 74 93 87 68 5 47 20 93 85 62 9 74 72 84 68 12 68 14 79 83 99 30 66 8 0 27 68 4 72 54 20
49 58 84 79 99 5 33 46 3 47 4 45 5 88 78 30 25 24 11 35 18 7 73 82 18 19 83 97 63 67 97 34 11 28 3 99 8 88 39 48 93 41 89 46 79 64 26 20 10 95 88 89 88 81 29 15 26 8 60 37 82 60 11 57 80 7 71 50 72 55 37 71 98 58 94 89 6 30 58 35 55 76 74 21 92 89 38 95 88 51 4 15 83 32 88 69 91 41 22 98
78 78 24 10 64 95 36 28 12 48 68 29 91 29 13 17 25 27 45 88 61 60 7 13 43 35 68 21 66 50 21 17 6 76 93 36 32 54 95 99 28 43 92 0 78 50 97 33 77 11 89 31 97 85 49 79 97 32 35 33 11 98 1 64 31 14 28 42 47 73 61 46 99 59 13 92 26 42 22 75 45 87 8 95 66 60 52 68 64 66 26 6 49 85 40 72 64 26 27 24
94 70 14 77 29 36 86 28 35 34 69 9 87 65 70 71 7 62 74 8 95 51 77 73 73 72 47 74 99 64 49 74 56 29 17 41 38 17 90 66 62 3 7 99 85 80 41 89 98 2 18 94 52 92 82 63 26 20 86 53 3 70 82 13 4 93 45 28 54 78 9 80 11 40 26 62 42 81 58 45 54 40 67 97 8 22 87 97 4 69 12 7 22 76 43 34 4 97 32 4
25 79 28 68 51 30 93 54 0 40 44 74 50 23 50 13 72 76 2 7 85 24 47 54 7 28 95 82 53 16 46 59 59 49 69 81 57 57 29 81 87 88 42 30 69 49 24 20 41 79 45 78 82 85 65 46 79 31 96 52 37 45 89 84 87 90 36 81 78 43 19 33 87 76 70 5 74 57 90 76 74 62 3 18 26 84 16 23 7 30 72 14 21 95 19 81 47 0 97 21
24 0 39 41 31 61 6 60 7 41 27 31 96 10 23 53 64 60 70 81 15 98 8 62 57 26 1 85 5 39 82 53 90 18 15 64 20 18 99 94 13 89 55 69 21 24 29 44 94 54 76 69 15 69 73 94 15 95 83 18 88 98 17 58 88 70 99 97 66 76 0 25 82 46 23 72 5 13 59 30 14 27 67 12 66 82 65 7 52 34 91 71 48 12 70 3 23 42 80 9
67 77 22 9 29 5 18 13 18 18 31 2 4 10 70 60 52 56 83 21 88 51 58 4 52 84 31 23 78 0 9 96 99 65 23 73 86 21 4 71 52 46 34 90 31 70 50 55 93 85 22 37 24 57 70 73 94 44 17 26 32 62 59 71 32 93 15 81 28 48 83 70 40 43 42 87 74 7 83 32 73 67 94 3 73 16 40 89 35 25 94 23 3 14 5 72 80 65 0 17
21 7 81 49 10 81 53 90 80 74 43 40 4 50 77 20 19 26 13 88 64 71 35 89 15 39 26 95 69 91 22 5 93 71 62 46 59 83 58 69 45 23 23 87 99 5 82 64 8 15 81 42 89 65 92 41 86 76 40 56 31 77 59 37 31 82 65 20 59 57 24 64 16 77 78 17 86 23 54 39 51 73 40 82 47 85 4 44 46 4 56 73 23 33 26 44 7 88 60 89
74 69 15 99 18 22 92 1 39 45 87 48 66 99 63 55 47 83 20 43 83 47 58 76 72 12 10 79 22 11 44 97 21 33 30 31 13 29 75 62 33 1 77 97 34 82 95 96 30 89 54 22 1 10 6 43 47 70 32 31 83 30 46 2 38 29 68 13 76 0 73 23 27 92 88 18 84 98 82 42 57 42 62 80 19 34 72 59 50 51 25 64 98 2 64 93 88 43 16 93
97 38 20 74 72 83 50 20 7 42 18 47 25 45 43 42 84 82 93 98 38 98 47 76 96 96 32 34 85 39 67 31 14 42 0 78 41 32 82 64 87 74 21 47 2 43 68 89 13 44 49 36 68 92 11 89 83 58 1 25 44 47 59 43 65 27 42 83 92 31 35 61 65 0 30 31 95 30 32 13 59 74 72 83 63 9 50 62 5 5 55 95 60 81 38 67 68 72 40 76
39 87 64 3 21 73 32 47 35 78 32 99 5 42 77 45 12 9 94 28 53 31 46 17 2 84 51 63 22 87 92 51 73 16 28 4 86 16 8 28 89 91 67 34 77 21 15 4 84 45 81 55 83 53 54 49 47 91 59 26 41 11 72 8 82 67 5 83 77 80 11 49 3 86 68 33 87 96 54 33 79 1 93 36 64 72 77 2 25 25 76 31 4 30 19 74 14 72 42 61
58 14 63 2 62 95 52 1 1 93 86 27 91 50 10 2 49 64 43 26 97 15 37 7 35 25 62 51 61 21 26 87 22 72 79 1 78 0 94 10 28 38 58 61 7 45 99 56 77 90 44 29 57 31 87 24 8 40 53 89 61 54 80 85 7 35 19 9 7 82 34 8 39 43 25 81 25 25 19 40 91 42 98 17 55 61 92 13 75 80 44 77 32 94 82 34 27 69 58 91
83 7 4 49 5 10 32 6 0 53 56 17 89 0 39 61 50 98 85 16 20 30 76 72 33 86 15 64 30 93 90 94 84 22 77 51 67 68 19 65 12 79 81 92 96 25 26 84 88 55 27 46 38 98 97 45 39 77 36 84 92 88 48 49 21 96 48 75 28 25 54 61 61 21 35 40 61 76 80 81 96 15 98 89 41 90 7 48 53 14 70 29 16 23 59 99 47 64 37 32
64 56 86 48 86 83 35 76 80 41 49 57 15 90 12 16 83 4 23 16 39 64 38 40 78 0 11 53 2 14 13 16 72 11 24 46 13 84 13 38 44 9 89 94 48 19 57 31 19 47 76 86 76 65 94 58 79 40 58 64 71 90 48 58 32 43 48 72 19 24 69 5 13 55 82 42 35 81 60 38 78 84 26 47 40 0 4 53 34 76 41 31 75 20 97 11 1 72 35 3
33 69 56 26 11 55 67 33 55 41 77 39 74 10 4 8 15 94 39 73 83 87 41 30 82 71 94 50 29 63 15 57 50 59 91 90 50 27 7 23 52 17 6 44 28 39 87 99 19 38 94 22 23 45 48 65 50 31 89 12 0 38 55 4 79 48 88 14 79 91 73 57 86 69 31 25 27 30 81 90 70 38 41 53 72 94 67 45 85 15 90 43 98 4 59 1 12 63 15 48
55 64 56 63 7 18 83 78 3 32 47 40 57 89 91 0 53 48 35 91 32 87 48 86 1 16 3 50 18 90 79 20 44 68 4 60 60 91 32 18 31 51 42 66 57 73 97 26 1 23 76 61 89 25 57 86 92 58 91 87 61 88 34 95 36 74 86 8 5 83 3 1 65 48 83 43 62 80 74 96 3 86 73 6 44 93 80 20 9 49 31 82 50 18 15 66 3 62 73 68
