100 100
25 0 83 50 40 21 12 7 23 31 21 42 31 38 23 37 43 5 74 54 24 73 96 41 44 46 12 27 67 99 72 67 27 50 69 51 86 78 91 0 96 43 36 4 64 10 20 55 48 66 33 16 86 70 72 35 49 59 66 2 92 6 14 50 73 15 10 78 35 88 21 80 77 38 42 66 48 48 30 37 68 25 40 41 59 49 93 60 81 44 18 82 8 71 36 45 56 93 49 26
55 97 75 8 6 55 13 43 89 41 53 3 99 87 65 74 70 64 76 75 1 97 6 6 65 44 89 3 53 15 10 71 66 15 6 62 76 53 35 92 91 86 82 20 36 1 18 29 16 6 1 35 97 21 44 72 84 33 7 29 65 23 25 98 83 22 22 57 82 43 36 0 6 50 94 78 23 54 91 29 22 30 5 17 35 77 66 33 14 87 10 67 77 74 88 63 80 6 92 69
81 50 48 94 3 61 57 74 34 82 23 79 12 91 0 63 41 52 98 24 19 90 25 96 49 72 29 67 87 12 81 99 99 3 89 80 67 19 68 29 67 19 87 56 21 24 16 57 15 66 51 16 88 96 36 65 26 21 19 68 98 34 2 60 38 40 72 9 26 41 19 32 77 59 9 31 18 34 70 16 53 88 49 83 70 73 60 44 81 5 99 11 22 17 97 82 30 48 40 59
90 19 76 1 20 51 7 11 63 14 56 16 13 86 67 11 35 85 45 98 75 93 27 83 42 94 45 48 3 23 20 51 34 12 0 77 33 19 51 9 88 98 66 38 91 5 9 15 58 91 95 96 48 69 63 95 11 39 87 54 76 55 15 84 86 62 75 39 36 97 62 37 95 24 34 38 34 61 99 96 30 73 18 38 29 88 64 91 65 54 87 93 78 43 3 1 59 28 77 45
54 2 18 24 91 36 0 50 66 65 6 10 93 86 1 6 77 53 15 72 68 77 12 66 94 23 79 76 91 56 56 94 69 25 1 64 38 96 5 0 47 74 89 75 2 38 12 42 42 22 83 63 77 11 35 13 32 40 9 24 21 64 49 25 99 48 55 78 34 40 12 57 60 62 68 89 6 86 18 55 59 36 92 85 32 86 66 77 22 24 14 38 89 57 20 23 96 87 83 15
17 38 45 7 10 20 18 83 62 68 42 46 53 75 25 65 75 41 10 84 31 6 81 59 54 70 16 67 70 57 57 66 93 97 58 45 64 79 94 0 72 53 30 62 83 40 54 70 90 30 44 55 11 53 95 53 46 24 60 93 45 66 61 8 91 78 29 3 0 59 77 87 35 18 57 74 6 52 90 57 71 57 26 40 68 32 98 33 35 24 57 82 31 35 53 76 41 42 78 89
98 41 40 27 43 46 45 80 62 87 61 60 10 31 25 80 53 90 71 89 32 67 36 83 26 33 57 56 79 20 11 69 41 67 52 88 82 58 18 37 89 29 17 96 18 54 74 85 87 69 48 56 11 86 8 46 43 52 79 0 75 8 83 53 47 65 91 93 73 63 72 6 60 48 52 91 65 25 52 49 4 42 42 1 55 7 55 91 59 94 43 76 89 91 99 28 30 93 98 27
32 33 78 40 50 10 63 43 42 72 90 85 18 74 9 32 30 49 41 1 91 93 59 30 46 83 25 95 80 16 41 58 50 4 1 79 20 1 21 99 62 15 3 79 20 6 33 38 84 25 49 34 99 52 13 87 44 1 37 49 69 7 18 88 9 7 57 83 34 83 80 64 66 42 43 80 98 68 30 52 67 94 41 63 9 14 81 64 83 60 82 69 86 62 72 28 17 16 79 85
94 77 98 29 73 24 79 7 79 14 82 40 81 15 49 49 67 52 69 17 15 93 80 46 91 58 43 99 62 25 24 64 7 65 95 30 41 41 6 84 2 85 1 8 52 43 83 21 11 90 77 8 27 94 33 28 99 21 32 55 7 52 90 58 71 20 26 32 60 47 72 97 11 92 7 47 27 39 70 1 76 40 93 2 43 94 75 89 87 25 6 36 91 62 71 83 87 62 86 28
71 46 37 85 73 30 40 88 98 11 15 39 18 73 2 82 54 51 36 29 26 19 12 40 69 21 30 90 1 36 37 75 5 6 51 41 26 12 91 98 50 78 86 83 63 10 29 94 72 74 36 97 36 71 26 27 74 74 96 43 67 20 61 53 47 87 60 54 47 29 65 84 31 59 29 66 86 42 6 18 7 64 5 35 74 43 25 38 96 42 90 24 31 49 36 41 35 2 36 62
45 40 59 36 54 87 4 22 11 66 59 60 75 90 23 51 33 92 81 53 98 56 75 57 50 77 37 24 68 98 36 43 83 81 77 90 16 49 46 30 35 58 22 70 22 82 91 16 81 91 83 60 50 99 29 65 25 51 70 28 55 67 78 19 22 98 55 12 48 49 50 77 82 64 81 87 82 50 23 88 15 78 87 56 87 91 46 47 71 19 16 74 74 75 48 93 90 14 32 13
87 96 88 49 77 17 35 9 54 31 61 56 43 29 79 74 96 89 58 80 97 58 15 60 71 22 34 7 78 10 21 86 73 23 41 47 46 76 89 84 9 58 23 12 92 59 79 34 27 8 85 50 29 29 64 66 72 23 76 31 57 37 25 68 73 21 63 29 43 0 65 33 12 58 70 53 40 41 58 13 27 80 10 3 38 60 49 85 24 21 50 65 25 57 72 29 28 4 66 72
2 35 48 88 85 70 94 94 73 60 86 52 99 27 80 21 13 44 92 83 65 14 73 79 78 94 66 85 26 3 35 69 11 33 45 67 79 91 45 23 68 83 2 75 90 63 27 33 42 77 32 78 12 15 35 72 99 31 80 32 2 72 62 38 15 93 78 63 82 47 64 71 96 57 11 42 1 21 17 34 32 6 29 44 80 37 50 54 84 13 57 13 54 34 10 66 38 32 97 66
45 88 60 6 62 37 5 24 19 5 30 44 39 13 85 47 21 97 42 57 81 89 48 3 0 44 96 75 38 71 24 6 41 8 98 57 54 28 9 4 81 65 53 86 41 16 3 98 95 52 47 71 67 66 70 22 43 73 7 13 82 61 12 20 36 92 18 63 31 64 52 99 58 0 6 85 18 3 63 34 55 57 44 0 33 3 89 72 73 31 37 67 44 15 40 50 0 84 78 41
25 4 63 13 64 86 93 2 72 85 21 29 69 45 13 49 12 16 28 4 88 96 44 7 35 84 26 56 36 85 24 86 79 56 94 11 94 25 76 81 58 75 41 19 60 39 12 32 19 17 4 97 42 89 41 51 50 45 66 65 27 70 79 90 98 26 65 20 80 23 72 35 57 92 43 62 70 79 87 9 22 74 81 79 20 52 8 52 47 20 1 38 23 37 65 95 38 90 33 51
81 92 81 40 55 95 85 21 55 88 96 43 38 96 60 62 31 71 25 20 48 15 5 63 40 77 45 56 5 96 92 55 90 76 32 72 63 32 62 65 0 48 73 84 49 48 83 0 36 12 38 58 61 91 1 76 91 66 91 45 94 82 92 90 71 2 58 54 51 25 35 5 61 9 0 80 50 83 69 83 92 83 44 29 34 57 1 2 41 88 74 73 43 30 86 30 18 58 98 36
15 71 84 49 28 28 20 13 19 3 72 48 26 28 3 47 32 82 71 26 83 83 88 30 15 36 0 83 41 94 16 1 61 74 82 83 24 17 62 55 7 49 65 13 33 36 74 94 34 42 20 86 44 10 89 66 8 12 30 44 75 50 57 88 25 99 2 76 14 34 99 55 62 7 49 45 0 83 77 58 62 87 15 92 14 51 62 81 82 5 64 72 19 6 16 51 3 53 43 15
50 88 30 46 75 47 85 42 50 96 84 0 31 31 23 71 0 26 19 52 21 48 28 85 92 57 40 32 22 86 79 58 38 71 82 83 42 86 53 50 18 42 23 45 25 69 74 33 3 39 12 74 12 35 54 91 18 19 50 68 23 26 43 17 29 17 43 99 67 69 40 0 49 41 21 98 98 23 50 67 26 49 79 41 55 16 81 32 42 54 93 17 78 30 22 63 32 86 18 92
79 82 42 67 18 9 63 84 98 7 3 60 99 67 11 32 91 23 74 65 58 19 15 13 27 65 91 59 62 69 8 33 73 91 3 63 80 15 81 15 20 18 93 40 36 75 44 42 64 21 70 59 74 46 61 41 39 13 62 16 1 23 15 0 85 99 70 44 42 79 63 77 83 54 52 46 12 70 81 26 0 73 47 19 95 43 98 44 5 0 60 73 93 30 75 41 82 35 79 53
60 77 93 51 28 60 77 19 67 37 31 67 13 49 25 38 37 18 65 51 48 54 31 4 58 76 13 53 85 62 64 78 66 88 9 51 44 87 42 24 36 42 78 80 41 42 86 74 55 34 47 27 64 78 63 51 35 64 22 96 13 15 88 44 7 55 93 88 22 96 39 93 5 56 74 29 1 20 15 44 10 86 76 52 80 62 43 77 48 41 69 26 51 64 4 20 28 73 82 65
28 62 42 93 84 95 60 76 71 99 78 56 53 99 54 29 50 9 32 52 97 63 26 53 46 95 39 62 62 4 5 88 3 28 1 20 17 97 5 50 96 39 14 54 32 56 1 5 63 90 69 55 77 70 26 28 26 26 1 74 57 17 43 10 94 65 51 19 9 10 75 51 23 74 59 97 30 53 31 31 83 25 97 5 16 1 45 50 45 39 13 92 21 51 18 96 99 66 56 27
78 19 29 63 56 52 90 55 24 72 51 33 13 85 16 24 42 23 2 4 54 45 73 2 98 7 4 15 45 66 72 41 37 87 34 8 40 14 95 38 74 82 87 22 80 28 62 10 78 89 96 14 91 66 36 76 62 56 63 50 92 81 38 13 97 30 7 14 65 94 74 44 25 70 30 20 54 46 6 49 56 23 58 37 7 49 26 31 43 87 10 48 54 76 92 70 94 6 87 13
0 37 55 32 52 88 11 11 84 49 85 42 56 26 32 63 6 2 63 22 73 61 93 76 51 58 7 55 47 41 26 65 52 51 44 29 13 34 3 22 57 71 53 66 78 8 82 55 15 52 30 50 59 9 15 20 89 94 61 97 33 72 8 1 45 80 94 48 38 48 43 23 93 96 57 53 28 50 20 8 83 35 50 2 81 42 61 96 55 49 22 7 94 18 88 99 28 4 3 40
38 45 83 60 56 17 41 96 41 83 65 30 93 3 99 14 13 90 64 90 47 61 68 92 63 73 66 78 8 58 31 71 41 62 60 5 91 10 75 80 14 98 21 57 14 65 36 58 77 66 95 27 23 27 23 6 22 32 77 21 7 87 52 23 49 38 1 33 87 47 5 40 81 76 82 84 68 42 66 53 6 59 67 62 78 20 22 10 77 31 8 24 43 14 22 12 29 12 46 30
68 16 29 41 97 52 65 22 20 59 20 6 49 41 81 91 43 37 5 74 65 19 45 65 40 41 74 48 19 52 92 14 7 87 4 86 62 89 64 89 8 52 65 69 94 15 79 97 13 60 26 90 80 56 36 99 54 71 43 3 65 9 76 97 58 79 69 44 56 95 32 14 76 5 38 34 8 71 37 11 98 52 0 21 32 28 87 89 37 62 10 14 79 86 67 56 29 77 3 10
8 51 84 74 52 13 6 40 21 79 76 8 96 73 60 65 19 98 82 42 17 90 70 6 28 50 93 40 61 54 95 85 90 67 30 53 39 64 45 12 14 6 95 17 96 24 54 51 36 74 20 88 2 59 34 46 41 49 93 95 47 28 52 82 29 72 28 25 35 54 55 25 48 48 38 68 6 11 55 59 5 3 90 76 17 17 49 13 45 70 85 23 69 41 25 58 52 13 70 67
79 22 89 90 7 0 75 51 99 39 3 60 24 94 60 92 56 7 38 3 27 14 72 53 63 68 60 68 49 96 79 90 19 9 12 67 75 44 21 11 93 32 72 91 51 62 95 11 68 40 81 51 17 97 63 50 4 39 78 50 69 38 47 0 7 46 88 4 33 62 66 65 48 68 55 43 3 98 1 66 65 96 4 80 0 75 20 41 20 1 76 30 34 53 89 81 18 65 87 96
78 74 41 37 97 57 84 82 90 67 95 47 48 43 0 82 50 0 39 66 34 95 53 51 79 61 20 8 98 34 16 77 74 5 3 30 92 22 65 95 66 25 93 21 72 88 82 11 90 94 42 61 24 60 66 33 22 15 64 77 29 19 82 29 27 75 47 13 84 24 47 54 10 65 35 80 22 53 47 11 78 50 6 58 11 63 4 52 53 68 84 69 27 70 72 24 76 7 44 37
20 2 12 16 28 90 21 11 23 70 75 70 20 59 12 13 75 56 92 47 50 47 36 29 59 31 64 79 22 74 2 77 71 40 87 36 81 7 83 98 72 3 50 87 99 63 16 61 92 52 20 52 23 66 52 82 91 78 62 53 74 57 52 97 83 57 84 13 43 45 80 38 94 3 8 78 40 33 51 92 97 34 92 51 80 58 45 61 53 77 49 53 20 38 61 42 53 31 68 62
79 4 9 92 25 76 5 2 94 65 54 58 72 82 4 60 15 32 37 71 38 72 78 72 26 13 68 49 27 34 46 3 44 25 57 56 20 82 15 5 49 11 7 97 62 29 51 34 31 58 16 73 20 98 76 56 59 29 48 96 31 2 79 83 19 82 62 55 82 61 50 1 63 33 21 89 10 37 49 96 73 72 20 91 99 12 77 87 34 51 95 60 18 30 26 18 60 6 8 71
24 81 9 70 26 73 28 32 22 11 89 98 4 10 36 47 68 60 84 98 89 52 36 11 45 84 7 62 80 30 46 84 46 10 45 81 47 58 11 46 56 17 15 96 88 69 38 25 12 56 53 9 79 23 68 29 73 48 92 3 52 57 34 48 45 14 65 47 59 31 46 5 34 46 30 64 12 83 35 47 23 2 97 91 1 15 21 40 94 88 18 80 37 58 6 87 47 85 49 95
61 94 86 83 82 90 14 17 26 39 57 93 50 14 24 54 44 5 42 89 84 49 27 26 39 91 62 15 64 84 98 69 71 91 52 39 92 46 87 73 8 4 60 24 64 91 93 58 54 79 8 23 73 63 32 40 83 47 95 84 75 16 1 55 19 8 60 16 9 49 78 35 58 84 52 51 55 97 2 51 43 53 62 13 52 4 8 77 23 20 22 58 35 33 38 29 50 99 73 70
49 22 36 91 11 11 56 16 49 75 90 32 2 9 78 91 94 43 4 69 64 4 61 8 5 52 95 34 63 40 71 25 34 62 47 52 85 44 83 99 56 79 76 40 54 58 45 16 9 50 86 71 22 9 22 34 11 4 13 82 73 0 53 50 53 37 96 7 38 9 44 57 40 37 18 62 24 31 77 66 17 3 0 23 1 13 23 13 26 12 59 74 93 50 62 61 58 25 39 1
68 51 76 79 8 39 91 76 39 94 57 54 50 39 64 52 95 27 33 70 74 86 23 53 43 85 30 52 68 60 7 44 27 20 99 75 37 46 1 12 51 83 88 67 79 12 79 87 22 93 45 74 68 44 35 81 90 76 59 45 16 18 34 43 58 80 98 80 12 24 19 37 80 74 92 34 61 94 72 99 71 2 62 62 61 69 18 35 6 49 14 72 5 18 7 56 70 39 27 95
2 11 36 70 94 68 10 14 20 87 63 79 89 42 20 88 32 73 53 36 51 83 51 74 4 54 48 74 20 7 39 42 48 96 48 20 1 6 49 13 45 64 50 23 77 70 30 88 93 1 79 95 87 41 65 33 53 50 11 32 38 83 44 48 88 35 65 46 74 8 36 26 14 42 26 56 26 2 44 83 18 54 13 93 11 18 64 23 8 37 15 31 63 57 87 58 99 86 48 49
99 40 11 1 50 70 21 74 66 36 52 99 4 36 96 76 16 20 70 89 1 60 90 2 12 48 54 67 68 68 62 78 48 97 34 30 93 48 64 14 47 0 96 16 51 29 63 85 76 64 41 48 30 9 61 87 69 59 6 79 84 50 61 76 74 25 24 65 2 67 73 45 45 20 16 34 69 90 42 1 56 5 23 23 72 71 46 39 6 61 28 94 62 59 2 34 37 53 20 60
80 80 74 91 85 12 16 78 11 77 74 25 47 90 23 89 19 11 85 61 21 0 16 14 82 19 70 86 51 62 71 33 26 91 36 73 4 11 58 14 30 95 57 74 29 32 5 57 46 76 93 59 3 32 79 81 65 10 45 15 56 73 42 62 12 73 37 74 20 8 81 98 61 70 21 11 51 10 21 74 96 27 37 21 28 78 71 35 61 55 81 97 16 58 56 95 81 13 58 41
44 25 43 49 27 48 21 88 47 2 56 52 94 92 37 28 74 9 45 97 76 29 15 59 42 84 53 97 73 75 91 97 4 9 88 44 74 20 59 28 68 29 1 21 85 45 95 82 60 53 36 81 9 0 2 68 39 74 78 10 80 95 86 87 3 53 41 42 24 68 34 20 42 38 58 9 0 14 47 64 14 28 63 27 28 83 73 43 79 98 93 45 18 98 11 47 95 40 26 28
62 41 5 50 59 1 58 43 40 7 42 14 67 2 64 61 58 33 19 95 0 85 11 2 28 40 44 99 89 16 7 90 39 49 96 44 86 39 13 77 93 68 42 39 65 72 48 77 10 51 98 88 29 64 62 6 5 75 88 68 79 82 58 9 5 94 10 48 95 80 92 48 72 59 49 43 15 74 78 52 15 22 74 23 26 28 79 73 43 47 10 25 1 17 57 88 69 10 82 26
29 29 18 51 75 63 61 83 47 16 74 76 3 77 67 58 61 23 6 3 18 10 6 60 4 25 0 94 77 45 43 85 83 74 93 45 78 12 46 54 9 37 46 11 89 77 45 41 10 59 40 95 85 64 92 71 63 99 49 33 23 52 22 30 20 12 47 79 46 44 47 89 84 88 48 80 1 25 28 71 76 57 88 88 3 31 19 87 2 23 96 45 76 17 65 29 98 98 12 46
70 85 7 96 27 39 60 72 19 1 24 89 42 3 58 24 87 40 11 8 51 89 59 26 45 8 80 22 38 27 25 63 36 48 23 11 35 16 91 77 45 27 85 91 37 46 68 43 86 46 33 78 22 45 97 77 51 43 11 45 6 28 46 70 4 68 23 82 39 54 13 49 1 48 93 62 40 7 85 96 81 77 77 74 18 61 58 74 45 97 30 75 22 99 11 62 31 54 69 73
18 85 14 86 47 45 69 42 98 20 85 84 10 94 80 29 57 30 40 65 31 18 62 9 98 52 8 43 3 68 83 96 43 40 79 43 22 71 5 11 75 97 39 30 25 88 63 74 28 82 93 95 27 79 33 65 95 92 72 99 2 35 2 68 42 89 97 63 19 13 22 4 28 13 29 63 60 97 97 8 69 37 27 49 50 52 33 4 12 23 13 6 91 66 52 92 92 91 91 41
78 78 57 47 1 26 80 37 36 45 91 89 76 69 64 23 18 6 20 82 93 65 63 56 32 17 54 63 34 83 70 4 3 1 71 20 47 13 24 71 87 15 8 57 23 3 0 29 83 27 38 25 65 16 51 14 19 67 47 0 18 87 17 22 11 84 77 44 80 33 87 16 11 36 5 75 24 39 2 6 91 75 65 28 96 20 4 88 45 26 47 2 66 39 87 45 98 59 8 96
44 18 2 44 44 1 96 97 9 92 23 76 63 46 82 83 82 77 68 41 91 58 18 29 64 52 41 59 35 67 92 42 14 88 43 64 62 13 47 65 25 66 46 12 0 83 69 24 55 61 59 15 35 44 77 9 82 95 3 72 87 77 68 6 14 89 87 62 8 48 85 26 73 49 56 35 19 87 28 7 21 78 40 84 95 55 23 69 11 4 38 23 60 16 14 51 71 55 4 72
39 51 42 77 52 32 24 34 6 78 29 9 18 40 15 34 91 62 87 90 32 11 59 16 67 34 8 96 81 2 66 57 9 49 18 30 47 54 36 20 99 57 80 49 2 69 58 64 31 61 9 93 6 8 56 83 25 87 14 52 13 37 84 33 62 98 71 12 25 77 28 90 0 14 25 46 59 20 59 16 29 33 45 38 93 23 54 62 74 52 84 85 27 2 72 9 62 46 33 80
73 76 57 27 99 45 63 84 36 35 0 29 38 17 89 64 90 32 91 13 23 58 0 3 26 33 31 46 45 28 49 63 42 61 93 25 39 3 96 24 8 18 54 14 18 23 28 35 0 92 24 49 17 51 27 70 23 55 62 57 91 83 44 35 34 23 41 32 92 74 98 17 54 41 11 60 21 55 19 33 25 97 64 95 33 78 99 41 45 90 3 14 28 96 8 9 3 5 78 21
69 69 13 62 77 64 23 62 7 70 93 55 77 62 23 74 0 99 26 27 52 2 91 97 57 63 17 51 83 97 24 93 54 55 78 80 32 94 82 72 81 53 79 49 26 30 4 17 42 24 30 82 86 57 49 52 3 88 68 29 43 56 38 92 55 99 64 12 90 54 20 80 57 28 60 68 60 9 98 97 52 69 1 16 42 13 97 88 91 96 48 78 67 50 30 57 95 41 53 44
22 90 28 16 44 84 47 54 84 22 22 85 80 50 85 30 70 36 87 87 44 77 21 97 56 31 10 92 9 98 28 60 10 99 13 78 65 29 86 42 29 97 69 40 58 87 87 83 91 37 70 51 15 55 44 65 58 30 50 61 85 79 2 14 80 73 65 86 87 74 82 92 98 73 91 15 42 45 9 76 54 39 79 63 31 76 6 88 24 76 83 16 17 43 55 33 65 83 62 58
94 32 49 47 33 31 6 94 83 90 6 66 98 61 41 79 76 29 96 64 82 42 18 35 85 63 13 38 90 79 90 17 66 53 96 11 3 54 24 47 20 82 73 2 59 37 14 44 84 88 90 82 47 16 83 4 67 33 41 98 81 14 94 17 1 75 20 58 22 8 7 21 3 77 49 91 86 55 50 33 72 77 64 34 46 95 94 6 69 87 63 4 0 99 55 94 46 7 39 63
93 52 49 42 32 73 55 84 96 16 80 16 86 65 40 66 71 9 47 45 81 47 11 68 6 77 85 49 66 31 44 58 72 71 79 55 31 63 52 85 37 31 29 49 80 79 47 41 64 60 38 98 60 99 94 50 42 27 52 49 28 33 73 12 58 30 94 84 44 23 21 96 97 29 50 90 14 52 10 36 13 99 3 79 38 91 94 5 40 87 32 52 18 59 19 40 13 62 12 10
48 28 76 71 15 97 83 40 83 88 69 63 88 18 89 41 52 54 91 61 64 12 83 68 77 92 51 33 3 75 56 88 6 81 96 12 40 48 51 7 66 52 13 5 91 71 46 98 4 55 2 20 63 43 41 28 65 58 71 13 61 79 59 76 28 78 85 74 95 5 61 99 2 89 51 93 37 19 45 70 41 66 60 78 61 14 46 94 50 58 93 17 82 53 89 99 74 93 51 10
81 19 50 40 90 67 98 97 54 0 20 55 62 67 6 80 63 79 94 84 22 20 37 2 40 22 14 30 67 91 21 26 94 7 39 6 17 45 92 44 20 28 38 28 52 64 9 95 95 58 8 28 26 79 68 76 25 65 74 99 42 59 72 75 77 15 28 96 9 61 34 61 8 9 91 60 38 42 18 11 61 21 37 43 36 84 38 54 15 50 92 32 13 73 87 65 94 9 99 22
5 56 50 48 71 87 14 69 69 39 24 66 31 83 83 36 32 24 71 41 64 94 2 6 69 80 45 1 21 88 59 22 57 8 83 66 44 17 29 89 28 41 65 97 47 36 49 37 20 87 60 37 19 38 4 35 92 12 22 43 76 23 1 2 59 7 11 61 72 59 12 66 61 6 44 10 62 97 14 47 70 37 99 69 64 63 49 79 5 18 31 97 62 22 88 4 96 43 82 7
67 97 87 84 32 17 73 86 99 88 30 18 76 19 32 48 81 20 37 80 37 29 78 25 43 20 69 93 20 26 79 70 82 87 41 7 9 49 47 6 37 33 48 58 49 91 31 47 49 88 55 21 22 42 46 86 39 89 11 76 53 23 16 9 23 25 73 56 72 74 38 96 18 90 68 58 25 76 2 13 53 54 30 8 15 32 3 95 52 83 64 38 8 33 44 89 67 46 56 2
40 79 19 7 88 98 14 42 10 43 6 92 31 27 6 84 41 88 36 11 9 97 49 15 45 73 1 28 28 38 35 91 32 18 7 12 52 57 29 51 36 12 18 91 38 66 56 57 58 72 13 55 40 60 64 78 44 97 67 66 27 95 41 87 48 85 39 34 62 28 3 43 56 84 0 55 38 39 6 67 60 7 59 39 71 48 29 52 6 40 61 57 99 82 36 49 76 10 60 93
26 59 24 20 53 93 5 77 21 6 96 66 88 89 74 35 52 21 41 58 82 85 52 89 23 32 82 24 26 87 54 84 45 40 46 84 79 92 6 26 43 30 58 26 82 20 59 59 98 89 64 72 18 51 4 27 75 67 33 71 82 19 82 75 70 75 94 14 21 50 43 5 94 5 21 80 46 72 80 88 70 2 39 27 37 18 32 83 7 43 50 7 93 92 58 33 92 87 89 70
88 88 10 34 89 15 44 72 44 72 49 93 64 64 25 16 36 61 2 8 51 21 52 79 69 75 44 72 47 45 89 19 20 31 45 53 86 21 67 52 21 10 31 2 41 70 55 43 12 23 39 16 50 61 75 62 23 42 70 35 54 11 75 90 36 88 70 55 23 63 98 76 45 83 83 91 71 71 27 84 17 7 69 19 6 43 72 81 23 23 82 83 78 24 40 54 88 57 35 42
91 98 14 47 78 45 8 93 5 65 14 77 27 88 87 4 68 15 26 56 74 73 12 31 10 94 20 21 54 55 97 8 18 54 91 71 71 3 41 40 78 9 1 41 50 63 40 23 27 57 98 75 27 76 74 90 78 35 41 77 50 72 25 43 93 16 64 43 85 23 56 18 24 60 47 13 47 11 49 12 53 83 89 92 12 63 87 48 88 13 92 30 70 52 26 66 3 32 2 57
30 66 2 64 30 38 73 17 83 92 45 37 42 59 40 48 90 66 17 66 76 22 28 90 48 97 97 79 0 46 20 37 42 51 59 71 7 14 72 54 8 57 35 57 99 49 45 18 43 88 56 5 1 91 90 76 45 97 3 52 93 58 3 2 72 39 24 30 86 27 46 14 50 99 93 28 43 81 96 84 74 2 8 74 47 3 56 39 67 85 78 26 67 2 65 46 9 46 19 90
42 20 69 23 49 11 71 12 31 51 49 30 42 75 20 11 68 53 17 18 97 16 55 47 17 61 30 48 23 79 22 47 43 9 73 3 1 85 45 25 19 35 21 65 20 18 20 74 40 23 75 19 64 72 17 21 25 93 37 10 35 93 32 58 22 64 61 68 38 28 74 8 34 38 5 70 76 55 94 75 49 79 67 14 29 93 74 93 43 94 68 11 11 84 46 74 73 34 41 34
27 0 95 15 82 67 14 72 79 27 79 23 3 7 13 75 98 30 67 58 14 79 8 97 84 94 72 7 74 76 89 64 98 88 35 38 78 22 49 36 36 13 86 4 67 54 95 23 60 27 93 91 10 88 24 85 94 50 59 17 40 24 40 34 93 93 49 47 95 18 92 93 42 77 46 80 18 14 49 9 54 22 60 0 2 22 67 4 64 22 61 22 87 79 94 18 41 50 92 60
49 30 24 81 66 46 78 10 39 23 98 13 51 82 63 11 51 0 7 48 89 16 16 38 37 21 53 12 62 70 0 39 99 65 67 21 61 3 91 7 22 90 94 79 75 54 86 74 22 41 89 63 57 76 56 42 38 50 89 67 89 6 13 2 78 58 56 15 89 15 0 7 6 45 96 60 34 44 31 91 28 71 8 60 97 26 41 56 10 47 25 62 24 45 8 77 45 86 28 63
85 78 74 75 38 19 69 4 88 26 71 77 96 60 22 41 45 31 18 65 23 67 46 89 8 29 70 61 66 24 39 13 34 95 10 23 56 44 6 52 37 69 23 40 56 77 75 69 38 78 5 50 89 51 42 69 27 92 78 21 17 5 14 34 82 68 23 66 3 80 81 68 32 91 56 83 62 71 60 44 38 95 97 52 86 65 65 97 33 32 20 9 13 23 6 12 67 30 73 94
58 66 20 93 18 40 15 43 29 82 92 17 71 77 5 60 10 65 16 5 99 99 37 7 63 48 97 72 73 85 9 74 99 97 4 22 89 1 75 40 4 75 22 22 3 58 9 25 43 87 59 52 95 17 82 96 48 75 11 21 18 88 39 74 85 27 88 7 88 20 16 63 54 93 59 37 28 88 43 95 52 58 55 40 85 22 14 49 26 95 58 30 55 40 28 13 73 93 57 87
8 65 31 76 82 45 31 68 93 49 9 78 12 39 27 57 55 31 13 51 57 86 5 18 9 12 18 35 46 69 92 38 41 3 45 46 74 10 66 60 39 89 2 31 56 87 44 40 65 37 18 43 64 37 64 86 30 95 76 13 76 42 78 56 35 2 77 3 56 74 93 27 73 86 77 72 44 43 36 67 24 19 92 90 6 93 17 56 81 73 63 70 11 14 23 56 85 67 8 20
98 83 78 18 62 28 25 17 61 51 27 72 90 93 14 72 86 24 50 45 37 19 31 31 82 26 8 1 43 89 92 18 17 30 73 94 51 31 89 44 45 90 98 87 98 73 92 11 77 22 29 65 25 23 45 97 42 15 63 57 62 30 77 1 30 62 4 46 9 70 92 79 28 44 77 6 8 67 3 7 78 20 90 40 75 37 27 48 21 84 64 72 56 23 61 9 13 9 72 20
1 42 0 8 11 90 47 78 82 91 60 8 91 39 57 57 6 51 30 63 19 9 61 73 87 3 69 98 96 49 85 85 77 54 2 19 66 10 83 21 88 15 99 8 28 58 84 36 33 88 33 75 6 65 22 2 81 64 52 53 79 86 11 12 97 29 21 58 52 32 18 61 20 26 97 63 36 6 26 28 97 31 61 44 68 75 12 65 66 37 21 12 72 58 63 87 73 46 47 23
67 92 23 4 54 24 9 33 57 90 30 35 22 72 33 57 60 86 89 10 34 96 93 27 64 72 2 42 39 0 95 72 19 29 24 18 22 39 35 56 99 31 51 60 0 82 34 52 93 78 32 34 31 85 73 42 13 59 66 17 45 90 90 62 27 90 40 57 12 71 8 36 48 43 2 77 96 11 5 71 46 80 88 5 69 76 53 3 62 62 30 43 78 24 77 13 38 77 38 95
94 58 13 67 90 21 14 27 80 13 74 35 98 30 43 22 66 49 42 86 81 39 82 54 8 63 48 93 79 8 27 97 73 69 21 73 71 69 34 42 86 94 94 38 93 50 29 87 6 91 17 55 34 95 32 17 51 76 11 34 29 7 65 6 63 21 59 79 71 39 41 93 90 83 18 81 20 42 43 14 33 35 1 45 71 48 40 97 72 29 65 67 17 16 99 62 89 23 98 4
13 3 90 58 24 35 95 16 27 24 96 51 59 5 66 65 43 1 73 37 1 94 12 83 44 36 26 38 10 40 66 79 87 52 81 23 1 51 90 24 54 74 89 41 4 6 59 29 44 58 85 69 74 88 91 26 30 93 76 10 73 87 92 94 8 11 49 99 75 27 30 12 96 9 14 92 62 18 56 18 77 55 24 49 10 31 37 0 89 22 31 48 91 45 68 63 91 88 85 77
27 29 77 42 84 88 75 86 86 36 37 56 48 15 59 16 0 34 63 11 23 87 55 28 35 8 41 20 60 44 79 91 63 90 23 78 0 39 38 4 3 16 93 15 80 35 40 76 29 9 69 27 52 17 61 76 72 44 24 39 72 87 85 21 57 36 12 64 9 7 8 82 51 61 47 54 54 89 77 13 18 6 79 66 51 68 95 30 4 90 41 74 76 94 17 13 99 30 84 20
20 34 24 88 45 24 14 68 78 68 42 22 99 71 94 8 34 18 47 37 54 70 89 32 86 56 66 25 81 51 49 72 71 60 88 23 63 36 71 72 78 30 6 68 4 39 81 34 44 76 89 62 59 38 28 62 91 47 46 2 7 87 82 97 42 50 10 52 59 62 64 8 11 89 90 72 87 36 77 89 78 24 41 33 1 41 98 81 81 20 54 69 19 65 43 3 86 42 85 57
5 82 36 74 11 19 45 21 70 22 28 68 35 80 48 5 56 16 55 11 1 30 74 57 59 92 25 25 91 31 92 14 51 94 75 85 55 91 63 0 9 48 43 29 90 87 2 52 69 6 41 51 28 77 86 45 48 36 25 53 67 64 17 98 12 46 96 48 50 25 0 53 93 46 78 30 90 27 73 79 58 0 69 71 82 74 13 38 95 19 39 82 54 67 5 8 88 86 41 73
56 79 38 68 60 35 51 95 77 63 72 70 34 4 41 28 46 49 89 59 30 42 84 83 58 3 31 24 93 48 8 5 22 53 62 85 44 61 65 96 36 98 38 45 60 29 89 15 28 58 54 74 57 35 45 10 11 41 1 83 29 53 2 75 55 24 68 30 42 57 77 70 68 69 51 59 19 13 35 26 33 37 65 36 42 31 43 17 57 63 76 82 63 40 12 86 13 2 90 79
12 27 75 56 87 58 66 9 20 60 87 50 73 67 48 62 14 60 36 16 62 87 23 9 52 19 15 20 17 14 59 37 91 61 90 55 43 33 79 84 23 7 48 92 92 73 60 24 2 79 36 47 49 21 85 92 70 53 4 64 98 13 83 50 39 68 28 21 72 12 8 23 87 19 63 12 22 44 83 74 91 14 57 80 56 40 87 80 81 63 38 73 58 8 49 38 8 37 29 71
66 51 11 11 50 5 76 2 60 76 47 92 1 38 88 38 28 85 53 47 22 56 22 45 68 26 60 57 40 24 52 24 69 58 19 92 26 57 25 73 76 44 64 57 98 70 85 52 18 91 61 17 18 79 6 33 77 92 86 83 84 65 82 63 6 34 99 9 35 25 57 74 37 0 5 41 24 94 95 30 31 41 13 19 18 3 17 73 58 35 43 18 39 7 65 23 24 37 39 72
50 1 67 42 65 86 87 37 56 13 2 61 78 39 38 68 64 25 7 41 76 26 4 29 28 73 65 4 71 68 65 49 75 42 59 63 12 90 94 99 85 17 97 39 64 14 15 63 74 94 35 34 76 33 26 5 90 49 51 6 87 90 70 79 46 8 44 73 70 6 20 22 28 87 76 14 98 45 20 17 56 75 65 77 99 4 7 41 99 90 0 96 33 63 84 15 55 34 48 69
94 37 36 31 53 14 59 64 28 15 5 14 50 20 95 55 28 74 63 49 11 61 37 92 35 9 53 88 3 17 56 61 59 10 82 8 44 51 40 0 2 85 92 82 87 77 11 69 51 2 40 92 31 95 90 76 57 5 58 0 75 39 74 35 37 27 90 37 77 85 52 87 51 97 3 99 81 20 64 14 52 22 38 45 9 82 74 34 2 90 47 37 40 4 20 51 5 30 20 77
31 33 69 96 3 1 3 20 40 2 71 91 30 33 71 74 61 76 1 17 30 13 99 11 81 9 43 57 70 98 33 57 19 72 24 79 14 7 80 33 4 35 41 36 40 2 47 54 9 34 13 26 9 88 9 29 38 34 54 38 24 71 84 3 42 80 57 67 31 59 40 31 12 98 33 73 56 0 70 94 57 77 41 29 87 90 1 76 92 60 0 82 25 90 38 77 79 15 85 98
77 40 36 25 85 60 28 0 69 59 76 5 80 74 86 98 89 67 67 39 62 13 49 73 98 72 12 56 83 13 99 67 61 96 13 60 45 44 34 94 97 52 84 80 49 56 32 69 41 77 24 41 29 28 5 12 65 1 48 26 24 6 82 99 12 91 82 81 49 97 14 43 30 5 79 2 69 48 77 30 16 56 5 13 91 45 52 60 1 52 2 4 39 80 63 49 41 79 25 0
54 3 35 97 97 29 17 83 54 36 94 36 10 4 69 79 39 21 12 8 11 36 62 85 16 40 78 31 27 10 12 8 6 7 49 59 55 77 56 21 20 45 11 46 34 1 36 74 52 79 41 69 34 69 92 15 5 11 74 63 23 53 56 96 52 74 95 82 7 26 9 83 5 59 22 82 45 46 55 87 29 70 43 95 73 66 3 87 42 66 27 45 96 52 85 15 80 66 26 6
44 87 29 18 12 48 21 21 86 18 82 23 37 68 7 27 47 67 41 62 15 67 89 60 85 97 40 48 82 47 58 14 10 37 12 88 80 36 61 6 61 72 0 95 90 87 73 60 74 76 6 20 38 46 58 94 86 33 2 17 40 14 55 9 95 76 25 31 79 86 36 84 38 47 50 42 44 21 26 34 70 35 0 26 66 97 77 94 65 78 40 11 43 53 23 26 50 13 69 41
29 7 89 67 62 6 98 66 28 13 4 59 82 19 90 32 20 4 49 36 89 83 85 39 22 14 44 60 31 69 50 82 45 94 50 22 12 2 15 0 93 50 44 54 39 57 1 96 50 88 93 29 88 2 30 5 18 22 26 22 62 13 92 19 4 86 89 80 68 69 96 99 88 76 43 20 35 73 36 32 13 80 5 39 43 97 55 18 64 0 78 23 29 23 66 81 44 56 7 79
11 30 93 54 62 34 50 29 29 65 22 78 81 21 62 39 91 65 73 12 4 31 17 78 97 60 42 41 82 19 35 22 47 43 76 33 87 38 81 45 74 90 71 97 76 83 38 84 66 90 8 7 28 31 92 39 49 86 74 29 57 68 77 65 50 59 22 50 13 61 57 72 74 93 78 93 22 21 53 11 54 14 94 81 37 60 39 48 53 90 3 66 1 37 62 33 40 16 26 51
40 55 71 14 63 48 37 68 33 44 44 66 82 49 97 78 32 46 55 25 57 48 90 21 34 84 33 55 79 51 39 32 21 90 77 78 4 30 88 82 14 15 59 50 27 92 66 32 24 44 5 66 1 8 66 0 82 6 50 25 93 40 26 81 86 24 6 87 24 10 79 60 99 71 81 99 50 87 6 23 77 15 46 81 61 93 20 50 24 73 29 93 18 61 58 40 98 97 4 25
66 75 63 9 4 78 73 80 59 94 80 56 67 29 79 47 14 40 0 98 59 86 99 76 79 83 20 0 20 43 99 7 65 72 15 63 11 98 49 19 91 96 31 62 75 96 29 91 31 53 44 9 4 69 82 95 80 82 50 13 26 35 88 73 57 84 75 63 74 93 70 49 25 21 31 25 96 20 48 94 95 87 36 67 8 76 8 40 32 79 98 37 18 55 56 5 4 18 18 44
52 43 65 87 16 99 57 40 79 81 37 26 36 60 89 93 5 29 44 54 99 4 18 97 83 81 14 73 49 32 43 65 67 1 80 31 56 34 89 86 91 38 7 99 5 78 44 69 74 75 54 49 71 87 73 79 67 10 61 2 98 73 95 50 83 59 45 91 56 6 35 34 5 58 47 49 63 1 8 5 43 79 85 41 62 67 78 43 73 94 81 67 19 57 5 66 17 53 71 30
63 2 82 72 15 73 33 45 93 21 7 22 99 30 70 14 32 38 58 68 91 12 49 12 75 56 62 13 69 84 76 50 88 63 65 58 70 57 54 17 51 72 63 58 43 76 69 8 35 8 36 13 49 62 79 92 75 21 0 53 78 65 24 82 71 63 72 1 42 34 64 13 21 60 4 8 52 91 21 30 92 93 45 10 84 76 85 44 58 31 24 52 6 99 2 18 64 8 67 61
11 5 59 83 17 26 95 77 74 53 33 94 90 24 66 81 49 64 70 81 89 59 45 53 48 73 12 58 43 68 35 79 81 5 79 80 93 24 88 72 53 64 84 79 1 93 85 75 32 79 45 9 95 67 54 75 55 81 96 86 40 24 63 31 17 82 37 99 87 32 9 4 68 77 63 22 33 14 86 38 15 14 63 71 17 31 12 33 1 79 79 70 8 44 35 5 9 99 72 27
86 83 59 28 6 64 26 30 5 14 60 1 44 13 89 18 87 81 69 85 61 52 41 86 2 90 56 3 59 70 22 24 19 25 49 99 55 98 77 12 37 43 42 96 31 20 90 0 35 78 7 6 16 14 16 69 92 39 6 73 95 8 34 37 72 1 49 59 25 68 82 48 80 19 71 97 81 40 46 89 15 1 9 81 89 34 8 91 96 37 8 58 13 10 83 21 34 60 76 45
91 9 98 73 62 87 80 88 42 36 93 16 63 76 51 32 99 82 42 54 43 78 31 77 33 58 30 3 55 87 95 23 62 69 33 91 58 11 6 47 81 44 85 47 70 12 17 61 47 4 32 23 56 0 15 26 94 52 98 61 46 64 48 49 80 92 32 13 91 88 27 72 88 14 90 74 94 83 50 23 19 19 79 71 63 17 16 9 64 62 76 29 90 50 17 53 34 29 84 19
53 87 24 11 94 81 98 32 81 13 13 25 20 45 92 54 31 69 86 90 79 10 42 30 86 91 97 48 9 74 53 44 53 12 69 37 30 56 65 46 23 1 85 45 30 44 34 16 30 97 70 69 8 72 19 33 16 52 3 65 54 28 42 92 91 92 33 30 99 40 77 97 38 67 77 81 90 0 91 7 14 47 26 90 40 13 53 30 34 74 5 11 74 81 72 75 54 95 28 2
78 71 38 18 73 21 78 21 2 14 72 41 33 94 84 64 94 35 13 50 85 60 78 55 55 25 94 75 38 68 66 29 43 88 89 12 30 58 21 44 70 26 28 63 69 97 8 25 66 61 20 81 45 78 86 39 5 90 21 29 1 1 44 23 21 25 45 96 25 81 78 36 49 71 99 55 96 73 8 10 83 41 99 36 87 0 87 9 24 5 87 43 29 13 59 19 64 27 59 70
63 42 75 42 33 45 84 60 63 0 54 57 98 77 56 25 76 54 62 75 99 83 31 33 37 72 45 93 52 94 17 10 46 17 38 35 57 5 38 29 6 44 32 39 99 82 82 69 81 11 73 98 25 33 4 81 92 29 32 1 18 47 47 89 96 99 58 17 34 97 93 0 86 7 13 13 52 59 78 28 18 90 41 98 45 97 6 30 62 85 35 46 98 21 61 16 16 18 89 35
10 98 6 96 44 10 58 0 58 2 10 57 19 95 54 89 27 9 42 90 83 78 64 68 10 79 22 12 63 88 61 32 44 96 26 50 89 90 38 89 48 33 85 87 20 68 96 35 52 82 6 79 66 1 64 61 49 62 31 97 57 77 25 19 21 82 95 57 9 26 84 62 94 50 51 35 79 74 3 42 37 20 92 87 9 35 73 12 20 47 44 14 5 0 22 69 77 81 64 45
6 96 65 51 43 9 32 29 19 12 43 60 79 52 22 59 55 20 11 66 84 47 12 70 61 44 74 44 60 93 46 82 52 48 81 16 87 33 73 71 92 42 23 20 24 94 14 11 57 39 92 20 35 22 44 6 98 10 4 35 13 70 80 93 81 4 92 44 49 32 18 14 70 46 18 94 62 36 55 68 79 35 60 37 1 28 97 88 18 84 79 43 80 18 32 15 96 87 67 82
95 70 17 71 66 14 28 82 47 51 19 25 21 49 51 86 71 76 95 31 78 31 77 66 36 13 15 74 3 72 56 87 74 35 52 42 70 45 56 16 42 34 94 34 62 84 80 7 44 33 64 39 45 21 80 28 47 55 34 78 72 62 91 7 78 47 85 78 19 87 18 98 86 59 46 19 36 95 52 5 6 33 98 76 73 67 93 26 52 42 58 48 26 93 10 83 37 90 41 54
88 88 70 58 94 70 96 10 28 2 0 62 30 22 53 56 11 1 86 96 67 65 16 68 44 56 7 74 26 65 7 80 6 85 63 41 69 85 36 12 98 32 46 83 5 24 56 69 29 66 63 16 22 31 20 57 3 51 4 17 7 68 62 32 96 9 27 13 54 41 59 84 29 78 90 53 81 36 49 16 71 38 55 25 14 19 8 70 34 64 54 99 91 98 27 7 44 18 73 99
97 48 18 59 98 93 16 37 51 40 51 86 37 72 38 72 92 43 18 25 11 68 61 64 26 85 44 7 91 56 27 38 47 78 8 76 75 2 37 90 48 51 53 43 87 70 75 85 61 59 83 50 56 50 33 38 11 45 77 41 46 33 83 72 76 74 78 48 46 42 50 99 72 82 26 50 65 80 85 72 17 84 50 63 80 62 54 87 35 58 43 61 30 37 84 54 18 91 64 46
61 25 27 51 42 35 66 12 61 13 38 38 2 47 31 66 40 99 86 90 40 79 58 14 43 66 28 80 45 48 46 11 5 28 22 20 68 20 59 40 82 90 68 35 90 60 71 75 23 99 89 45 8 59 22 27 53 81 99 52 56 26 31 94 96 7 16 84 59 96 66 52 63 12 22 37 88 18 44 66 61 70 75 97 77 7 14 12 15 96 21 61 1 67 66 18 11 36 69 69
