100 100
64 3 10 70 8 58 21 15 15 52 40 2 66 91 73 72 30 30 32 69 19 89 88 96 87 34 12 38 99 1 28 93 80 44 39 24 61 64 96 37 6 86 93 58 62 23 27 79 64 90 28 28 0 26 1 91 42 69 4 56 84 69 17 84 7 10 74 70 63 45 13 16 8 50 2 85 48 35 9 77 57 77 30 12 1 48 22 6 75 78 12 45 75 77 79 96 76 27 99 6
20 56 1 78 62 80 36 43 7 13 77 87 37 27 98 10 18 68 18 70 52 16 94 77 17 10 68 70 68 39 89 50 89 58 24 1 74 60 52 93 17 95 73 3 1 18 11 85 41 16 62 39 27 36 75 61 0 45 54 70 64 11 69 11 74 99 38 25 62 80 66 30 63 9 90 55 79 83 36 68 70 32 16 16 2 59 34 95 81 2 3 58 11 51 0 93 53 14 82 78
33 14 44 45 59 35 69 88 14 44 30 69 50 80 26 94 17 65 1 31 25 15 83 93 26 63 89 23 28 57 92 32 89 31 14 3 12 84 13 79 71 78 61 19 33 88 51 20 68 17 90 74 74 27 98 56 7 20 26 1 98 49 39 83 53 21 14 53 96 13 40 73 73 5 54 31 64 18 15 88 42 0 53 1 36 14 44 93 90 64 42 75 58 60 91 54 21 56 54 60
61 54 46 40 58 98 68 90 94 50 79 60 87 90 57 6 11 32 91 95 11 34 95 48 24 13 4 27 39 67 8 66 63 79 2 64 62 21 88 70 15 4 44 2 99 52 89 72 25 89 93 93 8 12 80 98 81 8 32 99 6 56 34 69 20 81 76 54 29 94 53 69 26 77 79 58 37 55 84 64 6 39 14 82 40 2 67 35 60 81 68 58 1 20 11 32 91 83 71 79
44 79 2 77 15 9 67 38 64 17 83 53 72 9 93 70 33 26 56 74 36 76 8 88 38 16 7 18 82 75 2 29 93 91 45 61 73 76 86 36 12 74 6 57 51 43 18 52 53 52 67 40 50 52 34 5 40 33 72 44 78 72 86 3 43 39 63 83 31 4 6 73 71 75 60 16 23 72 40 6 98 45 47 91 62 13 36 2 43 6 53 69 98 98 65 16 58 85 29 38
20 9 17 63 5 97 67 82 90 16 2 21 25 39 8 74 24 54 43 37 22 45 35 98 74 98 47 40 22 36 58 16 62 65 79 8 91 95 19 44 66 2 94 42 93 38 85 96 78 49 90 34 46 87 11 14 59 69 76 61 10 52 78 95 76 91 98 13 83 63 55 74 0 12 41 42 32 43 24 33 82 45 4 15 56 86 67 42 55 21 32 68 60 85 27 51 21 73 28 27
5 36 66 91 13 56 4 28 43 1 87 48 58 97 21 50 61 12 6 24 71 63 42 62 90 45 79 1 51 97 95 14 64 4 25 65 70 69 16 54 20 79 94 50 67 17 22 44 74 83 84 33 2 9 33 93 28 82 88 65 9 22 50 44 89 55 37 29 72 29 37 80 90 64 79 68 10 56 94 34 58 27 79 3 35 16 96 19 73 4 63 54 34 63 41 6 99 48 26 32
76 10 39 37 92 92 75 52 48 2 25 27 8 57 82 87 79 42 83 96 74 8 65 88 98 16 20 59 88 3 30 5 33 51 9 32 66 92 26 99 56 13 9 46 50 80 12 43 23 31 26 86 44 52 31 32 71 90 62 91 46 23 36 55 62 52 84 67 79 67 23 7 93 69 92 17 70 29 62 36 12 19 81 95 93 32 19 61 3 79 23 15 93 35 30 91 39 97 9 89
72 90 62 50 7 48 31 70 66 18 59 77 58 75 99 30 81 4 84 48 42 47 8 86 50 60 81 65 17 2 14 64 25 29 29 82 52 33 84 72 26 24 61 76 66 55 21 90 10 14 73 81 65 51 80 43 24 7 41 42 68 84 28 78 60 2 13 60 44 37 22 75 31 95 71 30 93 88 96 76 26 67 51 1 43 74 80 76 24 94 73 99 53 64 7 53 57 46 40 96
32 56 69 6 79 75 79 25 25 88 24 23 58 9 43 65 28 97 79 20 3 86 10 43 12 80 91 5 6 20 32 39 96 51 64 62 43 71 28 74 87 85 32 67 70 43 14 34 60 85 57 70 21 70 29 57 83 43 88 9 72 32 94 70 75 49 50 45 43 23 6 71 68 84 60 25 53 67 62 91 14 6 99 24 35 45 58 68 49 1 80 5 94 84 22 32 15 68 89 16
52 18 64 79 82 54 90 13 27 35 41 78 49 71 26 50 16 44 4 48 0 45 56 15 7 52 42 81 40 76 97 76 24 20 53 31 46 33 82 74 77 43 12 61 6 99 42 81 86 74 7 28 30 20 66 96 87 83 66 65 57 65 9 67 40 23 95 70 85 66 49 47 12 45 12 17 12 5 11 29 85 89 19 48 54 83 8 13 22 23 80 20 75 57 68 4 96 37 75 0
65 61 49 45 50 91 52 50 23 24 58 26 61 79 9 26 50 66 33 35 10 63 53 1 60 31 40 33 95 89 52 76 45 75 7 75 23 84 44 29 80 42 96 97 81 93 89 54 30 79 74 59 78 19 75 36 1 74 47 4 82 62 5 5 61 25 58 65 14 75 44 57 0 68 76 48 79 83 72 14 30 28 10 64 29 27 12 95 20 63 35 82 91 41 1 85 28 20 16 31
14 69 25 50 86 23 60 83 12 68 48 32 29 66 40 76 14 72 95 98 86 68 61 73 28 5 80 58 75 22 70 63 7 68 80 63 64 56 28 49 57 34 90 40 93 60 98 72 25 37 31 41 73 75 8 79 68 26 79 97 98 30 4 32 77 29 38 19 45 82 99 1 21 49 82 76 42 93 78 3 22 77 36 43 26 47 19 82 86 3 67 11 39 90 40 30 43 55 15 81
13 52 84 95 84 7 72 4 43 82 97 41 74 21 94 31 68 95 65 43 7 18 17 78 95 28 8 27 19 6 89 35 34 42 59 5 62 99 54 57 29 28 74 54 32 94 49 31 20 87 31 34 87 18 94 6 47 10 42 63 92 38 92 9 95 67 72 68 98 4 68 11 43 84 36 3 26 72 5 6 50 73 30 96 10 21 71 12 13 29 98 52 39 63 38 9 66 25 61 45
79 11 32 77 2 58 55 67 85 52 70 98 50 38 42 14 23 47 74 32 35 11 0 25 53 39 69 85 85 58 12 22 70 59 97 24 94 29 0 92 84 56 14 9 35 83 76 22 79 73 47 53 77 51 9 85 7 82 26 19 72 50 30 17 85 12 20 23 95 97 20 61 13 52 50 6 62 23 58 38 24 18 41 73 61 72 16 96 35 2 49 39 64 34 42 33 75 44 76 19
12 55 56 96 77 9 50 40 89 23 47 14 91 47 33 81 21 11 65 95 43 68 99 60 77 40 23 17 41 66 82 22 50 86 65 83 15 68 76 3 38 43 73 17 35 1 68 66 83 26 96 25 38 95 8 45 96 56 46 56 75 66 51 34 6 82 86 14 46 44 45 4 6 23 96 32 79 55 25 52 69 33 13 0 94 56 45 99 81 23 58 93 28 78 73 88 88 96 13 67
40 53 8 69 79 82 99 97 96 2 5 52 33 63 80 86 27 17 22 77 8 45 82 72 96 76 19 25 57 10 10 2 14 56 65 69 88 46 2 52 9 53 54 55 10 47 42 16 11 7 12 28 31 35 42 2 35 94 67 82 94 33 40 85 57 41 0 73 80 5 96 22 19 74 98 29 1 29 69 26 9 98 98 59 65 78 12 49 4 68 61 19 95 25 20 36 71 19 38 20
19 88 8 22 58 40 16 60 77 96 22 13 31 20 45 18 5 24 97 58 28 7 84 60 89 40 6 1 44 51 33 26 10 68 93 84 66 16 25 5 10 39 54 24 17 1 98 19 53 99 27 88 87 86 67 67 80 2 1 54 47 95 77 8 48 88 41 15 93 65 1 77 26 38 24 65 50 27 6 70 89 52 91 88 33 61 17 31 14 0 83 20 55 87 39 33 92 16 24 75
27 78 19 53 92 69 45 40 84 30 70 45 52 17 78 80 28 22 69 96 75 8 65 19 93 35 17 3 64 23 48 81 47 29 19 5 14 45 51 8 6 2 10 70 53 2 64 85 12 51 66 4 2 38 78 47 6 46 33 46 74 87 52 40 0 61 97 60 72 67 95 72 20 29 74 35 16 9 2 59 90 25 63 63 29 4 76 66 58 79 35 52 72 19 15 0 1 88 26 83
74 14 66 88 53 59 48 39 32 74 58 62 46 28 57 47 60 27 69 36 50 17 39 18 17 18 98 33 65 26 92 85 40 51 34 3 93 85 13 49 52 28 52 53 87 0 40 9 53 50 80 57 69 66 84 29 80 49 4 37 57 54 60 52 0 63 20 16 43 61 15 92 99 94 43 3 4 1 78 36 47 90 27 47 55 85 19 56 65 44 70 67 68 90 73 10 32 16 92 61
7 35 60 67 99 99 23 40 66 11 15 11 98 6 31 35 5 32 15 87 64 35 76 90 21 2 61 99 16 38 81 22 0 17 41 85 50 16 47 15 30 42 3 12 51 1 47 93 84 38 98 73 27 4 88 67 95 36 84 91 11 34 31 67 78 64 83 36 4 29 82 97 85 87 54 33 33 38 21 76 80 11 12 12 60 59 19 53 78 71 2 14 64 15 62 9 2 91 18 72
79 23 84 87 16 86 21 29 69 91 74 0 70 62 99 43 53 42 17 29 48 8 62 15 38 61 70 92 14 13 79 29 99 4 96 60 92 23 2 85 25 17 8 41 17 47 16 79 30 55 80 57 72 67 17 42 72 3 45 3 55 1 27 57 53 33 79 36 83 40 67 12 80 50 35 56 96 52 64 53 17 13 92 63 31 25 70 51 57 35 15 7 92 77 97 94 82 98 58 69
99 85 12 70 14 26 41 33 31 87 53 1 48 22 88 34 81 67 33 39 42 47 17 8 78 21 68 46 94 99 2 66 55 78 43 8 29 29 63 64 74 13 85 56 87 83 44 55 21 73 26 3 68 84 88 36 36 13 67 9 96 71 19 27 63 9 73 41 93 62 95 45 0 92 64 83 76 21 87 61 0 20 91 21 20 32 90 59 71 91 86 2 59 16 89 16 44 51 54 38
5 45 26 97 23 61 33 24 11 35 35 17 46 15 30 63 9 25 51 14 97 41 33 35 3 76 11 51 67 9 35 51 89 38 91 17 50 34 32 79 40 81 60 22 15 53 78 21 79 84 35 75 3 12 1 96 11 19 78 19 19 87 32 53 13 84 58 51 45 26 85 3 90 70 78 39 70 93 89 67 33 72 39 33 30 47 72 68 64 59 79 23 92 79 42 12 34 86 30 89
29 3 10 38 12 1 60 51 84 73 56 38 95 78 9 12 84 53 35 63 4 92 29 47 95 93 65 84 59 1 83 96 3 58 53 62 59 11 71 42 65 30 51 42 85 32 86 1 69 85 33 93 19 66 10 49 99 92 59 39 48 63 18 52 88 10 50 65 84 54 36 96 11 69 89 94 27 34 78 18 45 57 40 53 58 67 58 74 99 63 23 98 24 29 46 32 3 30 10 52
63 5 24 35 88 33 27 67 80 16 52 92 12 83 55 38 63 40 57 5 6 9 96 11 20 52 95 1 57 89 30 68 49 88 64 64 30 18 71 84 92 26 54 81 17 38 28 83 37 27 65 22 60 74 90 48 44 76 41 39 70 37 22 53 38 28 84 62 67 97 25 19 83 37 53 1 92 44 3 25 25 31 68 97 69 79 42 22 78 63 65 90 22 99 82 15 77 31 72 77
78 83 53 32 47 83 14 89 8 87 96 94 29 12 56 14 78 97 92 30 87 32 36 34 22 3 70 32 85 87 66 62 70 7 74 30 86 15 89 93 61 50 90 26 45 96 20 8 54 41 89 31 73 40 20 86 7 30 23 83 98 97 69 26 76 23 74 43 63 91 36 78 81 77 57 1 22 21 80 33 6 92 19 33 32 71 7 20 57 85 86 93 51 25 82 16 89 43 52 40
85 79 70 64 64 64 9 11 53 99 38 55 21 31 60 19 57 63 73 18 49 3 79 16 72 80 75 21 6 90 86 54 6 98 22 87 33 64 67 46 83 12 49 69 30 18 61 92 47 53 60 43 22 70 75 32 8 18 67 3 15 82 19 48 61 72 46 85 18 33 61 9 48 21 29 41 99 81 42 41 58 49 83 35 77 76 16 76 74 69 47 49 89 35 84 91 16 17 28 11
71 89 52 54 36 12 73 76 42 34 30 43 66 28 62 41 97 86 45 89 28 88 6 54 19 0 39 69 55 52 37 63 92 96 81 54 74 57 11 9 65 24 8 78 61 58 82 55 92 45 67 95 70 40 7 24 64 12 35 18 82 29 92 53 94 83 39 83 41 12 82 22 24 99 95 78 68 43 70 0 71 99 35 2 65 97 67 4 28 78 10 81 50 96 56 87 83 78 68 40
1 23 36 91 22 98 49 92 86 95 6 20 40 49 60 29 93 69 73 37 65 78 3 93 20 82 60 80 68 72 81 79 71 76 58 46 20 78 0 91 58 36 56 8 20 21 45 58 27 55 23 43 4 1 96 86 42 4 42 88 94 3 11 77 0 56 22 68 77 49 0 77 63 13 25 51 96 71 46 11 25 26 83 18 1 99 80 23 57 3 19 73 4 75 86 26 90 41 63 6
19 47 3 38 38 49 40 5 86 8 60 50 62 23 84 73 20 67 49 56 28 2 84 86 16 89 21 42 23 19 81 18 21 30 69 13 14 14 62 95 39 43 30 6 72 86 27 81 31 52 13 10 0 92 22 82 39 11 48 6 32 24 66 38 31 92 96 89 92 24 13 38 55 66 84 27 30 12 26 60 41 83 42 89 76 41 54 50 1 56 55 31 81 5 46 71 4 11 67 20
29 58 34 88 31 47 94 60 43 27 71 78 45 28 32 11 23 30 13 78 11 2 69 45 79 18 69 5 67 15 37 77 61 9 68 14 34 57 62 48 83 93 16 84 3 74 95 64 6 9 31 42 42 28 46 12 20 39 98 60 13 77 32 11 44 58 69 96 95 21 29 58 30 34 90 58 42 35 78 89 39 83 63 8 39 75 95 68 40 5 41 51 13 34 80 56 22 64 28 52
30 95 11 34 47 93 40 96 86 83 3 90 69 24 30 79 53 35 30 84 5 80 98 79 55 32 62 43 21 92 39 81 91 61 61 72 82 5 92 13 6 3 32 65 81 1 90 45 99 63 37 56 25 48 40 54 12 91 96 51 65 57 73 39 29 56 50 24 91 5 37 71 98 76 64 64 26 43 31 80 44 16 77 21 89 26 10 31 30 4 37 74 23 98 90 42 98 21 81 20
87 51 48 37 86 84 43 73 79 24 92 44 7 14 4 93 28 4 45 81 43 51 8 14 72 74 69 80 71 76 24 25 15 84 17 58 48 43 9 20 20 67 8 24 1 26 16 31 1 15 33 83 11 46 54 10 95 83 66 77 90 21 73 14 49 99 20 73 72 57 55 10 38 85 76 94 89 88 27 24 4 21 83 39 92 6 18 74 96 17 95 53 33 59 35 69 21 56 0 35
28 2 27 83 62 37 54 99 66 34 64 9 15 32 29 19 23 42 50 66 43 23 39 32 14 47 39 14 66 99 89 72 77 31 35 94 18 12 79 70 68 64 91 7 46 44 56 28 41 80 32 90 37 11 74 59 3 74 70 60 97 17 37 63 90 5 97 24 6 43 12 57 9 28 56 88 36 7 49 96 19 5 33 13 7 67 37 55 69 57 31 85 7 21 83 44 10 49 4 11
10 33 6 89 36 41 62 63 61 16 71 96 35 30 89 9 22 6 98 81 59 66 28 34 89 41 38 38 23 36 13 11 25 25 3 65 14 20 69 93 72 23 62 90 60 87 7 34 43 41 73 49 83 79 78 46 91 64 4 9 61 89 61 76 14 77 51 61 34 43 12 33 54 83 66 91 70 49 93 14 83 79 55 32 48 52 48 6 84 77 7 44 31 16 12 65 90 78 52 64
50 45 54 94 17 16 83 59 91 75 6 74 3 47 72 25 92 20 13 23 67 55 61 53 70 67 16 77 20 78 27 41 32 21 54 31 2 98 41 14 62 72 37 78 31 37 65 10 65 26 40 29 85 57 60 6 15 10 5 8 53 52 17 15 55 70 65 60 24 78 3 85 24 99 14 0 7 75 99 58 18 65 1 7 87 57 90 80 13 43 11 36 82 78 96 85 4 55 61 94
31 19 84 72 34 76 31 20 43 22 96 51 29 65 7 42 92 96 63 45 45 24 3 23 18 56 19 56 10 92 80 11 90 62 13 38 10 35 0 45 27 95 88 33 46 83 69 99 92 64 89 64 78 24 57 56 0 31 93 3 7 60 2 38 98 18 99 31 88 84 33 54 31 13 3 81 61 31 82 26 77 98 54 28 43 12 46 99 23 64 68 55 17 42 39 71 25 84 37 21
19 4 43 68 62 70 70 5 4 26 34 73 83 13 43 5 39 61 55 80 95 5 60 8 60 86 66 9 67 82 34 71 82 68 76 46 25 29 50 72 66 69 45 56 65 55 72 25 59 79 28 93 17 14 92 61 83 91 64 22 39 27 58 26 22 81 61 4 19 51 99 51 41 38 27 21 0 81 53 79 42 62 28 38 89 86 68 74 23 23 93 39 86 15 13 36 16 53 94 64
51 33 42 92 4 20 64 55 9 57 86 57 50 81 31 75 39 15 64 60 90 50 91 58 16 42 43 90 64 92 38 20 85 86 85 20 2 54 28 8 5 92 65 94 74 86 46 7 83 79 50 88 73 5 97 95 66 43 57 90 2 21 54 34 5 32 47 61 77 13 11 47 72 87 24 56 57 34 49 88 98 47 32 26 77 74 98 36 90 55 77 41 44 23 53 62 12 21 16 89
11 2 88 29 57 16 95 40 49 51 57 56 34 14 26 99 82 10 1 37 63 15 18 69 46 11 80 91 39 85 31 1 99 79 98 9 1 28 0 10 84 10 15 94 44 65 47 75 21 67 33 30 28 66 87 60 96 19 10 16 93 3 91 14 45 10 60 58 87 77 61 45 82 37 15 8 35 50 32 78 98 66 60 67 49 8 7 33 26 24 84 31 30 4 83 91 80 44 3 25
10 70 42 23 77 45 35 36 54 3 87 19 11 81 39 83 4 54 71 27 60 87 60 55 38 83 46 85 14 8 28 3 81 52 8 25 67 87 7 84 91 71 50 65 19 53 89 84 94 29 17 22 69 26 93 70 65 55 44 20 1 39 96 39 52 5 19 65 98 41 8 81 8 77 91 17 24 25 88 63 81 80 27 78 68 4 38 96 54 19 82 80 39 29 33 56 58 77 39 43
58 13 79 64 98 0 32 26 77 6 96 38 47 20 56 5 28 53 79 88 16 63 32 40 92 2 70 8 2 35 74 26 10 70 61 82 64 88 85 28 12 61 5 14 85 91 81 54 18 14 83 51 22 80 94 12 31 15 1 53 45 47 39 53 43 95 69 35 23 91 32 5 8 19 6 79 8 58 75 36 66 9 82 90 19 17 75 19 12 80 68 57 34 78 45 66 49 73 75 26
38 23 9 68 70 15 95 10 86 21 13 62 52 34 72 80 76 48 98 92 66 17 73 20 55 23 9 63 25 89 32 48 77 41 33 75 38 47 89 17 9 59 93 9 25 75 45 57 51 70 35 95 25 29 11 28 99 62 98 75 4 69 11 89 85 62 44 59 21 72 76 7 74 95 88 18 36 57 44 45 83 24 61 73 67 0 32 29 69 33 88 79 2 27 69 68 0 89 75 96
56 10 89 69 95 86 26 5 12 9 38 96 11 43 40 27 82 24 26 36 0 38 55 19 99 53 40 88 73 78 45 84 91 86 3 96 40 36 84 8 37 58 30 64 17 25 28 9 79 48 32 52 11 73 86 67 39 19 53 26 33 17 81 62 95 94 55 15 96 43 19 52 74 48 85 98 94 28 8 50 94 57 75 22 77 78 19 98 62 4 71 35 62 41 63 39 89 80 97 58
52 59 16 40 0 89 82 63 39 94 47 5 49 64 24 13 28 16 8 98 52 60 61 79 1 60 90 60 8 58 64 49 12 86 68 72 75 15 96 86 72 94 78 28 13 42 82 8 77 77 7 94 15 84 80 90 84 23 79 88 82 47 74 16 32 85 70 91 29 91 99 27 77 0 5 70 5 72 88 41 65 8 87 7 83 31 99 54 88 1 80 19 48 34 51 35 84 23 53 40
77 19 92 72 72 85 38 5 10 18 61 43 39 61 73 32 41 42 37 14 19 97 26 15 78 59 73 89 39 36 27 67 61 92 56 57 1 40 48 74 30 26 55 23 47 77 7 43 79 2 32 8 15 80 99 65 44 32 41 60 79 18 64 33 14 58 35 10 53 27 50 63 52 51 46 66 68 85 37 24 69 19 32 23 75 45 24 74 98 65 83 42 39 41 93 56 50 13 34 23
4 44 12 97 46 6 42 60 55 33 33 22 70 35 11 79 19 96 92 73 82 40 71 83 63 92 29 82 76 24 54 47 85 29 83 69 83 38 18 50 15 39 19 29 51 50 9 38 65 57 2 50 61 94 73 44 93 40 25 75 39 68 44 12 77 77 54 83 85 28 76 14 4 71 43 84 48 87 1 37 34 7 31 21 81 32 23 93 81 28 45 31 82 5 77 76 26 89 38 32
96 13 32 63 54 50 59 5 38 66 88 44 84 37 29 5 56 64 18 16 27 87 64 28 41 70 59 88 89 44 77 94 75 41 23 68 22 77 48 41 44 14 10 41 63 37 40 44 71 68 47 59 37 76 99 85 58 90 55 92 1 94 76 55 20 43 46 14 62 87 50 56 60 98 95 35 90 4 44 33 23 77 29 89 14 50 56 60 19 32 42 40 67 90 57 62 13 33 15 74
27 27 29 32 6 75 17 88 62 77 27 84 72 95 95 86 67 50 5 65 21 68 91 42 82 24 47 90 91 37 50 12 94 61 64 96 3 82 94 76 81 96 78 13 31 29 79 53 51 18 85 7 61 71 69 36 71 6 76 46 43 37 82 9 8 95 59 79 78 33 99 70 14 89 7 48 72 57 46 63 23 39 27 59 50 34 69 81 61 56 18 88 31 49 93 16 63 31 83 92
89 58 8 49 70 75 90 66 58 9 34 14 38 3 3 50 57 13 64 80 71 30 43 77 36 26 75 27 98 50 33 35 78 57 61 25 9 8 36 55 5 89 33 23 49 3 7 81 69 94 85 23 33 66 2 52 29 79 12 87 20 6 23 22 50 79 55 10 69 27 88 1 64 4 78 42 55 42 51 69 83 91 25 59 31 53 31 21 69 27 97 13 57 64 97 41 75 30 62 90
23 47 34 96 29 30 75 92 56 82 95 15 22 63 68 93 73 33 85 94 19 75 60 47 29 47 66 28 13 6 69 40 62 66 62 75 73 0 45 30 41 1 94 95 73 56 46 3 82 19 96 24 0 12 32 34 48 16 74 78 69 47 45 54 94 99 18 80 4 17 1 40 4 94 76 77 53 73 15 85 13 43 53 86 55 39 32 23 45 72 84 69 71 20 33 1 84 38 10 41
52 89 42 43 73 78 45 64 0 71 57 30 0 28 11 71 49 14 71 94 15 89 94 20 68 23 64 13 2 39 23 92 72 94 79 40 80 42 0 62 86 74 15 11 20 88 23 12 90 30 96 8 95 59 73 71 64 19 4 86 4 25 66 4 85 68 81 73 41 7 95 71 56 21 41 7 88 44 95 33 74 18 41 87 61 78 23 86 66 91 13 21 44 29 39 47 31 14 47 16
73 16 7 2 96 35 78 52 75 76 69 21 58 65 20 12 54 46 74 86 60 23 43 74 96 45 31 74 56 45 7 90 29 57 41 21 23 14 67 99 50 91 34 26 52 72 32 51 28 94 88 97 20 8 52 45 16 20 34 37 18 40 39 0 57 95 56 14 96 52 67 19 51 26 52 83 46 24 0 12 25 39 7 39 28 77 44 82 21 58 95 18 22 40 24 99 91 43 13 82
61 83 18 22 73 62 18 62 52 90 28 18 73 63 8 24 31 58 39 15 91 57 80 91 82 51 12 81 62 51 56 57 10 48 18 99 91 79 44 41 77 51 89 10 13 13 97 87 19 55 60 18 5 67 71 12 97 90 24 90 33 21 5 42 77 91 22 97 1 20 62 2 19 49 32 71 46 32 19 43 22 56 54 83 93 78 87 24 68 43 75 62 61 52 90 83 51 76 76 10
88 95 61 60 88 61 22 81 8 12 0 66 44 62 30 36 18 25 23 98 24 52 17 90 86 97 98 57 11 32 71 3 17 98 40 7 50 99 97 92 70 71 7 91 11 47 30 67 79 23 26 92 89 32 19 11 40 65 48 92 0 22 19 55 57 59 90 87 2 37 51 30 62 58 36 49 52 38 13 88 48 31 87 35 58 3 57 21 87 26 94 7 8 36 60 31 18 10 7 95
68 60 50 22 19 78 30 16 97 17 79 15 16 31 61 43 11 59 43 14 82 59 49 83 88 10 87 76 22 86 15 0 16 40 63 45 62 49 12 96 8 59 7 76 84 41 10 50 42 48 69 48 58 17 38 50 98 71 7 36 95 45 32 92 7 33 25 8 93 79 52 29 30 86 23 48 58 48 75 73 22 93 82 31 41 11 73 9 65 5 12 5 86 18 46 60 69 8 18 49
18 66 54 11 70 45 88 8 91 67 68 94 83 20 81 36 82 36 53 71 75 48 87 91 10 76 25 84 86 95 88 61 0 32 68 61 97 19 18 21 27 28 97 77 21 31 38 43 23 4 90 28 89 12 41 17 16 33 48 67 28 59 72 49 30 73 31 90 70 56 27 46 90 80 2 95 35 83 48 99 81 12 62 41 77 22 56 37 77 62 63 74 88 5 66 4 31 34 30 14
92 26 87 70 86 34 32 2 86 5 3 12 62 32 86 60 94 86 70 85 14 47 68 13 62 97 4 0 76 21 89 78 88 1 27 66 35 14 39 10 75 36 84 59 96 32 21 65 59 93 79 42 34 50 20 30 38 11 75 28 41 19 81 14 3 65 44 72 24 46 91 3 58 84 91 30 1 7 92 34 77 28 69 34 1 14 66 34 21 11 49 45 82 53 73 20 34 41 47 5
91 68 26 77 78 17 87 92 65 53 42 37 76 17 64 50 28 79 97 43 80 48 48 48 26 62 79 64 82 48 23 89 28 61 15 93 20 74 68 74 66 55 9 49 70 95 10 89 95 34 38 62 15 83 21 79 6 5 59 16 25 87 30 18 14 13 57 71 0 4 68 87 99 2 26 95 56 0 80 32 90 83 45 76 58 41 63 50 0 86 24 99 27 40 9 31 66 97 3 96
69 27 74 58 47 27 44 18 20 95 98 34 82 50 48 80 91 85 45 96 13 10 81 72 61 7 32 29 25 88 97 56 53 21 80 98 62 75 88 70 84 7 97 46 11 93 98 20 93 13 74 49 73 60 91 35 62 63 62 1 59 94 47 3 2 38 55 86 77 94 29 30 67 99 95 62 4 57 56 75 11 89 81 43 55 1 60 55 6 31 51 86 94 12 16 37 84 38 45 92
48 48 87 44 77 63 3 85 24 43 98 47 58 85 32 38 32 6 52 26 11 1 49 53 67 20 50 22 87 53 92 6 8 59 55 96 25 38 50 27 31 3 45 90 32 65 59 75 48 14 29 45 64 50 53 12 12 79 13 15 54 75 84 10 60 73 52 99 63 56 40 29 81 69 24 59 61 78 22 47 17 1 11 18 77 4 68 43 60 73 63 34 45 68 27 63 88 51 97 8
53 8 29 3 39 91 48 80 80 87 98 6 48 90 66 89 60 19 2 59 74 66 45 38 16 7 42 15 90 84 13 71 55 41 29 4 28 15 23 49 21 17 85 89 97 77 25 97 24 86 79 83 1 85 9 43 29 38 91 50 43 35 47 88 42 74 39 28 92 81 80 59 35 33 42 65 36 83 18 53 13 64 86 62 55 34 56 55 89 66 20 47 90 2 27 6 38 43 97 29
90 38 33 46 43 37 47 18 54 31 38 46 51 35 34 94 21 23 9 33 98 71 34 67 52 13 34 40 86 71 61 66 16 99 60 61 2 94 84 45 86 55 30 75 20 84 50 92 87 33 5 71 43 43 98 73 60 36 5 10 37 59 9 73 40 6 13 73 2 81 50 83 56 21 5 99 69 9 98 59 99 95 15 16 0 42 53 66 26 25 59 11 65 9 73 55 79 33 47 87
92 68 94 61 53 86 76 20 31 51 16 6 40 3 93 97 72 92 69 47 19 84 45 3 4 63 91 6 86 4 76 99 19 8 77 76 35 72 23 89 85 47 86 76 39 49 37 91 46 86 17 10 87 55 22 33 18 76 84 60 70 41 60 61 3 72 52 97 45 74 82 33 27 16 20 6 98 78 92 6 75 33 64 54 85 40 55 72 88 7 63 54 42 37 8 90 34 93 81 89
69 82 58 9 75 63 84 10 50 80 66 92 90 9 99 24 45 34 46 85 28 39 55 30 76 52 12 82 93 42 67 66 4 39 60 88 98 11 33 86 38 91 75 82 32 56 78 72 55 97 83 24 22 25 63 50 11 34 4 67 94 30 14 67 59 19 72 56 64 58 81 49 21 33 10 45 9 87 1 49 76 40 12 43 93 51 35 46 60 68 37 78 61 32 15 57 81 27 32 47
23 55 92 89 5 73 39 79 83 24 3 19 79 46 44 42 91 37 78 88 61 49 93 53 20 38 56 58 2 31 53 93 4 16 96 55 1 4 17 18 77 67 85 95 3 5 79 32 9 51 81 79 39 73 15 58 25 25 60 94 17 11 57 8 46 50 31 60 98 59 38 69 7 75 53 9 44 85 52 32 20 52 72 77 4 65 65 33 96 61 39 73 78 42 42 94 51 13 8 18
78 43 2 76 45 79 99 93 67 16 19 81 46 66 94 39 64 26 5 67 0 29 86 84 22 95 65 64 56 93 3 97 39 92 9 99 99 23 93 2 45 15 45 83 45 70 12 94 72 0 2 99 38 74 80 29 20 62 62 3 45 16 78 7 56 59 81 33 22 27 7 48 15 18 41 74 28 19 41 33 94 75 66 38 75 84 24 71 50 17 80 48 64 74 14 5 57 23 2 40
48 69 66 64 71 51 11 14 95 85 99 35 98 4 3 11 78 84 5 12 97 85 45 87 87 86 86 27 33 23 94 8 48 3 15 94 70 18 24 5 7 28 86 11 78 52 96 42 93 64 80 93 78 54 48 94 81 78 47 50 64 18 5 43 15 95 22 10 76 19 21 32 68 89 92 71 93 68 15 45 39 32 82 24 89 95 61 83 17 86 51 69 79 70 34 73 74 83 99 47
14 89 37 32 46 10 19 26 34 81 48 49 28 81 61 31 85 22 70 86 95 92 91 11 33 56 73 92 14 71 48 68 62 63 54 83 10 77 40 0 22 23 59 48 14 99 42 38 70 66 45 59 95 77 66 64 15 0 78 12 45 34 36 55 61 69 75 26 95 86 79 84 23 78 67 73 63 86 8 63 31 82 24 12 54 6 72 35 77 37 60 56 85 61 92 23 54 43 26 4
94 44 11 99 88 47 59 91 47 9 14 51 80 71 28 62 72 28 20 36 90 89 10 68 68 15 30 56 42 70 82 30 69 81 91 96 28 55 14 29 68 75 21 19 32 41 98 16 37 15 77 88 26 83 40 45 77 21 95 75 80 47 18 79 95 96 14 77 2 64 70 22 4 31 52 38 6 79 61 73 77 14 31 56 61 81 54 2 2 80 40 25 79 77 84 6 24 29 86 36
35 26 96 87 80 89 85 31 42 56 15 54 39 27 85 8 7 42 42 57 24 5 18 92 49 84 5 88 73 48 33 32 67 50 7 20 61 79 58 3 61 59 46 59 89 22 71 95 68 2 1 42 25 84 9 35 61 52 11 93 41 76 31 87 11 5 92 21 77 20 4 90 28 38 63 45 43 59 93 60 20 89 76 38 21 68 66 60 29 94 82 66 48 28 55 0 55 36 72 45
71 23 16 36 62 89 63 29 16 52 94 74 15 54 34 38 20 82 91 2 27 38 30 56 99 84 61 99 76 14 83 68 62 13 24 95 50 53 21 22 3 45 47 88 17 31 57 31 7 67 25 42 23 48 94 50 76 80 92 9 84 9 82 95 52 84 16 60 5 50 99 82 76 23 69 22 49 24 60 14 51 36 80 44 41 61 71 45 53 31 3 43 90 83 80 76 36 68 63 10
37 27 90 91 19 39 67 69 81 11 39 30 39 68 81 24 50 55 64 36 34 70 18 32 98 17 98 58 59 41 87 90 49 38 76 65 73 74 2 27 32 85 37 23 37 16 40 31 73 35 57 40 17 20 6 60 25 53 50 58 78 45 40 13 67 48 19 79 18 15 78 63 2 9 40 33 72 46 54 72 24 57 19 31 89 85 88 42 42 71 52 63 65 36 19 84 87 60 77 25
74 66 65 89 27 1 0 98 38 2 29 40 72 62 28 13 36 73 67 16 44 82 48 50 24 65 99 54 46 70 35 89 28 74 35 72 59 45 72 97 36 89 24 86 26 43 22 6 85 37 76 64 42 51 76 36 39 73 95 95 29 42 76 59 89 90 29 70 71 25 92 7 26 90 28 5 49 38 74 72 68 45 63 58 81 46 41 56 44 17 44 4 85 16 67 53 61 45 52 86
92 84 66 89 16 1 57 51 90 43 96 49 14 70 92 27 84 5 30 53 20 22 20 26 80 30 69 72 50 63 87 54 55 8 92 3 66 94 74 75 53 54 61 23 62 17 75 60 19 40 39 8 19 55 63 9 75 79 80 84 87 86 35 44 86 39 3 39 28 5 39 92 77 34 56 18 0 58 21 19 91 54 31 88 3 25 45 80 16 92 96 26 86 37 84 95 2 1 40 81
96 47 82 64 50 2 58 16 34 6 20 86 65 88 21 16 23 8 53 46 70 30 99 34 15 94 1 78 46 71 41 94 98 47 99 23 51 47 34 96 73 10 43 37 2 95 80 74 9 97 99 19 64 23 72 96 4 1 46 72 44 55 68 30 0 9 76 4 1 75 67 4 48 68 75 33 33 38 67 23 97 77 55 71 64 16 38 38 68 99 15 75 78 98 43 71 41 99 37 8
62 65 8 42 48 75 65 45 49 6 88 52 69 28 15 10 76 50 18 21 65 81 6 40 1 25 27 84 92 64 16 97 38 71 50 89 90 94 8 93 19 69 79 53 29 43 79 78 67 65 28 76 66 75 12 25 61 92 6 11 38 61 56 5 21 28 31 43 4 43 48 23 34 45 10 21 98 88 61 83 15 30 84 58 63 48 35 85 60 76 17 78 90 28 29 74 46 98 58 83
51 21 7 98 77 97 18 73 33 68 29 47 85 91 46 22 97 39 28 74 32 84 88 31 15 65 87 25 80 35 58 71 61 48 37 21 11 57 66 99 76 31 62 83 26 56 80 35 6 15 66 79 52 85 12 99 96 50 32 41 37 74 57 57 1 34 3 80 3 72 24 36 24 95 36 0 97 94 44 98 4 54 29 80 62 71 37 77 18 77 18 84 8 50 76 33 61 73 85 16
61 76 76 68 26 94 35 23 15 62 5 5 87 47 27 30 31 42 91 39 73 16 67 35 31 34 60 92 72 63 6 20 8 86 50 44 0 58 85 53 33 64 74 25 56 34 35 64 31 13 19 76 97 2 23 55 71 3 28 25 42 50 86 57 70 26 82 32 88 6 14 36 33 23 72 99 71 58 65 34 49 54 62 52 25 50 22 78 34 29 51 37 28 95 24 4 99 72 88 92
18 79 39 70 56 87 18 79 28 47 53 63 10 41 45 93 79 87 89 22 7 94 48 87 18 68 99 26 11 27 81 71 5 85 77 29 46 58 40 77 64 19 77 32 39 50 98 0 72 20 62 30 15 32 17 59 53 69 0 71 56 13 95 29 71 76 75 16 32 45 16 45 81 16 1 85 38 57 1 81 48 21 42 33 10 94 82 53 59 70 80 88 14 97 49 89 93 46 76 38
19 38 38 83 99 58 36 63 91 82 55 15 33 40 61 41 83 39 72 98 21 85 34 74 10 38 25 6 70 61 3 9 18 18 96 65 37 24 39 60 98 39 74 35 24 43 82 54 1 50 19 3 65 62 5 43 56 56 75 71 23 2 66 77 92 80 96 98 10 63 22 11 28 29 8 43 97 73 23 4 69 75 88 17 79 4 12 25 21 31 54 30 16 46 1 74 32 91 98 97
62 18 97 95 99 44 83 43 39 40 3 18 14 90 22 24 48 11 4 81 26 26 80 35 0 65 29 94 57 62 74 93 12 89 45 68 87 1 75 4 8 33 15 9 0 94 23 59 23 52 38 54 58 31 10 19 86 49 40 96 35 55 5 63 37 9 2 24 52 8 3 44 17 55 26 86 65 22 50 54 8 53 85 34 14 38 54 88 39 55 7 26 37 14 86 82 75 55 79 77
96 40 49 42 41 89 96 97 80 85 48 98 77 23 58 59 73 36 2 53 4 89 15 74 9 11 71 7 45 77 4 66 46 55 99 76 52 86 27 91 39 39 93 38 12 92 65 31 84 33 81 72 45 98 27 47 68 31 31 76 8 54 87 92 53 25 20 80 77 72 38 10 67 72 75 91 71 83 89 62 85 5 42 28 23 99 67 72 33 71 48 43 40 75 10 74 30 96 47 33
84 92 61 98 61 23 93 86 72 5 93 47 51 66 64 25 88 30 30 24 70 70 22 33 34 49 48 30 2 73 9 70 86 69 64 47 49 20 86 34 17 72 48 57 53 66 84 12 2 22 18 74 65 63 15 15 31 31 6 89 90 31 68 16 80 94 97 55 79 47 79 19 23 46 86 61 62 10 57 31 85 2 0 71 29 56 12 15 68 82 89 20 14 45 93 49 1 36 69 17
28 36 62 14 91 6 80 70 57 10 40 91 85 15 97 37 17 33 7 41 59 50 89 95 25 56 53 85 10 81 40 43 40 79 90 26 99 46 49 7 74 54 94 70 75 80 91 0 78 83 23 40 96 75 9 63 61 48 35 91 99 94 50 92 91 74 9 60 10 85 85 5 72 3 18 30 77 57 64 42 32 52 41 75 75 21 94 70 27 64 93 17 27 9 62 36 69 85 7 16
17 20 10 25 29 13 11 76 1 53 54 77 68 20 73 34 52 31 9 79 0 37 11 60 78 38 36 55 93 37 87 0 6 90 49 4 55 84 45 20 24 45 45 52 66 11 44 55 16 14 22 39 61 49 4 52 43 9 28 47 44 30 76 72 48 69 43 19 38 29 81 88 82 31 70 72 52 13 8 84 97 42 23 62 47 18 36 65 34 32 13 64 33 80 39 11 10 88 69 93
12 72 96 36 92 3 54 57 65 34 85 55 87 90 67 31 37 6 61 53 9 85 29 84 81 84 42 5 0 79 99 5 51 70 40 3 98 50 70 14 61 84 24 93 98 86 39 36 53 53 96 10 41 23 55 94 34 13 17 72 27 40 80 43 85 63 22 85 43 82 25 37 39 73 97 44 35 98 46 27 95 39 18 55 92 21 4 6 3 25 73 2 95 32 34 68 43 40 12 30
63 79 72 41 84 42 2 31 4 36 34 2 90 64 76 48 28 33 50 96 20 6 13 21 14 97 89 16 24 41 79 64 12 66 40 7 47 15 11 34 32 84 27 14 79 61 44 19 52 82 71 70 27 38 91 87 45 1 34 12 87 75 41 41 5 15 2 61 41 79 29 91 26 58 98 99 20 30 84 36 59 71 29 51 91 89 85 4 59 5 97 22 70 73 55 12 91 69 54 75
69 85 82 34 47 87 56 41 18 97 45 86 24 20 57 92 36 25 98 67 33 59 48 16 35 53 18 28 46 93 27 95 68 78 31 39 13 19 66 51 80 98 82 88 8 30 94 18 8 57 85 29 60 14 31 71 31 20 1 60 98 46 25 91 88 49 14 6 29 51 86 72 0 90 98 28 93 72 23 90 60 2 3 90 91 78 14 86 93 91 7 51 74 86 81 36 89 14 2 67
35 87 40 20 57 82 16 24 40 95 48 93 65 75 88 20 0 73 71 28 57 35 53 86 66 91 45 6 66 15 94 14 85 19 4 35 53 99 73 5 72 68 92 48 52 5 55 95 74 37 84 6 4 51 77 95 31 11 92 4 99 55 27 51 52 33 25 66 65 65 39 29 85 41 19 57 69 76 22 70 29 37 75 62 25 65 68 72 11 42 62 18 25 40 15 79 53 42 61 80
25 9 65 13 81 33 81 61 69 92 66 68 45 19 57 95 20 46 27 24 80 28 13 92 39 69 14 97 3 39 49 92 27 5 45 1 23 42 91 33 20 69 92 95 39 71 15 3 11 60 45 49 16 83 13 32 19 29 7 33 88 82 97 27 57 27 21 43 25 87 24 91 47 49 41 90 46 19 6 58 86 37 15 29 93 45 47 27 74 27 22 99 75 96 98 0 49 37 92 9
56 68 33 37 88 41 11 85 43 50 94 95 70 71 58 58 8 48 52 7 20 41 65 72 34 11 74 25 66 91 69 27 74 54 4 22 83 88 9 99 82 46 2 38 14 41 87 86 22 23 79 17 75 2 87 94 89 10 40 46 2 76 34 42 87 93 24 33 89 58 27 57 57 65 86 44 16 56 82 98 36 24 75 15 90 92 73 7 2 18 98 0 19 69 44 99 37 57 81 9
10 55 44 32 94 25 47 72 63 31 4 7 81 76 98 6 93 76 53 6 70 4 54 93 96 20 46 62 3 96 84 82 65 69 51 11 69 26 55 79 99 80 22 82 47 53 49 89 63 55 40 20 54 12 54 13 15 63 20 43 43 30 16 37 73 31 1 88 43 98 3 42 17 41 72 94 23 76 33 31 36 42 97 11 31 21 59 60 62 52 54 63 46 63 1 2 64 11 87 82
28 64 87 0 81 22 39 89 70 38 44 78 21 68 21 14 74 22 28 7 61 16 33 45 20 16 4 65 15 33 41 76 81 35 12 28 63 70 65 90 17 56 76 70 54 7 60 81 51 29 42 80 27 47 63 16 97 93 57 13 14 11 59 90 14 32 18 31 16 74 81 17 85 44 56 2 71 33 48 69 53 4 39 66 49 9 13 51 70 68 1 91 46 22 55 67 37 28 35 63
67 82 61 36 29 13 9 95 9 94 73 41 48 21 85 49 94 71 86 28 50 98 62 97 4 88 36 97 20 14 62 75 31 49 10 36 10 99 37 2 28 21 59 95 59 41 64 65 37 68 11 18 50 60 48 94 28 2 0 53 87 99 72 84 57 11 64 21 96 10 36 31 60 49 86 22 64 22 94 84 20 85 68 93 93 11 74 47 63 58 65 61 28 22 38 67 96 80 29 41
75 2 25 97 87 76 24 82 24 48 69 23 26 66 27 65 47 81 6 93 49 25 21 93 40 2 93 86 95 65 33 35 9 81 10 1 36 38 97 12 37 87 27 72 93 50 20 44 84 82 36 23 33 35 99 83 90 3 1 27 13 24 12 7 99 23 69 31 6 15 73 55 15 73 37 57 37 28 37 28 61 46 78 1 3 95 81 71 10 28 67 76 63 28 14 24 86 32 60 87
16 56 78 14 84 10 22 23 12 29 43 10 31 87 95 1 53 35 19 67 4 41 64 11 83 67 32 39 71 7 59 34 80 34 29 31 15 5 94 38 89 30 24 15 78 92 42 74 68 68 90 47 96 5 89 25 31 63 62 42 56 48 19 78 7 26 5 93 76 23 25 28 63 89 57 63 70 29 39 32 36 82 70 69 90 58 36 68 95 24 86 29 25 76 55 68 24 12 29 63
4 71 38 36 80 6 3 54 50 88 74 68 84 58 34 13 63 2 7 21 44 14 76 5 31 90 54 23 25 5 85 33 16 0 20 5 98 6 30 78 41 41 18 89 42 6 83 51 75 22 38 89 93 47 28 5 23 34 12 84 47 8 55 3 31 42 68 83 62 50 52 52 76 32 81 88 29 38 97 40 15 33 54 23 96 12 20 44 88 3 92 89 68 86 85 89 22 61 53 58
14 67 5 81 67 89 76 25 64 50 7 35 63 46 44 63 65 22 93 87 27 67 11 75 31 73 67 50 96 38 11 18 21 18 37 44 76 59 26 46 2 45 99 37 78 61 70 13 9 78 57 55 46 19 50 8 96 0 60 42 96 74 63 29 30 74 30 4 34 75 78 22 99 71 36 56 18 91 96 31 11 76 27 39 82 52 87 28 11 47 22 1 28 26 52 46 53 32 43 47
