100 100
48 53 92 63 51 49 88 59 74 89 59 83 65 71 9 6 93 6 46 60 63 86 65 95 85 42 31 56 72 68 22 83 23 49 2 17 26 18 52 81 39 4 36 97 43 77 85 88 29 94 99 10 5 34 23 80 1 91 34 16 38 86 77 92 1 75 29 18 49 87 42 75 84 73 80 48 98 3 36 7 5 15 94 36 88 56 57 84 43 43 91 10 6 25 30 40 0 6 3 75
67 42 60 54 20 33 82 53 15 79 5 50 28 70 59 91 92 53 36 1 94 23 17 73 1 59 53 81 42 36 80 83 97 22 66 45 96 1 17 17 84 33 63 9 9 89 15 28 23 5 32 80 22 20 86 57 61 56 93 50 53 46 89 93 34 21 71 40 8 98 97 52 19 42 15 90 72 4 40 74 26 75 29 0 9 22 92 75 59 46 91 79 92 3 97 13 86 11 64 72
35 97 45 37 94 12 22 40 0 70 41 45 34 53 54 45 96 85 37 66 61 16 19 46 7 77 6 26 27 87 52 9 99 5 94 92 7 87 58 8 99 84 67 82 36 13 40 27 56 18 40 83 94 24 48 38 12 87 67 42 83 46 37 89 48 64 10 85 68 77 86 20 92 55 32 3 69 97 5 17 92 99 77 14 53 42 32 50 91 74 24 65 38 82 7 59 69 74 43 56
12 9 60 93 33 78 78 97 45 30 63 13 59 14 41 17 25 25 31 2 29 91 85 91 64 10 61 59 24 47 1 74 40 12 52 60 51 47 52 27 88 55 59 20 13 23 29 88 39 1 46 81 64 31 11 33 79 14 52 18 7 86 48 12 78 20 7 31 14 88 9 65 6 92 25 71 84 44 55 55 42 92 82 13 68 65 37 66 32 23 63 80 31 82 32 53 70 99 18 71
22 12 48 55 89 27 65 58 71 74 84 88 0 50 44 55 49 17 14 96 7 7 98 53 39 43 28 17 86 8 27 8 23 4 65 93 24 22 63 1 70 21 98 44 26 31 47 13 80 59 75 63 54 2 5 86 39 47 18 12 66 71 57 63 55 27 31 40 41 47 20 28 14 75 80 31 26 82 59 88 55 30 34 58 53 57 23 68 60 17 89 19 82 88 63 9 12 56 2 56
84 49 7 94 53 92 24 97 81 62 64 45 67 79 97 72 86 9 54 53 47 20 55 86 21 62 4 49 36 37 48 57 5 31 52 14 50 11 77 52 43 82 50 2 11 43 10 69 53 83 56 11 60 2 9 63 6 56 54 25 33 67 7 1 83 67 51 31 0 92 97 99 64 75 31 56 12 35 23 81 99 10 67 0 17 29 95 54 30 68 23 48 14 5 67 0 69 36 96 97
82 81 41 9 45 84 79 23 86 67 88 29 74 81 51 71 51 72 10 93 22 41 14 55 63 5 71 49 56 85 38 91 29 98 75 7 11 82 94 7 8 96 74 73 11 20 67 91 96 4 27 48 30 91 95 90 28 70 49 90 72 11 70 54 30 51 15 88 15 16 90 92 27 95 9 85 40 79 67 91 97 30 43 52 42 60 8 10 36 39 72 95 4 79 34 52 45 77 84 57
63 70 16 65 85 47 51 40 12 65 18 42 47 35 55 51 18 98 90 17 37 94 31 76 35 49 57 64 62 6 3 0 61 61 90 58 79 64 80 42 64 86 46 59 44 63 58 89 57 68 30 14 69 91 48 18 21 47 8 93 63 47 99 67 97 53 64 16 35 35 14 74 95 28 9 21 79 19 73 3 85 73 46 86 47 20 1 40 83 42 81 7 24 5 45 92 38 4 21 91
17 98 54 62 75 48 90 23 44 94 90 60 66 14 85 8 88 87 82 78 26 63 7 98 39 22 19 34 56 28 80 62 49 29 55 79 80 5 25 52 69 18 48 4 43 68 51 74 40 22 78 96 83 32 85 72 64 35 95 43 81 91 44 78 75 70 12 64 44 1 42 85 83 36 32 35 0 94 61 54 61 13 74 20 87 27 40 61 95 71 50 47 72 25 61 27 36 69 83 71
46 60 34 17 97 10 95 15 51 60 17 79 0 61 88 98 63 66 10 58 61 60 3 72 27 76 14 30 71 52 33 36 15 24 59 9 16 45 12 93 54 1 12 39 22 66 21 81 50 20 50 86 51 70 78 81 98 63 39 60 53 20 99 80 59 75 56 63 71 42 53 63 48 99 58 25 44 35 44 40 44 49 72 77 57 78 87 39 50 78 61 85 37 67 82 27 30 89 95 23
85 72 79 35 15 84 35 75 3 11 97 90 69 60 96 92 51 52 49 5 34 0 60 37 40 26 71 55 97 4 47 0 53 83 70 44 73 66 72 64 49 34 24 60 70 96 42 55 80 72 17 48 85 35 63 7 46 41 80 62 61 21 78 21 55 20 72 78 86 93 47 4 58 26 28 70 34 48 30 16 90 64 48 85 55 89 56 64 37 61 18 67 81 28 75 6 91 80 73 27
3 24 15 79 78 94 49 45 33 86 21 40 75 66 87 50 57 54 29 95 43 61 85 33 35 45 86 68 40 90 2 66 20 41 62 1 92 66 72 45 96 27 73 16 46 18 78 84 44 29 32 81 23 86 85 11 1 3 99 35 46 5 53 54 72 71 81 88 12 48 59 30 1 15 23 0 32 74 0 49 9 64 74 82 69 24 72 12 63 40 28 2 29 40 33 67 44 49 73 77
92 7 0 39 98 35 98 74 2 43 34 71 11 21 34 65 36 99 19 8 46 21 46 10 19 16 39 46 7 92 80 48 75 79 96 5 49 48 47 32 14 55 42 2 29 73 1 40 93 91 9 50 69 94 20 38 16 39 54 79 87 6 29 84 53 3 65 83 2 54 3 97 82 44 85 15 32 17 38 34 5 86 53 14 32 57 90 35 79 3 76 5 50 16 17 53 64 76 75 15
84 75 61 58 83 67 58 20 83 18 74 82 35 41 34 78 18 59 63 68 30 14 63 36 13 18 9 14 6 39 93 13 19 67 93 26 71 45 52 0 66 76 18 47 77 82 77 15 29 23 32 96 93 44 7 17 88 63 68 45 77 83 70 67 75 59 76 33 32 21 37 79 35 18 0 65 3 23 38 16 41 97 23 70 56 8 40 2 41 60 5 5 45 84 48 80 33 10 55 33
50 53 82 16 92 17 32 12 47 15 24 36 89 24 71 60 53 61 47 57 83 5 60 10 38 58 86 29 82 97 25 48 10 29 84 15 84 30 5 96 9 10 36 68 69 41 9 4 74 32 29 86 82 35 99 44 59 45 20 47 35 24 39 27 18 4 33 71 33 70 96 83 83 65 39 41 75 6 93 84 3 69 63 88 99 12 48 87 31 19 41 36 80 63 43 32 51 65 0 31
85 97 14 32 9 53 52 35 55 44 48 23 77 19 14 35 59 21 39 71 57 18 0 96 44 10 34 55 26 18 46 90 86 34 62 70 56 15 67 38 90 17 39 14 70 29 51 70 30 8 93 65 21 3 41 91 92 72 44 53 3 9 61 1 81 8 27 83 23 30 93 10 6 31 67 68 5 74 0 42 42 27 19 78 96 41 54 28 43 80 48 10 2 54 25 19 45 23 98 36
69 5 23 82 3 52 89 90 88 5 17 56 26 25 43 92 90 14 60 70 15 24 97 25 55 9 94 68 29 44 0 16 67 4 27 83 12 57 68 77 71 30 86 51 72 45 58 17 10 50 9 69 99 13 82 28 77 58 16 28 38 24 65 4 83 85 73 78 78 10 40 48 31 12 49 3 25 55 6 74 57 83 18 25 48 62 8 10 65 28 60 55 30 37 18 61 80 75 64 47
68 56 10 87 89 0 49 54 90 5 75 0 39 31 24 72 99 5 14 95 18 24 85 16 47 51 95 58 47 66 14 80 2 47 79 25 38 76 5 67 79 4 32 81 14 13 61 86 19 25 96 19 89 99 24 61 57 19 81 9 51 31 33 99 10 93 83 35 5 33 15 0 66 27 70 5 55 72 71 19 72 23 74 50 53 40 96 9 40 94 72 48 22 75 50 3 14 30 68 60
39 79 80 13 81 43 90 48 47 39 33 63 16 98 70 18 10 80 42 68 82 77 73 18 50 2 57 43 38 23 87 62 20 61 47 95 24 72 1 75 94 14 15 27 20 60 21 85 1 44 88 71 1 76 4 93 18 11 72 17 33 88 18 98 90 18 92 16 98 63 47 78 69 76 61 53 13 68 10 29 63 4 32 44 2 6 47 17 54 16 36 94 45 39 13 18 22 58 13 6
76 0 62 26 77 12 90 46 46 88 24 54 97 77 55 98 51 2 7 79 11 92 31 57 85 65 67 93 95 57 57 60 91 29 45 48 47 77 30 39 97 79 41 33 66 34 58 43 74 63 2 5 74 46 21 79 47 25 18 63 14 89 70 64 45 18 62 44 47 78 75 70 82 6 37 68 22 39 23 28 85 17 81 72 81 12 23 20 31 76 61 12 37 77 68 48 51 30 78 9
28 81 62 97 1 77 18 76 48 15 1 12 36 17 58 59 86 70 97 45 9 14 4 71 40 67 41 66 95 36 2 96 90 43 77 31 14 1 81 5 34 34 26 44 93 56 86 12 32 94 65 74 98 56 29 37 2 33 73 99 23 36 73 91 71 71 91 95 27 74 96 69 75 29 46 92 38 7 37 36 59 20 54 55 74 35 97 32 15 3 93 82 58 20 54 25 66 4 6 10
18 95 17 12 91 33 90 72 93 97 24 20 27 42 68 57 2 19 63 69 15 7 52 57 35 47 66 3 70 22 45 1 76 94 14 94 79 45 53 22 71 91 39 73 79 35 73 97 91 70 25 58 51 60 15 52 65 45 37 60 39 79 53 35 78 0 30 4 82 19 6 88 55 15 15 1 11 95 23 83 81 5 95 29 62 57 95 87 26 49 81 41 87 60 25 79 77 25 69 2
88 77 36 42 94 98 22 93 82 16 98 86 44 6 94 82 90 6 95 96 71 47 0 13 1 63 69 86 23 73 2 73 54 47 8 20 34 37 76 47 42 79 75 42 21 36 75 64 17 75 85 86 74 66 9 90 79 10 78 1 12 79 99 22 52 32 46 94 63 89 81 9 81 79 17 65 78 90 68 65 24 70 1 11 85 76 94 90 3 76 44 99 50 67 92 84 42 92 54 54
92 90 96 41 17 62 99 5 86 69 52 49 76 37 69 79 25 16 83 21 24 51 80 42 50 39 56 62 72 65 45 29 55 99 22 22 92 6 40 10 30 77 49 98 32 89 56 78 96 52 54 83 82 19 82 67 52 84 17 87 96 2 5 30 33 61 20 58 3 5 83 29 41 49 48 90 80 56 40 28 20 57 60 3 48 70 9 90 68 15 88 10 27 34 83 8 4 1 45 32
62 0 77 31 53 91 50 1 1 66 17 63 4 15 79 85 90 29 85 46 50 30 25 12 6 57 97 53 24 42 21 69 64 17 3 55 86 62 39 27 47 40 16 30 25 49 95 0 61 15 31 43 86 96 13 41 4 50 79 4 22 49 19 33 1 40 13 78 50 68 78 34 59 24 55 22 47 80 2 85 21 27 24 54 18 64 76 77 38 14 27 93 30 92 82 44 86 6 2 16
81 88 31 37 96 38 14 25 56 1 25 78 75 47 71 17 88 3 4 17 25 33 0 8 31 41 59 22 7 28 94 43 96 20 9 94 0 54 32 2 27 88 78 74 40 77 21 78 10 59 21 89 52 68 24 85 37 83 73 57 9 35 68 39 76 55 41 37 78 97 33 94 9 25 40 5 38 93 92 46 58 44 59 90 75 64 35 28 89 64 9 1 94 48 96 63 71 79 69 19
15 73 77 48 42 62 56 47 11 33 27 77 93 45 77 48 39 98 33 39 83 57 30 88 55 72 12 47 36 92 72 88 4 16 30 68 90 92 67 54 63 1 77 86 1 63 85 8 31 36 76 96 20 52 17 77 23 17 8 21 84 57 9 93 15 73 67 99 10 58 59 10 25 99 1 80 69 71 9 49 45 26 89 36 84 76 31 23 53 46 47 60 72 79 93 99 72 97 96 25
38 82 44 11 51 90 4 19 75 0 73 16 88 10 97 72 40 36 10 68 25 39 11 53 6 95 85 48 67 79 5 0 1 19 60 75 28 76 86 97 10 52 5 88 98 66 96 36 63 80 76 62 71 97 65 4 70 5 17 27 95 98 38 98 59 38 1 71 23 8 26 56 19 36 77 60 92 69 29 41 87 99 80 5 34 55 52 50 92 16 36 69 14 98 96 97 63 27 66 74
48 18 86 15 78 26 56 60 39 80 7 77 81 35 64 19 42 32 14 9 15 18 78 81 30 88 56 76 50 22 38 48 49 78 45 38 80 52 93 87 61 66 41 23 49 30 54 38 14 0 28 57 15 81 61 93 8 73 26 46 50 59 88 52 26 84 50 7 60 6 31 69 49 30 2 85 58 89 72 28 90 77 80 16 23 79 10 29 7 0 17 5 29 61 1 73 73 60 98 42
40 81 37 55 18 82 15 70 90 75 77 33 84 54 57 83 90 40 0 15 39 39 42 13 50 36 26 77 42 95 43 29 94 31 61 25 75 28 63 69 11 24 32 42 64 31 62 75 66 16 27 96 56 82 40 97 62 10 60 98 41 96 25 82 48 58 21 29 20 79 28 75 81 90 91 82 52 97 62 0 5 85 8 92 58 71 28 79 15 80 43 39 44 79 28 28 96 22 12 49
64 96 54 28 73 10 13 39 59 17 50 54 2 74 96 70 33 50 70 28 93 95 91 4 35 68 57 14 45 78 35 87 81 50 29 73 26 98 6 1 36 59 46 44 47 5 35 44 10 42 82 41 86 63 45 55 74 34 45 45 87 35 63 78 82 13 1 56 25 59 91 25 52 36 6 37 6 72 21 3 52 46 55 42 71 75 50 96 91 49 86 38 92 45 20 26 7 73 13 39
93 36 88 35 98 76 72 25 31 37 6 58 60 73 0 16 27 66 57 73 0 73 86 14 27 11 90 67 52 71 66 41 25 74 36 37 21 21 37 30 90 55 17 18 12 86 27 56 75 89 53 13 39 58 49 0 1 26 51 58 17 67 5 1 36 13 30 64 70 42 39 23 27 21 98 91 21 87 45 46 43 26 7 73 40 82 77 70 35 33 35 90 76 28 31 72 36 6 85 44
82 90 79 67 41 45 88 7 22 13 80 61 49 11 54 27 20 9 3 98 58 8 11 21 76 42 36 34 31 61 31 99 81 62 64 95 92 50 14 73 82 64 33 97 20 92 94 70 94 70 50 48 24 76 94 46 62 59 69 38 51 8 22 54 11 99 72 4 40 97 11 40 34 55 46 26 24 4 22 49 21 71 4 81 58 45 75 77 22 53 19 69 98 90 79 92 87 5 53 77
93 28 69 11 38 91 8 69 43 79 77 21 68 25 28 90 25 64 86 62 60 12 28 36 25 83 54 13 75 94 38 31 98 49 6 61 68 72 75 3 50 72 22 31 2 14 85 58 26 14 80 17 94 53 29 92 33 37 22 36 97 58 88 88 39 18 61 90 18 17 20 89 31 19 46 23 7 66 99 44 17 18 39 94 79 60 6 70 0 43 92 12 59 65 59 73 77 78 19 98
40 16 11 26 19 15 90 67 24 67 34 94 51 71 10 64 57 49 82 51 33 25 52 70 5 78 98 33 4 99 54 81 8 6 4 25 61 17 2 19 18 93 97 72 53 12 62 32 26 54 30 55 37 58 28 87 96 1 57 89 25 54 0 61 94 75 73 18 2 78 12 0 73 68 73 21 11 99 71 75 38 48 11 56 26 10 80 79 13 47 41 4 64 18 51 36 86 88 56 81
0 99 35 2 3 47 76 47 94 28 26 2 25 75 35 23 40 11 12 24 90 38 71 81 99 89 78 50 22 36 31 92 67 9 2 21 96 21 34 32 1 65 69 45 45 19 47 85 1 40 14 0 63 21 80 86 16 40 78 99 47 16 15 4 29 71 5 14 81 55 92 63 27 6 44 70 53 89 40 22 86 50 30 60 51 18 33 92 94 91 44 53 2 32 86 55 15 11 82 77
21 43 41 95 62 69 89 12 1 38 92 83 31 3 41 22 63 90 64 57 11 7 60 5 31 18 37 87 72 70 14 55 25 91 78 33 4 97 43 44 61 99 28 23 53 42 86 90 20 38 50 14 75 22 24 52 19 95 45 10 2 90 57 69 92 25 83 44 10 2 75 58 71 50 4 70 5 83 99 95 16 23 2 97 82 86 95 85 51 45 76 70 27 14 91 80 79 24 26 92
63 19 49 79 8 0 24 18 49 28 75 66 94 7 81 86 98 44 61 26 97 14 3 61 74 16 97 60 92 77 96 94 63 97 3 9 87 11 70 40 56 13 60 25 50 28 44 83 68 27 39 67 22 34 60 46 92 59 64 6 98 70 60 6 56 7 61 79 84 28 72 30 37 72 65 3 61 93 11 2 46 79 91 53 23 81 17 15 88 72 11 72 74 88 41 34 69 81 65 46
82 51 86 67 87 28 6 86 41 0 59 98 51 9 78 80 88 50 73 61 92 53 44 17 66 51 21 67 84 69 32 99 44 18 13 9 68 15 71 81 20 83 38 9 51 57 23 16 81 52 87 84 45 4 28 96 88 74 79 37 33 29 41 1 12 24 33 6 2 16 8 14 47 80 13 32 72 0 11 58 52 48 26 20 11 83 97 60 30 44 38 3 17 36 41 49 30 54 66 41
5 32 39 46 18 31 39 16 26 71 13 2 74 94 35 92 16 83 74 91 9 34 52 60 49 18 83 63 90 56 60 98 31 74 3 17 31 0 46 87 70 8 26 44 2 22 43 89 14 36 28 55 27 33 9 77 27 18 81 99 4 23 3 49 53 80 18 17 69 16 61 92 90 30 49 7 58 40 81 71 71 47 49 87 67 4 61 49 25 79 91 83 7 8 58 72 60 60 73 77
95 45 50 76 4 32 76 89 41 59 35 97 81 45 54 95 9 66 81 91 14 55 27 79 72 67 27 93 86 57 42 88 90 88 88 72 99 12 21 41 64 43 19 74 6 64 10 92 72 6 43 40 9 50 88 73 67 20 37 48 60 46 24 49 1 98 50 30 84 18 61 61 13 90 76 41 34 48 87 50 77 5 27 91 36 73 22 85 17 40 52 78 78 48 7 30 24 29 28 59
74 19 7 27 32 28 1 68 72 80 40 88 44 5 49 61 25 31 4 11 11 68 9 41 12 72 61 70 4 1 77 1 96 10 3 42 33 48 89 87 60 38 7 70 4 81 21 68 34 33 50 80 21 55 81 55 27 84 50 93 70 0 83 28 24 27 45 9 34 47 11 45 5 73 38 42 42 60 24 42 91 33 48 45 49 19 63 63 38 97 71 57 81 99 53 63 33 4 28 35
15 16 14 77 48 15 45 86 65 46 21 61 64 87 17 96 0 43 84 24 85 91 24 14 12 99 36 28 83 40 15 51 6 30 44 19 50 4 85 3 90 80 82 9 55 38 91 96 82 81 43 28 30 54 96 13 54 3 63 15 23 2 38 67 98 83 94 28 7 42 57 18 65 25 44 62 22 30 28 43 25 3 73 37 87 48 80 13 45 10 20 85 29 46 14 43 74 37 82 36
90 76 32 11 7 72 87 94 20 43 42 60 35 56 26 51 72 3 14 29 23 36 36 88 56 64 96 91 77 98 49 35 4 98 5 74 69 73 45 16 74 55 64 5 57 55 86 1 79 34 44 2 5 59 4 9 20 64 38 1 84 17 79 70 80 80 73 93 33 0 31 34 72 23 24 11 84 96 3 59 77 84 17 90 92 89 23 42 10 61 98 89 29 18 55 77 85 27 34 54
26 25 96 30 84 3 63 46 70 95 59 83 44 87 93 87 96 64 65 89 16 5 56 74 28 53 30 31 66 55 22 72 60 33 9 77 8 76 59 5 85 54 53 83 8 68 88 72 97 72 73 76 86 28 57 76 43 69 25 22 6 98 51 53 1 49 62 69 40 18 96 17 82 46 10 10 32 53 37 70 18 93 71 5 10 19 90 43 71 22 56 64 19 35 97 68 57 1 1 84
66 80 38 85 99 36 23 72 8 14 82 51 34 71 14 25 28 20 76 2 47 92 81 21 60 51 0 65 0 1 80 64 85 2 45 50 80 13 11 75 89 39 92 49 97 12 54 26 57 51 95 29 85 44 78 58 64 7 91 0 0 49 47 29 51 46 3 78 23 58 8 90 32 20 99 4 90 98 32 66 56 59 29 57 35 99 38 23 7 54 45 88 1 75 40 11 43 63 82 72
52 33 72 39 82 72 64 30 10 41 95 14 0 91 34 92 70 38 98 45 2 59 56 91 1 87 28 10 63 71 25 7 18 95 25 18 68 75 67 11 66 45 43 22 93 94 37 72 96 27 80 68 1 58 44 21 80 62 59 81 49 73 49 98 15 34 14 33 30 43 22 20 16 7 94 27 98 34 56 35 87 72 76 0 45 39 77 71 34 46 43 43 27 89 84 85 35 38 96 65
71 15 16 60 11 36 79 65 94 49 49 23 45 91 37 96 17 45 30 73 42 95 59 15 75 19 30 43 37 81 52 63 32 69 78 37 83 96 56 24 58 23 80 7 85 19 7 54 40 4 54 79 63 28 84 72 21 27 42 25 46 42 21 59 91 72 63 49 43 82 59 15 71 81 19 35 46 34 64 50 81 84 86 65 45 10 50 33 61 56 36 19 74 36 68 11 92 39 68 10
15 8 63 66 56 13 63 9 27 8 1 86 98 74 75 66 73 63 21 68 2 58 26 40 69 85 61 63 95 32 79 90 85 34 74 48 26 27 82 84 44 84 21 74 97 86 28 29 30 94 3 34 38 61 80 39 91 4 93 42 51 72 26 85 83 7 54 19 74 15 88 94 20 78 61 34 24 87 98 99 94 59 72 33 36 51 5 45 1 17 12 69 4 86 79 11 88 34 59 97
74 61 35 1 92 5 46 24 76 52 78 19 51 40 31 0 63 85 54 24 93 93 86 2 14 68 63 22 51 76 7 59 20 55 36 70 45 32 58 95 41 48 30 66 35 57 88 7 25 28 65 66 38 14 86 3 12 80 93 58 58 71 74 58 75 49 13 72 77 52 40 65 62 32 43 5 99 0 66 1 41 9 11 0 55 62 5 26 75 60 45 7 3 73 10 74 61 25 66 6
81 89 15 26 23 86 2 74 5 84 28 64 36 13 91 33 13 33 88 32 23 73 44 4 91 31 83 86 61 97 70 48 53 21 39 74 64 72 97 84 37 36 37 94 58 91 37 8 47 77 96 36 50 71 75 47 73 78 45 67 51 33 95 30 34 37 77 54 19 8 48 56 46 3 35 20 28 91 44 94 15 62 93 63 72 89 30 44 94 54 29 6 61 7 54 39 64 6 98 48
80 74 56 76 18 79 49 31 5 26 35 1 62 64 60 49 3 63 66 78 75 52 64 58 55 65 72 40 70 86 99 71 84 46 83 75 60 71 20 37 83 55 39 11 24 77 27 47 57 68 0 4 16 84 17 12 36 31 85 26 76 47 61 3 28 44 55 36 23 75 61 57 9 96 2 50 47 59 40 77 73 91 21 66 26 84 65 91 82 27 59 98 36 23 15 42 6 17 84 24
37 89 35 23 30 62 22 66 36 90 43 84 65 20 32 42 75 22 86 72 0 23 37 58 0 89 48 80 72 46 28 46 83 43 62 18 60 23 4 49 28 65 94 33 2 60 12 11 78 51 76 33 10 8 9 41 93 63 22 8 32 73 64 30 82 57 52 36 76 87 49 63 90 7 99 23 3 79 10 50 90 81 94 28 52 91 12 58 29 32 28 44 53 56 89 29 11 25 54 61
38 20 57 13 41 5 75 30 67 72 56 50 45 67 27 79 17 25 44 79 43 3 56 86 2 52 52 58 45 23 43 86 33 74 65 31 0 79 37 68 23 55 5 61 4 38 88 3 5 53 20 25 55 83 97 91 13 16 3 45 26 42 23 39 44 51 3 87 59 71 8 87 4 83 97 60 33 36 30 54 6 82 33 0 55 75 69 76 71 35 72 15 49 43 57 44 46 90 80 29
79 55 60 81 51 90 51 47 14 88 90 1 10 85 57 37 8 11 60 49 28 84 70 96 84 45 24 10 25 76 92 43 17 82 71 33 37 57 79 61 64 6 59 19 35 21 67 74 96 99 10 62 40 0 19 51 15 28 98 37 23 78 52 46 70 36 13 81 17 6 24 25 0 98 71 14 88 82 83 55 75 1 3 84 31 91 1 31 7 69 55 48 6 9 54 90 47 33 68 7
7 15 28 18 8 22 26 69 44 73 44 54 59 37 0 14 83 68 39 62 95 99 4 55 60 12 56 8 71 26 58 53 81 63 20 63 53 55 30 19 55 4 1 25 34 5 78 99 45 92 96 47 7 86 38 37 12 71 84 71 99 52 12 63 0 92 30 48 7 82 61 43 83 16 41 81 89 43 13 95 76 64 6 97 97 42 22 56 72 47 72 78 69 88 51 47 60 8 32 75
3 25 69 88 55 31 32 85 79 96 76 39 7 19 23 91 18 58 93 82 3 40 15 69 74 50 1 74 74 89 6 19 10 83 88 20 45 24 94 85 11 23 54 59 27 66 1 54 12 60 93 65 19 74 58 60 60 96 27 84 62 33 30 32 45 4 79 87 82 20 97 60 52 21 5 96 99 35 96 67 24 91 21 7 99 8 98 10 49 76 97 33 89 23 93 55 94 81 4 26
84 20 79 93 63 79 31 60 98 60 91 92 46 23 21 81 35 73 27 3 84 87 69 56 6 23 38 63 71 72 10 79 12 51 93 74 64 53 75 9 74 84 51 36 84 86 78 59 4 31 81 65 7 70 2 58 33 88 22 37 95 43 57 39 53 34 83 25 16 69 44 49 41 90 2 27 46 27 58 77 58 64 29 2 50 16 93 31 56 13 12 55 94 42 53 28 30 87 73 47
32 48 66 68 88 52 28 21 63 94 56 14 44 84 83 56 65 14 39 94 54 98 94 10 36 94 27 87 29 49 91 1 11 58 54 82 20 16 4 37 27 42 80 6 53 66 28 3 65 7 23 57 48 39 18 59 81 20 18 3 59 24 19 2 0 93 13 19 21 9 45 8 59 69 58 76 85 14 80 56 2 87 28 16 81 47 60 84 58 81 98 55 37 60 58 46 79 71 63 20
42 64 86 67 2 69 65 0 47 42 76 8 61 8 71 63 16 91 12 94 75 52 10 82 87 44 28 64 70 63 85 66 13 74 81 51 32 20 81 84 68 91 75 93 86 21 65 32 60 62 99 36 42 15 41 86 83 25 88 91 75 45 97 34 85 77 33 32 8 89 71 79 50 59 97 73 24 43 11 62 21 69 16 47 29 80 11 51 96 67 83 69 32 72 56 73 88 56 47 74
31 66 90 12 33 65 80 53 3 46 1 89 78 53 96 15 42 32 93 87 82 17 15 73 4 84 79 7 24 73 5 16 39 20 15 48 90 36 63 15 23 67 62 58 83 32 97 79 30 96 55 10 89 8 37 60 87 28 91 67 81 18 72 76 22 86 97 73 49 15 94 84 85 51 16 71 89 67 20 43 11 41 29 29 84 79 78 44 48 12 6 39 64 96 18 82 66 69 48 4
36 1 69 13 36 15 66 45 1 54 45 26 30 93 5 76 18 27 86 97 82 83 19 45 68 24 76 30 17 77 39 24 43 5 82 98 40 35 5 7 49 42 0 22 31 82 47 50 1 76 0 71 97 25 35 46 61 68 16 67 73 83 38 39 27 42 17 14 80 61 60 10 91 75 49 3 71 17 36 88 15 81 48 54 29 89 14 71 97 93 49 92 2 2 59 67 26 37 50 77
76 58 48 71 37 60 7 32 39 75 41 62 40 48 67 40 73 44 51 69 57 44 55 93 81 4 46 41 3 63 88 33 38 66 63 40 4 58 81 9 17 25 9 4 16 83 47 29 45 51 70 85 10 52 32 99 66 45 78 52 21 1 25 71 33 95 92 87 88 1 32 39 55 74 84 49 25 65 6 56 63 69 52 71 3 62 78 64 78 24 1 0 30 30 26 58 87 33 47 22
64 37 67 27 78 34 50 11 94 47 82 39 67 79 83 3 75 91 90 74 25 66 81 83 94 33 35 5 8 90 30 30 17 93 57 94 13 22 0 76 32 77 61 53 43 34 27 45 91 2 95 74 43 33 85 7 30 34 11 52 29 60 17 45 87 73 71 27 43 76 29 25 82 48 13 30 92 40 28 20 13 15 96 30 58 53 87 17 81 63 83 82 86 9 75 32 51 69 45 39
86 2 49 85 9 70 74 88 8 54 30 15 80 33 58 6 82 78 2 60 8 37 39 58 14 94 93 9 17 8 69 72 1 48 37 94 3 71 34 76 96 14 33 12 27 97 3 73 26 71 35 69 13 73 29 84 68 94 45 83 56 17 6 9 16 93 99 4 12 17 63 53 1 86 61 39 23 68 43 38 46 11 66 70 80 25 3 98 72 84 81 20 48 16 28 21 78 71 65 0
0 66 54 85 69 46 64 46 31 30 27 2 6 24 55 18 48 46 66 78 95 14 33 33 62 35 84 35 40 17 7 49 28 34 96 73 37 76 42 12 99 20 25 43 70 46 72 57 2 68 66 82 41 32 57 99 56 57 88 29 58 37 82 67 62 0 72 0 38 97 97 72 73 82 24 17 19 0 51 4 97 21 99 14 81 17 92 99 98 84 32 48 23 1 99 23 6 28 76 9
39 15 1 70 36 51 59 96 92 9 76 59 99 65 43 6 93 48 45 84 24 30 33 52 14 66 14 57 54 12 61 1 98 2 0 37 70 49 66 19 54 27 78 37 55 49 21 36 40 89 8 65 11 40 89 81 79 22 45 27 81 55 11 63 56 93 40 93 45 27 56 76 85 95 74 32 90 1 78 59 63 5 90 31 76 27 76 51 36 58 18 80 43 64 38 14 39 17 11 80
32 7 21 14 0 27 18 96 24 38 95 77 11 1 82 87 3 47 58 72 5 65 36 53 9 74 0 82 0 47 24 8 43 72 59 67 87 16 81 54 19 1 20 22 79 87 41 20 96 85 32 93 59 47 67 92 25 95 50 6 75 76 12 40 91 65 30 15 74 68 60 35 46 17 29 69 90 65 5 93 53 73 88 68 6 74 67 98 89 92 6 58 70 21 51 91 83 20 29 62
24 58 6 31 82 82 6 75 86 46 28 56 65 38 1 56 91 49 21 1 59 75 47 95 71 45 13 58 29 19 89 47 48 17 80 85 29 78 56 41 56 87 41 91 47 60 47 30 25 6 12 57 92 28 36 34 79 14 35 72 84 69 13 69 45 35 33 95 56 4 34 98 80 55 40 74 83 74 42 32 41 25 11 69 90 56 62 49 71 71 25 77 7 6 21 49 74 96 14 55
74 38 10 24 2 18 98 67 7 78 4 31 70 85 1 33 92 58 18 3 85 38 80 36 55 31 30 8 42 37 98 9 25 26 45 76 29 59 1 38 0 84 51 28 48 25 13 15 76 27 89 91 29 41 42 52 92 56 56 77 21 30 41 40 5 88 6 56 56 12 10 93 19 79 6 64 42 51 1 39 93 72 80 18 18 64 64 29 28 90 44 22 87 89 66 73 10 59 96 98
9 31 51 50 45 19 43 72 7 46 29 19 23 67 60 1 33 27 16 45 84 43 15 8 91 3 60 19 99 47 17 81 19 74 19 25 61 48 53 42 63 20 93 99 56 25 30 89 7 82 9 58 81 52 47 74 50 98 11 24 97 19 47 65 24 22 23 50 51 38 28 16 99 81 62 26 4 96 25 19 35 47 39 34 50 42 79 43 59 13 64 62 9 14 54 56 86 15 44 11
28 58 81 4 5 30 49 50 27 92 30 88 10 51 67 97 72 99 33 51 38 14 95 39 66 77 28 91 41 16 22 18 84 66 86 34 21 79 98 45 95 32 29 52 81 15 16 13 43 80 72 8 94 22 25 30 95 21 41 53 75 5 68 91 66 24 40 14 19 99 11 51 66 20 77 53 42 52 94 87 60 41 76 71 15 75 43 39 15 15 28 6 15 85 1 79 75 45 52 32
9 90 81 56 98 40 91 70 36 93 47 97 37 91 42 60 86 8 67 82 54 91 96 60 58 27 10 0 95 55 65 70 61 76 69 81 77 82 80 90 0 41 29 43 41 72 13 82 32 65 22 95 94 82 63 58 16 35 41 6 42 88 88 49 69 25 92 12 74 89 81 15 14 46 4 26 55 65 31 90 81 25 46 73 43 84 9 87 87 31 8 75 41 4 64 0 20 96 42 42
31 29 39 79 95 5 71 52 69 19 15 66 59 66 21 25 27 40 63 19 59 70 30 24 24 29 63 56 7 5 28 44 65 0 98 3 4 93 9 63 91 5 62 24 4 46 28 61 12 54 16 69 23 82 92 52 59 26 90 72 49 28 49 67 0 45 24 70 80 10 59 83 88 98 73 43 8 12 27 2 47 24 45 86 32 35 36 8 2 82 32 66 53 15 80 59 26 5 49 25
2 63 14 3 47 80 10 25 86 27 66 11 32 3 82 66 64 20 67 75 68 31 19 92 89 37 94 16 81 95 48 96 74 60 50 82 62 69 69 75 64 39 6 56 17 88 91 85 24 74 93 94 36 89 14 31 94 58 8 49 54 98 28 51 36 46 73 73 52 75 84 3 97 52 82 93 18 30 79 69 70 9 87 96 74 31 31 11 1 28 43 86 25 88 53 68 95 45 95 81
96 81 57 65 11 42 78 76 63 67 29 73 54 84 73 76 87 74 70 49 96 7 24 90 13 83 91 36 93 46 29 37 98 47 6 10 70 87 38 90 62 89 60 2 98 89 36 77 98 1 86 24 93 5 97 9 66 18 82 81 85 97 19 2 73 38 45 67 64 26 94 13 2 22 9 43 95 64 65 11 45 99 79 65 39 59 69 46 64 38 38 17 52 36 86 97 63 79 85 48
31 39 22 99 62 40 41 28 24 34 6 97 8 28 5 76 45 22 77 59 51 27 60 20 38 42 0 54 74 38 64 82 93 59 21 87 66 98 82 25 7 75 56 25 61 14 20 76 39 88 86 76 94 56 87 24 8 9 87 96 41 27 98 70 27 2 21 35 45 0 78 46 74 1 71 51 45 64 44 67 43 36 99 51 63 54 69 56 33 53 44 41 13 36 57 66 53 27 12 83
35 76 77 90 64 83 6 10 71 10 47 31 80 98 6 30 41 7 57 76 1 34 96 25 71 83 69 84 54 15 0 33 98 0 42 0 49 84 73 57 48 78 73 49 1 60 49 50 52 86 31 58 54 7 65 64 60 96 47 29 12 83 89 62 62 24 81 55 80 23 29 33 29 77 69 39 41 76 19 59 25 88 42 88 45 3 73 22 62 19 43 56 83 12 82 53 97 37 5 79
59 67 92 56 89 15 58 34 94 18 69 67 66 16 84 89 25 30 65 24 73 39 23 45 80 7 19 58 3 53 14 82 39 44 69 36 29 49 26 68 23 44 59 13 75 75 91 73 54 94 55 76 25 44 70 13 93 78 25 80 35 23 8 21 46 80 28 16 95 42 36 98 84 96 26 67 73 94 57 13 36 57 7 25 21 1 14 45 33 51 94 83 44 69 13 86 24 66 78 39
37 64 70 48 80 16 75 47 58 78 84 46 75 13 29 31 99 59 79 48 95 99 98 30 49 45 48 17 12 47 82 36 78 5 91 79 46 95 97 71 93 77 52 95 68 85 99 77 19 83 67 31 49 99 9 34 29 26 3 35 41 33 95 45 20 16 39 78 45 45 14 25 6 92 14 25 9 56 15 89 79 6 55 18 60 17 63 52 46 14 51 11 53 43 26 49 65 81 38 84
1 87 44 60 28 88 21 9 28 21 69 99 51 8 27 71 27 16 36 89 87 79 79 51 52 65 24 43 71 5 42 25 55 82 98 18 45 54 64 36 46 59 44 14 45 24 23 53 50 85 50 33 37 16 50 9 78 47 90 24 24 33 96 92 41 65 93 74 85 65 45 35 69 39 42 24 99 69 16 5 22 2 7 15 66 37 85 21 1 11 13 8 40 92 29 30 88 26 1 13
21 91 80 19 88 47 31 31 90 0 18 55 45 14 39 96 59 73 68 74 46 92 33 70 91 59 67 56 56 97 12 22 7 14 10 67 24 35 21 99 73 87 6 49 70 46 92 72 53 17 88 90 41 3 29 8 58 53 74 8 82 78 29 15 32 78 57 22 81 96 60 35 46 26 71 5 69 34 32 10 9 85 90 38 89 22 28 38 3 50 17 7 65 80 88 79 3 64 86 15
33 73 64 90 36 61 2 97 18 81 74 10 7 98 63 73 65 9 42 6 73 29 54 56 68 94 97 46 52 88 11 15 39 78 58 89 16 47 83 61 20 41 37 87 65 95 45 98 40 42 32 27 22 39 51 56 44 91 8 90 71 21 7 5 69 47 61 85 37 23 21 25 47 30 27 81 86 70 63 52 30 85 95 59 67 86 22 50 95 38 7 52 63 45 61 84 76 17 74 33
99 19 1 67 1 53 42 90 22 32 83 22 65 74 72 84 61 57 92 96 50 44 33 79 30 18 45 88 69 26 13 98 34 87 64 93 9 67 99 33 75 91 2 82 90 32 90 30 94 58 90 55 64 34 24 5 79 79 6 43 33 43 55 80 21 56 3 49 41 62 96 31 13 70 52 53 86 8 18 8 20 85 61 11 55 40 81 44 50 69 92 37 58 15 11 69 24 10 0 48
47 68 86 20 15 40 34 94 20 42 61 82 5 11 7 20 49 22 61 9 79 79 0 27 4 46 29 23 58 92 69 27 29 88 86 81 43 80 79 11 14 54 64 54 6 7 51 72 69 18 99 65 74 25 39 55 82 0 14 70 72 37 42 29 28 60 9 3 31 67 28 97 46 58 55 86 72 85 32 89 30 9 49 96 29 45 35 4 68 25 80 39 70 25 64 10 41 33 16 66
11 83 45 95 73 0 3 36 66 63 11 43 72 16 49 5 51 24 48 73 34 7 23 9 40 60 25 68 67 80 97 50 56 51 47 83 74 24 7 24 21 58 18 99 17 22 20 36 17 40 18 74 13 46 24 91 26 75 12 3 67 30 81 73 46 0 65 89 31 59 8 28 13 3 16 85 41 15 79 17 61 43 36 59 81 55 67 29 11 66 84 94 60 24 61 46 67 47 27 28
17 37 22 91 61 91 89 86 83 62 84 37 76 47 44 72 68 90 94 30 33 39 78 10 38 1 52 57 28 11 66 63 27 28 9 70 55 40 56 60 75 99 3 40 48 57 52 18 93 3 74 16 21 95 33 37 8 2 73 87 6 46 55 95 21 5 51 96 7 85 14 86 90 57 6 49 14 18 84 72 26 13 8 1 63 36 45 38 59 7 49 37 19 4 64 75 99 36 72 70
23 0 2 30 27 3 83 10 42 85 52 95 71 12 51 97 87 91 42 30 49 90 45 92 13 22 46 40 97 94 69 72 11 34 90 39 14 15 87 67 41 29 52 90 79 90 59 40 82 71 90 96 30 4 20 4 90 30 44 78 12 99 76 7 99 81 94 63 33 71 2 57 91 49 82 76 78 90 66 47 32 53 16 12 81 86 8 1 49 89 24 13 48 84 52 70 92 75 17 93
78 76 38 34 0 34 91 87 40 79 83 87 79 80 65 4 81 92 21 22 54 52 35 20 88 77 91 34 43 2 14 37 34 3 46 13 88 23 51 98 61 52 20 92 15 93 72 32 95 57 86 78 31 51 95 60 95 23 59 70 60 47 80 6 79 67 62 43 92 16 49 73 75 63 41 80 93 86 72 91 95 73 92 34 86 6 93 47 31 19 57 82 24 57 66 40 12 17 77 9
99 88 14 44 85 68 30 11 63 84 20 50 0 0 78 19 52 61 30 29 8 79 6 78 47 37 21 49 12 56 29 44 5 43 56 8 29 11 99 63 40 51 46 1 41 99 36 61 57 46 73 8 57 23 61 60 45 66 53 78 12 91 19 85 93 85 45 53 58 18 5 37 91 17 36 44 54 88 38 47 18 65 41 72 31 93 46 36 36 39 22 9 4 0 57 41 43 17 2 8
54 29 4 85 45 33 28 95 96 29 97 7 61 3 13 59 23 88 17 64 73 34 54 72 72 27 28 89 65 67 22 18 59 46 24 64 36 51 46 11 87 30 46 23 67 64 61 46 15 33 49 17 86 5 82 95 39 5 88 0 54 32 18 44 40 12 62 11 64 32 46 54 78 81 40 64 41 34 9 61 52 64 44 74 66 98 8 66 53 97 77 81 72 55 97 91 69 12 14 49
84 70 99 68 37 15 92 45 6 63 17 19 40 46 74 34 61 96 96 36 85 72 67 51 56 22 50 51 39 98 17 15 19 51 91 85 73 86 25 12 21 78 92 88 65 8 40 61 3 84 84 28 65 97 27 36 53 87 79 87 95 44 29 13 98 32 49 58 70 77 53 51 31 22 15 72 46 12 56 42 61 40 28 89 26 57 19 91 70 19 40 26 96 20 28 92 22 44 98 18
62 37 88 24 30 8 9 29 5 37 65 88 11 57 64 53 95 3 13 48 63 76 14 87 1 95 30 48 46 24 32 53 14 35 70 25 61 13 14 3 65 96 75 40 45 80 98 39 86 20 31 86 41 3 5 32 77 62 48 54 2 69 22 16 50 47 20 69 32 84 1 90 71 77 18 16 90 77 22 67 38 23 15 31 99 57 58 40 37 91 58 15 28 16 42 56 84 59 26 97
63 74 3 27 41 4 41 74 64 29 52 4 60 79 23 75 73 56 10 5 96 8 3 39 38 45 18 74 94 2 43 14 55 5 77 0 38 25 14 4 48 50 97 30 20 48 41 26 26 47 57 65 63 90 16 51 5 13 11 5 10 12 26 47 84 56 84 84 66 31 70 42 89 26 44 36 40 62 34 74 52 14 52 51 44 98 69 11 81 2 15 22 32 10 88 29 19 66 99 8
94 91 63 12 23 84 77 39 31 9 4 98 10 93 27 59 81 28 46 72 29 7 88 73 68 11 74 9 71 82 45 38 3 19 59 93 32 84 14 27 45 62 94 78 79 25 37 54 14 83 48 61 90 35 1 31 8 58 75 88 60 7 52 93 59 61 46 8 14 37 74 30 52 24 97 47 43 26 31 94 62 79 9 76 68 34 16 78 6 76 50 74 9 98 41 81 14 9 69 37
85 47 65 9 48 92 6 63 93 93 53 78 35 71 51 17 50 55 92 13 4 62 89 73 66 67 30 64 23 43 96 66 7 78 2 82 80 59 76 4 68 17 57 24 72 4 58 42 36 23 9 79 71 85 89 93 43 26 72 40 94 91 1 42 39 43 43 61 4 31 23 92 3 41 55 68 97 89 72 40 8 48 21 25 67 24 62 79 96 39 9 63 65 24 77 73 8 30 56 23
61 75 35 39 16 26 93 88 5 6 22 38 19 50 33 83 40 24 61 77 8 17 60 73 93 63 73 38 16 34 11 6 81 86 24 17 14 57 40 56 76 29 69 30 1 20 5 75 35 81 44 14 16 22 26 67 86 24 57 31 64 32 90 27 13 85 85 59 24 59 13 11 6 81 83 26 8 94 80 46 45 47 46 7 55 7 28 79 45 78 0 24 99 71 33 22 81 37 96 80
55 52 23 62 68 6 40 32 78 59 33 20 68 63 90 3 23 73 59 96 38 43 91 60 97 88 96 22 59 2 31 19 72 18 46 9 1 73 49 55 22 85 51 80 5 20 14 31 83 63 77 96 98 99 71 67 57 49 47 39 77 98 8 19 10 8 19 98 14 6 0 32 35 79 36 74 73 39 31 93 74 62 3 10 48 23 96 1 30 20 78 91 52 0 53 17 3 56 61 91
27 29 38 77 37 63 30 50 50 82 3 69 64 44 65 8 43 56 27 7 71 57 47 44 36 61 94 70 42 36 20 71 28 46 63 68 37 81 70 7 37 79 54 54 13 24 50 15 50 93 33 17 14 24 38 78 3 58 81 2 58 30 42 64 58 45 55 41 17 27 65 82 52 93 96 16 73 50 88 45 39 95 40 59 70 34 57 85 47 59 26 71 25 28 71 88 24 21 19 27
51 1 95 52 49 98 84 83 2 12 64 67 11 28 81 2 58 18 45 85 12 22 74 74 0 53 66 33 33 29 67 0 40 88 44 66 53 90 0 48 14 77 50 89 42 30 91 18 51 18 14 73 50 12 95 62 70 7 51 55 49 60 10 54 74 65 48 5 32 18 56 8 46 52 64 74 60 97 15 77 56 1 20 83 94 51 1 91 43 47 83 7 84 45 85 11 25 27 75 57
