100 100
45 66 47 83 30 15 99 17 41 67 10 1 2 12 91 25 4 40 77 44 63 38 14 79 62 51 96 71 96 3 59 72 97 52 27 8 54 21 98 49 31 98 12 97 23 6 19 6 2 5 24 23 7 64 63 53 13 49 65 41 49 36 57 64 91 58 97 43 38 20 7 77 95 37 93 33 34 61 94 20 44 43 47 10 26 4 89 79 65 96 97 73 3 27 76 27 86 81 35 95
99 28 52 84 15 3 12 30 57 11 37 75 84 66 56 60 97 0 30 7 50 15 80 79 5 83 67 91 76 55 27 86 70 54 92 54 42 26 80 27 38 13 40 52 57 16 59 12 57 43 77 50 69 19 49 86 27 69 69 44 93 92 52 46 97 65 64 46 9 50 58 29 58 74 8 32 97 17 63 92 21 52 31 60 16 15 91 96 91 48 76 76 31 51 1 35 74 85 51 87
56 55 71 82 66 4 39 55 72 62 1 50 24 83 80 45 21 43 84 75 17 44 15 42 99 32 16 79 95 12 74 97 95 6 60 76 43 91 23 89 48 11 89 12 88 64 6 1 18 36 50 66 90 33 65 53 92 89 52 47 32 65 9 37 84 26 52 65 83 3 61 40 79 23 97 61 13 50 17 68 43 5 44 26 67 58 93 91 0 75 72 42 40 57 35 76 40 94 56 24
7 13 22 79 18 12 56 48 91 6 2 21 52 54 58 89 91 63 12 54 25 10 57 18 87 85 94 93 68 70 82 19 95 55 13 95 58 25 85 17 52 18 9 75 64 13 58 51 45 62 70 15 41 70 51 26 5 54 94 98 21 43 91 7 48 98 78 70 93 49 42 67 28 24 55 20 36 97 43 89 21 30 63 19 59 9 21 82 73 24 17 78 79 5 64 65 75 45 22 89
7 39 1 31 44 70 53 80 48 97 24 91 19 9 71 94 40 96 49 60 17 74 70 66 58 47 97 35 0 67 65 60 88 72 57 80 35 95 69 0 34 89 40 24 70 54 20 96 10 87 48 14 42 6 49 44 42 85 26 4 97 45 9 75 67 30 50 60 89 41 1 55 18 66 83 19 84 98 65 70 18 15 1 20 84 59 33 62 38 10 70 0 53 55 45 83 80 99 22 43
12 81 88 80 87 7 65 84 23 34 10 44 10 6 25 41 92 55 1 85 63 58 1 22 54 66 69 96 56 8 89 10 19 81 38 36 86 56 98 41 96 36 36 45 27 25 63 28 28 73 78 63 45 8 46 84 91 66 41 13 32 74 48 59 52 80 83 89 38 36 99 93 86 96 69 38 36 38 98 33 98 41 0 31 61 12 2 93 98 15 49 81 91 88 2 34 20 1 61 25
86 85 32 4 93 87 64 92 78 12 91 58 7 58 8 32 88 36 85 52 12 23 18 66 24 17 14 84 67 80 21 77 64 18 60 18 12 54 18 70 41 23 49 18 35 40 68 59 92 36 0 80 59 48 25 58 21 35 82 42 63 29 56 92 93 9 30 94 27 26 6 48 67 7 13 39 45 88 11 31 29 61 41 65 61 25 58 2 80 79 43 30 20 13 52 12 99 7 84 67
35 58 42 53 74 19 76 75 10 84 1 89 80 69 6 40 77 19 82 47 52 24 3 96 34 63 77 82 59 70 91 41 93 91 69 28 8 33 16 55 64 15 34 18 10 80 48 79 56 97 42 30 96 95 84 64 51 6 81 88 68 25 4 95 91 47 67 25 17 54 69 46 88 15 46 93 45 51 44 27 29 37 89 72 75 89 5 20 58 24 25 12 37 55 49 25 52 38 92 19
55 64 14 52 7 33 66 52 83 69 93 46 15 45 25 12 66 37 85 17 3 37 45 23 10 10 28 4 52 7 37 51 6 85 90 31 24 35 78 94 27 80 34 94 58 17 81 57 97 78 68 2 30 9 23 80 11 43 55 73 67 93 21 89 36 74 36 39 69 21 16 99 39 36 95 22 88 8 15 62 15 67 77 81 53 85 99 69 11 72 14 50 50 18 97 25 66 43 52 98
84 67 82 74 22 66 65 98 3 37 35 33 68 4 90 94 42 44 97 63 24 63 45 70 24 5 91 86 77 94 97 91 23 1 88 28 31 78 87 64 82 12 51 55 24 89 46 20 42 86 86 7 26 45 51 44 8 11 65 77 33 93 94 81 81 98 26 69 2 80 79 1 20 84 48 43 6 1 68 15 12 38 53 26 2 43 31 53 63 99 1 45 32 60 80 53 50 94 60 22
8 29 86 39 89 21 84 23 58 3 18 64 96 85 18 58 13 42 39 54 66 19 14 71 84 84 61 86 98 39 44 81 47 8 44 74 21 13 16 37 30 74 73 61 10 34 56 18 91 69 68 22 7 30 92 88 11 70 12 43 69 65 64 77 41 17 81 25 17 95 50 66 94 61 29 19 61 88 56 79 59 7 60 11 11 32 51 14 69 2 82 94 17 78 10 76 74 6 35 2
90 1 12 87 83 57 29 99 89 64 5 83 76 31 38 41 88 36 28 28 6 38 43 56 58 84 64 3 48 16 3 13 15 38 51 49 52 13 11 67 30 17 87 73 5 68 65 10 4 50 90 54 32 24 48 63 49 30 20 88 64 55 11 83 22 92 62 78 67 60 92 75 11 3 17 56 13 82 28 36 79 91 71 76 23 42 25 63 91 75 30 35 28 97 8 10 2 52 34 6
19 69 66 69 66 61 98 86 81 88 46 13 9 32 35 84 46 71 90 32 61 89 67 22 88 7 93 35 44 61 27 21 63 27 30 18 77 19 99 72 59 86 5 6 16 58 61 35 8 84 89 20 60 70 22 25 85 85 53 45 95 94 68 48 79 44 42 71 39 31 62 13 27 23 16 55 18 57 57 48 36 61 58 22 1 88 20 60 39 46 42 97 46 59 78 50 65 85 95 40
53 29 31 62 96 77 98 21 31 40 94 13 73 35 21 68 6 62 64 56 56 10 74 69 40 24 20 59 43 18 18 4 44 13 9 3 25 72 88 42 85 70 71 41 10 60 98 44 34 46 2 58 59 35 41 34 10 69 75 27 6 1 7 42 0 51 39 66 64 8 73 26 79 37 99 21 29 97 47 35 43 58 24 39 43 59 65 60 35 61 38 4 74 83 75 88 39 19 9 58
27 29 50 60 49 38 14 16 87 40 29 96 62 21 72 55 62 75 66 37 33 59 45 45 87 34 30 14 0 56 80 26 84 3 11 47 66 97 16 76 10 50 1 42 95 33 91 15 35 31 57 25 63 37 24 32 17 0 78 35 63 45 46 38 82 38 49 73 62 3 27 81 24 29 26 70 55 67 94 75 73 52 69 30 64 37 63 33 4 85 49 41 87 24 12 96 89 15 91 89
76 71 78 5 2 6 14 3 13 84 55 63 42 90 93 3 16 47 16 76 25 53 53 53 75 17 0 66 64 48 62 29 23 35 25 7 44 62 91 56 81 85 26 27 43 95 55 69 23 0 24 56 76 57 52 5 71 94 79 42 52 75 62 44 0 61 82 49 74 64 84 32 12 78 82 1 20 17 10 70 26 3 64 59 91 97 67 49 72 51 23 28 2 62 80 64 99 85 84 32
66 39 38 41 32 76 89 10 90 26 62 48 35 90 26 20 75 98 2 88 72 19 86 48 14 46 24 90 65 79 75 66 0 62 57 43 94 13 95 87 0 64 14 40 92 92 10 96 72 17 1 31 25 0 16 79 7 91 82 2 58 39 15 59 31 75 66 16 54 94 52 19 15 15 35 3 56 47 49 74 52 66 21 76 42 19 78 14 12 78 5 98 60 98 25 33 94 30 5 52
78 64 52 24 16 6 60 68 10 20 62 97 21 77 36 13 2 13 12 42 97 11 16 59 93 69 41 63 31 54 40 76 71 1 5 43 40 32 7 12 0 61 27 16 65 73 65 59 98 34 15 63 6 59 43 33 68 4 5 48 35 44 6 87 29 40 22 64 33 98 28 57 95 74 78 71 11 76 23 15 99 85 47 17 32 12 77 49 56 88 76 94 36 81 69 27 19 16 40 70
31 1 77 99 71 27 33 92 12 40 1 41 46 75 56 46 9 69 58 56 88 51 67 36 94 77 18 80 84 36 63 10 74 21 5 55 19 70 39 27 66 99 67 69 66 8 43 78 36 50 81 84 79 4 6 77 27 37 81 85 69 73 30 94 28 52 87 40 86 95 52 0 50 53 91 33 13 82 33 39 15 32 33 31 70 11 23 53 63 55 61 83 81 87 5 19 50 43 60 64
31 7 31 81 88 70 1 23 36 30 87 82 27 7 49 77 8 70 63 21 15 30 5 83 59 70 2 12 70 76 1 61 9 27 64 97 33 16 61 67 71 72 30 52 24 72 96 22 38 33 21 82 84 9 93 59 88 19 22 5 90 65 20 37 86 20 19 56 87 8 70 39 55 2 5 66 47 36 82 48 28 40 5 16 80 51 49 69 19 27 22 30 27 76 84 47 72 46 17 99
33 99 89 90 70 94 59 28 75 62 91 5 19 88 24 47 77 26 88 94 30 6 13 43 63 80 56 89 79 36 30 83 5 77 0 2 8 36 43 56 89 21 39 25 93 19 95 38 89 25 75 14 1 32 69 67 28 21 77 39 10 94 9 82 71 98 76 73 63 85 45 49 70 82 60 60 74 31 87 5 68 7 17 96 18 18 80 71 10 22 52 93 66 24 28 12 49 40 86 20
47 54 44 65 21 23 14 46 51 20 77 56 32 63 79 15 6 3 12 58 85 1 78 44 84 80 63 89 45 82 25 13 32 18 94 37 6 67 21 85 24 45 39 58 15 13 22 99 77 78 6 95 74 23 88 85 97 47 90 6 16 12 62 27 19 45 26 1 23 40 19 65 76 15 55 29 44 19 70 95 14 31 92 55 26 75 21 31 14 37 9 33 58 52 23 32 23 57 81 60
98 63 47 92 76 4 55 50 39 27 97 65 72 15 34 90 25 61 20 70 40 19 91 50 21 16 86 88 96 14 63 66 5 57 57 54 95 89 74 12 38 38 45 6 10 44 97 30 21 30 51 39 2 72 58 97 45 89 15 86 66 15 21 32 12 82 42 12 57 17 41 75 51 98 64 89 40 14 43 4 89 18 51 23 14 56 76 53 27 31 11 0 2 39 57 62 45 98 2 6
13 91 92 62 31 15 72 36 13 50 43 84 8 30 1 79 62 22 83 40 4 9 86 67 9 98 52 16 90 50 20 98 35 86 5 76 81 1 53 3 15 73 28 61 74 31 18 90 14 29 39 50 73 49 69 96 40 23 24 91 7 81 77 35 45 88 63 36 72 43 65 9 4 98 49 41 26 74 78 36 52 6 96 99 22 18 34 0 44 67 8 30 80 65 83 31 54 58 41 49
4 88 81 74 57 53 77 65 5 45 63 96 38 18 4 4 0 27 48 49 23 44 64 61 80 71 34 86 43 21 16 96 70 68 59 89 55 25 16 58 37 41 31 73 95 77 27 90 1 62 53 54 34 83 3 50 64 46 99 19 55 80 5 50 69 39 26 13 81 32 49 1 42 65 15 43 19 63 0 14 80 38 66 74 99 14 46 89 95 31 27 32 23 55 27 15 23 45 97 85
55 16 6 26 62 51 37 34 13 78 0 18 91 82 9 43 46 69 4 8 84 91 81 0 12 49 91 93 30 17 10 74 84 62 55 41 19 12 65 19 49 21 43 11 48 30 56 31 80 25 83 3 62 80 97 81 96 33 4 75 44 85 98 48 42 48 22 74 0 14 75 47 53 92 13 70 15 66 17 24 71 55 13 2 72 25 66 51 53 65 12 56 70 23 73 62 74 14 32 46
62 75 50 93 12 15 8 69 21 72 37 29 72 11 8 45 93 39 45 75 90 28 60 75 93 14 44 83 26 53 80 68 64 86 3 28 13 95 17 28 97 5 23 8 59 35 42 95 80 56 90 84 92 90 78 82 30 44 54 29 97 38 23 66 25 63 23 27 5 90 14 1 37 11 98 30 0 91 58 73 35 91 12 97 88 98 95 29 2 21 50 44 21 63 95 21 5 18 43 84
76 13 90 66 92 43 77 57 45 22 94 18 3 28 66 53 56 92 73 85 39 13 68 84 66 15 55 49 14 59 38 72 73 64 96 66 76 25 71 48 41 31 45 69 90 30 56 74 44 40 72 76 3 18 49 42 71 69 52 90 40 12 49 13 31 72 21 54 12 29 14 91 75 95 38 77 11 75 69 56 15 6 33 52 41 56 83 90 90 8 19 38 14 72 25 77 35 83 89 74
89 77 15 58 44 91 41 37 53 16 33 77 23 39 94 77 58 85 67 48 79 70 89 82 83 75 96 11 6 51 83 64 56 75 34 88 39 59 90 50 76 69 3 39 8 83 25 44 23 46 1 75 98 16 43 81 23 94 68 86 10 74 99 83 29 64 88 93 68 81 50 7 31 25 70 27 20 24 87 19 88 29 0 92 38 28 73 58 68 68 48 74 94 36 15 68 37 5 75 89
94 93 90 96 1 82 91 99 69 45 23 2 44 62 35 26 75 27 77 26 72 47 84 47 47 95 90 8 77 76 29 53 3 14 91 40 78 9 50 96 93 22 70 21 95 34 95 73 52 21 79 33 85 65 43 2 83 74 95 48 10 9 96 2 94 7 79 54 48 30 43 84 61 36 91 48 61 34 83 98 80 72 66 32 63 41 1 11 54 94 54 19 69 42 36 3 99 60 75 31
19 40 84 13 91 9 42 37 99 17 25 53 71 96 65 82 99 0 69 98 82 24 25 92 0 98 52 3 20 93 79 49 63 33 40 3 0 76 56 91 60 0 14 18 84 78 29 67 85 25 36 37 23 57 94 51 27 91 42 82 98 95 78 10 82 70 92 63 78 65 54 54 59 78 71 70 15 23 57 42 86 26 41 77 49 12 4 2 33 55 75 39 5 77 71 93 9 63 12 21
84 17 87 26 81 62 38 81 91 21 39 11 54 42 72 94 61 61 0 99 85 0 95 98 59 58 28 46 21 83 80 94 67 24 90 3 4 55 95 34 5 46 20 15 56 63 82 64 22 82 8 96 60 89 48 34 65 74 71 89 91 1 12 69 20 92 77 42 49 34 92 64 69 76 99 63 33 78 39 66 19 32 28 28 18 47 35 38 85 5 76 52 49 45 20 19 44 31 44 54
61 76 24 32 90 37 41 71 83 53 97 2 45 53 66 11 86 87 88 90 25 41 9 34 84 88 98 42 55 70 15 19 2 96 11 17 78 76 22 41 64 22 90 53 14 94 77 72 71 67 73 70 54 58 77 87 61 59 27 18 98 93 98 26 84 15 23 33 73 52 2 52 33 16 55 51 94 67 43 3 1 70 20 89 47 30 11 24 64 79 11 5 1 9 72 38 15 52 10 76
98 61 8 87 95 10 78 77 66 22 70 38 85 5 69 44 47 61 69 56 67 21 35 42 46 33 0 85 80 40 76 89 41 79 64 75 93 98 64 91 11 47 13 56 4 42 57 99 61 41 70 52 32 97 50 96 66 8 69 79 35 75 62 61 57 32 22 68 8 87 36 79 19 98 27 10 25 64 10 94 74 33 48 19 20 68 79 16 67 41 45 52 38 72 64 40 97 94 42 33
97 28 53 30 26 47 40 80 36 46 78 74 90 75 31 17 46 83 54 28 79 64 65 25 1 68 74 81 60 5 73 80 47 55 57 32 73 62 50 52 13 64 86 47 2 19 48 89 40 34 71 42 26 29 48 0 59 32 42 14 78 16 83 2 57 69 46 1 90 6 54 19 4 19 8 61 79 86 63 24 47 51 78 93 22 19 29 69 79 13 68 37 15 62 91 53 46 28 67 33
9 65 94 12 48 95 73 19 87 47 22 39 44 3 78 2 0 86 26 63 81 0 17 34 96 56 44 40 87 73 42 71 98 0 32 49 9 39 90 0 25 36 43 89 86 43 70 64 54 19 21 11 89 24 57 23 62 8 5 50 60 82 8 14 20 23 50 20 41 64 5 23 97 78 14 1 76 62 0 62 13 28 76 36 8 64 27 18 53 73 73 93 36 33 94 38 22 98 74 83
77 83 72 26 1 48 29 37 56 80 52 0 40 62 68 66 27 1 25 32 4 19 24 75 87 13 12 45 40 70 22 98 42 56 60 71 45 58 41 73 33 53 50 73 57 49 50 79 41 76 21 85 81 25 83 97 13 35 85 40 37 13 81 77 88 79 77 78 89 59 43 13 17 13 96 48 85 57 42 65 4 85 2 57 31 99 12 73 3 89 84 31 66 11 4 61 63 81 28 77
12 76 73 21 95 27 29 78 24 83 38 19 3 1 32 53 62 25 32 81 16 13 8 53 49 55 35 28 97 60 86 95 4 70 44 80 24 83 4 44 51 71 43 58 62 7 45 97 49 33 66 34 86 98 74 20 94 74 59 17 14 31 99 57 80 13 4 79 50 0 7 12 36 46 40 56 65 74 59 50 60 92 3 72 59 2 43 98 24 85 75 82 72 14 15 23 25 4 11 21
56 66 84 22 96 85 71 17 11 45 16 56 11 37 95 94 44 8 61 6 41 67 97 72 25 31 34 39 57 97 40 58 27 98 1 4 66 98 51 62 83 55 46 10 46 5 77 95 1 90 36 43 13 67 77 33 13 41 91 20 21 58 16 48 46 31 28 11 96 49 6 43 54 74 58 50 41 14 2 44 45 16 29 32 79 25 54 37 75 92 48 58 6 53 67 44 17 21 49 84
74 91 33 87 14 74 56 80 30 54 17 78 78 71 77 3 86 23 29 31 87 3 33 53 83 51 7 99 5 92 93 39 74 32 88 61 16 22 76 8 65 7 54 26 45 3 41 89 55 68 67 23 25 66 84 67 74 61 38 4 9 87 95 82 29 24 97 63 55 93 53 21 88 96 44 54 21 0 76 51 56 85 14 79 53 79 31 8 44 85 84 44 54 62 77 42 30 76 94 33
70 20 11 74 40 52 67 40 14 86 26 27 27 53 56 53 38 98 95 34 18 7 45 87 14 90 60 37 44 96 80 2 65 53 78 12 87 8 13 67 97 45 45 10 5 48 84 41 89 18 19 88 18 93 77 88 51 3 96 60 67 50 14 52 66 59 24 13 77 27 80 48 66 70 48 48 88 26 0 59 16 79 18 48 36 34 0 29 91 51 26 93 95 58 22 7 93 31 29 56
17 39 92 72 25 38 74 67 18 21 39 44 23 92 58 17 19 93 24 74 16 85 66 42 21 2 34 51 61 39 69 14 76 14 38 74 88 6 89 21 95 75 17 86 20 98 56 22 92 98 11 56 81 72 11 5 58 70 47 68 10 91 35 77 17 60 44 38 15 34 6 68 8 86 8 78 59 47 12 48 94 42 49 86 63 31 76 53 87 14 9 5 47 27 72 90 48 42 64 10
65 38 28 73 98 87 39 97 3 99 55 95 47 20 63 86 30 91 47 46 31 47 36 68 33 37 41 27 4 25 99 54 86 57 22 27 43 46 21 5 8 60 26 59 49 88 41 51 30 79 71 72 49 52 44 33 75 3 12 83 47 48 41 17 11 59 16 2 67 95 92 77 39 30 79 37 86 41 94 32 18 30 60 5 65 20 12 88 57 67 79 91 1 16 37 30 2 58 15 24
76 79 95 57 10 89 7 60 79 24 33 45 99 27 27 97 8 21 71 0 88 21 97 69 98 25 89 29 96 65 54 75 19 35 74 32 46 97 94 49 45 69 74 6 92 54 45 90 92 85 13 5 80 27 50 86 64 2 64 1 96 65 66 13 72 92 4 41 70 27 96 96 93 43 75 93 32 91 30 50 8 20 28 24 47 57 41 58 21 79 44 56 73 8 76 30 49 99 35 96
19 18 41 70 40 40 84 24 85 20 48 35 51 53 70 2 32 62 3 65 14 88 89 28 1 40 26 21 37 75 66 42 81 57 54 49 47 85 21 74 96 59 53 78 66 92 38 76 57 64 43 98 66 80 34 89 10 46 20 85 57 87 50 31 56 78 15 77 95 67 89 3 54 31 42 2 20 12 90 64 3 71 8 23 59 71 5 4 73 28 94 54 47 51 12 27 51 1 33 43
68 98 99 23 92 40 39 56 2 77 83 83 2 24 70 80 34 14 62 99 12 99 13 36 75 60 3 33 87 77 47 91 72 93 26 73 1 91 5 81 41 71 29 87 73 59 42 97 26 91 66 57 26 12 93 97 72 33 70 46 38 77 58 46 81 84 92 36 80 20 72 92 61 69 87 35 65 3 24 38 11 38 76 43 54 4 44 59 96 95 61 35 99 88 77 76 97 46 70 70
3 57 99 97 48 19 72 78 37 89 60 70 90 87 63 50 54 69 48 23 11 75 43 39 70 51 5 70 44 59 17 70 13 13 59 28 49 64 92 81 59 2 33 56 91 35 55 68 10 61 46 20 2 36 55 6 71 8 35 46 87 89 24 49 43 90 47 9 96 75 11 58 36 40 77 75 99 45 5 87 64 15 66 88 11 25 82 34 79 89 78 81 69 99 3 51 59 17 10 43
54 18 35 41 59 11 19 67 9 62 83 12 75 95 69 70 93 48 54 60 93 12 18 68 81 77 88 81 33 12 11 20 92 42 24 67 83 52 43 98 5 58 96 16 99 68 15 41 5 77 71 54 24 12 88 97 52 99 68 70 34 66 10 60 80 96 28 0 26 64 81 58 65 7 29 8 99 3 64 55 13 71 50 55 4 3 70 61 66 8 41 56 49 56 73 72 16 63 51 66
93 88 26 78 89 74 14 31 72 94 97 24 33 29 2 18 26 47 29 90 3 23 97 94 27 81 5 43 70 28 36 19 33 89 74 75 55 40 22 86 13 9 59 14 82 70 29 97 10 70 58 4 7 74 21 90 50 21 9 53 58 67 76 38 9 80 86 17 94 49 86 75 90 63 32 75 72 30 50 45 89 82 60 96 74 57 23 63 28 26 72 7 38 60 54 34 0 62 83 22
99 70 35 78 57 18 34 86 17 92 51 44 22 39 49 37 74 20 97 25 16 24 71 3 37 31 1 97 31 88 54 75 48 4 70 45 83 3 33 33 67 37 58 58 33 17 79 10 85 66 0 96 60 60 6 15 96 10 86 58 17 61 4 69 65 93 55 20 8 66 3 9 70 18 34 10 75 24 94 63 69 91 55 33 68 54 62 10 39 26 25 84 45 47 11 79 94 75 32 91
31 49 85 39 55 66 8 86 19 21 5 93 54 40 86 94 3 89 89 83 79 17 22 88 72 19 23 50 4 48 69 57 10 79 92 28 46 14 22 64 64 84 98 53 56 89 69 19 1 23 14 21 35 73 25 76 52 25 66 23 19 67 23 26 97 1 23 39 95 49 5 67 79 80 53 78 22 54 18 43 22 23 74 87 80 98 17 6 83 78 90 71 72 68 37 41 97 20 14 93
40 87 72 39 66 73 4 49 90 24 85 25 11 24 72 39 17 98 29 85 91 75 32 74 82 8 57 23 48 76 8 90 96 80 51 51 45 53 13 67 87 19 94 15 99 22 62 60 72 99 71 81 22 39 3 9 61 38 73 42 28 45 50 66 59 36 27 28 72 94 71 65 41 70 94 32 21 78 62 29 21 81 0 65 74 86 8 71 41 0 91 18 89 58 10 61 46 75 24 4
74 27 28 38 26 31 44 76 58 57 80 0 37 48 3 75 45 18 81 17 28 43 22 42 11 55 27 24 52 6 97 96 14 53 47 95 27 12 14 63 12 91 79 21 59 13 11 9 10 39 54 33 81 73 2 20 88 54 83 36 38 24 59 11 79 66 76 47 28 33 16 83 94 59 57 69 96 12 33 42 21 98 45 29 19 21 35 47 31 52 95 59 39 41 34 74 92 12 54 9
37 8 65 87 50 6 59 12 45 45 21 61 33 57 71 58 45 40 63 5 5 48 41 16 1 39 23 79 55 67 39 32 18 57 51 93 1 72 6 0 39 41 56 36 56 83 93 59 3 23 55 84 81 89 3 85 38 39 13 70 4 41 60 61 65 34 50 23 14 57 60 72 23 46 59 10 32 63 77 28 58 49 27 27 21 49 40 26 24 12 94 40 8 11 92 16 88 87 57 61
99 6 99 98 47 34 26 11 29 50 84 8 96 55 87 6 86 23 83 36 94 0 10 64 73 72 62 94 33 41 33 40 24 21 37 41 95 51 95 99 77 27 87 12 58 33 99 15 64 52 56 15 89 69 37 52 85 19 73 8 23 7 95 47 65 93 46 44 25 79 27 25 11 3 10 63 89 43 81 95 34 71 24 76 7 86 78 21 74 51 61 36 22 10 14 63 69 70 25 41
50 20 24 27 51 24 91 68 22 68 17 81 40 84 61 60 96 19 88 7 0 2 66 9 31 54 50 17 58 37 74 96 30 16 58 43 0 24 76 6 78 77 7 68 4 60 49 96 59 68 26 85 66 94 40 11 0 99 9 75 37 30 12 69 94 85 41 51 73 85 31 50 98 24 30 19 56 60 99 68 92 10 27 30 60 17 74 14 72 73 16 47 50 69 4 97 95 86 6 39
45 31 81 11 93 69 37 75 93 82 96 20 43 82 99 88 15 35 46 35 49 2 29 21 40 24 23 10 74 7 22 90 30 49 79 5 28 18 74 11 57 38 71 80 98 79 55 83 99 17 4 15 83 71 66 24 51 97 30 70 63 83 27 1 77 26 92 50 22 3 19 4 45 48 97 10 91 83 54 48 27 86 63 25 92 1 59 8 44 35 89 32 7 29 97 26 2 19 18 81
80 67 54 31 43 68 8 77 39 11 80 71 0 7 39 2 6 65 37 55 41 65 96 31 11 10 23 35 34 49 25 97 44 92 57 88 80 37 50 63 3 97 38 79 71 84 94 0 26 16 31 15 97 55 37 96 12 27 33 11 94 15 16 29 74 41 20 42 8 49 49 78 72 87 84 39 28 96 19 72 21 43 4 63 93 0 75 85 79 31 20 64 93 36 21 31 52 28 91 1
17 54 6 20 74 72 68 87 13 47 36 81 43 60 9 86 57 35 57 52 33 64 10 68 60 22 8 3 11 16 44 8 60 80 22 45 12 37 11 82 56 50 20 26 68 9 63 93 6 68 47 31 98 23 46 34 94 63 26 35 87 36 71 67 11 81 40 69 22 36 6 80 40 28 60 1 64 95 61 44 20 44 87 49 71 45 1 93 36 50 70 70 2 30 0 89 52 12 19 89
62 96 39 43 90 45 29 75 81 42 1 16 32 29 78 66 21 29 12 18 73 10 69 5 62 26 38 62 73 28 31 41 17 45 41 63 87 63 91 0 66 79 42 85 50 20 90 33 10 68 46 60 62 83 2 5 92 31 40 50 12 6 78 69 41 58 61 19 4 20 25 42 10 46 82 34 1 85 96 86 45 16 84 18 83 6 38 49 89 50 2 15 3 91 42 24 9 40 66 50
72 33 82 35 8 26 68 88 1 20 29 53 45 77 34 24 14 34 1 99 96 35 76 61 67 78 55 96 11 24 63 63 64 31 56 67 55 6 22 76 52 37 70 94 45 20 67 65 31 83 60 93 13 51 19 12 15 1 96 57 55 98 52 60 14 8 94 80 60 54 99 13 54 76 50 63 13 17 81 21 34 96 44 63 19 76 55 1 77 63 11 40 7 58 99 88 53 3 17 8
89 36 67 10 61 39 90 97 0 7 82 30 99 35 80 81 33 17 71 0 66 79 57 38 48 85 33 23 71 5 75 28 32 39 11 8 39 51 56 25 16 85 5 77 53 98 61 27 88 59 35 61 56 56 79 28 62 43 74 68 6 85 27 46 92 38 69 38 69 48 43 12 21 19 41 17 75 63 35 81 36 34 40 91 88 87 3 24 46 11 79 84 61 43 38 98 2 71 80 8
63 85 85 14 55 85 7 7 22 54 19 46 79 17 70 48 6 76 55 49 40 30 19 43 35 0 11 86 70 52 70 7 10 77 90 71 79 33 28 76 81 34 39 87 22 44 92 62 10 86 9 38 97 82 75 6 94 90 37 33 43 3 55 43 43 55 94 17 53 79 49 16 41 22 95 3 49 59 80 85 42 12 62 59 60 92 68 24 55 1 74 62 95 10 74 4 37 53 48 20
31 12 76 97 0 33 52 20 32 88 51 60 90 82 24 68 73 52 2 70 0 22 47 7 51 7 41 38 28 22 28 41 86 42 31 9 85 51 56 11 57 27 37 19 21 78 42 81 23 77 41 90 15 24 80 39 23 87 29 66 54 64 66 25 55 57 46 23 7 14 69 37 78 69 78 5 40 85 47 75 92 78 10 82 53 70 43 28 77 28 74 16 31 91 8 13 12 16 69 88
34 38 38 18 98 46 37 20 70 68 23 11 46 64 17 97 24 39 32 17 27 58 4 80 42 15 1 76 69 61 4 42 94 55 87 27 70 1 49 94 60 62 7 89 48 72 2 73 5 82 74 38 48 34 98 3 58 58 99 84 96 59 73 57 0 82 25 7 28 81 81 86 16 6 4 18 86 13 14 81 82 4 50 34 24 49 65 86 85 83 99 87 67 63 1 1 0 11 92 18
42 61 33 3 59 85 41 20 40 54 7 6 10 66 48 21 4 69 48 28 32 65 98 32 39 3 28 28 54 31 21 2 95 86 52 48 9 4 30 51 66 17 68 54 5 19 44 67 3 88 57 80 4 66 74 99 42 99 48 99 36 65 31 81 86 43 73 91 88 89 72 55 2 7 63 75 54 52 3 0 16 10 23 32 25 56 3 65 8 3 68 19 57 42 38 71 63 59 94 67
56 8 71 38 9 60 12 18 55 78 2 39 56 62 79 19 79 40 83 89 16 58 96 0 18 85 96 30 73 14 60 99 66 23 86 66 27 27 89 11 82 38 89 47 23 19 67 63 83 26 99 26 64 93 56 59 86 32 65 26 45 96 89 44 47 58 99 93 63 67 49 60 69 25 56 18 99 68 65 22 80 7 5 65 69 32 17 28 93 75 96 29 88 63 12 62 9 4 13 8
98 79 70 82 28 47 45 79 57 91 47 85 58 76 32 92 88 38 63 95 63 29 51 30 26 43 39 19 80 37 70 15 26 54 36 56 83 2 72 24 8 67 59 74 95 56 21 75 66 72 75 74 65 26 38 90 51 55 55 3 58 70 1 27 13 49 30 0 40 82 80 68 67 14 28 81 31 68 85 81 9 86 45 90 83 28 82 99 97 51 37 75 96 25 95 95 80 90 60 78
66 6 19 30 43 37 93 29 59 9 89 8 83 38 12 99 25 73 8 81 50 87 97 40 7 32 98 59 17 97 11 22 11 73 45 38 56 18 58 54 46 73 62 53 35 26 22 28 42 41 60 3 76 23 51 43 98 52 27 18 16 39 15 94 41 42 51 64 77 23 71 15 79 77 27 97 41 57 19 37 82 45 42 27 71 38 11 92 29 28 27 37 30 8 53 54 6 36 17 73
99 31 37 29 33 30 63 16 80 33 54 16 64 53 79 72 43 76 1 3 89 54 32 65 62 23 80 72 22 74 87 14 23 96 39 32 66 13 85 23 29 69 21 96 84 22 12 13 18 22 7 75 9 78 67 91 71 52 72 51 90 23 74 18 79 28 3 60 39 95 59 25 89 28 22 92 32 75 6 97 64 89 35 86 92 22 69 15 12 68 2 83 33 80 85 33 64 2 69 61
60 65 28 16 32 88 50 65 52 84 97 88 50 45 15 12 69 33 30 53 90 27 36 25 57 75 75 81 11 90 6 29 55 95 77 86 71 29 4 20 13 94 55 34 21 55 10 80 83 56 71 54 53 63 65 5 43 3 22 37 80 17 34 64 60 28 11 61 63 49 24 14 9 64 69 66 4 53 63 34 94 32 37 58 94 22 45 46 57 77 35 37 74 49 86 54 44 85 71 63
25 2 53 1 87 31 70 9 37 37 66 33 16 21 19 69 94 8 78 24 90 8 74 11 78 97 87 87 51 1 60 0 88 64 27 98 1 5 63 32 23 88 51 79 66 52 99 51 77 63 8 43 23 10 8 34 31 50 55 87 72 93 7 76 66 19 79 71 78 89 99 16 9 20 9 54 54 96 23 60 96 69 47 40 12 31 89 13 15 35 40 66 34 35 48 34 55 75 86 59
32 12 60 45 89 43 34 2 85 64 94 86 46 70 22 10 4 5 60 91 69 98 71 19 30 81 35 9 57 4 22 7 78 9 76 27 33 66 88 17 95 31 98 37 96 32 52 66 74 35 73 77 33 13 42 26 51 90 72 27 24 6 49 34 91 2 64 37 44 10 97 73 4 84 46 32 51 10 48 9 87 95 50 5 15 14 15 87 68 94 70 9 34 94 31 26 77 25 94 87
33 62 69 65 1 96 46 28 37 56 33 37 92 61 59 14 82 53 54 85 17 84 35 11 89 16 65 50 76 60 80 21 25 37 35 84 51 27 1 72 11 46 95 71 30 66 10 53 74 86 76 69 22 16 71 89 36 87 46 95 90 11 90 27 88 80 18 12 27 40 29 76 97 26 59 8 71 81 92 15 50 74 34 62 43 51 21 85 15 56 57 36 28 91 92 91 86 80 28 47
64 60 8 13 46 95 89 0 85 17 17 94 51 24 22 96 39 18 18 37 33 96 73 27 88 42 16 58 60 24 77 46 47 37 49 48 19 4 10 59 23 56 5 60 93 41 6 73 69 93 75 21 60 16 6 18 54 74 43 28 31 57 24 1 12 55 93 83 0 81 59 79 33 6 78 73 82 14 81 47 8 16 89 12 52 3 61 90 24 39 21 78 27 86 42 34 82 45 30 36
32 86 58 98 0 81 96 11 58 21 47 38 92 28 78 68 2 82 26 27 59 15 8 1 39 98 12 17 26 43 43 37 73 84 12 68 6 6 2 26 59 66 20 60 88 25 39 50 8 11 83 5 60 29 31 77 3 2 42 22 33 56 88 58 87 50 39 64 22 46 7 26 16 35 58 85 90 51 30 52 74 89 44 3 70 98 80 69 95 3 6 94 30 66 79 58 48 96 12 10
19 59 85 80 64 75 21 28 35 5 80 69 31 0 13 52 98 95 21 37 72 97 16 43 3 50 18 64 80 17 38 32 5 82 4 53 88 10 47 51 52 80 24 81 85 73 75 94 70 42 39 86 15 91 15 70 64 30 36 65 17 74 55 36 94 28 79 58 90 67 61 6 29 22 58 68 92 75 4 75 5 28 99 35 16 48 93 14 27 47 67 39 85 94 59 13 87 21 50 39
75 36 5 86 8 16 25 48 53 23 3 61 19 51 39 7 76 56 31 20 17 59 41 8 14 94 52 65 93 50 81 79 75 55 90 15 6 98 27 36 36 25 65 80 45 83 82 50 39 28 68 43 2 63 11 5 76 35 13 59 59 45 90 30 83 14 83 55 57 89 51 35 29 40 58 83 88 67 79 83 42 17 97 62 51 47 92 80 39 0 3 6 43 88 2 69 26 93 7 42
84 61 34 48 6 71 41 42 2 30 73 61 99 66 81 32 14 61 38 23 58 92 86 64 92 39 24 78 52 14 74 44 92 17 45 15 29 80 96 57 85 27 86 73 98 75 94 56 32 14 35 14 85 64 78 66 65 89 49 53 50 28 41 45 89 5 93 74 70 23 92 7 13 8 40 55 35 98 95 80 66 3 23 98 99 67 24 73 64 44 85 37 87 23 88 58 29 55 61 53
60 17 73 4 83 11 90 41 69 62 13 14 57 55 42 87 72 32 94 51 3 29 4 69 80 54 26 56 86 38 65 79 56 30 67 95 93 78 95 26 96 17 74 83 5 6 5 83 52 65 10 76 90 15 21 74 84 4 28 31 40 51 36 15 48 92 26 69 46 99 4 62 57 98 37 96 80 96 91 27 70 81 93 64 49 76 99 63 6 64 83 83 6 34 32 26 73 36 85 4
66 76 72 79 65 30 64 43 52 94 68 79 84 49 40 20 49 67 71 67 55 43 75 24 73 98 70 65 67 63 51 28 61 21 1 25 62 41 15 17 47 46 40 12 29 73 20 18 76 33 97 95 99 2 94 16 76 92 82 83 40 31 14 12 90 66 4 37 94 12 65 65 30 50 17 42 9 92 1 6 13 34 41 12 63 8 60 29 87 86 4 71 68 65 83 86 66 12 93 35
16 43 45 51 14 50 11 74 6 6 0 31 61 0 71 45 42 20 83 26 42 84 81 20 20 4 48 80 86 93 0 39 25 53 15 64 90 68 57 81 12 29 54 95 73 16 87 20 44 97 43 73 78 58 1 8 3 58 68 86 75 67 8 16 7 99 49 31 85 44 62 2 94 65 20 32 17 20 76 11 58 28 94 72 5 10 54 17 40 99 83 56 67 37 26 45 23 19 63 68
42 13 73 67 77 11 4 11 69 39 87 27 40 94 96 22 4 58 18 63 60 80 48 9 5 90 70 16 9 6 51 53 33 4 72 47 52 82 4 64 20 38 35 16 36 48 68 2 41 50 64 65 26 65 99 79 67 66 84 42 4 99 55 19 82 64 2 31 16 62 87 42 20 3 26 95 21 23 73 81 17 93 91 32 82 3 36 75 12 49 75 8 9 9 57 81 31 4 10 24
29 82 90 88 36 48 13 8 64 67 20 54 35 20 87 71 27 10 36 79 66 87 84 40 60 60 1 78 18 76 20 72 99 24 41 46 47 39 68 10 21 98 96 0 92 75 8 30 6 86 92 52 11 30 71 95 36 61 31 49 82 67 24 13 94 41 11 85 50 54 93 68 51 90 21 66 5 22 91 57 44 55 72 83 21 3 30 84 88 2 63 27 1 27 11 55 78 16 88 53
6 59 38 94 58 78 28 78 50 82 88 91 82 26 7 51 6 91 33 12 91 72 76 63 43 16 8 68 68 35 73 58 95 15 60 6 58 93 71 72 35 97 19 69 59 85 1 17 93 62 91 50 22 9 29 72 53 76 53 17 20 88 10 68 12 8 97 1 68 20 53 61 91 11 62 70 4 10 73 38 21 9 46 28 69 64 8 6 56 31 90 11 44 98 31 39 77 2 73 70
27 79 83 9 97 83 59 74 62 6 13 10 75 13 84 53 55 2 91 48 93 11 92 72 32 70 30 72 72 22 24 24 32 33 55 50 20 25 49 50 41 73 71 31 27 41 79 53 95 21 39 39 74 0 4 44 23 70 67 88 8 54 50 49 9 24 56 18 85 61 28 69 82 94 69 96 21 59 52 46 72 95 21 21 66 7 19 10 87 26 87 30 9 79 91 95 1 29 93 4
73 13 33 41 61 48 39 6 67 75 65 35 46 47 50 8 94 71 69 47 36 54 72 97 29 25 37 72 89 40 54 48 39 13 48 79 10 50 83 16 72 7 37 25 76 43 56 89 75 76 51 1 59 10 15 90 90 49 43 91 28 77 83 41 52 39 43 84 62 17 59 97 88 78 79 69 82 15 74 42 77 8 69 84 79 67 20 96 43 40 94 13 19 19 89 62 74 75 26 62
30 54 96 25 88 26 65 35 17 1 68 88 0 21 8 1 44 16 23 88 59 51 74 36 94 58 74 39 46 97 32 57 99 70 28 3 68 55 16 99 75 22 70 59 84 42 29 2 33 95 47 53 40 51 72 97 41 90 92 33 11 86 29 15 50 16 57 93 72 95 19 67 18 73 49 95 37 89 92 54 93 35 71 49 59 6 7 5 37 16 25 46 61 62 52 74 11 52 40 89
42 1 67 17 33 43 5 69 99 25 97 40 98 43 31 78 24 85 86 99 21 76 95 56 1 47 63 73 25 31 1 4 99 62 20 68 7 65 84 30 17 25 63 91 36 1 47 94 64 88 73 25 80 10 87 78 50 47 33 92 51 19 65 89 35 51 1 72 33 82 27 77 59 82 17 27 19 92 69 27 44 1 98 48 70 38 10 44 56 69 53 14 87 30 25 69 47 90 4 36
40 43 32 58 41 25 19 40 16 53 51 39 5 77 84 79 57 70 76 21 41 51 65 11 14 93 24 11 84 38 41 66 46 25 50 88 84 68 8 88 16 49 53 2 23 39 95 34 79 37 5 35 74 29 22 61 74 37 68 18 23 16 0 33 36 78 2 96 2 86 74 24 10 80 65 1 1 14 19 12 45 50 56 38 62 18 71 80 64 10 67 38 71 42 41 67 66 96 25 4
2 13 48 44 7 2 53 60 82 80 65 5 43 83 83 92 72 24 63 87 59 17 90 10 89 2 8 78 96 8 35 13 19 64 34 65 62 82 37 0 85 54 95 28 90 79 14 72 73 84 86 95 62 80 56 30 48 43 69 1 39 7 24 34 77 85 44 21 43 73 89 11 70 91 75 75 91 86 59 10 10 21 24 18 75 33 46 36 96 89 79 59 41 85 76 31 62 25 78 91
11 16 57 61 29 18 51 1 34 14 39 45 92 35 39 11 96 32 38 32 67 80 76 64 89 13 13 94 39 37 15 47 32 68 15 22 95 84 51 26 10 15 41 16 20 11 83 33 45 98 69 19 4 47 90 30 33 29 59 35 79 97 36 31 15 52 36 20 81 46 19 69 47 96 0 65 24 56 28 34 7 75 25 72 9 96 86 21 48 65 36 10 14 59 70 57 67 35 94 21
46 68 56 7 81 46 5 75 36 63 27 70 11 27 46 19 18 32 25 17 6 85 80 69 26 24 64 29 84 28 83 26 82 52 9 47 49 1 26 28 86 90 96 35 19 46 72 67 8 96 61 9 84 62 87 23 47 38 83 98 56 15 75 2 28 98 66 44 0 18 74 90 19 79 27 30 60 93 95 36 13 37 51 18 93 69 78 44 96 18 25 36 6 1 84 40 5 75 85 22
44 93 79 20 42 85 15 45 66 64 55 26 83 1 93 41 29 4 92 88 33 2 74 32 48 94 74 25 85 34 49 39 10 85 97 6 89 43 22 77 53 76 45 11 58 47 97 13 55 30 9 39 45 17 67 22 75 0 78 45 74 33 41 60 45 78 39 22 23 49 58 63 18 85 51 52 66 96 69 10 5 49 87 83 47 83 89 36 65 57 51 18 30 92 46 72 26 67 27 14
49 76 92 44 56 20 14 35 52 89 32 59 10 96 32 5 20 31 98 74 20 80 40 45 98 76 81 9 3 58 77 11 61 6 83 54 14 53 13 44 28 89 60 90 56 60 93 8 67 60 71 6 24 41 87 87 75 95 45 10 67 8 99 56 15 91 39 33 62 84 84 45 47 89 45 98 59 29 78 64 91 1 70 0 31 73 53 69 97 39 98 1 36 80 35 67 16 44 4 60
88 56 49 5 8 60 90 41 72 62 98 87 8 21 45 65 71 91 65 10 54 29 61 1 80 25 7 23 46 44 63 21 25 95 85 31 76 19 20 59 14 81 35 22 74 46 51 34 90 46 93 74 28 96 48 54 55 94 4 71 1 74 77 95 94 74 3 38 41 17 23 13 21 95 34 75 45 10 95 59 5 6 45 48 57 92 15 86 72 65 83 62 69 85 43 64 83 2 67 39
84 59 15 60 30 43 22 59 61 25 7 38 97 49 98 48 19 13 36 81 92 5 2 11 15 78 73 53 39 38 27 57 87 47 32 44 75 65 53 62 46 83 37 65 10 99 42 43 53 55 9 96 36 52 75 79 8 17 11 94 93 30 82 73 53 43 42 14 27 0 70 45 49 80 78 4 99 71 56 13 91 98 83 85 33 23 53 85 65 65 57 11 9 80 67 84 60 69 86 69
38 1 7 68 95 61 6 92 79 50 8 23 24 6 8 60 79 46 27 39 15 44 34 31 52 31 63 99 33 15 42 28 25 85 98 32 69 98 58 59 19 91 77 29 90 60 15 68 39 20 62 4 1 23 66 28 94 84 35 53 51 89 20 21 74 3 26 55 24 83 25 84 45 52 5 5 87 10 17 3 51 94 52 75 94 27 91 78 28 37 95 47 68 80 68 10 66 32 91 66
12 57 72 66 81 34 71 97 13 56 36 32 79 81 99 95 39 74 90 53 23 45 89 16 64 52 19 33 36 0 98 27 41 57 88 26 7 72 89 99 26 56 56 53 72 84 18 85 29 35 49 30 90 16 4 17 24 61 55 70 46 27 81 84 57 85 54 31 43 22 31 61 36 50 3 80 58 58 70 4 93 22 44 27 86 18 12 45 37 96 95 42 95 99 42 33 53 15 39 44
62 0 82 10 17 18 43 43 61 94 17 37 18 99 46 72 32 23 26 78 20 48 9 24 42 62 21 21 0 9 25 0 21 26 6 12 45 59 12 25 43 23 1 0 97 14 55 83 65 70 90 34 73 2 62 94 65 42 90 67 2 69 47 7 27 5 54 41 61 99 68 14 66 51 51 76 95 66 62 87 6 53 89 73 52 54 75 96 39 90 68 9 83 10 72 68 17 24 81 90
