48 67 50 84 33 16 102 18 44 68 13 2 5 13 94 26 7 41 80 45 66 39 17 80 65 52 99 72 99 4 62 73 100 53 30 9 57 22 101 50 34 99 15 98 26 7 22 7 5 6 27 24 10 65 66 54 16 50 68 42 52 37 60 65 94 59 100 44 41 21 10 78 98 38 96 34 37 62 97 21 47 44 50 11 29 5 92 80 68 97 100 74 6 28 79 28 89 82 38 96
101 25 54 81 17 0 14 27 59 8 39 72 86 63 58 57 99 -3 32 4 52 12 82 76 7 80 69 88 78 52 29 83 72 51 94 51 44 23 82 24 40 10 42 49 59 13 61 9 59 40 79 47 71 16 51 83 29 66 71 41 95 89 54 43 99 62 66 43 11 47 60 26 60 71 10 29 99 14 65 89 23 49 33 57 18 12 93 93 93 45 78 73 33 48 3 32 76 82 53 84
59 56 74 83 69 5 42 56 75 63 4 51 27 84 83 46 24 44 87 76 20 45 18 43 102 33 19 80 98 13 77 98 98 7 63 77 46 92 26 90 51 12 92 13 91 65 9 2 21 37 53 67 93 34 68 54 95 90 55 48 35 66 12 38 87 27 55 66 86 4 64 41 82 24 100 62 16 51 20 69 46 6 47 27 70 59 96 92 3 76 75 43 43 58 38 77 43 95 59 25
9 10 24 76 20 9 58 45 93 3 4 18 54 51 60 86 93 60 14 51 27 7 59 15 89 82 96 90 70 67 84 16 97 52 15 92 60 22 87 14 54 15 11 72 66 10 60 48 47 59 72 12 43 67 53 23 7 51 96 95 23 40 93 4 50 95 80 67 95 46 44 64 30 21 57 17 38 94 45 86 23 27 65 16 61 6 23 79 75 21 19 75 81 2 66 62 77 42 24 86
10 40 4 32 47 71 56 81 51 98 27 92 22 10 74 95 43 97 52 61 20 75 73 67 61 48 100 36 3 68 68 61 91 73 60 81 38 96 72 1 37 90 43 25 73 55 23 97 13 88 51 15 45 7 52 45 45 86 29 5 100 46 12 76 70 31 53 61 92 42 4 56 21 67 86 20 87 99 68 71 21 16 4 21 87 60 36 63 41 11 73 1 56 56 48 84 83 100 25 44
14 78 90 77 89 4 67 81 25 31 12 41 12 3 27 38 94 52 3 82 65 55 3 19 56 63 71 93 58 5 91 7 21 78 40 33 88 53 100 38 98 33 38 42 29 22 65 25 30 70 80 60 47 5 48 81 93 63 43 10 34 71 50 56 54 77 85 86 40 33 101 90 88 93 71 35 38 35 100 30 100 38 2 28 63 9 4 90 100 12 51 78 93 85 4 31 22 -2 63 22
89 86 35 5 96 88 67 93 81 13 94 59 10 59 11 33 91 37 88 53 15 24 21 67 27 18 17 85 70 81 24 78 67 19 63 19 15 55 21 71 44 24 52 19 38 41 71 60 95 37 3 81 62 49 28 59 24 36 85 43 66 30 59 93 96 10 33 95 30 27 9 49 70 8 16 40 48 89 14 32 32 62 44 66 64 26 61 3 83 80 46 31 23 14 55 13 102 8 87 68
37 55 44 50 76 16 78 72 12 81 3 86 82 66 8 37 79 16 84 44 54 21 5 93 36 60 79 79 61 67 93 38 95 88 71 25 10 30 18 52 66 12 36 15 12 77 50 76 58 94 44 27 98 92 86 61 53 3 83 85 70 22 6 92 93 44 69 22 19 51 71 43 90 12 48 90 47 48 46 24 31 34 91 69 77 86 7 17 60 21 27 9 39 52 51 22 54 35 94 16
58 65 17 53 10 34 69 53 86 70 96 47 18 46 28 13 69 38 88 18 6 38 48 24 13 11 31 5 55 8 40 52 9 86 93 32 27 36 81 95 30 81 37 95 61 18 84 58 100 79 71 3 33 10 26 81 14 44 58 74 70 94 24 90 39 75 39 40 72 22 19 100 42 37 98 23 91 9 18 63 18 68 80 82 56 86 102 70 14 73 17 51 53 19 100 26 69 44 55 99
86 64 84 71 24 63 67 95 5 34 37 30 70 1 92 91 44 41 99 60 26 60 47 67 26 2 93 83 79 91 99 88 25 -2 90 25 33 75 89 61 84 9 53 52 26 86 48 17 44 83 88 4 28 42 53 41 10 8 67 74 35 90 96 78 83 95 28 66 4 77 81 -2 22 81 50 40 8 -2 70 12 14 35 55 23 4 40 33 50 65 96 3 42 34 57 82 50 52 91 62 19
11 30 89 40 92 22 87 24 61 4 21 65 99 86 21 59 16 43 42 55 69 20 17 72 87 85 64 87 101 40 47 82 50 9 47 75 24 14 19 38 33 75 76 62 13 35 59 19 94 70 71 23 10 31 95 89 14 71 15 44 72 66 67 78 44 18 84 26 20 96 53 67 97 62 32 20 64 89 59 80 62 8 63 12 14 33 54 15 72 3 85 95 20 79 13 77 77 7 38 3
92 -2 14 84 85 54 31 96 91 61 7 80 78 28 40 38 90 33 30 25 8 35 45 53 60 81 66 0 50 13 5 10 17 35 53 46 54 10 13 64 32 14 89 70 7 65 67 7 6 47 92 51 34 21 50 60 51 27 22 85 66 52 13 80 24 89 64 75 69 57 94 72 13 0 19 53 15 79 30 33 81 88 73 73 25 39 27 60 93 72 32 32 30 94 10 7 4 49 36 3
22 70 69 70 69 62 101 87 84 89 49 14 12 33 38 85 49 72 93 33 64 90 70 23 91 8 96 36 47 62 30 22 66 28 33 19 80 20 102 73 62 87 8 7 19 59 64 36 11 85 92 21 63 71 25 26 88 86 56 46 98 95 71 49 82 45 45 72 42 32 65 14 30 24 19 56 21 58 60 49 39 62 61 23 4 89 23 61 42 47 45 98 49 60 81 51 68 86 98 41
55 26 33 59 98 74 100 18 33 37 96 10 75 32 23 65 8 59 66 53 58 7 76 66 42 21 22 56 45 15 20 1 46 10 11 0 27 69 90 39 87 67 73 38 12 57 100 41 36 43 4 55 61 32 43 31 12 66 77 24 8 -2 9 39 2 48 41 63 66 5 75 23 81 34 101 18 31 94 49 32 45 55 26 36 45 56 67 57 37 58 40 1 76 80 77 85 41 16 11 55
30 30 53 61 52 39 17 17 90 41 32 97 65 22 75 56 65 76 69 38 36 60 48 46 90 35 33 15 3 57 83 27 87 4 14 48 69 98 19 77 13 51 4 43 98 34 94 16 38 32 60 26 66 38 27 33 20 1 81 36 66 46 49 39 85 39 52 74 65 4 30 82 27 30 29 71 58 68 97 76 76 53 72 31 67 38 66 34 7 86 52 42 90 25 15 97 92 16 94 90
78 68 80 2 4 3 16 0 15 81 57 60 44 87 95 0 18 44 18 73 27 50 55 50 77 14 2 63 66 45 64 26 25 32 27 4 46 59 93 53 83 82 28 24 45 92 57 66 25 -3 26 53 78 54 54 2 73 91 81 39 54 72 64 41 2 58 84 46 76 61 86 29 14 75 84 -2 22 14 12 67 28 0 66 56 93 94 69 46 74 48 25 25 4 59 82 61 101 82 86 29
69 40 41 42 35 77 92 11 93 27 65 49 38 91 29 21 78 99 5 89 75 20 89 49 17 47 27 91 68 80 78 67 3 63 60 44 97 14 98 88 3 65 17 41 95 93 13 97 75 18 4 32 28 1 19 80 10 92 85 3 61 40 18 60 34 76 69 17 57 95 55 20 18 16 38 4 59 48 52 75 55 67 24 77 45 20 81 15 15 79 8 99 63 99 28 34 97 31 8 53
80 61 54 21 18 3 62 65 12 17 64 94 23 74 38 10 4 10 14 39 99 8 18 56 95 66 43 60 33 51 42 73 73 -2 7 40 42 29 9 9 2 58 29 13 67 70 67 56 100 31 17 60 8 56 45 30 70 1 7 45 37 41 8 84 31 37 24 61 35 95 30 54 97 71 80 68 13 73 25 12 101 82 49 14 34 9 79 46 58 85 78 91 38 78 71 24 21 13 42 67
34 2 80 100 74 28 36 93 15 41 4 42 49 76 59 47 12 70 61 57 91 52 70 37 97 78 21 81 87 37 66 11 77 22 8 56 22 71 42 28 69 100 70 70 69 9 46 79 39 51 84 85 82 5 9 78 30 38 84 86 72 74 33 95 31 53 90 41 89 96 55 1 53 54 94 34 16 83 36 40 18 33 36 32 73 12 26 54 66 56 64 84 84 88 8 20 53 44 63 65
33 4 33 78 90 67 3 20 38 27 89 79 29 4 51 74 10 67 65 18 17 27 7 80 61 67 4 9 72 73 3 58 11 24 66 94 35 13 63 64 73 69 32 49 26 69 98 19 40 30 23 79 86 6 95 56 90 16 24 2 92 62 22 34 88 17 21 53 89 5 72 36 57 -1 7 63 49 33 84 45 30 37 7 13 82 48 51 66 21 24 24 27 29 73 86 44 74 43 19 96
36 100 92 91 73 95 62 29 78 63 94 6 22 89 27 48 80 27 91 95 33 7 16 44 66 81 59 90 82 37 33 84 8 78 3 3 11 37 46 57 92 22 42 26 96 20 98 39 92 26 78 15 4 33 72 68 31 22 80 40 13 95 12 83 74 99 79 74 66 86 48 50 73 83 63 61 77 32 90 6 71 8 20 97 21 19 83 72 13 23 55 94 69 25 31 13 52 41 89 21
49 51 46 62 23 20 16 43 53 17 79 53 34 60 81 12 8 0 14 55 87 -2 80 41 86 77 65 86 47 79 27 10 34 15 96 34 8 64 23 82 26 42 41 55 17 10 24 96 79 75 8 92 76 20 90 82 99 44 92 3 18 9 64 24 21 42 28 -2 25 37 21 62 78 12 57 26 46 16 72 92 16 28 94 52 28 72 23 28 16 34 11 30 60 49 25 29 25 54 83 57
101 64 50 93 79 5 58 51 42 28 100 66 75 16 37 91 28 62 23 71 43 20 94 51 24 17 89 89 99 15 66 67 8 58 60 55 98 90 77 13 41 39 48 7 13 45 100 31 24 31 54 40 5 73 61 98 48 90 18 87 69 16 24 33 15 83 45 13 60 18 44 76 54 99 67 90 43 15 46 5 92 19 54 24 17 57 79 54 30 32 14 1 5 40 60 63 48 99 5 7
15 88 94 59 33 12 74 33 15 47 45 81 10 27 3 76 64 19 85 37 6 6 88 64 11 95 54 13 92 47 22 95 37 83 7 73 83 -2 55 0 17 70 30 58 76 28 20 87 16 26 41 47 75 46 71 93 42 20 26 88 9 78 79 32 47 85 65 33 74 40 67 6 6 95 51 38 28 71 80 33 54 3 98 96 24 15 36 -3 46 64 10 27 82 62 85 28 56 55 43 46
7 89 84 75 60 54 80 66 8 46 66 97 41 19 7 5 3 28 51 50 26 45 67 62 83 72 37 87 46 22 19 97 73 69 62 90 58 26 19 59 40 42 34 74 98 78 30 91 4 63 56 55 37 84 6 51 67 47 102 20 58 81 8 51 72 40 29 14 84 33 52 2 45 66 18 44 22 64 3 15 83 39 69 75 102 15 49 90 98 32 30 33 26 56 30 16 26 46 100 86
57 13 8 23 64 48 39 31 15 75 2 15 93 79 11 40 48 66 6 5 86 88 83 -3 14 46 93 90 32 14 12 71 86 59 57 38 21 9 67 16 51 18 45 8 50 27 58 28 82 22 85 0 64 77 99 78 98 30 6 72 46 82 100 45 44 45 24 71 2 11 77 44 55 89 15 67 17 63 19 21 73 52 15 -1 74 22 68 48 55 62 14 53 72 20 75 59 76 11 34 43
65 76 53 94 15 16 11 70 24 73 40 30 75 12 11 46 96 40 48 76 93 29 63 76 96 15 47 84 29 54 83 69 67 87 6 29 16 96 20 29 100 6 26 9 62 36 45 96 83 57 93 85 95 91 81 83 33 45 57 30 100 39 26 67 28 64 26 28 8 91 17 2 40 12 101 31 3 92 61 74 38 92 15 98 91 99 98 30 5 22 53 45 24 64 98 22 8 19 46 85
78 10 92 63 94 40 79 54 47 19 96 15 5 25 68 50 58 89 75 82 41 10 70 81 68 12 57 46 16 56 40 69 75 61 98 63 78 22 73 45 43 28 47 66 92 27 58 71 46 37 74 73 5 15 51 39 73 66 54 87 42 9 51 10 33 69 23 51 14 26 16 88 77 92 40 74 13 72 71 53 17 3 35 49 43 53 85 87 92 5 21 35 16 69 27 74 37 80 91 71
92 78 18 59 47 92 44 38 56 17 36 78 26 40 97 78 61 86 70 49 82 71 92 83 86 76 99 12 9 52 86 65 59 76 37 89 42 60 93 51 79 70 6 40 11 84 28 45 26 47 4 76 101 17 46 82 26 95 71 87 13 75 102 84 32 65 91 94 71 82 53 8 34 26 73 28 23 25 90 20 91 30 3 93 41 29 76 59 71 69 51 75 97 37 18 69 40 6 78 90
96 90 92 93 3 79 93 96 71 42 25 -1 46 59 37 23 77 24 79 23 74 44 86 44 49 92 92 5 79 73 31 50 5 11 93 37 80 6 52 93 95 19 72 18 97 31 97 70 54 18 81 30 87 62 45 -1 85 71 97 45 12 6 98 -1 96 4 81 51 50 27 45 81 63 33 93 45 63 31 85 95 82 69 68 29 65 38 3 8 56 91 56 16 71 39 38 0 101 57 77 28
22 41 87 14 94 10 45 38 102 18 28 54 74 97 68 83 102 1 72 99 85 25 28 93 3 99 55 4 23 94 82 50 66 34 43 4 3 77 59 92 63 1 17 19 87 79 32 68 88 26 39 38 26 58 97 52 30 92 45 83 101 96 81 11 85 71 95 64 81 66 57 55 62 79 74 71 18 24 60 43 89 27 44 78 52 13 7 3 36 56 78 40 8 78 74 94 12 64 15 22
86 14 89 23 83 59 40 78 93 18 41 8 56 39 74 91 63 58 2 96 87 -3 97 95 61 55 30 43 23 80 82 91 69 21 92 0 6 52 97 31 7 43 22 12 58 60 84 61 24 79 10 93 62 86 50 31 67 71 73 86 93 -2 14 66 22 89 79 39 51 31 94 61 71 73 101 60 35 75 41 63 21 29 30 25 20 44 37 35 87 2 78 49 51 42 22 16 46 28 46 51
64 77 27 33 93 38 44 72 86 54 100 3 48 54 69 12 89 88 91 91 28 42 12 35 87 89 101 43 58 71 18 20 5 97 14 18 81 77 25 42 67 23 93 54 17 95 80 73 74 68 76 71 57 59 80 88 64 60 30 19 101 94 101 27 87 16 26 34 76 53 5 53 36 17 58 52 97 68 46 4 4 71 23 90 50 31 14 25 67 80 14 6 4 10 75 39 18 53 13 77
100 58 10 84 97 7 80 74 68 19 72 35 87 2 71 41 49 58 71 53 69 18 37 39 48 30 2 82 82 37 78 86 43 76 66 72 95 95 66 88 13 44 15 53 6 39 59 96 63 38 72 49 34 94 52 93 68 5 71 76 37 72 64 58 59 29 24 65 10 84 38 76 21 95 29 7 27 61 12 91 76 30 50 16 22 65 81 13 69 38 47 49 40 69 66 37 99 91 44 30
100 29 56 31 29 48 43 81 39 47 81 75 93 76 34 18 49 84 57 29 82 65 68 26 4 69 77 82 63 6 76 81 50 56 60 33 76 63 53 53 16 65 89 48 5 20 51 90 43 35 74 43 29 30 51 1 62 33 45 15 81 17 86 3 60 70 49 2 93 7 57 20 7 20 11 62 82 87 66 25 50 52 81 94 25 20 32 70 82 14 71 38 18 63 94 54 49 29 70 34
11 62 96 9 50 92 75 16 89 44 24 36 46 0 80 -1 2 83 28 60 83 -3 19 31 98 53 46 37 89 70 44 68 100 -3 34 46 11 36 92 -3 27 33 45 86 88 40 72 61 56 16 23 8 91 21 59 20 64 5 7 47 62 79 10 11 22 20 52 17 43 61 7 20 99 75 16 -2 78 59 2 59 15 25 78 33 10 61 29 15 55 70 75 90 38 30 96 35 24 95 76 80
80 84 75 27 4 49 32 38 59 81 55 1 43 63 71 67 30 2 28 33 7 20 27 76 90 14 15 46 43 71 25 99 45 57 63 72 48 59 44 74 36 54 53 74 60 50 53 80 44 77 24 86 84 26 86 98 16 36 88 41 40 14 84 78 91 80 80 79 92 60 46 14 20 14 99 49 88 58 45 66 7 86 5 58 34 100 15 74 6 90 87 32 69 12 7 62 66 82 31 78
14 73 75 18 97 24 31 75 26 80 40 16 5 -2 34 50 64 22 34 78 18 10 10 50 51 52 37 25 99 57 88 92 6 67 46 77 26 80 6 41 53 68 45 55 64 4 47 94 51 30 68 31 88 95 76 17 96 71 61 14 16 28 101 54 82 10 6 76 52 -3 9 9 38 43 42 53 67 71 61 47 62 89 5 69 61 -1 45 95 26 82 77 79 74 11 17 20 27 1 13 18
59 67 87 23 99 86 74 18 14 46 19 57 14 38 98 95 47 9 64 7 44 68 100 73 28 32 37 40 60 98 43 59 30 99 4 5 69 99 54 63 86 56 49 11 49 6 80 96 4 91 39 44 16 68 80 34 16 42 94 21 24 59 19 49 49 32 31 12 99 50 9 44 57 75 61 51 44 15 5 45 48 17 32 33 82 26 57 38 78 93 51 59 9 54 70 45 20 22 52 85
76 88 35 84 16 71 58 77 32 51 19 75 80 68 79 0 88 20 31 28 89 0 35 50 85 48 9 96 7 89 95 36 76 29 90 58 18 19 78 5 67 4 56 23 47 0 43 86 57 65 69 20 27 63 86 64 76 58 40 1 11 84 97 79 31 21 99 60 57 90 55 18 90 93 46 51 23 -3 78 48 58 82 16 76 55 76 33 5 46 82 86 41 56 59 79 39 32 73 96 30
73 21 14 75 43 53 70 41 17 87 29 28 30 54 59 54 41 99 98 35 21 8 48 88 17 91 63 38 47 97 83 3 68 54 81 13 90 9 16 68 100 46 48 11 8 49 87 42 92 19 22 89 21 94 80 89 54 4 99 61 70 51 17 53 69 60 27 14 80 28 83 49 69 71 51 49 91 27 3 60 19 80 21 49 39 35 3 30 94 52 29 94 98 59 25 8 96 32 32 57
19 36 94 69 27 35 76 64 20 18 41 41 25 89 60 14 21 90 26 71 18 82 68 39 23 -1 36 48 63 36 71 11 78 11 40 71 90 3 91 18 97 72 19 83 22 95 58 19 94 95 13 53 83 69 13 2 60 67 49 65 12 88 37 74 19 57 46 35 17 31 8 65 10 83 10 75 61 44 14 45 96 39 51 83 65 28 78 50 89 11 11 2 49 24 74 87 50 39 66 7
68 39 31 74 101 88 42 98 6 100 58 96 50 21 66 87 33 92 50 47 34 48 39 69 36 38 44 28 7 26 102 55 89 58 25 28 46 47 24 6 11 61 29 60 52 89 44 52 33 80 74 73 52 53 47 34 78 4 15 84 50 49 44 18 14 60 19 3 70 96 95 78 42 31 82 38 89 42 97 33 21 31 63 6 68 21 15 89 60 68 82 92 4 17 40 31 5 59 18 25
78 76 97 54 12 86 9 57 81 21 35 42 101 24 29 94 10 18 73 -3 90 18 99 66 100 22 91 26 98 62 56 72 21 32 76 29 48 94 96 46 47 66 76 3 94 51 47 87 94 82 15 2 82 24 52 83 66 -1 66 -2 98 62 68 10 74 89 6 38 72 24 98 93 95 40 77 90 34 88 32 47 10 17 30 21 49 54 43 55 23 76 46 53 75 5 78 27 51 96 37 93
22 19 44 71 43 41 87 25 88 21 51 36 54 54 73 3 35 63 6 66 17 89 92 29 4 41 29 22 40 76 69 43 84 58 57 50 50 86 24 75 99 60 56 79 69 93 41 77 60 65 46 99 69 81 37 90 13 47 23 86 60 88 53 32 59 79 18 78 98 68 92 4 57 32 45 3 23 13 93 65 6 72 11 24 62 72 8 5 76 29 97 55 50 52 15 28 54 2 36 44
70 95 101 20 94 37 41 53 4 74 85 80 4 21 72 77 36 11 64 96 14 96 15 33 77 57 5 30 89 74 49 88 74 90 28 70 3 88 7 78 43 68 31 84 75 56 44 94 28 88 68 54 28 9 95 94 74 30 72 43 40 74 60 43 83 81 94 33 82 17 74 89 63 66 89 32 67 0 26 35 13 35 78 40 56 1 46 56 98 92 63 32 101 85 79 73 99 43 72 67
6 58 102 98 51 20 75 79 40 90 63 71 93 88 66 51 57 70 51 24 14 76 46 40 73 52 8 71 47 60 20 71 16 14 62 29 52 65 95 82 62 3 36 57 94 36 58 69 13 62 49 21 5 37 58 7 74 9 38 47 90 90 27 50 46 91 50 10 99 76 14 59 39 41 80 76 102 46 8 88 67 16 69 89 14 26 85 35 82 90 81 82 72 100 6 52 62 18 13 44
56 15 37 38 61 8 21 64 11 59 85 9 77 92 71 67 95 45 56 57 95 9 20 65 83 74 90 78 35 9 13 17 94 39 26 64 85 49 45 95 7 55 98 13 101 65 17 38 7 74 73 51 26 9 90 94 54 96 70 67 36 63 12 57 82 93 30 -3 28 61 83 55 67 4 31 5 101 0 66 52 15 68 52 52 6 0 72 58 68 5 43 53 51 53 75 69 18 60 53 63
96 89 29 79 92 75 17 32 75 95 100 25 36 30 5 19 29 48 32 91 6 24 100 95 30 82 8 44 73 29 39 20 36 90 77 76 58 41 25 87 16 10 62 15 85 71 32 98 13 71 61 5 10 75 24 91 53 22 12 54 61 68 79 39 12 81 89 18 97 50 89 76 93 64 35 76 75 31 53 46 92 83 63 97 77 58 26 64 31 27 75 8 41 61 57 35 3 63 86 23
101 67 37 75 59 15 36 83 19 89 53 41 24 36 51 34 76 17 99 22 18 21 73 0 39 28 3 94 33 85 56 72 50 1 72 42 85 0 35 30 69 34 60 55 35 14 81 7 87 63 2 93 62 57 8 12 98 7 88 55 19 58 6 66 67 90 57 17 10 63 5 6 72 15 36 7 77 21 96 60 71 88 57 30 70 51 64 7 41 23 27 81 47 44 13 76 96 72 34 88
34 50 88 40 58 67 11 87 22 22 8 94 57 41 89 95 6 90 92 84 82 18 25 89 75 20 26 51 7 49 72 58 13 80 95 29 49 15 25 65 67 85 101 54 59 90 72 20 4 24 17 22 38 74 28 77 55 26 69 24 22 68 26 27 100 2 26 40 98 50 8 68 82 81 56 79 25 55 21 44 25 24 77 88 83 99 20 7 86 79 93 72 75 69 40 42 100 21 17 94
42 84 74 36 68 70 6 46 92 21 87 22 13 21 74 36 19 95 31 82 93 72 34 71 84 5 59 20 50 73 10 87 98 77 53 48 47 50 15 64 89 16 96 12 101 19 64 57 74 96 73 78 24 36 5 6 63 35 75 39 30 42 52 63 61 33 29 25 74 91 73 62 43 67 96 29 23 75 64 26 23 78 2 62 76 83 10 68 43 -3 93 15 91 55 12 58 48 72 26 1
77 28 31 39 29 32 47 77 61 58 83 1 40 49 6 76 48 19 84 18 31 44 25 43 14 56 30 25 55 7 100 97 17 54 50 96 30 13 17 64 15 92 82 22 62 14 14 10 13 40 57 34 84 74 5 21 91 55 86 37 41 25 62 12 82 67 79 48 31 34 19 84 97 60 60 70 99 13 36 43 24 99 48 30 22 22 38 48 34 53 98 60 42 42 37 75 95 13 57 10
39 5 67 84 52 3 61 9 47 42 23 58 35 54 73 55 47 37 65 2 7 45 43 13 3 36 25 76 57 64 41 29 20 54 53 90 3 69 8 -3 41 38 58 33 58 80 95 56 5 20 57 81 83 86 5 82 40 36 15 67 6 38 62 58 67 31 52 20 16 54 62 69 25 43 61 7 34 60 79 25 60 46 29 24 23 46 42 23 26 9 96 37 10 8 94 13 90 84 59 58
102 7 102 99 50 35 29 12 32 51 87 9 99 56 90 7 89 24 86 37 97 1 13 65 76 73 65 95 36 42 36 41 27 22 40 42 98 52 98 100 80 28 90 13 61 34 102 16 67 53 59 16 92 70 40 53 88 20 76 9 26 8 98 48 68 94 49 45 28 80 30 26 14 4 13 64 92 44 84 96 37 72 27 77 10 87 81 22 77 52 64 37 25 11 17 64 72 71 28 42
52 17 26 24 53 21 93 65 24 65 19 78 42 81 63 57 98 16 90 4 2 -1 68 6 33 51 52 14 60 34 76 93 32 13 60 40 2 21 78 3 80 74 9 65 6 57 51 93 61 65 28 82 68 91 42 8 2 96 11 72 39 27 14 66 96 82 43 48 75 82 33 47 100 21 32 16 58 57 101 65 94 7 29 27 62 14 76 11 74 70 18 44 52 66 6 94 97 83 8 36
48 32 84 12 96 70 40 76 96 83 99 21 46 83 102 89 18 36 49 36 52 3 32 22 43 25 26 11 77 8 25 91 33 50 82 6 31 19 77 12 60 39 74 81 101 80 58 84 102 18 7 16 86 72 69 25 54 98 33 71 66 84 30 2 80 27 95 51 25 4 22 5 48 49 100 11 94 84 57 49 30 87 66 26 95 2 62 9 47 36 92 33 10 30 100 27 5 20 21 82
82 64 56 28 45 65 10 74 41 8 82 68 2 4 41 -1 8 62 39 52 43 62 98 28 13 7 25 32 36 46 27 94 46 89 59 85 82 34 52 60 5 94 40 76 73 81 96 -3 28 13 33 12 99 52 39 93 14 24 35 8 96 12 18 26 76 38 22 39 10 46 51 75 74 84 86 36 30 93 21 69 23 40 6 60 95 -3 77 82 81 28 22 61 95 33 23 28 54 25 93 -2
20 55 9 21 77 73 71 88 16 48 39 82 46 61 12 87 60 36 60 53 36 65 13 69 63 23 11 4 14 17 47 9 63 81 25 46 15 38 14 83 59 51 23 27 71 10 66 94 9 69 50 32 101 24 49 35 97 64 29 36 90 37 74 68 14 82 43 70 25 37 9 81 43 29 63 2 67 96 64 45 23 45 90 50 74 46 4 94 39 51 73 71 5 31 3 90 55 13 22 90
64 93 41 40 92 42 31 72 83 39 3 13 34 26 80 63 23 26 14 15 75 7 71 2 64 23 40 59 75 25 33 38 19 42 43 60 89 60 93 -3 68 76 44 82 52 17 92 30 12 65 48 57 64 80 4 2 94 28 42 47 14 3 80 66 43 55 63 16 6 17 27 39 12 43 84 31 3 82 98 83 47 13 86 15 85 3 40 46 91 47 4 12 5 88 44 21 11 37 68 47
75 34 85 36 11 27 71 89 4 21 32 54 48 78 37 25 17 35 4 100 99 36 79 62 70 79 58 97 14 25 66 64 67 32 59 68 58 7 25 77 55 38 73 95 48 21 70 66 34 84 63 94 16 52 22 13 18 2 99 58 58 99 55 61 17 9 97 81 63 55 102 14 57 77 53 64 16 18 84 22 37 97 47 64 22 77 58 2 80 64 14 41 10 59 102 89 56 4 20 9
91 33 69 7 63 36 92 94 2 4 84 27 101 32 82 78 35 14 73 -3 68 76 59 35 50 82 35 20 73 2 77 25 34 36 13 5 41 48 58 22 18 82 7 74 55 95 63 24 90 56 37 58 58 53 81 25 64 40 76 65 8 82 29 43 94 35 71 35 71 45 45 9 23 16 43 14 77 60 37 78 38 31 42 88 90 84 5 21 48 8 81 81 63 40 40 95 4 68 82 5
66 86 88 15 58 86 10 8 25 55 22 47 82 18 73 49 9 77 58 50 43 31 22 44 38 1 14 87 73 53 73 8 13 78 93 72 82 34 31 77 84 35 42 88 25 45 95 63 13 87 12 39 100 83 78 7 97 91 40 34 46 4 58 44 46 56 97 18 56 80 52 17 44 23 98 4 52 60 83 86 45 13 65 60 63 93 71 25 58 2 77 63 98 11 77 5 40 54 51 21
33 9 78 94 2 30 54 17 34 85 53 57 92 79 26 65 75 49 4 67 2 19 49 4 53 4 43 35 30 19 30 38 88 39 33 6 87 48 58 8 59 24 39 16 23 75 44 78 25 74 43 87 17 21 82 36 25 84 31 63 56 61 68 22 57 54 48 20 9 11 71 34 80 66 80 2 42 82 49 72 94 75 12 79 55 67 45 25 79 25 76 13 33 88 10 10 14 13 71 85
37 39 41 19 101 47 40 21 73 69 26 12 49 65 20 98 27 40 35 18 30 59 7 81 45 16 4 77 72 62 7 43 97 56 90 28 73 2 52 95 63 63 10 90 51 73 5 74 8 83 77 39 51 35 101 4 61 59 102 85 99 60 76 58 3 83 28 8 31 82 84 87 19 7 7 19 89 14 17 82 85 5 53 35 27 50 68 87 88 84 102 88 70 64 4 2 3 12 95 19
44 58 35 0 61 82 43 17 42 51 9 3 12 63 50 18 6 66 50 25 34 62 100 29 41 0 30 25 56 28 23 -1 97 83 54 45 11 1 32 48 68 14 70 51 7 16 46 64 5 85 59 77 6 63 76 96 44 96 50 96 38 62 33 78 88 40 75 88 90 86 74 52 4 4 65 72 56 49 5 -3 18 7 25 29 27 53 5 62 10 0 70 16 59 39 40 68 65 56 96 64
59 9 74 39 12 61 15 19 58 79 5 40 59 63 82 20 82 41 86 90 19 59 99 1 21 86 99 31 76 15 63 100 69 24 89 67 30 28 92 12 85 39 92 48 26 20 70 64 86 27 102 27 67 94 59 60 89 33 68 27 48 97 92 45 50 59 102 94 66 68 52 61 72 26 59 19 102 69 68 23 83 8 8 66 72 33 20 29 96 76 99 30 91 64 15 63 12 5 16 9
100 76 72 79 30 44 47 76 59 88 49 82 60 73 34 89 90 35 65 92 65 26 53 27 28 40 41 16 82 34 72 12 28 51 38 53 85 -1 74 21 10 64 61 71 97 53 23 72 68 69 77 71 67 23 40 87 53 52 57 0 60 67 3 24 15 46 32 -3 42 79 82 65 69 11 30 78 33 65 87 78 11 83 47 87 85 25 84 96 99 48 39 72 98 22 97 92 82 87 62 75
69 7 22 31 46 38 96 30 62 10 92 9 86 39 15 100 28 74 11 82 53 88 100 41 10 33 101 60 20 98 14 23 14 74 48 39 59 19 61 55 49 74 65 54 38 27 25 29 45 42 63 4 79 24 54 44 101 53 30 19 19 40 18 95 44 43 54 65 80 24 74 16 82 78 30 98 44 58 22 38 85 46 45 28 74 39 14 93 32 29 30 38 33 9 56 55 9 37 20 74
101 28 39 26 35 27 65 13 82 30 56 13 66 50 81 69 45 73 3 0 91 51 34 62 64 20 82 69 24 71 89 11 25 93 41 29 68 10 87 20 31 66 23 93 86 19 14 10 20 19 9 72 11 75 69 88 73 49 74 48 92 20 76 15 81 25 5 57 41 92 61 22 91 25 24 89 34 72 8 94 66 86 37 83 94 19 71 12 14 65 4 80 35 77 87 30 66 -1 71 58
63 66 31 17 35 89 53 66 55 85 100 89 53 46 18 13 72 34 33 54 93 28 39 26 60 76 78 82 14 91 9 30 58 96 80 87 74 30 7 21 16 95 58 35 24 56 13 81 86 57 74 55 56 64 68 6 46 4 25 38 83 18 37 65 63 29 14 62 66 50 27 15 12 65 72 67 7 54 66 35 97 33 40 59 97 23 48 47 60 78 38 38 77 50 89 55 47 86 74 64
27 -1 55 -2 89 28 72 6 39 34 68 30 18 18 21 66 96 5 80 21 92 5 76 8 80 94 89 84 53 -2 62 -3 90 61 29 95 3 2 65 29 25 85 53 76 68 49 101 48 79 60 10 40 25 7 10 31 33 47 57 84 74 90 9 73 68 16 81 68 80 86 101 13 11 17 11 51 56 93 25 57 98 66 49 37 14 28 91 10 17 32 42 63 36 32 50 31 57 72 88 56
35 13 63 46 92 44 37 3 88 65 97 87 49 71 25 11 7 6 63 92 72 99 74 20 33 82 38 10 60 5 25 8 81 10 79 28 36 67 91 18 98 32 101 38 99 33 55 67 77 36 76 78 36 14 45 27 54 91 75 28 27 7 52 35 94 3 67 38 47 11 100 74 7 85 49 33 54 11 51 10 90 96 53 6 18 15 18 88 71 95 73 10 37 95 34 27 80 26 97 88
35 59 71 62 3 93 48 25 39 53 35 34 94 58 61 11 84 50 56 82 19 81 37 8 91 13 67 47 78 57 82 18 27 34 37 81 53 24 3 69 13 43 97 68 32 63 12 50 76 83 78 66 24 13 73 86 38 84 48 92 92 8 92 24 90 77 20 9 29 37 31 73 99 23 61 5 73 78 94 12 52 71 36 59 45 48 23 82 17 53 59 33 30 88 94 88 88 77 30 44
67 61 11 14 49 96 92 1 88 18 20 95 54 25 25 97 42 19 21 38 36 97 76 28 91 43 19 59 63 25 80 47 50 38 52 49 22 5 13 60 26 57 8 61 96 42 9 74 72 94 78 22 63 17 9 19 57 75 46 29 34 58 27 2 15 56 96 84 3 82 62 80 36 7 81 74 85 15 84 48 11 17 92 13 55 4 64 91 27 40 24 79 30 87 45 35 85 46 33 37
34 83 60 95 2 78 98 8 60 18 49 35 94 25 80 65 4 79 28 24 61 12 10 -2 41 95 14 14 28 40 45 34 75 81 14 65 8 3 4 23 61 63 22 57 90 22 41 47 10 8 85 2 62 26 33 74 5 -1 44 19 35 53 90 55 89 47 41 61 24 43 9 23 18 32 60 82 92 48 32 49 76 86 46 0 72 95 82 66 97 0 8 91 32 63 81 55 50 93 14 7
22 60 88 81 67 76 24 29 38 6 83 70 34 1 16 53 101 96 24 38 75 98 19 44 6 51 21 65 83 18 41 33 8 83 7 54 91 11 50 52 55 81 27 82 88 74 78 95 73 43 42 87 18 92 18 71 67 31 39 66 20 75 58 37 97 29 82 59 93 68 64 7 32 23 61 69 95 76 7 76 8 29 102 36 19 49 96 15 30 48 70 40 88 95 62 14 90 22 53 40
77 33 7 83 10 13 27 45 55 20 5 58 21 48 41 4 78 53 33 17 19 56 43 5 16 91 54 62 95 47 83 76 77 52 92 12 8 95 29 33 38 22 67 77 47 80 84 47 41 25 70 40 4 60 13 2 78 32 15 56 61 42 92 27 85 11 85 52 59 86 53 32 31 37 60 80 90 64 81 80 44 14 99 59 53 44 94 77 41 -3 5 3 45 85 4 66 28 90 9 39
87 62 37 49 9 72 44 43 5 31 76 62 102 67 84 33 17 62 41 24 61 93 89 65 95 40 27 79 55 15 77 45 95 18 48 16 32 81 99 58 88 28 89 74 101 76 97 57 35 15 38 15 88 65 81 67 68 90 52 54 53 29 44 46 92 6 96 75 73 24 95 8 16 9 43 56 38 99 98 81 69 4 26 99 102 68 27 74 67 45 88 38 90 24 91 59 32 56 64 54
62 14 75 1 85 8 92 38 71 59 15 11 59 52 44 84 74 29 96 48 5 26 6 66 82 51 28 53 88 35 67 76 58 27 69 92 95 75 97 23 98 14 76 80 7 3 7 80 54 62 12 73 92 12 23 71 86 1 30 28 42 48 38 12 50 89 28 66 48 96 6 59 59 95 39 93 82 93 93 24 72 78 95 61 51 73 101 60 8 61 85 80 8 31 34 23 75 33 87 1
69 77 75 80 68 31 67 44 55 95 71 80 87 50 43 21 52 68 74 68 58 44 78 25 76 99 73 66 70 64 54 29 64 22 4 26 65 42 18 18 50 47 43 13 32 74 23 19 79 34 100 96 102 3 97 17 79 93 85 84 43 32 17 13 93 67 7 38 97 13 68 66 33 51 20 43 12 93 4 7 16 35 44 13 66 9 63 30 90 87 7 72 71 66 86 87 69 13 96 36
18 40 47 48 16 47 13 71 8 3 2 28 63 -3 73 42 44 17 85 23 44 81 83 17 22 1 50 77 88 90 2 36 27 50 17 61 92 65 59 78 14 26 56 92 75 13 89 17 46 94 45 70 80 55 3 5 5 55 70 83 77 64 10 13 9 96 51 28 87 41 64 -1 96 62 22 29 19 17 78 8 60 25 96 69 7 7 56 14 42 96 85 53 69 34 28 42 25 16 65 65
45 14 76 68 80 12 7 12 72 40 90 28 43 95 99 23 7 59 21 64 63 81 51 10 8 91 73 17 12 7 54 54 36 5 75 48 55 83 7 65 23 39 38 17 39 49 71 3 44 51 67 66 29 66 102 80 70 67 87 43 7 100 58 20 85 65 5 32 19 63 90 43 23 4 29 96 24 24 76 82 20 94 94 33 85 4 39 76 15 50 78 9 12 10 60 82 34 5 13 25
31 79 92 85 38 45 15 5 66 64 22 51 37 17 89 68 29 7 38 76 68 84 86 37 62 57 3 75 20 73 22 69 101 21 43 43 49 36 70 7 23 95 98 -3 94 72 10 27 8 83 94 49 13 27 73 92 38 58 33 46 84 64 26 10 96 38 13 82 52 51 95 65 53 87 23 63 7 19 93 54 46 52 74 80 23 0 32 81 90 -1 65 24 3 24 13 52 80 13 90 50
9 60 41 95 61 79 31 79 53 83 91 92 85 27 10 52 9 92 36 13 94 73 79 64 46 17 11 69 71 36 76 59 98 16 63 7 61 94 74 73 38 98 22 70 62 86 4 18 96 63 94 51 25 10 32 73 56 77 56 18 23 89 13 69 15 9 100 2 71 21 56 62 94 12 65 71 7 11 76 39 24 10 49 29 72 65 11 7 59 32 93 12 47 99 34 40 80 3 76 71
29 76 85 6 99 80 61 71 64 3 15 7 77 10 86 50 57 -1 93 45 95 8 94 69 34 67 32 69 74 19 26 21 34 30 57 47 22 22 51 47 43 70 73 28 29 38 81 50 97 18 41 36 76 -3 6 41 25 67 69 85 10 51 52 46 11 21 58 15 87 58 30 66 84 91 71 93 23 56 54 43 74 92 23 18 68 4 21 7 89 23 89 27 11 76 93 92 3 26 95 1
76 14 36 42 64 49 42 7 70 76 68 36 49 48 53 9 97 72 72 48 39 55 75 98 32 26 40 73 92 41 57 49 42 14 51 80 13 51 86 17 75 8 40 26 79 44 59 90 78 77 54 2 62 11 18 91 93 50 46 92 31 78 86 42 55 40 46 85 65 18 62 98 91 79 82 70 85 16 77 43 80 9 72 85 82 68 23 97 46 41 97 14 22 20 92 63 77 76 29 63
32 51 98 22 90 23 67 32 19 -2 70 85 2 18 10 -2 46 13 25 85 61 48 76 33 96 55 76 36 48 94 34 54 101 67 30 0 70 52 18 96 77 19 72 56 86 39 31 -1 35 92 49 50 42 48 74 94 43 87 94 30 13 83 31 12 52 13 59 90 74 92 21 64 20 70 51 92 39 86 94 51 95 32 73 46 61 3 9 2 39 13 27 43 63 59 54 71 13 49 42 86
45 2 70 18 36 44 8 70 102 26 100 41 101 44 34 79 27 86 89 100 24 77 98 57 4 48 66 74 28 32 4 5 102 63 23 69 10 66 87 31 20 26 66 92 39 2 50 95 67 89 76 26 83 11 90 79 53 48 36 93 54 20 68 90 38 52 4 73 36 83 30 78 62 83 20 28 22 93 72 28 47 2 101 49 73 39 13 45 59 70 56 15 90 31 28 70 50 91 7 37
42 40 34 55 43 22 21 37 18 50 53 36 7 74 86 76 59 67 78 18 43 48 67 8 16 90 26 8 86 35 43 63 48 22 52 85 86 65 10 85 18 46 55 -1 25 36 97 31 81 34 7 32 76 26 24 58 76 34 70 15 25 13 2 30 38 75 4 93 4 83 76 21 12 77 67 -2 3 11 21 9 47 47 58 35 64 15 73 77 66 7 69 35 73 39 43 64 68 93 27 1
5 14 51 45 10 3 56 61 85 81 68 6 46 84 86 93 75 25 66 88 62 18 93 11 92 3 11 79 99 9 38 14 22 65 37 66 65 83 40 1 88 55 98 29 93 80 17 73 76 85 89 96 65 81 59 31 51 44 72 2 42 8 27 35 80 86 47 22 46 74 92 12 73 92 78 76 94 87 62 11 13 22 27 19 78 34 49 37 99 90 82 60 44 86 79 32 65 26 81 92
13 13 59 58 31 15 53 -2 36 11 41 42 94 32 41 8 98 29 40 29 69 77 78 61 91 10 15 91 41 34 17 44 34 65 17 19 97 81 53 23 12 12 43 13 22 8 85 30 47 95 71 16 6 44 92 27 35 26 61 32 81 94 38 28 17 49 38 17 83 43 21 66 49 93 2 62 26 53 30 31 9 72 27 69 11 93 88 18 50 62 38 7 16 56 72 54 69 32 96 18
49 69 59 8 84 47 8 76 39 64 30 71 14 28 49 20 21 33 28 18 9 86 83 70 29 25 67 30 87 29 86 27 85 53 12 48 52 2 29 29 89 91 99 36 22 47 75 68 11 97 64 10 87 63 90 24 50 39 86 99 59 16 78 3 31 99 69 45 3 19 77 91 22 80 30 31 63 94 98 37 16 38 54 19 96 70 81 45 99 19 28 37 9 2 87 41 8 76 88 23
46 90 81 17 44 82 17 42 68 61 57 23 85 -2 95 38 31 1 94 85 35 -1 76 29 50 91 76 22 87 31 51 36 12 82 99 3 91 40 24 74 55 73 47 8 60 44 99 10 57 27 11 36 47 14 69 19 77 -3 80 42 76 30 43 57 47 75 41 19 25 46 60 60 20 82 53 49 68 93 71 7 7 46 89 80 49 80 91 33 67 54 53 15 32 89 48 69 28 64 29 11
52 77 95 45 59 21 17 36 55 90 35 60 13 97 35 6 23 32 101 75 23 81 43 46 101 77 84 10 6 59 80 12 64 7 86 55 17 54 16 45 31 90 63 91 59 61 96 9 70 61 74 7 27 42 90 88 78 96 48 11 70 9 102 57 18 92 42 34 65 85 87 46 50 90 48 99 62 30 81 65 94 2 73 1 34 74 56 70 100 40 101 2 39 81 38 68 19 45 7 61
90 53 51 2 10 57 92 38 74 59 100 84 10 18 47 62 73 88 67 7 56 26 63 -2 82 22 9 20 48 41 65 18 27 92 87 28 78 16 22 56 16 78 37 19 76 43 53 31 92 43 95 71 30 93 50 51 57 91 6 68 3 71 79 92 96 71 5 35 43 14 25 10 23 92 36 72 47 7 97 56 7 3 47 45 59 89 17 83 74 62 85 59 71 82 45 61 85 -1 69 36
87 60 18 61 33 44 25 60 64 26 10 39 100 50 101 49 22 14 39 82 95 6 5 12 18 79 76 54 42 39 30 58 90 48 35 45 78 66 56 63 49 84 40 66 13 100 45 44 56 56 12 97 39 53 78 80 11 18 14 95 96 31 85 74 56 44 45 15 30 1 73 46 52 81 81 5 102 72 59 14 94 99 86 86 36 24 56 86 68 66 60 12 12 81 70 85 63 70 89 70
40 -2 9 65 97 58 8 89 81 47 10 20 26 3 10 57 81 43 29 36 17 41 36 28 54 28 65 96 35 12 44 25 27 82 100 29 71 95 60 56 21 88 79 26 92 57 17 65 41 17 64 1 3 20 68 25 96 81 37 50 53 86 22 18 76 0 28 52 26 80 27 81 47 49 7 2 89 7 19 0 53 91 54 72 96 24 93 75 30 34 97 44 70 77 70 7 68 29 93 63
15 58 75 67 84 35 74 98 16 57 39 33 82 82 102 96 42 75 93 54 26 46 92 17 67 53 22 34 39 1 101 28 44 58 91 27 10 73 92 100 29 57 59 54 75 85 21 86 32 36 52 31 93 17 7 18 27 62 58 71 49 28 84 85 60 86 57 32 46 23 34 62 39 51 6 81 61 59 73 5 96 23 47 28 89 19 15 46 40 97 98 43 98 100 45 34 56 16 42 45
64 -3 84 7 19 15 45 40 63 91 19 34 20 96 48 69 34 20 28 75 22 45 11 21 44 59 23 18 2 6 27 -3 23 23 8 9 47 56 14 22 45 20 3 -3 99 11 57 80 67 67 92 31 75 -1 64 91 67 39 92 64 4 66 49 4 29 2 56 38 63 96 70 11 68 48 53 73 97 63 64 84 8 50 91 70 54 51 77 93 41 87 70 6 85 7 74 65 19 21 83 87
El programa tarda 24 milisegundos en ejecutarse.
