43 11 68 26 3 9 59 92 64 74 20 16 47 66 13 69 63 60 45 1 25 98 86 15 73 63 81 33 74 61 76 27 41 48 32 90 16 89 24 69 60 92 8 34 29 92 59 66 47 38 83 31 21 84 24 22 91 41 9 18 25 26 55 61 76 3 78 12 52 80 9 91 63 13 56 95 77 20 68 36 76 32 93 11 43 35 65 2 23 100 101 66 95 38 100 57 61 57 60 19
99 46 46 37 77 82 83 93 96 20 72 41 43 43 53 76 87 37 15 21 65 35 10 34 78 72 101 29 45 11 61 2 101 27 75 71 18 42 31 41 5 67 101 45 30 87 83 8 82 18 49 5 78 36 73 39 61 -3 55 46 18 12 16 19 11 -3 56 27 18 64 86 86 4 50 4 60 17 88 67 4 51 16 28 41 3 42 38 87 101 3 2 95 36 57 50 76 71 -3 20 61
64 61 26 97 57 64 101 55 23 40 11 21 10 29 69 47 10 60 31 70 20 3 89 100 73 74 42 81 23 62 39 14 52 79 93 27 99 77 61 55 71 58 18 97 79 33 20 19 68 68 35 46 34 14 54 34 100 75 22 84 31 67 14 81 74 54 93 57 87 73 101 5 82 95 98 49 34 85 69 64 44 92 8 92 98 8 50 97 89 96 85 80 46 36 3 42 26 65 18 18
47 70 11 22 83 42 89 45 68 -3 76 92 20 61 12 32 85 47 70 76 35 2 30 -2 79 31 59 87 41 19 91 53 71 6 11 3 56 90 22 48 91 76 34 94 45 23 78 38 82 83 23 70 18 66 34 57 12 7 6 88 49 77 44 24 24 7 17 20 93 76 89 33 37 53 44 86 2 52 86 5 15 32 14 -2 69 23 34 -2 26 48 27 66 58 74 10 3 79 19 51 78
93 97 53 84 21 67 28 29 3 14 80 98 99 28 61 67 81 4 50 83 55 68 90 22 67 93 53 29 86 46 62 82 70 7 74 60 93 49 56 35 12 23 98 84 10 52 29 41 30 36 22 91 67 4 84 50 93 42 3 52 49 2 75 14 4 88 68 50 42 65 8 35 93 67 40 32 88 35 100 62 33 35 82 66 75 76 97 26 38 82 45 49 47 26 72 73 95 1 78 95
9 41 53 35 78 10 45 -3 57 44 57 63 24 55 40 64 59 20 8 69 64 50 4 15 65 77 91 -1 59 79 87 59 32 60 60 36 67 64 9 62 82 28 99 46 56 25 8 46 32 -1 7 79 12 42 77 27 61 95 52 60 41 65 41 46 12 29 25 30 46 40 13 72 32 45 79 30 25 49 29 71 8 86 37 42 25 70 72 75 47 40 6 18 54 26 4 88 8 22 30 67
34 68 87 24 91 66 66 82 29 86 58 45 18 15 66 14 16 3 88 83 3 8 14 70 49 49 39 18 55 25 29 29 52 2 95 54 70 53 34 27 39 10 41 56 35 29 80 90 41 81 7 92 15 22 43 66 96 9 9 16 102 91 46 10 24 92 46 85 68 13 78 21 7 40 40 86 32 80 5 33 19 99 20 31 35 100 98 5 6 17 7 30 90 62 18 67 96 48 28 62
39 32 49 19 88 55 69 -2 61 21 50 95 59 78 77 58 71 -1 66 2 69 39 13 77 35 72 44 45 79 36 65 32 98 71 21 91 99 64 69 83 62 65 78 96 21 -2 55 70 96 24 3 32 21 86 71 5 56 11 74 72 28 19 14 58 35 50 73 35 91 67 87 5 87 13 99 86 99 8 59 91 84 26 21 40 30 88 89 45 7 77 9 34 28 88 59 24 74 86 10 44
53 84 102 91 64 64 89 75 30 13 43 34 77 54 25 37 13 27 78 20 54 89 36 19 25 49 59 4 43 51 97 86 37 61 63 31 68 2 37 53 24 38 55 45 62 7 53 64 74 65 91 52 63 92 87 45 62 11 100 23 72 30 22 96 19 53 55 26 35 56 12 70 31 67 19 13 94 48 66 41 73 34 17 26 20 27 20 55 62 30 86 79 21 54 86 25 66 89 93 33
87 38 61 6 15 58 21 68 25 -2 35 83 12 12 76 43 74 81 23 -1 13 42 47 51 27 3 15 78 43 80 37 51 95 49 26 0 73 29 45 38 72 96 78 91 55 61 54 35 7 7 55 77 98 56 76 70 80 80 5 12 44 63 33 39 48 61 91 63 60 19 5 90 97 43 4 18 60 46 50 63 22 20 90 63 36 30 83 72 20 69 73 18 38 37 81 29 68 74 47 52
51 21 33 38 25 13 89 9 52 27 62 77 67 66 12 97 55 20 91 20 64 55 56 72 50 60 25 4 38 68 92 61 22 2 64 40 74 47 81 21 7 28 81 75 72 71 11 66 84 4 33 12 50 29 17 66 61 41 68 59 54 76 46 14 67 85 68 55 24 16 21 14 69 84 36 13 21 65 24 51 84 87 99 52 19 75 90 16 40 89 18 32 11 17 100 22 22 25 94 1
100 71 100 26 92 62 30 13 46 82 87 52 83 77 91 13 7 18 38 42 91 55 51 21 7 11 81 30 27 19 42 33 85 53 29 8 3 53 35 25 43 27 21 89 57 31 9 54 79 53 48 24 36 30 6 59 71 55 54 16 14 61 65 83 55 81 43 42 93 38 84 73 13 24 35 68 18 82 60 23 66 46 35 27 13 28 95 72 21 87 31 85 9 79 85 67 44 12 26 27
29 31 8 71 37 36 61 32 41 35 96 32 48 12 89 4 5 39 54 10 45 15 27 20 70 44 45 77 27 5 63 66 96 97 83 25 59 62 6 84 5 45 70 9 48 67 31 81 90 61 96 57 102 30 17 25 43 63 82 43 34 99 10 75 64 52 14 99 14 12 44 87 70 65 25 28 63 61 8 6 25 12 19 15 59 90 45 35 49 40 24 75 88 49 6 41 74 37 39 75
62 56 13 43 68 80 4 13 6 81 2 92 41 11 7 66 42 85 30 7 88 16 11 82 62 46 88 77 55 35 56 41 68 44 56 35 30 1 85 11 87 28 73 10 77 29 86 0 20 68 23 75 80 81 47 55 75 9 50 28 67 35 78 34 81 0 69 52 26 37 39 42 6 70 16 71 26 26 77 23 9 60 66 90 14 62 69 33 93 43 15 67 59 75 12 57 62 91 90 80
40 46 18 26 83 67 54 81 18 50 97 36 99 37 94 23 43 75 46 38 73 83 34 59 64 54 62 72 24 91 6 98 62 61 62 83 100 73 49 67 16 21 69 99 15 89 47 55 78 75 99 92 22 8 13 3 12 35 58 74 98 69 76 89 15 91 39 14 84 22 43 88 52 89 70 60 96 55 27 41 38 65 54 4 83 36 69 56 71 7 12 36 30 32 102 8 100 5 100 60
101 80 17 16 73 71 91 71 97 37 52 49 96 84 13 47 51 90 99 23 10 41 94 36 95 52 101 39 63 56 70 1 83 70 86 88 21 50 34 62 27 82 65 67 73 74 49 81 7 39 87 24 96 -1 42 43 47 57 18 13 94 47 53 5 74 76 8 36 33 58 27 5 97 38 46 86 36 8 33 76 77 9 23 32 98 28 82 93 77 7 52 6 50 84 72 48 6 15 19 81
75 28 62 39 6 89 55 63 39 6 77 95 26 73 59 94 34 28 90 27 15 33 21 9 99 95 23 15 102 9 6 41 82 32 63 81 40 64 7 56 79 24 8 60 60 21 83 20 32 98 65 18 40 66 34 82 86 35 65 83 90 80 84 43 49 83 83 11 11 23 63 36 83 15 71 94 73 97 20 53 26 55 38 61 32 30 9 74 43 59 30 67 66 94 19 100 27 25 12 40
5 25 51 79 8 72 44 36 2 23 59 15 64 32 96 57 32 24 96 30 95 79 57 57 56 3 61 74 47 70 25 13 71 49 14 22 90 39 92 30 18 83 3 22 54 41 43 44 43 60 42 56 17 85 54 9 27 35 9 1 83 63 48 63 17 12 70 -2 86 94 36 87 33 91 46 73 25 21 72 24 40 84 68 71 101 41 81 29 100 79 100 94 17 45 43 41 47 42 17 40
69 10 53 18 43 24 71 15 17 50 73 53 18 76 77 26 51 62 61 13 7 29 22 17 51 77 33 22 13 61 48 92 28 98 95 58 81 47 75 92 97 41 58 13 57 19 85 3 4 62 14 85 59 22 49 51 29 50 36 90 99 82 94 27 13 16 41 48 16 99 29 57 99 16 21 63 20 48 82 94 80 86 20 92 54 36 9 16 90 70 38 99 23 62 96 35 82 69 70 15
52 65 42 71 89 49 11 55 64 76 9 51 51 8 3 89 91 76 71 83 48 13 81 4 70 49 100 87 93 43 53 79 76 12 71 68 57 85 43 35 93 91 72 3 38 3 44 86 32 18 61 50 97 56 81 74 50 78 77 67 9 86 85 14 12 6 41 93 25 28 19 4 14 19 69 60 29 2 8 74 63 45 92 -1 28 83 67 64 71 63 65 81 32 71 22 83 10 92 98 16
98 14 88 68 40 77 45 77 29 8 15 21 102 38 37 15 92 61 51 80 52 48 41 45 63 30 65 54 62 86 87 46 14 50 19 55 100 91 80 10 28 1 15 58 17 67 10 2 70 3 14 6 48 50 13 43 80 67 45 87 28 77 47 55 50 40 14 17 92 99 93 38 101 14 5 23 83 34 85 60 84 94 31 20 9 63 43 68 59 50 57 2 11 86 44 76 26 84 28 2
39 21 73 68 25 88 64 -2 50 15 31 41 13 9 4 74 61 49 89 34 92 76 3 19 37 19 17 70 49 22 28 82 96 8 41 1 31 92 12 5 48 52 78 80 59 83 36 54 11 95 77 60 61 4 66 73 67 69 58 63 79 18 74 8 53 60 27 82 67 21 93 80 3 36 3 -3 12 72 15 9 74 46 93 31 11 68 7 -2 33 17 8 69 14 33 14 58 90 16 78 15
3 72 89 25 96 53 43 71 58 78 36 54 35 8 6 27 63 60 85 90 4 85 85 72 12 61 23 57 40 51 93 90 43 93 51 34 26 17 34 3 8 62 40 64 21 43 7 43 44 99 9 50 67 88 35 1 23 55 51 71 80 80 75 8 80 13 63 98 23 76 77 42 46 21 80 21 15 21 84 71 51 64 11 98 43 44 9 71 61 16 4 79 55 34 21 86 61 44 26 89
59 90 22 -3 11 53 17 62 84 64 14 67 33 17 38 66 24 71 61 6 89 72 47 26 14 4 19 30 86 39 69 89 10 83 88 9 98 82 31 74 32 48 88 81 98 80 84 55 32 48 81 25 40 14 38 33 88 67 93 82 30 76 85 51 19 71 93 11 83 64 66 81 82 90 44 73 47 2 28 83 9 60 34 8 49 15 74 -1 72 75 45 44 87 40 85 60 101 54 21 42
80 65 94 100 84 2 49 88 35 91 15 83 25 1 47 40 24 20 75 62 50 30 50 70 42 63 93 50 68 24 15 86 9 22 7 73 41 28 84 25 50 31 46 8 18 78 102 27 30 21 84 53 33 32 55 46 65 59 46 10 73 73 81 2 14 72 36 78 66 59 71 76 27 70 7 86 54 70 68 91 13 99 4 12 34 98 16 37 37 18 40 62 92 73 35 33 75 71 90 19
67 15 14 33 78 84 14 69 16 76 46 38 31 46 43 90 54 68 51 14 93 90 80 18 17 31 61 89 70 45 23 61 48 3 69 78 55 14 89 39 13 28 53 2 26 56 99 16 8 71 28 52 95 29 75 -1 85 18 4 -2 50 92 27 1 39 54 40 39 27 77 50 2 20 76 13 56 7 95 61 41 59 72 65 0 25 19 39 39 23 64 78 34 40 62 46 30 56 20 94 21
96 50 43 42 38 56 92 4 71 38 40 54 91 87 70 25 9 69 34 59 27 42 10 22 66 9 19 58 76 85 13 39 22 37 83 71 77 32 39 53 38 95 18 83 102 92 87 45 61 90 22 18 53 18 95 16 11 28 46 29 46 86 56 66 92 4 29 37 75 11 73 52 21 3 36 65 22 83 91 19 57 53 59 46 51 81 95 58 88 57 80 2 14 91 61 38 96 4 86 25
30 40 74 16 11 -2 89 93 54 40 84 33 29 8 100 43 11 53 46 11 45 70 42 14 82 68 58 52 38 37 18 95 67 64 18 12 97 56 61 37 46 35 39 39 90 87 37 56 36 60 96 58 97 22 68 9 91 14 19 16 72 53 7 64 17 72 20 29 2 14 78 35 82 34 43 81 72 77 56 33 40 85 73 84 67 82 67 43 20 63 23 91 57 43 17 68 34 -2 13 10
49 56 83 63 97 63 93 89 7 65 25 36 77 95 68 27 74 39 19 69 25 67 56 92 42 96 98 100 33 44 51 95 49 87 43 80 23 60 89 56 13 70 101 58 83 47 50 10 29 83 87 93 82 61 23 83 75 41 100 25 44 98 30 73 22 80 81 54 60 95 80 87 27 39 72 92 60 66 7 44 66 66 62 8 82 96 100 35 38 57 32 72 9 28 42 94 30 96 23 61
62 77 11 26 39 30 7 91 67 1 5 17 92 30 29 11 27 54 99 68 2 70 27 0 89 48 53 72 45 62 83 31 64 11 12 52 74 56 54 88 50 50 83 42 70 19 58 74 67 26 68 55 15 5 44 35 100 62 100 46 43 74 68 40 16 58 101 51 81 11 39 -3 86 66 59 87 14 51 19 7 47 72 4 14 10 30 87 83 76 72 19 19 10 96 97 74 56 37 16 58
58 64 6 90 62 28 74 73 19 77 27 88 97 55 102 59 35 59 56 15 57 68 94 75 89 20 69 73 5 55 75 1 93 41 76 49 72 97 48 64 15 12 102 70 28 50 20 41 13 48 16 35 95 98 34 76 41 19 28 57 77 34 54 66 41 75 34 91 40 49 80 15 44 46 68 67 73 30 81 62 29 55 98 22 100 8 74 23 38 61 80 18 32 8 97 11 20 35 40 85
73 79 49 11 60 25 66 16 33 32 84 64 36 83 22 44 94 64 101 12 76 12 11 -2 36 0 50 76 26 8 60 96 34 74 62 65 63 4 97 7 67 81 60 83 91 86 45 46 6 33 7 39 17 95 52 29 63 62 16 49 88 9 31 81 40 69 14 0 42 82 85 86 89 9 29 89 10 61 28 12 71 56 59 95 52 38 46 51 2 3 34 17 32 87 43 69 86 67 71 91
61 98 72 41 101 25 3 92 53 4 42 2 83 79 7 31 89 89 61 9 9 76 93 80 80 90 51 4 96 65 95 26 54 24 32 56 51 87 100 30 32 49 83 71 39 77 3 2 73 11 14 20 68 56 53 60 71 26 7 77 97 92 69 64 58 13 16 52 13 33 95 33 51 87 28 54 44 39 55 87 22 54 30 25 92 87 18 73 7 83 27 29 17 12 70 67 66 48 15 97
89 92 84 60 53 52 100 40 6 45 6 80 92 -2 13 10 34 11 3 77 25 33 67 32 10 5 55 10 97 15 51 67 47 71 84 8 18 80 71 1 90 -2 32 60 73 75 62 -1 35 55 52 -1 92 7 45 32 8 19 75 53 9 29 101 44 67 6 46 -2 58 52 83 11 63 39 65 28 95 56 88 24 88 7 64 25 28 42 65 84 92 95 9 -1 17 42 28 1 28 96 6 28
60 96 94 28 92 38 50 24 72 22 74 62 37 59 53 78 51 4 83 40 92 69 33 20 52 21 54 53 15 33 49 32 38 82 54 66 50 60 13 20 68 5 51 70 84 31 25 65 44 88 90 38 8 52 4 62 33 2 47 96 40 47 9 52 23 84 98 29 57 8 71 90 86 12 8 68 45 69 92 2 60 100 25 48 68 84 76 29 75 29 45 16 9 12 83 72 68 26 77 37
38 39 50 54 81 23 14 23 9 23 2 16 36 4 6 6 95 69 37 42 11 61 90 73 97 40 82 33 82 68 96 89 15 57 44 94 7 51 77 85 40 85 96 16 45 48 99 9 9 68 76 59 50 48 98 55 55 30 96 19 91 39 95 71 13 73 81 43 72 93 19 9 81 17 86 42 60 62 91 95 50 83 65 87 51 90 50 16 37 10 90 10 18 46 41 41 99 39 31 48
34 36 85 47 14 38 69 81 57 29 10 88 30 4 80 52 26 62 10 72 61 34 24 24 95 59 53 92 47 92 32 32 14 65 64 23 11 4 53 73 30 41 52 29 3 40 29 64 64 28 61 94 85 77 95 23 92 78 51 95 18 97 35 76 37 22 53 75 42 56 19 82 44 22 52 78 67 25 25 39 91 17 77 63 15 93 11 4 83 69 24 13 77 68 84 56 98 65 28 88
82 41 99 52 98 32 58 95 88 -1 72 14 42 88 14 10 34 50 82 65 22 83 35 94 30 61 19 65 47 60 52 60 65 8 89 23 33 40 50 88 54 55 77 21 66 55 27 14 64 41 45 33 61 38 40 29 86 34 100 5 12 14 3 21 40 82 74 31 41 72 71 38 39 71 88 40 51 94 5 93 35 65 99 77 71 81 33 -2 38 91 53 50 32 -1 30 18 72 0 87 74
16 33 88 99 10 6 57 27 79 20 48 49 100 81 85 91 13 24 23 69 82 90 56 87 23 35 26 93 59 55 98 84 28 13 73 77 49 86 31 23 99 49 46 14 59 52 72 57 13 58 29 4 49 41 27 35 71 71 39 23 70 60 9 9 13 59 23 80 3 52 63 32 35 25 9 50 21 47 84 84 75 43 5 12 69 70 62 41 45 20 95 45 22 60 98 63 3 34 88 58
57 -3 51 80 11 36 98 40 81 39 37 20 15 71 86 -1 59 63 79 47 35 91 59 57 64 41 67 52 61 19 30 75 38 62 4 42 3 88 99 43 27 49 20 36 19 3 64 76 34 82 98 29 23 70 8 78 2 94 33 71 64 53 17 29 31 18 25 46 18 62 7 22 66 91 76 84 24 83 79 49 39 48 36 19 66 95 38 0 40 60 26 72 91 58 23 54 35 5 29 45
95 41 49 54 88 71 32 34 31 14 50 75 21 11 39 86 16 95 91 2 44 55 27 16 45 38 70 93 37 92 80 97 30 21 20 11 36 78 35 86 32 35 14 13 102 89 28 13 55 10 9 48 40 62 21 95 101 52 82 52 4 32 52 51 34 91 56 25 23 43 31 54 80 50 8 31 6 86 80 38 64 87 16 60 30 11 85 32 80 73 79 27 18 97 22 4 7 1 19 19
52 76 53 37 59 49 59 3 83 87 22 73 14 53 18 65 36 25 89 59 37 7 79 13 19 78 78 36 41 63 19 3 80 75 44 45 6 89 14 66 80 19 68 94 76 53 39 12 69 40 34 61 95 -2 39 71 80 66 64 5 49 5 52 85 94 7 99 12 36 61 79 64 23 91 55 10 65 72 64 70 18 0 3 2 77 -3 14 85 7 0 37 34 14 -2 66 90 17 61 35 78
101 19 100 54 30 7 32 96 4 21 28 89 73 28 48 15 86 12 38 80 64 95 61 57 70 60 58 31 40 7 91 66 77 97 55 1 45 62 52 21 11 14 13 57 63 75 93 83 98 34 38 33 19 45 11 55 100 40 79 78 74 63 36 86 71 100 79 40 5 3 4 36 19 9 83 12 30 43 70 86 85 40 70 43 22 7 24 59 70 78 90 84 37 32 26 89 57 71 13 27
24 79 60 46 11 29 32 49 15 83 73 29 59 68 78 93 4 53 53 36 74 35 18 2 52 12 67 10 30 8 75 26 5 49 54 48 92 58 71 80 86 68 44 38 48 70 79 69 100 96 61 37 20 1 54 61 87 78 11 77 96 13 60 39 78 77 78 50 69 5 23 83 70 36 77 30 85 28 73 63 100 94 31 31 24 71 62 25 99 43 77 93 73 33 57 22 59 82 15 53
76 44 57 20 27 10 50 61 36 60 81 44 19 24 4 100 42 1 31 22 24 87 93 93 34 68 5 71 41 12 82 45 4 39 39 32 43 97 82 52 39 89 98 17 100 39 44 28 21 42 27 57 77 69 65 89 53 64 58 85 98 15 12 1 74 36 19 12 47 62 17 86 81 2 89 46 40 96 26 54 78 48 100 91 86 16 77 76 3 70 88 13 32 75 51 48 24 42 22 57
54 78 32 91 94 73 87 62 34 61 50 4 99 58 91 7 46 80 3 24 54 89 5 65 29 39 86 16 24 42 89 69 34 45 65 77 74 63 43 34 55 89 80 94 74 51 77 39 100 74 63 36 15 77 8 0 48 0 98 46 17 61 26 82 4 84 77 65 28 92 73 22 50 72 5 9 39 76 36 76 44 79 78 83 83 36 54 93 30 64 33 87 81 5 80 92 48 5 28 76
44 87 48 1 65 65 28 55 62 56 38 44 59 26 76 7 37 73 59 65 37 84 4 55 22 81 50 44 56 75 92 28 87 11 4 62 91 93 79 90 40 72 64 69 63 57 6 22 37 38 13 4 11 82 19 85 85 89 7 7 96 3 81 44 25 62 82 93 46 32 58 32 30 19 44 4 96 62 85 61 65 41 41 55 67 42 32 40 101 97 58 18 4 80 8 26 69 59 79 37
67 59 90 39 97 43 26 50 21 90 67 29 79 38 65 85 97 74 15 15 43 83 17 10 7 12 66 8 46 62 41 95 39 85 22 64 2 42 71 26 63 32 38 0 4 95 7 21 15 55 67 -3 27 52 15 0 61 9 39 71 101 44 72 68 43 52 32 83 88 47 60 32 53 79 34 9 29 25 8 64 12 45 28 8 15 32 24 60 22 57 29 50 7 40 64 84 26 6 65 90
24 75 45 79 18 53 90 6 53 90 81 72 47 70 42 15 63 38 14 62 36 63 16 94 21 64 65 96 10 74 3 4 43 67 7 96 80 20 101 99 31 3 75 31 53 95 22 34 81 15 30 96 60 81 39 27 50 21 56 62 4 50 45 80 30 88 57 15 90 74 26 63 71 83 83 92 83 65 60 87 27 64 98 71 5 5 4 64 49 73 68 99 65 50 29 92 21 23 45 41
83 2 2 28 31 -2 59 88 62 21 47 59 21 37 53 86 100 50 17 19 42 0 15 9 63 43 64 88 29 4 4 54 62 15 93 40 63 75 67 25 85 91 29 1 84 -1 95 75 93 92 41 74 69 17 55 82 90 50 99 18 98 86 17 62 97 54 55 96 63 88 54 39 17 54 76 31 3 75 62 22 62 90 74 24 57 78 72 68 72 24 4 38 81 1 9 34 57 69 32 46
61 15 45 36 38 75 90 92 20 67 44 58 61 82 62 100 14 43 90 29 32 96 90 87 39 89 62 1 73 3 78 3 23 80 70 8 99 28 23 100 48 46 100 33 83 57 25 70 49 33 6 67 49 10 44 44 73 3 54 48 6 85 98 64 91 66 9 21 15 85 38 61 14 23 21 59 65 3 22 13 26 59 52 24 73 25 92 60 73 93 32 66 64 88 21 96 41 10 66 92
73 86 74 69 15 2 6 40 92 35 26 71 27 21 77 67 39 -1 91 63 98 70 99 95 25 69 90 0 62 43 65 -1 70 73 57 64 23 87 69 56 52 87 34 70 53 80 64 33 20 35 40 38 76 25 34 22 100 75 92 44 71 66 79 38 73 11 19 83 82 80 60 43 95 82 101 17 43 13 57 56 99 11 16 80 35 45 27 68 6 25 87 72 40 14 67 62 8 68 49 59
62 47 29 24 32 78 92 68 20 28 28 65 74 81 44 20 51 82 52 40 74 68 93 91 62 92 55 92 71 3 75 48 16 61 95 41 48 92 69 86 63 70 56 62 73 54 74 32 27 20 55 69 81 19 66 30 26 88 32 10 63 69 56 46 74 27 60 48 50 96 95 59 102 97 42 81 11 49 9 16 98 99 72 17 5 72 35 79 33 60 69 21 57 77 15 87 56 80 30 88
32 -1 69 4 42 34 43 9 62 27 30 54 54 35 69 65 6 84 33 4 29 9 74 1 77 42 88 13 12 29 74 16 73 79 82 40 9 95 35 91 59 89 71 38 98 86 13 66 31 35 77 30 60 4 59 1 19 91 100 9 90 45 2 61 44 17 97 30 15 81 90 4 17 57 97 74 18 20 57 78 43 58 56 -1 57 1 38 42 81 58 63 27 22 28 66 68 65 78 58 3
63 49 97 3 84 21 26 55 94 33 60 67 81 49 53 6 48 25 55 69 28 44 6 66 40 46 94 18 61 10 25 73 61 75 86 55 8 71 57 25 20 65 29 97 32 52 89 8 84 33 22 2 73 62 20 52 14 60 36 27 64 48 22 73 73 67 99 39 51 2 47 5 61 77 83 84 49 20 93 19 8 59 102 42 98 51 44 71 23 17 53 16 24 91 31 51 88 84 68 31
98 96 87 4 29 16 47 37 69 54 96 66 29 22 99 70 86 74 54 0 40 22 15 58 57 45 90 52 15 80 29 29 20 67 24 91 88 39 69 56 79 5 56 28 40 16 91 3 83 78 100 86 48 80 31 -2 15 50 31 59 10 96 55 24 35 -3 96 55 76 21 59 23 90 64 92 41 42 70 62 39 83 32 47 21 80 13 4 48 70 67 34 16 13 41 18 52 16 24 91 22
62 30 57 49 44 14 63 84 11 82 92 60 46 44 59 76 85 48 10 49 42 55 9 25 29 27 73 14 15 49 45 90 20 92 21 13 45 68 56 46 74 36 37 29 23 52 92 22 14 96 96 28 33 18 102 24 13 12 66 84 7 44 46 59 34 16 52 72 15 80 13 55 25 87 70 55 34 92 28 25 40 89 20 10 3 24 31 32 3 87 77 82 69 36 79 45 27 16 25 49
73 34 67 0 55 33 15 34 40 40 19 16 96 7 96 25 60 14 43 78 58 63 70 36 79 59 83 57 7 60 64 69 45 96 22 9 11 44 27 60 65 26 68 28 41 66 80 69 78 60 92 -1 35 17 88 -2 40 80 51 50 54 73 30 31 89 55 35 11 81 74 85 15 28 25 29 15 46 89 67 52 38 20 48 7 79 13 56 51 26 2 28 56 12 16 36 66 52 17 48 65
99 50 21 28 4 15 29 39 14 43 24 14 100 54 32 41 49 100 21 78 61 39 60 84 26 41 92 69 54 18 23 95 83 34 59 18 12 27 20 44 14 63 43 24 93 22 67 88 59 92 5 19 15 74 54 2 84 22 67 8 89 42 17 32 91 59 96 8 30 57 61 95 53 47 20 50 34 58 67 85 58 18 102 98 30 82 66 95 5 65 85 7 57 6 76 32 7 57 96 26
27 63 11 -1 61 29 60 10 71 21 38 96 16 50 77 28 68 44 16 95 36 94 38 9 21 19 50 57 47 14 11 38 29 23 60 -3 10 14 7 88 54 15 16 56 54 -1 10 84 89 20 27 85 81 -2 34 5 89 19 50 38 95 79 35 34 3 82 77 29 47 5 93 26 22 82 21 96 86 93 48 55 46 96 83 79 52 69 54 41 15 79 99 11 61 50 69 89 68 52 87 67
68 85 23 97 27 72 37 33 88 17 98 66 11 17 26 69 46 99 48 97 32 85 46 20 65 32 26 2 35 35 73 59 98 96 73 48 72 94 22 56 96 49 30 84 21 87 59 63 48 70 54 51 6 6 67 12 41 81 46 9 66 42 98 80 15 78 26 24 83 38 41 65 31 56 19 94 61 51 94 86 62 6 36 7 20 21 26 93 78 13 50 75 64 83 61 45 85 100 19 71
100 76 19 6 39 76 100 56 52 54 10 69 59 11 50 13 77 40 34 74 76 -1 10 64 79 43 68 14 28 25 28 81 98 30 31 60 69 58 60 26 89 59 45 94 55 70 42 36 32 77 52 70 30 21 51 71 54 12 39 44 9 25 69 79 25 18 98 21 63 94 37 61 74 57 3 26 17 32 56 21 46 16 100 96 34 11 65 35 78 4 28 41 51 72 27 93 74 68 29 34
80 14 69 87 5 34 102 16 86 61 80 19 67 37 11 14 23 61 69 31 78 44 77 69 77 1 9 99 75 43 73 44 39 61 39 56 63 37 24 82 28 72 10 1 35 30 95 82 22 11 67 30 25 35 88 44 70 64 24 39 11 65 101 51 98 44 77 76 49 96 19 65 21 36 47 38 14 84 38 57 41 13 58 42 80 2 30 7 72 43 89 22 65 19 15 37 41 71 55 17
21 30 6 62 47 68 4 66 46 44 17 91 71 76 52 37 48 9 59 66 90 49 56 95 86 23 81 66 6 25 32 65 79 29 20 27 25 75 61 13 36 45 51 86 33 69 22 23 69 50 76 10 43 90 68 89 84 76 85 56 28 78 13 14 57 -2 66 53 62 94 17 7 52 22 61 29 20 13 74 17 28 8 95 4 19 12 33 32 41 75 14 22 10 -3 30 43 47 83 18 14
31 86 93 56 57 89 77 1 93 36 44 77 93 97 49 47 76 12 34 47 66 13 63 2 21 5 55 64 57 97 25 25 69 30 38 9 63 1 44 64 82 19 23 19 71 82 10 24 43 43 52 24 50 51 68 59 14 47 34 53 73 58 49 99 13 73 81 88 19 94 77 27 28 3 5 10 6 63 51 20 72 74 27 64 68 66 65 47 77 6 51 51 68 89 36 83 47 70 92 7
6 92 28 80 31 88 57 31 81 55 8 16 97 44 30 7 95 79 68 73 98 12 8 44 22 5 94 65 77 72 72 26 79 91 78 5 45 84 21 19 62 17 94 54 27 75 76 18 51 46 82 11 70 9 39 13 75 57 17 44 41 38 75 56 11 19 61 64 78 53 32 74 53 69 16 79 59 64 41 65 61 30 29 3 3 10 45 58 94 64 14 95 30 54 43 35 82 59 2 44
31 15 70 47 88 81 29 50 16 52 27 52 58 44 9 27 75 16 52 96 80 12 79 86 44 97 80 87 80 86 95 27 50 44 27 12 38 42 9 41 14 68 32 49 94 77 78 49 100 18 96 46 87 34 74 90 62 9 33 60 34 11 89 54 20 25 14 98 53 99 59 3 55 48 61 87 89 94 62 50 32 75 37 72 75 63 48 68 59 17 19 29 68 86 15 60 63 5 73 18
21 80 32 14 36 37 52 30 91 7 81 24 73 66 90 24 82 70 71 21 18 48 62 85 82 -3 26 96 80 75 34 27 58 75 82 90 96 50 33 18 81 19 16 50 36 13 92 26 26 54 99 22 95 10 60 90 62 18 72 1 7 6 82 35 12 10 42 79 72 14 93 88 78 50 79 42 100 80 77 61 26 29 64 17 87 40 75 9 100 42 84 72 94 56 56 89 10 70 18 19
99 90 97 62 91 27 33 64 17 44 96 11 53 66 84 2 39 38 51 16 63 94 8 92 22 56 76 38 12 49 24 5 13 65 4 26 82 58 11 39 25 50 44 95 3 32 3 83 70 78 56 76 58 12 35 45 28 77 80 75 100 92 27 67 4 19 30 74 64 83 83 15 3 35 26 64 98 87 54 4 28 81 46 8 53 10 81 1 71 65 11 50 92 14 24 8 72 85 23 33
12 -3 35 23 35 32 41 87 10 72 50 57 61 85 60 19 98 16 80 85 12 62 101 65 75 94 44 29 18 37 64 41 16 45 77 95 13 42 94 96 11 51 94 55 32 67 36 8 85 78 101 4 26 86 7 31 75 36 75 16 66 26 7 49 41 93 73 63 50 84 25 12 46 47 19 91 32 52 48 52 26 48 91 64 29 93 49 12 31 12 11 7 92 0 17 27 20 66 98 22
34 17 77 44 31 36 51 61 40 88 79 55 58 37 52 45 44 16 85 31 18 70 32 30 98 94 64 23 79 96 26 8 89 41 73 71 80 32 95 75 100 6 6 89 76 54 24 71 78 74 9 63 76 34 99 26 94 2 14 14 71 78 24 74 86 74 35 90 54 39 54 34 22 56 21 99 87 15 19 47 38 66 76 4 79 64 87 39 22 21 70 29 52 90 102 44 50 13 13 54
32 82 62 89 9 11 73 94 92 32 51 67 58 34 48 10 14 3 32 89 87 75 16 46 68 95 54 36 14 28 47 49 17 9 51 70 17 48 32 95 91 68 21 6 64 -2 67 6 3 92 10 9 32 4 7 59 81 8 53 61 91 10 56 7 54 68 38 88 17 7 80 74 13 74 96 71 52 69 52 79 27 55 31 65 16 32 59 23 101 47 46 91 64 92 41 15 80 50 36 7
14 10 31 51 71 88 40 42 99 29 23 37 101 65 72 39 41 8 91 71 64 44 97 11 14 48 26 85 5 45 99 24 61 80 67 90 42 31 53 79 97 5 45 50 49 86 25 6 79 29 68 15 17 52 36 38 56 69 15 6 99 4 74 58 21 18 12 48 77 63 41 15 10 99 9 66 23 91 71 73 49 33 91 11 44 15 45 27 26 15 80 76 29 63 102 2 40 68 15 22
26 20 15 17 62 7 19 6 38 56 85 1 100 72 90 15 3 17 66 43 61 46 67 5 100 54 24 59 49 25 74 29 99 23 7 17 41 5 27 19 36 20 62 94 30 51 65 96 98 4 33 10 34 12 40 87 35 79 23 45 96 79 74 32 42 59 13 29 35 11 68 26 70 29 61 65 22 51 28 33 69 77 23 31 89 35 30 54 69 62 83 63 92 53 52 47 42 34 67 20
90 14 44 27 14 43 89 75 12 14 90 76 12 62 49 84 19 52 28 95 78 72 81 59 93 99 94 23 64 34 32 98 93 96 11 98 3 37 96 55 73 15 61 5 18 62 54 99 58 43 91 68 21 35 99 52 99 86 42 2 98 89 21 9 82 18 11 50 95 61 5 96 42 14 82 42 51 75 57 9 5 33 81 68 25 5 62 42 86 57 46 56 47 10 43 96 81 90 15 81
57 87 60 23 46 68 74 55 27 0 99 74 71 71 21 91 75 28 3 92 54 65 24 93 28 3 68 39 52 85 98 62 79 22 5 33 78 30 28 21 48 2 32 76 49 73 87 51 47 63 52 78 9 70 57 41 5 48 31 62 91 90 36 70 4 -2 83 9 81 12 94 75 29 59 23 -3 6 53 11 84 47 87 45 22 60 28 2 3 43 57 40 18 23 48 26 0 96 25 59 8
64 26 21 25 80 80 86 56 14 14 19 20 95 64 67 89 51 38 38 87 90 9 29 50 46 64 39 54 29 66 78 51 42 10 5 51 87 9 39 44 83 29 91 40 14 9 11 73 10 79 25 18 80 60 22 26 82 99 86 5 88 1 31 26 101 19 74 75 40 91 90 19 44 90 47 1 67 15 71 52 28 17 5 21 65 28 34 54 66 28 23 36 18 76 66 51 90 1 85 14
70 29 37 80 39 39 57 42 94 54 54 19 63 90 10 82 74 57 84 69 54 86 69 65 79 17 7 23 31 20 58 80 20 -1 9 20 47 64 79 58 97 60 17 87 68 58 13 77 88 47 46 92 57 74 57 19 36 19 10 34 67 11 31 11 38 46 16 43 24 71 13 48 32 75 30 66 36 38 84 83 49 64 13 66 94 50 3 9 68 12 35 58 18 29 33 95 91 51 32 55
76 35 90 43 36 79 68 13 89 5 88 50 89 20 94 61 86 82 7 58 6 96 46 15 77 63 93 61 16 99 7 65 59 23 82 8 72 93 18 70 68 77 99 71 86 38 34 68 51 96 71 24 94 65 41 24 21 29 66 54 77 64 92 89 95 100 38 19 14 58 24 63 71 70 44 10 44 82 57 55 53 82 54 83 79 91 99 10 53 46 90 77 69 50 3 28 25 10 44 24
33 94 46 90 99 36 65 14 100 78 39 12 49 92 40 4 18 0 59 9 68 77 63 20 30 24 97 14 69 0 4 44 34 22 54 71 39 64 18 94 56 85 100 52 80 95 37 80 20 5 21 26 42 51 49 48 87 1 87 35 38 87 60 16 94 71 31 76 59 61 82 82 29 65 23 5 73 13 97 44 4 23 67 80 47 50 4 74 20 24 64 30 39 10 16 22 45 43 22 26
44 5 4 59 38 5 102 69 81 34 71 52 88 61 20 16 90 78 32 98 60 1 64 63 33 50 7 84 68 94 94 90 38 81 62 68 3 32 6 50 37 2 72 55 96 88 8 1 76 7 62 32 102 34 42 69 98 35 78 43 19 20 19 7 32 85 64 97 81 3 78 77 42 77 78 32 3 72 79 94 3 98 56 97 53 14 83 85 30 11 96 17 78 10 95 58 60 17 58 44
19 62 54 89 67 80 58 15 90 4 15 87 75 96 32 -3 97 0 35 45 65 3 90 26 25 80 80 30 29 8 74 27 38 72 10 93 99 -2 15 70 36 80 92 26 41 -3 28 58 89 58 66 55 23 30 7 92 40 69 59 41 72 -2 96 30 32 29 26 -1 83 78 58 62 24 71 50 93 59 91 68 52 73 87 43 41 77 8 94 14 20 20 27 41 21 88 44 41 5 31 82 27
21 77 4 91 84 57 95 81 90 77 78 84 26 7 44 64 56 21 17 18 39 26 9 93 16 71 102 51 24 67 83 9 69 11 96 10 46 48 24 30 6 60 102 72 22 42 81 30 55 74 85 87 13 69 89 29 25 39 47 45 95 11 97 19 79 62 56 11 39 75 80 51 37 21 71 87 31 60 71 56 94 19 22 60 6 13 85 79 5 66 26 55 78 76 27 52 55 80 53 3
93 57 23 20 32 66 71 81 32 3 6 27 81 61 44 17 49 96 27 83 70 70 42 3 10 58 8 91 31 13 2 22 80 42 37 38 52 37 52 77 62 79 66 16 11 22 73 23 96 73 79 62 4 38 74 1 67 40 24 39 94 93 91 89 76 19 48 82 82 10 55 40 77 33 51 78 87 1 72 58 91 47 70 78 79 31 14 33 37 72 54 32 101 95 23 47 45 4 79 3
71 57 67 17 51 91 36 25 65 88 3 10 72 68 64 56 14 65 38 12 30 35 41 16 48 73 91 74 53 27 30 53 97 95 98 63 87 87 52 75 25 69 13 61 92 12 40 95 45 71 92 16 7 71 82 17 50 72 74 72 5 32 68 4 60 6 88 36 68 58 98 77 70 6 47 34 73 40 16 45 36 22 16 94 39 97 57 76 51 23 65 38 6 46 63 44 94 35 34 75
21 20 69 13 43 84 79 28 73 27 75 70 101 49 78 55 82 94 68 62 58 2 12 0 46 18 36 45 7 40 45 22 13 13 16 67 80 36 78 12 97 59 44 71 60 14 49 22 90 60 10 55 99 68 98 30 20 37 35 6 48 72 21 81 62 22 26 75 73 45 87 2 9 16 68 89 13 69 84 64 36 45 63 9 7 75 31 34 52 18 32 65 94 47 57 69 89 63 28 39
72 10 37 13 87 18 28 86 45 82 48 98 78 59 15 81 28 55 73 13 68 65 55 92 70 84 70 25 80 85 29 52 101 5 80 84 98 56 83 99 49 48 49 81 28 56 4 48 54 85 81 2 74 16 33 55 78 32 54 16 79 71 67 28 10 100 51 82 94 2 30 73 85 70 13 62 70 97 91 92 83 23 90 88 76 60 76 69 77 55 61 4 12 13 97 1 44 72 55 87
40 82 91 66 54 20 69 25 78 89 50 66 3 27 100 2 10 30 74 12 60 17 5 95 22 60 95 3 36 55 71 21 64 31 32 30 100 65 72 86 86 87 93 25 3 38 7 78 12 63 28 13 80 9 87 57 47 39 94 10 34 32 97 11 26 22 97 61 38 74 36 83 54 81 10 38 100 43 46 96 93 47 89 25 79 80 55 17 100 48 34 62 43 6 98 45 21 55 70 23
7 96 7 25 84 50 43 69 4 3 64 87 63 25 48 57 61 18 76 23 101 31 53 59 97 53 3 93 3 69 68 78 47 20 52 29 42 4 73 43 95 81 19 28 57 96 25 98 77 25 44 96 8 20 87 42 54 46 6 14 32 44 49 22 100 7 76 33 24 87 48 83 42 18 4 9 5 76 102 9 43 64 11 51 92 63 5 35 21 56 9 31 55 86 56 92 40 1 63 80
25 72 24 20 25 7 91 73 16 46 72 -3 78 78 36 96 29 24 66 79 96 32 74 88 95 82 75 49 25 92 45 56 57 14 38 84 5 23 9 27 90 62 17 45 74 83 70 -3 20 50 5 23 44 49 18 70 86 25 32 27 74 6 90 63 68 83 93 54 98 36 37 29 53 47 3 42 78 34 53 24 27 19 32 96 87 28 16 8 15 14 95 68 68 95 21 77 4 66 91 -3
90 99 30 55 23 51 12 57 11 67 51 69 50 55 69 55 32 36 38 52 99 33 19 15 79 81 56 77 89 78 66 94 65 6 61 34 89 97 87 24 8 20 100 44 11 34 7 14 8 65 7 22 81 6 7 3 21 98 73 56 27 78 59 92 71 38 3 66 33 98 16 74 83 28 95 51 80 52 89 35 47 80 91 39 63 24 3 9 30 95 6 6 36 55 16 10 96 79 20 20
58 47 24 61 19 -3 86 33 14 77 12 13 76 49 6 30 43 53 98 89 64 20 58 77 5 90 97 33 84 80 91 73 58 84 7 48 83 40 17 88 28 68 69 18 38 42 59 -1 2 10 77 77 34 78 46 10 72 86 36 64 65 65 60 89 96 36 76 79 65 2 67 68 83 71 95 17 38 0 97 80 95 15 75 64 50 55 62 39 28 82 95 66 12 13 6 84 24 19 37 6
43 43 40 41 9 85 57 71 14 86 5 59 75 13 69 52 6 27 70 77 51 25 70 64 27 26 42 62 13 62 91 37 72 16 61 44 44 20 54 12 33 15 5 81 48 85 87 84 74 40 16 71 58 43 101 38 48 59 36 33 18 23 57 85 3 7 12 2 7 9 60 88 14 47 100 24 41 24 54 51 41 71 77 41 90 73 27 83 87 44 63 2 67 86 29 82 20 66 81 31
84 17 69 -2 75 77 26 57 7 93 50 76 54 58 23 88 13 75 48 49 83 74 72 35 67 28 45 82 3 73 42 86 58 5 86 77 100 68 50 62 47 49 101 63 101 9 12 73 55 17 24 49 91 64 91 -1 49 55 96 16 22 50 64 44 36 78 29 80 38 89 64 36 58 45 89 28 13 77 100 77 51 30 91 43 85 87 43 72 22 20 41 43 51 53 29 79 31 0 65 12
26 2 33 62 9 7 94 1 89 17 90 28 37 38 9 96 98 88 97 29 63 6 70 56 6 39 100 99 47 13 63 85 27 46 48 68 38 88 52 6 52 18 93 15 40 77 27 20 72 68 38 10 29 1 68 82 8 14 85 74 100 70 78 68 14 83 15 49 79 100 53 21 23 11 21 69 24 72 84 83 54 51 71 62 93 33 26 48 80 48 54 29 61 30 61 16 55 37 64 81
11 17 42 7 27 56 5 26 35 7 23 -3 91 28 34 54 6 95 60 29 55 80 61 21 22 35 84 70 40 62 84 72 32 53 72 12 21 89 39 53 89 52 40 80 77 57 59 62 89 28 67 59 23 75 101 77 95 55 7 26 26 67 87 53 57 11 52 49 39 61 38 63 69 72 50 89 101 62 30 35 34 88 97 26 88 72 87 17 23 5 52 86 7 8 84 56 44 8 46 43
78 32 37 84 64 11 84 26 37 81 92 29 51 83 55 30 63 99 55 45 27 41 13 72 13 65 7 63 42 99 84 86 95 65 4 31 17 51 7 31 46 15 68 28 21 93 27 37 82 71 90 22 69 39 86 37 25 92 32 35 64 17 95 100 38 73 84 31 12 49 64 42 20 37 8 27 91 58 31 89 44 55 86 13 55 35 32 32 30 48 51 15 93 72 80 67 97 68 63 42
76 52 47 32 32 84 62 7 81 53 92 7 73 24 20 11 43 56 52 60 85 92 49 6 96 38 90 36 79 35 60 15 14 74 96 22 24 17 82 64 24 18 49 47 14 67 61 28 92 12 100 95 17 63 20 23 85 -2 52 3 18 59 48 84 56 56 12 61 13 58 35 30 25 82 68 48 41 84 91 66 29 67 11 85 43 25 97 14 80 75 92 62 91 30 87 61 45 96 3 82
27 95 61 51 47 39 7 44 3 52 68 57 41 85 61 15 17 89 16 64 17 30 13 30 82 21 97 79 42 78 57 63 61 82 37 60 26 30 80 58 82 74 96 91 90 49 44 63 98 20 97 71 65 45 69 59 49 47 48 35 50 19 29 96 64 93 81 15 5 74 67 72 92 92 38 6 63 68 87 25 49 5 61 100 83 75 94 16 35 99 75 97 79 77 73 22 46 72 74 21
99 91 33 72 86 92 39 67 35 43 75 14 59 17 58 10 87 82 27 38 91 51 21 91 19 39 72 47 11 21 2 93 80 90 87 60 2 65 82 4 67 16 16 31 91 27 36 58 57 31 84 60 31 40 4 51 52 76 24 24 17 26 41 64 88 33 48 51 22 52 67 37 15 93 12 16 43 10 14 71 54 73 42 22 5 21 9 60 75 81 20 14 60 74 38 75 68 70 53 27
El programa tarda 23 milisegundos en ejecutarse.
