52 59 100 77 77 41 26 71 87 35 30 55 18 72 69 45 41 50 79 15 3 14 79 97 17 29 99 86 40 11 40 62 33 73 38 57 81 15 21 22 60 82 64 64 66 88 57 46 20 3 41 89 21 79 31 23 65 20 73 84 95 52 71 4 22 100 15 43 80 45 95 10 82 72 16 13 50 9 67 77 54 99 56 95 19 24 42 33 28 73 82 87 93 19 17 47 5 42 52 73
80 25 18 85 94 40 56 40 79 68 86 75 87 13 66 23 47 20 40 20 46 -3 18 35 31 17 42 69 91 50 56 1 20 34 76 34 48 44 75 94 37 88 27 49 5 15 45 91 78 92 17 72 90 84 97 50 76 40 33 54 52 61 21 62 55 9 68 28 42 17 91 13 75 9 34 80 83 78 10 77 4 4 37 28 6 65 71 25 73 3 25 9 87 6 51 8 75 79 37 33
96 78 78 61 38 81 20 97 63 45 64 17 73 13 87 12 9 47 79 79 77 58 49 43 4 4 11 27 44 10 26 31 40 40 29 64 7 44 23 31 46 93 53 91 31 98 32 39 76 21 11 98 13 79 98 45 32 28 4 35 63 55 52 49 34 76 33 2 73 81 97 40 27 59 64 75 8 72 20 2 84 50 9 45 63 30 38 13 63 47 72 45 64 75 16 54 12 79 88 96
31 42 20 16 34 45 26 78 15 65 88 32 66 30 80 53 66 2 18 82 11 45 23 16 22 35 28 27 49 55 25 27 7 45 28 61 12 96 63 41 77 76 8 26 88 21 49 76 65 24 27 -1 98 8 81 59 97 72 65 4 54 66 74 5 94 47 79 32 15 48 42 17 80 7 54 61 58 59 19 34 53 53 59 95 65 88 58 38 95 33 44 -2 90 47 40 13 30 89 30 66
31 60 74 21 49 61 90 62 51 31 74 11 62 26 19 18 13 45 64 27 64 96 33 91 12 2 13 32 97 45 58 99 34 13 17 66 53 32 90 76 70 46 91 50 72 8 35 48 57 61 20 58 101 66 71 4 39 82 96 40 31 79 87 12 59 93 24 66 32 57 78 94 26 62 91 14 45 2 16 91 24 32 22 40 100 40 32 48 49 27 68 87 81 73 52 20 97 52 101 23
48 56 93 72 39 5 5 24 79 41 21 44 52 41 7 54 10 62 97 44 90 94 62 45 72 27 83 62 23 10 93 60 64 29 86 5 77 45 72 68 3 43 56 30 41 91 63 14 33 31 62 18 33 53 76 32 5 35 18 46 46 0 7 91 46 43 30 83 2 62 55 85 71 57 97 17 2 21 45 15 31 -1 65 69 32 54 101 7 77 31 33 74 79 -1 39 73 87 75 66 23
59 67 87 24 8 62 38 94 50 95 32 40 72 34 40 9 20 73 78 39 26 13 10 40 43 22 45 38 68 72 66 93 71 24 39 83 57 67 63 48 16 72 102 60 86 68 95 93 25 38 84 64 3 44 10 14 86 10 23 96 24 13 26 61 84 30 19 20 76 67 45 100 80 42 31 1 67 17 18 8 16 24 36 3 69 29 96 88 39 79 34 16 56 42 83 97 9 86 88 48
36 88 69 20 39 52 21 90 79 79 6 52 69 33 23 69 16 72 63 12 83 53 35 88 53 79 58 64 10 1 5 69 61 95 79 18 89 87 52 66 3 96 21 74 66 32 70 34 13 90 97 89 57 66 45 45 49 95 20 70 11 49 98 57 83 79 51 4 39 40 55 76 93 1 62 91 2 76 8 78 77 21 63 52 75 36 33 69 96 71 77 0 19 0 58 11 27 14 88 19
45 47 12 36 75 31 76 87 37 6 90 9 69 87 12 12 77 17 29 69 69 21 96 23 87 28 59 94 21 14 50 76 75 7 85 78 52 27 82 80 59 18 20 65 14 56 17 88 4 33 62 36 91 9 40 76 89 97 99 45 25 10 91 9 93 72 66 66 55 99 30 70 81 14 11 88 51 62 38 9 98 74 30 74 87 23 37 21 29 21 75 65 96 84 43 80 76 21 52 99
100 78 74 66 57 28 66 78 99 11 99 95 26 87 81 12 62 43 72 88 71 3 75 83 69 87 5 81 44 77 46 52 84 28 86 73 26 16 90 8 61 51 9 4 31 20 31 75 6 62 4 71 96 43 99 88 65 20 73 89 27 65 86 59 94 42 71 66 78 34 14 27 35 24 85 61 100 52 99 43 16 93 4 17 79 16 2 38 24 1 81 5 49 49 90 83 47 0 33 26
51 72 58 27 68 83 23 52 71 89 74 72 49 52 26 77 97 34 65 44 67 96 80 67 41 47 38 49 64 41 47 83 41 89 10 100 23 2 74 6 52 53 98 7 3 12 94 42 57 82 85 37 74 35 26 41 76 27 65 73 46 37 67 74 57 5 35 52 78 48 61 47 74 29 85 62 18 36 22 54 56 25 102 99 100 1 17 86 34 67 97 47 100 40 52 60 80 80 8 22
45 33 13 27 61 -2 57 74 2 90 53 91 57 2 39 81 2 96 27 96 87 6 92 15 76 1 22 27 57 41 69 20 19 39 24 20 36 40 8 34 88 17 30 21 100 75 76 86 3 74 92 13 11 52 27 9 31 63 38 53 24 41 7 24 46 15 38 -2 38 9 91 89 3 96 82 35 26 70 36 29 72 56 92 13 23 74 86 68 17 29 2 50 45 10 64 50 21 47 60 80
76 83 33 19 81 68 44 52 38 77 15 67 36 10 90 67 42 64 97 24 102 1 92 85 81 68 71 98 7 29 92 78 100 96 71 95 78 44 93 3 76 41 16 17 8 20 66 85 75 81 74 75 100 6 6 77 80 32 102 80 85 51 89 60 5 41 19 8 37 93 25 92 30 23 29 41 51 24 100 30 33 66 100 26 47 82 53 66 3 82 57 16 22 45 52 73 51 59 52 84
58 95 36 33 63 33 18 11 60 28 62 10 62 39 23 13 83 63 50 67 56 17 71 16 68 16 29 56 12 62 24 39 2 72 46 49 74 43 47 40 74 93 43 41 13 58 88 88 74 7 52 81 73 68 46 20 79 39 62 5 56 9 5 73 21 95 35 63 72 66 19 95 101 95 95 82 18 62 78 87 43 21 8 94 92 0 3 23 62 32 35 27 39 54 40 50 4 55 13 41
84 13 47 78 88 59 7 48 11 83 100 72 43 52 38 42 87 78 73 72 44 5 66 65 30 76 45 54 62 46 10 52 86 30 50 91 92 78 3 4 59 38 78 45 41 54 33 60 100 16 93 39 70 83 14 2 60 78 12 14 24 52 91 33 59 12 71 71 100 95 65 26 28 96 86 48 37 39 94 5 19 2 49 73 25 15 20 37 99 75 54 16 71 9 102 27 68 91 27 13
58 76 77 46 65 24 91 29 2 94 78 52 64 95 25 29 79 46 60 40 54 42 66 85 81 33 32 89 69 73 67 25 30 42 7 62 18 -3 37 82 46 73 83 62 10 0 93 55 61 66 36 79 93 46 14 33 15 27 10 65 40 12 83 36 80 76 94 29 63 91 41 67 2 69 42 28 27 6 12 75 49 35 83 17 94 42 47 94 10 62 13 56 35 73 12 82 84 13 76 10
74 40 20 91 48 47 65 91 47 12 65 27 100 78 5 85 20 55 38 18 17 28 16 39 65 58 96 57 61 14 39 46 101 89 38 89 38 72 81 39 60 23 13 93 84 65 35 41 16 31 40 61 39 71 52 85 102 25 38 63 32 76 84 24 91 98 91 57 77 3 26 77 30 22 81 98 69 60 20 94 37 66 85 36 26 97 7 41 13 65 10 9 6 84 32 18 21 54 99 84
3 63 42 76 40 26 62 87 6 54 34 9 96 17 92 49 62 59 37 86 13 74 60 13 85 58 43 8 57 2 36 17 9 81 9 94 60 -3 53 67 60 55 10 84 39 73 5 -1 4 10 10 69 49 77 70 50 4 58 64 63 47 30 84 70 76 8 96 63 37 44 6 35 46 68 3 94 40 8 56 55 26 32 67 11 101 41 11 93 80 76 101 6 27 38 99 16 42 8 43 61
18 89 16 69 9 38 71 23 31 9 57 13 3 40 21 84 15 52 51 17 5 91 21 51 61 71 23 51 92 46 62 74 84 20 22 9 12 82 88 62 48 77 6 25 6 68 66 75 56 83 63 92 48 12 64 19 99 39 101 39 68 94 67 79 32 8 47 1 64 85 81 88 6 11 36 2 36 24 24 20 94 26 79 43 94 91 6 27 72 11 38 31 17 97 31 88 55 17 48 32
64 84 88 24 98 61 67 6 74 26 12 10 2 4 54 87 99 13 19 57 92 81 72 61 50 24 59 74 68 51 2 3 73 10 43 53 23 58 7 91 62 3 30 79 97 54 65 46 75 56 78 92 4 6 78 9 35 80 100 60 48 40 14 44 7 17 89 29 29 9 52 41 97 78 79 52 84 86 25 27 99 29 75 28 31 21 87 41 9 1 69 92 2 12 44 13 62 70 7 37
92 77 34 63 66 21 101 83 46 13 34 83 47 79 75 63 74 30 46 26 21 20 3 77 62 40 72 65 56 46 86 77 12 39 78 78 94 82 49 59 41 63 41 51 50 83 81 59 16 68 84 31 94 13 41 13 99 62 68 4 5 45 96 44 40 8 97 73 26 98 74 89 41 68 46 65 79 12 38 88 62 49 22 88 18 18 27 78 70 84 14 6 16 62 11 80 28 52 101 36
25 80 45 63 80 22 16 44 57 72 53 44 2 81 93 38 62 35 41 8 86 50 24 26 8 41 34 7 98 43 33 40 3 65 92 80 43 14 32 50 91 9 45 32 97 56 96 49 17 86 53 37 4 91 11 62 63 1 65 25 50 51 42 64 71 43 67 61 63 39 53 22 26 4 14 34 87 13 71 4 60 67 96 21 42 42 59 5 90 29 80 85 79 26 59 95 16 63 38 15
58 75 19 89 36 25 42 36 33 76 99 69 41 54 78 24 30 38 38 62 26 57 47 40 26 43 21 7 7 31 10 31 81 51 61 53 24 72 11 57 76 75 27 32 99 5 6 95 67 90 32 54 54 11 54 73 53 39 99 18 17 33 56 62 4 75 56 53 67 87 58 29 24 34 21 29 7 31 42 14 24 27 98 92 54 42 75 2 42 12 72 20 79 7 95 89 26 58 87 11
63 49 42 71 64 42 41 33 31 41 81 17 57 31 47 27 68 24 55 58 21 4 9 87 65 13 76 53 96 73 44 14 26 31 47 20 4 90 46 22 22 54 59 84 54 22 54 75 3 29 20 32 13 53 86 54 87 52 100 60 80 49 44 46 85 35 96 48 24 88 11 17 32 1 73 14 96 32 85 9 47 78 8 7 7 19 17 67 21 78 54 67 27 66 69 -3 21 1 10 44
72 47 86 1 53 82 46 60 58 52 59 33 16 56 36 48 61 81 30 14 65 73 87 32 88 1 43 43 29 16 71 98 70 56 65 10 78 17 96 63 21 52 26 33 25 24 77 88 21 25 40 29 9 7 91 53 38 75 20 17 97 37 24 5 55 15 94 3 101 66 46 37 17 82 77 100 89 88 78 78 81 91 76 74 46 70 26 75 34 53 12 38 17 78 101 21 41 65 92 12
19 25 53 52 101 46 76 33 36 58 93 17 44 11 11 -1 95 84 59 78 98 43 23 30 17 74 66 17 101 51 3 35 86 91 61 68 38 47 17 9 62 63 43 52 33 4 31 66 56 77 29 30 21 41 32 4 26 21 91 79 84 30 75 66 65 7 78 62 26 6 5 32 94 58 97 52 7 55 19 53 82 42 40 20 91 74 73 18 48 82 51 2 50 60 56 19 26 72 80 11
35 59 64 51 93 89 91 57 16 66 69 32 87 63 78 62 53 2 67 10 77 72 47 50 30 64 22 12 59 57 47 89 75 29 67 63 69 53 52 8 69 85 26 27 68 25 47 83 84 4 55 11 28 29 52 100 13 77 26 39 9 40 6 70 95 74 96 86 32 17 70 50 41 14 49 43 65 98 44 77 5 42 80 33 98 45 89 51 62 54 79 10 52 90 17 100 94 19 25 19
60 26 76 11 90 87 97 77 33 93 45 49 5 -3 72 34 47 90 26 25 46 72 45 79 72 46 77 42 69 27 23 37 2 73 53 50 13 21 49 90 45 95 26 12 6 76 73 50 12 86 97 20 7 90 73 23 88 56 48 -2 81 12 90 31 87 51 75 85 16 44 35 64 20 64 97 73 32 92 80 4 33 81 53 54 41 87 42 20 85 95 10 3 47 36 11 34 82 64 62 85
13 93 102 30 78 14 78 86 22 27 15 90 18 73 31 73 12 77 40 75 84 55 41 87 61 78 42 17 56 61 68 72 53 100 101 73 10 75 78 91 59 64 14 39 21 32 55 45 89 1 61 54 26 18 17 32 31 86 10 59 77 62 92 31 68 39 6 12 90 24 27 19 23 98 57 53 56 84 56 23 10 96 38 65 95 98 49 83 58 95 56 4 38 60 10 88 46 70 45 67
94 92 3 81 77 29 6 19 30 83 22 89 65 36 89 38 52 68 31 57 16 31 80 86 98 1 41 62 33 11 68 60 62 46 12 21 68 10 76 94 99 37 74 63 12 46 93 57 4 47 22 3 83 79 35 18 57 32 28 92 56 59 34 62 65 43 66 49 60 86 30 66 53 27 54 -3 10 94 92 82 91 68 47 50 72 29 24 75 48 22 48 35 73 -2 26 24 13 53 11 41
87 1 98 84 25 89 58 27 82 49 18 34 101 21 29 23 9 95 40 31 62 59 48 42 45 67 86 77 83 90 60 45 34 80 20 72 23 79 74 23 101 27 38 67 9 72 40 41 17 13 14 90 89 33 6 12 36 21 78 17 69 53 62 2 46 98 18 18 92 12 65 100 7 10 39 13 48 59 82 90 43 19 8 84 98 80 16 16 40 58 83 57 60 32 100 23 57 12 94 45
94 76 60 11 34 36 21 -1 91 68 90 71 94 93 15 50 25 18 97 8 29 27 5 65 43 93 97 54 40 55 39 14 22 20 79 10 84 64 30 38 73 65 66 15 11 82 92 75 98 35 32 95 26 0 16 59 34 29 65 6 99 55 92 87 26 15 80 88 3 13 101 96 24 22 25 81 56 94 21 20 82 73 25 86 5 27 11 94 22 94 69 60 63 50 96 54 79 81 33 79
99 76 41 30 40 3 77 22 37 68 84 11 53 66 84 21 17 63 6 7 55 3 19 49 24 65 3 46 55 26 16 78 74 10 22 7 68 40 33 32 41 24 77 23 87 74 36 70 34 68 41 52 35 20 82 15 87 76 84 24 41 92 36 59 94 6 15 2 25 72 33 70 12 84 39 23 89 83 60 13 32 93 27 6 52 11 32 50 57 45 83 36 71 71 84 64 67 39 38 67
34 74 98 56 41 76 8 1 35 81 48 -2 81 32 7 54 32 82 11 -2 39 35 82 64 82 89 100 76 58 53 29 54 98 40 15 38 83 -2 9 61 48 7 90 56 77 48 43 36 19 80 21 43 72 87 95 24 2 70 76 51 30 -1 53 69 74 60 31 42 99 69 51 -1 85 75 84 13 88 77 29 79 71 76 42 61 83 82 90 57 53 76 76 29 98 49 19 18 4 46 91 77
28 44 72 42 69 70 72 54 27 99 33 99 93 13 73 51 70 72 33 83 92 7 83 27 25 80 41 19 44 86 90 60 72 16 80 82 25 26 97 81 52 2 53 83 86 48 94 47 98 90 53 44 58 100 73 99 21 48 3 97 34 86 45 45 26 88 52 69 59 81 93 44 92 2 14 43 27 53 65 1 46 38 45 12 70 91 15 81 94 28 72 54 89 97 12 14 10 27 30 95
50 -1 92 41 96 55 76 52 68 2 40 43 48 51 82 81 25 52 90 5 3 29 12 12 7 10 101 56 45 64 56 19 75 70 63 93 6 31 77 45 71 25 7 13 83 22 67 23 38 5 41 88 49 87 45 30 21 19 43 8 42 31 33 30 51 86 67 95 57 66 89 94 49 36 53 68 73 19 96 24 97 4 45 93 82 28 21 93 50 66 58 73 20 81 100 95 6 82 45 38
3 87 13 67 55 38 60 58 21 59 55 92 49 100 12 66 45 2 20 78 100 59 68 11 51 83 45 83 82 83 31 28 61 18 89 53 73 8 17 91 57 76 39 47 3 77 4 54 26 10 76 96 72 63 15 19 24 100 34 61 44 67 79 30 91 61 36 74 55 53 65 67 31 51 100 82 74 67 87 92 54 85 32 16 5 77 28 68 45 30 68 72 41 88 34 61 93 54 15 68
71 43 61 86 7 32 10 0 31 44 101 75 7 72 14 55 42 76 93 36 49 41 68 89 64 79 7 79 31 77 15 22 84 18 73 30 3 8 66 25 92 78 63 89 51 54 33 45 18 26 62 91 47 53 81 28 52 25 96 24 87 94 74 41 54 67 93 18 39 71 98 89 20 74 80 30 95 79 7 72 74 83 76 70 90 20 11 52 7 13 12 47 24 86 6 5 65 75 77 34
23 47 22 82 66 82 7 83 89 37 16 94 101 52 28 12 67 66 76 42 42 51 42 9 100 44 76 95 78 80 19 59 49 9 3 1 24 89 11 96 22 36 75 34 98 37 30 90 15 14 89 41 52 75 35 60 77 58 75 97 6 39 32 11 39 62 56 55 16 79 76 16 73 39 39 46 70 61 29 100 74 84 71 89 12 21 14 90 85 63 47 90 22 58 75 52 90 9 62 60
98 77 21 8 61 85 21 66 37 62 28 41 44 67 74 15 96 83 7 64 84 77 21 -3 80 3 85 78 54 63 14 78 99 56 53 40 43 79 56 20 79 60 46 51 87 67 49 13 25 30 14 14 75 -1 74 15 74 75 55 71 54 95 87 92 75 25 30 46 15 51 62 20 95 0 90 32 36 27 17 90 36 8 83 17 12 86 19 18 8 72 13 33 99 74 30 67 93 86 70 60
55 97 51 27 98 62 67 39 46 17 87 83 81 11 29 47 62 100 23 36 7 10 46 87 54 64 87 85 44 91 68 52 83 1 49 94 25 70 3 55 56 14 76 63 43 38 61 100 70 45 36 9 33 36 37 68 8 21 43 56 68 18 40 76 49 20 53 87 82 48 7 37 87 47 76 7 90 10 51 99 67 70 67 19 49 11 38 77 90 47 93 6 24 5 7 88 44 61 101 84
8 78 45 38 56 23 33 55 37 84 11 74 88 45 60 1 91 68 56 23 94 31 34 45 63 70 79 32 35 -3 76 18 62 9 46 1 26 21 55 23 54 18 13 10 28 18 19 14 72 40 72 21 38 53 91 91 47 93 92 6 33 25 33 59 40 53 27 30 62 64 40 8 74 21 14 70 5 37 36 2 6 66 81 77 40 71 54 91 74 77 44 1 72 5 44 85 14 46 51 25
37 59 40 52 51 76 22 100 74 55 61 13 67 69 59 46 27 72 53 96 40 83 72 5 25 71 83 16 101 15 7 25 39 27 35 99 19 47 77 3 35 7 85 12 55 18 54 63 64 15 48 27 22 48 50 6 40 29 16 39 43 56 7 71 23 98 47 15 101 46 69 93 99 66 62 62 14 55 5 53 10 37 54 15 90 71 14 46 3 20 37 96 34 79 25 14 75 92 70 96
20 96 64 26 48 74 36 76 46 10 79 21 99 46 82 10 35 79 4 72 21 67 13 61 52 30 40 24 4 38 23 20 52 45 75 -1 46 43 17 53 72 72 44 -1 47 71 11 70 33 61 45 42 42 83 62 73 28 79 29 54 63 44 43 31 95 71 34 22 54 31 57 72 5 56 54 88 80 -1 80 14 27 84 37 15 82 66 54 57 33 94 55 81 89 38 78 17 61 46 13 68
86 93 74 78 54 18 70 53 89 82 10 62 34 69 80 13 93 58 36 10 96 74 9 29 74 87 31 52 5 13 56 17 77 12 79 31 48 75 97 17 12 24 45 45 77 66 24 60 45 90 80 72 37 76 54 64 55 1 7 27 63 67 36 24 88 4 53 44 95 81 54 12 41 37 25 92 51 87 38 1 45 99 65 72 43 10 13 65 35 2 4 45 30 7 44 40 29 1 23 91
54 89 66 25 51 89 82 96 100 23 13 92 67 22 74 44 48 9 67 75 23 78 16 0 52 66 98 18 5 84 83 64 44 78 79 92 55 -3 56 46 29 27 82 60 19 58 22 19 56 68 88 17 9 95 67 20 52 4 82 90 96 48 32 68 60 61 3 88 86 23 42 35 36 79 64 46 26 7 5 92 75 67 88 88 45 2 63 95 68 85 99 13 51 59 32 4 36 55 73 74
3 21 56 49 72 18 44 9 42 83 76 58 82 57 102 26 76 93 82 65 33 23 61 95 16 77 102 14 19 66 50 54 16 80 35 23 21 59 63 26 89 12 45 35 17 37 90 62 72 60 73 4 63 13 97 2 77 61 26 21 70 74 27 45 50 33 51 85 15 79 48 49 17 91 7 57 94 92 69 34 4 15 94 64 87 25 91 30 44 53 98 30 92 95 79 3 20 48 63 69
63 88 55 56 92 37 94 44 44 20 61 95 32 92 67 3 84 91 40 64 44 29 80 14 83 11 25 43 37 64 77 83 12 56 45 53 9 -1 49 39 80 22 82 72 30 12 64 83 64 46 43 2 48 25 95 62 18 76 23 12 45 65 51 2 30 32 78 70 26 48 24 30 84 70 34 16 21 33 3 40 54 53 4 51 16 43 34 11 41 96 82 50 64 45 6 66 11 18 39 13
27 38 12 32 23 43 45 15 47 67 96 29 29 2 75 6 78 22 101 46 102 81 7 17 84 31 76 26 18 62 86 29 7 49 91 63 89 59 11 98 65 79 90 53 48 88 8 2 24 97 71 85 3 81 62 6 59 1 73 92 29 50 15 79 88 9 6 86 66 59 87 100 65 63 61 60 34 59 51 42 40 26 82 32 80 91 65 27 46 69 86 38 32 68 72 78 54 85 68 30
17 86 86 16 8 89 17 24 64 49 46 3 47 -1 47 12 3 39 3 66 57 45 99 -2 28 46 61 9 9 30 76 64 3 22 6 13 101 24 31 81 99 69 79 6 84 9 95 69 6 37 78 15 40 70 37 17 67 68 6 14 72 62 76 1 17 10 88 31 87 27 94 65 17 87 23 72 98 10 28 53 35 10 62 82 86 20 33 92 5 54 10 54 80 32 29 91 53 34 89 38
61 16 4 92 96 71 38 39 77 36 18 61 32 3 3 69 56 92 22 77 89 24 62 46 31 58 15 87 98 19 96 9 13 25 66 41 3 21 72 74 93 12 8 78 27 63 26 30 38 65 65 71 60 38 54 81 41 47 58 89 38 30 41 96 102 16 31 6 17 66 101 45 79 32 67 79 76 94 91 10 32 31 89 84 98 6 35 10 35 85 79 61 10 39 70 80 42 94 47 21
78 43 86 79 29 12 37 14 9 -2 45 54 48 17 60 72 71 84 77 20 56 6 70 28 56 80 10 93 24 48 46 41 58 46 64 84 23 21 36 58 10 72 24 83 44 56 79 46 25 29 82 58 7 30 98 40 23 53 82 6 60 42 48 50 50 50 51 49 73 78 59 39 12 92 65 60 76 54 94 61 86 38 91 57 5 78 24 14 69 28 24 8 47 86 95 67 98 3 82 16
100 30 25 43 35 63 46 8 81 14 53 66 100 59 46 12 72 60 63 45 9 4 47 37 63 81 8 6 39 21 70 53 29 9 31 94 29 58 54 32 81 57 67 52 87 76 52 53 47 40 48 7 75 59 12 13 83 40 64 41 74 7 89 42 22 58 54 11 56 21 77 97 17 98 13 56 29 80 81 81 23 85 44 15 12 67 39 29 24 91 13 17 66 16 87 28 18 43 52 44
94 55 22 87 100 17 42 59 74 3 91 90 6 77 66 75 84 -1 30 25 13 51 100 62 59 14 22 51 14 9 8 56 64 70 54 43 96 84 37 32 76 31 80 49 7 2 33 95 29 86 30 32 82 66 33 50 27 -2 22 45 61 71 95 44 75 20 64 61 28 72 71 85 47 92 51 68 48 20 40 79 5 61 99 92 78 37 53 54 44 96 66 11 87 -3 59 42 12 -2 58 72
10 36 10 62 45 11 14 31 4 96 65 91 95 76 20 47 18 11 51 63 79 40 100 68 53 51 36 99 35 42 77 26 96 76 23 40 78 56 6 16 60 20 85 97 13 2 25 15 44 56 92 86 15 17 66 83 17 31 89 37 98 52 34 77 70 73 38 85 45 46 43 85 101 3 41 87 50 94 52 37 28 11 81 25 102 95 69 71 43 69 73 80 16 67 88 50 44 5 6 97
87 47 88 50 21 42 99 69 34 39 25 -2 81 8 35 26 22 29 58 77 17 14 22 64 30 30 25 69 92 7 92 0 80 26 55 7 69 58 64 34 24 73 53 22 5 70 4 2 92 29 39 25 7 82 65 12 21 14 88 66 5 74 5 63 33 95 24 57 95 12 97 94 23 74 65 38 51 79 86 28 75 14 6 40 27 83 58 90 24 25 4 63 73 43 30 17 28 9 95 78
50 90 70 2 18 28 60 28 20 18 99 13 37 30 7 53 40 20 56 30 92 84 61 25 86 49 8 32 78 79 58 19 92 77 37 41 42 74 83 43 77 1 52 51 7 54 22 74 82 74 92 42 65 87 93 99 68 65 22 89 8 100 88 97 25 93 42 98 71 25 38 7 94 69 61 45 85 72 80 48 13 53 99 92 79 31 102 19 33 10 25 8 68 30 76 62 58 19 41 9
31 66 9 83 21 64 75 9 55 29 91 87 91 27 43 62 89 32 95 94 64 38 78 68 65 60 67 38 95 65 51 56 47 16 20 23 78 71 37 41 34 53 9 61 71 28 91 73 27 95 56 64 22 92 26 89 20 50 42 33 47 70 31 -3 99 77 9 81 70 45 64 65 45 57 13 84 26 26 92 93 71 76 28 30 70 42 86 89 52 38 8 31 64 4 80 85 15 40 34 5
36 1 55 57 7 4 20 53 102 79 98 12 56 8 41 60 35 88 70 22 91 24 25 49 5 20 62 58 91 6 3 30 8 86 20 44 63 66 17 84 85 64 98 99 92 8 44 72 83 46 28 88 4 39 50 84 14 2 54 7 21 12 23 81 15 35 43 77 23 48 29 12 11 85 81 35 27 62 76 100 30 13 22 22 59 81 17 23 41 83 31 19 71 25 90 48 93 91 60 91
34 91 93 73 78 47 28 19 17 84 58 21 69 4 13 58 8 31 25 38 75 36 59 2 64 17 78 28 29 88 67 1 82 45 82 47 6 14 26 43 33 46 10 66 28 51 92 59 99 38 73 46 9 39 26 69 99 2 85 50 37 53 53 43 5 17 27 92 6 32 98 51 84 78 88 2 49 -2 10 33 101 80 94 49 21 12 87 6 85 55 71 62 38 12 56 -3 46 90 85 30
78 29 77 61 73 51 54 81 92 49 61 10 70 100 38 43 91 34 44 12 13 6 47 4 89 55 45 81 20 45 21 56 37 97 84 76 71 37 67 83 67 8 66 10 28 19 63 11 32 32 47 19 37 7 74 54 20 85 28 33 10 98 20 39 65 47 52 60 24 37 99 21 92 89 102 79 78 28 64 90 60 50 18 84 98 78 96 48 5 42 83 52 93 98 22 9 83 45 58 8
76 93 78 27 70 6 40 1 29 51 17 9 75 94 2 62 59 32 90 83 52 5 17 33 80 6 80 3 47 88 85 44 27 69 54 10 99 27 19 84 66 80 52 3 76 41 47 43 73 63 51 78 28 57 49 56 94 42 52 96 79 25 17 70 3 0 88 83 95 7 36 20 21 87 52 3 93 35 99 68 68 15 88 26 94 35 10 62 60 9 2 94 13 64 45 -3 65 21 72 68
56 95 69 13 92 10 74 92 55 41 31 21 68 20 61 4 76 45 86 97 28 91 43 16 68 40 12 45 32 97 68 99 35 24 21 1 69 16 97 53 71 96 92 96 26 27 24 77 57 67 65 41 20 30 89 42 46 75 68 25 35 61 75 45 53 69 88 36 99 40 97 77 45 23 85 42 95 88 18 64 101 22 24 5 102 77 49 44 63 9 69 98 96 21 21 84 23 87 57 57
65 3 42 63 15 25 68 84 16 34 65 94 87 28 39 7 78 22 32 89 91 2 80 3 29 47 81 72 10 7 21 -1 98 95 18 75 10 47 79 11 34 19 3 15 86 11 11 20 15 87 88 16 40 13 24 62 67 21 16 71 12 51 32 47 11 35 73 79 40 17 86 42 33 32 32 94 46 13 28 95 82 6 57 80 49 50 36 61 15 71 41 54 58 48 58 71 51 5 91 54
6 58 64 67 9 90 3 85 15 47 43 51 32 67 67 84 15 95 54 94 30 70 15 84 50 12 90 33 94 82 93 1 38 81 94 64 52 13 14 70 82 59 83 59 84 42 34 76 41 12 36 5 15 24 57 79 8 3 50 81 40 90 53 68 56 53 92 98 64 64 42 91 46 43 83 86 58 87 5 33 11 25 93 87 57 28 93 43 58 68 48 1 60 7 51 39 59 46 60 90
2 74 98 40 10 45 40 25 13 24 13 11 88 75 57 70 73 -1 14 77 33 48 40 68 47 61 47 3 32 25 56 37 42 31 7 30 99 30 99 87 22 84 66 71 44 43 69 66 92 83 76 62 8 62 34 44 101 85 74 87 91 82 4 70 62 50 8 39 98 30 56 78 66 31 55 79 101 56 89 6 51 31 11 10 51 67 100 69 40 58 64 72 34 54 12 0 65 8 85 22
30 61 92 40 57 62 89 80 9 59 36 35 28 55 69 100 7 84 18 19 30 10 96 76 39 5 26 26 19 86 21 34 36 24 29 82 78 82 55 52 44 73 51 99 91 62 85 84 99 18 48 39 43 17 61 26 64 1 5 35 12 24 78 55 5 77 14 74 65 59 7 34 38 22 89 98 78 60 73 75 65 37 26 63 49 60 74 94 96 47 25 67 56 39 99 87 13 90 26 34
94 49 71 32 19 44 26 22 99 46 38 6 8 38 80 -1 14 73 85 14 4 6 99 63 91 21 39 28 85 44 5 48 10 91 85 89 95 60 4 47 62 54 23 59 80 77 81 85 43 42 34 71 30 91 37 76 32 1 18 15 101 67 16 36 64 88 56 41 46 31 89 22 27 90 72 73 87 78 4 29 31 1 16 63 100 24 12 68 28 93 101 43 2 57 22 2 91 43 46 32
53 80 63 14 83 31 21 24 18 16 30 13 52 87 88 37 60 78 65 68 57 8 100 55 37 75 100 51 6 13 83 41 40 1 34 43 48 15 12 86 100 75 59 84 62 82 82 5 37 94 32 20 35 52 3 21 33 23 62 94 19 63 94 17 59 36 78 89 99 92 45 64 82 90 62 17 41 24 61 36 27 72 93 2 65 99 30 77 86 86 27 19 88 98 70 83 82 38 100 77
27 65 32 7 37 52 45 50 43 3 87 23 10 43 50 20 93 32 12 56 81 62 88 47 90 59 45 15 27 72 22 11 9 87 97 84 98 -3 48 95 89 15 25 17 81 1 28 73 3 64 95 74 34 55 34 48 12 0 13 86 9 61 101 38 14 45 89 46 6 58 60 25 65 2 54 44 16 25 96 96 31 27 65 4 58 45 69 42 76 35 58 2 11 15 61 13 28 9 23 48
95 100 66 28 66 59 27 86 57 58 25 67 4 42 10 16 60 33 76 66 86 62 18 88 86 29 60 15 10 86 48 80 97 33 15 47 45 30 35 53 23 85 57 14 3 61 87 100 55 64 95 30 93 64 62 78 79 67 76 63 65 86 38 14 73 96 21 95 3 63 10 21 49 68 10 73 58 91 40 65 12 27 38 38 101 86 15 62 79 12 23 92 49 53 8 6 68 21 72 43
99 58 46 50 45 68 3 39 60 87 16 11 22 29 10 90 80 87 77 19 93 2 90 12 98 76 57 87 89 51 83 63 78 74 48 67 90 30 11 76 2 23 33 68 90 41 79 55 16 64 99 12 44 26 101 36 77 65 34 15 19 82 65 0 35 14 3 35 32 51 31 14 41 30 45 24 52 16 45 16 81 52 55 67 94 4 7 81 59 9 29 7 36 5 14 38 93 83 76 79
36 16 93 8 94 12 54 6 22 82 57 90 32 90 60 19 98 38 95 49 31 3 87 46 79 4 38 26 19 49 38 28 38 17 76 86 42 50 35 65 54 24 39 33 24 83 98 45 72 39 28 81 10 55 54 65 17 53 92 98 49 13 8 63 35 43 71 67 84 60 97 13 41 23 51 11 66 20 94 62 98 35 14 89 11 72 42 5 69 69 60 59 55 47 31 26 99 56 45 59
91 50 51 52 28 88 68 53 87 83 86 11 44 51 83 65 12 20 17 55 21 51 38 48 23 13 72 22 10 7 51 5 2 31 28 64 62 44 92 71 36 16 48 5 18 60 15 54 66 48 25 51 93 89 63 67 66 43 42 70 20 90 49 64 37 11 93 82 52 10 79 60 97 73 15 51 39 7 65 15 19 -3 21 66 11 46 51 1 54 3 42 50 38 87 58 79 35 58 9 27
68 36 98 64 41 44 47 52 36 15 32 40 70 75 45 55 15 15 70 92 76 28 39 5 45 75 30 15 22 63 16 52 54 32 13 32 90 56 14 88 72 62 48 66 44 21 7 99 91 53 31 6 16 37 59 42 26 27 55 83 98 24 25 98 76 65 90 39 25 47 9 64 96 34 91 54 95 34 8 10 26 98 14 70 74 20 17 93 37 71 82 28 55 86 61 11 89 38 31 94
94 25 78 44 17 60 21 49 38 81 80 18 89 52 6 88 89 8 59 56 87 40 75 4 15 65 6 48 25 15 27 90 71 82 86 47 101 11 49 4 95 81 55 25 36 35 76 22 7 0 37 8 56 80 86 9 97 37 87 35 21 80 48 90 15 -1 97 23 97 78 19 88 78 55 51 39 39 26 66 50 54 85 8 93 26 44 55 5 3 7 70 17 51 86 39 6 73 15 88 0
86 17 25 57 85 55 94 77 45 64 12 5 54 17 52 83 44 51 40 6 39 50 98 77 3 76 62 39 4 93 84 31 52 88 45 16 33 77 53 51 53 36 87 82 56 86 25 20 9 31 60 48 46 33 37 28 64 79 44 9 14 14 12 56 89 53 13 48 10 38 15 28 21 37 73 30 98 54 27 32 87 44 80 30 74 8 64 91 45 85 71 51 40 20 97 31 20 68 99 27
48 41 69 64 97 13 55 15 86 72 6 23 44 69 4 40 67 88 62 39 22 -3 81 -2 39 45 64 28 43 2 26 74 32 -1 29 13 78 59 41 51 9 66 76 36 11 72 10 39 80 81 59 18 5 44 13 18 11 14 78 14 15 18 10 52 23 43 69 2 82 8 5 13 65 95 66 92 65 40 92 30 18 16 69 36 24 84 45 44 44 13 98 -1 43 19 18 45 10 92 94 90
61 86 58 18 27 88 91 98 51 1 40 96 100 26 85 38 59 67 92 65 89 39 73 57 12 72 63 12 90 40 31 18 28 50 41 89 17 58 52 43 4 11 38 20 50 28 70 48 71 91 3 5 49 27 37 38 30 20 11 17 68 42 42 79 13 98 46 93 28 95 60 59 26 22 96 81 13 60 96 91 79 19 100 71 6 50 60 36 11 57 23 36 87 68 69 51 47 61 62 60
44 24 78 68 64 31 94 21 91 7 93 -3 49 82 29 80 67 3 98 55 63 86 19 40 78 45 100 8 60 36 41 43 12 47 2 87 25 86 64 85 16 91 32 61 15 49 50 53 35 39 83 20 25 42 67 49 41 52 62 -2 23 68 98 20 13 50 54 24 12 78 84 40 30 42 23 93 17 70 35 93 101 5 30 90 5 96 91 55 44 8 34 3 91 1 25 84 80 86 2 28
85 6 12 61 8 31 50 33 74 97 7 24 71 32 76 21 61 32 15 29 51 18 91 66 93 15 38 94 28 59 14 54 47 18 28 3 90 1 17 49 73 84 92 20 6 13 36 29 97 98 22 1 73 14 66 6 30 38 45 20 10 22 25 39 59 29 16 41 56 55 37 8 91 59 6 5 101 59 91 12 88 40 48 19 51 58 49 96 14 29 45 54 6 42 39 39 75 19 65 2
6 32 31 30 35 75 59 31 72 22 97 57 32 9 88 77 52 28 99 29 16 43 43 96 29 35 49 44 3 73 91 25 82 44 57 95 13 28 90 20 89 95 24 15 22 29 45 20 2 71 86 45 52 59 100 15 61 82 90 69 95 66 92 74 6 -1 62 49 25 53 20 89 8 86 11 49 43 57 81 23 34 33 57 40 86 93 94 81 7 10 3 14 55 24 21 30 42 82 67 56
80 95 38 44 55 61 53 58 4 6 14 42 67 63 30 44 59 77 24 78 82 57 40 2 78 67 89 52 91 54 65 78 40 55 3 59 12 79 13 84 75 48 26 46 8 99 5 84 47 21 22 89 20 9 81 94 8 25 84 27 98 47 50 47 92 18 83 22 45 89 53 87 74 98 6 22 82 20 12 14 42 49 102 57 4 12 89 80 33 27 35 85 3 41 79 11 33 52 7 70
49 6 101 1 58 67 11 64 80 85 74 31 56 12 30 30 32 69 75 48 88 75 77 94 96 5 39 63 96 60 49 61 17 64 32 58 53 87 56 14 43 38 100 52 52 70 17 61 93 92 5 17 100 79 55 26 14 17 64 26 91 66 38 85 38 36 76 88 97 18 25 2 56 81 100 71 100 48 38 0 80 46 11 52 40 70 52 -1 52 53 52 31 68 89 82 73 17 25 58 87
22 14 11 40 83 36 28 90 58 71 78 50 24 51 50 52 20 91 37 86 4 57 27 50 17 81 34 54 23 70 58 96 44 91 76 7 13 71 45 28 74 72 100 2 47 78 66 12 96 65 41 19 25 84 13 27 79 62 67 17 56 47 88 85 95 46 47 7 42 16 16 7 22 84 43 52 52 13 99 68 11 34 60 49 28 23 43 69 97 8 88 32 49 51 16 1 70 72 20 3
75 39 21 12 53 93 35 90 32 92 98 13 56 82 78 96 91 91 82 25 79 31 63 49 85 44 90 6 99 14 6 -1 54 5 4 20 80 80 49 53 99 17 78 81 54 18 23 63 5 2 90 22 92 22 82 71 47 81 4 67 54 57 92 63 6 6 29 10 80 22 60 67 46 39 83 13 74 47 37 25 31 7 89 90 80 74 34 4 84 6 80 40 60 13 27 26 25 55 82 35
25 77 49 48 30 18 92 92 67 100 82 95 95 11 78 52 8 71 19 72 11 27 82 11 59 63 39 64 72 99 81 5 38 43 13 97 78 65 34 58 27 59 56 68 100 70 54 96 28 68 73 22 28 68 46 29 69 93 67 56 3 28 15 80 75 100 23 59 24 53 44 2 79 45 60 42 70 60 71 24 74 37 35 99 68 92 44 11 100 94 34 8 24 59 22 28 27 18 80 66
68 11 28 32 91 90 60 10 9 26 16 74 79 90 23 96 68 11 71 18 64 50 27 70 63 96 68 58 55 25 20 26 60 81 71 6 14 70 94 27 99 96 18 12 21 77 45 74 66 50 50 4 34 79 17 4 79 57 71 30 45 4 28 47 4 55 46 52 33 25 97 49 5 73 69 5 87 55 24 61 18 3 72 44 14 71 92 48 85 80 41 34 84 79 84 52 96 81 73 40
69 44 53 49 26 3 87 57 68 29 64 23 50 51 53 31 37 77 22 30 101 2 44 42 70 67 33 59 83 75 88 81 76 33 64 10 47 21 84 38 73 85 24 14 22 67 20 57 92 1 48 87 30 18 94 52 39 22 78 45 40 42 38 17 88 59 63 98 41 71 82 78 82 77 32 100 33 89 23 62 72 44 96 41 66 11 74 87 27 40 102 85 91 62 6 87 78 69 30 5
79 1 33 40 4 11 11 64 34 78 68 69 50 43 13 55 16 66 71 89 40 51 11 63 31 60 63 75 43 63 46 48 68 33 79 64 76 86 44 71 82 38 81 79 77 69 35 65 55 44 49 70 75 71 6 59 92 34 34 12 18 95 71 -1 20 1 26 87 77 14 47 23 4 12 87 47 7 1 70 79 3 40 36 46 32 38 73 6 22 75 100 72 12 66 41 5 38 66 53 27
76 15 85 71 97 59 26 31 44 81 15 55 26 10 42 36 87 18 10 23 98 45 17 27 71 87 97 73 33 32 37 81 93 90 93 23 48 4 84 24 17 43 90 61 65 81 98 59 56 94 61 32 53 44 67 96 59 22 32 43 65 77 6 30 99 73 46 17 81 65 58 52 85 16 7 2 88 33 27 81 17 24 95 40 43 51 31 52 79 4 72 32 4 40 23 7 32 57 31 74
26 56 35 59 51 8 55 33 67 59 32 60 28 78 97 8 26 38 84 22 2 31 74 53 25 3 88 46 36 67 60 1 23 59 10 51 24 53 18 30 85 92 17 45 90 48 90 83 71 54 21 43 37 25 54 3 21 21 66 1 37 74 101 29 30 75 15 24 80 42 4 47 53 12 21 60 24 28 75 5 93 86 2 1 9 76 33 33 42 49 41 39 28 95 33 38 80 38 81 57
71 19 18 43 74 23 92 62 77 75 4 92 11 97 26 46 76 52 19 84 59 28 95 9 93 53 29 47 48 42 24 17 44 66 42 90 12 13 72 70 51 39 72 7 29 38 27 77 61 93 100 7 55 57 12 87 44 37 63 100 48 73 54 62 93 56 57 49 99 85 20 81 63 80 42 89 48 39 102 15 22 78 81 60 43 40 7 3 96 19 45 6 53 13 13 24 35 86 75 39
60 72 48 51 24 54 83 72 101 72 50 39 32 70 23 74 101 7 83 33 55 54 72 71 42 14 29 63 101 61 5 41 71 4 93 53 42 67 46 65 10 87 55 0 95 26 30 94 41 3 7 71 40 52 20 92 74 46 13 87 75 8 42 38 27 77 101 6 54 13 52 16 67 28 76 10 77 91 42 -1 96 58 12 72 21 22 40 30 79 25 56 59 27 83 78 54 51 67 51 79
84 74 19 38 46 7 74 100 77 53 63 83 36 26 32 68 94 92 98 55 83 4 73 61 99 46 43 47 21 62 93 94 17 14 97 32 34 81 54 65 101 98 10 32 8 12 47 71 64 8 25 73 51 56 56 61 96 14 63 98 19 9 12 48 13 37 48 65 94 83 46 80 88 15 95 66 101 57 72 36 74 5 8 25 62 22 68 29 20 92 56 62 14 11 25 91 32 25 33 46
43 42 96 87 36 -1 20 59 36 22 55 21 40 63 90 64 2 41 47 51 8 81 41 6 57 18 95 89 90 31 37 34 70 63 94 61 70 7 6 25 82 16 9 92 27 19 9 0 89 46 45 95 19 51 78 6 19 78 71 55 45 -3 11 89 56 93 18 49 27 4 42 91 93 26 62 28 32 70 45 23 13 39 84 67 21 94 30 27 31 68 57 56 92 70 39 13 44 52 6 70
67 68 62 29 77 99 41 80 11 34 12 99 15 38 46 32 23 49 51 78 72 96 3 88 5 78 39 51 19 62 60 37 6 92 42 82 79 19 70 26 15 6 58 46 74 3 77 22 20 7 101 41 63 88 16 45 83 94 75 86 15 5 58 75 89 45 36 54 6 48 5 88 64 80 3 81 38 42 29 6 71 94 83 76 101 43 13 46 37 74 8 99 50 23 13 8 66 22 14 86
58 52 84 34 37 47 91 54 61 82 18 56 98 23 7 9 7 67 75 52 94 65 64 4 86 22 39 33 8 35 46 73 100 88 11 40 92 65 77 34 84 22 8 58 8 21 80 79 10 79 50 38 28 92 28 65 13 19 53 52 46 45 5 25 44 74 53 43 4 6 31 88 23 56 20 26 42 32 18 70 39 90 59 57 11 10 62 72 55 88 93 84 27 81 84 7 72 24 73 43
42 72 69 24 92 68 73 63 53 91 82 8 61 55 47 67 101 42 53 4 3 66 68 56 7 20 54 50 72 95 84 34 51 100 13 20 50 12 36 25 100 81 43 49 24 8 38 44 41 86 77 67 79 43 32 65 58 63 35 55 99 35 27 24 79 30 72 19 75 61 19 42 79 61 74 34 42 71 41 60 92 4 101 5 13 26 79 20 7 72 102 53 74 1 76 36 18 61 50 14
54 38 83 29 64 75 58 19 93 39 53 52 91 84 98 90 56 80 70 60 98 93 8 52 92 63 66 79 68 50 74 72 14 11 75 55 91 21 31 77 52 26 11 46 30 68 94 82 18 38 76 42 81 39 36 57 66 64 49 92 36 48 59 95 55 67 86 95 49 14 40 81 34 7 50 67 58 67 35 60 13 88 56 -2 18 59 72 52 87 63 70 63 50 26 83 73 32 58 37 49
El programa tarda 23 milisegundos en ejecutarse.
