29 30 55 78 11 45 78 59 85 50 53 58 81 54 11 42 55 51 94 98 13 29 78 7 31 40 66 80 7 99 100 31 13 70 98 49 95 86 8 28 65 14 39 34 61 94 8 46 5 37 43 70 69 98 18 76 84 14 75 82 54 98 63 46 16 3 49 42 73 54 5 13 69 70 67 7 9 14 32 78 26 8 30 77 84 93 38 93 77 17 24 58 13 72 81 22 97 27 16 14
15 23 69 79 27 81 2 19 68 -1 53 84 68 26 2 91 44 83 86 45 32 33 86 0 5 58 6 13 35 -3 74 41 15 28 45 77 20 79 65 21 101 45 60 32 33 55 53 23 85 89 52 91 3 23 66 33 53 72 13 13 96 51 23 -1 44 74 23 53 40 4 87 58 62 27 69 80 42 54 80 69 66 4 85 90 47 64 72 21 68 87 20 32 13 15 58 15 49 13 71 23
92 8 99 32 96 30 61 9 46 37 78 23 78 83 39 87 43 77 7 34 57 77 37 50 6 79 75 96 73 24 94 57 8 48 32 39 56 70 41 45 43 23 51 75 70 20 36 93 16 26 92 4 58 53 40 44 17 52 98 39 84 7 7 73 95 43 62 82 58 80 33 48 36 54 55 82 3 90 64 29 97 89 16 49 7 58 71 94 76 96 32 14 57 36 49 97 7 23 58 72
50 84 81 87 3 86 63 14 32 76 92 56 6 18 3 77 15 53 65 64 87 33 39 24 54 3 8 1 31 11 71 60 11 23 97 67 5 58 56 68 10 58 19 65 61 49 12 61 82 63 98 54 45 22 46 28 48 16 80 5 19 53 47 16 72 80 13 55 4 31 33 64 12 87 32 48 3 8 52 82 34 3 57 24 70 12 62 55 57 85 47 68 21 29 48 -2 64 52 72 55
18 1 55 9 95 24 9 46 61 77 34 56 79 75 46 96 72 68 40 73 18 73 83 39 62 33 24 79 96 44 43 3 96 98 8 43 68 64 27 69 27 48 38 37 92 52 3 36 40 82 48 57 71 38 83 97 30 41 88 65 41 63 48 64 20 51 96 63 11 33 15 97 69 46 14 88 32 26 56 5 54 51 77 15 84 36 24 57 6 45 29 86 73 87 38 99 30 40 53 19
87 60 15 53 61 30 99 43 70 41 93 96 26 34 62 1 86 9 41 66 97 69 43 60 2 3 66 7 74 86 81 60 11 23 83 49 41 66 65 19 54 88 67 27 63 82 45 92 42 41 33 51 15 50 97 25 59 22 10 42 87 89 22 23 18 63 96 7 92 72 90 22 93 86 12 26 50 41 39 42 36 89 95 57 64 0 5 54 82 62 2 96 89 40 43 96 73 77 4 45
47 41 55 17 64 25 99 72 72 24 40 13 96 86 73 51 68 38 43 39 48 16 93 70 10 15 50 63 98 10 93 79 24 39 60 83 50 100 4 37 43 77 49 83 25 33 43 15 6 5 76 56 13 87 38 10 42 41 28 23 24 60 81 24 85 82 80 33 101 10 16 81 79 3 29 29 78 49 19 96 88 48 26 4 90 9 12 28 19 41 10 87 74 48 35 66 14 94 27 29
18 43 54 37 78 73 79 84 48 14 80 56 48 89 48 19 47 36 42 -3 9 57 64 48 66 66 15 18 24 0 51 30 67 16 20 63 41 2 42 68 85 72 35 68 68 54 41 60 27 3 72 8 51 34 9 23 42 -2 40 31 97 74 61 79 6 11 72 65 3 2 21 95 33 12 89 5 12 85 85 73 98 67 50 16 97 91 54 70 17 10 84 -3 28 54 68 88 52 62 22 -3
101 10 46 44 4 22 61 96 7 21 93 20 22 15 35 49 90 58 62 81 68 19 92 11 20 43 61 73 66 58 64 61 61 97 38 28 59 29 5 63 28 66 99 99 58 58 39 2 66 95 42 51 26 42 20 29 81 85 98 91 57 53 19 19 11 44 20 17 35 2 76 29 27 21 67 31 79 95 88 5 80 88 62 25 15 18 10 84 62 12 30 36 27 44 11 72 22 9 42 61
82 44 101 9 69 1 22 28 27 55 5 67 58 20 91 17 2 4 78 90 12 71 47 22 23 26 70 18 66 32 34 38 28 42 91 65 9 20 16 21 79 11 31 87 70 5 65 4 76 44 37 9 64 23 54 25 29 14 51 74 11 78 84 59 74 2 67 40 82 46 99 80 48 65 50 45 32 11 72 94 52 14 32 -2 36 10 55 9 68 45 86 80 30 70 35 45 7 48 18 59
24 37 40 93 6 10 58 64 33 43 73 63 102 39 17 28 67 7 87 24 46 49 57 74 40 86 22 80 44 31 84 40 13 55 51 35 29 73 47 53 84 20 33 81 102 89 39 83 71 43 57 84 3 10 95 49 64 50 14 50 96 41 52 8 46 53 54 2 73 27 21 27 95 12 99 5 22 56 65 33 23 2 18 17 10 85 7 82 25 77 100 44 63 97 101 83 30 43 58 35
69 91 26 -2 76 63 76 51 21 95 18 88 64 1 65 93 66 17 23 37 52 16 86 42 47 3 44 44 98 7 73 83 50 79 20 36 64 80 55 33 82 47 52 8 36 35 57 23 46 1 73 47 26 45 28 67 98 78 20 56 61 52 41 6 94 52 53 14 71 2 42 86 61 33 37 9 33 -1 57 31 52 42 81 58 36 53 78 19 76 67 89 83 71 43 94 62 99 13 81 11
63 34 31 50 69 18 85 26 89 83 11 2 3 74 95 61 72 88 65 72 43 16 70 65 19 11 39 67 81 26 5 30 55 72 86 50 74 63 84 65 82 51 40 10 39 65 31 95 35 97 96 64 82 37 94 85 52 45 65 34 93 41 28 23 46 92 65 32 34 44 76 24 66 87 61 20 67 95 54 27 82 24 86 49 35 37 83 100 22 49 80 90 81 76 47 78 64 29 51 94
44 52 43 96 30 25 35 64 11 13 69 9 79 -2 6 39 75 36 59 59 52 88 66 65 47 93 61 94 39 92 25 58 25 60 30 35 82 40 40 90 5 58 56 -1 101 81 67 -1 93 40 73 77 33 88 68 49 55 27 12 12 15 24 52 74 19 65 81 5 51 28 61 86 97 59 8 69 36 1 17 33 15 1 61 3 40 27 95 33 49 4 43 34 62 45 95 19 21 8 17 92
21 42 18 74 90 13 13 79 30 49 70 34 45 47 22 40 82 92 60 15 3 24 85 11 39 61 56 58 34 83 20 26 88 27 3 95 93 34 48 30 42 68 55 21 29 94 26 70 65 16 35 93 89 30 69 9 58 67 39 97 46 76 55 12 45 14 65 51 18 85 11 94 43 1 102 44 49 26 44 28 93 91 37 27 81 48 67 52 97 9 47 96 38 55 12 28 87 5 93 46
83 80 59 24 21 29 37 72 39 61 4 73 84 56 35 81 76 3 46 44 16 33 87 71 8 47 78 -2 40 93 44 55 50 60 95 26 26 74 13 41 27 76 73 14 15 60 88 31 41 7 65 48 18 96 19 56 29 77 25 37 26 30 91 45 83 41 58 11 26 73 59 89 101 17 59 21 94 90 96 52 83 20 77 62 12 63 16 50 25 88 29 74 36 75 86 73 35 37 51 17
102 32 64 55 98 78 43 7 52 83 92 80 55 88 72 46 27 62 52 29 78 37 18 43 46 12 64 59 59 80 89 37 56 61 68 70 23 63 36 90 60 16 41 49 65 59 32 51 26 40 22 44 51 65 29 59 37 56 60 37 37 62 74 53 54 75 4 7 91 19 56 24 82 63 84 7 39 74 29 2 66 72 78 94 53 44 14 65 68 21 58 83 50 33 96 45 88 88 38 23
92 45 40 21 36 41 89 5 83 33 26 70 68 64 97 66 4 -1 50 60 43 79 59 17 58 82 51 66 61 35 54 44 87 75 68 23 95 12 43 58 87 32 21 11 26 9 72 59 54 6 87 91 32 74 81 77 11 84 3 96 7 49 53 80 15 33 24 66 4 71 49 81 44 78 5 81 21 39 19 71 98 55 9 23 91 25 77 66 81 29 44 68 23 17 82 41 44 62 69 5
22 6 72 99 100 70 49 20 82 27 28 66 41 94 36 84 26 90 83 72 30 16 102 70 35 99 85 6 33 49 56 48 94 31 85 36 23 72 16 25 55 92 17 23 68 55 32 90 72 27 87 80 84 39 60 25 87 45 81 87 22 74 52 100 50 2 64 81 5 49 102 88 8 64 30 53 55 49 58 43 102 8 26 36 56 33 13 42 52 66 68 63 53 15 101 72 15 13 92 31
84 87 88 18 55 27 49 -1 94 38 34 7 59 28 11 9 71 7 32 54 73 3 45 84 8 33 97 70 62 27 92 82 92 76 42 26 12 36 36 -2 52 78 34 49 15 72 70 10 34 44 74 12 29 44 77 54 80 29 100 46 81 56 87 52 24 78 13 94 62 10 94 26 42 42 5 64 47 65 16 91 9 73 100 67 15 32 55 86 58 75 53 41 67 24 84 1 41 52 83 1
69 90 60 17 34 6 8 64 52 89 50 16 31 21 24 14 63 43 13 25 47 17 51 83 47 96 80 11 90 100 19 71 91 90 17 53 78 28 84 58 69 89 75 20 44 42 88 33 73 40 46 66 9 68 9 78 18 95 97 52 48 9 64 17 40 15 39 38 65 90 53 96 48 44 48 24 57 16 64 82 88 9 70 29 31 55 78 71 23 85 45 20 3 67 50 59 56 57 50 50
101 26 29 -1 23 20 49 50 33 34 75 86 68 60 93 22 14 67 71 83 43 43 98 57 48 57 29 17 4 40 19 33 13 11 63 46 27 88 79 85 100 45 49 86 19 10 22 67 93 52 19 14 15 83 11 27 101 17 44 76 7 5 72 35 77 31 10 51 15 29 76 35 80 78 87 63 15 36 88 9 74 3 50 34 81 70 46 87 56 78 8 23 89 75 34 23 71 22 24 -1
29 94 67 42 58 45 66 41 76 95 99 92 5 9 100 31 51 4 35 16 56 75 18 60 57 96 91 78 60 14 77 95 72 64 34 92 55 21 63 67 44 41 16 16 61 97 33 55 102 84 62 32 86 39 92 100 96 54 80 62 88 86 96 16 26 69 16 90 54 93 3 68 6 1 60 75 70 34 9 25 98 42 74 80 102 63 32 31 102 74 10 67 20 85 38 37 74 100 27 15
21 92 36 77 26 33 33 61 44 17 57 18 34 61 12 0 75 46 8 63 27 82 93 35 88 25 82 30 62 51 99 23 76 90 34 37 16 53 78 45 57 28 83 23 5 53 72 57 68 -3 77 36 58 53 17 49 76 55 43 31 85 14 63 87 71 80 17 79 14 40 49 32 26 65 99 81 101 27 87 58 27 33 9 14 17 22 31 1 16 6 20 88 82 51 32 24 3 15 98 66
6 11 18 91 33 46 81 80 26 14 37 33 8 33 56 46 87 74 62 31 24 3 60 80 83 37 33 90 51 60 66 43 58 80 99 59 64 95 44 56 42 83 79 1 24 83 38 9 60 16 51 55 49 65 52 16 52 92 47 60 29 58 74 5 86 87 6 29 77 3 57 42 42 32 12 9 18 89 52 26 19 18 25 52 57 81 47 8 81 74 84 75 83 46 72 20 37 14 24 13
96 63 65 13 39 49 54 50 61 73 12 60 33 35 81 39 30 53 100 22 88 61 76 77 91 72 53 39 9 37 17 44 22 74 50 89 94 44 58 43 75 31 11 76 88 96 5 13 101 15 39 -3 59 92 101 -2 4 58 32 68 89 22 52 32 80 23 8 18 53 60 39 -3 79 73 5 79 33 70 9 70 2 28 54 39 94 95 28 40 3 61 35 25 8 8 52 86 79 36 54 31
19 59 38 47 64 30 27 30 59 5 97 92 46 48 23 92 97 75 89 20 87 86 33 58 41 55 75 24 11 36 60 99 45 81 98 68 87 53 20 39 98 49 53 19 29 74 43 86 78 98 69 100 80 98 86 59 10 77 13 56 61 8 98 100 59 85 82 63 99 73 5 28 51 42 61 99 62 67 12 64 90 37 39 83 69 98 21 37 30 50 22 39 53 34 33 56 3 64 102 33
87 45 64 80 36 89 40 5 22 51 10 76 84 -2 91 -3 63 77 28 80 68 96 76 11 13 1 19 44 6 10 76 92 56 58 53 49 68 94 11 26 36 81 27 53 91 17 18 40 81 39 86 74 36 28 42 -1 67 84 40 79 78 15 17 21 15 26 38 49 57 85 88 38 78 85 99 52 28 31 3 1 58 2 14 9 99 87 83 96 47 3 54 69 28 57 36 2 6 41 56 16
33 92 90 42 3 84 80 72 33 27 46 63 81 75 42 55 15 37 86 13 43 49 81 52 9 56 80 32 55 39 5 67 98 29 81 86 98 88 30 58 16 62 3 77 51 6 10 16 100 55 10 16 61 100 3 4 88 18 87 9 34 73 50 80 3 27 41 63 63 67 40 69 50 71 64 11 68 17 96 58 14 77 72 34 20 1 3 25 42 39 72 1 72 48 67 32 48 65 47 83
16 5 69 36 72 35 49 87 41 2 62 21 78 42 43 38 67 29 13 6 77 2 37 81 69 47 101 20 8 38 94 95 19 9 20 71 18 35 25 66 25 5 32 88 10 83 78 3 21 16 98 52 72 32 2 39 46 7 53 45 85 62 36 46 35 10 21 71 76 66 53 32 76 72 89 39 88 17 67 29 31 65 61 -1 49 30 64 71 19 91 91 81 79 67 44 26 3 23 55 80
75 39 65 35 43 67 96 79 38 84 13 52 79 21 72 90 66 81 83 34 94 19 90 11 97 63 4 82 48 19 97 57 83 55 48 19 70 86 51 40 49 91 34 23 87 40 25 41 39 45 86 91 92 85 89 44 70 86 23 17 102 99 79 63 49 54 79 24 41 29 58 64 11 13 92 70 63 15 19 73 84 17 8 21 97 50 81 9 11 12 79 57 65 46 91 1 54 48 63 67
33 56 28 56 76 75 43 27 69 94 62 26 92 69 41 11 25 9 25 25 86 57 79 1 82 46 95 48 91 93 5 69 5 10 3 13 54 5 19 43 9 55 6 43 17 54 30 17 30 23 83 32 21 37 52 35 46 78 68 44 82 5 12 23 6 21 5 21 14 63 24 57 48 67 95 24 101 92 70 -2 17 38 80 17 21 14 61 24 29 88 69 66 99 58 3 40 12 68 7 32
36 42 68 55 50 15 52 61 13 33 45 28 97 65 93 89 24 4 48 80 31 26 36 70 29 54 67 76 85 66 41 35 59 51 11 5 49 14 81 48 24 89 87 84 53 55 58 57 75 81 92 8 65 75 96 16 49 76 25 29 57 39 12 50 86 74 51 60 36 94 99 69 100 50 59 14 45 30 13 69 32 36 4 23 57 44 20 69 40 11 33 19 43 81 53 74 86 99 19 50
81 58 91 58 17 71 63 72 28 8 56 29 85 28 42 55 79 41 80 70 16 52 98 42 77 83 100 19 34 8 6 15 71 14 95 32 16 34 75 30 4 83 36 86 15 -2 50 3 98 19 49 82 83 70 29 89 70 29 90 7 81 91 24 73 74 81 97 -2 63 77 3 68 88 95 60 1 60 58 19 89 60 91 16 10 16 57 5 48 93 77 85 51 33 57 71 82 36 65 73 33
46 8 71 27 12 58 30 79 25 57 87 67 90 25 31 96 72 52 71 73 93 2 21 4 72 3 46 64 96 39 39 65 97 89 25 56 44 84 7 95 101 25 38 22 22 17 68 95 19 41 59 39 23 30 79 89 87 77 63 17 21 41 28 67 36 3 71 21 39 70 99 79 19 93 60 40 53 37 24 20 95 28 38 69 6 39 95 4 45 9 17 94 85 22 4 16 37 92 32 1
7 66 69 89 28 86 96 55 25 54 37 69 86 92 80 36 16 37 72 5 76 15 51 66 46 91 88 33 28 48 30 28 18 10 78 47 92 89 44 63 26 24 25 18 41 2 62 33 96 15 38 52 87 78 66 49 79 18 15 86 9 38 99 66 18 42 37 54 18 90 63 19 19 65 57 93 96 21 79 27 84 68 15 43 96 0 44 7 100 10 9 77 94 18 13 71 79 87 3 76
7 89 19 96 96 97 44 13 36 69 101 76 80 95 21 5 4 26 101 34 47 75 98 95 83 10 48 27 73 42 87 27 26 98 46 41 57 64 58 17 73 81 32 35 25 82 93 85 74 58 63 12 60 51 36 58 53 72 66 60 66 73 91 77 15 8 42 86 17 32 77 58 58 28 16 32 19 49 39 96 52 30 73 43 6 18 63 19 86 32 21 29 48 81 68 11 10 37 76 55
30 63 48 82 11 20 54 21 50 85 5 55 99 68 15 58 17 83 86 54 3 3 96 92 71 45 13 78 92 25 34 5 48 56 89 69 77 76 51 2 58 44 88 76 64 18 68 96 60 35 84 22 45 64 63 36 33 31 75 -1 67 69 82 14 96 66 97 57 10 70 88 22 18 19 45 55 59 48 83 59 20 77 35 95 56 24 60 94 66 80 86 62 63 35 56 48 78 94 97 30
79 56 15 49 51 94 53 15 85 26 83 41 27 31 79 66 12 51 5 26 62 72 33 79 59 51 76 3 6 81 9 11 99 64 74 20 58 73 76 37 59 75 94 36 87 24 87 36 58 89 27 88 23 67 35 36 30 78 84 25 52 12 39 75 90 78 49 73 83 80 70 69 88 9 95 23 58 47 79 74 83 43 28 64 30 17 65 2 34 50 17 4 30 84 99 14 59 91 30 48
96 42 5 1 49 35 97 22 36 90 47 57 14 44 64 92 44 64 77 32 100 -3 87 53 98 59 51 92 8 6 14 45 6 37 16 21 11 35 48 23 76 48 16 72 36 82 55 37 30 95 79 20 64 33 4 37 90 80 75 62 63 70 28 8 92 17 74 39 63 16 52 96 26 3 18 3 33 16 17 62 99 86 7 48 14 22 10 2 64 64 60 60 35 7 70 8 66 5 86 81
86 37 31 62 101 76 102 88 60 57 24 57 85 6 46 91 70 18 48 58 88 69 21 78 98 3 82 82 59 95 25 97 35 20 95 57 68 69 60 52 36 32 86 59 41 19 64 16 79 86 48 57 35 46 45 12 97 91 46 65 27 63 67 68 59 27 49 64 71 66 93 23 70 19 63 33 62 40 72 44 45 95 47 33 25 55 60 85 86 94 8 93 93 43 81 86 33 25 20 25
63 28 76 16 95 68 97 49 36 81 13 1 82 85 23 25 65 70 23 46 77 56 21 76 100 83 14 13 25 91 8 -1 81 39 82 90 49 73 72 6 13 62 77 21 88 10 68 71 41 40 45 42 26 36 20 51 4 65 29 1 86 54 64 62 31 44 94 82 62 43 94 48 2 0 31 45 41 57 69 71 11 38 29 60 42 80 10 -1 77 13 40 0 57 31 92 83 6 46 74 9
76 27 3 50 99 69 85 76 32 26 29 32 40 75 38 48 16 68 99 50 46 59 98 27 15 26 79 81 33 16 38 78 92 34 4 82 27 43 75 30 11 9 3 88 52 2 90 16 75 38 31 55 52 2 81 28 29 10 41 60 28 7 60 1 40 14 30 47 15 7 81 46 66 29 66 92 11 79 76 7 73 88 70 40 36 33 27 4 54 81 7 12 101 41 8 81 72 32 21 100
95 58 60 84 23 63 2 95 21 22 2 49 91 52 86 34 48 43 78 18 42 94 21 7 62 65 94 78 82 76 36 17 23 57 9 87 71 28 20 80 63 25 60 72 73 44 86 64 89 95 56 70 84 64 66 41 71 83 60 36 52 13 85 90 26 73 48 20 14 50 91 84 38 51 16 4 82 84 47 32 58 73 61 51 66 45 18 69 94 66 79 93 20 19 87 23 78 87 39 78
46 1 16 85 55 99 33 42 79 89 3 59 50 8 98 63 63 80 24 10 6 26 87 62 76 94 58 85 95 6 17 100 50 23 12 80 29 54 8 1 34 53 25 17 57 82 21 34 51 37 3 29 99 83 38 96 76 45 12 57 56 87 51 100 29 16 32 22 16 9 49 34 57 95 56 27 11 4 14 87 46 12 75 92 26 94 87 21 97 51 102 36 58 24 37 47 54 18 3 52
60 61 58 39 54 85 47 37 37 68 87 5 65 11 13 7 69 68 93 48 97 2 75 38 79 19 4 44 36 18 87 67 79 80 59 20 14 42 39 72 47 74 99 50 19 6 21 22 33 41 52 55 19 6 58 45 87 15 56 58 36 20 80 31 64 55 33 39 8 4 47 54 41 29 10 71 21 60 35 6 53 39 49 49 100 76 63 52 52 10 28 43 82 79 16 65 11 3 90 27
29 74 89 3 47 22 56 72 30 31 52 4 47 1 42 91 23 85 25 69 101 42 77 19 26 21 17 16 71 91 63 6 40 49 29 13 80 79 40 76 6 51 78 70 73 98 65 15 84 7 57 18 83 60 90 46 13 34 46 6 34 68 19 21 69 15 51 3 31 85 69 46 7 88 13 77 25 8 60 8 86 28 36 90 78 61 26 63 90 39 12 46 30 53 14 37 3 31 53 50
68 -3 93 2 99 74 49 -3 52 86 32 76 62 39 10 93 9 6 74 12 27 33 71 35 57 17 49 13 28 56 68 66 86 13 90 83 96 8 97 57 94 84 33 73 17 85 35 54 99 9 44 19 69 4 78 30 42 20 73 44 86 5 12 10 51 23 50 11 18 34 41 69 52 69 60 14 98 12 31 10 36 1 70 60 13 25 42 83 9 32 95 89 52 7 54 96 97 29 14 5
87 96 15 35 81 92 94 49 89 64 65 69 76 60 58 5 7 14 21 59 93 27 27 57 48 20 12 55 31 69 16 11 32 66 3 27 97 57 48 34 26 81 59 46 58 38 38 27 74 83 34 37 59 53 56 86 67 33 74 96 67 58 57 38 36 55 71 48 33 52 52 60 52 52 29 79 65 41 58 3 68 51 6 71 67 81 32 91 37 43 44 28 94 81 7 61 93 95 17 71
93 58 59 66 76 63 37 21 82 3 91 76 47 48 26 44 44 28 91 88 100 3 16 66 49 81 27 7 98 73 47 18 54 33 75 27 77 0 81 -3 8 18 76 95 75 69 45 84 91 49 98 89 24 45 68 -2 41 3 25 95 67 1 82 85 72 66 12 2 14 34 100 44 68 58 78 32 47 24 84 51 8 5 9 71 24 78 82 42 76 22 18 76 61 70 80 49 31 1 71 72
79 81 6 15 63 53 72 66 39 47 77 9 54 11 71 22 32 55 93 59 21 40 43 24 65 79 93 42 8 76 47 65 58 40 46 76 46 65 57 54 84 95 35 68 19 50 33 66 69 31 54 64 87 66 72 19 62 40 38 15 59 55 59 4 38 4 85 64 17 21 96 72 75 11 37 8 34 79 99 57 59 78 43 97 45 69 71 4 61 58 9 68 47 44 6 14 12 55 14 37
47 36 72 33 90 76 44 74 97 96 84 61 57 -3 73 78 53 10 65 15 21 93 95 60 69 75 48 15 36 2 84 57 28 95 80 77 44 16 41 40 31 84 20 95 10 81 49 29 25 35 46 80 27 83 41 87 38 58 14 69 93 54 65 25 38 21 37 33 60 2 99 57 55 35 63 48 33 65 28 75 10 55 88 -3 71 51 17 37 62 16 26 23 85 85 30 88 49 2 15 55
75 4 66 61 95 33 42 76 26 48 23 11 5 96 5 83 67 78 29 20 65 88 60 9 61 64 63 25 42 30 10 59 63 46 81 79 11 37 23 80 91 93 22 61 86 23 17 10 87 63 36 74 30 19 24 36 51 73 89 17 56 52 21 76 89 19 17 90 49 20 9 46 6 100 31 98 75 47 59 1 29 54 13 52 64 12 65 47 43 88 42 77 66 82 68 64 81 79 45 83
23 -1 48 80 95 62 53 54 21 6 95 19 3 55 22 77 87 70 99 59 77 50 39 73 72 94 28 5 33 96 18 50 19 21 89 93 43 79 76 87 12 7 78 15 46 3 19 74 58 -3 68 66 63 89 96 10 33 83 93 66 34 33 99 17 22 36 37 80 22 64 99 32 10 61 15 50 57 22 75 72 2 84 17 28 26 46 57 90 3 3 62 40 11 13 85 67 70 37 53 51
51 4 77 21 8 71 70 5 65 51 36 85 89 59 5 22 76 45 55 49 13 77 47 58 13 62 85 32 35 99 74 86 76 21 90 91 20 22 89 52 9 47 93 69 18 26 28 82 99 63 92 73 62 93 14 82 5 25 101 58 23 39 49 84 83 88 42 54 87 27 49 16 64 73 89 56 37 74 81 9 83 66 53 84 43 65 44 73 98 61 50 58 8 31 11 88 23 41 82 58
17 58 31 2 66 50 47 64 83 62 36 62 58 21 38 6 91 78 19 35 99 14 97 27 84 9 74 85 72 26 49 89 43 46 23 -2 88 85 21 74 53 72 52 6 70 82 20 3 58 95 36 25 92 50 29 38 44 35 45 74 17 88 45 9 5 57 39 48 19 79 73 84 87 47 95 53 70 48 26 86 5 53 40 46 26 77 33 6 83 37 69 15 56 46 29 82 66 33 70 2
83 95 75 41 91 89 6 68 38 98 53 1 28 14 91 9 55 31 24 33 29 34 98 44 34 37 39 73 45 47 64 68 69 27 36 48 77 48 70 52 23 3 91 94 4 17 43 75 77 46 72 24 93 30 82 74 99 44 36 24 72 60 15 72 6 20 60 46 28 80 32 5 18 12 92 45 68 86 64 73 19 2 78 89 54 87 90 71 87 93 82 5 82 51 95 87 46 90 16 78
90 88 20 66 52 20 48 94 6 25 68 94 34 40 56 7 56 72 50 -1 25 34 26 43 20 19 2 40 73 75 42 -3 95 16 8 14 11 -1 3 13 82 79 81 52 27 53 55 75 46 76 21 44 68 82 39 19 80 58 35 87 50 35 81 15 89 42 86 57 79 6 83 77 83 73 22 27 6 52 93 19 19 9 82 5 50 40 45 42 59 8 88 67 74 26 19 28 11 24 75 80
14 70 58 94 90 22 20 74 59 8 24 89 4 63 53 69 71 98 102 95 48 78 81 22 74 57 74 28 79 55 54 6 33 53 21 24 79 22 46 20 50 68 26 28 60 67 34 54 101 6 93 66 40 51 4 9 10 20 92 80 4 32 14 63 43 86 102 63 44 18 78 27 53 52 23 20 13 3 77 38 15 26 54 46 64 61 97 77 26 97 79 83 39 91 42 20 76 94 101 16
40 44 90 41 96 21 14 10 7 8 80 55 47 57 11 7 48 49 43 22 7 41 49 3 38 14 23 -2 65 48 42 11 66 36 60 -2 42 16 50 94 83 37 2 66 78 29 61 54 5 85 97 14 68 31 7 78 54 11 76 52 38 77 65 51 49 17 6 20 86 77 15 88 82 13 6 4 35 82 59 41 39 69 35 0 65 96 46 95 51 79 3 32 31 46 25 53 78 59 53 70
82 30 42 70 75 41 29 95 29 2 47 77 83 7 26 74 38 22 77 48 45 26 73 9 42 18 33 54 46 39 14 17 93 57 56 99 17 7 74 55 8 57 92 96 57 64 29 41 69 31 79 68 73 90 26 94 93 94 9 6 24 20 4 13 70 41 38 12 24 48 27 64 43 87 65 13 58 88 26 40 76 39 82 34 85 14 7 17 29 21 71 38 59 85 80 29 50 89 16 99
82 3 2 17 33 91 34 53 63 21 61 53 21 87 63 53 56 16 17 96 37 85 42 96 97 55 96 80 82 2 74 26 73 31 12 42 40 63 84 42 76 70 25 80 55 44 80 18 36 11 98 62 90 65 82 52 32 78 100 8 82 80 2 88 25 2 54 -3 42 22 66 90 74 57 46 90 76 86 17 37 9 22 36 73 18 72 50 92 76 88 34 48 101 20 53 61 99 60 32 32
15 2 65 27 3 41 17 48 16 47 67 32 84 60 91 92 98 57 82 76 58 44 79 68 34 72 35 11 87 98 102 65 44 31 96 44 80 29 46 20 60 52 31 30 17 84 53 50 79 94 4 76 46 48 12 83 39 94 24 94 42 32 34 57 54 80 32 82 35 45 28 54 80 23 50 18 50 34 24 84 24 50 67 93 96 31 99 53 94 61 11 27 35 47 13 64 64 96 40 22
70 92 48 31 101 61 52 73 74 45 21 45 80 21 101 46 26 25 99 45 67 66 59 30 29 23 48 58 71 74 59 9 43 72 4 -1 90 -2 34 72 29 22 12 84 75 35 5 28 11 -3 8 77 24 83 98 49 90 25 26 26 63 69 98 18 77 88 53 66 64 28 62 69 12 2 65 7 33 47 48 51 6 60 15 28 49 7 35 42 9 77 68 36 39 3 48 2 95 10 89 78
36 7 98 47 23 80 32 10 23 87 9 47 96 64 95 26 95 70 102 48 61 96 33 82 78 26 39 19 87 58 41 92 71 33 53 57 27 24 52 87 24 8 32 64 65 57 11 22 63 35 11 35 77 24 25 13 11 72 101 30 83 79 97 66 78 7 67 19 53 53 86 19 24 90 11 28 98 33 62 25 100 66 50 17 59 19 48 26 35 85 68 76 76 6 55 8 27 68 5 16
4 4 69 35 39 34 100 82 101 41 39 24 29 70 98 53 98 31 63 43 45 18 97 35 48 82 94 13 79 70 94 24 3 59 92 45 56 20 46 -1 51 76 12 76 96 15 64 13 38 45 93 56 89 1 14 40 38 64 78 61 59 11 67 85 55 52 7 46 2 38 44 66 67 43 44 71 46 20 52 18 46 95 29 47 49 -3 83 77 19 93 77 91 34 28 43 61 41 44 58 0
42 1 28 43 6 89 23 65 27 17 49 59 23 65 80 79 50 12 6 64 16 49 18 57 37 83 34 68 36 6 36 20 94 31 71 7 89 22 29 8 10 1 41 92 25 54 37 77 90 5 39 96 33 75 53 55 95 13 62 78 47 12 58 60 78 23 27 61 49 4 20 25 48 43 56 10 26 30 72 73 102 58 44 76 21 83 71 28 100 65 23 6 81 94 77 76 83 85 83 34
99 14 40 94 45 88 23 87 91 46 52 28 30 30 56 16 58 33 9 47 96 5 57 69 39 81 10 64 61 29 46 14 38 86 62 77 61 22 72 95 85 39 82 30 43 74 85 10 66 80 13 65 90 88 54 12 29 1 92 67 52 95 55 32 65 22 43 39 36 7 35 -2 96 95 73 66 60 40 28 85 36 2 2 38 91 20 79 15 10 67 60 55 22 64 7 22 32 76 17 29
40 99 97 17 94 92 38 60 11 40 23 17 99 98 75 30 77 81 28 73 56 27 56 86 36 41 21 53 16 36 4 70 51 47 57 77 4 28 4 5 18 2 14 42 100 67 30 92 76 31 99 51 47 4 56 42 50 16 19 50 12 31 42 62 55 51 16 24 19 9 63 55 3 95 55 26 20 59 16 16 86 95 102 22 92 3 30 38 33 4 38 77 66 86 58 42 72 23 97 31
19 31 32 4 20 31 23 21 101 11 7 69 11 17 80 70 61 -3 20 11 14 59 59 8 12 73 50 32 4 71 80 42 36 15 56 28 13 33 73 86 16 36 3 91 26 89 69 73 62 81 47 75 46 54 73 56 53 13 101 52 20 41 72 51 22 34 13 8 95 85 97 88 45 10 52 70 63 55 66 59 21 8 40 56 6 47 56 90 52 75 9 6 45 25 90 80 60 94 70 17
58 52 35 70 92 8 99 97 25 83 40 28 9 88 91 100 10 5 85 16 61 28 60 50 93 57 83 12 91 33 43 17 4 79 81 9 15 45 58 94 22 33 53 69 74 78 36 54 58 29 64 42 61 85 102 31 16 82 66 16 66 22 90 67 102 70 42 39 91 73 21 20 42 75 15 38 17 41 65 35 9 30 90 21 43 23 68 6 79 95 89 42 30 40 34 90 71 40 101 59
98 62 70 51 30 9 64 18 75 78 43 61 68 3 34 63 101 71 7 36 64 68 26 92 20 19 4 29 86 18 19 85 27 44 37 29 11 31 65 48 46 37 78 61 16 52 51 19 58 70 50 46 94 33 91 62 101 62 101 64 14 81 51 38 17 50 71 94 18 96 38 29 23 94 90 56 42 5 9 45 9 16 89 71 83 53 75 59 11 37 94 5 63 86 95 25 15 92 38 74
65 37 12 98 64 7 25 17 22 94 54 36 98 65 99 59 13 57 12 91 51 48 35 65 73 55 64 80 60 71 52 91 25 79 99 96 80 53 78 4 7 24 87 42 12 31 63 76 32 67 70 40 76 77 5 8 15 61 77 94 94 85 13 72 55 17 101 91 58 34 55 72 50 2 80 52 8 48 47 62 86 83 66 7 37 12 79 72 32 71 89 19 100 7 92 28 27 76 36 96
98 67 51 64 45 60 2 69 57 13 76 82 63 58 3 34 23 42 22 70 86 76 28 42 57 38 25 10 92 22 85 28 81 36 57 61 98 29 87 35 21 95 54 37 77 38 42 93 55 23 8 56 52 86 74 31 32 34 39 33 71 2 82 1 58 28 87 24 24 7 9 47 47 28 93 52 59 75 84 57 72 27 59 77 14 2 49 68 83 3 101 81 66 80 101 13 70 25 37 87
63 88 95 42 91 68 80 40 91 19 88 37 75 54 14 85 4 59 44 34 100 79 90 78 100 30 96 92 89 23 67 71 25 76 55 63 63 35 63 46 51 88 11 7 71 35 23 41 55 58 56 96 60 82 98 50 77 30 45 37 79 36 97 3 62 73 48 95 6 32 62 63 94 9 74 97 57 1 68 89 85 62 71 55 19 36 58 49 76 6 33 20 96 91 52 96 62 47 59 85
88 34 5 26 49 42 50 67 25 32 100 1 5 72 52 73 14 84 85 62 59 75 51 77 98 80 5 17 68 45 8 10 30 47 94 75 50 65 83 45 89 73 15 1 53 75 63 71 7 54 61 85 16 39 27 52 92 93 67 14 23 42 91 74 47 54 86 94 78 45 22 46 37 32 37 58 45 66 16 6 40 14 25 76 20 69 74 37 95 30 86 29 39 82 27 2 27 14 8 20
48 72 89 65 13 44 45 59 62 40 39 13 20 93 102 80 20 54 72 67 29 70 80 72 92 80 53 95 26 78 96 59 97 84 68 45 20 20 9 51 54 73 74 36 30 88 49 35 54 35 65 12 34 42 91 94 40 16 23 72 87 13 49 7 22 59 24 24 48 71 66 73 75 71 99 28 65 40 33 52 89 10 92 27 15 55 70 14 72 94 49 84 98 90 25 45 26 86 35 63
31 1 4 51 38 93 74 33 93 88 30 69 80 17 42 94 3 8 77 34 73 84 56 3 53 53 49 5 90 89 65 11 24 81 90 66 2 50 13 25 40 95 47 80 64 86 26 17 52 70 16 21 22 23 70 85 60 52 48 10 82 81 51 19 6 90 5 6 71 77 75 42 97 49 74 33 68 68 83 10 50 39 87 67 9 12 18 2 56 61 15 87 76 9 15 32 9 25 13 71
32 78 95 74 61 31 54 8 52 38 6 46 65 72 72 16 82 62 73 56 59 58 97 54 7 65 9 56 78 28 59 5 8 51 17 47 87 78 85 74 67 73 93 91 5 92 29 82 13 39 100 66 37 99 101 92 41 85 74 3 37 9 82 18 47 90 77 72 82 4 48 14 49 14 28 13 19 75 39 30 97 78 52 33 11 50 39 83 84 15 35 11 8 43 60 88 20 66 95 77
11 7 48 35 28 95 82 69 6 12 46 39 68 66 69 84 73 15 82 31 3 55 14 43 30 47 80 34 62 48 94 86 34 45 99 44 72 45 39 51 60 37 52 37 50 4 21 74 40 10 56 50 79 76 73 51 18 16 28 62 23 72 50 29 62 83 12 95 43 68 51 24 34 32 7 7 16 43 57 80 17 35 44 26 80 11 72 19 38 48 9 83 52 87 60 49 47 12 27 17
91 94 13 24 36 12 56 66 92 88 97 55 4 9 29 59 65 17 67 79 15 36 88 11 6 75 41 70 91 80 61 34 62 12 65 47 38 82 76 33 70 92 31 74 12 81 52 78 5 24 15 9 58 37 59 33 77 53 44 50 78 22 77 9 45 77 22 100 25 71 77 60 60 12 65 43 17 29 102 33 43 48 26 100 17 23 40 61 55 50 13 8 41 63 92 42 27 94 26 46
57 46 89 45 52 55 68 93 25 20 27 67 59 92 18 6 62 3 89 55 5 53 45 29 39 2 94 54 83 53 22 85 66 87 8 17 17 81 67 34 81 50 72 49 80 7 15 59 86 13 47 19 83 34 94 31 76 54 98 36 97 93 62 70 62 50 41 90 22 88 45 1 79 55 37 94 100 33 53 60 33 90 9 69 55 43 82 20 30 82 14 78 89 67 31 25 87 86 89 93
76 74 82 53 21 1 66 45 35 14 29 46 55 11 12 79 65 80 60 8 14 89 48 68 86 59 100 10 72 78 57 2 100 72 6 74 77 45 60 47 92 97 58 39 85 17 56 6 10 46 61 17 62 5 29 74 4 96 102 93 32 83 76 85 22 65 89 26 98 80 12 84 80 91 67 63 51 10 47 85 54 69 14 56 40 33 55 96 72 29 40 71 83 34 69 10 97 75 44 3
25 52 69 4 26 23 11 40 93 27 65 12 52 4 52 74 82 86 69 -1 58 89 4 88 84 34 22 32 49 8 62 14 49 43 22 -2 35 45 14 60 30 81 60 75 16 4 70 82 50 75 61 15 43 17 38 8 3 4 99 53 45 20 78 14 74 37 13 73 58 29 25 21 26 79 62 89 91 68 81 51 15 -2 87 16 101 63 2 73 7 22 63 52 84 90 42 17 17 51 75 81
99 28 22 43 5 20 34 78 64 60 28 85 73 76 21 68 20 68 88 30 79 19 38 93 24 41 39 76 35 73 92 59 33 25 11 71 69 63 29 61 93 15 93 75 76 91 28 61 29 17 33 43 59 75 87 13 16 64 12 56 67 9 86 80 66 48 80 39 65 75 96 88 71 6 50 21 96 86 65 10 77 73 87 69 15 69 17 80 86 100 33 67 11 1 30 69 7 73 57 21
51 55 86 76 101 2 35 43 5 44 6 42 7 85 80 27 27 21 13 32 20 4 75 79 20 16 85 94 65 64 99 31 13 25 5 96 10 85 41 45 95 38 91 43 81 61 28 17 12 92 90 86 90 78 31 12 28 5 62 34 84 57 13 54 82 4 73 47 74 52 39 68 100 55 96 86 8 27 60 32 57 73 76 18 94 86 40 92 90 48 6 12 85 29 90 66 93 38 24 95
81 79 27 11 67 96 39 29 15 49 71 30 94 30 16 18 28 28 48 89 64 61 10 14 46 36 71 22 69 51 24 18 9 77 96 37 35 55 98 100 31 44 95 1 81 51 100 34 80 12 92 32 100 86 52 80 100 33 38 34 14 99 4 65 34 15 31 43 50 74 64 47 102 60 16 93 29 43 25 76 48 88 11 96 69 61 55 69 67 67 29 7 52 86 43 73 67 27 30 25
96 67 16 74 31 33 88 25 37 31 71 6 89 62 72 68 9 59 76 5 97 48 79 70 75 69 49 71 101 61 51 71 58 26 19 38 40 14 92 63 64 0 9 96 87 77 43 86 100 -1 20 91 54 89 84 60 28 17 88 50 5 67 84 10 6 90 47 25 56 75 11 77 13 37 28 59 44 78 60 42 56 37 69 94 10 19 89 94 6 66 14 4 24 73 45 31 6 94 34 1
28 80 31 69 54 31 96 55 3 41 47 75 53 24 53 14 75 77 5 8 88 25 50 55 10 29 98 83 56 17 49 60 62 50 72 82 60 58 32 82 90 89 45 31 72 50 27 21 44 80 48 79 85 86 68 47 82 32 99 53 40 46 92 85 90 91 39 82 81 44 22 34 90 77 73 6 77 58 93 77 77 63 6 19 29 85 19 24 10 31 75 15 24 96 22 82 50 1 100 22
26 -3 41 38 33 58 8 57 9 38 29 28 98 7 25 50 66 57 72 78 17 95 10 59 59 23 3 82 7 36 84 50 92 15 17 61 22 15 101 91 15 86 57 66 23 21 31 41 96 51 78 66 17 66 75 91 17 92 85 15 90 95 19 55 90 67 101 94 68 73 2 22 84 43 25 69 7 10 61 27 16 24 69 9 68 79 67 4 54 31 93 68 50 9 72 0 25 39 82 6
70 78 25 10 32 6 21 14 21 19 34 3 7 11 73 61 55 57 86 22 91 52 61 5 55 85 34 24 81 1 12 97 102 66 26 74 89 22 7 72 55 47 37 91 34 71 53 56 96 86 25 38 27 58 73 74 97 45 20 27 35 63 62 72 35 94 18 82 31 49 86 71 43 44 45 88 77 8 86 33 76 68 97 4 76 17 43 90 38 26 97 24 6 15 8 73 83 66 3 18
23 4 83 46 12 78 55 87 82 71 45 37 6 47 79 17 21 23 15 85 66 68 37 86 17 36 28 92 71 88 24 2 95 68 64 43 61 80 60 66 47 20 25 84 101 2 84 61 10 12 83 39 91 62 94 38 88 73 42 53 33 74 61 34 33 79 67 17 61 54 26 61 18 74 80 14 88 20 56 36 53 70 42 79 49 82 6 41 48 1 58 70 25 30 28 41 9 85 62 86
77 70 18 100 21 23 95 2 42 46 90 49 69 100 66 56 50 84 23 44 86 48 61 77 75 13 13 80 25 12 47 98 24 34 33 32 16 30 78 63 36 2 80 98 37 83 98 97 33 90 57 23 4 11 9 44 50 71 35 32 86 31 49 3 41 30 71 14 79 1 76 24 30 93 91 19 87 99 85 43 60 43 65 81 22 35 75 60 53 52 28 65 101 3 67 94 91 44 19 94
99 35 22 71 74 80 52 17 9 39 20 44 27 42 45 39 86 79 95 95 40 95 49 73 98 93 34 31 87 36 69 28 16 39 2 75 43 29 84 61 89 71 23 44 4 40 70 86 15 41 51 33 70 89 13 86 85 55 3 22 46 44 61 40 67 24 44 80 94 28 37 58 67 -3 32 28 97 27 34 10 61 71 74 80 65 6 52 59 7 2 57 92 62 78 40 64 70 69 42 73
42 88 67 4 24 74 35 48 38 79 35 100 8 43 80 46 15 10 97 29 56 32 49 18 5 85 54 64 25 88 95 52 76 17 31 5 89 17 11 29 92 92 70 35 80 22 18 5 87 46 84 56 86 54 57 50 50 92 62 27 44 12 75 9 85 68 8 84 80 81 14 50 6 87 71 34 90 97 57 34 82 2 96 37 67 73 80 3 28 26 79 32 7 31 22 75 17 73 45 62
60 11 65 -1 64 92 54 -2 3 90 88 24 93 47 12 -1 51 61 45 23 99 12 39 4 37 22 64 48 63 18 28 84 24 69 81 -2 80 -3 96 7 30 35 60 58 9 42 101 53 79 87 46 26 59 28 89 21 10 37 55 86 63 51 82 82 9 32 21 6 9 79 36 5 41 40 27 78 27 22 21 37 93 39 100 14 57 58 94 10 77 77 46 74 34 91 84 31 29 66 60 88
86 8 7 50 8 11 35 7 3 54 59 18 92 1 42 62 53 99 88 17 23 31 79 73 36 87 18 65 33 94 93 95 87 23 80 52 70 69 22 66 15 80 84 93 99 26 29 85 91 56 30 47 41 99 100 46 42 78 39 85 95 89 51 50 24 97 51 76 31 26 57 62 64 22 38 41 64 77 83 82 99 16 101 90 44 91 10 49 56 15 73 30 19 24 62 100 50 65 40 33
66 53 88 45 88 80 37 73 82 38 51 54 17 87 14 13 85 1 25 13 41 61 40 37 80 -3 13 50 4 11 15 13 74 8 26 43 15 81 15 35 46 6 91 91 50 16 59 28 21 44 78 83 78 62 96 55 81 37 60 61 73 87 50 55 34 40 50 69 21 21 71 2 15 52 84 39 37 78 62 35 80 81 28 44 42 -3 6 50 36 73 43 28 77 17 99 8 3 69 37 0
36 70 59 27 14 56 70 34 58 42 80 40 77 11 7 9 18 95 42 74 86 88 44 31 85 72 97 51 32 64 18 58 53 60 94 91 53 28 10 24 55 18 9 45 31 40 90 100 22 39 97 23 26 46 51 66 53 32 92 13 3 39 58 5 82 49 91 15 82 92 76 58 89 70 34 26 30 31 84 91 73 39 44 54 75 95 70 46 88 16 93 44 101 5 62 2 15 64 18 49
57 61 58 60 9 15 85 75 5 29 49 37 59 86 93 -3 55 45 37 88 34 84 50 83 3 13 5 47 20 87 81 17 46 65 6 57 62 88 34 15 33 48 44 63 59 70 99 23 3 20 78 58 91 22 59 83 94 55 93 84 63 85 36 92 38 71 88 5 7 80 5 -2 67 45 85 40 64 77 76 93 5 83 75 3 46 90 82 17 11 46 33 79 52 15 17 63 5 59 75 65
El programa tarda 14 milisegundos en ejecutarse.
