58 22 80 19 64 87 18 25 74 1 34 55 68 54 25 84 61 25 52 22 14 60 82 31 51 30 59 3 32 33 59 36 39 97 44 52 89 59 81 34 62 66 3 5 24 45 17 1 67 13 15 36 31 84 45 93 79 32 76 41 86 12 81 8 72 23 81 11 51 30 36 87 96 87 45 37 10 19 28 68 9 50 81 56 7 97 68 53 30 86 88 21 100 73 89 47 101 9 19 79
53 4 4 95 18 50 27 54 26 91 100 27 96 62 15 15 25 91 94 38 44 50 21 21 41 10 28 37 86 5 37 4 85 96 79 9 55 64 35 68 83 86 86 44 32 67 40 32 5 39 44 80 19 65 74 8 39 33 14 26 61 48 82 78 22 5 39 74 65 14 91 96 6 78 68 26 69 -2 60 50 14 89 39 81 68 29 53 42 3 15 60 57 96 92 7 83 58 68 87 58
20 98 98 12 78 100 9 4 101 80 17 52 10 29 60 55 26 38 26 42 72 18 43 63 8 3 32 23 55 12 24 82 12 34 6 84 84 34 20 3 68 11 56 57 100 35 20 56 53 11 3 39 82 91 87 51 75 45 31 30 20 22 30 62 89 51 15 94 11 73 64 79 3 91 36 85 42 90 76 72 90 92 48 100 66 51 73 50 96 31 53 43 8 70 94 17 100 51 88 23
45 67 77 39 84 50 52 8 48 80 51 96 19 21 10 32 73 33 77 43 54 58 51 69 50 29 41 56 83 21 97 92 10 25 14 25 31 32 87 58 33 62 98 73 63 78 80 48 17 13 27 66 28 1 56 10 9 44 12 31 72 85 96 39 25 8 22 79 7 61 84 22 71 6 64 15 96 8 70 20 44 7 91 84 4 -1 54 63 49 95 46 71 21 36 9 81 87 79 41 73
63 77 55 7 95 10 10 97 93 8 24 95 30 44 84 35 34 97 6 99 44 19 100 86 65 46 56 42 82 71 22 49 92 57 94 81 101 97 24 28 90 11 45 99 102 17 3 69 6 80 84 23 102 25 90 52 94 49 92 75 16 53 75 66 27 4 43 96 99 87 90 99 87 26 61 9 85 12 94 40 44 80 38 99 22 71 58 73 68 2 83 39 75 68 48 15 42 21 55 86
68 40 57 6 59 66 98 9 72 8 29 92 33 53 79 64 64 28 62 14 40 27 95 73 9 54 18 9 94 32 3 8 54 75 50 39 5 42 94 5 25 51 22 9 69 34 98 2 62 6 98 3 18 13 19 22 44 22 18 49 86 31 6 29 82 63 92 59 7 37 25 29 88 3 60 35 33 57 101 -2 41 57 32 23 37 0 9 50 6 22 82 57 50 27 71 90 91 84 60 29
32 43 69 2 39 65 68 77 86 64 70 62 75 60 75 56 72 39 58 24 91 75 18 90 61 59 80 47 9 3 71 61 43 92 80 92 56 76 86 82 99 79 57 44 61 73 70 24 64 23 85 74 38 93 7 32 71 84 83 91 31 39 74 72 51 52 101 35 22 94 92 93 100 67 94 6 26 71 9 99 79 5 65 34 48 60 25 59 79 47 27 41 46 14 89 2 72 4 97 42
36 47 23 76 49 61 30 87 53 53 75 86 86 79 65 55 11 6 92 78 5 26 6 14 67 77 56 12 29 72 6 49 70 55 49 18 38 67 3 25 31 17 13 78 66 41 20 88 67 35 44 45 16 40 43 64 4 87 18 56 67 75 29 4 30 29 46 6 12 37 13 64 34 23 13 92 39 19 19 42 89 39 29 48 51 46 78 2 47 90 19 21 95 84 29 45 55 40 16 68
21 22 53 29 24 14 32 68 19 84 35 21 93 86 33 67 90 92 6 78 87 53 39 45 54 36 71 39 46 90 15 25 94 1 29 83 77 30 33 61 96 31 60 34 68 78 23 21 35 71 20 58 48 90 42 17 11 35 71 17 98 100 16 53 39 87 40 61 36 89 54 93 45 46 83 84 38 98 27 80 29 30 92 64 61 54 62 48 78 23 86 64 84 60 98 6 64 14 59 79
90 45 98 95 51 39 78 33 47 19 23 58 85 69 71 95 48 11 100 18 53 34 14 3 44 52 48 26 31 59 41 90 76 18 51 10 69 53 31 34 66 91 71 73 58 -1 11 16 42 81 60 94 91 9 34 37 12 54 7 13 30 22 76 82 4 -2 20 74 101 47 74 39 23 6 53 87 19 85 21 26 19 52 98 28 95 95 57 74 55 10 19 75 71 70 36 56 11 22 4 66
4 49 66 85 69 26 51 17 78 57 39 95 72 76 102 18 34 11 9 18 50 77 24 56 19 67 74 77 39 50 83 68 17 100 77 58 53 3 38 25 13 7 32 84 93 39 95 60 83 1 37 50 75 57 65 35 34 78 33 9 36 59 32 28 24 60 18 28 41 67 11 85 37 51 30 42 93 2 67 71 99 55 48 75 36 90 25 9 51 49 86 19 86 96 67 96 25 99 78 69
39 92 28 25 81 75 66 72 40 31 28 83 5 11 57 52 8 44 85 44 77 64 100 60 59 18 10 35 49 37 97 19 62 26 90 39 11 48 62 71 27 79 86 15 20 18 78 84 13 50 12 1 19 67 23 23 90 88 83 -2 84 14 60 85 8 12 34 73 59 12 20 51 56 60 51 15 87 92 23 95 7 36 67 34 27 72 97 66 80 62 16 88 26 53 15 27 74 59 53 82
89 44 58 20 60 88 65 76 53 27 39 74 10 14 42 65 73 26 98 16 24 38 101 86 68 91 23 16 87 32 52 95 79 99 49 61 34 97 53 38 54 96 61 1 42 70 16 42 47 77 96 51 64 93 45 64 98 90 19 73 59 51 10 90 40 28 9 69 9 39 8 56 42 29 102 48 7 5 49 60 86 96 49 56 65 88 72 67 36 24 12 81 79 51 88 26 45 75 91 78
36 54 88 51 16 55 49 55 78 68 81 71 18 86 12 57 20 56 35 75 84 39 7 77 13 22 45 67 96 22 10 28 8 10 53 27 6 29 9 73 27 51 79 56 42 59 77 20 76 51 61 30 16 89 46 3 45 22 92 67 12 64 101 77 88 24 10 63 49 23 51 92 63 66 87 74 22 81 36 33 85 80 10 49 68 40 76 49 32 59 55 32 35 81 87 88 87 45 98 79
20 96 101 30 9 90 19 88 14 8 70 56 85 7 77 98 85 52 49 55 87 56 85 53 73 73 83 97 44 49 92 4 67 44 38 15 96 91 60 70 13 81 58 54 96 38 96 55 63 45 34 5 87 87 67 32 53 78 20 57 45 42 28 56 83 24 36 32 83 34 14 76 32 15 24 3 56 78 93 45 40 31 70 85 12 92 81 62 20 67 102 53 65 27 60 88 99 58 15 54
6 55 52 3 96 49 92 73 67 61 46 50 94 28 30 22 96 70 66 3 39 7 74 7 29 53 38 8 101 79 25 16 50 11 8 11 73 72 81 77 76 62 82 88 80 39 20 -3 20 35 23 9 38 4 29 28 5 30 17 77 75 20 55 31 39 2 79 26 15 28 15 7 75 69 85 73 81 16 93 24 12 53 34 51 65 16 31 68 18 21 75 74 71 89 61 89 65 64 67 5
38 88 59 27 30 39 46 39 90 85 98 11 87 56 11 96 79 39 65 24 87 11 78 42 101 8 28 23 28 69 38 18 17 11 85 62 32 38 21 57 13 63 48 1 97 26 67 77 55 80 13 41 93 49 51 8 50 40 45 65 8 35 6 29 18 66 64 50 75 38 32 18 5 41 14 77 27 64 19 32 30 92 58 78 71 72 89 79 30 88 20 71 68 97 42 47 38 48 72 82
59 9 77 88 21 50 47 62 94 29 5 23 58 1 7 54 19 1 78 22 36 70 7 17 65 67 14 60 85 32 34 80 21 71 75 48 100 85 22 65 85 44 37 19 4 86 46 58 46 4 60 -3 50 59 68 77 5 49 45 30 79 64 88 21 78 23 29 90 68 24 4 25 16 90 67 65 45 49 7 48 27 44 100 85 51 9 49 64 8 44 94 72 69 41 66 39 14 42 20 2
69 98 50 14 13 57 93 9 17 49 80 7 102 89 99 72 61 47 92 53 8 16 75 99 89 63 17 3 78 88 24 42 19 65 16 31 20 93 73 29 68 26 28 96 84 14 14 32 12 47 62 86 71 53 80 54 28 62 35 73 8 24 48 38 91 36 18 58 37 11 80 17 55 85 46 66 4 66 24 65 42 79 11 40 44 86 52 12 34 4 33 34 92 88 7 38 17 96 90 7
76 83 70 47 45 73 34 57 74 16 98 24 10 35 54 83 26 94 63 61 32 75 25 1 39 63 3 51 20 66 80 6 47 -3 84 13 63 9 101 61 78 71 8 8 43 21 81 94 62 80 28 46 81 29 41 96 86 -1 56 53 69 -2 76 28 63 -1 67 40 43 7 82 63 84 69 49 31 98 28 86 59 67 15 35 3 42 14 65 5 19 20 30 62 59 67 43 -3 74 91 18 69
23 53 100 57 87 42 100 62 59 79 25 42 70 62 10 47 80 75 99 98 31 1 11 3 19 20 97 78 31 48 62 41 50 87 33 39 70 68 99 52 55 49 95 40 85 79 100 63 85 32 49 44 97 31 92 33 39 18 97 34 62 37 44 99 23 32 19 75 101 85 50 29 102 68 48 1 9 96 83 49 30 37 43 90 77 41 93 59 27 44 68 68 87 8 60 50 52 25 84 55
41 91 49 70 71 92 16 30 41 68 7 52 33 3 64 14 43 16 100 20 90 93 42 34 48 53 98 6 43 81 88 81 88 10 41 46 85 50 77 60 33 95 46 63 69 7 21 58 36 72 37 41 44 27 32 23 71 49 15 1 16 0 4 2 39 34 98 38 29 63 26 -3 55 24 87 94 83 64 26 28 35 14 49 66 35 6 21 19 46 63 31 71 34 59 18 33 83 35 21 29
102 38 91 41 94 17 39 29 49 80 20 73 66 60 27 64 102 100 88 36 38 39 54 23 71 71 56 42 15 82 71 96 76 45 58 90 75 10 70 48 34 80 99 42 24 55 40 14 52 72 44 30 19 66 26 71 91 32 31 23 71 70 22 16 98 63 36 11 9 35 65 35 8 17 88 11 32 49 11 62 72 40 12 85 27 13 97 54 72 37 23 33 3 13 41 32 3 9 32 100
58 23 15 55 60 48 25 0 14 59 2 61 57 15 13 82 54 44 24 30 30 74 78 21 59 17 91 10 55 12 63 75 43 78 24 4 55 87 72 39 101 96 37 72 62 6 93 23 48 8 94 33 92 83 39 10 6 21 64 46 24 27 87 24 51 24 45 34 100 34 59 29 52 75 36 50 89 5 59 52 52 94 67 14 75 4 86 67 63 11 27 72 69 30 58 21 91 25 41 47
50 71 41 69 15 83 86 93 86 42 59 29 60 71 54 50 101 80 22 43 71 18 10 12 60 85 10 26 64 9 70 94 26 45 90 56 94 51 29 83 81 24 65 99 98 100 11 40 29 58 68 89 79 83 99 38 23 2 63 59 53 98 92 92 71 24 10 77 63 76 85 94 39 45 102 27 39 23 64 65 27 51 92 54 63 6 77 89 4 48 56 52 51 15 11 94 20 31 70 61
84 36 85 77 37 73 87 13 33 33 57 36 50 85 57 53 61 66 71 71 67 57 5 72 5 57 29 45 2 22 73 91 66 66 49 14 80 5 7 74 69 1 25 -3 55 11 4 5 47 13 34 19 10 96 84 20 87 44 37 9 62 6 43 48 39 17 63 52 18 5 100 6 50 94 88 24 38 94 43 53 8 34 46 49 4 7 32 1 91 41 18 67 12 52 36 41 56 74 6 2
13 6 88 14 14 56 80 77 94 73 84 50 70 97 45 71 69 32 85 73 53 60 90 90 3 58 79 5 24 91 90 48 12 100 10 31 54 77 89 45 6 13 87 31 30 69 79 87 58 9 32 68 93 34 57 99 25 9 35 92 49 30 22 60 57 95 102 97 92 26 36 64 54 11 39 55 29 13 90 63 83 47 102 96 98 67 7 83 36 9 90 17 23 66 99 82 14 64 86 35
49 74 72 4 57 -1 55 27 32 62 11 82 52 75 64 22 5 68 7 13 3 86 66 -2 21 75 26 89 28 21 88 61 62 72 99 35 29 1 3 84 57 55 101 52 45 60 67 6 33 41 55 11 86 63 66 56 30 83 55 18 8 54 91 33 16 15 17 63 70 74 54 68 97 57 97 10 97 5 90 33 22 64 26 2 27 18 24 91 99 2 50 78 23 31 93 91 98 76 99 37
76 23 58 56 102 53 92 83 24 18 29 3 6 35 63 35 84 2 6 37 19 27 84 25 43 83 13 61 90 34 88 60 73 92 46 88 55 13 37 40 59 59 98 9 10 99 88 93 70 50 16 94 25 24 47 25 87 64 99 48 66 31 18 17 84 31 57 57 98 44 75 10 30 67 71 89 71 49 36 65 38 57 38 33 21 86 97 90 9 87 83 94 35 76 64 61 16 46 86 83
63 9 93 85 41 57 30 47 84 6 15 6 73 37 96 78 38 71 19 86 98 41 46 22 97 40 15 80 64 89 60 33 48 14 101 83 2 89 53 56 76 64 94 54 21 45 50 62 7 -2 22 12 16 64 13 39 28 15 72 34 59 89 44 79 92 83 34 96 64 18 17 24 95 15 9 39 34 84 99 50 61 35 52 64 46 11 72 23 83 51 65 70 20 72 60 40 4 90 83 -1
88 7 33 41 40 48 3 47 48 75 27 44 66 47 35 53 77 78 21 81 36 65 10 5 48 40 43 94 94 2 51 73 40 31 99 11 97 23 77 86 76 16 60 68 67 35 40 29 7 18 32 90 34 31 74 94 30 51 12 76 41 33 24 35 11 49 90 42 22 25 90 2 43 11 62 18 75 38 77 54 77 26 53 7 86 43 77 71 85 49 74 47 84 64 87 28 54 58 56 35
28 91 53 93 25 75 42 -2 60 22 8 70 22 0 24 56 66 61 12 67 18 94 51 36 34 36 42 2 57 90 61 4 11 9 82 76 32 13 98 25 88 29 94 26 59 74 22 90 53 12 99 95 14 41 32 56 19 20 71 51 38 53 38 44 95 90 39 42 99 67 73 2 62 13 54 84 81 29 29 26 84 83 48 12 43 7 40 96 43 59 7 34 55 49 68 75 100 10 33 74
16 44 53 71 10 37 63 2 100 68 30 48 39 78 65 56 102 13 46 85 81 82 44 67 57 72 93 67 45 62 23 72 73 22 68 50 79 64 64 91 92 83 29 1 51 61 67 66 70 96 81 35 86 3 61 99 47 80 41 37 61 13 50 89 41 30 43 35 70 8 12 54 86 90 94 52 39 65 41 68 4 6 99 63 42 88 80 55 78 41 90 27 44 30 7 34 63 6 53 87
84 71 41 92 63 42 32 29 67 87 3 42 43 74 45 83 14 7 45 60 68 64 46 56 22 84 16 50 85 4 15 64 6 49 55 86 93 7 78 26 29 47 10 64 53 44 63 74 54 42 24 34 50 88 53 37 56 20 43 64 5 37 2 92 101 7 44 53 84 32 15 94 55 22 71 12 79 -2 13 16 100 90 37 58 32 56 22 76 55 7 29 10 40 4 78 19 44 34 23 75
69 70 23 92 47 58 102 57 39 34 28 9 27 19 16 20 93 55 90 45 27 61 56 33 34 93 63 42 74 93 5 25 102 93 40 32 34 58 91 27 31 39 89 67 5 20 73 34 100 46 100 30 44 48 25 63 77 60 23 14 67 90 85 16 100 80 67 89 60 51 6 50 75 33 23 85 95 27 16 40 57 59 13 57 49 59 71 72 56 82 80 25 46 2 62 1 93 80 81 92
90 26 10 70 70 83 32 84 60 12 71 77 63 68 33 96 65 63 98 -1 31 92 53 63 100 91 76 67 2 28 81 65 49 45 15 31 85 93 47 29 8 52 38 23 15 35 73 26 52 32 41 55 33 77 25 34 45 79 83 83 51 90 61 0 70 30 46 45 69 69 94 16 53 71 70 18 20 33 28 87 70 35 45 91 85 52 21 73 92 3 36 39 92 -2 97 23 90 18 48 18
86 56 6 39 7 57 77 52 41 36 90 99 80 15 82 55 59 19 32 14 58 48 6 43 64 60 75 21 48 22 3 93 76 58 37 32 93 59 51 44 58 100 71 65 59 39 81 14 40 89 45 55 85 49 24 15 68 46 30 61 26 1 78 96 50 27 25 93 91 53 29 82 75 2 72 42 57 26 91 62 34 90 14 83 101 81 48 37 81 46 17 72 4 100 100 50 91 41 61 77
96 95 62 53 22 76 53 -2 57 49 67 -2 90 50 41 85 93 12 53 -2 80 8 7 16 45 67 54 69 97 13 89 45 11 33 30 29 14 -2 51 26 80 6 81 71 48 44 97 21 11 35 49 93 2 49 8 13 7 34 5 17 45 55 38 42 64 0 58 41 5 62 4 46 100 74 51 13 14 24 55 85 92 72 21 7 22 32 6 59 67 81 44 48 71 16 67 70 41 76 81 17
90 19 13 76 94 23 9 32 59 16 54 22 18 54 97 69 59 28 34 1 92 70 63 15 86 93 43 20 60 56 17 22 18 10 18 80 7 27 80 93 42 6 87 46 85 78 35 89 102 50 69 9 12 61 49 67 12 28 40 1 53 30 73 18 38 55 14 96 59 36 98 72 63 89 18 11 16 41 48 65 76 64 55 6 35 98 15 6 43 71 69 25 86 22 73 82 66 39 77 39
56 29 36 85 34 2 17 78 80 48 36 73 14 78 39 87 78 79 36 37 34 26 25 82 96 16 14 2 80 31 21 52 42 37 72 84 82 28 25 34 52 91 63 17 66 -3 50 -1 31 89 36 75 14 63 67 78 62 46 45 50 36 49 85 96 69 44 68 38 68 66 41 2 82 6 36 63 30 57 87 4 31 9 71 36 15 10 13 52 84 62 66 21 10 6 36 23 91 50 83 72
41 88 37 11 3 99 35 44 4 32 42 9 81 2 62 93 45 11 72 64 8 75 65 55 69 29 100 20 88 50 12 21 7 66 92 63 56 56 40 48 68 20 40 80 72 83 38 24 62 75 89 66 61 74 64 32 60 61 21 39 9 15 38 90 35 80 63 54 45 25 11 72 95 4 16 34 55 50 11 24 98 86 25 46 15 23 3 44 34 28 46 91 47 44 23 80 79 98 68 91
11 76 70 62 71 93 4 96 13 4 72 -3 89 7 58 47 82 35 44 45 83 -3 27 29 32 92 19 94 21 10 100 51 39 31 26 16 65 20 59 37 82 35 17 21 41 31 8 56 27 9 98 67 14 87 59 87 57 65 3 8 59 95 66 69 81 66 7 68 93 36 2 82 70 79 91 79 10 29 86 74 2 51 81 15 36 74 29 10 17 96 31 26 92 76 51 24 10 86 32 37
37 59 86 93 29 57 62 77 22 61 72 48 22 60 90 36 82 49 7 41 85 94 31 99 52 43 7 88 100 8 5 81 67 13 94 36 26 87 18 33 102 66 14 99 41 8 7 62 50 79 44 6 8 67 9 35 50 60 60 59 21 48 23 71 101 40 59 12 66 77 91 42 41 33 57 12 81 78 35 38 74 22 14 56 25 28 87 71 54 44 60 67 77 78 25 18 85 91 8 81
12 85 6 20 83 43 90 4 63 87 41 16 13 30 63 -1 18 70 58 31 86 22 32 57 48 64 57 86 98 62 27 22 57 58 53 12 36 83 29 68 76 80 47 25 73 18 97 93 82 15 80 48 47 55 75 40 79 63 63 72 84 68 65 34 95 44 81 85 6 34 6 85 65 93 23 14 48 11 85 19 15 37 80 68 66 42 69 24 70 11 100 64 3 3 47 24 37 66 25 79
62 33 8 16 47 100 24 69 88 60 93 26 50 60 87 19 73 92 15 12 13 68 81 68 17 74 19 62 45 16 54 75 19 20 14 72 47 28 37 14 91 45 37 60 89 34 98 69 100 85 97 89 36 61 41 23 92 7 17 23 84 50 39 66 58 51 86 55 70 58 66 77 24 45 75 59 84 89 62 51 4 97 72 73 91 83 28 80 31 41 65 98 14 46 56 96 52 100 59 85
85 91 34 46 63 92 3 36 31 62 87 72 18 8 85 53 44 85 21 68 27 83 94 83 95 51 5 79 37 96 68 69 46 96 13 79 67 86 96 15 87 91 80 82 28 77 6 87 18 23 72 19 48 42 84 36 22 85 65 83 94 11 7 5 24 20 75 5 62 92 58 66 22 96 4 26 64 95 90 83 28 94 71 80 36 42 37 13 80 33 54 95 61 18 94 80 78 81 73 81
66 12 11 88 84 20 62 70 30 8 71 49 73 33 35 88 44 94 69 77 31 99 40 55 73 33 80 28 44 56 46 67 27 29 93 96 100 57 11 2 54 27 69 27 27 3 28 35 86 68 27 85 22 53 52 77 17 37 66 82 45 88 45 100 97 37 100 61 96 60 95 12 60 1 37 98 76 49 4 98 22 23 40 50 17 39 38 35 28 59 67 86 40 53 90 44 21 40 37 51
41 9 6 49 66 81 13 66 64 34 69 55 60 20 87 84 61 68 30 31 92 53 75 93 78 4 46 12 54 2 2 96 24 68 69 36 16 40 24 8 74 43 77 58 93 6 89 1 58 76 49 35 92 30 69 31 101 94 34 56 11 33 95 8 42 1 53 83 19 76 81 5 30 60 42 -2 45 69 30 5 81 66 21 92 61 77 36 41 47 63 50 42 26 67 46 81 27 71 4 45
30 88 34 41 22 25 83 27 60 72 102 45 8 8 29 14 74 42 24 94 97 3 26 86 50 97 74 53 92 35 9 5 45 33 20 89 59 67 88 76 101 66 70 60 75 40 80 43 57 2 13 84 33 12 4 83 67 6 70 68 97 54 75 57 30 53 66 64 49 8 8 32 84 72 78 83 70 23 13 92 26 9 23 98 38 6 46 99 41 63 4 94 53 70 47 57 67 87 92 61
100 57 70 5 36 48 54 38 29 88 11 66 48 5 38 60 3 21 59 46 79 0 55 25 36 57 37 53 30 26 55 38 48 50 25 55 71 15 70 93 83 42 58 40 30 8 53 48 71 75 50 27 30 51 72 54 39 44 90 88 85 4 12 31 8 91 7 -1 98 72 98 95 4 55 4 33 25 84 56 80 98 14 6 52 95 79 53 19 40 16 64 69 9 81 2 67 51 48 29 87
51 72 12 80 99 19 68 34 76 77 21 84 48 28 94 30 79 66 54 25 98 81 43 19 48 88 69 32 11 56 97 83 42 87 5 64 8 93 56 24 69 31 40 42 3 44 94 46 50 90 16 41 73 30 69 8 82 62 91 35 4 33 54 60 47 43 35 98 49 11 13 68 32 83 74 2 6 99 53 4 40 71 30 80 78 57 8 53 31 49 52 37 90 65 44 52 8 38 97 19
71 75 95 78 33 29 23 84 24 87 61 53 58 -2 16 50 43 65 29 -1 77 84 23 57 44 62 6 -2 63 -1 9 33 39 15 67 50 31 63 36 35 44 73 60 77 37 22 28 69 18 38 22 66 16 42 83 51 62 86 89 40 5 87 44 42 38 24 22 81 26 94 29 77 77 90 68 66 99 26 87 70 87 90 25 79 25 68 51 66 86 60 95 8 58 77 65 57 15 67 35 46
51 27 38 15 9 96 35 58 50 71 42 66 21 86 88 62 72 70 49 62 58 43 42 75 88 18 97 78 32 86 29 88 81 41 97 37 54 32 20 63 91 20 43 4 43 48 58 20 28 10 96 29 94 89 58 93 25 68 23 62 49 31 77 17 78 23 35 82 59 33 100 58 76 37 60 90 30 25 91 89 28 51 16 57 92 83 98 1 29 7 102 55 37 36 24 74 41 94 9 87
4 31 94 61 64 59 5 87 28 56 83 70 36 88 80 3 55 48 85 10 63 20 17 12 8 -3 35 73 100 77 44 81 55 16 20 74 26 42 98 90 7 80 36 26 52 55 70 12 49 20 77 61 4 58 42 73 77 96 69 10 30 1 22 21 19 81 74 2 50 84 39 73 23 45 38 55 33 95 61 24 71 11 57 55 68 70 34 30 43 19 72 56 81 94 70 5 37 35 30 42
95 15 26 6 19 77 77 40 39 13 43 48 61 31 51 56 70 8 60 54 99 41 4 13 44 43 96 65 102 19 74 75 49 74 75 58 44 30 71 84 10 9 51 22 22 1 66 82 100 18 32 15 62 86 86 60 35 42 32 35 93 33 54 74 34 58 90 75 101 16 35 2 70 78 35 43 79 31 62 58 35 95 85 63 38 71 71 67 11 3 16 94 48 33 64 69 14 49 37 32
18 8 61 10 42 -3 45 76 52 84 39 56 63 27 66 -3 2 19 44 87 3 54 88 88 45 -1 42 4 41 88 50 31 47 7 35 72 7 67 47 26 60 4 59 -1 45 95 62 95 8 45 47 14 83 1 24 18 26 81 4 46 26 88 72 48 76 0 62 19 71 51 59 0 49 16 81 43 89 62 31 25 20 16 17 29 42 65 76 7 28 11 95 83 29 32 2 48 84 69 35 54
69 64 13 26 42 13 31 29 61 26 84 28 76 86 73 2 12 100 55 38 57 98 70 93 79 40 83 84 12 20 17 42 82 61 47 65 19 6 91 25 11 58 73 82 64 15 98 92 93 81 27 78 66 99 94 89 11 18 7 75 51 17 48 30 97 86 17 92 17 63 19 27 32 15 13 41 37 50 75 7 22 74 46 64 83 63 78 43 44 86 47 54 73 78 88 16 74 14 35 54
60 18 88 54 38 23 26 44 44 0 29 47 57 80 99 82 43 54 25 85 67 73 17 94 70 61 70 10 48 23 30 80 13 44 57 94 75 37 12 3 93 62 101 17 91 45 84 0 57 40 17 65 62 86 51 3 32 2 91 52 51 20 45 27 54 14 54 43 43 75 41 61 27 39 44 15 85 53 10 87 96 62 12 6 40 59 12 0 36 47 17 20 66 39 38 7 78 23 99 1
60 21 76 25 39 20 47 91 33 85 24 100 15 75 79 13 16 71 21 55 74 43 22 94 94 17 31 87 31 18 46 80 34 14 11 81 100 49 81 92 47 69 60 60 82 71 43 77 97 45 17 22 90 22 45 21 60 53 66 79 49 40 44 24 77 10 50 80 27 63 75 73 69 88 16 86 53 72 77 45 5 22 39 33 61 46 78 33 34 35 98 87 51 26 33 88 30 22 97 6
54 5 14 95 9 82 57 26 56 1 94 67 14 8 33 77 88 39 75 60 80 47 5 49 31 0 59 -1 21 8 71 89 56 11 57 80 7 4 39 35 8 25 85 15 28 -1 85 47 21 83 92 -3 36 42 33 28 88 22 20 90 45 91 60 56 66 71 90 55 19 65 57 52 56 74 66 76 60 71 74 58 98 94 36 61 4 -3 50 2 81 18 22 4 71 75 85 70 47 61 94 53
28 44 26 33 39 26 61 21 63 51 60 48 24 63 64 7 81 38 40 6 4 86 82 73 68 22 95 32 69 75 48 32 81 82 78 70 78 86 5 53 64 71 84 51 61 94 78 41 6 45 15 72 85 79 36 82 64 16 83 78 19 77 44 94 51 48 90 91 95 27 72 27 39 82 9 46 55 94 77 91 34 32 55 31 22 63 84 98 29 96 41 32 35 10 46 74 26 91 35 27
48 12 31 51 99 63 67 87 77 61 4 64 36 1 68 -3 27 49 59 89 74 76 19 53 65 89 50 13 18 24 55 36 2 84 26 49 17 84 53 95 98 24 38 72 27 72 84 19 11 0 15 94 90 15 28 37 51 57 96 87 2 65 68 59 12 38 75 12 62 57 22 33 83 71 3 29 7 80 62 7 81 8 43 88 94 85 51 7 38 28 76 23 77 46 87 61 42 54 3 4
73 50 25 50 13 45 3 26 43 55 33 40 68 50 17 7 19 98 97 68 5 91 92 86 51 2 74 48 5 38 95 87 49 90 65 10 30 20 77 87 62 73 59 41 79 21 51 63 10 21 60 45 25 1 23 48 52 41 15 58 24 81 75 49 68 34 81 85 10 56 95 95 81 90 25 38 81 39 4 22 64 57 25 98 49 46 28 22 73 86 22 36 29 72 11 96 31 25 56 46
58 27 59 -3 55 46 52 -2 92 37 85 72 77 15 78 12 17 85 63 84 22 90 60 71 65 -2 40 30 28 91 44 79 31 11 45 77 48 40 37 22 21 7 2 48 35 31 59 50 90 58 37 60 20 30 96 17 38 9 30 89 37 78 33 51 82 74 58 10 35 83 10 32 10 35 23 39 7 89 23 91 5 73 74 86 5 65 74 82 74 63 51 68 32 79 24 64 30 6 18 76
28 23 30 15 19 5 72 72 86 90 44 40 65 66 19 43 72 79 17 91 14 37 82 11 34 21 38 69 62 73 75 91 20 51 91 63 20 83 41 68 36 24 24 12 42 39 55 81 31 97 54 32 22 29 39 82 75 44 48 69 47 77 36 40 63 79 66 73 34 71 35 79 82 100 46 100 14 78 57 100 3 77 68 76 35 24 33 15 94 48 40 95 86 76 33 75 69 5 71 38
76 46 37 -3 6 63 40 9 25 40 60 27 19 80 75 70 20 44 43 36 53 20 87 59 83 93 3 5 29 12 47 75 41 61 3 37 86 68 82 67 65 14 60 42 72 6 25 3 68 62 27 53 83 21 68 71 44 86 6 34 71 13 82 -2 93 25 71 89 47 49 6 8 81 56 32 0 63 9 24 46 6 94 44 31 47 66 88 36 91 96 48 92 22 84 42 72 7 54 10 49
41 40 55 33 10 3 84 10 100 87 90 66 41 68 13 27 38 63 44 29 14 72 53 34 20 57 36 37 11 23 83 46 53 94 47 46 37 58 22 8 101 47 23 23 17 67 86 22 92 38 99 44 40 72 38 18 27 8 7 21 67 36 37 88 33 68 71 67 79 56 57 95 38 50 10 39 16 52 60 9 37 33 97 18 29 36 34 57 86 4 44 16 76 51 22 68 53 85 8 25
96 8 20 51 95 29 50 38 62 57 101 73 56 85 92 32 98 46 12 52 94 43 19 39 101 -1 34 50 82 52 72 -3 23 3 14 27 56 74 9 67 73 55 100 27 86 62 5 85 64 44 50 85 101 45 55 56 25 51 80 23 100 3 87 83 27 2 86 2 16 0 86 82 13 3 51 40 27 94 4 37 16 31 12 1 32 35 9 89 19 83 65 37 19 39 71 68 93 90 23 22
19 85 22 17 92 53 54 21 96 58 17 34 12 39 65 53 38 94 86 88 57 98 17 2 47 31 64 53 32 37 77 31 15 84 23 25 72 56 44 97 82 57 55 4 98 87 6 33 69 84 80 97 32 39 19 79 59 8 68 71 13 71 11 23 57 28 12 97 17 25 49 58 53 69 80 38 59 3 32 71 79 60 36 74 14 70 85 37 14 19 21 74 25 14 71 57 102 89 4 66
51 85 63 82 63 70 76 38 82 29 17 23 40 45 39 7 28 36 43 87 77 69 85 -3 58 1 89 45 53 5 6 44 51 88 57 23 6 27 69 35 63 95 28 9 3 85 28 89 56 89 61 90 81 26 75 89 16 60 100 20 24 28 46 10 58 10 2 87 70 74 45 94 20 64 55 48 63 71 31 69 63 -2 78 39 100 4 94 25 42 79 92 67 20 72 22 73 22 3 23 64
43 49 19 74 41 59 78 51 65 44 33 82 49 20 78 8 62 21 11 89 88 37 79 39 53 23 77 17 65 75 85 79 22 24 8 92 54 60 43 1 19 76 60 56 27 70 78 98 71 35 45 38 85 18 96 47 74 30 97 15 68 57 88 37 63 2 44 35 29 85 82 11 63 18 94 90 27 41 44 37 73 53 99 38 67 4 26 26 44 76 46 25 91 53 100 53 44 94 6 77
92 44 40 46 23 41 13 17 22 25 37 69 27 23 90 78 93 39 46 77 11 20 9 64 8 61 14 46 60 46 73 20 78 55 44 26 26 26 57 26 82 81 77 12 22 86 32 55 12 61 100 77 31 7 72 39 78 64 23 6 43 -2 10 88 94 50 79 3 13 52 6 67 51 -2 31 84 92 11 18 32 43 19 95 71 95 64 18 70 30 95 26 40 2 33 75 -1 24 36 5 1
95 35 5 31 45 22 34 12 87 3 52 73 86 51 26 26 101 56 59 78 77 83 54 87 91 94 48 11 43 76 89 71 21 68 93 3 86 60 28 18 39 89 79 55 54 54 21 81 29 33 81 53 61 71 27 23 5 89 89 49 65 69 64 48 85 21 73 96 50 69 31 76 83 77 71 55 34 24 17 58 65 49 26 100 12 9 32 21 93 55 24 2 20 100 20 81 48 27 100 62
46 13 25 48 73 -2 8 16 66 64 55 55 28 50 86 57 45 34 28 12 9 18 47 2 40 71 6 36 81 13 89 48 22 89 79 91 51 7 9 78 61 79 9 5 42 41 37 86 70 1 75 94 73 4 56 70 92 94 77 68 51 66 60 91 85 35 82 36 16 70 66 91 24 30 23 20 11 26 83 38 31 7 85 28 67 41 9 37 13 70 40 76 8 89 96 -2 59 5 14 42
36 20 20 93 19 70 92 93 42 17 35 94 75 81 5 7 53 22 4 37 89 32 51 23 19 25 36 100 61 45 39 50 75 93 53 80 50 61 57 1 69 31 9 85 38 55 17 5 13 61 88 92 44 74 17 44 9 65 81 81 100 89 15 51 55 40 11 38 70 64 27 62 29 57 55 80 64 6 70 94 23 10 90 49 69 56 36 18 42 22 42 85 12 11 47 18 26 19 45 65
17 1 29 79 40 96 8 67 41 86 35 50 40 65 75 21 65 76 57 30 19 93 98 2 5 60 39 22 83 28 81 30 74 91 81 53 16 79 65 80 69 2 81 12 26 32 31 68 12 21 66 87 2 82 85 13 44 67 101 2 91 84 20 77 44 63 87 71 100 51 80 27 48 94 80 32 86 70 73 83 69 89 90 28 58 2 10 27 44 20 51 33 36 79 48 10 68 35 60 61
34 39 94 70 95 68 37 90 39 16 75 25 93 89 42 86 44 48 87 77 5 23 67 49 17 14 90 52 56 100 73 55 32 92 86 100 79 24 40 95 7 80 24 57 81 16 71 54 93 60 102 3 60 25 47 55 38 11 71 84 41 25 28 67 8 100 50 78 93 45 47 51 40 22 11 37 52 4 57 5 52 45 5 11 57 30 5 13 50 94 19 54 69 10 54 25 102 91 91 63
37 75 80 14 51 -2 29 -1 31 53 11 0 20 85 17 3 56 84 83 0 101 61 79 70 6 33 35 94 43 72 56 76 41 55 66 -1 94 81 12 95 83 26 24 59 32 16 73 82 62 22 100 41 19 4 62 56 71 56 52 58 43 12 85 12 97 42 79 84 47 59 89 24 46 27 12 18 51 77 83 25 73 3 9 13 13 28 8 88 93 14 57 88 98 7 81 30 29 -3 25 66
35 99 64 19 11 39 12 43 94 34 23 41 60 13 95 28 12 25 89 100 99 72 73 72 34 19 18 16 79 77 47 36 73 2 24 31 15 63 86 44 82 90 42 100 65 48 88 91 8 39 19 77 16 71 12 40 63 91 60 33 25 38 49 54 33 21 78 74 62 12 62 46 16 59 10 41 38 71 8 34 49 3 8 12 11 34 29 45 72 44 19 33 22 3 56 96 37 72 4 57
71 90 87 47 73 31 73 53 77 50 29 32 38 49 27 49 48 62 90 39 34 40 24 59 60 10 89 79 78 75 36 59 47 43 23 41 35 85 47 27 18 55 72 73 68 92 3 88 71 93 73 2 51 25 30 1 66 29 74 52 59 45 75 43 75 77 44 19 33 2 28 86 28 44 19 26 70 86 38 75 13 35 87 61 5 39 35 48 8 51 60 65 63 66 12 57 43 56 81 37
24 36 32 86 36 15 58 63 102 56 56 53 29 82 25 70 51 9 38 90 38 57 88 12 47 30 95 98 89 99 81 93 89 69 55 99 84 37 44 75 47 13 68 6 53 97 30 84 28 13 7 26 59 67 56 56 56 67 100 71 66 89 84 11 60 41 67 68 8 63 98 50 49 34 73 71 88 83 98 92 98 22 90 20 13 54 32 21 70 39 49 8 49 49 46 97 68 62 24 45
35 9 18 41 67 31 72 24 6 18 99 43 3 24 33 56 96 44 79 73 72 16 35 73 46 94 64 62 13 66 100 72 19 10 23 90 58 79 18 41 92 66 26 21 56 4 35 47 4 83 14 52 43 23 87 32 54 53 45 28 75 3 62 0 82 52 18 38 76 24 80 31 92 66 67 19 52 15 21 30 85 78 79 2 70 57 40 -3 18 71 82 -3 23 19 45 -2 100 67 85 2
10 65 41 46 5 90 100 68 4 14 47 24 43 13 53 56 4 81 54 51 39 79 70 5 77 5 78 22 5 40 4 50 31 19 16 68 84 82 19 56 101 77 17 82 39 47 72 11 13 4 36 49 86 44 39 49 72 31 11 81 5 29 87 4 83 51 97 72 80 74 83 21 3 97 47 7 46 83 93 79 88 21 6 89 49 2 17 90 67 46 88 62 45 36 51 86 81 98 27 69
88 75 82 14 48 49 29 46 100 15 66 4 51 47 73 66 7 56 12 31 63 62 27 42 81 77 6 64 43 22 85 94 44 32 47 38 89 25 40 55 2 43 42 56 8 3 49 95 24 48 25 71 56 3 44 61 83 5 76 49 50 15 17 33 23 66 58 58 55 57 65 41 24 68 99 6 7 92 71 4 72 12 82 24 7 34 80 79 62 17 33 85 19 83 72 32 78 75 3 88
43 97 44 75 52 54 99 60 38 39 67 6 76 91 101 22 46 58 72 98 21 30 70 96 16 2 75 80 98 51 45 75 18 88 54 89 51 81 61 87 45 22 32 52 82 45 64 94 92 1 35 78 35 45 89 27 77 55 20 78 89 97 21 97 66 6 7 43 56 58 74 17 78 64 41 54 61 23 44 16 5 63 82 9 51 73 19 51 77 42 93 69 87 15 67 31 43 86 75 74
85 26 19 10 51 10 76 89 20 19 26 46 60 53 59 75 18 51 57 56 98 67 12 55 89 74 62 91 66 83 43 92 82 17 26 2 45 71 87 65 62 94 78 16 47 83 11 75 41 16 36 -1 44 -2 4 83 13 43 6 41 29 83 86 10 77 5 53 22 16 48 71 72 41 72 29 14 95 53 65 35 50 61 15 37 65 96 90 0 80 4 11 86 31 90 65 63 81 10 88 82
48 18 82 2 71 15 82 27 19 95 48 76 13 65 95 34 15 25 11 90 24 34 29 26 48 95 56 97 98 21 80 70 9 20 57 51 40 75 48 75 94 7 24 78 55 100 59 46 32 38 70 84 24 73 97 7 8 12 102 39 63 22 92 55 59 92 83 91 59 22 9 11 61 56 56 7 16 15 44 80 44 36 5 52 66 62 11 30 14 98 85 41 15 84 79 59 55 9 72 30
32 44 100 5 42 61 98 27 25 95 28 29 101 7 78 63 23 59 24 43 75 51 31 -3 75 42 96 2 101 50 68 6 56 20 22 83 99 43 6 70 8 90 48 78 30 34 2 19 68 21 69 6 71 63 36 38 75 30 24 22 15 14 86 31 37 71 76 66 99 49 76 -1 5 19 42 86 12 77 79 68 3 70 4 29 34 71 12 95 86 3 24 70 21 16 60 16 38 77 23 53
22 57 8 25 35 49 14 41 93 26 73 81 20 24 89 77 68 59 69 35 87 28 15 75 67 58 31 58 51 99 69 27 74 53 91 22 61 54 23 93 8 46 102 23 84 14 79 70 75 60 9 90 55 51 79 94 68 73 50 27 92 16 74 65 49 88 26 4 4 48 8 68 46 80 61 85 43 72 50 43 31 20 59 39 82 47 93 35 77 55 16 7 24 24 93 15 97 13 53 90
61 94 21 51 19 42 63 -1 60 -3 47 91 58 39 15 91 13 41 77 52 71 55 28 28 100 12 29 50 20 56 21 8 67 83 99 38 79 70 17 23 76 91 56 78 49 86 28 11 11 -3 82 12 81 50 71 59 40 13 25 91 7 45 76 38 60 87 52 75 41 62 8 -1 85 68 2 28 96 92 93 49 47 87 82 46 21 91 17 81 21 27 67 9 70 8 73 48 96 87 79 53
40 79 32 87 53 40 69 81 54 6 81 18 16 30 14 57 68 21 66 33 102 17 26 100 28 50 13 90 69 99 16 16 13 37 28 79 41 82 50 42 28 44 89 72 72 18 22 26 45 74 92 38 65 86 11 35 102 7 7 87 63 19 91 80 3 63 55 85 73 72 21 91 86 3 18 48 101 6 48 81 47 47 38 2 95 32 64 93 40 79 69 85 35 24 27 13 92 40 87 4
17 4 39 76 95 55 69 83 5 89 25 43 81 56 11 94 67 73 61 64 68 32 22 89 13 61 53 -1 53 92 27 31 90 77 61 77 84 13 76 4 21 36 11 47 35 47 26 85 77 43 53 18 65 75 45 61 25 -1 47 65 35 7 59 16 96 50 96 40 29 65 49 0 55 17 45 34 68 -3 50 76 76 72 24 64 56 13 25 5 50 59 100 91 66 51 11 93 83 79 73 89
63 92 55 53 56 83 21 19 33 80 96 93 54 24 76 65 43 71 58 10 99 17 12 86 81 42 53 93 27 50 46 33 18 58 16 64 94 48 93 42 13 23 21 62 24 34 39 52 52 2 51 91 11 89 100 54 82 22 16 31 37 27 5 94 83 79 37 43 85 28 9 83 97 20 65 57 54 5 8 93 8 64 69 92 88 89 51 24 16 83 35 66 97 61 39 94 91 70 58 88
28 63 57 69 69 38 3 30 4 83 2 51 30 76 93 67 40 61 80 62 82 89 23 44 17 88 96 25 34 37 25 96 71 10 54 33 27 85 33 5 8 12 52 9 65 47 13 31 71 86 28 49 64 46 62 5 21 81 87 78 96 8 97 29 94 10 40 64 24 55 77 51 57 51 5 71 27 74 36 95 75 57 69 45 77 73 23 65 54 92 9 68 17 52 66 51 35 26 14 20
39 48 16 25 32 73 67 31 78 18 29 61 64 39 63 8 61 23 12 76 17 59 88 8 79 60 14 46 21 82 84 43 68 69 45 4 41 46 54 34 21 64 79 7 20 99 11 14 74 1 37 69 20 96 56 85 16 20 81 9 35 19 46 92 42 1 61 79 96 80 88 98 33 44 83 46 79 12 56 38 30 50 5 57 75 59 48 93 56 55 74 17 11 13 93 40 74 60 63 37
9 57 97 24 6 49 62 52 22 51 96 12 55 10 40 35 97 86 23 59 76 45 87 74 42 72 36 42 19 93 87 88 11 30 60 64 27 0 99 70 17 34 25 60 63 50 34 26 44 5 17 20 98 10 58 25 26 4 69 83 78 16 67 27 98 93 60 75 76 3 2 87 57 60 99 0 66 81 4 29 71 21 7 92 88 81 37 48 25 55 35 94 5 34 9 87 3 27 71 41
47 74 92 89 47 7 30 29 100 32 101 15 15 77 18 3 8 29 93 16 60 29 41 47 60 37 6 50 95 48 71 91 100 42 14 92 100 22 96 79 84 14 14 25 101 94 36 14 61 95 37 45 20 85 77 27 66 74 63 59 93 65 71 43 37 32 84 48 71 72 93 52 100 58 30 27 82 83 66 3 94 71 73 12 12 2 81 75 14 3 60 85 19 8 82 99 98 26 41 32
3 84 92 37 97 25 93 57 92 39 96 41 98 76 77 47 14 32 9 18 70 11 33 85 67 29 99 31 86 61 43 72 12 46 39 79 26 87 8 25 35 -3 3 17 53 88 94 2 75 12 45 59 30 14 80 14 101 75 8 23 21 81 80 20 81 87 61 45 90 88 47 4 87 71 69 63 83 66 65 89 22 60 27 44 77 23 90 33 70 36 24 4 6 61 9 10 93 26 18 46
26 72 10 85 36 62 31 30 49 30 80 96 8 34 100 4 79 92 9 69 64 67 51 38 35 8 21 79 84 28 63 69 13 99 77 16 34 49 53 62 53 35 49 80 66 90 96 86 7 40 9 75 72 96 62 13 7 41 21 80 13 70 34 21 99 30 20 14 90 55 25 32 85 10 9 39 12 90 40 37 78 50 9 50 91 92 21 86 87 46 55 58 74 70 73 31 62 89 11 61
67 83 87 62 74 79 43 53 48 8 77 91 21 45 97 40 43 24 4 18 71 9 38 11 17 0 67 45 84 82 70 38 28 30 75 7 86 47 42 3 12 89 29 -1 77 28 95 14 17 80 74 70 92 13 23 17 6 61 15 74 62 37 37 3 86 71 93 21 26 63 65 58 36 -2 66 58 5 10 32 4 46 70 52 77 40 19 83 35 91 42 15 28 35 50 61 53 90 14 11 85
El programa tarda 11 milisegundos en ejecutarse.
