70 7 14 24 33 56 37 62 101 29 8 62 84 10 102 9 45 70 63 6 43 91 80 100 68 10 94 53 49 13 97 4 25 58 32 80 9 81 93 95 17 2 39 41 27 41 65 67 73 84 49 54 74 83 79 49 21 97 6 54 13 99 95 38 66 53 52 61 94 59 89 89 15 50 51 10 73 41 64 35 102 12 80 36 13 19 100 32 100 31 15 9 80 18 71 44 27 95 80 54
51 70 22 10 89 84 55 14 78 53 18 93 9 15 64 56 77 52 69 30 35 80 61 69 56 20 3 -3 28 79 4 61 80 35 67 64 82 53 6 63 47 18 43 38 10 95 58 30 21 21 28 85 7 51 93 57 41 72 14 41 79 32 35 32 11 37 58 66 88 85 36 78 31 46 39 10 62 -1 11 89 39 84 34 79 58 54 23 32 52 45 67 19 96 24 60 80 38 5 7 77
85 2 29 12 70 61 18 88 3 92 47 53 10 14 89 86 37 23 4 10 61 72 9 88 55 51 35 68 68 8 45 46 81 26 10 47 40 30 48 71 11 12 55 90 58 90 90 10 61 36 38 89 72 84 20 6 57 5 92 82 91 52 82 65 4 40 66 69 42 61 23 23 92 99 23 41 44 45 10 90 15 92 7 25 9 27 7 96 35 17 82 65 88 49 101 83 98 51 89 21
7 79 62 9 83 96 77 32 75 3 97 85 61 76 27 -3 43 46 8 89 72 66 31 43 55 63 73 8 54 78 39 4 31 74 31 85 98 27 69 41 49 79 6 24 85 86 33 41 31 47 24 31 47 73 35 8 54 24 97 70 68 94 47 8 25 19 82 77 79 43 62 59 9 60 45 43 57 43 75 58 88 30 81 71 13 62 60 85 85 21 63 67 11 44 23 43 4 66 32 22
85 49 62 9 40 54 58 82 31 67 60 89 79 97 11 19 90 92 87 69 93 61 43 77 43 37 3 26 90 41 57 14 101 11 65 55 75 26 22 75 52 43 96 89 40 42 60 90 85 82 73 46 88 22 3 56 34 22 19 59 46 52 9 72 76 26 34 81 41 98 81 1 4 49 85 51 27 12 27 12 52 92 34 78 101 65 50 10 23 29 88 76 35 64 69 52 79 87 95 51
15 41 93 24 76 73 17 27 78 47 15 24 50 -1 62 81 55 30 91 40 96 0 34 68 95 46 14 65 89 86 62 12 20 16 12 93 53 87 11 4 13 86 24 29 54 26 60 56 72 6 25 56 89 72 31 77 58 -1 14 35 3 51 91 42 31 14 87 24 29 10 61 65 54 57 51 33 66 60 101 5 93 63 58 75 19 57 67 67 70 47 53 61 69 81 47 74 18 42 89 47
55 31 23 20 64 29 29 56 71 36 19 22 34 76 41 82 34 75 42 70 57 11 77 28 50 35 9 98 9 37 67 66 97 28 16 20 21 54 81 20 5 3 14 57 53 11 37 79 94 84 78 7 98 60 59 18 6 20 87 43 74 74 21 18 36 43 58 38 14 78 9 16 56 68 100 60 63 2 10 5 77 73 74 88 43 33 5 81 7 38 82 28 45 45 8 9 80 54 17 40
58 34 99 40 84 10 55 2 49 91 43 31 7 36 64 89 36 45 68 92 67 20 51 -1 49 23 68 22 6 83 93 96 45 92 59 7 73 67 18 57 23 40 73 29 9 14 17 91 81 53 96 70 5 20 14 21 77 81 79 96 28 41 26 26 5 4 72 35 99 -3 93 73 98 32 59 12 81 17 50 6 14 9 4 80 30 95 71 64 66 4 29 79 87 64 22 38 9 -2 82 1
30 20 90 6 91 23 71 50 10 13 72 70 17 74 70 2 50 50 56 47 16 58 23 60 67 17 11 34 85 96 5 4 46 29 83 39 44 98 5 69 88 4 54 14 47 25 53 86 6 71 8 71 27 52 8 76 37 82 28 95 59 28 58 32 92 83 4 74 80 80 22 20 78 71 21 17 96 25 45 78 38 26 74 25 64 71 27 95 18 12 18 45 33 23 24 6 49 79 46 7
78 35 15 25 83 96 70 28 71 79 38 22 64 43 31 66 43 76 95 76 76 73 65 87 70 70 27 93 25 64 6 41 74 27 101 92 60 58 15 60 2 52 22 35 96 62 39 65 49 90 5 93 36 41 52 6 24 51 53 87 92 96 47 47 83 66 29 11 39 1 50 65 74 65 6 50 70 60 6 45 70 46 50 50 25 94 38 60 76 54 72 77 18 77 79 -1 53 14 24 13
84 74 50 72 83 70 62 47 9 46 100 67 59 14 81 47 37 58 63 29 9 53 101 77 51 65 78 93 45 3 54 37 66 59 78 14 18 99 97 48 6 45 61 25 28 11 77 50 24 48 79 57 96 74 88 44 8 72 15 38 23 62 14 12 75 62 39 29 71 85 54 96 38 49 60 89 56 82 56 17 17 74 8 60 29 29 22 65 8 20 26 18 91 7 50 98 41 95 43 36
67 72 25 11 98 47 67 45 30 55 97 10 62 31 21 17 54 36 64 25 10 92 93 46 36 15 88 5 93 95 97 59 21 77 7 7 59 22 56 89 12 69 95 72 91 47 44 21 52 93 9 36 93 35 60 66 13 57 9 92 38 88 29 90 22 42 63 95 53 29 24 6 19 81 37 85 9 23 86 17 22 49 65 57 49 57 66 50 33 24 34 27 62 32 20 35 36 51 23 49
88 43 44 23 44 36 6 92 17 31 100 7 7 27 67 71 9 78 10 57 102 5 37 31 61 32 86 35 44 48 9 79 78 89 33 37 86 32 102 15 43 7 56 37 34 45 6 55 86 82 32 79 61 69 88 1 92 46 57 64 91 76 72 21 5 41 62 19 25 46 6 32 20 100 53 59 93 99 89 18 53 26 33 57 68 97 18 3 57 47 6 1 78 69 71 76 8 12 71 2
99 44 47 37 69 19 47 65 21 28 25 14 39 33 6 72 99 11 8 45 5 81 87 84 62 34 68 52 87 78 21 9 28 56 13 67 25 30 9 -2 28 48 35 30 52 56 4 14 72 57 7 16 61 74 6 25 92 92 47 50 43 44 74 21 41 32 71 13 65 42 101 34 39 64 77 46 25 12 17 13 97 78 63 6 78 37 9 8 62 5 61 43 35 1 82 33 48 64 22 87
88 58 86 35 66 45 15 68 91 98 93 62 57 45 101 95 18 24 7 57 98 69 102 22 68 44 19 76 26 12 80 6 96 16 52 91 97 100 95 47 78 77 67 1 99 86 100 29 54 89 10 87 60 90 98 27 101 81 26 25 29 46 73 83 16 93 78 30 24 2 59 66 34 50 32 89 70 72 18 58 4 99 4 25 79 35 38 42 83 6 90 76 33 52 72 82 41 1 6 5
80 15 75 5 74 94 16 49 62 92 25 63 77 39 39 13 9 59 11 79 15 59 38 9 91 9 39 52 97 13 48 36 16 66 100 75 57 72 4 75 94 88 75 45 63 76 52 74 18 -2 84 22 32 45 67 2 32 46 12 31 34 44 22 81 88 12 58 32 75 25 66 29 3 78 87 94 25 5 101 61 84 44 94 52 18 38 87 44 65 72 2 29 38 5 101 -2 80 66 54 57
83 32 23 96 79 37 69 29 36 64 44 72 35 89 70 43 34 52 102 2 21 71 20 75 82 36 95 75 52 31 4 38 41 49 32 35 10 75 49 20 29 38 22 54 100 54 79 43 85 98 102 85 14 92 30 59 80 12 57 40 3 50 94 75 93 29 99 90 62 74 50 80 80 22 84 73 98 84 99 22 3 9 92 66 36 1 30 32 92 30 18 52 70 10 66 33 61 14 18 92
76 12 68 45 6 78 26 66 40 29 13 0 55 49 43 93 62 13 52 -2 30 71 35 61 47 38 26 92 68 80 28 -3 100 52 101 5 3 44 66 59 66 87 33 48 83 81 62 60 96 -3 88 59 6 29 77 36 31 52 77 49 90 11 4 73 33 6 77 27 91 38 27 63 96 27 42 58 60 22 93 65 28 54 44 54 95 14 30 78 88 4 77 10 18 69 67 59 3 74 23 43
96 15 61 42 15 87 71 91 77 66 44 30 27 64 19 53 29 39 25 1 50 81 25 45 70 27 20 8 71 80 58 39 56 25 91 67 80 46 85 6 53 86 28 11 48 27 3 51 6 76 93 92 33 100 65 35 100 85 10 3 52 28 102 60 48 28 81 33 55 76 18 62 69 15 49 72 80 62 7 17 45 89 51 49 84 64 25 77 57 63 18 51 70 17 21 78 43 98 24 68
62 71 8 93 31 -2 91 48 2 94 17 35 40 51 101 90 49 5 73 82 50 69 66 47 31 38 90 41 85 72 66 78 71 36 75 57 55 18 50 66 75 1 72 2 60 16 67 41 71 93 4 33 53 28 59 18 29 35 85 85 95 32 46 37 99 68 12 63 74 96 80 48 51 48 61 13 61 82 45 86 2 17 43 17 19 6 43 33 62 52 93 33 98 82 63 58 47 88 10 56
77 61 65 86 18 88 57 9 27 20 88 5 55 45 82 41 35 85 92 93 95 39 58 52 81 81 74 38 58 98 4 25 64 13 20 98 56 40 61 17 38 80 5 84 71 66 38 18 90 40 19 97 24 57 37 10 67 76 102 79 93 30 39 6 38 40 19 59 32 50 90 53 64 81 101 2 12 95 38 32 76 72 18 89 87 38 3 88 22 90 91 92 45 76 74 60 13 36 40 9
8 22 71 10 75 70 22 89 82 71 25 81 9 28 20 72 82 36 48 80 84 3 66 67 68 86 97 26 44 50 40 11 85 20 75 8 92 51 49 63 77 7 98 82 80 89 84 96 26 38 31 58 21 89 33 20 37 40 78 41 97 77 56 39 61 45 64 27 44 90 87 37 43 29 61 62 22 30 7 26 22 57 38 16 98 36 88 11 22 96 31 41 24 38 28 62 21 86 70 3
66 100 12 97 82 84 15 14 12 56 59 75 68 93 75 87 96 41 67 40 8 8 18 35 83 25 49 93 55 71 99 36 9 99 11 69 61 29 60 39 91 23 45 29 74 85 77 34 27 82 10 25 12 30 63 53 61 34 35 17 87 31 56 6 89 42 77 51 69 90 36 62 15 24 98 32 23 22 58 27 99 64 59 42 54 92 9 76 49 66 33 98 46 31 102 50 50 40 4 34
73 8 74 20 25 58 83 59 37 42 66 87 88 43 69 58 30 46 75 40 15 6 38 60 52 77 22 29 53 16 22 56 28 37 89 18 49 67 38 52 88 96 84 -2 49 18 62 20 26 93 67 4 24 74 47 36 31 94 43 47 100 6 54 10 81 38 78 76 18 47 36 38 15 90 30 8 37 1 82 28 42 75 89 1 62 47 30 -3 52 79 45 64 66 41 94 23 27 30 62 23
19 36 69 9 81 97 13 87 66 57 96 78 58 49 91 61 9 61 29 50 88 26 23 71 71 100 13 12 73 47 40 16 63 80 60 99 42 53 83 78 85 32 10 89 6 39 41 16 12 89 84 21 6 39 60 50 71 50 87 28 33 12 75 58 92 73 5 23 56 28 34 17 85 46 14 99 88 56 24 69 5 95 85 10 83 6 35 6 75 49 58 57 51 70 102 88 89 82 29 97
3 68 8 27 26 68 45 39 99 5 58 55 38 62 38 19 43 62 44 78 83 40 12 16 41 6 61 44 36 6 74 9 41 9 45 88 95 55 89 80 94 53 47 58 42 91 77 54 19 13 58 12 58 96 84 3 63 24 58 0 85 85 14 24 76 72 41 75 78 77 90 52 58 76 44 14 12 77 75 4 42 42 97 26 15 62 90 36 9 10 47 77 49 91 89 72 66 20 39 73
69 5 97 39 23 80 54 78 14 60 3 88 55 83 31 27 34 51 80 55 32 62 37 27 34 82 68 16 48 24 46 95 96 86 31 52 94 3 50 83 25 50 98 89 49 81 12 31 5 36 20 12 80 8 27 99 78 52 31 91 85 42 71 9 80 90 81 79 10 90 24 62 93 32 65 56 30 23 23 37 96 7 98 29 77 90 68 79 31 42 90 23 47 58 90 28 8 36 17 15
24 42 53 51 17 47 2 87 4 43 56 90 42 7 54 41 8 29 41 2 50 33 18 24 7 5 38 91 40 65 38 31 13 41 4 64 68 38 52 78 97 1 19 11 62 35 39 93 48 58 73 40 22 7 15 49 73 53 24 94 40 50 40 92 5 44 42 40 10 80 69 51 83 38 56 -1 101 31 89 36 96 32 61 62 9 84 94 43 30 77 67 16 26 93 2 49 42 48 88 61
73 71 25 54 55 100 3 10 95 29 36 70 55 12 39 69 27 36 91 49 26 93 66 4 52 92 13 13 58 67 85 78 30 21 30 40 10 48 65 19 64 94 32 93 15 26 57 10 34 78 3 4 61 82 83 47 7 86 9 99 85 12 93 40 9 97 83 27 65 36 20 49 29 30 15 4 86 9 92 70 64 30 49 3 25 79 67 23 52 83 45 55 91 39 13 2 34 60 47 27
93 71 45 83 50 66 80 93 31 19 80 36 67 64 60 47 41 50 86 18 67 52 85 58 32 77 33 95 76 44 47 29 88 42 70 39 100 11 91 -2 46 12 80 31 85 14 88 50 48 23 100 16 35 93 22 84 36 24 99 79 46 73 96 18 53 18 51 29 47 87 6 40 45 12 48 25 50 60 43 36 91 11 41 71 43 83 22 54 11 16 9 66 2 58 43 76 12 24 79 83
79 32 39 23 85 37 54 22 3 96 56 95 58 98 37 44 12 90 88 53 75 78 38 14 82 79 46 58 51 22 101 74 37 87 31 31 8 15 12 25 45 65 62 31 20 9 44 27 48 73 56 31 13 48 76 9 69 33 72 52 77 94 77 67 89 56 67 78 14 72 38 70 11 81 17 74 21 56 19 35 28 57 13 74 61 72 13 14 72 62 25 2 12 2 55 16 19 43 99 60
53 96 37 51 63 15 33 82 62 55 3 82 95 74 40 54 14 90 22 -2 39 61 89 17 101 19 75 58 42 40 3 33 48 69 11 93 21 60 40 94 45 18 42 20 98 86 81 52 55 72 89 31 93 51 10 48 57 30 97 56 48 46 62 41 31 76 89 24 99 70 71 76 8 18 22 56 35 79 33 49 15 49 53 61 90 26 88 38 17 13 50 40 66 81 69 27 25 88 90 0
90 66 75 33 9 27 36 42 39 27 67 95 52 100 83 61 4 81 6 47 35 88 14 2 57 60 59 11 29 42 4 40 52 35 53 1 25 39 73 51 77 45 69 65 61 37 68 53 37 15 75 59 94 51 16 86 30 57 60 56 39 40 100 78 41 88 23 13 79 62 34 17 85 6 10 74 4 48 42 14 58 7 13 63 43 81 66 40 83 38 83 99 98 6 65 71 53 13 3 52
89 89 73 60 15 44 36 83 68 27 30 52 59 76 41 5 62 23 101 57 72 72 17 71 60 30 55 93 98 60 24 35 48 33 59 76 25 16 92 66 52 67 20 53 44 95 13 17 56 35 73 71 99 12 70 67 90 72 87 91 101 76 70 52 18 52 70 3 68 51 59 55 63 35 57 6 36 3 55 19 54 25 37 44 32 50 15 17 76 51 40 27 17 14 33 79 61 25 101 62
33 65 26 58 60 19 66 97 13 71 49 91 63 43 91 15 43 46 78 9 82 98 95 80 87 23 7 61 90 49 14 95 93 61 76 64 100 47 92 93 67 58 26 32 19 73 22 34 77 45 35 3 8 100 86 45 4 12 94 90 41 37 91 22 87 100 16 11 29 97 84 86 96 42 95 90 85 82 85 74 41 53 53 21 97 7 93 90 17 94 45 37 77 88 36 55 23 51 11 41
87 65 79 28 3 19 89 64 55 59 7 12 23 4 37 2 43 27 43 1 48 -1 19 80 14 31 80 0 4 91 52 1 38 14 30 23 45 83 42 85 5 8 13 80 37 84 19 39 43 79 50 87 47 63 73 82 72 39 29 21 89 40 58 76 28 -3 48 3 79 73 85 63 43 38 77 2 79 45 53 89 65 32 69 73 55 90 72 64 49 21 22 81 66 83 82 18 68 48 78 71
57 94 75 16 7 4 4 89 29 80 55 45 39 7 82 53 11 89 23 39 22 87 26 61 59 57 63 30 40 78 91 50 33 29 37 74 69 47 23 33 59 84 50 12 79 74 102 34 68 89 41 30 74 92 47 55 51 31 88 52 27 84 5 42 97 10 46 58 85 98 29 53 82 92 63 29 32 8 15 51 43 32 35 64 45 53 73 39 49 47 89 100 78 22 35 52 39 81 22 42
49 58 20 42 14 83 14 93 39 30 32 52 93 40 16 40 7 49 38 21 52 50 61 96 80 60 60 94 30 -3 55 59 87 53 87 59 69 66 58 32 40 16 78 66 11 46 42 64 68 79 13 54 65 71 5 59 74 96 25 60 37 71 58 39 68 62 10 16 71 37 32 69 82 81 94 32 43 16 72 70 91 10 18 28 19 6 93 79 81 58 55 72 53 -2 33 43 41 16 85 25
98 2 44 48 75 36 78 11 44 28 57 98 54 84 64 40 30 50 64 58 62 73 6 1 61 52 81 61 101 96 78 53 46 98 66 54 49 30 35 79 46 40 45 75 14 21 17 38 76 29 40 37 97 20 33 75 17 70 15 93 74 55 4 90 28 66 82 91 64 59 69 88 58 36 31 46 21 80 91 40 102 88 72 94 97 52 90 47 62 100 17 4 36 90 27 76 81 25 28 53
14 56 89 6 85 34 4 -3 36 11 56 33 50 70 5 17 33 0 47 57 55 34 12 53 46 8 88 14 12 78 81 33 86 50 43 31 83 81 48 46 84 62 89 39 13 57 76 49 94 44 42 48 39 4 65 -3 14 44 59 48 68 60 64 75 18 1 71 71 25 9 41 0 28 78 27 54 9 89 24 12 69 58 46 68 17 62 6 64 84 73 19 15 20 69 72 7 101 1 99 5
102 76 100 1 74 60 65 70 94 55 40 95 55 31 62 42 72 23 78 8 52 79 58 78 84 77 32 46 93 89 40 43 40 83 39 38 91 11 65 65 80 70 31 34 83 70 45 23 92 100 13 36 100 22 97 35 62 10 81 89 69 66 27 94 59 58 58 44 67 55 4 79 98 17 17 56 87 75 51 19 41 100 30 13 65 60 55 94 9 8 74 70 86 83 79 9 37 37 54 63
82 36 30 58 75 77 44 10 75 87 3 -1 34 12 63 45 22 60 10 45 22 64 12 1 82 8 77 94 7 72 56 74 13 74 60 69 36 12 33 54 43 13 96 60 59 50 6 29 2 78 18 76 61 25 100 74 95 54 81 96 89 87 92 42 53 13 88 94 33 42 44 29 4 22 9 81 101 79 89 78 27 7 25 87 86 76 26 48 101 93 52 63 27 22 70 62 68 30 29 91
101 86 69 4 46 11 56 42 7 15 77 23 75 10 30 62 26 96 67 5 95 36 23 77 67 37 94 68 71 48 83 65 35 83 49 1 12 65 53 26 70 7 94 96 65 22 55 34 67 90 17 86 72 1 73 76 55 10 94 31 17 67 24 40 94 89 24 91 10 74 22 100 44 83 72 78 77 33 56 13 75 3 48 3 60 46 41 36 57 98 98 23 42 51 16 8 35 58 93 72
45 41 3 64 72 87 28 39 84 50 42 -1 32 0 86 26 56 86 58 39 10 83 13 61 100 5 54 48 57 58 11 -2 76 44 10 74 54 72 63 29 21 14 33 56 6 29 21 38 99 72 9 8 95 79 36 20 51 7 28 18 92 37 6 36 96 94 91 42 23 81 80 64 68 15 36 73 39 43 31 70 65 59 12 20 30 24 93 23 50 31 10 25 100 68 24 16 40 42 35 2
65 89 43 70 66 60 45 85 66 13 45 9 84 27 27 85 99 37 100 4 84 31 76 59 100 62 94 48 22 8 86 87 46 39 41 15 55 36 71 90 55 10 14 82 84 9 91 19 92 65 50 51 12 15 36 26 25 70 21 24 80 9 89 9 77 41 97 17 38 39 95 26 74 66 29 19 67 65 81 78 87 95 23 22 52 86 7 29 3 55 9 87 72 62 67 14 99 58 87 26
68 82 43 33 85 7 39 89 96 54 87 75 39 47 27 40 73 64 101 55 56 38 96 88 76 55 13 7 91 30 89 52 65 70 91 79 58 61 20 7 22 67 36 62 12 34 58 58 26 72 41 0 37 16 33 -2 22 -1 13 48 9 48 62 41 49 56 90 69 11 38 41 20 21 33 9 -3 17 2 83 91 93 8 95 3 74 60 67 6 53 46 88 32 40 -2 37 20 6 65 20 16
80 86 82 57 69 4 12 74 93 40 58 39 64 79 49 22 56 74 63 91 101 85 73 28 97 92 51 25 79 19 70 22 6 25 53 73 33 19 52 40 96 75 59 73 34 24 91 16 34 53 46 69 99 22 3 14 16 67 88 12 75 77 30 70 59 58 63 58 94 42 53 83 32 29 48 4 33 5 27 86 53 100 72 15 12 25 44 73 3 64 58 28 9 40 34 76 70 62 88 25
90 74 82 0 97 73 58 28 78 81 26 -2 100 21 17 67 93 53 32 77 89 85 96 73 66 38 99 30 6 18 84 51 88 39 15 28 54 29 8 37 44 44 78 70 92 0 100 91 69 51 52 27 19 13 86 22 90 72 12 93 56 89 18 47 73 40 15 59 27 61 34 11 70 36 88 48 72 37 22 28 40 23 24 82 54 17 8 31 93 55 25 83 51 75 16 22 71 92 43 18
30 37 55 76 81 39 90 37 42 69 35 15 22 76 32 54 17 21 18 8 101 4 88 24 3 45 53 13 98 54 92 50 3 71 58 56 37 46 85 31 14 66 32 84 93 50 67 89 42 63 36 73 8 28 97 83 69 47 51 94 20 74 43 18 100 36 9 78 18 1 11 2 94 5 75 32 84 13 98 12 70 19 86 83 73 80 75 74 52 89 15 67 55 4 54 64 76 63 97 83
15 24 25 78 79 15 24 76 80 41 72 64 51 10 31 43 28 96 72 49 6 6 84 21 91 84 63 50 12 82 82 58 62 95 28 75 96 -1 21 67 58 61 30 90 88 75 58 77 21 89 96 42 87 83 19 64 32 2 27 68 67 96 99 20 83 27 97 26 45 24 67 91 39 77 57 19 87 21 70 82 74 33 61 9 13 70 97 32 63 32 76 28 43 55 54 86 71 94 52 57
86 90 54 33 74 61 50 9 48 47 16 55 75 15 66 22 60 53 54 69 48 38 100 15 93 82 72 5 89 75 48 86 35 80 94 30 43 33 16 75 75 51 32 95 88 64 97 63 72 21 29 94 49 64 54 32 29 96 49 80 88 8 86 26 4 79 102 95 100 9 94 91 11 3 26 88 97 60 58 73 12 98 54 28 71 97 95 10 88 2 48 57 72 5 57 50 46 79 78 17
21 29 98 68 96 4 67 57 63 15 18 91 18 55 54 17 32 7 39 3 89 56 7 -3 61 44 5 41 36 22 29 13 89 51 96 -1 57 6 22 91 20 27 95 56 7 87 81 5 56 51 50 46 42 1 77 13 101 41 18 8 81 90 16 14 99 23 95 87 16 17 90 46 80 5 51 87 78 73 67 -3 95 63 39 90 63 84 80 81 82 85 43 76 39 75 13 39 94 27 69 33
21 70 89 23 77 75 23 38 65 5 5 86 72 8 5 13 24 36 101 34 97 55 22 57 80 17 9 33 20 23 7 41 11 81 45 18 26 61 77 30 92 98 55 73 47 25 89 11 29 45 93 23 8 14 61 90 62 35 17 1 5 11 76 22 102 76 27 58 17 38 84 60 77 76 76 46 21 34 63 60 6 93 23 68 57 78 21 68 37 13 27 97 71 48 27 70 95 98 89 8
23 72 19 84 38 29 76 43 46 30 35 59 36 74 25 68 86 62 28 30 78 85 68 8 65 58 9 17 9 62 44 24 44 14 99 73 44 47 4 86 78 37 83 36 97 80 96 94 91 93 20 27 37 68 3 87 16 94 19 56 49 46 70 50 64 82 21 40 72 26 43 91 38 46 16 40 37 64 98 52 94 3 4 67 17 87 45 86 14 95 73 37 81 70 26 96 44 10 49 42
6 46 46 42 14 23 54 94 73 76 101 20 48 89 51 32 84 66 3 39 23 96 99 39 53 41 9 87 34 99 18 82 46 34 93 63 75 95 39 42 9 82 42 70 57 64 10 69 88 99 46 45 6 39 60 29 17 87 18 93 9 84 49 28 58 96 69 45 20 14 68 57 94 51 15 54 35 73 48 67 24 99 102 11 88 39 102 78 5 53 67 36 37 59 19 93 35 34 71 69
45 -1 52 36 83 25 78 79 76 86 11 -1 5 22 69 82 36 45 24 76 100 89 97 69 64 92 22 92 89 4 37 64 42 36 2 57 44 53 97 41 58 65 25 38 75 57 67 28 67 52 73 93 58 92 34 28 31 93 86 74 73 15 6 5 10 73 34 17 77 7 101 40 65 5 97 55 27 -2 96 21 79 3 67 36 33 36 58 57 5 77 88 28 12 13 93 5 8 66 2 35
59 64 71 68 43 48 64 77 63 83 37 78 8 58 40 67 45 66 6 9 53 82 15 56 79 31 96 60 20 43 62 68 19 78 52 79 70 77 54 40 72 21 63 82 9 47 11 7 61 83 90 31 17 86 33 38 81 34 27 97 52 73 50 28 41 14 89 29 63 85 78 6 34 86 91 84 67 93 87 13 6 93 54 11 42 79 102 60 79 18 71 79 48 1 94 72 77 77 93 99
99 24 44 61 51 93 41 78 26 14 76 30 98 39 45 15 3 26 89 28 26 2 60 93 41 64 46 67 101 71 22 65 71 11 99 81 98 35 36 42 48 94 41 14 14 95 12 86 75 92 34 41 39 81 85 8 19 74 45 26 85 7 97 -2 57 28 90 73 2 11 18 61 92 31 64 30 64 50 31 20 18 47 16 51 85 58 23 7 15 75 94 18 86 91 36 63 26 77 56 88
49 8 87 21 27 55 48 26 12 47 54 16 92 42 65 88 99 50 92 94 38 82 73 52 79 87 17 75 64 47 46 40 9 86 72 85 55 32 32 84 4 22 81 9 94 66 78 73 24 73 33 81 102 88 70 45 97 56 65 45 20 92 51 32 93 12 29 37 77 38 43 45 31 98 64 72 22 78 85 95 84 98 16 51 12 55 43 61 12 73 64 98 89 72 77 49 32 98 51 15
71 10 66 18 15 71 28 2 64 15 15 77 68 94 69 91 48 81 100 21 24 19 92 64 5 71 31 33 79 69 14 83 101 68 39 45 21 55 23 61 12 67 9 96 51 26 37 2 88 25 14 95 93 43 88 44 76 93 39 22 40 70 49 44 45 10 73 55 87 12 95 14 99 33 34 -1 33 40 57 83 54 23 50 59 77 -1 32 46 27 21 80 69 27 68 30 37 58 80 100 78
87 43 87 22 61 46 51 71 7 17 69 82 77 72 24 30 14 55 60 100 78 62 58 31 37 17 94 4 50 41 45 74 17 77 62 25 29 83 76 2 50 13 41 41 95 87 90 83 9 92 101 53 47 62 86 41 55 3 81 44 92 57 19 63 4 15 55 98 38 41 99 12 38 59 31 1 74 47 49 39 69 61 39 32 74 5 4 56 85 71 8 29 54 38 43 25 42 72 47 84
70 1 96 69 90 57 62 92 50 3 79 31 42 31 98 92 72 79 20 75 2 19 59 14 55 75 93 82 52 47 59 75 16 52 96 61 37 26 34 87 100 61 99 37 94 95 60 24 6 15 72 32 37 66 2 95 54 27 75 40 69 46 87 29 62 94 47 53 5 42 44 42 34 48 46 93 4 66 90 49 87 9 21 65 70 0 34 66 46 -1 14 19 49 82 39 77 3 9 23 12
39 35 55 91 22 36 90 78 90 30 10 78 6 3 63 50 69 92 49 27 4 85 79 46 7 48 18 95 86 45 53 36 40 83 63 45 25 64 61 79 51 93 78 59 77 62 69 35 38 93 25 92 28 95 29 32 72 72 16 59 65 2 69 96 36 64 13 47 80 21 17 29 47 92 3 87 20 13 53 21 98 11 54 59 35 55 87 29 80 45 44 79 97 83 87 39 70 100 25 12
84 10 16 23 92 94 81 8 56 70 58 46 93 54 74 60 59 84 30 50 80 24 73 1 51 34 8 79 16 40 49 17 20 84 37 3 79 50 60 69 39 17 79 18 18 49 44 80 92 37 17 75 72 9 20 82 52 41 49 43 27 83 50 24 97 53 6 20 25 37 20 72 100 80 90 36 68 40 34 55 29 33 31 16 61 90 37 48 34 10 90 5 91 87 8 91 21 62 53 62
50 69 91 73 30 63 19 79 27 48 43 35 61 42 51 72 49 73 39 11 40 21 53 91 31 49 53 48 93 81 5 94 63 88 85 85 72 68 35 81 59 26 40 42 75 70 45 52 41 83 52 82 26 55 5 61 17 64 13 67 21 94 81 1 97 28 64 42 57 92 61 73 50 78 41 88 90 3 98 79 82 45 92 45 5 6 88 63 10 63 6 94 73 64 41 5 53 67 19 46
45 94 18 6 53 59 88 76 14 38 54 65 17 34 58 18 8 62 66 76 27 17 38 59 41 71 30 51 67 9 90 59 13 33 88 40 74 37 84 68 25 73 90 61 80 1 61 74 77 53 11 6 35 24 35 63 42 21 78 70 18 21 97 37 43 89 101 17 68 45 18 34 78 85 5 81 96 75 72 47 70 87 93 70 63 62 99 31 28 30 91 14 41 45 3 41 54 44 55 91
75 93 49 67 38 71 52 97 23 34 95 5 6 44 21 45 48 20 90 45 39 81 98 67 80 80 4 30 55 76 54 75 69 68 87 87 33 80 73 18 9 61 65 5 24 64 83 10 98 8 24 62 66 65 101 34 58 56 33 26 16 57 68 92 39 7 17 10 45 4 78 43 78 73 78 26 77 1 33 44 86 43 16 89 54 93 67 5 79 70 7 57 72 23 32 96 97 46 44 4
8 65 39 86 43 22 35 72 38 58 87 21 63 7 25 56 12 84 28 -3 47 3 82 76 48 19 55 66 98 22 55 90 48 51 13 75 38 73 20 48 47 82 59 51 9 79 44 39 68 22 24 60 16 8 42 47 11 14 61 76 5 2 18 74 31 47 82 26 77 52 94 12 68 53 101 22 86 43 93 75 28 95 52 70 59 72 12 12 44 90 56 32 58 10 96 74 54 19 32 86
45 68 28 3 78 26 91 96 39 63 64 39 78 99 58 82 72 53 90 27 48 8 14 94 84 17 92 10 48 14 44 79 101 24 42 43 81 72 29 94 7 51 62 9 101 27 38 74 89 94 14 82 67 53 93 70 21 12 14 83 8 71 15 70 19 86 86 18 50 76 68 59 70 94 98 1 20 36 78 58 37 19 48 93 39 51 80 84 81 52 74 19 54 90 9 88 46 50 39 41
84 26 66 83 10 70 88 80 73 80 11 77 3 96 88 68 74 68 47 27 16 83 100 -3 13 86 22 29 85 39 30 50 2 63 64 13 9 23 86 43 2 21 101 56 39 73 12 47 53 70 52 68 38 34 85 40 24 8 87 27 12 49 92 60 55 9 85 36 59 28 37 77 77 15 48 43 75 93 27 19 54 67 44 52 33 85 49 90 72 38 84 5 5 75 33 84 59 63 64 20
7 11 61 91 35 66 27 21 76 79 64 2 102 25 8 63 23 10 36 46 42 63 94 96 5 6 36 40 68 8 3 75 18 66 53 28 55 72 41 93 7 3 86 22 47 64 26 70 42 2 28 97 3 21 66 49 3 10 79 25 53 24 40 16 72 39 23 49 51 27 11 50 37 21 31 46 62 23 73 48 43 66 96 13 18 32 18 99 49 84 95 74 21 66 62 96 76 89 41 3
89 21 80 10 56 -2 65 5 72 11 28 77 24 95 58 23 71 95 52 26 89 82 36 90 53 25 25 15 9 3 23 35 39 89 50 27 32 89 79 83 6 13 14 2 85 11 82 57 31 62 8 75 26 18 79 45 67 49 12 -3 86 39 41 37 35 54 36 79 73 1 90 76 66 89 65 84 3 87 95 73 24 82 26 54 100 37 45 55 2 56 4 46 49 63 42 82 76 22 56 21
30 33 87 37 35 33 14 8 42 36 35 41 50 24 51 6 4 67 54 33 41 1 88 76 86 50 16 33 44 100 36 51 18 93 86 88 99 22 4 85 73 87 7 27 8 79 46 67 14 48 91 17 36 43 79 18 70 75 64 27 46 12 39 77 69 83 21 17 99 31 39 18 37 29 89 36 59 30 45 83 55 31 15 78 85 66 80 5 27 66 16 34 90 84 34 56 96 77 55 48
6 32 38 55 18 36 43 39 3 11 19 23 82 65 78 -2 11 96 52 27 27 45 52 3 71 12 73 11 98 32 15 59 27 53 32 -3 53 61 61 66 91 20 79 44 95 39 75 22 80 71 22 65 3 30 67 58 3 93 2 15 82 45 58 36 23 26 74 96 54 1 29 77 52 22 89 42 66 10 19 85 39 1 7 91 87 17 38 88 47 33 92 53 5 92 52 20 63 92 82 15
66 43 25 8 56 18 19 77 9 2 38 11 76 86 67 51 82 37 46 1 98 36 101 53 54 36 94 13 5 18 5 98 45 88 30 92 87 93 8 71 54 87 102 96 11 34 82 22 48 89 90 64 63 59 55 9 36 25 39 73 85 25 6 42 63 44 83 60 62 46 70 89 71 34 72 61 11 34 58 42 25 51 56 8 94 60 57 62 11 51 70 85 56 79 86 48 37 5 35 21
52 90 9 89 92 42 73 85 24 19 49 24 68 66 90 23 26 1 24 71 30 -3 80 -1 31 62 18 40 79 74 53 81 50 18 69 44 82 36 95 1 48 87 16 31 22 95 9 9 51 39 44 43 13 44 88 45 63 12 17 53 84 24 34 9 42 58 100 45 17 45 17 80 14 11 96 35 4 51 23 10 6 84 55 50 46 64 68 27 40 37 23 6 24 42 46 87 23 84 58 62
98 50 53 72 3 13 14 40 24 3 102 22 98 29 61 8 3 75 20 77 20 7 23 41 82 46 100 19 24 39 28 27 82 14 31 48 80 19 101 95 26 62 44 82 46 68 60 47 92 90 49 7 70 23 83 41 6 84 38 42 69 70 61 8 48 82 89 95 65 97 52 76 56 38 92 23 53 81 6 46 32 26 82 19 53 59 23 31 86 9 58 91 62 24 59 66 79 68 3 7
12 56 5 47 51 81 57 18 98 -1 92 53 48 1 4 6 22 84 96 47 61 20 50 54 89 26 59 85 71 81 30 11 32 29 40 81 59 80 80 81 59 35 60 64 94 91 20 6 53 53 16 74 46 85 71 89 54 25 63 61 75 96 93 40 23 26 5 76 76 50 4 55 54 -3 30 91 101 73 37 50 85 69 82 71 87 36 32 18 33 16 78 82 47 -1 66 82 38 54 75 20
16 81 87 65 13 69 64 90 51 30 84 70 7 24 59 54 38 30 19 99 57 34 91 76 41 17 12 7 74 47 21 78 99 81 29 57 69 76 45 82 71 50 39 94 48 22 53 72 66 7 35 77 19 34 59 36 14 19 21 73 80 6 17 77 71 79 28 9 83 20 90 38 59 84 102 12 14 69 38 53 81 1 69 2 8 37 41 19 68 94 93 6 101 3 71 66 46 19 63 20
86 94 82 47 32 96 71 20 30 44 90 22 89 48 88 32 64 59 34 33 2 9 33 56 39 63 68 49 69 91 95 50 49 68 30 49 100 66 64 34 25 38 55 95 74 45 59 4 62 4 51 73 7 27 76 20 45 16 59 89 9 8 4 91 77 44 47 49 56 85 48 79 21 73 33 46 97 1 85 76 16 41 14 53 67 12 38 47 25 29 52 89 77 60 37 30 27 91 68 92
9 12 4 49 70 86 102 46 27 52 79 49 16 43 75 100 98 100 87 12 84 1 51 41 66 48 93 78 59 72 74 56 23 18 11 57 96 7 48 89 96 57 53 64 78 21 60 33 9 57 43 72 88 55 94 68 16 91 29 83 95 97 58 45 98 100 64 44 77 93 37 81 76 74 40 78 35 16 49 12 86 4 6 98 53 86 45 24 8 14 89 15 25 30 4 53 61 80 4 84
44 56 2 19 87 4 34 14 35 83 60 71 3 21 101 75 55 95 88 83 81 4 58 31 17 78 100 2 91 41 84 21 9 48 64 24 23 11 61 76 82 30 82 8 59 24 57 83 76 96 58 90 73 43 50 2 73 51 70 55 70 10 55 52 10 30 59 67 5 18 67 49 87 45 13 65 34 11 100 49 58 89 91 94 83 16 2 25 85 95 29 4 49 22 79 94 91 4 15 48
63 68 43 66 52 88 34 74 79 91 83 68 99 13 4 47 72 89 15 5 41 2 73 22 52 56 60 20 6 57 39 95 35 82 61 60 75 71 4 82 18 84 31 12 60 82 92 92 66 69 102 14 34 96 80 13 96 50 13 78 36 11 24 61 3 69 46 84 87 6 82 55 95 100 18 10 8 88 63 18 13 39 74 28 19 1 52 18 37 94 47 85 48 39 3 98 42 40 71 18
4 30 76 57 27 -2 65 3 79 83 85 -1 35 71 41 43 72 72 69 12 47 96 77 90 68 66 101 4 100 46 69 14 14 4 10 93 89 2 69 68 65 32 68 89 34 2 51 51 92 9 74 57 10 17 65 18 83 24 35 31 4 70 84 89 81 82 22 38 29 7 44 25 28 43 61 12 94 95 32 0 15 40 81 44 43 86 74 82 64 4 21 91 87 91 30 90 75 55 84 25
96 50 102 4 37 68 84 6 33 64 85 28 64 80 8 100 47 86 62 70 20 59 18 10 42 35 94 43 36 96 52 47 6 69 47 11 32 83 76 67 64 90 81 74 12 69 36 79 73 20 88 15 70 12 93 80 99 91 43 77 47 20 30 67 27 24 4 49 14 50 76 46 88 1 99 62 82 83 95 27 30 51 55 36 49 11 8 79 36 9 76 21 49 5 73 91 85 12 68 33
57 42 27 42 13 36 74 66 64 25 70 20 98 22 67 57 30 85 39 68 98 76 87 79 70 -2 4 22 4 16 74 42 48 51 98 52 92 73 87 39 66 82 37 75 86 37 17 96 79 52 15 55 64 57 66 75 85 81 67 80 66 -2 3 16 48 64 42 -1 90 36 59 23 70 63 20 37 93 30 2 26 24 13 80 38 12 12 4 72 89 19 89 8 91 78 99 31 79 12 67 36
80 75 91 31 43 1 75 38 15 97 54 18 63 16 86 24 31 93 47 68 18 83 79 35 54 80 24 51 45 21 47 48 49 27 13 8 41 46 96 39 60 15 5 54 85 1 5 22 50 14 57 71 66 52 53 36 14 62 28 59 60 79 40 66 53 52 71 66 65 29 55 39 7 32 74 24 22 16 73 15 88 98 12 46 56 84 77 53 80 21 51 59 18 64 48 53 74 43 28 4
27 -3 55 74 65 33 79 92 28 17 50 5 37 1 18 38 12 70 38 4 90 70 48 63 81 52 90 61 12 92 93 65 45 21 19 66 83 78 76 32 78 29 17 32 65 5 56 71 74 53 43 48 32 85 38 32 92 -3 8 57 10 81 85 37 60 85 92 69 64 12 12 48 90 88 83 63 45 86 48 15 24 28 37 41 65 37 75 13 11 78 92 34 84 72 4 41 84 37 80 70
19 57 25 55 82 54 32 62 7 57 50 31 45 10 52 54 90 84 52 32 81 31 32 84 97 58 41 82 69 48 7 100 32 73 41 54 43 10 78 33 16 91 69 96 3 88 73 75 30 56 20 80 14 59 95 60 47 99 8 89 96 85 97 57 68 100 26 71 37 26 68 42 83 20 11 1 56 46 41 91 42 2 41 63 6 4 32 7 87 31 93 27 6 44 85 93 87 82 34 77
29 7 87 13 88 3 43 27 84 68 69 33 52 25 64 38 76 15 98 73 61 53 42 82 35 68 49 81 96 30 5 61 33 5 4 95 35 74 93 87 48 6 92 5 19 78 22 8 30 67 14 87 79 81 65 17 87 25 75 48 23 26 71 32 91 16 31 4 31 58 58 47 70 32 37 80 12 40 55 5 47 69 37 13 99 81 63 9 30 74 30 88 9 16 93 10 72 30 18 33
94 66 58 24 42 50 17 71 27 64 59 33 91 38 62 80 50 73 89 52 13 91 77 45 39 65 23 92 98 7 68 73 72 66 96 54 54 8 53 88 19 10 65 7 54 61 54 89 68 15 20 47 10 92 7 81 79 6 93 91 95 48 70 40 9 29 54 48 59 64 22 61 65 41 32 52 16 21 98 98 71 66 73 59 93 10 102 11 60 49 23 56 69 38 73 66 16 60 13 14
47 42 26 42 45 11 77 85 34 8 78 80 41 19 28 60 24 67 9 23 67 79 62 65 8 69 70 76 78 66 93 34 59 50 94 80 59 5 24 67 60 93 77 51 50 7 88 28 79 3 63 59 70 10 49 88 8 26 19 22 84 70 24 76 13 82 93 71 55 74 70 30 70 86 7 78 90 85 56 40 85 87 7 78 64 33 96 24 21 56 73 10 77 4 35 91 64 79 82 70
95 24 98 74 35 58 60 53 51 84 45 17 97 1 57 90 46 15 7 18 32 3 55 82 39 79 77 83 89 3 82 23 33 5 86 53 6 52 84 56 5 47 100 73 86 2 85 74 9 2 3 53 62 36 41 94 87 30 59 57 87 23 69 93 35 54 70 25 29 64 87 84 24 38 65 17 64 60 27 62 71 78 97 13 91 33 79 57 9 40 25 40 17 58 97 67 7 38 9 92
82 -3 67 65 24 31 55 44 26 75 18 10 16 10 73 33 11 59 27 60 15 38 40 89 53 8 46 31 56 25 91 73 42 92 61 32 32 60 68 91 24 53 53 29 75 57 2 9 3 1 22 64 18 66 14 49 70 47 93 16 81 7 52 30 66 31 22 81 71 52 7 73 54 73 62 96 13 60 73 87 34 85 61 64 36 21 38 8 44 0 5 27 74 96 28 66 12 7 26 92
85 36 47 83 81 17 30 42 62 1 63 24 87 67 26 35 20 79 58 13 88 81 63 32 65 3 29 3 75 4 92 64 71 24 101 85 80 84 19 15 60 49 14 38 4 1 15 50 11 87 64 68 9 26 5 49 72 88 36 36 45 90 42 51 58 72 41 75 11 78 37 19 31 70 53 17 74 83 15 77 16 35 13 7 92 90 101 92 96 90 30 65 4 63 73 72 85 20 18 17
8 70 16 30 77 24 25 19 26 73 85 53 14 9 64 50 101 23 49 -2 24 32 37 -1 34 93 62 92 28 76 21 35 6 33 24 81 8 22 59 31 55 82 80 18 88 5 57 14 23 18 93 29 72 95 6 31 58 19 96 77 37 40 60 35 74 53 95 24 81 70 47 10 76 38 80 40 71 22 97 12 9 30 72 42 35 64 4 93 101 26 19 27 101 12 66 13 96 4 89 56
80 70 64 94 98 29 61 3 33 33 77 26 71 75 92 36 82 60 46 77 81 4 12 73 44 70 27 41 61 37 78 63 7 26 97 2 22 19 83 78 78 31 14 49 76 4 14 84 57 36 35 45 17 72 94 69 35 35 37 26 78 73 51 60 11 95 14 89 75 43 9 68 79 51 29 16 92 53 89 30 24 60 47 8 76 92 53 42 38 99 86 45 30 64 50 7 34 44 48 8
50 77 39 32 28 70 29 -1 33 73 91 69 20 70 25 77 27 44 94 32 69 41 57 60 36 33 29 0 80 36 6 91 94 80 82 74 20 71 32 76 49 17 101 93 45 93 3 -3 39 83 24 92 100 5 62 -2 53 80 38 28 19 58 12 84 99 5 37 11 49 89 8 80 29 25 88 18 67 52 58 40 87 69 43 71 61 56 94 9 87 72 29 12 6 41 64 65 32 89 15 10
47 32 44 15 35 56 46 77 63 32 80 89 93 61 82 65 91 11 10 98 43 95 93 15 27 39 21 28 86 39 77 30 26 73 41 60 56 26 25 1 73 43 75 86 88 10 47 52 101 51 34 39 92 97 13 30 76 3 16 56 53 42 96 76 69 26 30 34 95 100 15 67 93 41 87 67 102 7 102 100 68 2 90 58 70 99 55 44 49 15 92 57 29 20 54 17 26 96 17 61
73 73 36 32 77 36 50 66 77 19 71 51 48 -1 56 96 91 83 73 84 69 9 67 88 38 88 48 85 45 78 48 60 63 13 60 24 80 66 62 91 9 90 65 72 23 13 49 42 100 52 45 18 37 56 17 38 83 59 38 38 30 91 8 83 46 83 57 18 13 45 80 76 101 21 32 92 61 61 23 41 34 63 27 47 96 28 89 -2 22 41 7 4 14 2 32 44 90 36 66 80
El programa tarda 24 milisegundos en ejecutarse.
