28 1 86 51 43 22 15 8 26 32 24 43 34 39 26 38 46 6 77 55 27 74 99 42 47 47 15 28 70 100 75 68 30 51 72 52 89 79 94 1 99 44 39 5 67 11 23 56 51 67 36 17 89 71 75 36 52 60 69 3 95 7 17 51 76 16 13 79 38 89 24 81 80 39 45 67 51 49 33 38 71 26 43 42 62 50 96 61 84 45 21 83 11 72 39 46 59 94 52 27
57 94 77 5 8 52 15 40 91 38 55 0 101 84 67 71 72 61 78 72 3 94 8 3 67 41 91 0 55 12 12 68 68 12 8 59 78 50 37 89 93 83 84 17 38 -2 20 26 18 3 3 32 99 18 46 69 86 30 9 26 67 20 27 95 85 19 24 54 84 40 38 -3 8 47 96 75 25 51 93 26 24 27 7 14 37 74 68 30 16 84 12 64 79 71 90 60 82 3 94 66
84 51 51 95 6 62 60 75 37 83 26 80 15 92 3 64 44 53 101 25 22 91 28 97 52 73 32 68 90 13 84 100 102 4 92 81 70 20 71 30 70 20 90 57 24 25 19 58 18 67 54 17 91 97 39 66 29 22 22 69 101 35 5 61 41 41 75 10 29 42 22 33 80 60 12 32 21 35 73 17 56 89 52 84 73 74 63 45 84 6 102 12 25 18 100 83 33 49 43 60
92 16 78 -2 22 48 9 8 65 11 58 13 15 83 69 8 37 82 47 95 77 90 29 80 44 91 47 45 5 20 22 48 36 9 2 74 35 16 53 6 90 95 68 35 93 2 11 12 60 88 97 93 50 66 65 92 13 36 89 51 78 52 17 81 88 59 77 36 38 94 64 34 97 21 36 35 36 58 101 93 32 70 20 35 31 85 66 88 67 51 89 90 80 40 5 -2 61 25 79 42
57 3 21 25 94 37 3 51 69 66 9 11 96 87 4 7 80 54 18 73 71 78 15 67 97 24 82 77 94 57 59 95 72 26 4 65 41 97 8 1 50 75 92 76 5 39 15 43 45 23 86 64 80 12 38 14 35 41 12 25 24 65 52 26 102 49 58 79 37 41 15 58 63 63 71 90 9 87 21 56 62 37 95 86 35 87 69 78 25 25 17 39 92 58 23 24 99 88 86 16
19 35 47 4 12 17 20 80 64 65 44 43 55 72 27 62 77 38 12 81 33 3 83 56 56 67 18 64 72 54 59 63 95 94 60 42 66 76 96 -3 74 50 32 59 85 37 56 67 92 27 46 52 13 50 97 50 48 21 62 90 47 63 63 5 93 75 31 0 2 56 79 84 37 15 59 71 8 49 92 54 73 54 28 37 70 29 100 30 37 21 59 79 33 32 55 73 43 39 80 86
101 42 43 28 46 47 48 81 65 88 64 61 13 32 28 81 56 91 74 90 35 68 39 84 29 34 60 57 82 21 14 70 44 68 55 89 85 59 21 38 92 30 20 97 21 55 77 86 90 70 51 57 14 87 11 47 46 53 82 1 78 9 86 54 50 66 94 94 76 64 75 7 63 49 55 92 68 26 55 50 7 43 45 2 58 8 58 92 62 95 46 77 92 92 102 29 33 94 101 28
34 30 80 37 52 7 65 40 44 69 92 82 20 71 11 29 32 46 43 -2 93 90 61 27 48 80 27 92 82 13 43 55 52 1 3 76 22 -2 23 96 64 12 5 76 22 3 35 35 86 22 51 31 101 49 15 84 46 -2 39 46 71 4 20 85 11 4 59 80 36 80 82 61 68 39 45 77 100 65 32 49 69 91 43 60 11 11 83 61 85 57 84 66 88 59 74 25 19 13 81 82
97 78 101 30 76 25 82 8 82 15 85 41 84 16 52 50 70 53 72 18 18 94 83 47 94 59 46 100 65 26 27 65 10 66 98 31 44 42 9 85 5 86 4 9 55 44 86 22 14 91 80 9 30 95 36 29 102 22 35 56 10 53 93 59 74 21 29 33 63 48 75 98 14 93 10 48 30 40 73 2 79 41 96 3 46 95 78 90 90 26 9 37 94 63 74 84 90 63 89 29
73 43 39 82 75 27 42 85 100 8 17 36 20 70 4 79 56 48 38 26 28 16 14 37 71 18 32 87 3 33 39 72 7 3 53 38 28 9 93 95 52 75 88 80 65 7 31 91 74 71 38 94 38 68 28 24 76 71 98 40 69 17 63 50 49 84 62 51 49 26 67 81 33 56 31 63 88 39 8 15 9 61 7 32 76 40 27 35 98 39 92 21 33 46 38 38 37 -1 38 59
48 41 62 37 57 88 7 23 14 67 62 61 78 91 26 52 36 93 84 54 101 57 78 58 53 78 40 25 71 99 39 44 86 82 80 91 19 50 49 31 38 59 25 71 25 83 94 17 84 92 86 61 53 100 32 66 28 52 73 29 58 68 81 20 25 99 58 13 51 50 53 78 85 65 84 88 85 51 26 89 18 79 90 57 90 92 49 48 74 20 19 75 77 76 51 94 93 15 35 14
89 93 90 46 79 14 37 6 56 28 63 53 45 26 81 71 98 86 60 77 99 55 17 57 73 19 36 4 80 7 23 83 75 20 43 44 48 73 91 81 11 55 25 9 94 56 81 31 29 5 87 47 31 26 66 63 74 20 78 28 59 34 27 65 75 18 65 26 45 -3 67 30 14 55 72 50 42 38 60 10 29 77 12 0 40 57 51 82 26 18 52 62 27 54 74 26 30 1 68 69
5 36 51 89 88 71 97 95 76 61 89 53 102 28 83 22 16 45 95 84 68 15 76 80 81 95 69 86 29 4 38 70 14 34 48 68 82 92 48 24 71 84 5 76 93 64 30 34 45 78 35 79 15 16 38 73 102 32 83 33 5 73 65 39 18 94 81 64 85 48 67 72 99 58 14 43 4 22 20 35 35 7 32 45 83 38 53 55 87 14 60 14 57 35 13 67 41 33 100 67
47 85 62 3 64 34 7 21 21 2 32 41 41 10 87 44 23 94 44 54 83 86 50 0 2 41 98 72 40 68 26 3 43 5 100 54 56 25 11 1 83 62 55 83 43 13 5 95 97 49 49 68 69 63 72 19 45 70 9 10 84 58 14 17 38 89 20 60 33 61 54 96 60 -3 8 82 20 0 65 31 57 54 46 -3 35 0 91 69 75 28 39 64 46 12 42 47 2 81 80 38
28 5 66 14 67 87 96 3 75 86 24 30 72 46 16 50 15 17 31 5 91 97 47 8 38 85 29 57 39 86 27 87 82 57 97 12 97 26 79 82 61 76 44 20 63 40 15 33 22 18 7 98 45 90 44 52 53 46 69 66 30 71 82 91 101 27 68 21 83 24 75 36 60 93 46 63 73 80 90 10 25 75 84 80 23 53 11 53 50 21 4 39 26 38 68 96 41 91 36 52
83 89 83 37 57 92 87 18 57 85 98 40 40 93 62 59 33 68 27 17 50 12 7 60 42 74 47 53 7 93 94 52 92 73 34 69 65 29 64 62 2 45 75 81 51 45 85 -3 38 9 40 55 63 88 3 73 93 63 93 42 96 79 94 87 73 -1 60 51 53 22 37 2 63 6 2 77 52 80 71 80 94 80 46 26 36 54 3 -1 43 85 76 70 45 27 88 27 20 55 100 33
18 72 87 50 31 29 23 14 22 4 75 49 29 29 6 48 35 83 74 27 86 84 91 31 18 37 3 84 44 95 19 2 64 75 85 84 27 18 65 56 10 50 68 14 36 37 77 95 37 43 23 87 47 11 92 67 11 13 33 45 78 51 60 89 28 100 5 77 17 35 102 56 65 8 52 46 3 84 80 59 65 88 18 93 17 52 65 82 85 6 67 73 22 7 19 52 6 54 46 16
52 85 32 43 77 44 87 39 52 93 86 -3 33 28 25 68 2 23 21 49 23 45 30 82 94 54 42 29 24 83 81 55 40 68 84 80 44 83 55 47 20 39 25 42 27 66 76 30 5 36 14 71 14 32 56 88 20 16 52 65 25 23 45 14 31 14 45 96 69 66 42 -3 51 38 23 95 100 20 52 64 28 46 81 38 57 13 83 29 44 51 95 14 80 27 24 60 34 83 20 89
82 83 45 68 21 10 66 85 101 8 6 61 102 68 14 33 94 24 77 66 61 20 18 14 30 66 94 60 65 70 11 34 76 92 6 64 83 16 84 16 23 19 96 41 39 76 47 43 67 22 73 60 77 47 64 42 42 14 65 17 4 24 18 1 88 100 73 45 45 80 66 78 86 55 55 47 15 71 84 27 3 74 50 20 98 44 101 45 8 1 63 74 96 31 78 42 85 36 82 54
62 74 95 48 30 57 79 16 69 34 33 64 15 46 27 35 39 15 67 48 50 51 33 1 60 73 15 50 87 59 66 75 68 85 11 48 46 84 44 21 38 39 80 77 43 39 88 71 57 31 49 24 66 75 65 48 37 61 24 93 15 12 90 41 9 52 95 85 24 93 41 90 7 53 76 26 3 17 17 41 12 83 78 49 82 59 45 74 50 38 71 23 53 61 6 17 30 70 84 62
31 63 45 94 87 96 63 77 74 100 81 57 56 100 57 30 53 10 35 53 100 64 29 54 49 96 42 63 65 5 8 89 6 29 4 21 20 98 8 51 99 40 17 55 35 57 4 6 66 91 72 56 80 71 29 29 29 27 4 75 60 18 46 11 97 66 54 20 12 11 78 52 26 75 62 98 33 54 34 32 86 26 100 6 19 2 48 51 48 40 16 93 24 52 21 97 102 67 59 28
80 16 31 60 58 49 92 52 26 69 53 30 15 82 18 21 44 20 4 1 56 42 75 -1 100 4 6 12 47 63 74 38 39 84 36 5 42 11 97 35 76 79 89 19 82 25 64 7 80 86 98 11 93 63 38 73 64 53 65 47 94 78 40 10 99 27 9 11 67 91 76 41 27 67 32 17 56 43 8 46 58 20 60 34 9 46 28 28 45 84 12 45 56 73 94 67 96 3 89 10
3 38 58 33 55 89 14 12 87 50 88 43 59 27 35 64 9 3 66 23 76 62 96 77 54 59 10 56 50 42 29 66 55 52 47 30 16 35 6 23 60 72 56 67 81 9 85 56 18 53 33 51 62 10 18 21 92 95 64 98 36 73 11 2 48 81 97 49 41 49 46 24 96 97 60 54 31 51 23 9 86 36 53 3 84 43 64 97 58 50 25 8 97 19 91 100 31 5 6 41
40 42 85 57 58 14 43 93 43 80 67 27 95 0 101 11 15 87 66 87 49 58 70 89 65 70 68 75 10 55 33 68 43 59 62 2 93 7 77 77 16 95 23 54 16 62 38 55 79 63 97 24 25 24 25 3 24 29 79 18 9 84 54 20 51 35 3 30 89 44 7 37 83 73 84 81 70 39 68 50 8 56 69 59 80 17 24 7 79 28 10 21 45 11 24 9 31 9 48 27
71 17 32 42 100 53 68 23 23 60 23 7 52 42 84 92 46 38 8 75 68 20 48 66 43 42 77 49 22 53 95 15 10 88 7 87 65 90 67 90 11 53 68 70 97 16 82 98 16 61 29 91 83 57 39 100 57 72 46 4 68 10 79 98 61 80 72 45 59 96 35 15 79 6 41 35 11 72 40 12 101 53 3 22 35 29 90 90 40 63 13 15 82 87 70 57 32 78 6 11
10 48 86 71 54 10 8 37 23 76 78 5 98 70 62 62 21 95 84 39 19 87 72 3 30 47 95 37 63 51 97 82 92 64 32 50 41 61 47 9 16 3 97 14 98 21 56 48 38 71 22 85 4 56 36 43 43 46 95 92 49 25 54 79 31 69 30 22 37 51 57 22 50 45 40 65 8 8 57 56 7 0 92 73 19 14 51 10 47 67 87 20 71 38 27 55 54 10 72 64
82 23 92 91 10 1 78 52 102 40 6 61 27 95 63 93 59 8 41 4 30 15 75 54 66 69 63 69 52 97 82 91 22 10 15 68 78 45 24 12 96 33 75 92 54 63 98 12 71 41 84 52 20 98 66 51 7 40 81 51 72 39 50 1 10 47 91 5 36 63 69 66 51 69 58 44 6 99 4 67 68 97 7 81 3 76 23 42 23 2 79 31 37 54 92 82 21 66 90 97
80 71 43 34 99 54 86 79 92 64 97 44 50 40 2 79 52 -3 41 63 36 92 55 48 81 58 22 5 100 31 18 74 76 2 5 27 94 19 67 92 68 22 95 18 74 85 84 8 92 91 44 58 26 57 68 30 24 12 66 74 31 16 84 26 29 72 49 10 86 21 49 51 12 62 37 77 24 50 49 8 80 47 8 55 13 60 6 49 55 65 86 66 29 67 74 21 78 4 46 34
23 3 15 17 31 91 24 12 26 71 78 71 23 60 15 14 78 57 95 48 53 48 39 30 62 32 67 80 25 75 5 78 74 41 90 37 84 8 86 99 75 4 53 88 102 64 19 62 95 53 23 53 26 67 55 83 94 79 65 54 77 58 55 98 86 58 87 14 46 46 83 39 97 4 11 79 43 34 54 93 100 35 95 52 83 59 48 62 56 78 52 54 23 39 64 43 56 32 71 63
81 1 11 89 27 73 7 -1 96 62 56 55 74 79 6 57 17 29 39 68 40 69 80 69 28 10 70 46 29 31 48 0 46 22 59 53 22 79 17 2 51 8 9 94 64 26 53 31 33 55 18 70 22 95 78 53 61 26 50 93 33 -1 81 80 21 79 64 52 84 58 52 -2 65 30 23 86 12 34 51 93 75 69 22 88 101 9 79 84 36 48 97 57 20 27 28 15 62 3 10 68
27 82 12 71 29 74 31 33 25 12 92 99 7 11 39 48 71 61 87 99 92 53 39 12 48 85 10 63 83 31 49 85 49 11 48 82 50 59 14 47 59 18 18 97 91 70 41 26 15 57 56 10 82 24 71 30 76 49 95 4 55 58 37 49 48 15 68 48 62 32 49 6 37 47 33 65 15 84 38 48 26 3 100 92 4 16 24 41 97 89 21 81 40 59 9 88 50 86 52 96
63 91 88 80 84 87 16 14 28 36 59 90 52 11 26 51 46 2 44 86 86 46 29 23 41 88 64 12 66 81 100 66 73 88 54 36 94 43 89 70 10 1 62 21 66 88 95 55 56 76 10 20 75 60 34 37 85 44 97 81 77 13 3 52 21 5 62 13 11 46 80 32 60 81 54 48 57 94 4 48 45 50 64 10 54 1 10 74 25 17 24 55 37 30 40 26 52 96 75 67
52 23 39 92 14 12 59 17 52 76 93 33 5 10 81 92 97 44 7 70 67 5 64 9 8 53 98 35 66 41 74 26 37 63 50 53 88 45 86 100 59 80 79 41 57 59 48 17 12 51 89 72 25 10 25 35 14 5 16 83 76 1 56 51 56 38 99 8 41 10 47 58 43 38 21 63 27 32 80 67 20 4 3 24 4 14 26 14 29 13 62 75 96 51 65 62 61 26 42 2
70 48 78 76 10 36 93 73 41 91 59 51 52 36 66 49 97 24 35 67 76 83 25 50 45 82 32 49 70 57 9 41 29 17 101 72 39 43 3 9 53 80 90 64 81 9 81 84 24 90 47 71 70 41 37 78 92 73 61 42 18 15 36 40 60 77 100 77 14 21 21 34 82 71 94 31 63 91 74 96 73 -1 64 59 63 66 20 32 8 46 16 69 7 15 9 53 72 36 29 92
5 12 39 71 97 69 13 15 23 88 66 80 92 43 23 89 35 74 56 37 54 84 54 75 7 55 51 75 23 8 42 43 51 97 51 21 4 7 52 14 48 65 53 24 80 71 33 89 96 2 82 96 90 42 68 34 56 51 14 33 41 84 47 49 91 36 68 47 77 9 39 27 17 43 29 57 29 3 47 84 21 55 16 94 14 19 67 24 11 38 18 32 66 58 90 59 102 87 51 50
101 37 13 -2 52 67 23 71 68 33 54 96 6 33 98 73 18 17 72 86 3 57 92 -1 14 45 56 64 70 65 64 75 50 94 36 27 95 45 66 11 49 -3 98 13 53 26 65 82 78 61 43 45 32 6 63 84 71 56 8 76 86 47 63 73 76 22 26 62 4 64 75 42 47 17 18 31 71 87 44 -2 58 2 25 20 74 68 48 36 8 58 30 91 64 56 4 31 39 50 22 57
83 81 77 92 88 13 19 79 14 78 77 26 50 91 26 90 22 12 88 62 24 1 19 15 85 20 73 87 54 63 74 34 29 92 39 74 7 12 61 15 33 96 60 75 32 33 8 58 49 77 96 60 6 33 82 82 68 11 48 16 59 74 45 63 15 74 40 75 23 9 84 99 64 71 24 12 54 11 24 75 99 28 40 22 31 79 74 36 64 56 84 98 19 59 59 96 84 14 61 42
46 22 45 46 29 45 23 85 49 -1 58 49 96 89 39 25 76 6 47 94 78 26 17 56 44 81 55 94 75 72 93 94 6 6 90 41 76 17 61 25 70 26 3 18 87 42 97 79 62 50 38 78 11 -3 4 65 41 71 80 7 82 92 88 84 5 50 43 39 26 65 36 17 44 35 60 6 2 11 49 61 16 25 65 24 30 80 75 40 81 95 95 42 20 95 13 44 97 37 28 25
65 42 8 51 62 2 61 44 43 8 45 15 70 3 67 62 61 34 22 96 3 86 14 3 31 41 47 100 92 17 10 91 42 50 99 45 89 40 16 78 96 69 45 40 68 73 51 78 13 52 101 89 32 65 65 7 8 76 91 69 82 83 61 10 8 95 13 49 98 81 95 49 75 60 52 44 18 75 81 53 18 23 77 24 29 29 82 74 46 48 13 26 4 18 60 89 72 11 85 27
31 26 20 48 77 60 63 80 49 13 76 73 5 74 69 55 63 20 8 0 20 7 8 57 6 22 2 91 79 42 45 82 85 71 95 42 80 9 48 51 11 34 48 8 91 74 47 38 12 56 42 92 87 61 94 68 65 96 51 30 25 49 24 27 22 9 49 76 48 41 49 86 86 85 50 77 3 22 30 68 78 54 90 85 5 28 21 84 4 20 98 42 78 14 67 26 100 95 14 43
73 86 10 97 30 40 63 73 22 2 27 90 45 4 61 25 90 41 14 9 54 90 62 27 48 9 83 23 41 28 28 64 39 49 26 12 38 17 94 78 48 28 88 92 40 47 71 44 89 47 36 79 25 46 100 78 54 44 14 46 9 29 49 71 7 69 26 83 42 55 16 50 4 49 96 63 43 8 88 97 84 78 80 75 21 62 61 75 48 98 33 76 25 100 14 63 34 55 72 74
20 82 16 83 49 42 71 39 100 17 87 81 12 91 82 26 59 27 42 62 33 15 64 6 100 49 10 40 5 65 85 93 45 37 81 40 24 68 7 8 77 94 41 27 27 85 65 71 30 79 95 92 29 76 35 62 97 89 74 96 4 32 4 65 44 86 99 60 21 10 24 1 30 10 31 60 62 94 99 5 71 34 29 46 52 49 35 1 14 20 15 3 93 63 54 89 94 88 93 38
81 79 60 48 4 27 83 38 39 46 94 90 79 70 67 24 21 7 23 83 96 66 66 57 35 18 57 64 37 84 73 5 6 2 74 21 50 14 27 72 90 16 11 58 26 4 3 30 86 28 41 26 68 17 54 15 22 68 50 1 21 88 20 23 14 85 80 45 83 34 90 17 14 37 8 76 27 40 5 7 94 76 68 29 99 21 7 89 48 27 50 3 69 40 90 46 101 60 11 97
46 15 4 41 46 -2 98 94 11 89 25 73 65 43 84 80 84 74 70 38 93 55 20 26 66 49 43 56 37 64 94 39 16 85 45 61 64 10 49 62 27 63 48 9 2 80 71 21 57 58 61 12 37 41 79 6 84 92 5 69 89 74 70 3 16 86 89 59 10 45 87 23 75 46 58 32 21 84 30 4 23 75 42 81 97 52 25 66 13 1 40 20 62 13 16 48 73 52 6 69
42 52 45 78 55 33 27 35 9 79 32 10 21 41 18 35 94 63 90 91 35 12 62 17 70 35 11 97 84 3 69 58 12 50 21 31 50 55 39 21 102 58 83 50 5 70 61 65 34 62 12 94 9 9 59 84 28 88 17 53 16 38 87 34 65 99 74 13 28 78 31 91 3 15 28 47 62 21 62 17 32 34 48 39 96 24 57 63 77 53 87 86 30 3 75 10 65 47 36 81
75 73 59 24 101 42 65 81 38 32 2 26 40 14 91 61 92 29 93 10 25 55 2 0 28 30 33 43 47 25 51 60 44 58 95 22 41 0 98 21 10 15 56 11 20 20 30 32 2 89 26 46 19 48 29 67 25 52 64 54 93 80 46 32 36 20 43 29 94 71 100 14 56 38 13 57 23 52 21 30 27 94 66 92 35 75 101 38 47 87 5 11 30 93 10 6 5 2 80 18
72 70 16 63 80 65 26 63 10 71 96 56 80 63 26 75 3 100 29 28 55 3 94 98 60 64 20 52 86 98 27 94 57 56 81 81 35 95 85 73 84 54 82 50 29 31 7 18 45 25 33 83 89 58 52 53 6 89 71 30 46 57 41 93 58 100 67 13 93 55 23 81 60 29 63 69 63 10 101 98 55 70 4 17 45 14 100 89 94 97 51 79 70 51 33 58 98 42 56 45
24 87 30 13 46 81 49 51 86 19 24 82 82 47 87 27 72 33 89 84 46 74 23 94 58 28 12 89 11 95 30 57 12 96 15 75 67 26 88 39 31 94 71 37 60 84 89 80 93 34 72 48 17 52 46 62 60 27 52 58 87 76 4 11 82 70 67 83 89 71 84 89 100 70 93 12 44 42 11 73 56 36 81 60 33 73 8 85 26 73 85 13 19 40 57 30 67 80 64 55
97 33 52 48 36 32 9 95 86 91 9 67 101 62 44 80 79 30 99 65 85 43 21 36 88 64 16 39 93 80 93 18 69 54 99 12 6 55 27 48 23 83 76 3 62 38 17 45 87 89 93 83 50 17 86 5 70 34 44 99 84 15 97 18 4 76 23 59 25 9 10 22 6 78 52 92 89 56 53 34 75 78 67 35 49 96 97 7 72 88 66 5 3 100 58 95 49 8 42 64
95 49 51 39 34 70 57 81 98 13 82 13 88 62 42 63 73 6 49 42 83 44 13 65 8 74 87 46 68 28 46 55 74 68 81 52 33 60 54 82 39 28 31 46 82 76 49 38 66 57 40 95 62 96 96 47 44 24 54 46 30 30 75 9 60 27 96 81 46 20 23 93 99 26 52 87 16 49 12 33 15 96 5 76 40 88 96 2 42 84 34 49 20 56 21 37 15 59 14 7
51 29 79 72 18 98 86 41 86 89 72 64 91 19 92 42 55 55 94 62 67 13 86 69 80 93 54 34 6 76 59 89 9 82 99 13 43 49 54 8 69 53 16 6 94 72 49 99 7 56 5 21 66 44 44 29 68 59 74 14 64 80 62 77 31 79 88 75 98 6 64 100 5 90 54 94 40 20 48 71 44 67 63 79 64 15 49 95 53 59 96 18 85 54 92 100 77 94 54 11
83 16 52 37 92 64 100 94 56 -3 22 52 64 64 8 77 65 76 96 81 24 17 39 -1 42 19 16 27 69 88 23 23 96 4 41 3 19 42 94 41 22 25 40 25 54 61 11 92 97 55 10 25 28 76 70 73 27 62 76 96 44 56 74 72 79 12 30 93 11 58 36 58 10 6 93 57 40 39 20 8 63 18 39 40 38 81 40 51 17 47 94 29 15 70 89 62 96 6 101 19
8 57 53 49 74 88 17 70 72 40 27 67 34 84 86 37 35 25 74 42 67 95 5 7 72 81 48 2 24 89 62 23 60 9 86 67 47 18 32 90 31 42 68 98 50 37 52 38 23 88 63 38 22 39 7 36 95 13 25 44 79 24 4 3 62 8 14 62 75 60 15 67 64 7 47 11 65 98 17 48 73 38 102 70 67 64 52 80 8 19 34 98 65 23 91 5 99 44 85 8
69 94 89 81 34 14 75 83 101 85 32 15 78 16 34 45 83 17 39 77 39 26 80 22 45 17 71 90 22 23 81 67 84 84 43 4 11 46 49 3 39 30 50 55 51 88 33 44 51 85 57 18 24 39 48 83 41 86 13 73 55 20 18 6 25 22 75 53 74 71 40 93 20 87 70 55 27 73 4 10 55 51 32 5 17 29 5 92 54 80 66 35 10 30 46 86 69 43 58 -1
43 80 22 8 91 99 17 43 13 44 9 93 34 28 9 85 44 89 39 12 12 98 52 16 48 74 4 29 31 39 38 92 35 19 10 13 55 58 32 52 39 13 21 92 41 67 59 58 61 73 16 56 43 61 67 79 47 98 70 67 30 96 44 88 51 86 42 35 65 29 6 44 59 85 3 56 41 40 9 68 63 8 62 40 74 49 32 53 9 41 64 58 102 83 39 50 79 11 63 94
28 56 26 17 55 90 7 74 23 3 98 63 90 86 76 32 54 18 43 55 84 82 54 86 25 29 84 21 28 84 56 81 47 37 48 81 81 89 8 23 45 27 60 23 84 17 61 56 100 86 66 69 20 48 6 24 77 64 35 68 84 16 84 72 72 72 96 11 23 47 45 2 96 2 23 77 48 69 82 85 72 -1 41 24 39 15 34 80 9 40 52 4 95 89 60 30 94 84 91 67
91 89 13 35 92 16 47 73 47 73 52 94 67 65 28 17 39 62 5 9 54 22 55 80 72 76 47 73 50 46 92 20 23 32 48 54 89 22 70 53 24 11 34 3 44 71 58 44 15 24 42 17 53 62 78 63 26 43 73 36 57 12 78 91 39 89 73 56 26 64 101 77 48 84 86 92 74 72 30 85 20 8 72 20 9 44 75 82 26 24 85 84 81 25 43 55 91 58 38 43
93 95 16 44 80 42 10 90 7 62 16 74 29 85 89 1 70 12 28 53 76 70 14 28 12 91 22 18 56 52 99 5 20 51 93 68 73 0 43 37 80 6 3 38 52 60 42 20 29 54 100 72 29 73 76 87 80 32 43 74 52 69 27 40 95 13 66 40 87 20 58 15 26 57 49 10 49 8 51 9 55 80 91 89 14 60 89 45 90 10 94 27 72 49 28 63 5 29 4 54
33 67 5 65 33 39 76 18 86 93 48 38 45 60 43 49 93 67 20 67 79 23 31 91 51 98 100 80 3 47 23 38 45 52 62 72 10 15 75 55 11 58 38 58 102 50 48 19 46 89 59 6 4 92 93 77 48 98 6 53 96 59 6 3 75 40 27 31 89 28 49 15 53 100 96 29 46 82 99 85 77 3 11 75 50 4 59 40 70 86 81 27 70 3 68 47 12 47 22 91
44 17 71 20 51 8 73 9 33 48 51 27 44 72 22 8 70 50 19 15 99 13 57 44 19 58 32 45 25 76 24 44 45 6 75 0 3 82 47 22 21 32 23 62 22 15 22 71 42 20 77 16 66 69 19 18 27 90 39 7 37 90 34 55 24 61 63 65 40 25 76 5 36 35 7 67 78 52 96 72 51 76 69 11 31 90 76 90 45 91 70 8 13 81 48 71 75 31 43 31
30 1 98 16 85 68 17 73 82 28 82 24 6 8 16 76 101 31 70 59 17 80 11 98 87 95 75 8 77 77 92 65 101 89 38 39 81 23 52 37 39 14 89 5 70 55 98 24 63 28 96 92 13 89 27 86 97 51 62 18 43 25 43 35 96 94 52 48 98 19 95 94 45 78 49 81 21 15 52 10 57 23 63 1 5 23 70 5 67 23 64 23 90 80 97 19 44 51 95 61
51 27 26 78 68 43 80 7 41 20 100 10 53 79 65 8 53 -3 9 45 91 13 18 35 39 18 55 9 64 67 2 36 101 62 69 18 63 0 93 4 24 87 96 76 77 51 88 71 24 38 91 60 59 73 58 39 40 47 91 64 91 3 15 -1 80 55 58 12 91 12 2 4 8 42 98 57 36 41 33 88 30 68 10 57 99 23 43 53 12 44 27 59 26 42 10 74 47 83 30 60
88 79 77 76 41 20 72 5 91 27 74 78 99 61 25 42 48 32 21 66 26 68 49 90 11 30 73 62 69 25 42 14 37 96 13 24 59 45 9 53 40 70 26 41 59 78 78 70 41 79 8 51 92 52 45 70 30 93 81 22 20 6 17 35 85 69 26 67 6 81 84 69 35 92 59 84 65 72 63 45 41 96 100 53 89 66 68 98 36 33 23 10 16 24 9 13 70 31 76 95
60 63 22 90 20 37 17 40 31 79 94 14 73 74 7 57 12 62 18 2 101 96 39 4 65 45 99 69 75 82 11 71 101 94 6 19 91 -2 77 37 6 72 24 19 5 55 11 22 45 84 61 49 97 14 84 93 50 72 13 18 20 85 41 71 87 24 90 4 90 17 18 60 56 90 61 34 30 85 45 92 54 55 57 37 87 19 16 46 28 92 60 27 57 37 30 10 75 90 59 84
11 66 34 77 85 46 34 69 96 50 12 79 15 40 30 58 58 32 16 52 60 87 8 19 12 13 21 36 49 70 95 39 44 4 48 47 77 11 69 61 42 90 5 32 59 88 47 41 68 38 21 44 67 38 67 87 33 96 79 14 79 43 81 57 38 3 80 4 59 75 96 28 76 87 80 73 47 44 39 68 27 20 95 91 9 94 20 57 84 74 66 71 14 15 26 57 88 68 11 21
100 80 80 15 64 25 27 14 63 48 29 69 92 90 16 69 88 21 52 42 39 16 33 28 84 23 10 -2 45 86 94 15 19 27 75 91 53 28 91 41 47 87 100 84 100 70 94 8 79 19 31 62 27 20 47 94 44 12 65 54 64 27 79 -2 32 59 6 43 11 67 94 76 30 41 79 3 10 64 5 4 80 17 92 37 77 34 29 45 23 81 66 69 58 20 63 6 15 6 74 17
4 43 3 9 14 91 50 79 85 92 63 9 94 40 60 58 9 52 33 64 22 10 64 74 90 4 72 99 99 50 88 86 80 55 5 20 69 11 86 22 91 16 102 9 31 59 87 37 36 89 36 76 9 66 25 3 84 65 55 54 82 87 14 13 100 30 24 59 55 33 21 62 23 27 100 64 39 7 29 29 100 32 64 45 71 76 15 66 69 38 24 13 75 59 66 88 76 47 50 24
69 89 25 1 56 21 11 30 59 87 32 32 24 69 35 54 62 83 91 7 36 93 95 24 66 69 4 39 41 -3 97 69 21 26 26 15 24 36 37 53 101 28 53 57 2 79 36 49 95 75 34 31 33 82 75 39 15 56 68 14 47 87 92 59 29 87 42 54 14 68 10 33 50 40 4 74 98 8 7 68 48 77 90 2 71 73 55 0 64 59 32 40 80 21 79 10 40 74 40 92
97 59 16 68 93 22 17 28 83 14 77 36 101 31 46 23 69 50 45 87 84 40 85 55 11 64 51 94 82 9 30 98 76 70 24 74 74 70 37 43 89 95 97 39 96 51 32 88 9 92 20 56 37 96 35 18 54 77 14 35 32 8 68 7 66 22 62 80 74 40 44 94 93 84 21 82 23 43 46 15 36 36 4 46 74 49 43 98 75 30 68 68 20 17 102 63 92 24 101 5
15 0 92 55 26 32 97 13 29 21 98 48 61 2 68 62 45 -2 75 34 3 91 14 80 46 33 28 35 12 37 68 76 89 49 83 20 3 48 92 21 56 71 91 38 6 3 61 26 46 55 87 66 76 85 93 23 32 90 78 7 75 84 94 91 10 8 51 96 77 24 32 9 98 6 16 89 64 15 58 15 79 52 26 46 12 28 39 -3 91 19 33 45 93 42 70 60 93 85 87 74
30 30 80 43 87 89 78 87 89 37 40 57 51 16 62 17 3 35 66 12 26 88 58 29 38 9 44 21 63 45 82 92 66 91 26 79 3 40 41 5 6 17 96 16 83 36 43 77 32 10 72 28 55 18 64 77 75 45 27 40 75 88 88 22 60 37 15 65 12 8 11 83 54 62 50 55 57 90 80 14 21 7 82 67 54 69 98 31 7 91 44 75 79 95 20 14 102 31 87 21
22 31 26 85 47 21 16 65 80 65 44 19 101 68 96 5 36 15 49 34 56 67 91 29 88 53 68 22 83 48 51 69 73 57 90 20 65 33 73 69 80 27 8 65 6 36 83 31 46 73 91 59 61 35 30 59 93 44 48 -1 9 84 84 94 44 47 12 49 61 59 66 5 13 86 92 69 89 33 79 86 80 21 43 30 3 38 100 78 83 17 56 66 21 62 45 0 88 39 87 54
8 83 39 75 14 20 48 22 73 23 31 69 38 81 51 6 59 17 58 12 4 31 77 58 62 93 28 26 94 32 95 15 54 95 78 86 58 92 66 1 12 49 46 30 93 88 5 53 72 7 44 52 31 78 89 46 51 37 28 54 70 65 20 99 15 47 99 49 53 26 3 54 96 47 81 31 93 28 76 80 61 1 72 72 85 75 16 39 98 20 42 83 57 68 8 9 91 87 44 74
58 76 40 65 62 32 53 92 79 60 74 67 36 1 43 25 48 46 91 56 32 39 86 80 60 0 33 21 95 45 10 2 24 50 64 82 46 58 67 93 38 95 40 42 62 26 91 12 30 55 56 71 59 32 47 7 13 38 3 80 31 50 4 72 57 21 70 27 44 54 79 67 70 66 53 56 21 10 37 23 35 34 67 33 44 28 45 14 59 60 78 79 65 37 14 83 15 -1 92 76
15 28 78 57 90 59 69 10 23 61 90 51 76 68 51 63 17 61 39 17 65 88 26 10 55 20 18 21 20 15 62 38 94 62 93 56 46 34 82 85 26 8 51 93 95 74 63 25 5 80 39 48 52 22 88 93 73 54 7 65 101 14 86 51 42 69 31 22 75 13 11 24 90 20 66 13 25 45 86 75 94 15 60 81 59 41 90 81 84 64 41 74 61 9 52 39 11 38 32 72
68 48 13 8 52 2 78 -1 62 73 49 89 3 35 90 35 30 82 55 44 24 53 24 42 70 23 62 54 42 21 54 21 71 55 21 89 28 54 27 70 78 41 66 54 100 67 87 49 20 88 63 14 20 76 8 30 79 89 88 80 86 62 84 60 8 31 101 6 37 22 59 71 39 -3 7 38 26 91 97 27 33 38 15 16 20 0 19 70 60 32 45 15 41 4 67 20 26 34 41 69
53 2 70 43 68 87 90 38 59 14 5 62 81 40 41 69 67 26 10 42 79 27 7 30 31 74 68 5 74 69 68 50 78 43 62 64 15 91 97 100 88 18 100 40 67 15 18 64 77 95 38 35 79 34 29 6 93 50 54 7 90 91 73 80 49 9 47 74 73 7 23 23 31 88 79 15 101 46 23 18 59 76 68 78 102 5 10 42 102 91 3 97 36 64 87 16 58 35 51 70
96 34 38 28 55 11 61 61 30 12 7 11 52 17 97 52 30 71 65 46 13 58 39 89 37 6 55 85 5 14 58 58 61 7 84 5 46 48 42 -3 4 82 94 79 89 74 13 66 53 -1 42 89 33 92 92 73 59 2 60 -3 77 36 76 32 39 24 92 34 79 82 54 84 53 94 5 96 83 17 66 11 54 19 40 42 11 79 76 31 4 87 49 34 42 1 22 48 7 27 22 74
34 34 72 97 6 2 6 21 43 3 74 92 33 34 74 75 64 77 4 18 33 14 102 12 84 10 46 58 73 99 36 58 22 73 27 80 17 8 83 34 7 36 44 37 43 3 50 55 12 35 16 27 12 89 12 30 41 35 57 39 27 72 87 4 45 81 60 68 34 60 43 32 15 99 36 74 59 1 73 95 60 78 44 30 90 91 4 77 95 61 3 83 28 91 41 78 82 16 88 99
79 37 38 22 87 57 30 -3 71 56 78 2 82 71 88 95 91 64 69 36 64 10 51 70 100 69 14 53 85 10 101 64 63 93 15 57 47 41 36 91 99 49 86 77 51 53 34 66 43 74 26 38 31 25 7 9 67 -2 50 23 26 3 84 96 14 88 84 78 51 94 16 40 32 2 81 -1 71 45 79 27 18 53 7 10 93 42 54 57 3 49 4 1 41 77 65 46 43 76 27 -3
57 4 38 98 100 30 20 84 57 37 97 37 13 5 72 80 42 22 15 9 14 37 65 86 19 41 81 32 30 11 15 9 9 8 52 60 58 78 59 22 23 46 14 47 37 2 39 75 55 80 44 70 37 70 95 16 8 12 77 64 26 54 59 97 55 75 98 83 10 27 12 84 8 60 25 83 48 47 58 88 32 71 46 96 76 67 6 88 45 67 30 46 99 53 88 16 83 67 29 7
46 84 31 15 14 45 23 18 88 15 84 20 39 65 9 24 49 64 43 59 17 64 91 57 87 94 42 45 84 44 60 11 12 34 14 85 82 33 63 3 63 69 2 92 92 84 75 57 76 73 8 17 40 43 60 91 88 30 4 14 42 11 57 6 97 73 27 28 81 83 38 81 40 44 52 39 46 18 28 31 72 32 2 23 68 94 79 91 67 75 42 8 45 50 25 23 52 10 71 38
32 8 92 68 65 7 101 67 31 14 7 60 85 20 93 33 23 5 52 37 92 84 88 40 25 15 47 61 34 70 53 83 48 95 53 23 15 3 18 1 96 51 47 55 42 58 4 97 53 89 96 30 91 3 33 6 21 23 29 23 65 14 95 20 7 87 92 81 71 70 99 100 91 77 46 21 38 74 39 33 16 81 8 40 46 98 58 19 67 1 81 24 32 24 69 82 47 57 10 80
13 27 95 51 64 31 52 26 31 62 24 75 83 18 64 36 93 62 75 9 6 28 19 75 99 57 44 38 84 16 37 19 49 40 78 30 89 35 83 42 76 87 73 94 78 80 40 81 68 87 10 4 30 28 94 36 51 83 76 26 59 65 79 62 52 56 24 47 15 58 59 69 76 90 80 90 24 18 55 8 56 11 96 78 39 57 41 45 55 87 5 63 3 34 64 30 42 13 28 48
43 56 74 15 66 49 40 69 36 45 47 67 85 50 100 79 35 47 58 26 60 49 93 22 37 85 36 56 82 52 42 33 24 91 80 79 7 31 91 83 17 16 62 51 30 93 69 33 27 45 8 67 4 9 69 1 85 7 53 26 96 41 29 82 89 25 9 88 27 11 82 61 102 72 84 100 53 88 9 24 80 16 49 82 64 94 23 51 27 74 32 94 21 62 61 41 101 98 7 26
68 72 65 6 6 75 75 77 61 91 82 53 69 26 81 44 16 37 2 95 61 83 101 73 81 80 22 -3 22 40 101 4 67 69 17 60 13 95 51 16 93 93 33 59 77 93 31 88 33 50 46 6 6 66 84 92 82 79 52 10 28 32 90 70 59 81 77 60 76 90 72 46 27 18 33 22 98 17 50 91 97 84 38 64 10 73 10 37 34 76 100 34 20 52 58 2 6 15 20 41
55 44 68 88 19 100 60 41 82 82 40 27 39 61 92 94 8 30 47 55 102 5 21 98 86 82 17 74 52 33 46 66 70 2 83 32 59 35 92 87 94 39 10 100 8 79 47 70 77 76 57 50 74 88 76 80 70 11 64 3 101 74 98 51 86 60 48 92 59 7 38 35 8 59 50 50 66 2 11 6 46 80 88 42 65 68 81 44 76 95 84 68 22 58 8 67 20 54 74 31
65 -1 84 69 17 70 35 42 95 18 9 19 101 27 72 11 34 35 60 65 93 9 51 9 77 53 64 10 71 81 78 47 90 60 67 55 72 54 56 14 53 69 65 55 45 73 71 5 37 5 38 10 51 59 81 89 77 18 2 50 80 62 26 79 73 60 74 -2 44 31 66 10 23 57 6 5 54 88 23 27 94 90 47 7 86 73 87 41 60 28 26 49 8 96 4 15 66 5 69 58
14 6 62 84 20 27 98 78 77 54 36 95 93 25 69 82 52 65 73 82 92 60 48 54 51 74 15 59 46 69 38 80 84 6 82 81 96 25 91 73 56 65 87 80 4 94 88 76 35 80 48 10 98 68 57 76 58 82 99 87 43 25 66 32 20 83 40 100 90 33 12 5 71 78 66 23 36 15 89 39 18 15 66 72 20 32 15 34 4 80 82 71 11 45 38 6 12 100 75 28
88 80 61 25 8 61 28 27 7 11 62 -2 46 10 91 15 89 78 71 82 63 49 43 83 4 87 58 0 61 67 24 21 21 22 51 96 57 95 79 9 39 40 44 93 33 17 92 -3 37 75 9 3 18 11 18 66 94 36 8 70 97 5 36 34 74 -2 51 56 27 65 84 45 82 16 73 94 83 37 48 86 17 -2 11 78 91 31 10 88 98 34 10 55 15 7 85 18 36 57 78 42
94 10 101 74 65 88 83 89 45 37 96 17 66 77 54 33 102 83 45 55 46 79 34 78 36 59 33 4 58 88 98 24 65 70 36 92 61 12 9 48 84 45 88 48 73 13 20 62 50 5 35 24 59 1 18 27 97 53 101 62 49 65 51 50 83 93 35 14 94 89 30 73 91 15 93 75 97 84 53 24 22 20 82 72 66 18 19 10 67 63 79 30 93 51 20 54 37 30 87 20
55 84 26 8 96 78 100 29 83 10 15 22 22 42 94 51 33 66 88 87 81 7 44 27 88 88 99 45 11 71 55 41 55 9 71 34 32 53 67 43 25 -2 87 42 32 41 36 13 32 94 72 66 10 69 21 30 18 49 5 62 56 25 44 89 93 89 35 27 101 37 79 94 40 64 79 78 92 -3 93 4 16 44 28 87 42 10 55 27 36 71 7 8 76 78 74 72 56 92 30 -1
81 72 41 19 76 22 81 22 5 15 75 42 36 95 87 65 97 36 16 51 88 61 81 56 58 26 97 76 41 69 69 30 46 89 92 13 33 59 24 45 73 27 31 64 72 98 11 26 69 62 23 82 48 79 89 40 8 91 24 30 4 2 47 24 24 26 48 97 28 82 81 37 52 72 102 56 99 74 11 11 86 42 102 37 90 1 90 10 27 6 90 44 32 14 62 20 67 28 62 71
65 39 77 39 35 42 86 57 65 -3 56 54 100 74 58 22 78 51 64 72 101 80 33 30 39 69 47 90 54 91 19 7 48 14 40 32 59 2 40 26 8 41 34 36 101 79 84 66 83 8 75 95 27 30 6 78 94 26 34 -2 20 44 49 86 98 96 60 14 36 94 95 -3 88 4 15 10 54 56 80 25 20 87 43 95 47 94 8 27 64 82 37 43 100 18 63 13 18 15 91 32
13 99 9 97 47 11 61 1 61 3 13 58 22 96 57 90 30 10 45 91 86 79 67 69 13 80 25 13 66 89 64 33 47 97 29 51 92 91 41 90 51 34 88 88 23 69 99 36 55 83 9 80 69 2 67 62 52 63 34 98 60 78 28 20 24 83 98 58 12 27 87 63 97 51 54 36 82 75 6 43 40 21 95 88 12 36 76 13 23 48 47 15 8 1 25 70 80 82 67 46
8 93 67 48 45 6 34 26 21 9 45 57 81 49 24 56 57 17 13 63 86 44 14 67 63 41 76 41 62 90 48 79 54 45 83 13 89 30 75 68 94 39 25 17 26 91 16 8 59 36 94 17 37 19 46 3 100 7 6 32 15 67 82 90 83 1 94 41 51 29 20 11 72 43 20 91 64 33 57 65 81 32 62 34 3 25 99 85 20 81 81 40 82 15 34 12 98 84 69 79
98 71 20 72 69 15 31 83 50 52 22 26 24 50 54 87 74 77 98 32 81 32 80 67 39 14 18 75 6 73 59 88 77 36 55 43 73 46 59 17 45 35 97 35 65 85 83 8 47 34 67 40 48 22 83 29 50 56 37 79 75 63 94 8 81 48 88 79 22 88 21 99 89 60 49 20 39 96 55 6 9 34 101 77 76 68 96 27 55 43 61 49 29 94 13 84 40 91 44 55
90 85 72 55 96 67 98 7 30 -1 2 59 32 19 55 53 13 -2 88 93 69 62 18 65 46 53 9 71 28 62 9 77 8 82 65 38 71 82 38 9 100 29 48 80 7 21 58 66 31 63 65 13 24 28 22 54 5 48 6 14 9 65 64 29 98 6 29 10 56 38 61 81 31 75 92 50 83 33 51 13 73 35 57 22 16 16 10 67 36 61 56 96 93 95 29 4 46 15 75 96
100 49 21 60 101 94 19 38 54 41 54 87 40 73 41 73 95 44 21 26 14 69 64 65 29 86 47 8 94 57 30 39 50 79 11 77 78 3 40 91 51 52 56 44 90 71 78 86 64 60 86 51 59 51 36 39 14 46 80 42 49 34 86 73 79 75 81 49 49 43 53 100 75 83 29 51 68 81 88 73 20 85 53 64 83 63 57 88 38 59 46 62 33 38 87 55 21 92 67 47
63 22 29 48 44 32 68 9 63 10 40 35 4 44 33 63 42 96 88 87 42 76 60 11 45 63 30 77 47 45 48 8 7 25 24 17 70 17 61 37 84 87 70 32 92 57 73 72 25 96 91 42 10 56 24 24 55 78 101 49 58 23 33 91 98 4 18 81 61 93 68 49 65 9 24 34 90 15 46 63 63 67 77 94 79 4 16 9 17 93 23 58 3 64 68 15 13 33 71 66
El programa tarda 23 milisegundos en ejecutarse.
