19 46 66 48 98 28 94 87 63 67 54 41 58 39 28 48 16 53 101 59 44 24 55 56 36 10 82 9 24 17 100 60 85 68 34 99 93 19 46 8 54 96 66 97 84 53 28 81 92 5 42 7 33 57 64 58 25 96 78 44 91 82 101 97 93 36 48 93 14 93 38 24 35 61 69 59 87 90 61 51 97 52 4 48 61 95 6 95 44 26 32 51 98 70 18 39 101 29 39 4
67 63 87 69 61 41 53 44 32 17 76 3 28 35 28 14 12 32 71 28 72 -2 19 38 30 31 12 85 40 69 42 0 54 53 97 49 35 47 99 24 14 29 61 48 50 12 93 74 45 75 64 77 34 31 88 67 83 73 61 72 12 14 72 64 25 30 19 50 6 30 38 61 18 39 5 37 9 26 90 22 45 84 79 45 14 86 31 9 28 61 44 53 15 32 100 1 55 2 40 10
7 62 54 13 4 35 4 89 67 41 27 44 27 89 7 4 6 58 3 56 14 87 53 39 93 59 75 12 47 22 9 5 3 99 99 27 11 22 79 11 65 61 51 64 39 90 57 71 72 55 40 28 82 27 25 36 5 22 56 54 58 7 68 39 82 17 40 95 99 33 27 88 11 22 101 60 11 20 24 58 44 41 29 44 21 65 9 45 35 50 82 68 55 15 25 1 50 26 29 4
99 26 91 52 90 61 84 61 16 -1 54 89 38 63 84 78 29 96 45 40 6 51 54 89 91 8 44 5 66 34 92 17 4 33 62 14 4 51 79 9 62 46 59 -3 99 47 56 75 18 -1 77 18 35 62 54 23 5 78 65 88 2 46 59 4 72 9 97 82 29 22 54 5 3 72 36 92 65 68 61 51 28 84 88 23 6 82 79 -1 52 55 36 1 15 48 100 52 63 28 69 39
6 41 25 18 83 47 32 4 67 91 39 62 78 16 60 50 69 62 9 97 57 83 89 56 60 63 98 47 97 97 39 32 47 85 29 83 96 47 9 6 37 99 38 58 33 20 56 19 61 97 86 56 83 79 26 65 11 91 39 41 36 80 53 74 80 84 24 69 84 71 62 7 62 90 18 6 5 52 38 27 62 74 40 53 49 69 39 49 31 16 41 82 94 83 69 1 6 40 16 27
42 43 40 34 44 54 85 91 70 56 94 85 66 3 18 64 43 92 47 25 37 95 90 37 73 23 98 21 85 -2 12 88 70 73 5 66 100 13 52 85 19 85 5 7 80 20 53 88 86 84 71 60 21 15 16 68 18 57 86 22 51 49 91 89 25 1 3 55 72 45 12 2 24 -1 27 95 47 65 48 51 98 27 15 0 67 26 81 -3 2 -1 101 61 47 22 10 96 19 11 77 20
76 77 53 7 37 41 99 80 101 25 94 85 11 84 90 79 13 48 5 36 38 3 63 23 87 47 27 92 33 46 91 34 69 61 84 28 8 83 82 56 31 77 101 82 88 5 50 5 30 56 4 100 102 27 88 68 39 100 47 46 52 39 83 31 39 19 100 25 38 61 17 82 91 81 70 29 82 6 63 14 31 45 67 99 7 73 66 42 46 16 12 55 40 2 49 79 27 76 56 46
42 70 13 60 17 68 76 13 8 37 2 12 96 64 45 -3 75 3 50 68 54 87 85 69 18 2 41 26 70 31 78 29 53 41 55 85 85 87 85 0 53 2 61 76 34 22 74 47 51 23 89 14 80 21 90 75 89 2 3 18 65 69 99 40 37 88 39 72 73 35 87 84 95 68 94 37 56 74 18 2 35 44 70 23 94 84 55 68 71 76 19 91 68 62 6 95 42 29 34 48
70 53 66 21 58 43 84 35 87 76 39 95 42 17 89 29 33 12 89 84 66 2 94 45 5 31 33 59 70 3 66 52 95 13 80 31 92 37 33 56 93 24 88 9 81 51 52 49 37 4 81 29 47 35 57 85 19 3 60 19 68 13 26 50 51 65 86 80 74 89 81 38 38 62 34 4 72 95 98 47 13 92 33 64 76 48 92 47 40 29 48 36 57 19 11 6 96 82 66 45
33 85 44 61 64 70 97 44 71 12 43 74 18 79 4 81 40 56 90 94 74 88 98 70 72 21 78 43 41 29 99 16 11 26 86 95 99 22 30 67 37 9 61 84 78 57 90 38 23 8 34 86 26 52 34 75 38 3 37 60 80 88 47 43 27 93 5 43 82 20 101 57 9 47 72 19 16 95 21 80 87 54 92 21 38 33 3 76 63 59 52 39 33 62 67 69 91 64 50 31
24 97 23 65 18 29 70 71 18 99 90 23 94 84 57 56 59 6 16 6 59 89 83 13 25 46 51 24 26 49 66 19 86 8 89 35 17 66 68 22 19 62 102 29 39 54 90 3 37 3 97 43 87 79 41 27 80 88 86 16 19 27 57 19 85 89 53 82 47 11 76 65 17 73 52 45 24 75 10 1 40 88 71 1 34 49 81 59 52 12 47 83 5 54 80 78 25 97 14 65
12 79 91 89 8 18 22 29 40 91 92 63 96 11 70 9 2 82 3 29 69 31 9 24 61 49 59 36 51 0 42 95 96 32 29 44 48 35 14 31 87 14 98 -2 66 21 64 60 37 25 96 71 13 17 86 5 45 43 32 58 33 -2 22 94 91 35 64 79 39 63 94 68 11 49 28 1 28 65 18 30 68 56 90 84 10 57 89 35 34 15 9 44 68 35 21 24 55 93 6 50
43 45 70 58 71 76 3 19 6 58 76 73 82 38 50 57 65 75 23 16 12 91 70 2 13 80 85 97 102 83 99 30 15 31 91 43 24 31 65 7 102 29 63 100 17 44 74 71 101 40 93 83 68 31 78 15 36 86 55 67 102 4 36 34 70 37 79 77 47 41 10 41 74 49 25 27 87 56 44 78 44 45 45 100 26 82 24 72 4 32 17 86 25 87 19 7 66 97 73 9
74 58 38 21 21 28 79 2 26 47 71 56 12 65 32 50 93 19 90 79 83 30 67 50 87 86 23 95 15 55 9 94 60 36 38 38 10 83 2 0 63 27 95 34 49 77 99 86 46 43 44 39 71 9 12 2 49 39 97 76 27 94 21 55 71 12 86 16 9 88 30 -2 11 65 80 88 66 68 99 56 21 64 53 12 51 72 79 18 12 5 86 78 61 54 64 25 100 32 74 29
63 87 99 16 94 88 63 20 22 6 27 6 51 53 26 40 77 30 71 67 57 70 79 61 21 18 66 59 7 1 70 16 80 100 91 48 90 59 102 10 15 2 87 69 13 78 80 60 70 10 28 49 3 43 79 88 61 85 3 31 81 32 90 17 58 93 29 58 6 28 72 43 15 30 80 10 9 8 33 88 60 45 26 5 91 15 7 60 28 3 5 3 36 66 6 58 21 32 74 63
67 60 68 15 10 42 17 67 65 3 18 83 31 35 96 10 91 2 17 40 17 -3 73 67 19 70 74 36 86 82 62 59 49 32 45 7 81 38 60 50 62 60 30 71 13 78 70 27 41 53 53 34 68 51 42 65 56 1 91 54 65 45 62 80 13 6 75 35 97 21 77 22 86 50 84 54 76 78 47 44 95 39 14 55 65 75 43 72 13 51 67 44 74 80 53 52 82 74 32 68
46 21 43 44 5 18 15 93 68 27 90 82 20 10 53 61 85 41 16 70 87 61 38 55 81 99 37 11 39 6 7 57 78 2 39 17 73 68 86 66 66 69 45 87 93 38 101 70 47 4 24 85 19 18 83 32 68 42 65 5 42 9 34 67 84 38 3 82 56 20 37 2 61 32 86 84 41 26 18 52 11 94 16 10 41 25 91 61 34 23 101 68 75 52 62 82 95 79 87 8
88 44 48 93 60 45 83 24 98 7 58 95 83 80 96 -1 30 52 33 88 5 57 98 73 20 70 30 83 2 51 45 22 43 66 32 73 21 14 4 88 93 94 77 41 57 13 24 30 9 42 66 17 81 53 11 49 51 36 86 94 12 1 53 84 43 46 49 76 101 87 22 74 50 24 46 1 68 39 45 48 55 15 66 77 100 85 23 84 54 8 15 15 15 27 37 37 80 24 49 60
46 79 70 54 29 63 5 39 89 85 38 81 41 26 76 62 38 35 8 89 76 55 3 13 91 76 45 35 74 84 42 40 86 88 4 13 79 99 29 39 32 31 87 30 98 17 87 62 18 21 6 57 92 58 19 8 25 27 28 51 42 11 80 30 76 82 4 59 29 6 37 49 96 48 92 41 10 31 49 48 60 91 37 81 7 83 31 19 65 42 62 60 13 26 85 51 46 61 88 22
89 81 2 91 22 22 88 52 28 15 87 57 48 2 30 58 73 42 34 0 91 1 79 92 42 96 81 15 78 72 61 86 90 58 12 55 82 34 98 1 6 83 69 27 23 61 83 62 39 5 19 35 21 1 37 62 76 9 68 85 24 55 80 66 39 93 28 58 89 32 8 25 71 59 74 17 96 46 38 85 16 10 51 14 24 32 101 75 18 36 10 1 22 84 54 74 2 17 95 76
37 65 67 18 9 91 3 5 99 3 98 67 79 25 81 83 82 27 62 99 40 50 49 88 61 66 60 46 18 1 56 82 57 3 16 79 79 51 101 54 47 17 49 88 83 7 80 72 52 96 70 26 101 46 49 42 56 32 84 57 23 28 3 96 13 27 34 32 58 4 19 62 34 62 25 49 17 26 6 1 75 29 6 100 11 14 65 89 58 100 102 14 21 24 51 97 3 4 21 22
3 55 86 87 49 28 86 20 65 72 80 53 96 74 61 28 97 3 31 19 83 7 61 10 55 84 33 17 6 4 91 59 43 61 22 37 25 9 28 62 13 20 5 32 16 92 56 55 15 49 78 92 69 17 13 67 30 48 27 2 37 53 5 4 88 32 55 38 98 82 13 27 62 84 93 78 62 83 77 18 70 80 75 21 50 10 45 39 32 68 97 49 36 81 15 34 76 83 84 78
7 43 26 22 77 39 31 76 90 83 41 71 71 93 96 26 73 31 59 99 97 37 74 18 81 24 48 80 35 9 57 44 6 39 57 67 57 23 62 29 7 49 78 96 11 17 8 71 15 31 62 100 88 13 43 25 21 29 97 52 71 60 67 82 15 59 10 16 35 12 101 11 21 12 54 83 64 40 95 68 51 76 87 15 10 98 79 5 42 12 54 26 85 85 95 15 81 21 33 64
93 76 65 1 17 7 101 85 19 25 92 71 26 38 36 50 37 11 83 55 53 5 60 19 15 55 50 42 75 88 77 -3 17 -2 37 75 57 75 87 49 30 80 58 25 66 48 57 25 80 20 64 47 96 71 81 25 99 53 60 4 10 35 79 80 57 76 46 91 98 41 100 17 89 22 60 -2 5 30 25 36 59 52 28 15 84 90 4 34 62 40 65 33 81 94 65 31 34 88 85 23
50 59 62 1 34 98 98 91 43 7 75 90 22 80 9 14 65 23 72 21 36 1 55 64 38 74 85 68 55 68 39 18 40 50 67 47 74 2 38 17 24 93 36 15 69 88 9 65 100 57 23 15 96 62 18 36 70 62 68 34 56 90 47 57 22 3 47 60 43 48 84 65 42 44 10 49 20 8 78 69 88 20 77 41 26 87 21 64 34 92 10 96 84 18 91 78 97 59 58 18
73 38 68 34 76 8 59 3 94 37 6 -1 93 75 30 44 11 49 15 86 93 -1 71 22 83 32 3 82 58 43 94 29 6 85 70 38 41 20 32 -2 19 23 52 63 10 84 85 76 51 71 66 80 84 36 20 27 21 29 2 10 73 33 27 23 10 21 51 88 67 93 2 68 64 24 83 40 51 46 98 63 100 46 3 62 11 71 81 -3 35 96 52 90 76 10 67 38 39 70 29 43
12 69 39 50 98 44 56 89 56 11 56 42 31 23 102 48 64 53 19 81 99 54 48 60 97 86 55 65 8 27 64 65 83 63 6 44 75 47 8 50 29 73 77 86 23 85 85 6 59 68 49 70 22 89 26 78 6 12 67 86 94 52 76 90 99 66 77 50 44 49 84 96 4 37 38 92 85 88 55 77 11 56 65 47 73 54 101 92 94 52 67 75 66 24 87 57 69 43 83 90
76 79 82 88 25 64 24 55 85 88 48 73 23 14 99 10 21 45 24 3 66 42 57 85 36 73 89 21 95 64 77 65 34 19 28 77 67 80 5 5 25 26 12 44 9 63 6 72 13 47 70 81 73 16 74 -3 40 90 37 32 11 84 38 59 45 9 73 -1 64 71 37 27 22 2 6 24 31 -2 63 31 64 63 45 71 50 8 99 52 33 1 57 92 27 -2 80 28 17 35 13 24
77 40 86 44 30 13 38 45 70 2 11 17 80 5 24 63 101 25 96 48 25 24 97 87 17 73 6 54 68 9 41 28 75 55 79 94 73 73 11 40 19 49 102 16 5 76 8 51 92 7 75 27 25 2 87 95 22 65 67 84 85 68 14 60 52 66 82 68 16 11 6 10 101 75 90 73 92 21 15 56 79 52 83 28 24 9 36 71 84 97 67 46 12 37 60 81 62 97 100 38
53 42 86 76 12 31 32 64 101 53 82 33 53 25 14 24 98 39 43 8 95 28 78 33 53 72 90 88 80 -3 3 23 24 6 27 93 90 -2 26 47 16 52 12 44 22 33 52 15 32 53 44 68 86 83 85 64 11 65 56 91 93 14 78 0 48 88 63 50 7 89 62 82 96 38 21 11 100 76 29 19 76 15 74 87 25 57 56 19 41 32 15 84 2 62 100 93 95 6 78 25
88 8 9 22 43 18 33 36 40 74 17 14 17 91 62 56 52 2 36 45 41 75 33 75 72 64 40 38 75 98 99 62 48 12 16 99 95 17 83 7 79 71 38 73 87 38 41 81 31 89 64 49 49 22 102 10 80 64 82 32 48 30 30 45 72 24 51 66 56 73 60 78 12 16 6 74 88 54 99 19 35 37 24 56 92 36 93 56 15 21 85 45 69 65 6 48 98 43 56 29
35 22 61 19 93 19 88 78 44 23 39 86 49 37 9 48 32 14 27 72 79 81 48 21 53 7 70 54 39 89 26 26 22 41 79 45 62 74 96 83 82 7 73 39 101 20 22 77 57 38 73 44 33 7 22 36 62 18 83 51 27 95 22 36 79 72 15 13 88 66 97 51 29 34 37 34 17 28 87 44 86 17 69 2 50 4 23 47 20 12 43 1 78 72 95 79 64 16 7 90
49 41 49 12 43 50 34 51 3 35 101 61 5 94 72 98 11 96 95 1 58 20 48 79 88 60 52 89 81 33 97 36 24 65 69 47 62 51 98 10 47 69 96 88 22 39 29 82 4 6 77 31 70 38 67 2 48 49 29 62 40 50 12 80 28 54 21 40 89 91 88 53 54 88 43 45 54 11 74 36 77 85 7 25 11 43 53 20 89 77 9 84 66 35 76 79 51 81 27 20
84 69 5 5 99 50 64 4 36 -2 56 95 86 43 51 72 9 94 64 92 51 8 42 29 13 51 46 45 40 35 6 40 3 78 31 4 12 41 84 43 56 27 81 29 91 29 51 75 5 -2 24 31 76 70 14 32 14 81 72 43 95 9 41 93 39 41 98 7 74 85 92 84 7 53 86 10 62 -3 99 42 17 50 95 16 22 83 20 35 48 24 80 68 91 87 61 26 7 3 76 67
59 23 41 98 77 15 41 49 20 46 41 52 33 49 86 93 14 49 76 9 37 65 84 94 33 85 60 9 44 45 95 14 78 78 66 98 55 78 62 7 93 37 102 100 19 98 80 43 99 27 48 55 70 34 20 3 23 87 31 96 35 89 80 47 70 89 30 98 65 48 70 91 10 84 35 13 69 71 87 30 55 81 10 76 48 28 10 86 66 48 32 54 70 89 21 94 3 28 91 56
27 61 58 21 7 26 99 47 61 60 27 22 97 9 31 35 52 15 41 26 91 76 74 73 15 85 67 44 101 63 101 66 38 41 89 62 70 60 63 53 54 92 31 90 28 28 75 68 48 6 84 44 3 82 36 43 23 32 39 56 9 53 21 76 80 43 20 41 89 61 25 14 96 23 69 70 99 57 36 87 96 4 19 26 53 7 100 3 52 9 70 38 64 37 70 10 58 48 48 26
53 64 66 64 72 99 6 9 11 48 98 46 8 27 3 20 41 22 17 74 23 92 77 2 5 91 89 40 53 87 86 17 52 37 26 80 59 10 80 88 24 24 11 99 6 11 51 20 37 8 91 64 97 16 46 5 102 60 40 60 10 51 54 44 25 23 6 50 24 2 7 19 7 65 3 15 32 83 49 11 35 13 99 48 75 7 53 50 14 74 24 13 44 86 10 27 13 58 93 26
35 81 9 17 4 91 9 91 60 20 87 7 21 84 26 26 28 95 5 76 67 32 28 15 76 56 93 23 49 44 8 14 7 74 70 42 27 4 36 12 49 65 23 45 81 60 27 51 51 84 7 16 63 60 93 29 91 79 98 36 75 52 89 9 58 73 11 23 72 7 31 6 6 32 62 61 16 59 19 33 35 17 50 22 7 47 5 34 22 37 73 5 68 12 86 12 2 48 98 39
67 100 101 60 89 70 72 38 98 20 92 15 74 94 32 75 63 43 23 49 57 61 39 63 10 80 86 18 69 65 70 19 33 55 38 24 23 26 17 40 40 41 43 29 90 93 93 70 34 59 11 53 70 98 40 83 70 76 66 87 37 10 89 44 83 62 79 85 52 64 16 9 98 78 50 31 86 43 89 72 72 15 24 72 89 47 18 90 23 5 73 87 3 87 27 18 38 59 88 22
5 69 30 47 94 28 50 3 25 86 81 59 4 87 86 39 72 78 6 56 76 48 16 16 72 91 61 17 71 9 61 7 97 23 74 67 68 80 62 36 31 8 51 16 89 7 26 30 18 14 57 58 43 27 3 88 69 42 11 5 73 5 62 41 44 50 48 15 48 42 15 81 17 41 41 28 100 51 6 75 99 94 87 18 18 43 81 4 82 11 87 30 49 75 77 84 15 35 100 66
53 40 19 74 37 44 25 27 28 91 5 38 24 4 46 13 99 90 18 85 27 5 72 91 33 45 97 44 101 49 11 25 12 1 50 46 62 61 92 34 8 40 102 84 13 100 21 72 14 47 100 98 31 44 20 86 30 93 22 56 9 83 102 36 22 6 64 3 86 51 73 60 86 51 6 12 16 89 55 31 92 47 64 46 58 99 94 34 91 68 101 31 86 45 77 62 15 25 37 90
48 2 74 2 89 17 90 74 40 0 98 86 43 19 40 41 42 22 13 72 98 94 80 87 65 43 73 36 59 -2 26 93 95 7 50 89 36 17 74 55 12 12 77 -2 76 0 35 39 54 29 37 25 89 36 95 34 38 31 57 87 86 53 60 87 46 20 89 20 67 57 5 35 59 76 95 84 32 29 27 61 92 75 65 48 96 47 65 59 45 31 25 40 36 9 49 68 2 77 32 59
99 71 88 17 20 89 54 73 45 3 96 79 93 87 65 43 14 87 37 63 5 29 43 91 34 52 29 49 75 31 16 48 3 12 22 50 74 66 98 57 29 27 69 88 76 94 31 61 94 24 35 89 51 60 7 59 87 90 17 49 33 90 37 21 16 13 78 6 7 77 95 98 93 27 4 49 8 16 62 71 65 6 45 26 14 49 28 15 15 83 7 43 86 22 43 84 67 23 87 56
89 61 26 23 75 46 83 8 89 39 60 5 70 8 24 80 7 50 39 89 90 51 79 -1 81 44 53 83 34 2 61 78 87 12 16 88 8 4 46 86 76 54 70 84 44 59 31 22 57 33 40 37 23 44 40 79 39 71 97 26 26 35 44 11 95 42 72 11 98 41 32 49 11 77 23 4 95 27 80 11 42 65 44 1 49 0 86 15 97 47 79 -3 85 52 70 90 95 10 64 83
46 25 64 39 95 35 21 6 31 99 28 87 69 55 75 25 65 66 89 64 89 51 74 32 20 3 68 52 41 56 19 80 75 53 42 3 74 46 37 29 99 24 78 53 64 81 67 63 67 7 13 41 51 78 39 81 58 23 76 31 65 52 43 85 3 11 78 80 54 55 50 24 56 36 15 17 100 92 12 56 33 85 50 22 47 98 59 40 32 65 86 13 13 12 73 78 18 23 38 79
44 62 93 58 57 57 57 25 36 86 8 87 19 14 85 28 19 93 12 64 78 17 17 79 3 85 43 4 99 48 22 -2 19 11 37 78 82 67 47 52 97 59 54 3 86 83 86 78 72 54 61 49 74 76 7 12 12 10 90 7 50 4 67 76 8 57 91 57 69 44 50 80 60 24 52 19 45 65 14 16 65 66 70 84 89 17 34 82 78 59 71 48 59 91 68 45 11 3 32 9
89 89 89 36 85 15 50 90 34 85 62 14 49 62 44 83 68 13 59 4 40 41 11 84 89 72 33 36 40 44 62 2 33 24 4 25 52 59 95 62 16 81 18 55 11 54 96 97 32 57 93 79 90 97 76 43 84 47 55 77 79 19 80 97 37 62 32 26 39 29 23 7 4 30 58 86 58 43 42 97 13 41 99 3 64 58 75 56 13 91 16 62 82 28 95 34 21 67 14 75
15 76 67 21 12 59 52 57 14 1 13 36 11 23 6 56 46 94 76 83 28 77 12 -3 79 32 47 13 57 47 29 88 65 20 98 2 28 12 10 14 57 26 2 76 72 55 59 63 5 15 61 90 52 57 5 11 25 19 68 29 65 93 50 25 30 27 73 -1 11 12 40 86 58 74 22 -1 91 93 78 28 50 63 92 20 89 33 98 51 58 45 57 1 27 5 26 42 82 53 34 29
19 78 37 31 68 59 6 82 49 78 67 40 16 67 13 25 61 92 33 42 92 49 82 55 33 80 89 6 22 91 10 7 55 37 98 73 16 38 16 63 60 1 18 63 70 92 70 83 72 27 19 38 29 52 13 4 46 89 83 1 94 31 50 81 44 99 60 6 39 69 94 71 62 34 71 1 51 41 63 90 93 23 87 36 102 27 74 90 99 27 30 100 40 85 94 30 32 20 63 78
33 48 17 40 12 46 71 32 19 57 11 27 73 32 59 72 40 45 24 10 11 37 3 19 66 91 46 47 7 7 38 29 33 7 100 86 28 84 72 19 50 73 62 94 82 9 55 85 59 89 59 8 32 0 39 34 42 83 97 88 57 59 24 53 12 -2 4 67 31 28 52 96 36 56 3 26 63 24 13 61 71 51 42 44 5 14 67 82 16 43 47 95 31 -2 98 61 9 43 80 5
38 27 58 24 23 11 15 78 27 53 45 44 31 94 55 36 69 28 69 29 69 21 74 97 51 66 49 1 84 84 38 20 59 11 72 29 64 77 42 90 58 45 9 32 97 1 80 85 66 79 55 22 78 38 15 90 27 12 56 72 91 56 33 74 32 73 14 18 12 84 94 31 56 65 12 48 21 94 4 69 92 76 82 17 19 65 80 88 12 38 10 97 85 11 89 73 79 39 57 69
20 0 64 14 95 11 36 82 66 32 44 19 63 88 74 74 83 72 84 51 74 39 46 89 47 32 33 61 83 76 70 70 83 37 80 82 15 2 89 4 46 74 7 59 8 79 89 33 29 53 10 89 98 95 13 73 38 10 68 68 97 47 91 92 87 39 75 73 25 47 80 63 89 25 64 29 86 33 94 60 48 24 92 34 5 55 57 88 76 1 61 45 72 39 18 57 101 36 86 48
47 73 20 41 28 51 56 71 30 48 74 67 61 94 27 88 8 82 34 70 37 51 59 68 15 73 35 64 82 8 78 33 73 56 46 6 10 75 20 10 13 10 67 12 41 21 5 55 78 90 51 5 80 8 29 28 66 93 45 8 6 51 86 67 58 2 75 27 49 47 49 95 46 40 16 79 61 36 78 41 53 39 29 61 8 5 31 81 8 23 53 64 33 24 95 13 27 27 81 73
79 91 65 24 90 21 57 23 63 47 38 38 53 29 92 -3 37 15 4 94 94 7 53 51 87 56 36 55 10 71 89 60 51 23 29 39 7 90 24 92 55 9 35 68 38 37 80 35 4 85 85 43 7 12 49 68 65 35 6 54 12 53 12 29 43 38 63 89 17 11 77 31 32 76 101 10 76 55 85 23 91 38 48 96 34 16 99 1 71 68 17 90 90 16 90 18 2 80 11 76
3 19 65 42 22 21 20 100 45 82 16 51 79 50 74 72 77 62 88 6 75 17 70 71 74 36 74 96 14 3 12 94 17 42 4 45 55 42 9 11 54 12 89 68 22 14 36 72 79 97 16 77 94 15 50 27 93 18 21 91 81 50 6 86 35 1 87 96 64 33 28 3 98 83 38 56 56 69 25 90 86 78 25 77 5 50 52 75 48 59 26 74 49 99 66 60 15 92 14 97
3 42 17 54 29 12 54 93 21 10 83 -1 21 66 38 57 76 37 27 59 91 -3 69 37 44 85 49 96 98 2 51 42 95 91 59 60 56 92 51 75 19 65 77 6 96 78 35 36 26 49 56 62 44 21 93 27 33 90 75 5 22 79 11 9 101 76 56 10 67 71 50 23 82 53 83 83 34 22 39 65 8 30 45 -3 27 58 2 66 19 9 34 78 64 76 61 35 17 32 49 27
83 2 95 61 85 12 8 73 34 3 44 54 17 75 52 64 26 41 90 38 53 94 9 3 10 68 55 57 96 10 49 24 26 77 90 69 65 6 28 74 44 10 51 92 24 6 29 95 78 50 87 59 74 75 35 62 48 55 89 40 92 64 94 63 24 23 65 17 79 8 56 2 70 78 47 28 37 97 100 66 82 27 42 24 74 52 78 3 87 35 85 80 34 91 42 78 34 98 61 77
78 63 35 22 7 26 93 43 79 2 56 96 37 75 17 22 91 72 34 89 96 51 98 75 22 71 74 86 89 13 45 79 16 11 52 55 95 58 47 74 6 31 81 -2 7 14 22 29 21 65 69 14 78 10 50 76 48 56 37 55 76 2 51 5 66 -3 83 63 97 56 7 31 31 17 96 27 101 27 54 73 58 65 58 0 59 86 84 5 37 49 94 57 31 79 38 71 83 39 52 92
6 26 81 77 89 47 32 84 89 66 81 72 60 99 76 62 8 78 45 52 29 47 19 95 66 60 82 77 75 17 33 38 74 43 80 93 16 79 27 14 36 54 39 60 36 60 96 57 76 70 91 54 61 74 99 1 19 69 87 39 8 56 57 7 72 60 40 13 63 32 57 64 69 43 62 70 66 52 19 5 69 46 24 40 102 76 77 18 24 17 28 98 34 85 59 50 65 96 68 45
25 48 69 33 59 67 28 15 37 10 30 89 39 96 45 63 90 6 7 55 16 63 7 -1 41 72 43 78 22 77 6 33 4 31 71 78 36 44 41 20 10 93 77 22 5 82 39 89 11 63 43 8 55 31 51 46 37 27 75 34 44 5 34 56 88 55 14 3 22 77 26 43 9 51 71 89 91 84 82 77 84 25 43 63 69 20 17 30 41 83 96 59 21 26 79 17 62 47 24 18
99 6 57 59 37 65 20 68 96 19 69 16 94 39 13 69 34 74 34 27 22 47 68 12 11 52 72 99 45 71 50 1 85 60 5 38 12 70 79 25 87 44 75 62 28 4 57 91 71 41 63 87 42 36 35 91 45 80 3 6 40 27 28 68 60 70 23 78 37 50 30 89 20 24 38 25 57 16 74 40 71 100 91 86 41 87 18 10 63 75 30 72 28 12 89 17 91 68 36 40
87 10 89 96 79 85 60 58 20 3 57 76 45 71 42 58 34 35 34 63 61 32 89 54 67 60 77 44 99 27 73 10 28 13 32 11 47 31 51 93 58 20 37 85 100 85 14 1 45 72 32 51 80 10 46 86 38 57 99 28 49 44 19 7 51 5 50 21 97 46 72 69 50 20 38 24 31 42 43 50 49 76 64 93 7 37 57 19 87 19 93 95 54 9 84 81 40 96 26 93
11 52 27 25 88 3 66 48 56 29 94 34 62 13 73 2 4 93 73 20 27 59 32 52 18 34 11 68 62 54 44 54 22 70 64 80 72 46 12 16 52 36 66 6 31 20 10 50 67 74 50 74 28 25 40 10 91 81 98 46 80 8 10 59 83 37 12 75 34 2 97 66 44 24 44 50 71 67 80 98 7 26 3 35 67 11 46 65 67 48 50 43 97 19 14 45 63 11 36 12
83 78 25 71 94 92 48 62 13 89 101 9 50 57 67 69 77 52 53 76 85 41 55 40 17 24 4 50 58 19 19 26 75 82 75 62 30 92 34 4 83 87 5 26 77 18 101 63 37 81 39 92 73 6 86 30 38 54 96 6 42 46 71 96 9 51 3 30 93 42 99 32 4 12 45 32 70 66 97 11 74 66 75 69 3 53 24 65 65 24 95 11 29 7 57 48 51 36 83 93
12 90 21 96 22 15 43 78 100 87 35 66 101 20 77 56 88 35 13 62 50 3 52 69 69 90 59 24 76 10 66 74 3 80 25 27 59 86 49 95 24 19 41 87 74 92 77 64 79 22 29 8 56 58 45 13 65 81 51 31 41 69 62 86 95 75 67 86 94 57 44 74 25 27 93 45 77 29 19 2 16 39 88 19 48 75 82 3 16 61 17 70 85 14 58 81 78 69 55 11
59 86 46 34 63 74 34 15 29 17 85 -3 84 91 69 93 10 53 30 -1 85 83 73 34 42 -1 43 87 76 44 76 86 74 14 60 44 55 48 22 34 23 93 44 79 100 40 67 20 85 75 68 4 98 15 30 79 98 57 80 -3 51 59 73 72 92 95 35 37 83 69 91 35 75 29 19 46 22 82 63 74 33 48 69 81 49 62 75 74 51 96 79 53 21 34 20 5 82 92 65 81
21 77 55 54 18 91 90 98 93 76 32 78 31 16 99 47 57 56 76 19 16 74 19 89 14 94 47 77 30 82 98 61 94 87 19 22 100 84 11 56 94 67 63 47 77 64 49 48 22 37 13 46 39 50 71 65 39 7 68 91 61 77 81 76 55 29 31 25 28 58 64 48 37 74 14 11 42 80 89 3 28 97 42 98 48 9 68 67 89 82 51 93 102 99 28 90 96 64 49 48
21 8 29 83 74 63 85 6 24 7 48 29 56 5 71 74 25 71 87 86 62 53 6 77 49 44 8 72 73 43 32 61 97 26 85 82 40 83 25 38 47 57 17 31 28 2 70 54 99 54 60 70 13 29 97 68 79 7 65 0 66 10 67 48 75 41 24 93 4 80 47 30 69 6 77 74 75 74 101 -2 67 33 8 45 26 23 79 70 68 90 55 45 56 82 7 16 18 24 9 71
64 84 90 29 26 53 53 25 31 90 76 9 44 52 101 19 15 49 65 95 52 79 19 21 33 12 45 78 85 98 40 70 53 81 86 5 93 78 94 75 47 34 39 94 28 36 42 57 46 4 10 70 95 4 66 28 23 19 3 20 14 63 52 38 85 51 67 20 79 52 78 38 41 99 75 83 4 61 82 37 89 23 27 19 102 71 98 54 49 5 59 33 38 79 45 81 7 93 88 76
38 39 37 20 58 63 38 29 57 12 53 77 91 13 26 21 38 71 44 63 7 39 86 31 11 37 21 8 88 93 78 7 12 58 20 66 74 30 14 85 27 0 26 35 78 46 77 34 87 58 35 54 76 12 25 34 72 88 68 39 40 26 19 17 94 32 60 79 3 57 99 45 72 66 98 85 74 44 96 2 24 6 87 87 42 75 79 24 25 61 46 96 39 53 43 91 17 93 84 3
44 43 5 67 70 47 5 66 54 25 62 30 20 36 24 91 62 41 30 82 50 41 21 63 102 78 58 90 72 3 47 23 51 6 94 78 34 37 49 10 16 33 51 44 68 27 12 51 35 76 84 4 33 39 3 27 61 95 100 17 43 84 73 68 24 31 38 41 67 6 69 44 85 47 3 16 38 95 35 63 15 58 46 79 32 30 25 96 84 3 11 62 79 5 49 81 29 98 96 19
22 8 17 74 30 57 10 80 50 57 79 73 39 14 9 64 51 67 40 87 9 3 35 22 77 63 16 67 38 57 24 66 13 49 76 30 23 20 30 3 87 52 54 84 85 25 75 10 61 66 42 91 7 54 51 92 3 16 11 11 101 37 9 76 21 40 90 91 4 80 21 40 6 58 29 30 46 15 2 73 20 70 15 11 63 20 16 27 25 7 6 71 36 50 19 -1 49 12 24 83
86 74 10 62 5 57 6 40 45 1 69 1 42 80 6 69 96 78 46 85 88 49 102 51 47 51 95 40 90 41 55 76 72 12 75 62 90 5 4 69 53 34 75 91 74 74 17 3 89 15 13 49 89 1 19 40 69 96 48 32 26 85 72 97 18 30 66 38 87 59 82 7 58 10 55 34 10 91 38 29 55 91 77 12 8 14 36 43 34 59 100 91 44 77 24 6 93 25 39 53
61 87 75 65 38 54 28 24 21 2 89 86 23 87 30 59 37 47 39 73 66 37 34 40 89 10 68 51 87 37 18 42 74 47 68 33 69 81 67 40 19 42 92 44 50 13 78 95 52 64 6 20 101 12 83 0 33 82 67 90 32 65 87 57 61 42 79 9 53 27 90 12 31 21 70 95 56 3 36 70 97 -2 2 -2 23 6 32 71 65 19 87 95 53 73 2 -2 30 46 79 -2
76 53 81 46 17 9 71 11 89 72 59 61 102 93 16 57 39 92 51 70 22 74 42 23 41 62 29 11 93 30 36 24 87 38 33 47 99 3 12 90 5 65 87 51 22 27 9 88 66 99 52 63 26 3 49 71 49 31 4 78 14 7 76 42 4 35 26 97 19 63 57 68 89 71 29 62 102 5 97 90 58 83 73 61 62 17 15 5 25 99 30 65 93 36 81 23 48 16 9 30
29 31 10 12 87 16 56 84 69 32 54 18 38 77 84 -2 71 12 47 64 53 19 80 59 61 7 101 17 92 55 28 42 91 12 42 83 67 27 34 60 45 53 43 4 76 9 20 77 75 64 91 31 33 47 46 68 16 92 97 79 47 53 71 41 19 39 35 72 10 73 68 52 87 72 66 48 77 1 36 90 15 1 86 90 77 -2 93 2 65 82 8 79 66 50 33 86 29 -2 57 6
15 76 82 83 52 42 45 88 99 36 93 18 32 54 53 43 35 71 55 23 13 82 40 80 74 5 13 93 30 74 59 65 40 3 18 55 86 36 24 47 94 6 56 2 53 86 100 17 39 51 40 77 52 2 85 1 20 60 33 25 30 87 95 2 68 36 63 42 41 95 3 52 83 39 40 97 24 88 69 44 87 96 75 3 3 10 61 48 67 69 84 53 67 11 77 32 84 20 102 67
13 46 87 39 43 -2 55 -1 44 60 82 13 35 84 69 12 55 69 81 28 87 22 93 96 74 63 40 2 94 52 87 19 13 96 69 12 29 46 96 33 47 59 39 95 26 46 99 41 56 39 43 27 101 14 24 28 58 65 47 24 64 13 49 9 44 96 31 -3 14 96 46 38 92 21 18 41 33 65 25 82 3 58 45 67 27 13 87 65 9 75 3 92 73 88 12 16 30 83 71 46
58 32 10 99 83 60 17 59 40 50 26 83 76 94 29 36 66 86 94 21 35 2 12 64 6 47 51 99 47 17 65 60 99 1 67 85 20 46 10 69 36 94 64 31 88 82 42 1 102 15 18 47 17 95 40 32 64 21 65 93 89 41 37 23 78 94 62 41 66 53 34 27 43 3 77 6 66 29 38 88 36 78 97 45 102 6 24 60 101 35 79 76 64 89 67 88 73 97 5 73
46 92 101 31 64 3 86 18 47 0 84 47 44 18 46 55 99 30 83 5 88 35 71 17 101 -3 22 61 74 89 4 69 69 3 32 -2 58 12 38 4 16 68 8 77 54 68 10 15 24 16 79 -2 98 72 23 86 96 56 9 32 75 78 29 68 71 34 15 10 40 -3 65 11 45 50 64 40 52 62 25 93 53 54 75 10 15 65 92 51 73 62 49 8 86 28 84 3 86 79 92 36
100 95 78 45 83 5 21 32 13 18 18 99 5 31 46 89 76 41 18 36 77 32 89 92 86 48 22 28 47 33 73 58 59 21 75 4 47 22 80 54 55 100 22 70 51 78 89 77 29 57 43 71 83 97 23 65 80 69 71 13 99 45 61 3 39 48 81 84 60 73 20 35 24 49 28 36 54 77 85 96 21 83 67 8 46 74 52 31 101 92 97 23 56 46 25 51 67 65 15 69
94 54 58 52 93 2 47 56 16 56 58 21 11 79 21 18 55 14 60 37 24 14 83 67 61 53 75 9 92 86 72 58 59 83 49 6 2 70 10 27 75 45 85 13 7 29 72 54 33 15 23 68 14 17 38 19 94 39 80 62 44 87 43 35 91 80 93 79 2 -2 85 68 3 17 8 31 23 56 42 91 45 19 29 20 83 46 25 17 81 86 97 0 98 42 49 28 93 22 82 59
46 93 23 83 46 94 91 22 74 9 68 43 39 72 40 32 96 48 22 33 49 100 36 14 82 16 5 33 78 90 65 74 85 41 23 91 76 39 84 86 78 36 64 58 13 77 64 21 78 100 3 24 92 24 40 79 93 52 7 22 49 42 39 34 8 89 34 47 85 20 27 15 102 18 38 84 4 9 68 72 67 4 45 54 70 3 100 100 54 21 52 24 4 40 70 33 90 14 71 30
82 50 70 11 18 96 7 16 101 15 98 12 72 64 59 1 30 47 89 53 85 57 67 82 63 59 25 46 77 33 57 82 38 95 26 74 93 52 55 10 91 78 41 53 78 30 52 24 53 47 22 70 4 52 82 81 17 69 52 73 93 53 100 84 37 65 34 62 101 80 99 75 17 62 97 15 53 17 3 11 22 75 42 28 46 40 8 51 9 89 56 79 62 5 78 19 59 63 65 27
54 16 102 34 71 23 86 9 95 3 73 100 21 60 29 85 20 40 61 44 35 12 31 92 75 50 67 2 98 55 41 48 71 65 87 75 8 14 78 22 102 99 34 80 54 35 31 22 74 94 90 93 68 19 86 96 60 70 80 95 81 32 83 83 61 87 100 64 86 46 45 55 64 100 35 65 95 68 36 35 7 65 49 40 19 58 25 85 95 22 39 97 42 54 85 82 36 71 74 48
34 41 42 49 78 11 71 49 52 63 44 22 79 25 81 46 6 8 29 0 37 83 71 2 93 67 11 80 48 55 39 96 39 45 11 79 97 36 4 20 73 30 90 27 74 -3 33 67 63 -1 82 33 75 51 25 38 45 79 21 56 52 78 45 83 59 22 7 22 95 57 83 65 61 42 68 69 62 90 94 10 60 27 2 14 12 29 19 74 30 34 11 76 88 23 9 59 69 16 54 95
58 68 10 35 20 45 97 38 10 96 57 53 65 24 15 58 74 84 7 4 66 36 93 96 99 31 98 84 20 16 27 98 101 9 15 99 26 73 4 77 93 68 8 63 9 25 40 8 32 84 73 10 38 68 88 65 61 92 21 53 29 37 48 72 20 59 69 68 27 16 37 33 55 81 40 68 102 93 13 38 67 5 57 99 11 84 54 78 53 12 65 87 101 64 24 17 51 16 14 1
60 77 97 88 79 57 92 19 50 34 25 45 43 23 92 19 57 71 28 31 35 60 37 1 59 72 94 91 64 21 18 55 2 92 5 54 87 70 13 15 16 73 87 -3 21 68 79 40 23 82 4 19 71 76 47 49 20 15 17 77 89 20 62 71 36 30 76 56 62 19 47 9 88 7 24 72 80 59 78 16 4 53 26 35 52 64 3 35 75 2 64 28 48 13 41 55 49 64 38 68
99 81 49 83 90 39 90 57 81 6 31 15 60 84 16 26 71 54 42 3 10 27 55 86 32 68 3 14 55 37 67 71 78 42 21 7 101 84 8 38 39 6 100 36 44 5 12 36 97 46 74 13 40 1 10 77 85 27 97 92 39 54 38 6 68 1 79 67 18 48 41 57 37 95 47 94 65 12 56 20 100 23 66 74 81 37 31 84 34 74 66 59 27 31 25 9 44 53 41 81
24 96 79 47 51 89 18 87 68 91 76 39 76 53 37 74 36 33 2 96 19 88 44 0 88 17 98 10 43 23 34 52 96 72 61 41 10 92 75 24 49 91 21 19 21 41 88 65 13 0 24 26 75 62 99 48 49 0 68 8 36 32 43 64 29 7 9 48 70 77 24 41 80 -3 3 90 5 80 50 28 59 93 60 3 12 95 78 16 45 73 41 24 25 49 65 64 91 -3 100 8
28 42 3 77 75 55 68 96 92 53 60 16 31 91 23 42 41 66 98 86 88 89 5 21 69 19 3 12 101 76 57 47 44 51 58 47 66 95 96 88 75 36 62 70 82 76 72 89 13 82 49 93 62 81 39 10 33 70 75 11 24 14 60 47 3 42 80 71 21 13 28 90 35 57 35 15 78 73 49 48 90 100 27 65 48 70 53 31 65 88 56 19 10 67 99 73 93 16 38 95
71 42 5 40 34 47 41 33 37 77 27 74 37 28 93 57 67 38 41 1 90 75 39 27 39 17 26 89 10 80 53 56 73 86 50 1 22 44 4 94 97 37 93 41 42 95 53 44 57 78 76 46 43 76 30 10 2 70 61 38 90 14 93 79 89 27 57 52 75 93 8 82 100 31 48 91 52 94 67 94 60 19 9 92 6 80 48 62 99 40 97 95 65 37 91 66 99 11 22 38
55 100 24 75 12 3 40 45 52 4 78 12 49 19 14 48 94 95 78 89 70 2 48 1 42 34 92 55 31 30 85 42 99 80 60 25 60 84 13 9 47 88 69 67 72 46 39 54 45 3 22 1 45 26 10 71 7 71 15 54 21 23 101 52 31 74 39 93 99 89 91 37 88 66 52 95 26 30 100 13 53 93 97 60 26 82 61 80 59 80 61 61 101 35 47 2 100 43 99 76
99 88 81 84 10 69 66 70 51 89 86 91 9 64 41 17 83 28 67 24 64 19 19 43 99 60 36 90 37 16 15 79 67 48 100 26 8 51 17 54 52 26 98 95 84 -2 61 14 90 63 36 46 38 7 23 4 82 47 68 63 47 65 60 19 78 49 32 48 19 90 29 16 45 6 5 23 19 21 83 60 67 53 71 50 47 32 11 13 9 94 4 82 17 78 68 17 43 71 101 11
47 55 31 32 27 98 32 86 58 17 53 84 65 40 72 73 45 29 26 14 15 99 61 55 57 88 44 66 4 87 85 22 4 58 56 56 73 9 68 12 89 44 41 71 66 23 45 52 20 47 30 18 20 6 34 58 56 100 86 74 39 69 32 13 79 73 86 75 59 81 4 27 25 6 85 61 11 16 51 55 84 80 58 60 65 18 50 22 73 76 38 79 14 49 26 83 33 47 98 35
3 70 92 6 99 13 52 39 49 82 64 92 73 86 77 43 68 86 33 2 49 8 63 52 35 76 60 27 10 39 50 19 47 94 32 1 96 5 29 82 23 38 72 95 82 59 90 42 11 67 8 12 43 55 48 52 52 24 42 24 91 15 91 60 38 56 78 36 89 57 34 89 64 34 85 79 13 -2 48 90 44 68 19 40 94 56 25 78 61 88 22 8 50 18 89 40 62 39 76 81
26 48 53 85 21 6 83 62 65 29 100 38 23 47 81 31 5 19 29 71 52 50 48 13 58 11 90 59 84 100 26 27 21 25 6 100 13 11 74 89 31 25 57 92 64 7 48 58 57 90 61 20 69 26 42 91 91 2 96 90 20 87 63 68 82 25 35 26 10 33 97 3 35 86 94 28 32 61 13 59 49 94 5 24 5 85 9 14 82 43 80 98 34 6 70 57 62 89 17 58
28 73 28 16 83 5 62 75 45 71 34 56 54 53 42 41 12 45 60 43 83 3 13 47 59 80 13 36 29 20 2 68 69 92 30 34 49 -3 41 80 15 58 78 39 12 77 8 -3 47 42 74 72 62 15 21 67 44 68 3 29 68 67 77 30 58 52 14 64 74 11 2 38 96 88 94 33 34 24 63 85 29 69 67 51 18 95 70 5 25 67 78 27 6 15 54 27 32 7 31 91
101 5 5 3 77 34 10 30 48 42 99 22 37 94 6 70 28 34 71 40 18 79 15 25 58 26 86 21 38 15 91 59 28 18 17 75 82 11 59 10 51 85 59 99 15 59 27 41 6 78 9 90 44 70 62 64 102 75 96 15 58 47 101 64 90 96 60 64 14 97 23 27 4 5 96 97 24 43 100 40 10 72 7 83 72 94 3 24 85 52 53 86 68 74 35 10 68 13 77 31
5 19 9 80 41 23 38 83 98 17 2 31 47 86 3 12 96 94 42 7 36 45 54 85 10 22 24 49 9 33 29 78 7 12 46 45 5 63 4 75 39 55 23 59 25 10 62 51 25 76 15 89 26 87 38 24 98 3 74 79 97 8 15 72 93 59 6 95 9 70 13 80 29 26 92 19 18 23 101 58 6 58 17 40 36 90 22 20 41 21 3 34 19 63 13 57 95 92 53 73
El programa tarda 24 milisegundos en ejecutarse.
