19 3 87 88 62 10 47 86 71 4 59 10 29 87 13 22 84 21 26 90 20 62 58 6 85 51 10 27 17 9 84 25 46 51 100 27 95 6 29 79 18 2 94 93 81 48 102 89 6 28 30 69 87 1 29 31 68 87 64 49 30 11 77 32 58 63 68 1 69 25 49 93 76 31 47 78 27 93 70 3 83 76 26 95 73 60 92 69 79 85 25 14 85 62 102 79 76 43 33 57
12 89 5 67 4 95 68 32 21 91 19 62 28 93 58 79 81 93 100 94 66 65 81 -2 23 4 79 48 39 40 72 83 90 23 4 76 99 23 74 74 57 34 85 62 94 33 72 36 79 91 8 53 90 13 61 -2 2 15 54 82 55 54 37 73 62 57 48 34 54 92 91 45 24 -2 26 53 35 60 63 16 60 94 74 77 99 26 86 20 66 77 4 51 73 32 15 65 56 82 58 56
43 19 32 58 93 59 50 62 98 95 61 4 39 65 93 58 18 12 57 37 40 10 83 87 90 26 24 61 74 25 17 31 24 47 85 26 24 99 65 100 33 54 23 11 63 55 48 15 72 86 60 32 56 88 73 7 69 45 23 23 23 26 31 98 75 82 43 61 9 90 55 41 33 49 72 24 60 36 96 29 31 27 102 9 102 29 82 99 98 69 56 41 67 83 33 99 51 36 47 57
25 38 75 79 97 74 38 45 2 10 71 54 77 17 72 86 91 69 45 96 61 48 14 83 6 79 91 1 60 91 52 19 23 17 82 51 22 55 48 91 96 92 16 1 4 54 23 52 64 85 73 9 42 59 29 6 85 68 58 88 81 21 32 25 37 64 75 42 9 78 15 79 100 66 35 92 27 31 76 6 9 23 2 46 48 56 83 55 14 50 38 40 85 89 94 78 18 47 77 52
8 95 76 75 69 13 78 97 41 99 62 65 6 72 92 98 61 80 53 23 28 13 76 65 102 13 30 30 99 46 33 80 76 2 37 30 12 23 41 43 76 1 72 56 6 37 26 6 11 53 70 2 64 54 80 36 91 22 79 80 71 35 30 4 70 97 56 87 96 80 3 1 4 90 49 79 25 81 57 6 83 50 19 1 68 75 62 79 61 80 35 54 4 34 49 38 58 18 44 72
50 21 77 45 48 12 89 45 66 37 66 46 40 41 42 44 18 60 6 56 92 86 60 58 75 40 43 63 58 20 90 21 20 70 95 89 40 68 84 91 74 96 52 72 73 7 90 33 87 14 67 2 101 46 35 -3 34 24 33 26 4 0 16 59 21 37 7 93 74 50 70 62 97 72 36 96 75 30 76 96 12 86 77 53 17 18 26 80 82 10 28 22 27 2 54 50 40 3 18 38
16 43 18 73 94 38 8 31 48 60 76 96 7 55 99 33 91 37 85 84 88 18 84 35 77 87 48 30 47 95 40 13 10 22 40 47 49 40 77 14 22 56 31 35 81 11 89 34 27 12 68 14 17 100 67 78 53 100 78 14 36 82 72 5 34 6 24 33 28 91 70 90 9 10 3 17 6 96 92 61 42 3 84 26 101 38 63 93 75 93 22 77 95 28 9 62 66 9 91 96
43 34 35 89 79 35 24 3 84 32 59 61 45 71 61 31 11 27 95 35 65 38 20 18 94 35 68 28 73 20 79 60 61 83 87 58 66 36 2 17 60 7 91 10 48 2 51 66 80 20 78 16 68 1 93 83 6 43 50 53 41 38 56 82 11 32 56 81 81 48 20 48 41 51 5 92 92 0 44 46 31 56 86 41 82 96 54 75 42 13 14 70 10 73 45 18 46 40 86 54
76 50 87 9 63 73 30 36 10 59 16 80 37 61 60 2 27 14 70 27 26 82 86 58 49 38 92 58 9 18 43 85 11 62 96 89 54 92 21 48 5 17 97 81 7 21 22 60 30 27 37 69 75 100 88 78 48 9 42 37 29 25 49 86 58 13 21 69 55 21 5 100 59 78 77 39 100 41 35 1 42 73 81 50 26 37 94 80 39 59 52 29 51 35 47 43 31 89 26 24
34 55 50 15 66 13 15 73 56 73 71 69 72 11 90 59 74 71 12 95 42 80 25 10 77 80 88 56 29 26 8 71 54 2 56 3 89 34 97 56 59 11 12 58 58 47 63 93 39 40 90 86 34 58 67 90 42 57 42 58 19 47 61 49 38 6 75 85 41 37 95 10 19 74 74 1 44 42 85 20 54 78 43 90 39 37 72 32 10 21 32 -3 32 76 66 91 83 40 49 84
91 26 75 84 86 45 57 11 5 83 37 3 86 16 11 15 55 53 27 27 100 43 3 5 91 27 6 64 87 93 86 20 96 12 7 100 82 11 15 14 75 48 13 10 73 69 38 33 90 44 51 68 28 54 99 38 61 76 3 91 98 77 45 15 65 92 20 84 62 58 64 58 18 28 82 97 96 98 82 41 43 42 50 84 85 58 82 96 27 3 90 43 100 100 60 63 30 97 69 74
101 52 99 88 13 42 60 68 65 40 38 94 87 32 2 57 33 27 69 13 90 12 94 17 11 12 81 88 62 1 34 67 5 93 46 0 70 11 17 3 44 19 2 17 98 91 67 7 28 59 90 21 101 23 57 71 19 22 43 55 101 52 37 13 43 32 37 68 66 12 99 62 80 25 46 83 93 90 19 50 68 19 77 92 4 34 69 44 29 -3 57 67 10 0 93 89 7 74 6 39
6 5 84 64 80 66 26 73 102 86 4 39 63 49 76 48 16 64 38 47 44 20 30 39 62 94 76 47 102 72 18 33 17 39 56 48 96 12 7 16 64 79 24 76 36 59 79 56 25 72 78 35 71 51 4 45 39 53 18 40 51 41 13 62 57 36 13 2 46 93 28 90 44 52 47 97 46 95 95 94 19 49 25 51 49 36 31 36 75 20 32 26 32 34 87 99 57 51 89 81
53 96 76 20 79 86 41 46 31 78 29 95 35 89 75 50 2 16 60 51 5 88 55 43 40 -2 84 44 79 78 10 61 13 12 96 29 51 42 32 1 89 17 99 60 37 31 55 85 20 84 61 75 53 92 23 59 72 95 27 41 13 96 71 35 86 72 14 72 74 18 87 93 69 96 68 48 15 72 3 82 61 41 61 91 31 86 60 94 36 4 62 85 81 -1 37 1 11 44 101 40
20 87 22 85 95 38 10 38 11 55 91 75 83 3 18 99 81 88 9 17 84 98 37 97 81 96 70 7 49 45 50 66 61 10 37 41 13 44 93 73 68 44 59 29 90 5 9 13 22 2 68 28 76 91 95 78 47 97 82 91 49 54 78 44 39 18 76 60 69 8 95 77 9 65 87 36 23 72 52 36 42 24 69 1 66 73 4 40 42 66 14 86 40 95 64 16 61 89 8 5
99 12 36 47 38 26 79 89 55 67 48 9 98 14 72 21 5 12 5 12 67 55 39 5 46 0 98 33 17 52 36 55 60 85 46 19 65 3 81 16 23 5 51 32 53 41 85 77 89 26 88 13 2 4 86 93 33 39 69 83 31 43 36 18 71 42 47 6 56 15 19 6 84 54 55 57 27 12 10 34 6 36 84 8 68 23 94 60 66 24 59 8 20 41 6 14 88 90 65 3
10 55 66 94 89 96 19 58 88 58 17 85 30 90 99 32 17 40 92 81 10 93 87 76 98 74 58 35 3 42 70 10 56 13 29 35 90 81 4 85 47 19 36 74 26 64 54 94 41 38 95 86 37 68 51 51 88 11 22 86 64 41 31 49 86 70 66 49 71 43 47 78 3 88 80 1 88 44 69 57 16 58 40 7 78 88 23 21 74 19 83 98 28 46 14 58 101 73 29 48
96 3 48 77 91 41 93 -1 99 79 53 -1 61 81 29 26 81 25 40 20 65 8 35 21 25 5 83 58 87 51 19 3 98 33 98 83 70 30 21 80 18 2 38 29 32 82 19 67 8 58 48 0 95 36 74 79 67 82 43 95 21 76 91 55 73 3 7 10 26 57 6 61 86 36 18 -2 30 58 10 80 48 34 47 96 36 93 93 12 62 82 100 51 87 3 55 13 11 93 86 96
7 19 7 58 66 64 32 69 39 30 83 98 61 94 79 54 50 60 30 81 64 28 49 31 36 85 22 10 57 11 33 24 75 35 46 68 96 84 54 77 93 25 46 66 39 89 26 45 49 50 12 61 46 30 80 35 58 69 69 62 79 26 50 55 96 45 85 16 83 37 30 54 62 32 17 51 7 60 49 51 99 18 54 4 98 29 25 99 82 63 29 77 82 60 92 25 40 91 15 93
7 12 15 38 68 36 22 27 31 0 36 25 35 50 54 80 52 10 9 10 4 81 2 60 32 62 29 16 18 42 79 25 63 20 57 47 21 18 26 25 66 84 91 24 10 21 40 87 26 90 49 -1 40 59 5 73 11 54 45 6 39 58 22 95 12 43 87 34 82 35 81 69 15 76 30 20 55 31 16 35 99 81 53 3 96 46 24 80 96 45 51 87 86 38 56 39 72 55 53 3
55 71 9 73 29 10 19 76 86 12 53 10 8 25 66 1 72 66 13 65 62 28 29 57 32 40 64 22 30 48 61 41 92 70 97 30 15 47 24 13 12 18 94 9 68 13 26 38 88 68 4 26 11 51 101 99 63 87 12 88 70 66 54 51 42 44 34 66 86 15 97 43 89 88 93 59 26 73 54 11 35 37 50 44 30 64 23 26 43 35 100 84 42 8 10 61 9 56 55 82
19 13 76 84 83 81 67 5 28 42 66 41 49 -3 90 35 64 42 101 9 91 27 37 70 40 5 67 -2 38 52 21 35 55 -2 24 38 70 87 89 68 23 94 11 9 18 70 37 59 26 77 38 65 95 17 31 85 19 75 72 44 36 35 28 58 9 37 72 53 52 15 83 88 78 62 27 73 99 21 94 20 19 51 95 36 32 61 12 -1 24 43 54 63 2 17 23 69 15 32 12 48
3 43 71 23 31 15 36 53 76 67 95 23 98 74 93 28 38 95 81 33 52 39 27 96 96 44 63 50 90 57 95 45 36 65 23 50 61 35 45 3 28 79 64 32 41 8 20 34 81 79 74 64 40 85 7 48 22 7 93 4 26 95 62 19 101 99 45 22 88 50 94 49 40 45 14 78 60 66 86 39 72 27 67 1 72 37 70 41 48 22 45 85 9 49 5 98 6 80 86 18
94 53 13 10 22 18 57 67 24 83 82 88 97 7 93 37 15 26 21 41 39 86 69 16 59 26 40 59 55 0 73 25 75 89 9 85 64 31 45 36 20 59 81 34 77 10 88 71 84 46 95 64 26 6 85 58 96 93 20 81 26 81 69 73 8 18 76 19 5 84 32 4 24 81 45 57 43 1 61 10 19 38 82 51 88 1 57 70 31 8 61 77 58 41 57 45 49 47 35 34
44 12 69 81 13 9 82 61 48 35 95 35 101 35 74 16 69 81 99 37 86 28 99 2 77 21 47 58 62 67 93 71 53 30 14 71 85 57 99 43 98 62 62 63 84 90 40 81 13 2 100 79 28 91 65 44 34 4 9 35 58 2 32 40 43 51 76 36 21 35 9 48 11 99 72 63 58 82 27 77 36 98 79 31 43 75 3 76 81 99 38 41 77 23 19 31 27 85 78 53
60 72 39 89 94 86 46 67 32 96 83 27 101 92 60 8 26 39 88 4 61 7 30 95 76 42 46 16 27 81 46 4 7 12 81 44 58 1 12 38 50 66 8 95 47 64 77 27 95 21 91 63 32 52 97 59 63 69 88 4 101 14 27 12 54 78 51 23 44 59 22 23 16 8 24 17 13 17 98 17 35 26 53 9 8 92 96 1 35 56 92 86 91 48 27 63 42 17 91 14
81 87 3 68 63 14 82 95 10 93 82 95 62 74 93 69 31 5 89 21 55 3 89 44 97 79 74 92 37 38 82 22 68 70 22 29 32 34 74 82 4 87 50 27 16 45 38 86 59 46 27 79 46 52 27 48 83 52 10 59 33 71 87 31 85 76 92 43 90 26 97 38 38 25 95 57 76 79 81 20 99 92 60 72 23 52 39 21 99 55 8 89 81 82 20 21 21 67 83 87
55 88 16 56 58 22 2 20 6 69 56 43 36 49 67 6 29 5 25 81 33 94 7 -1 46 80 41 71 30 43 75 81 68 56 71 66 89 12 10 19 18 11 53 91 18 41 22 32 19 70 68 58 90 23 84 86 85 77 73 29 21 32 28 23 68 80 95 13 14 47 78 81 61 36 38 3 38 67 68 50 47 55 66 81 87 68 36 96 46 34 42 55 55 69 74 24 8 68 66 0
92 77 96 84 44 21 17 20 59 32 35 3 98 79 97 40 85 15 101 62 6 81 51 42 83 33 45 94 89 35 84 41 95 7 6 66 70 66 8 77 59 67 64 35 26 13 3 32 32 77 92 31 15 14 65 15 101 80 11 28 17 68 63 25 70 27 63 9 8 61 55 65 99 8 74 33 39 96 7 74 46 39 69 53 82 66 36 5 35 41 58 53 95 47 66 41 31 24 4 4
85 15 53 64 18 70 42 45 85 25 43 3 15 82 24 58 77 55 43 -3 44 96 82 58 26 57 44 90 69 40 53 54 98 67 11 51 58 70 14 57 84 19 27 33 20 64 99 94 64 2 64 51 58 22 11 90 56 53 17 54 95 65 54 23 58 65 21 88 97 44 36 65 69 54 32 95 89 -3 22 46 43 27 62 -2 26 17 49 30 26 18 71 51 96 20 14 72 58 14 71 66
31 26 13 98 64 78 12 55 68 76 77 25 46 12 10 8 9 90 48 37 63 83 81 60 30 3 88 53 62 38 78 70 56 16 93 45 74 100 26 2 26 5 87 41 23 56 26 40 77 45 5 78 87 33 61 30 33 29 75 2 21 45 35 46 102 11 76 35 19 55 12 16 82 89 38 50 85 90 51 64 47 22 84 30 49 84 41 53 66 30 53 92 17 58 99 33 66 30 51 11
70 50 67 15 51 7 10 73 54 78 34 64 41 31 57 56 89 37 63 27 71 40 23 68 28 28 92 79 85 72 47 42 35 71 60 63 26 44 50 87 39 87 57 4 65 46 86 54 25 5 9 75 64 47 98 49 23 15 38 19 37 19 25 80 41 74 69 64 72 15 55 94 44 26 71 76 18 72 7 79 56 8 45 52 44 23 91 13 71 42 11 39 50 24 81 90 70 38 45 16
59 51 92 60 92 68 68 17 20 99 60 41 6 52 100 19 35 20 55 45 91 26 20 100 54 62 82 69 102 33 94 82 4 70 33 43 83 47 73 11 76 21 26 86 76 81 61 98 48 63 26 74 9 92 9 56 46 79 22 30 82 91 92 58 59 17 25 76 74 27 63 61 52 40 11 41 35 5 3 1 69 94 8 80 60 51 98 40 89 96 11 65 30 45 23 16 99 95 78 57
77 56 9 38 86 43 29 48 29 4 33 39 72 14 69 78 96 67 28 21 29 3 79 91 51 44 36 26 56 26 78 57 99 76 47 2 21 42 36 58 16 4 68 93 62 82 75 72 35 81 49 41 42 12 13 57 95 46 40 41 72 66 32 88 83 26 65 -3 55 4 65 5 25 26 33 72 31 90 37 84 19 24 22 20 100 -2 12 28 19 73 8 60 64 93 26 42 95 96 28 15
34 41 3 56 43 9 84 31 53 20 92 60 14 91 48 40 68 2 76 47 91 54 17 70 37 72 20 10 27 4 15 67 46 90 83 34 23 16 58 83 89 75 100 51 19 8 28 5 21 24 5 77 8 37 8 62 100 1 61 75 22 71 90 67 67 58 13 24 22 9 49 77 37 83 80 74 11 60 38 79 95 81 45 11 52 82 76 22 23 28 24 85 34 67 98 73 7 59 15 53
59 11 4 53 84 84 54 41 14 5 42 96 48 51 37 67 51 28 79 4 13 47 74 1 2 39 76 21 99 84 96 16 3 18 54 66 5 76 32 69 88 56 16 44 64 74 10 43 90 28 79 60 12 65 64 7 61 96 4 7 4 17 53 44 80 11 54 92 66 50 7 55 43 32 8 21 64 46 77 57 24 64 96 65 23 37 39 9 59 83 66 72 42 32 81 51 11 18 65 96
72 85 90 32 85 93 14 67 56 68 82 54 28 30 5 93 64 85 84 98 25 24 48 32 50 68 32 58 70 94 49 10 19 37 53 4 79 51 85 79 100 93 48 100 69 2 36 98 38 95 82 98 34 44 52 15 62 74 75 97 69 3 93 22 95 92 17 50 41 47 64 94 9 32 66 41 10 79 22 45 41 78 13 82 23 64 44 51 22 38 100 83 72 72 63 24 85 3 47 15
59 23 29 51 63 46 5 50 22 96 54 36 83 23 60 76 13 77 17 50 9 87 37 74 25 21 73 50 11 71 81 43 30 42 89 25 58 3 44 28 46 13 72 94 42 7 58 18 69 90 89 45 101 58 101 84 24 60 90 74 100 65 87 48 25 1 75 32 72 14 28 -1 49 79 72 28 36 88 50 5 70 40 17 16 52 45 66 91 90 68 52 83 65 30 34 71 85 3 80 11
61 41 55 64 37 66 48 72 29 68 81 7 21 93 43 79 100 21 56 3 89 36 21 33 23 58 98 7 36 43 10 1 79 84 82 46 64 88 48 4 49 38 12 66 76 10 56 64 99 37 71 14 56 4 55 79 30 52 86 16 27 93 65 42 20 45 64 97 94 89 66 37 49 100 64 60 100 98 95 65 79 99 32 28 69 56 11 75 52 51 95 4 3 69 48 27 95 73 5 100
60 12 51 86 74 57 77 60 39 35 59 58 26 17 50 66 23 5 66 62 41 44 82 83 91 59 92 47 17 46 49 5 76 34 48 9 71 80 3 34 31 56 56 3 89 29 27 34 49 41 69 11 64 38 74 -2 20 33 19 90 28 2 84 6 44 82 53 20 3 50 22 49 31 28 63 11 12 95 72 74 40 54 14 57 25 23 89 36 60 23 15 32 39 49 78 4 15 10 5 71
12 72 80 35 66 90 29 87 93 70 51 84 20 35 37 94 43 89 90 1 90 79 42 88 4 48 36 44 56 91 96 44 83 67 51 26 12 78 83 57 61 54 54 25 21 55 42 60 26 39 63 72 87 1 60 50 8 77 84 28 45 13 6 52 58 46 35 88 5 19 86 66 91 18 95 94 100 18 54 86 98 68 21 41 47 55 95 100 94 66 79 4 101 46 69 100 50 55 66 15
60 7 93 52 28 3 32 78 72 91 87 35 28 22 31 17 23 53 6 -3 3 15 41 32 24 81 56 33 100 69 53 76 35 44 51 89 52 94 14 77 71 -1 49 96 100 22 65 7 93 9 5 31 46 73 16 18 76 42 93 46 56 27 51 -3 101 60 11 11 54 66 52 2 33 7 63 63 96 74 77 70 52 74 72 60 97 2 52 28 71 77 87 78 64 48 41 35 54 -1 76 -1
47 2 11 44 8 63 16 85 12 36 8 46 27 35 23 12 15 7 16 68 4 16 99 70 3 21 54 13 37 17 69 79 92 98 37 36 92 33 34 99 94 86 9 66 15 9 83 78 81 50 17 56 91 14 22 10 29 75 3 46 97 84 20 26 65 38 102 70 94 96 84 31 5 45 99 32 58 94 96 67 80 38 79 53 51 67 98 51 58 19 53 33 67 55 93 37 30 47 71 7
16 33 92 82 12 92 39 82 30 9 53 48 86 90 13 85 97 2 55 5 61 69 12 31 65 19 21 80 50 89 3 32 65 68 2 72 100 31 37 9 53 1 52 53 87 64 30 24 64 40 67 3 94 32 44 94 27 16 82 17 23 14 72 40 87 -3 41 72 6 55 70 76 38 20 70 62 25 70 77 52 51 36 39 39 45 72 7 93 57 31 85 96 30 74 10 14 29 83 21 -1
89 67 44 88 54 81 78 62 69 55 91 92 97 86 26 77 15 53 20 6 10 62 92 18 27 21 81 70 23 55 68 16 12 89 64 54 16 96 63 78 8 65 82 29 78 22 57 50 9 59 51 86 93 70 56 94 41 84 72 87 95 20 63 48 62 42 42 18 5 83 91 89 73 81 50 92 32 74 10 24 75 81 38 13 95 96 100 62 14 18 24 6 3 37 24 56 81 10 22 75
7 56 82 16 76 35 9 26 3 18 93 43 45 96 19 11 41 65 95 90 52 32 68 12 97 78 100 -2 37 46 33 26 84 74 22 73 89 92 53 23 17 82 56 41 19 0 9 40 75 47 94 42 11 81 4 75 5 42 2 49 8 12 68 74 58 75 87 6 30 10 36 33 77 34 27 30 55 28 77 64 56 10 63 29 3 42 91 80 36 66 44 9 93 19 82 10 34 79 99 91
86 75 80 51 90 49 78 68 6 40 73 90 93 26 53 22 27 57 74 20 28 92 21 73 59 18 23 64 39 94 13 48 57 12 8 82 8 43 102 95 62 96 57 94 95 82 93 57 25 64 23 77 94 23 9 91 91 91 84 36 85 30 13 52 27 72 10 78 5 94 38 58 32 92 72 13 55 42 11 3 72 89 12 69 19 52 90 94 95 1 80 8 70 84 52 23 57 5 17 59
77 33 97 -1 43 89 31 16 49 -2 70 19 70 30 8 85 63 67 98 5 101 28 50 27 83 4 2 89 4 68 15 78 62 4 33 18 66 95 33 46 71 90 47 64 96 -2 3 75 2 20 100 7 7 70 87 57 55 12 36 12 73 74 80 20 86 2 22 17 66 35 101 40 78 -3 15 2 43 41 44 28 84 85 84 3 39 23 87 9 22 19 33 3 73 38 32 -3 38 83 75 4
77 91 49 16 80 6 66 63 15 40 20 18 15 76 97 36 43 28 27 49 13 98 12 99 23 73 23 100 69 71 81 9 5 18 68 47 32 63 53 1 24 86 47 32 67 53 80 97 90 12 69 76 70 50 78 29 67 88 40 43 11 89 59 10 54 42 47 5 74 86 61 8 31 25 94 72 21 3 56 3 28 84 87 83 91 34 15 45 20 45 46 78 27 41 55 22 76 32 9 89
76 75 95 22 98 92 30 33 16 88 20 57 31 28 18 92 93 81 83 38 34 2 34 81 85 85 46 68 44 20 75 93 28 69 7 90 71 0 97 46 48 74 67 69 101 44 43 53 8 71 54 19 2 15 15 18 56 64 82 13 61 55 60 15 31 -2 25 20 88 16 97 11 67 33 41 58 69 89 86 30 93 93 63 77 66 31 17 75 31 25 44 85 77 52 79 53 35 92 34 89
10 7 23 85 21 8 9 32 44 66 43 52 79 73 90 10 71 38 33 72 77 99 36 55 45 2 96 70 90 100 64 69 78 63 100 65 9 79 58 39 64 17 30 44 28 85 66 38 24 11 65 52 101 73 86 13 92 65 79 41 23 24 5 55 96 100 59 38 75 83 24 100 99 74 70 40 35 35 5 87 102 19 18 46 57 28 97 4 28 43 100 71 48 7 55 66 39 39 31 12
10 19 38 11 53 91 85 64 38 22 55 55 61 16 4 11 61 56 99 50 64 25 42 94 87 15 87 13 83 32 68 96 95 27 4 25 9 48 34 84 62 69 87 41 87 -1 81 41 46 48 40 37 68 96 48 37 35 73 43 52 65 24 94 11 54 32 91 96 88 31 54 43 84 29 91 52 62 45 3 55 25 54 95 80 39 36 76 68 26 89 45 -3 61 5 68 94 44 68 63 6
41 80 48 60 26 64 14 87 60 14 12 53 101 22 8 58 6 75 92 2 46 41 51 19 96 26 88 67 64 2 32 91 57 24 77 18 68 6 7 1 64 42 39 63 75 14 43 38 56 48 89 8 56 55 7 19 76 6 7 95 87 71 19 75 9 87 97 18 94 93 16 35 17 5 45 44 10 97 85 61 86 8 24 72 55 52 54 76 45 1 80 3 25 79 68 78 12 74 7 20
57 79 81 34 83 50 74 90 90 8 42 17 75 20 79 49 48 67 40 73 64 60 38 90 14 85 62 94 11 3 26 26 71 12 69 24 52 12 43 78 28 92 85 75 91 29 63 73 60 43 65 90 27 42 84 92 22 43 76 43 99 74 98 96 25 94 28 74 50 95 44 12 81 16 11 4 11 -1 12 55 57 5 45 74 81 15 9 39 84 34 49 -3 52 26 16 64 26 2 66 21
88 27 83 26 3 52 25 59 73 29 39 47 4 95 11 87 93 28 46 68 64 63 84 81 91 62 79 8 69 28 64 7 30 7 31 83 13 49 56 49 55 45 94 89 44 100 19 24 25 61 31 36 38 36 71 55 73 58 61 15 19 11 95 16 91 9 18 31 98 67 96 78 71 73 57 26 99 49 102 20 48 47 10 86 8 16 38 66 5 40 24 9 39 52 90 88 54 79 35 52
31 0 53 67 3 80 51 10 4 83 34 15 67 80 52 11 31 51 26 82 78 50 39 64 23 -1 14 9 13 72 69 50 24 57 51 36 48 90 84 63 59 1 23 8 86 81 5 67 90 73 90 88 38 61 41 77 71 -2 72 62 49 29 64 77 96 30 29 76 93 77 12 19 5 75 28 70 82 43 53 75 68 74 15 70 66 94 6 32 68 31 39 61 16 39 100 51 73 23 85 77
19 26 30 42 32 48 5 42 19 59 25 95 62 55 76 57 97 84 51 18 14 14 19 64 67 67 6 33 10 90 35 68 23 80 84 23 4 3 70 9 73 18 7 79 21 52 3 59 55 42 62 49 54 91 16 53 95 74 91 1 37 86 101 71 72 60 16 44 17 11 99 46 98 79 96 92 102 46 87 68 19 88 51 37 53 84 53 98 6 2 5 80 36 76 23 12 79 60 26 40
76 55 41 49 99 27 65 23 60 35 2 41 9 54 28 57 82 36 92 93 9 36 19 65 37 34 96 18 2 95 60 83 101 21 64 22 48 90 65 49 56 87 55 46 5 65 8 73 40 14 98 63 43 39 41 1 40 -3 31 76 72 81 32 23 53 68 19 52 9 38 40 92 91 67 57 95 75 91 35 44 91 88 10 51 14 62 40 45 61 11 42 78 41 5 55 6 88 67 37 46
97 52 77 34 66 28 28 41 50 73 35 3 29 90 55 68 68 27 14 4 10 35 58 31 61 61 13 63 41 45 49 80 62 77 75 26 70 2 14 59 102 31 94 15 75 47 72 34 84 91 64 48 82 37 58 48 80 75 44 83 21 38 18 55 95 46 43 59 88 41 44 2 64 47 59 11 90 90 74 89 97 80 11 95 85 58 37 21 76 90 62 58 49 14 22 14 59 88 24 25
37 58 99 29 66 21 70 96 17 44 22 80 39 10 26 86 86 55 88 59 99 46 94 4 9 68 37 48 49 72 31 17 28 15 15 11 3 -3 8 27 49 77 38 16 14 63 92 9 86 12 20 3 54 13 45 52 25 93 59 63 73 2 33 69 48 7 5 2 15 68 73 70 17 36 29 4 84 51 81 19 11 28 87 16 98 9 88 17 66 24 46 25 57 88 38 82 73 1 7 88
5 54 90 27 13 49 45 52 97 48 69 17 43 76 56 46 68 89 77 37 78 52 87 79 78 93 22 22 100 89 62 39 79 56 28 46 21 15 58 61 24 2 66 21 62 50 90 67 26 17 90 97 30 28 90 51 21 56 69 97 10 49 9 71 5 91 62 2 93 58 73 80 36 26 77 97 21 74 63 100 44 7 91 22 3 28 8 18 66 96 49 7 54 72 14 75 6 2 48 65
39 68 50 51 95 61 84 82 44 2 92 4 99 43 25 50 89 7 79 62 87 86 9 73 59 62 15 22 69 13 19 1 41 0 69 5 74 5 57 64 50 69 9 38 101 72 27 71 19 12 91 85 91 -3 101 35 71 19 3 38 90 25 23 22 92 61 4 57 101 28 86 47 97 39 34 4 42 66 65 48 19 81 81 6 70 25 17 25 5 80 12 59 29 -1 66 21 71 60 29 50
30 52 39 82 57 11 98 55 75 63 6 6 90 6 45 32 88 84 71 15 39 48 49 54 4 4 96 69 25 61 52 16 33 19 44 86 13 12 71 95 10 89 100 2 6 84 88 5 82 80 87 45 18 97 41 31 100 50 99 5 91 55 66 45 23 21 6 26 83 60 33 38 45 47 4 73 52 37 89 27 100 64 27 21 95 47 15 17 13 95 32 86 37 89 35 19 97 25 29 96
68 13 52 59 12 92 14 58 69 12 95 61 55 61 32 -1 85 19 87 15 10 28 75 31 26 79 94 25 4 33 85 24 23 72 6 1 61 67 37 86 44 48 41 96 11 57 99 27 58 62 98 27 19 20 6 16 14 90 85 35 46 82 92 27 56 73 7 71 51 21 74 44 2 18 88 96 82 81 71 72 41 48 54 58 38 53 4 59 56 93 7 69 89 32 23 53 50 46 73 91
82 97 39 23 42 51 96 19 74 42 60 14 61 53 6 91 81 20 79 72 58 92 3 20 13 24 44 83 12 73 13 69 40 5 97 32 88 24 12 16 32 64 93 29 95 3 45 43 32 13 18 95 34 41 58 70 78 19 62 28 41 66 32 69 84 62 31 98 72 42 93 5 32 79 87 34 68 9 28 93 42 72 71 3 6 21 34 77 24 6 25 90 35 2 77 56 36 16 31 43
34 77 47 19 81 5 41 22 52 69 31 92 36 24 46 91 15 7 27 35 85 -1 14 2 4 46 95 11 10 20 8 0 53 93 4 27 55 95 60 53 12 40 19 33 58 79 44 30 67 93 46 4 40 87 91 40 26 30 18 23 67 33 37 75 100 37 101 30 49 56 97 31 54 91 45 7 29 15 4 91 95 1 17 23 75 75 48 5 13 22 79 49 85 18 17 90 18 1 10 22
66 43 30 50 22 25 79 27 36 22 85 55 52 62 15 88 83 87 94 87 13 60 44 55 65 2 66 100 26 94 74 67 17 41 50 24 97 86 48 35 44 44 63 92 27 75 17 17 81 62 62 6 31 67 75 34 49 25 31 89 44 21 76 76 61 10 92 86 44 34 23 79 42 77 68 23 89 43 88 81 56 5 47 22 75 47 20 98 81 54 32 39 54 26 37 55 58 18 75 72
61 1 6 71 95 56 27 50 50 80 82 23 34 40 59 26 34 46 23 45 77 83 24 77 75 21 28 28 49 14 73 45 75 15 67 14 46 6 48 63 63 96 76 32 78 5 15 4 73 90 60 -2 29 93 94 94 67 69 18 36 70 44 17 64 44 -1 80 0 15 69 20 19 28 51 21 10 101 45 36 68 53 2 2 22 24 95 64 34 61 66 39 4 75 50 8 30 95 42 7 84
48 8 37 93 44 85 28 94 16 69 92 69 82 82 101 6 6 47 40 59 13 71 80 85 102 36 70 13 85 75 93 61 74 89 56 17 66 28 66 78 102 85 50 87 86 78 99 37 37 44 73 3 79 39 101 87 47 26 14 51 85 56 90 51 98 36 71 82 6 88 102 91 101 18 69 94 10 25 72 40 15 89 51 81 25 11 85 70 76 83 44 27 91 19 10 55 11 71 18 34
42 6 49 62 38 93 98 -3 35 64 85 -3 87 42 12 -3 54 91 99 20 59 14 69 25 60 10 95 85 29 90 99 -3 65 91 52 53 65 -3 21 40 34 25 84 32 6 26 90 1 60 88 90 94 23 40 55 46 70 79 21 65 60 87 40 52 40 25 90 67 30 15 5 3 35 93 4 80 4 25 69 38 5 34 101 43 36 40 94 14 3 60 16 7 89 60 60 92 3 38 5 23
72 32 89 49 28 42 7 23 95 46 82 58 25 77 17 1 11 78 100 44 58 18 17 62 89 83 83 49 72 89 65 41 38 30 91 75 78 53 42 7 99 66 21 20 59 54 27 64 44 98 29 95 84 81 35 52 63 68 57 5 94 63 34 35 33 43 43 17 83 5 37 35 93 45 81 55 100 39 26 37 64 3 29 98 41 38 63 73 8 94 12 72 7 21 88 75 87 5 52 51
39 41 4 39 88 28 20 17 79 65 26 58 24 5 7 58 88 24 96 76 100 16 33 52 33 43 37 21 48 35 75 29 44 5 86 11 34 6 56 -2 68 17 3 94 100 44 29 26 90 63 83 19 14 38 72 67 99 31 89 31 5 64 41 58 15 55 4 23 34 56 74 21 5 2 63 9 28 90 40 50 55 -1 96 93 52 73 62 64 71 88 22 45 29 48 72 61 38 42 58 9
10 59 72 2 52 87 36 11 58 7 7 92 91 91 37 21 17 64 78 92 24 77 96 41 45 48 48 15 42 6 30 54 63 92 21 5 69 31 91 75 37 12 93 38 95 96 53 43 91 95 11 61 33 55 78 72 26 95 90 65 94 63 22 94 88 96 59 53 25 73 84 41 19 92 53 70 62 17 94 64 57 70 75 77 91 80 3 78 11 27 69 9 26 80 24 83 93 31 4 36
23 10 24 92 91 11 57 18 19 38 83 92 35 75 27 49 50 1 52 72 53 6 36 70 77 10 92 36 47 61 95 52 55 39 66 93 39 80 33 85 91 18 16 34 45 -2 29 68 86 11 59 95 88 94 91 24 73 5 68 39 66 94 57 92 80 73 28 16 22 0 39 46 76 70 86 77 92 37 16 62 91 78 38 56 27 23 51 19 18 9 11 46 2 96 88 10 28 35 36 27
83 89 61 18 66 7 35 30 86 78 5 25 93 49 44 28 77 16 73 51 21 10 60 33 79 81 80 65 31 48 91 84 78 78 30 13 71 75 21 67 73 48 18 27 88 40 44 47 85 13 77 38 38 90 21 48 35 82 49 40 73 40 60 43 39 90 74 68 90 51 27 21 4 51 37 94 19 92 36 62 11 50 14 52 55 36 81 26 4 92 12 36 73 15 98 27 50 92 86 47
91 27 77 71 22 73 81 70 59 7 69 81 16 26 42 39 74 36 43 79 15 87 66 50 87 3 89 80 58 96 17 96 23 56 93 91 75 59 11 44 31 53 6 71 90 35 41 1 49 35 88 67 20 12 15 8 41 75 17 85 5 1 7 33 49 81 63 75 53 66 51 54 47 47 95 46 91 78 40 58 18 76 62 29 40 52 96 88 78 39 51 57 82 12 18 22 6 25 42 37
56 92 47 68 78 8 86 21 14 43 84 84 90 13 86 1 46 66 55 10 41 6 74 17 13 39 17 22 95 93 78 8 72 83 40 44 40 95 50 50 88 71 7 22 33 100 96 7 55 13 29 6 76 42 16 37 62 71 64 13 85 85 60 54 4 12 70 57 17 14 46 38 98 95 50 70 101 56 102 29 59 39 68 67 64 83 28 67 68 27 38 98 52 69 91 50 100 43 5 17
99 5 92 25 21 49 90 53 83 10 76 46 76 52 71 63 70 40 75 31 95 82 80 81 38 42 91 39 15 38 90 28 49 -1 78 45 10 55 5 49 74 11 68 52 29 59 51 35 27 62 53 1 24 63 68 14 41 44 20 54 10 -3 30 81 93 44 90 61 72 82 46 8 71 15 33 42 36 84 27 65 36 84 30 39 51 22 11 22 17 70 23 25 50 96 85 36 40 12 72 64
101 77 57 32 101 47 3 74 49 56 36 10 99 40 18 16 25 79 68 99 19 32 11 48 55 82 6 79 21 2 101 81 12 85 99 44 58 43 64 18 95 79 73 32 65 65 60 15 99 53 96 85 58 25 55 50 56 58 76 51 53 59 93 99 22 27 20 23 91 65 79 66 56 76 60 88 20 65 56 100 21 54 24 22 89 45 13 6 88 40 99 59 38 55 40 43 35 78 29 27
88 95 14 32 72 10 33 2 83 66 99 70 34 71 45 74 19 2 78 60 99 87 97 61 72 52 57 42 63 70 7 55 10 92 9 8 64 70 57 8 40 30 51 75 11 4 41 33 45 85 56 86 95 7 38 14 92 30 69 59 80 50 47 49 29 36 59 12 84 44 66 67 94 53 26 14 10 0 25 87 10 21 61 50 96 32 89 12 38 -2 15 2 79 17 2 88 6 28 27 88
94 50 29 57 46 25 16 2 61 36 15 67 92 93 39 31 30 69 93 82 47 66 75 4 73 22 79 38 89 11 82 26 62 62 35 46 96 90 30 20 66 7 27 81 14 46 19 28 38 38 69 74 68 15 27 83 12 67 37 1 33 85 57 86 94 1 19 34 80 54 64 41 35 65 4 8 75 67 89 40 26 72 44 15 6 26 34 82 33 59 31 23 49 2 43 86 82 11 88 83
13 94 94 28 46 54 52 80 17 37 94 21 16 5 2 44 86 90 38 80 23 53 67 87 79 32 94 77 76 76 98 87 79 21 93 0 23 1 19 30 7 54 59 6 41 18 67 17 48 92 5 68 20 60 82 72 92 -2 69 71 94 78 37 77 25 25 75 85 44 90 88 12 44 39 39 12 56 75 95 85 58 63 66 19 25 31 59 91 3 89 89 68 40 41 42 20 98 87 61 26
74 7 97 1 101 1 95 15 77 16 14 49 55 14 6 6 56 14 55 99 30 49 29 32 57 43 38 81 94 99 78 10 19 66 85 72 78 1 89 7 43 49 63 94 12 45 66 27 5 97 62 83 55 42 21 67 3 13 4 72 39 97 67 95 13 11 70 48 91 71 14 21 8 98 81 94 32 29 79 80 47 16 91 28 31 89 3 57 53 98 64 71 91 49 36 6 22 93 36 35
86 27 38 41 47 40 4 3 63 73 18 33 49 44 81 56 101 94 70 84 23 10 96 20 73 37 21 13 78 -3 58 -2 67 35 86 76 8 7 96 0 41 48 84 51 21 53 34 34 47 20 71 14 25 38 84 89 26 92 86 72 34 8 53 74 60 66 29 13 59 63 95 24 55 -3 5 7 81 45 69 65 63 59 10 69 37 41 70 19 83 20 34 51 49 56 41 77 99 17 14 37
88 55 96 76 37 13 72 62 54 62 11 43 49 65 92 54 8 11 52 39 80 89 55 16 91 38 50 65 35 30 17 57 10 50 51 6 78 1 87 29 84 74 93 98 38 74 75 84 80 20 92 64 77 4 89 15 71 20 32 95 68 36 6 47 9 36 97 66 76 10 54 5 90 43 99 4 42 90 68 73 44 36 66 62 22 57 25 20 3 11 13 53 16 49 55 47 102 11 11 52
94 49 76 88 24 59 13 76 25 57 35 2 12 22 18 1 20 44 16 51 81 13 60 48 89 52 54 41 22 15 81 85 62 61 92 57 77 51 13 23 4 89 37 58 22 94 60 68 48 63 23 77 93 46 83 95 11 42 72 15 40 -2 17 33 79 83 26 28 89 70 69 92 63 91 89 48 58 69 79 60 71 81 80 79 45 40 51 55 46 56 19 78 94 79 71 19 69 71 73 84
100 48 85 70 13 37 50 85 6 77 82 46 7 76 94 100 25 9 40 63 63 73 53 62 59 68 95 97 37 33 3 8 11 36 50 81 50 45 29 62 24 53 56 22 99 62 53 64 78 3 101 26 17 87 101 10 31 76 11 12 66 68 86 25 92 18 30 44 67 10 34 89 51 10 64 24 23 82 77 81 21 29 65 6 66 68 10 22 45 95 22 33 31 76 58 13 89 3 74 24
68 26 21 11 27 82 54 29 15 88 85 17 70 55 54 65 98 85 20 91 9 57 34 63 44 47 94 90 78 62 40 14 22 71 89 1 47 37 5 15 29 75 88 39 100 83 36 94 101 7 66 1 71 60 14 15 18 8 17 71 28 4 69 68 28 68 88 19 32 73 87 12 9 9 101 36 25 91 86 9 39 80 97 6 6 73 60 69 55 65 27 2 99 40 52 15 18 21 57 49
37 76 53 13 98 10 96 15 7 57 95 22 68 73 33 81 28 9 7 100 72 98 55 64 61 13 53 36 79 49 86 38 70 70 52 71 64 36 62 72 82 61 77 96 67 9 30 49 27 88 54 89 29 55 46 64 37 13 29 38 100 36 101 45 47 33 74 68 58 20 100 44 28 57 28 71 3 70 87 88 38 64 19 2 10 6 65 91 76 64 3 87 46 47 78 56 68 98 8 70
90 -2 45 32 39 26 88 66 12 72 66 16 26 33 13 50 2 80 25 59 42 90 34 28 54 16 78 82 15 95 36 18 34 3 7 94 34 -2 46 53 15 16 47 31 99 13 46 22 24 72 48 9 45 43 41 65 57 12 15 15 81 35 52 65 58 30 35 18 90 46 50 3 44 15 93 51 47 94 49 83 55 21 38 93 69 18 19 25 32 74 32 75 21 78 91 93 74 76 14 62
101 61 63 12 14 91 59 3 5 68 33 58 11 70 91 35 58 35 13 93 72 21 22 18 23 68 4 5 22 87 86 96 51 99 28 100 94 54 6 11 42 33 58 91 30 96 24 60 97 100 92 26 83 51 56 30 12 61 43 99 68 7 83 65 35 9 69 91 32 56 62 49 73 76 47 72 94 23 32 14 41 46 61 45 7 96 58 96 80 9 76 5 43 5 7 1 81 36 8 67
78 23 86 70 100 34 100 53 64 10 69 45 57 45 95 95 71 74 76 41 29 39 30 19 84 68 14 35 8 73 12 71 57 45 77 8 74 14 62 23 54 -3 53 61 92 90 2 85 64 92 10 47 55 86 56 80 26 71 41 57 17 49 71 49 40 65 88 55 82 1 85 65 17 48 94 64 69 59 96 96 22 41 35 37 42 12 12 52 97 21 38 64 84 4 81 72 63 9 83 7
64 35 40 79 64 47 53 56 8 44 16 68 65 51 71 41 92 94 87 51 49 75 45 82 5 33 78 35 63 50 9 16 44 68 40 1 102 89 19 29 64 65 51 65 33 39 63 40 72 98 33 79 12 37 79 64 42 11 75 36 32 57 92 52 3 92 96 76 5 39 19 21 6 61 8 10 68 19 102 84 94 16 37 10 76 31 57 61 16 98 38 24 9 31 67 33 60 58 93 27
3 63 46 56 6 51 87 9 7 -2 54 80 15 92 7 67 92 48 37 75 7 8 81 30 84 3 24 28 91 24 90 62 2 39 16 51 61 65 99 24 7 35 29 60 63 8 89 61 3 66 88 76 88 60 90 63 40 13 85 35 62 56 51 17 19 34 45 -1 35 61 88 47 89 81 57 21 85 50 2 9 95 39 76 2 82 1 65 85 9 57 99 33 96 5 98 94 54 59 59 19
32 100 101 25 16 86 13 33 27 52 11 24 80 72 93 20 47 97 91 54 56 12 68 6 60 60 82 58 80 23 21 18 85 15 63 80 84 97 40 38 29 9 7 88 93 61 89 85 74 13 36 60 92 40 98 50 78 81 92 27 57 100 89 59 82 47 90 97 52 18 23 12 58 78 33 97 31 23 48 55 32 60 75 17 9 68 73 52 71 2 80 23 78 62 97 91 9 62 26 92
84 58 70 15 54 40 15 84 98 87 78 -3 15 27 29 48 38 39 51 48 18 20 15 11 31 92 55 68 16 15 91 30 28 35 25 96 10 47 32 4 93 65 32 54 30 68 46 29 39 39 96 44 48 37 58 2 96 64 90 25 17 50 78 74 7 70 2 88 68 35 4 10 4 -1 44 89 2 83 86 14 8 95 16 22 49 1 66 32 56 94 91 42 4 89 52 25 46 39 53 66
49 11 8 87 43 70 4 7 4 58 54 31 10 50 49 14 11 95 20 14 42 79 98 71 99 87 87 30 18 42 48 8 98 27 13 81 100 7 49 52 18 93 33 62 41 20 52 59 83 30 73 77 94 2 97 48 13 70 24 74 15 71 89 76 68 21 54 84 19 49 79 84 13 2 67 93 18 15 34 29 69 97 35 67 61 15 62 84 52 52 57 42 52 52 51 50 17 44 15 21
4 2 3 24 57 90 50 40 82 52 97 41 34 -3 69 38 12 6 5 22 27 18 36 62 83 61 38 53 29 25 45 60 51 47 7 77 47 -3 53 51 38 20 21 27 52 47 22 1 81 21 59 70 8 89 11 12 53 12 74 33 77 82 2 81 95 44 44 27 64 23 64 76 15 41 53 87 57 58 76 55 27 80 78 11 85 48 79 9 69 16 13 32 86 13 13 11 96 88 54 -2
58 20 63 15 47 82 37 19 43 84 27 90 34 46 74 82 69 57 76 65 98 24 75 24 42 60 66 47 38 80 10 33 51 72 15 47 87 69 58 17 67 58 82 74 18 97 69 38 5 42 80 31 88 36 9 30 11 54 22 48 59 11 79 66 77 41 97 31 43 60 25 59 95 97 95 9 78 52 76 89 24 51 48 11 20 99 78 12 99 35 63 7 6 100 21 76 30 3 38 86
34 1 62 56 64 84 11 62 55 85 6 9 7 3 75 50 75 69 75 41 20 45 46 -2 16 25 4 6 52 16 94 22 84 50 40 81 70 19 54 72 33 5 99 20 85 86 78 93 41 48 58 37 4 94 4 91 18 9 53 65 41 40 42 1 19 76 16 73 78 51 16 33 42 12 75 49 53 48 2 27 24 -1 8 80 13 1 53 44 60 93 9 89 77 33 4 90 14 31 18 0
El programa tarda 23 milisegundos en ejecutarse.
