40 59 50 37 15 99 100 14 45 70 90 8 77 68 46 67 96 19 37 47 70 55 100 51 47 81 12 65 15 62 99 78 3 59 9 31 91 75 57 95 23 72 97 31 57 50 88 34 65 4 75 61 11 99 79 67 47 36 19 71 54 17 94 41 18 45 70 53 77 49 50 71 82 58 66 69 32 90 91 4 17 84 99 40 27 51 59 2 78 58 61 58 50 57 18 96 74 82 25 85
40 46 10 1 61 37 41 35 40 1 30 23 98 28 75 0 96 88 43 45 40 18 94 1 100 38 3 29 83 36 98 18 92 92 23 56 82 57 49 48 55 41 25 58 92 29 25 32 79 87 55 57 25 63 24 1 74 85 41 85 3 66 91 19 60 44 59 73 62 14 36 15 64 -3 83 11 42 76 65 40 98 68 77 39 48 40 55 92 6 94 46 0 80 2 31 89 90 88 36 76
82 29 35 86 77 44 67 100 18 78 84 51 54 6 38 71 17 80 74 99 11 98 32 87 27 85 67 79 70 36 13 8 49 8 60 93 52 78 92 23 93 85 38 12 55 23 3 35 22 78 49 89 33 16 19 19 8 4 69 100 76 43 99 66 14 74 20 51 57 29 46 96 59 77 74 47 91 57 10 2 50 31 66 94 7 78 71 77 73 88 74 96 50 83 94 9 86 81 62 58
46 48 31 65 56 29 81 7 8 3 12 9 23 63 73 9 58 25 48 73 93 91 37 4 101 6 51 40 93 69 36 23 70 64 38 93 34 42 57 76 31 30 60 95 69 15 72 58 18 75 93 51 41 37 27 71 25 62 67 55 57 67 88 39 100 17 36 16 34 59 13 62 92 64 100 17 5 14 8 40 63 74 33 57 80 43 25 63 57 6 92 78 94 66 77 47 86 60 94 74
97 50 88 56 96 59 97 40 54 12 10 44 90 10 17 82 87 16 68 32 43 71 71 54 46 81 13 57 41 69 27 45 96 74 4 78 5 35 87 9 86 9 38 51 100 15 65 94 100 33 3 71 41 24 4 43 28 79 25 68 40 58 62 90 102 18 34 86 54 95 60 88 82 48 66 2 25 40 61 33 87 90 81 47 45 96 38 65 8 88 58 45 57 66 37 65 59 20 4 79
83 21 48 86 26 86 83 48 69 2 52 90 46 34 56 0 35 89 79 39 13 83 79 82 14 22 17 11 96 31 10 32 7 36 65 39 18 36 27 69 73 3 85 50 25 52 33 18 52 51 30 83 53 37 31 35 69 71 44 7 64 18 75 78 91 43 45 85 14 83 31 64 10 28 59 19 64 56 15 91 93 25 55 92 71 55 87 24 17 88 98 14 90 52 10 76 71 34 27 92
91 78 9 23 3 13 13 12 73 19 99 30 41 79 67 94 25 71 52 16 21 52 100 74 62 67 20 38 89 5 51 1 36 6 57 74 67 96 26 40 21 14 79 75 9 11 37 75 87 39 69 85 64 20 24 5 36 100 24 56 48 79 84 80 65 33 82 1 80 35 56 50 62 5 84 69 18 24 43 94 74 87 71 46 39 50 50 58 77 8 4 85 12 98 75 38 57 34 57 52
71 18 94 56 81 33 41 20 96 89 23 56 95 52 42 65 45 23 25 63 6 55 74 14 5 95 25 23 25 57 98 83 45 19 49 35 64 57 57 15 2 65 71 74 37 81 11 41 26 19 68 30 98 70 87 0 56 26 97 84 101 40 74 44 20 57 48 96 93 83 29 27 74 2 43 89 59 17 63 62 18 77 78 39 76 92 44 83 56 87 30 15 54 -1 28 49 97 1 76 28
72 57 80 87 5 20 3 77 25 46 87 33 35 28 88 94 55 68 56 70 49 4 98 65 29 97 34 19 56 95 29 38 63 48 20 40 38 60 77 30 48 38 39 91 74 4 26 65 95 55 3 5 38 100 82 40 9 90 77 8 66 89 95 17 71 94 30 69 98 17 53 13 82 45 36 84 42 28 20 1 89 72 44 8 28 34 74 63 10 47 58 93 40 35 67 59 30 36 75 8
36 44 83 93 9 -3 66 35 18 72 7 14 67 53 30 89 85 26 2 26 94 44 19 53 90 64 68 66 25 -3 33 93 4 28 34 48 80 45 43 73 29 93 89 42 36 45 63 39 23 38 81 3 9 36 4 11 33 26 15 14 47 94 65 54 56 44 36 36 56 -3 57 35 56 36 91 83 32 4 55 91 15 45 85 38 53 93 28 49 98 17 93 4 51 40 90 92 69 72 84 53
94 21 78 52 66 21 63 99 10 48 38 55 32 65 54 11 64 21 92 6 78 67 72 83 65 15 4 28 97 28 44 79 42 28 64 7 64 2 97 13 43 1 75 39 101 86 15 86 33 58 100 47 89 19 27 42 97 23 7 33 39 99 92 45 72 28 10 65 78 4 72 63 68 5 21 33 97 53 35 25 52 38 26 13 69 74 8 95 97 11 69 30 45 47 80 62 32 71 10 98
62 32 25 46 36 13 84 82 49 37 97 87 67 49 83 41 98 20 13 27 15 78 14 72 37 92 22 30 19 31 47 33 31 61 44 22 100 45 32 20 84 74 2 90 82 36 31 60 36 21 100 16 8 44 32 93 59 58 12 13 91 22 18 57 8 83 89 4 22 27 9 82 83 80 92 52 58 7 7 56 93 93 15 29 53 1 9 35 50 5 54 96 80 13 62 3 13 44 34 9
6 100 85 92 68 36 4 7 69 86 78 18 24 42 55 97 95 34 94 42 46 25 34 6 59 98 39 93 63 72 40 17 56 13 28 28 16 60 40 99 50 69 14 61 40 96 42 62 19 25 75 44 99 28 100 28 8 59 15 89 5 23 45 44 64 80 5 65 95 46 76 51 4 42 4 22 62 97 38 100 48 28 101 7 33 92 84 78 25 99 78 89 70 88 92 74 15 32 102 95
28 85 82 11 5 73 75 31 79 79 72 31 63 21 6 64 14 95 33 66 46 52 83 19 58 83 61 78 19 3 72 90 76 52 77 63 44 85 54 57 51 12 2 79 49 32 81 13 53 17 81 18 7 56 20 90 38 5 55 93 78 56 8 12 52 70 2 22 90 95 36 27 17 22 90 28 64 34 46 94 25 17 26 85 11 16 98 25 82 65 77 85 59 1 40 -2 58 44 19 93
84 27 101 14 43 85 17 38 39 21 73 35 23 82 53 18 37 26 69 64 19 95 65 80 11 74 61 21 45 1 43 35 48 16 31 18 90 2 8 46 95 57 9 85 29 56 66 23 63 83 63 56 15 33 24 78 90 5 67 37 102 38 87 43 32 71 73 4 6 48 94 44 95 4 47 12 15 51 58 95 25 64 61 10 80 89 4 42 29 58 41 94 65 41 40 82 75 32 14 38
47 96 92 29 7 27 4 90 68 21 91 26 88 93 81 37 98 76 92 61 12 43 40 26 59 75 70 15 93 59 84 51 16 9 16 22 12 62 39 39 40 17 18 77 52 61 101 52 86 22 34 82 89 5 28 17 55 52 49 88 2 72 91 54 34 18 101 68 11 69 77 58 18 13 16 39 77 37 94 56 66 49 72 22 6 81 12 37 58 64 99 -2 47 65 66 34 31 52 68 -1
84 51 80 19 28 3 51 53 39 44 96 92 82 32 26 49 64 38 26 52 20 1 74 32 76 2 49 22 66 92 3 12 51 60 24 48 55 88 63 25 102 21 99 79 16 38 73 46 5 88 19 19 74 44 59 86 23 84 88 35 66 22 62 44 74 70 17 79 97 25 86 98 27 50 68 24 60 31 82 51 16 75 88 47 99 28 94 61 29 96 74 7 101 53 8 27 79 38 27 86
37 62 80 18 93 71 80 5 84 66 48 70 70 41 15 45 5 91 26 31 77 31 88 78 71 24 63 13 97 2 46 62 41 37 2 55 55 57 94 28 49 39 69 54 80 64 49 27 49 82 90 83 63 75 89 70 28 69 96 67 42 22 78 35 86 53 85 11 19 71 41 56 32 28 34 71 80 64 99 6 63 55 100 33 77 81 8 24 16 65 25 44 100 9 43 72 5 26 57 88
45 94 37 18 87 91 49 26 41 91 58 49 25 28 82 17 29 6 84 22 42 49 51 30 57 16 17 51 64 40 80 71 68 32 29 92 19 62 73 85 97 93 45 26 39 30 22 58 75 36 12 85 63 19 13 71 37 22 87 15 59 2 8 16 64 3 59 64 96 4 96 57 10 46 91 17 50 12 43 12 98 75 30 41 14 6 75 73 83 79 44 2 45 78 84 1 16 96 59 70
77 51 32 60 47 81 22 14 82 50 6 87 83 25 17 79 42 28 28 77 45 41 87 47 79 95 43 65 19 82 63 77 69 13 37 52 101 59 94 72 100 0 37 34 45 21 23 60 81 3 29 5 7 62 61 57 2 16 63 6 13 58 52 11 2 61 51 43 7 39 33 56 90 40 74 11 59 49 26 18 38 47 47 83 29 70 16 61 30 95 14 59 28 82 18 61 41 75 73 73
18 7 10 45 82 82 48 22 30 41 6 23 18 47 57 37 20 13 95 36 85 100 59 50 65 72 57 60 16 8 53 97 73 97 38 30 74 70 77 41 80 43 51 29 61 6 39 67 34 89 38 8 37 19 58 30 97 94 83 47 71 50 9 82 20 78 95 74 5 39 99 2 66 60 90 98 15 66 12 99 91 43 24 32 88 42 12 75 99 17 74 100 54 67 78 63 39 20 76 63
37 68 19 70 18 81 41 -1 26 13 95 13 23 52 27 46 63 14 24 77 97 49 36 47 15 8 79 88 8 13 59 93 68 82 88 79 6 65 95 70 58 40 86 33 49 66 6 95 40 62 91 87 50 39 94 44 41 90 15 22 82 17 7 2 65 54 100 53 25 15 15 71 34 -2 66 5 63 33 10 32 94 -3 13 54 49 58 8 37 11 59 83 36 4 3 89 82 32 51 18 84
19 12 72 93 8 10 40 41 64 99 15 89 78 88 31 14 44 52 19 86 73 14 28 58 37 57 29 68 92 9 30 30 7 43 87 60 50 75 82 43 94 85 84 38 13 20 92 86 96 76 7 80 53 28 4 23 22 77 78 3 99 2 17 13 64 91 25 4 74 40 27 6 16 35 55 9 22 22 42 17 61 4 91 19 86 26 78 73 68 31 9 78 80 83 62 83 98 14 89 9
73 48 76 93 7 50 46 4 73 76 29 24 81 9 40 76 67 54 41 54 50 2 47 50 90 6 68 72 73 65 50 17 95 60 25 80 82 78 98 65 58 85 54 85 26 19 21 25 41 4 59 73 56 93 12 28 4 10 19 1 46 50 8 56 28 49 26 79 34 94 26 28 86 35 24 31 31 49 55 50 98 29 41 30 32 18 89 37 26 89 46 73 30 72 59 69 22 65 66 31
13 44 13 43 16 12 44 84 85 99 20 24 8 19 29 28 77 61 31 52 27 21 31 41 89 49 12 97 33 5 74 100 13 75 12 83 94 15 30 2 28 45 57 72 77 67 22 63 40 13 79 17 3 98 34 46 45 9 6 59 86 98 57 84 3 34 87 17 42 27 49 76 78 91 21 99 27 4 22 84 68 88 10 35 70 7 45 43 27 59 73 96 77 46 52 85 69 53 73 73
45 81 82 18 88 5 39 9 3 8 99 32 52 17 9 33 67 5 57 92 29 33 13 95 83 55 12 66 80 71 58 38 83 76 12 8 21 24 10 77 3 90 93 50 20 -1 74 3 2 57 71 23 7 8 100 80 8 24 14 65 96 4 97 2 78 87 36 29 49 33 16 13 30 52 22 69 38 47 25 9 4 47 14 76 86 -2 7 84 53 20 86 -1 78 94 43 85 66 29 3 59
86 17 62 86 77 14 41 60 50 92 64 77 16 67 101 19 4 16 66 89 5 18 70 29 38 30 14 34 100 41 82 79 35 98 47 40 31 32 96 81 30 74 40 64 5 89 99 39 76 25 41 51 56 32 97 15 12 53 66 3 68 68 44 82 71 40 52 73 102 80 31 82 73 8 53 92 98 1 37 14 85 55 35 95 50 6 101 39 54 29 20 6 54 15 80 58 41 41 62 6
81 14 4 -2 99 23 71 71 47 32 28 56 97 2 20 89 46 93 47 9 59 4 81 49 99 83 38 49 89 61 98 91 23 3 31 7 91 71 83 81 13 35 23 25 101 92 90 88 16 -3 95 24 10 27 13 22 11 62 88 74 13 96 95 57 44 37 53 65 45 14 67 40 80 52 80 22 72 26 39 50 59 -1 70 28 43 47 11 82 83 14 6 38 39 36 84 48 60 5 35 6
66 86 93 33 87 54 73 52 63 93 67 33 45 42 79 26 51 88 20 99 44 22 91 6 25 91 14 23 40 79 84 58 63 31 37 37 95 61 10 70 17 69 4 63 83 15 40 90 100 97 65 84 33 18 3 59 87 2 89 46 81 5 93 58 95 14 39 6 73 27 91 98 12 86 71 84 15 94 38 26 77 77 16 92 98 91 24 27 52 23 39 40 24 66 9 42 23 23 71 44
5 17 81 24 20 80 54 83 34 73 8 35 63 83 69 6 23 69 50 -2 37 77 9 29 76 16 34 6 93 2 32 20 37 39 11 60 4 4 14 76 29 53 47 25 26 1 63 80 77 62 4 89 53 91 78 37 71 89 38 40 52 31 78 25 27 61 3 89 26 26 8 86 48 15 35 14 44 91 3 66 83 0 70 9 26 94 97 74 46 83 5 40 71 90 62 6 39 94 20 73
92 87 46 76 94 65 4 100 52 11 35 15 24 24 62 76 54 2 58 87 51 14 8 89 14 90 13 82 54 83 47 67 11 57 73 81 42 56 9 10 8 26 18 56 60 71 5 33 83 73 82 2 74 56 91 21 12 94 26 37 4 3 83 51 91 48 69 99 87 91 48 26 96 72 43 46 86 30 59 23 11 40 41 27 102 47 5 58 80 98 94 78 38 29 77 15 53 17 83 71
2 91 80 86 44 21 64 3 99 70 47 50 15 21 96 40 100 84 39 27 45 5 50 85 2 78 71 36 67 12 78 1 45 45 95 56 72 95 64 4 6 40 27 5 3 -2 65 46 16 72 101 38 11 54 44 19 62 21 83 13 24 57 23 19 62 30 88 76 59 72 30 58 35 51 74 69 92 72 12 4 11 63 101 48 35 32 34 8 31 77 99 85 16 19 85 26 40 96 68 78
45 51 74 56 98 20 95 89 8 90 68 38 16 58 79 93 42 61 14 11 32 67 8 21 61 49 65 8 75 69 92 4 45 9 60 5 54 5 67 40 14 55 64 17 8 97 47 100 51 62 61 61 88 67 44 90 34 5 47 40 57 51 17 46 101 26 70 23 17 8 5 52 69 11 8 19 23 21 56 78 45 95 7 77 35 21 69 100 39 47 83 54 97 96 90 38 54 96 85 28
76 59 43 16 93 -2 71 64 83 5 97 79 43 72 35 59 52 32 71 27 96 6 91 87 65 57 48 36 34 72 98 67 46 60 55 68 85 82 5 18 51 68 17 31 21 44 10 47 32 28 93 95 59 30 90 0 63 8 57 61 88 60 52 76 42 19 87 35 36 63 81 79 11 56 60 49 31 60 12 60 61 4 75 50 47 96 49 73 10 39 61 27 21 95 91 41 75 41 23 62
90 49 61 27 76 98 43 19 75 7 25 7 35 27 43 93 21 4 69 67 68 22 73 30 71 88 56 17 82 33 75 40 17 17 84 64 15 42 46 61 74 18 21 80 91 38 97 5 64 51 82 82 79 67 70 27 100 52 85 30 69 17 91 42 19 49 86 20 11 68 35 65 89 67 91 19 75 14 44 36 101 70 88 70 38 38 40 87 22 3 57 60 94 4 101 34 54 39 43 46
43 74 3 6 46 32 90 54 27 12 50 82 38 57 3 36 83 60 27 18 43 42 49 93 55 54 73 51 93 55 31 43 90 34 45 28 3 27 14 14 92 85 12 16 30 61 42 8 16 81 22 56 40 -3 20 43 26 1 9 53 95 35 28 43 61 28 46 2 24 20 88 18 56 66 61 10 63 47 18 77 41 24 63 49 47 51 22 57 99 54 50 53 5 70 18 61 48 49 6 57
98 12 101 35 10 38 87 21 78 46 77 17 39 3 71 90 85 37 37 84 59 73 23 19 91 52 42 26 15 7 81 12 61 4 40 28 31 70 88 66 102 67 44 85 50 22 5 54 100 16 33 33 82 26 93 56 84 15 60 95 92 52 56 27 66 38 77 66 5 39 51 58 21 98 12 89 7 50 47 90 43 30 55 100 67 14 66 61 70 38 44 33 16 52 35 4 58 14 57 21
52 23 47 34 64 79 36 38 64 72 6 4 59 29 29 71 76 85 89 59 80 31 94 75 80 63 65 88 90 53 23 11 98 63 64 39 26 35 73 59 74 3 55 -3 17 67 5 96 15 1 98 1 24 86 83 57 19 56 82 16 53 5 68 78 53 1 50 94 97 3 25 92 77 90 80 94 42 76 9 43 30 -3 75 45 43 13 14 23 9 27 73 55 32 31 101 51 27 92 94 30
35 16 26 57 21 77 73 39 3 17 35 17 30 99 41 7 85 36 25 3 102 78 79 14 95 67 51 84 69 15 25 34 50 81 38 3 100 57 24 65 91 5 48 69 40 38 64 95 3 83 90 77 80 79 7 25 96 63 81 74 23 1 37 92 27 18 89 28 29 93 71 53 59 6 27 67 72 24 3 13 93 41 77 3 37 4 82 11 15 94 49 48 19 22 43 13 57 88 23 84
31 20 42 52 54 26 21 61 28 6 67 45 37 89 99 37 83 45 11 26 12 55 66 31 85 61 48 23 10 65 77 20 62 13 50 76 96 46 36 96 23 90 10 6 87 5 19 5 76 90 82 57 15 17 9 85 83 46 53 28 18 44 89 73 46 34 86 77 69 55 43 21 29 52 34 72 63 44 57 61 76 85 82 15 23 68 30 20 71 73 75 56 96 36 24 33 49 43 65 86
48 42 16 55 60 3 37 80 82 91 37 24 27 63 38 87 44 15 12 78 87 82 7 69 76 31 28 91 70 25 73 62 37 78 87 49 58 53 70 12 8 97 46 77 60 58 89 84 51 83 37 6 64 39 82 66 77 47 7 56 56 15 53 47 49 61 39 10 30 35 28 51 35 84 36 64 29 89 87 44 67 74 88 88 67 64 86 41 90 50 35 58 51 1 15 91 98 57 11 10
90 14 65 14 84 32 34 39 58 24 5 24 75 7 69 71 52 63 73 34 99 50 78 16 60 93 60 54 17 69 34 37 35 60 31 50 36 30 85 4 32 11 92 62 53 31 56 45 59 5 27 45 18 68 50 83 46 71 49 76 14 54 95 93 46 4 32 26 77 8 18 13 94 87 36 7 24 10 63 9 14 92 30 27 54 76 93 67 43 5 74 25 31 28 15 66 9 53 24 69
83 41 37 51 81 56 62 27 51 79 50 4 75 98 63 43 98 17 80 18 101 49 71 16 50 32 66 77 66 25 24 19 16 29 38 98 73 57 48 4 38 92 32 35 87 82 35 20 42 98 41 8 54 16 49 15 5 88 100 17 89 79 45 99 56 61 53 59 82 95 75 87 65 28 40 58 76 86 32 62 17 62 23 73 15 25 51 11 40 26 18 42 81 22 65 36 51 48 13 81
50 58 92 40 51 87 88 47 51 0 94 48 57 36 64 37 91 27 31 70 67 84 45 56 98 90 11 79 96 8 40 15 89 91 15 44 34 47 71 30 54 0 19 93 95 41 101 5 32 -1 69 53 75 82 50 60 101 -2 79 66 36 87 66 8 23 63 41 85 78 3 86 6 8 65 79 95 69 95 97 36 89 15 94 18 41 72 74 78 28 66 63 85 91 67 72 92 82 89 96 4
13 72 84 25 14 62 83 41 68 68 92 76 18 89 48 83 84 58 94 51 93 21 24 99 10 43 57 36 99 65 8 63 84 88 38 61 56 15 42 11 93 35 88 92 86 3 62 84 25 1 5 25 11 79 77 50 44 82 23 83 43 11 91 12 44 64 44 48 43 49 79 40 53 96 47 62 28 99 70 99 98 94 34 95 48 96 7 45 60 58 101 57 74 81 77 21 59 36 45 2
66 8 47 66 72 71 25 51 3 60 35 45 60 15 72 41 95 1 101 12 53 56 86 52 28 50 54 3 41 54 72 90 93 39 89 44 37 65 26 50 96 50 12 55 43 48 41 24 69 -2 22 23 15 56 7 82 17 72 37 87 8 9 26 30 69 64 4 38 57 13 75 1 30 40 25 18 22 87 69 61 34 40 85 5 97 85 15 21 60 12 61 89 66 43 70 83 63 5 54 78
56 95 29 86 12 94 78 7 12 2 7 76 51 81 81 11 22 47 3 97 44 52 5 35 21 40 52 14 25 31 90 29 83 34 100 98 97 51 80 75 90 95 61 28 55 6 4 80 5 30 42 90 95 80 29 81 6 85 52 32 71 2 98 70 61 62 14 94 89 71 13 33 41 27 56 11 49 38 28 68 13 93 56 79 93 51 52 96 50 5 60 7 102 90 80 27 43 76 88 15
51 59 5 1 26 18 18 42 36 17 84 53 36 18 7 88 99 21 41 33 50 88 66 64 32 69 52 5 8 30 32 65 55 58 45 24 88 23 87 -1 64 50 81 17 94 47 13 84 9 58 35 54 92 60 92 39 58 79 75 69 74 69 84 15 43 22 7 78 59 78 50 56 97 37 40 95 62 81 92 64 38 23 85 43 73 54 31 22 42 66 96 13 35 54 57 6 25 58 10 29
18 22 102 75 21 77 58 5 23 60 23 3 20 25 27 91 68 41 25 65 23 95 33 1 31 41 22 9 96 64 6 8 54 5 28 89 62 42 95 53 42 24 43 100 45 61 74 59 8 46 59 77 52 42 70 85 34 67 10 79 78 95 76 94 70 56 20 54 41 36 94 16 78 42 60 77 10 27 38 12 92 37 89 86 62 63 89 97 64 81 42 71 88 76 72 63 96 49 9 83
44 25 10 -2 99 26 97 70 101 4 73 39 22 90 83 85 44 37 13 25 30 77 83 45 33 10 69 13 42 95 22 23 25 35 83 59 46 6 59 85 101 11 49 29 59 25 101 37 68 78 92 45 97 80 24 27 29 39 51 60 66 93 74 74 28 33 18 18 2 84 21 26 17 48 37 37 6 15 89 71 14 24 91 44 69 11 80 58 38 -1 13 13 71 46 70 89 33 71 2 22
99 68 46 1 37 91 41 15 20 73 99 38 38 2 30 2 10 34 24 10 44 31 97 16 25 65 50 47 41 37 44 32 42 74 26 12 8 89 29 24 41 17 42 54 51 71 21 70 82 74 35 82 37 84 47 76 6 41 38 13 58 20 33 4 66 16 52 8 48 19 16 23 56 10 56 16 41 38 55 8 10 13 85 76 41 90 92 63 79 1 37 57 33 36 35 50 10 63 102 29
69 25 48 35 79 70 10 92 3 51 96 8 71 61 37 41 48 12 54 87 85 35 33 65 100 36 97 67 18 49 58 87 41 24 32 74 62 62 20 87 6 64 13 81 13 96 78 93 96 60 80 41 70 89 38 11 57 78 93 40 73 24 48 95 63 92 69 63 27 56 2 76 74 74 25 25 90 88 71 9 52 95 97 28 22 46 38 8 59 86 82 24 43 77 13 69 75 11 31 6
26 60 41 18 102 38 80 64 28 79 33 95 36 88 96 50 51 67 91 29 48 68 101 88 61 47 98 11 89 32 56 75 20 38 88 46 88 60 52 69 15 66 37 31 60 78 39 92 76 23 27 17 99 25 72 56 25 3 66 69 36 45 62 8 96 99 89 35 3 65 73 47 19 37 50 97 102 93 90 65 56 94 90 57 95 31 46 10 30 4 46 70 60 6 99 67 96 65 27 46
70 37 80 19 25 0 76 69 93 45 73 38 30 48 94 34 28 90 65 69 18 30 90 35 13 56 11 78 72 85 95 19 80 37 94 52 101 68 45 88 42 7 56 27 90 87 15 56 24 57 52 45 56 88 78 53 91 2 39 38 80 90 99 -2 28 86 15 79 87 30 8 0 70 52 55 76 77 74 92 54 86 46 20 74 35 93 18 42 86 73 34 2 78 30 74 52 74 31 53 85
11 92 72 79 85 76 67 95 3 25 68 56 78 99 12 10 4 18 3 77 69 54 4 40 65 81 36 55 30 2 78 93 25 97 50 23 71 97 25 91 91 93 49 43 13 49 67 16 15 31 63 3 95 95 81 77 38 40 51 56 71 95 93 72 79 21 44 25 11 28 88 65 59 15 88 73 88 44 5 12 5 3 70 15 32 100 21 3 78 84 38 18 76 5 40 99 100 50 48 26
24 26 38 91 3 41 99 92 27 53 43 16 100 89 47 25 18 88 19 63 55 15 88 37 83 51 19 8 16 -2 73 12 40 12 21 58 28 33 89 -1 58 47 33 39 40 84 10 84 46 26 57 17 68 64 14 28 84 59 48 2 92 67 7 48 86 68 97 -3 88 35 18 6 11 46 23 68 29 54 37 -3 59 34 72 71 96 86 20 83 28 31 31 47 92 93 90 4 7 -2 25 68
61 26 86 54 42 42 49 16 18 37 56 98 92 68 49 90 86 9 5 16 67 77 62 32 77 59 21 40 13 3 72 60 38 41 42 21 83 15 44 53 99 27 64 11 17 87 41 82 60 85 78 73 6 43 49 19 8 94 79 85 38 60 42 100 55 79 19 2 17 2 79 18 43 36 70 87 31 80 18 63 52 94 10 25 4 90 68 57 99 41 90 79 41 70 34 21 34 80 98 61
75 58 28 92 46 22 55 10 60 86 31 -3 61 45 10 34 74 77 35 81 74 5 94 2 23 82 27 21 50 55 87 42 65 80 55 61 8 -2 74 82 90 70 11 1 42 25 17 91 28 85 15 74 58 68 60 61 68 87 83 77 36 48 36 6 16 11 25 35 35 8 62 78 20 86 85 31 8 43 25 29 32 44 35 10 95 83 4 62 10 92 81 46 96 92 72 59 56 10 45 53
66 83 83 74 43 5 25 42 69 36 33 5 99 10 47 64 84 38 51 51 30 57 75 37 57 24 56 51 8 27 27 80 25 74 89 61 54 31 10 25 82 62 11 74 94 41 95 15 44 7 7 41 68 29 74 58 33 94 70 56 16 94 75 27 101 61 21 26 79 81 30 19 47 61 5 24 79 37 21 6 8 63 72 2 74 33 49 43 33 36 29 23 97 74 100 27 50 39 18 20
30 55 98 2 6 -1 57 94 67 56 90 96 35 82 62 41 68 51 69 57 69 26 14 8 10 -3 57 93 19 52 61 64 88 58 3 47 84 73 54 62 16 6 41 69 52 3 65 41 42 62 56 59 12 -1 35 68 62 58 14 49 3 65 41 1 5 19 69 57 40 2 98 7 35 6 62 29 14 76 22 81 69 68 65 55 60 55 11 45 25 93 30 28 19 24 47 27 38 60 57 70
56 84 7 45 24 26 91 62 101 73 27 28 53 83 92 18 31 22 87 7 90 31 76 52 10 74 87 95 4 83 85 70 43 37 32 46 31 5 39 84 25 88 57 11 89 13 8 88 87 17 62 79 39 25 71 89 71 81 24 3 54 64 65 3 78 13 12 25 48 41 49 55 78 7 30 66 67 98 15 47 83 69 56 50 47 56 45 85 5 5 47 50 90 8 84 68 59 94 44 12
13 65 62 78 92 53 80 65 80 44 27 72 32 21 90 47 3 14 30 71 94 64 61 77 87 95 87 76 90 28 77 70 57 72 27 63 30 2 64 -3 76 10 82 52 9 5 3 88 65 48 71 37 12 60 6 66 54 79 7 90 93 9 45 47 54 40 22 67 101 78 85 52 18 84 66 90 62 87 78 6 25 94 64 92 39 86 92 24 8 73 3 28 35 41 100 16 16 12 101 2
102 15 56 50 82 23 79 70 69 94 10 46 18 75 22 84 27 4 72 41 88 8 33 49 93 70 97 87 6 87 80 57 76 10 66 73 71 85 6 12 100 13 86 47 39 81 57 13 62 2 29 22 74 70 42 18 33 100 86 99 65 18 28 19 10 34 96 59 64 16 38 90 21 69 99 96 95 26 4 8 85 31 97 97 57 8 92 43 21 82 36 84 86 78 98 68 49 44 43 77
77 36 91 44 6 78 81 53 83 76 49 89 101 11 97 8 7 22 99 86 57 81 81 9 91 5 79 46 30 17 73 54 65 75 76 40 97 69 67 52 84 52 101 90 48 9 12 61 87 23 7 49 35 9 101 90 52 15 68 -2 53 42 2 31 31 -2 67 23 59 83 74 81 90 4 71 62 61 -3 68 63 79 62 79 34 22 37 7 77 18 90 73 87 67 88 99 11 73 95 20 34
89 44 17 20 52 66 96 55 83 76 57 22 41 39 20 74 72 77 74 15 86 41 40 83 90 40 15 76 55 74 99 28 29 15 38 84 52 81 66 72 86 92 77 36 86 90 15 49 54 53 80 90 77 55 98 35 40 28 35 85 91 70 34 13 18 21 73 15 10 12 97 99 31 11 99 49 89 47 10 72 16 37 88 40 61 6 46 13 10 15 64 45 75 14 3 41 58 58 37 69
101 18 14 16 37 84 57 91 20 76 94 54 65 62 37 49 82 54 40 28 50 74 22 62 15 86 42 92 14 44 24 49 8 6 70 69 94 72 69 78 96 83 33 36 81 10 70 8 29 4 34 21 90 24 79 53 7 34 76 14 37 9 60 62 94 58 76 32 77 53 71 -2 61 -2 97 -2 44 74 77 53 17 48 16 33 72 54 9 47 23 67 71 49 2 71 44 83 4 28 70 19
12 100 90 64 96 32 47 45 97 87 70 77 100 78 96 37 18 7 64 48 33 25 24 27 90 85 49 68 87 44 5 21 41 40 32 51 44 12 16 70 25 47 78 21 7 76 97 67 22 58 81 84 42 34 63 44 71 65 20 65 43 19 59 41 36 86 98 4 69 95 36 88 71 95 75 39 9 87 88 4 60 54 14 29 69 21 85 7 39 93 18 87 6 30 79 1 17 52 32 26
37 51 81 56 63 91 24 41 97 56 33 51 37 40 84 4 27 18 9 69 50 90 77 73 33 73 40 21 10 8 77 17 21 24 40 49 79 40 53 4 4 45 68 68 46 46 59 38 56 32 63 15 97 67 90 4 38 92 35 76 24 82 77 45 30 65 3 26 24 8 45 61 33 23 96 94 60 58 59 18 49 90 84 41 101 49 17 11 32 78 89 22 52 35 85 3 64 30 88 56
44 5 73 60 25 25 20 30 49 56 85 6 36 56 56 96 39 70 25 42 4 44 95 97 97 18 12 40 99 92 84 54 53 53 33 7 39 99 90 15 12 38 67 34 62 34 64 14 82 55 40 22 15 83 78 6 26 6 84 72 88 60 19 22 102 21 31 83 73 23 80 65 54 15 56 79 20 39 78 5 75 66 41 77 29 97 85 73 49 6 43 66 94 61 55 69 53 49 72 37
91 96 88 96 67 81 13 8 83 48 59 38 28 33 65 42 56 3 98 81 20 40 59 -1 44 5 11 90 92 6 85 31 96 1 65 11 48 55 52 -1 79 17 93 85 39 52 48 31 32 7 75 65 66 96 74 91 12 12 4 31 66 0 73 14 4 50 63 67 40 -1 83 35 79 81 46 44 38 56 76 90 13 56 4 -3 35 64 62 8 22 30 18 21 34 62 80 93 67 84 9 13
93 9 97 65 17 19 45 32 61 66 78 21 102 68 3 36 78 36 31 48 81 5 102 83 56 4 98 61 102 96 11 27 57 86 65 64 33 6 88 63 44 16 33 86 96 31 25 60 48 89 27 94 30 51 87 19 98 64 76 22 57 48 79 70 97 81 75 43 43 34 76 99 45 55 6 81 66 88 100 72 32 46 88 55 29 84 30 73 72 14 83 77 97 68 78 100 34 20 79 59
29 16 67 77 89 26 7 -1 49 90 99 84 98 7 100 73 63 32 88 74 87 56 71 91 14 17 6 74 5 79 72 58 59 51 63 -1 45 10 81 46 80 22 21 67 78 55 98 3 70 19 9 38 41 79 76 30 70 24 92 4 60 87 5 64 30 70 14 11 14 56 12 44 33 8 6 82 67 35 74 71 98 23 52 58 21 96 41 75 50 6 23 5 70 23 100 46 35 55 48 42
54 72 61 7 102 81 76 78 49 5 25 5 82 7 32 59 43 52 61 6 54 49 94 6 72 83 16 62 57 54 34 49 26 7 27 92 96 42 92 81 52 77 13 43 56 32 87 40 6 18 57 71 6 84 82 48 30 25 19 84 84 18 57 80 66 99 30 30 66 91 50 43 27 16 62 20 77 42 79 81 81 50 79 27 97 23 54 46 30 88 95 92 59 92 32 90 81 10 25 31
53 31 90 79 45 32 74 26 86 26 9 39 14 36 18 54 38 81 84 42 88 91 71 48 40 96 32 52 66 2 32 43 66 41 39 67 32 27 68 38 87 50 62 -2 67 -2 66 43 55 61 13 16 99 -2 76 39 101 64 48 18 61 52 3 36 73 35 65 28 14 30 47 26 50 67 78 13 69 84 79 61 95 23 14 75 93 60 11 95 42 68 66 75 7 50 2 86 33 76 75 74
100 97 93 33 44 96 44 9 3 28 81 82 67 16 5 22 31 32 64 84 41 13 81 60 57 77 15 20 44 6 25 59 78 100 77 37 90 86 16 77 14 85 81 11 96 3 62 96 14 71 28 84 9 6 22 63 83 52 87 48 12 85 54 46 51 77 5 82 47 49 64 32 46 51 26 68 23 47 81 96 31 1 63 27 99 12 14 1 35 61 85 60 58 92 57 33 84 78 86 97
10 77 39 55 95 49 70 59 3 82 48 71 17 65 73 26 12 73 59 73 6 58 78 15 36 5 63 65 80 42 18 53 49 20 73 -2 99 92 77 11 55 53 45 88 48 40 9 67 46 4 46 76 28 41 51 79 89 55 57 10 88 24 13 60 58 46 90 70 40 18 39 84 10 29 66 71 50 27 97 77 63 65 76 4 95 -2 40 61 15 52 11 10 27 -3 27 54 38 66 58 94
86 98 23 59 11 86 80 16 47 19 96 66 80 4 26 20 8 28 89 3 74 82 56 12 37 32 37 47 3 70 58 61 37 29 46 4 13 85 95 89 15 49 70 53 87 81 24 5 45 49 37 65 4 95 58 70 57 58 25 69 6 71 72 5 23 97 74 14 29 7 70 88 85 6 100 58 95 68 65 87 59 68 32 75 81 50 44 33 34 94 100 71 5 9 11 39 5 22 44 36
86 73 32 95 45 37 7 82 97 21 36 36 101 39 59 62 84 56 34 96 38 58 36 13 30 48 55 63 7 45 7 27 18 33 34 85 93 8 12 41 70 28 79 39 64 82 9 48 99 63 5 33 29 43 42 19 3 24 25 57 81 60 10 65 70 30 26 22 91 49 8 95 82 26 67 49 53 85 57 34 42 49 80 95 22 78 49 11 56 81 75 32 86 23 86 37 40 33 58 15
59 70 69 30 45 100 14 100 82 71 74 36 10 60 42 90 96 51 30 10 94 81 15 69 99 37 80 99 41 78 3 86 89 58 76 42 76 50 8 13 95 59 63 26 50 49 69 41 19 22 38 25 71 86 47 29 44 21 92 19 82 15 12 47 90 48 72 74 93 48 68 69 16 82 20 29 65 77 3 15 101 2 77 9 99 23 50 44 57 43 60 90 89 29 88 41 45 68 45 51
35 56 22 62 13 96 19 2 35 94 32 33 73 15 90 0 78 19 59 76 66 41 46 25 34 28 85 64 5 44 22 46 4 25 23 16 3 48 23 86 68 90 11 45 90 25 80 19 53 8 97 55 4 3 70 17 2 8 40 51 9 25 13 95 29 62 71 87 65 27 14 29 70 23 92 83 53 42 43 59 88 14 10 88 35 33 49 78 75 95 16 46 13 8 50 91 63 71 77 24
91 87 63 87 51 16 96 91 67 2 45 32 80 8 43 37 21 82 71 46 43 55 83 41 64 26 74 49 3 2 43 49 54 50 3 100 43 44 91 30 14 21 3 14 83 47 30 92 97 66 97 85 43 88 16 94 82 21 36 61 26 100 67 31 8 77 51 48 51 82 16 60 62 33 11 46 67 81 17 98 88 52 81 42 20 95 23 24 84 88 30 10 65 36 79 42 6 35 35 85
32 40 11 -2 85 -3 73 25 98 44 7 78 37 27 16 95 13 23 95 79 18 -1 43 72 95 0 94 78 47 88 59 13 90 61 88 42 22 76 81 55 46 8 28 11 71 29 13 61 72 77 85 79 31 88 36 82 60 73 2 58 51 45 87 5 98 1 13 81 49 90 93 84 9 17 26 92 73 62 92 85 86 8 2 31 55 28 48 81 6 71 65 95 48 83 51 1 53 73 21 59
84 49 58 4 76 96 89 67 101 78 7 1 50 78 42 14 26 63 23 32 56 69 53 44 4 43 90 87 48 100 58 63 13 56 54 38 99 34 85 47 16 43 93 75 52 2 38 57 20 35 65 16 97 94 4 24 66 8 5 45 67 75 38 3 47 97 57 1 8 47 40 93 43 79 44 20 84 66 35 75 23 77 20 7 7 2 102 22 33 56 52 83 18 93 36 73 92 97 31 38
36 16 26 83 55 73 101 87 76 21 91 95 15 87 73 18 89 30 88 67 53 87 45 39 74 55 100 83 58 34 44 10 78 93 86 40 82 68 86 28 67 45 7 42 93 64 87 21 47 9 90 76 46 20 95 55 54 42 93 57 86 79 13 16 66 84 72 50 42 21 40 31 80 81 70 4 2 33 48 39 70 65 81 77 45 65 69 28 17 72 50 17 92 37 66 2 79 1 19 32
3 38 3 34 42 53 35 76 4 29 50 12 60 87 58 5 71 75 78 32 90 20 69 31 59 40 35 39 73 21 42 29 61 92 5 18 14 58 21 77 69 72 91 52 65 74 52 76 27 71 79 26 13 28 25 48 22 39 72 87 35 54 47 2 58 8 95 69 62 33 45 42 89 11 12 56 56 62 61 41 22 42 21 27 19 81 9 1 13 56 93 24 66 79 86 88 8 35 84 27
34 -2 62 96 17 50 46 9 14 22 5 8 15 26 99 69 29 66 90 94 98 23 42 65 84 55 19 45 56 59 22 73 81 70 53 92 34 31 99 54 55 29 11 38 89 54 43 24 79 95 5 52 70 82 85 31 58 2 14 52 69 58 95 63 86 51 15 25 36 9 47 29 63 8 16 24 42 76 21 3 68 9 70 45 35 66 22 17 58 63 62 3 36 37 42 41 32 89 91 20
54 87 78 92 66 53 102 26 13 60 84 31 32 53 21 99 53 52 35 14 43 30 25 57 7 40 10 23 83 40 25 22 84 45 30 13 25 27 50 6 26 66 16 1 42 32 73 71 80 99 46 22 57 62 101 84 46 39 23 67 99 45 29 96 66 26 85 51 55 36 28 24 60 99 30 100 32 38 15 9 54 50 18 36 69 66 26 71 23 96 80 9 74 70 94 97 60 19 65 4
66 78 92 15 50 38 70 18 45 60 18 82 92 19 62 6 23 63 87 16 16 8 80 85 96 22 6 13 72 78 59 3 34 60 25 35 3 31 50 15 12 57 75 83 22 46 90 65 23 16 72 81 49 14 68 15 35 43 6 83 88 79 87 53 88 -2 83 82 47 71 13 78 45 10 67 11 29 23 69 37 33 43 33 34 47 80 6 65 53 69 61 83 40 64 67 52 35 81 91 91
102 43 18 41 65 49 46 16 40 100 22 19 11 94 89 47 22 62 76 85 43 70 64 94 96 59 27 80 100 36 38 26 73 51 45 92 48 57 51 38 17 72 38 37 61 15 36 98 80 44 96 26 85 69 60 46 74 72 29 78 89 18 16 93 76 19 40 48 8 51 49 9 94 31 17 87 22 84 99 19 56 53 71 29 44 33 101 37 85 57 29 88 93 51 77 8 81 74 64 17
83 37 95 38 25 3 38 39 63 26 100 46 74 48 69 93 71 43 17 28 95 66 49 83 98 56 9 56 84 74 85 -3 74 36 22 61 63 53 46 20 23 87 52 23 29 83 15 9 48 30 24 7 17 63 88 53 30 40 54 3 6 69 92 21 81 87 54 72 59 61 74 73 59 0 78 86 93 40 12 79 41 90 38 30 25 18 46 81 25 77 29 3 8 58 18 85 86 15 42 18
93 79 78 82 31 14 56 22 57 38 94 95 96 71 38 37 93 71 80 79 18 40 91 58 44 3 12 44 51 12 33 4 23 67 7 86 4 4 89 8 77 30 93 11 43 48 32 44 59 80 80 16 62 36 12 78 24 40 16 91 35 21 51 8 67 92 97 64 83 62 99 23 70 57 41 81 39 53 66 15 20 41 77 11 78 96 93 4 21 47 83 13 55 91 18 58 4 28 83 96
66 52 48 39 15 -2 93 77 25 5 46 6 41 84 72 11 11 57 93 4 81 7 5 17 50 9 86 93 97 78 41 79 27 49 81 75 93 73 72 75 18 91 89 76 101 40 88 28 36 0 87 50 80 19 78 31 91 -3 7 87 53 54 62 66 15 42 98 35 38 32 43 17 18 34 99 84 51 83 48 62 66 77 48 65 85 5 87 81 94 95 12 56 93 28 30 8 93 14 45 12
27 16 10 50 47 29 69 50 10 45 83 94 100 97 51 37 59 81 13 33 75 5 35 31 62 65 51 53 88 25 37 96 84 94 40 41 9 61 3 99 75 16 56 55 87 9 8 30 73 7 68 33 25 26 42 19 45 27 86 37 72 5 99 95 19 80 9 66 80 100 72 84 66 10 19 77 24 47 28 49 60 14 63 99 6 56 102 32 35 60 23 35 72 12 40 20 82 27 80 84
17 68 88 75 85 14 92 14 73 51 93 2 84 11 81 9 80 77 68 96 95 50 65 7 93 73 44 55 47 63 90 51 97 72 4 29 14 4 69 35 3 68 71 9 37 51 2 45 55 1 100 26 74 54 51 93 84 90 94 79 26 74 87 77 78 29 41 27 21 37 41 95 56 17 43 9 55 85 24 20 59 -1 94 82 24 3 91 3 6 21 11 89 97 63 65 60 84 41 37 88
8 17 56 74 45 38 64 26 73 81 33 77 42 100 50 93 59 81 39 66 51 37 29 70 64 88 44 3 21 86 26 82 67 42 92 3 64 12 42 21 84 30 80 68 95 75 58 70 27 88 76 70 57 61 82 72 39 71 65 3 5 21 35 58 78 24 68 59 42 63 48 17 48 19 101 7 8 89 15 78 16 65 38 69 78 79 33 35 57 95 13 15 38 45 14 34 22 89 69 44
2 30 44 1 7 87 44 1 34 34 60 4 82 10 48 69 59 24 13 12 4 63 66 0 80 44 81 72 18 25 100 8 60 14 49 95 32 43 35 44 99 24 40 76 101 53 89 82 39 35 93 48 77 37 68 26 73 3 8 12 91 63 66 3 38 95 10 -1 92 71 61 -1 17 82 97 70 45 12 89 61 85 94 77 41 68 46 25 68 70 -3 12 93 60 47 76 39 11 27 15 15
54 96 77 43 46 79 80 87 85 22 44 2 48 22 21 73 73 72 28 59 99 52 84 38 56 76 71 92 73 29 27 63 100 43 45 96 55 74 84 11 17 45 52 30 37 80 79 28 25 17 100 39 50 90 40 29 55 25 77 8 30 93 35 16 79 57 95 25 33 13 16 35 17 49 89 61 35 17 73 76 53 41 73 67 87 47 99 46 51 39 87 72 20 56 40 99 72 15 8 31
4 15 82 78 18 70 93 33 20 16 87 36 64 77 80 12 85 61 80 90 41 8 65 57 54 51 63 66 91 76 26 69 85 15 99 54 14 40 83 15 29 -3 87 14 59 13 83 19 92 44 34 70 46 1 72 42 86 25 78 43 3 69 93 23 52 -1 34 27 81 95 2 88 31 2 66 8 56 59 17 43 16 12 87 71 39 93 22 5 4 35 63 53 72 74 3 54 45 95 69 37
37 47 81 98 38 47 12 93 55 78 64 59 34 5 22 93 25 48 63 91 50 15 89 12 29 64 100 24 90 78 87 26 15 48 29 94 30 68 101 86 20 3 49 60 31 76 74 73 17 96 71 62 59 32 22 3 74 34 75 2 46 80 85 78 65 22 56 37 18 22 24 81 89 23 69 16 64 63 64 73 60 74 96 16 34 2 58 27 91 4 10 39 87 67 16 20 87 77 8 87
17 81 22 65 6 55 30 21 43 25 42 56 67 51 100 86 33 95 80 30 98 94 36 26 93 3 49 14 76 65 37 42 60 86 66 -1 84 69 34 -1 52 63 70 22 89 17 47 9 90 -1 41 -2 21 76 18 13 80 64 62 -3 6 75 93 8 18 81 42 80 82 8 62 -3 76 3 16 27 97 53 99 70 58 72 68 30 82 91 64 15 45 51 46 20 27 19 36 58 65 16 75 67
El programa tarda 11 milisegundos en ejecutarse.
