50 50
54 76 62 10 23 42 60 59 96 84 84 15 89 19 88 76 22 45 8 94 35 24 31 7 94 10 90 85 51 54 89 75 94 81 97 4 4 62 35 72 10 79 20 10 22 37 78 26 38 26
59 81 41 18 75 64 16 38 42 99 62 38 92 65 47 40 4 95 82 50 41 62 83 57 62 64 93 76 23 36 92 39 34 67 64 56 70 7 15 28 95 89 38 33 74 27 76 69 79 93
27 62 18 7 27 29 59 22 86 42 68 54 29 74 72 14 73 22 99 0 88 11 59 38 59 6 37 23 18 7 47 80 34 74 54 30 91 37 96 18 6 95 64 25 92 23 78 70 14 89
76 83 99 56 64 13 87 71 21 22 40 28 38 98 30 83 62 24 19 22 71 15 1 93 42 60 93 4 5 75 30 26 35 7 50 48 50 16 91 48 2 77 26 83 82 63 12 13 78 85
50 16 97 76 1 64 28 35 12 11 67 81 14 27 46 85 89 0 89 71 5 48 11 43 80 55 34 5 12 65 90 88 23 65 37 61 89 4 67 16 15 92 72 13 83 62 53 75 37 76
20 30 9 82 78 12 66 52 22 33 80 73 87 74 25 72 51 47 94 0 90 10 2 43 83 35 74 55 35 80 37 56 22 5 33 98 0 71 64 20 15 22 99 3 35 68 52 60 81 73
6 72 87 32 77 42 4 62 71 91 94 83 33 11 98 29 91 35 38 90 52 76 29 28 17 64 79 23 98 75 50 10 23 52 19 11 46 89 91 78 56 39 74 99 73 12 0 36 30 13
37 34 17 77 43 31 14 51 67 87 71 98 95 58 16 76 50 5 36 90 83 95 79 10 93 56 39 62 62 71 20 41 68 97 89 0 47 91 87 9 5 93 37 91 18 63 25 6 1 59
43 51 67 22 60 32 9 98 92 50 74 21 50 47 99 64 98 61 21 44 62 24 25 79 77 68 67 69 75 80 37 72 2 6 61 75 14 55 9 17 59 36 69 75 64 47 92 98 58 51
25 14 28 42 96 30 84 83 39 80 18 83 69 97 85 67 25 96 98 76 20 6 27 53 41 3 17 18 17 49 77 96 27 52 4 3 42 41 74 58 9 62 4 43 89 66 18 98 97 11
86 99 52 39 76 42 84 70 52 17 2 92 89 47 48 1 20 13 94 17 28 16 85 59 72 51 29 36 32 15 49 0 70 5 55 78 28 4 64 65 8 11 1 86 13 93 35 82 36 34
71 84 56 59 87 43 69 13 38 65 33 12 79 7 83 61 13 99 28 88 4 56 50 35 87 63 40 96 62 14 70 95 76 33 84 56 47 80 92 18 93 10 95 12 15 59 48 47 54 51
42 92 7 82 26 82 74 35 35 57 49 48 67 38 21 89 77 67 46 27 59 36 31 50 85 39 55 21 52 7 90 32 88 93 92 51 45 6 60 33 77 0 9 32 84 80 83 0 71 80
60 55 97 42 3 33 9 23 24 73 49 31 80 96 87 11 62 78 84 61 96 68 15 88 25 2 0 7 76 59 41 87 43 88 65 59 60 54 79 18 62 12 78 53 18 82 42 83 99 44
18 59 84 17 51 59 45 97 53 87 52 40 90 73 31 82 95 33 58 47 15 59 30 75 17 85 47 70 37 71 75 75 77 55 94 30 51 87 6 94 4 12 29 71 68 37 69 13 58 30
92 16 61 35 50 96 57 66 96 58 67 96 98 53 24 55 6 74 77 72 79 75 23 64 40 24 4 34 69 0 62 55 48 78 36 85 63 80 98 43 46 69 92 93 75 48 64 51 87 85
44 54 45 17 98 4 8 32 79 47 83 53 65 3 93 38 0 30 14 2 79 71 15 83 10 88 7 74 71 83 78 61 9 45 91 3 78 91 52 30 12 78 12 39 22 28 75 88 56 18
64 39 20 46 75 84 62 14 2 76 46 19 18 71 74 97 35 66 28 18 5 28 74 68 34 80 50 41 60 31 66 0 22 18 3 53 87 51 62 33 20 35 97 68 89 88 23 88 69 46
18 83 73 94 32 41 57 73 23 32 87 29 0 33 9 94 69 48 68 52 44 96 37 0 42 14 82 56 80 32 38 87 40 75 3 81 8 72 96 37 89 19 49 75 5 1 41 52 39 58
73 80 44 26 37 49 46 75 95 68 92 21 31 46 36 93 92 62 75 81 84 79 15 14 2 95 6 67 39 30 69 13 18 6 98 21 27 70 70 84 51 86 37 84 10 35 66 85 5 1
69 53 91 94 52 28 98 68 21 49 65 78 21 98 10 61 76 88 85 69 52 6 43 71 62 78 55 81 93 15 32 44 28 82 88 83 30 85 40 76 11 19 84 27 62 27 13 36 27 98
16 3 20 65 4 44 36 96 34 21 97 53 61 37 58 36 18 98 77 76 63 79 50 28 46 95 90 53 40 16 62 68 54 38 12 10 1 78 37 9 7 12 5 89 79 68 25 56 6 14
60 27 46 12 23 57 98 14 81 92 58 34 54 68 71 33 40 93 55 99 59 26 43 71 61 78 99 34 66 73 83 26 52 95 39 6 43 90 19 77 68 77 37 50 65 48 22 45 65 83
85 34 49 83 71 40 9 2 9 32 33 49 45 64 31 93 23 43 3 17 81 22 34 36 5 54 1 2 10 66 6 99 80 60 61 54 51 75 5 61 49 80 52 52 26 43 91 37 92 22
41 58 33 27 40 97 39 99 87 42 81 77 71 70 91 1 44 92 74 59 53 91 13 57 23 43 9 32 88 16 58 65 40 10 12 39 75 13 80 57 69 9 34 33 7 18 50 30 46 85
82 43 69 2 74 68 22 98 48 50 10 87 86 34 51 28 77 28 28 18 71 93 43 3 69 70 89 70 18 10 52 52 17 7 66 46 33 42 53 54 29 84 68 4 50 83 33 22 72 60
89 5 16 74 10 38 49 41 18 90 51 56 43 49 95 54 66 8 98 42 6 75 42 38 12 57 13 32 30 79 9 1 73 28 75 98 46 24 95 68 57 40 99 17 73 11 1 20 39 17
82 14 46 45 91 0 78 50 38 63 64 19 77 42 68 29 74 50 12 77 0 29 81 63 19 90 88 9 14 15 61 94 32 50 35 90 18 43 55 94 18 46 59 65 82 53 11 97 41 79
77 44 70 68 65 94 28 53 50 44 55 86 4 12 77 84 65 20 61 36 77 32 31 85 82 49 2 56 86 38 75 5 73 64 94 20 82 95 65 31 2 57 58 9 45 88 6 3 25 98
32 98 41 83 28 95 21 29 76 32 51 85 30 46 70 47 32 80 38 12 90 77 48 65 68 98 9 2 66 98 92 32 19 66 51 16 34 96 75 47 12 43 82 22 29 79 82 81 33 74
28 61 2 88 64 26 64 51 20 32 92 24 46 0 17 87 86 47 82 43 81 99 24 83 54 40 6 11 88 66 76 76 13 37 86 34 32 25 10 6 0 26 54 94 9 86 81 44 93 61
75 67 54 36 90 61 34 13 63 92 93 66 38 39 29 51 79 26 96 86 21 39 71 86 36 99 9 54 6 96 2 56 59 52 63 92 40 96 11 5 63 40 98 92 82 48 16 83 65 0
49 14 67 71 98 90 35 48 73 39 30 54 77 19 37 38 26 31 63 47 40 92 43 95 7 8 79 8 72 76 0 26 37 51 93 11 47 29 86 36 39 69 64 69 74 22 1 35 30 22
47 63 21 21 52 5 53 67 43 53 39 36 49 44 99 69 67 18 74 75 17 34 96 7 46 61 42 42 85 80 77 41 33 61 95 84 13 22 50 57 4 72 2 73 61 30 21 80 52 92
37 69 18 12 52 17 17 58 38 11 50 6 57 96 6 28 69 26 12 39 70 95 93 74 23 57 61 75 21 74 5 89 31 37 51 75 20 64 29 69 68 83 90 42 45 76 1 45 67 68
13 42 47 23 65 67 97 4 71 2 57 81 1 54 52 35 66 32 38 28 74 78 59 37 67 37 17 24 43 44 3 65 95 89 5 44 34 69 30 85 56 97 63 62 76 95 82 11 59 93
1 50 33 68 50 96 63 7 2 44 1 76 80 78 14 16 6 78 47 37 49 61 87 74 6 16 7 64 0 93 47 78 35 0 62 62 11 74 67 11 51 17 78 23 15 84 94 67 33 45
68 26 26 41 46 61 68 21 0 73 24 12 65 67 81 71 90 95 83 47 79 46 32 60 21 15 87 3 41 47 90 66 98 76 41 69 36 6 59 98 24 38 65 37 95 62 11 98 51 9
52 53 44 73 52 93 54 90 16 45 76 6 28 99 19 15 57 31 31 21 46 95 51 35 20 44 17 83 70 2 39 77 35 10 8 65 5 45 39 64 54 95 6 36 0 97 55 92 27 91
45 35 16 3 28 96 83 2 83 82 37 58 83 42 5 67 0 83 40 77 63 36 17 15 4 10 38 81 67 40 26 49 26 85 56 90 83 21 78 95 20 88 21 90 55 94 27 73 39 68
61 32 45 17 30 71 31 31 53 56 70 52 5 28 73 27 64 66 38 15 25 59 55 73 69 90 98 59 34 75 70 72 43 10 74 74 4 84 68 11 65 38 72 95 73 80 85 68 82 71
64 56 24 48 64 44 12 59 78 26 12 40 15 1 83 67 69 15 33 12 82 82 54 8 44 39 1 24 31 33 55 86 49 80 70 25 52 61 25 82 65 86 23 2 57 92 70 44 64 85
20 54 14 19 41 97 6 15 53 2 38 46 13 73 97 99 86 78 50 79 21 14 37 9 50 36 52 11 79 13 17 98 24 73 92 98 84 92 50 3 43 67 19 43 82 33 55 38 87 61
43 16 64 4 8 31 56 49 54 72 96 53 45 80 38 54 70 75 10 66 77 32 14 91 11 9 17 98 54 0 68 59 19 42 7 38 84 85 90 9 76 95 59 52 87 57 85 79 91 93
68 34 64 18 43 97 48 36 60 44 85 53 12 78 47 3 61 7 37 36 92 87 72 68 34 31 88 46 45 35 75 7 3 37 59 21 74 24 57 12 25 23 99 49 30 64 79 56 83 2
16 59 46 32 45 56 10 92 8 90 0 35 34 44 61 46 92 30 71 4 72 32 4 32 24 57 23 40 70 40 90 31 71 30 42 67 75 18 17 97 59 3 15 77 9 79 16 92 21 64
0 79 86 32 5 97 20 32 66 73 36 68 0 65 8 50 75 9 81 57 78 66 63 51 30 21 32 44 21 27 96 13 34 32 13 52 6 87 45 3 23 65 25 46 98 5 71 86 54 20
99 96 74 99 40 55 90 91 17 50 89 0 53 92 86 45 90 19 41 50 56 84 81 70 21 9 22 77 40 45 56 74 94 71 46 34 16 10 91 4 73 52 91 70 28 23 59 85 91 63
12 78 34 19 14 31 66 97 84 52 67 67 84 61 87 61 10 14 60 45 58 23 41 20 86 28 98 46 32 16 73 49 14 93 25 40 70 50 15 39 5 85 23 49 68 0 16 34 9 92
43 96 37 36 59 50 74 63 52 49 63 28 50 37 2 60 21 62 80 76 10 78 80 90 84 86 77 93 14 17 81 55 24 8 29 56 47 89 70 36 76 27 21 2 79 75 73 23 51 91
