50 50
65 68 60 86 52 72 62 94 37 72 71 48 88 60 25 8 72 84 48 75 54 50 11 55 72 2 83 42 59 37 65 89 47 8 92 85 85 77 78 27 17 77 94 56 8 46 6 71 93 19
12 30 12 67 81 30 46 84 54 4 7 62 24 99 27 92 97 63 34 82 56 58 94 76 95 10 25 41 62 27 54 58 61 64 28 67 67 83 42 85 11 91 45 17 17 13 76 94 60 19
35 38 79 70 72 98 17 46 54 77 9 55 5 96 8 43 72 54 40 39 45 50 33 19 67 60 95 98 15 94 39 90 86 50 33 30 40 63 44 74 35 27 66 71 87 44 74 7 21 57
31 28 18 7 79 40 80 48 80 6 2 57 37 79 40 76 28 87 57 14 78 64 18 68 89 84 26 16 72 10 54 45 69 3 0 4 71 41 9 97 1 53 39 25 4 5 8 54 52 3
73 71 43 48 87 60 26 85 57 41 14 80 74 63 41 75 30 79 15 57 28 87 67 7 2 46 50 77 99 55 40 8 57 14 9 53 95 57 94 55 62 97 47 8 61 99 81 84 3 51
35 21 13 78 58 17 99 18 96 97 80 55 76 74 71 81 49 55 34 35 91 96 46 71 10 60 38 73 81 88 40 39 43 26 21 57 46 57 53 67 46 80 56 45 20 23 49 5 11 67
26 58 22 97 26 52 19 16 74 49 27 76 96 2 29 25 92 5 33 99 8 42 78 10 89 49 50 49 17 64 25 35 39 52 55 12 57 31 73 31 4 77 63 14 77 7 69 47 82 98
23 9 63 40 73 11 26 81 45 79 29 64 30 81 29 20 3 74 69 48 91 22 77 54 74 7 98 24 74 41 13 23 14 69 25 56 53 47 61 21 78 44 30 40 23 49 6 70 29 27
44 44 70 84 31 17 3 90 58 37 50 43 57 25 17 26 97 53 59 51 23 15 42 86 44 89 40 93 25 76 75 88 5 55 66 23 87 53 81 45 35 95 87 76 32 77 95 61 78 63
41 69 83 3 1 88 90 25 57 80 4 60 21 27 40 16 6 22 75 42 97 39 22 71 79 61 40 76 38 88 5 10 85 43 91 68 62 21 17 56 17 24 66 99 61 82 43 2 21 28
80 17 78 96 66 59 58 67 16 63 50 75 97 59 55 3 35 18 75 28 69 91 83 40 1 59 15 88 85 86 1 63 15 58 3 80 55 90 62 75 6 68 68 92 51 89 68 98 29 82
61 27 75 69 18 26 65 53 51 42 11 27 86 63 21 2 43 15 11 75 26 77 75 82 9 82 39 92 85 42 18 41 53 33 58 13 81 69 87 21 49 83 54 80 68 42 84 86 18 26
20 71 94 90 32 50 35 57 44 94 37 92 21 77 79 20 79 13 61 79 21 45 76 3 87 32 26 74 90 5 86 2 81 75 61 3 88 93 45 24 17 9 70 48 82 49 57 93 95 26
26 41 4 72 93 82 84 65 88 14 93 10 54 89 83 38 37 44 31 54 95 27 59 7 13 75 63 99 18 93 51 10 1 1 52 82 87 49 25 38 13 29 14 14 17 7 5 11 40 76
34 67 41 21 28 15 79 58 50 73 60 26 92 76 71 66 74 62 25 60 5 1 97 61 63 36 18 86 43 12 3 14 79 52 7 71 71 41 82 72 91 78 17 15 1 69 9 44 17 21
36 17 86 31 9 20 90 62 34 36 59 15 25 67 16 39 76 72 81 21 88 85 54 54 63 78 65 73 26 93 28 19 14 95 64 94 52 90 53 38 90 36 58 71 26 14 39 6 13 93
81 94 81 84 13 79 33 35 59 41 51 5 49 25 52 3 64 26 42 70 18 81 94 50 91 47 42 88 92 60 2 57 27 0 62 21 58 94 74 30 63 48 32 13 32 2 93 73 58 51
19 37 84 18 0 68 77 96 41 3 96 22 17 29 46 3 70 94 30 54 19 89 99 72 63 21 81 12 16 61 13 10 83 32 27 53 96 72 55 49 59 94 4 54 16 43 85 40 26 40
84 8 85 96 93 0 40 62 19 53 39 91 58 30 48 74 73 53 10 24 62 30 68 87 79 2 59 50 3 95 10 69 70 97 1 99 67 56 34 79 75 12 47 7 78 2 28 96 0 65
55 87 33 2 64 91 2 66 49 86 70 96 50 4 46 82 52 32 49 55 95 27 10 51 53 62 38 97 47 8 56 54 85 59 24 28 83 19 94 99 99 71 3 41 47 64 13 96 57 78
14 85 80 13 49 16 72 25 22 1 72 87 9 64 84 46 67 72 41 32 76 21 32 31 22 45 22 61 74 21 68 35 43 13 5 45 52 66 35 17 7 76 68 86 18 13 78 47 44 10
99 6 46 71 90 47 32 12 84 24 21 87 94 32 18 9 22 14 6 35 9 67 54 44 89 74 36 4 70 71 86 72 52 28 83 72 84 22 33 36 30 52 44 4 50 47 29 7 25 6
38 11 64 4 31 2 79 98 24 64 4 81 3 14 45 11 75 30 59 82 47 25 63 86 67 7 29 66 17 82 69 27 61 48 43 57 55 55 10 69 7 6 52 55 33 6 13 44 75 53
86 97 78 47 38 13 6 38 7 58 35 54 34 62 38 95 76 98 64 77 42 78 41 26 21 81 15 52 44 55 78 99 83 28 97 4 38 87 58 45 62 82 35 20 91 57 72 57 5 95
10 1 2 32 16 7 99 69 95 29 71 8 26 39 57 98 41 34 64 80 8 9 27 10 86 7 13 23 27 76 43 1 79 22 97 13 73 66 6 93 48 60 88 20 38 63 70 90 55 29
61 60 68 98 60 87 8 52 98 71 65 40 51 59 35 42 45 72 56 13 90 59 31 98 86 9 62 91 36 69 42 88 60 87 33 39 49 1 39 8 23 64 15 15 47 42 90 26 34 37
82 45 32 93 57 51 22 56 56 24 36 29 47 88 53 43 67 24 30 93 18 73 21 3 63 5 37 9 1 90 8 53 43 56 90 58 97 22 4 4 89 12 60 64 67 85 87 75 18 34
43 83 5 43 83 29 70 30 65 88 86 7 73 43 23 76 51 92 8 72 14 77 73 52 79 66 77 35 86 79 45 92 1 23 15 97 87 56 14 41 0 89 71 53 32 97 51 41 29 79
80 20 40 20 18 4 37 45 95 43 97 93 86 40 92 74 81 94 48 29 54 46 39 37 56 59 44 82 68 73 67 35 13 53 43 71 5 40 65 81 57 38 61 23 41 40 1 11 47 12
98 3 21 73 37 32 17 99 6 83 33 5 80 27 19 72 51 55 98 13 31 89 28 70 8 97 77 98 62 52 76 93 88 52 41 50 62 31 17 5 62 64 35 8 15 10 49 60 68 1
66 55 1 22 34 34 81 37 73 22 31 7 91 31 11 96 69 15 79 61 57 98 41 55 52 67 38 97 40 72 19 85 41 91 36 90 18 20 82 61 71 93 87 63 40 72 63 61 57 46
51 51 42 55 9 66 16 60 44 46 94 53 11 4 96 93 11 6 20 83 39 4 67 68 52 80 79 47 13 60 49 22 73 93 79 86 56 23 12 82 97 79 78 81 26 64 50 43 55 60
92 47 7 74 18 9 45 25 91 22 8 99 96 4 25 25 92 54 7 32 4 73 89 19 51 33 35 2 94 32 21 17 19 22 87 22 80 31 54 21 23 84 1 6 95 44 57 43 70 7
50 66 81 93 28 59 11 79 36 29 49 81 78 36 86 57 72 45 67 83 36 28 46 40 3 92 58 17 89 32 38 39 1 78 26 4 50 52 77 98 21 98 42 84 31 19 54 13 18 10
35 45 41 45 48 51 60 27 3 79 44 26 46 77 82 36 22 87 56 25 84 22 66 0 10 81 61 81 70 60 42 6 94 57 60 38 46 85 56 52 71 51 3 98 94 90 35 90 65 80
75 23 11 99 45 81 32 49 97 50 97 2 43 16 43 73 2 95 20 97 41 5 65 26 90 61 74 29 50 58 21 44 44 70 36 91 71 88 80 30 4 86 75 26 45 18 30 32 93 2
84 33 82 81 21 1 69 9 42 83 29 37 92 50 32 65 4 87 60 34 99 69 5 30 97 71 72 11 36 66 98 47 70 60 39 12 96 37 82 72 9 70 67 40 15 93 63 92 34 47
21 95 11 86 25 75 22 34 41 67 87 20 71 49 39 25 75 73 83 42 2 6 64 43 60 63 90 36 91 68 43 70 70 28 45 77 55 63 5 87 88 0 90 11 33 9 24 26 72 14
59 75 12 95 15 32 42 68 20 66 76 0 96 84 73 16 88 25 47 8 53 29 6 74 90 97 63 93 93 25 93 17 44 83 14 93 64 0 38 98 89 90 2 84 83 67 9 35 69 55
33 40 9 60 27 22 58 87 33 29 35 75 56 75 98 58 55 77 96 29 55 15 58 47 12 16 20 83 59 47 57 97 67 82 56 75 7 98 1 59 50 40 72 72 34 0 34 20 86 37
3 37 84 59 88 45 71 32 73 57 22 23 94 87 93 43 53 93 57 52 97 18 30 94 4 39 88 57 62 22 45 81 25 6 38 40 87 29 49 78 13 62 55 82 49 80 39 39 91 3
82 31 53 70 3 84 64 30 12 13 54 88 54 73 22 48 8 50 85 68 38 97 87 38 39 64 96 6 34 45 73 38 56 5 93 25 33 33 13 56 19 27 36 67 58 90 68 92 50 97
28 67 86 45 21 33 67 20 17 31 51 63 24 72 16 13 69 21 65 18 52 46 37 49 3 18 78 8 72 90 91 71 6 11 59 34 47 73 58 35 33 57 78 18 21 47 87 42 92 80
7 26 55 20 38 58 66 15 89 10 18 58 61 30 94 26 28 97 52 52 1 68 56 40 5 86 51 16 23 26 99 79 23 32 40 98 92 11 9 84 28 22 42 33 56 15 32 70 81 75
56 50 16 23 70 40 49 33 94 23 81 69 29 57 57 0 54 32 43 32 91 58 25 70 20 64 21 83 17 43 58 40 9 76 47 42 34 84 91 93 27 98 18 0 44 39 89 16 85 54
13 13 53 62 57 70 89 17 54 75 28 32 18 28 23 31 75 25 10 69 49 62 62 80 11 41 54 89 1 36 3 62 27 46 68 17 30 29 97 16 46 0 76 71 19 10 17 9 58 72
20 78 68 21 96 66 3 16 84 84 81 67 20 20 66 81 1 79 83 89 63 2 35 48 71 33 35 80 94 6 95 54 22 25 39 84 98 88 73 68 58 19 47 71 83 92 48 9 2 91
19 78 82 19 93 28 27 40 90 73 47 66 21 5 15 30 42 67 14 4 36 12 8 31 95 89 85 94 24 62 27 69 62 0 36 25 31 33 78 7 21 3 78 46 15 42 68 8 14 88
2 32 62 14 9 52 76 0 0 75 13 51 74 10 37 42 44 28 38 22 29 3 65 32 52 13 43 7 74 95 43 87 84 86 19 82 40 86 90 96 54 22 48 20 50 23 73 8 31 48
33 38 32 42 70 57 73 57 27 40 30 89 85 73 33 62 51 2 70 9 17 83 6 88 56 25 66 91 37 83 19 3 55 45 75 95 32 28 87 33 26 68 39 24 5 0 79 28 67 80
