50 50
47 28 43 17 91 49 54 96 26 76 66 50 86 86 62 79 55 24 68 90 44 47 84 28 88 35 24 92 10 69 33 12 78 51 57 53 51 78 10 29 32 75 93 79 86 18 10 89 52 94
98 35 75 57 34 46 14 84 31 77 34 28 9 27 67 42 35 30 62 35 86 98 45 97 23 82 9 30 74 87 40 15 59 93 2 41 8 44 65 2 28 58 26 14 80 2 8 55 34 51
22 94 76 86 68 32 92 43 40 51 94 65 1 30 96 93 73 47 29 57 35 95 62 29 46 70 70 29 34 6 0 78 52 9 28 46 4 2 56 13 40 34 97 68 83 42 27 20 14 96
16 1 54 31 41 23 90 80 80 42 78 36 45 87 19 60 26 78 29 83 70 10 74 51 83 30 79 3 34 79 67 46 73 60 70 80 22 24 28 90 90 63 69 7 52 28 75 28 1 26
90 55 3 47 58 30 42 26 30 17 82 68 39 74 13 93 57 77 45 11 66 46 83 65 40 22 4 28 31 88 58 1 21 79 74 81 34 2 88 52 50 70 58 96 88 84 0 77 49 10
72 17 31 59 96 68 77 67 34 9 42 33 39 33 97 95 7 95 70 81 25 31 82 92 41 11 26 44 21 60 0 27 62 21 88 98 97 54 73 81 12 33 31 21 99 40 98 50 22 93
83 69 36 42 73 29 89 55 47 45 78 55 68 84 71 61 69 3 86 13 27 50 40 72 32 45 17 27 8 44 42 31 89 81 94 73 76 60 58 53 88 83 11 43 19 96 74 74 43 30
19 3 56 25 89 5 55 33 28 13 37 7 29 69 79 3 2 3 79 21 45 18 6 73 37 16 67 34 11 59 97 11 61 50 32 66 48 36 78 69 79 77 67 2 45 44 14 62 55 9
56 62 52 84 85 79 28 34 30 32 61 70 48 49 62 61 50 11 4 42 73 39 9 32 21 45 35 75 55 41 32 89 48 34 77 64 64 76 97 12 11 26 39 22 85 32 56 68 20 70
46 42 38 2 63 24 61 59 41 88 5 94 4 23 59 86 34 30 97 34 23 32 11 19 20 40 25 75 86 93 77 46 97 94 75 91 17 53 11 47 33 69 93 11 76 51 90 6 89 29
30 26 94 77 62 66 87 16 3 84 60 43 22 72 62 12 76 31 36 27 99 92 72 41 64 88 50 77 87 71 35 7 6 67 77 95 82 84 0 0 82 47 21 27 92 90 12 14 46 87
62 29 30 84 96 61 8 36 13 98 21 31 72 72 1 67 11 82 63 97 0 17 92 53 52 96 42 34 88 94 41 37 15 20 85 68 27 53 10 3 48 62 89 13 35 74 72 21 31 94
78 93 26 3 91 26 0 12 67 57 26 13 43 69 26 62 37 22 8 57 21 33 79 43 41 55 28 17 44 13 6 85 13 11 66 68 49 97 26 41 39 73 14 22 45 1 97 65 2 53
65 3 60 43 25 52 36 63 93 86 12 58 15 64 31 59 29 91 64 93 84 68 69 23 72 8 75 30 82 61 6 25 90 19 39 22 97 61 15 87 2 12 72 54 38 86 49 45 42 27
97 52 18 41 4 70 52 64 37 4 92 2 87 9 51 49 8 66 7 61 5 35 71 49 77 71 75 59 49 45 73 51 35 62 92 39 35 22 72 82 80 16 30 87 7 55 29 15 34 24
5 40 46 98 6 84 19 58 96 81 16 86 81 22 73 31 36 62 39 68 65 78 89 31 45 7 9 98 76 84 99 84 48 89 47 8 65 70 32 80 2 3 90 65 85 68 33 74 27 49
49 55 62 33 4 28 17 16 79 77 4 74 20 68 83 33 58 22 51 84 25 75 28 13 54 77 64 5 96 30 86 23 36 76 94 66 66 75 65 38 48 89 91 84 8 66 62 82 77 27
31 12 33 40 57 48 43 88 80 74 65 4 7 53 27 91 22 28 79 25 74 83 12 62 18 39 32 89 80 15 72 67 73 51 6 40 69 28 73 15 24 5 52 30 4 51 49 72 90 24
9 39 58 98 75 57 32 69 23 44 42 80 41 7 16 48 5 42 5 20 5 42 92 6 91 64 91 89 89 71 4 56 99 31 37 41 25 91 24 15 1 39 46 31 83 8 61 55 40 76
67 24 27 58 78 78 71 99 81 36 83 10 37 96 13 41 49 79 26 89 48 50 18 12 99 74 4 37 85 12 21 16 36 79 61 18 1 56 4 5 9 33 37 8 58 80 2 32 78 11
42 57 51 32 38 82 56 55 41 98 87 55 39 95 15 7 99 29 51 67 4 97 89 80 61 16 85 29 1 13 14 19 82 85 34 83 33 31 82 57 20 85 48 52 77 35 0 68 60 68
62 26 6 23 85 54 38 94 65 93 45 84 33 37 71 68 36 89 7 3 41 37 27 68 30 55 32 7 75 46 74 14 8 46 98 80 15 52 10 98 75 24 9 9 7 56 48 61 50 25
50 34 9 76 15 96 87 87 76 17 31 65 93 14 31 80 88 58 74 61 97 3 57 70 82 14 31 39 84 50 51 11 5 7 13 60 31 29 10 50 37 15 10 21 21 70 81 82 83 0
87 44 34 45 67 93 57 7 86 79 31 54 59 84 75 26 95 88 65 98 89 56 1 29 75 42 74 50 95 98 8 0 82 63 38 91 54 19 46 25 19 65 92 52 28 2 41 25 99 94
31 79 11 85 46 25 8 79 66 27 93 81 39 10 97 19 97 31 69 5 31 8 47 84 17 26 49 73 14 89 83 12 70 6 70 71 95 91 21 12 14 41 0 28 68 90 98 18 83 0
87 36 23 95 95 44 25 46 91 0 11 15 61 45 72 1 12 5 99 46 13 89 75 88 94 45 85 67 36 67 96 18 67 45 62 45 46 22 50 62 61 64 51 85 65 81 37 25 2 73
40 76 26 86 3 31 79 39 93 28 20 87 26 64 27 59 30 84 30 40 11 34 85 24 81 69 31 12 43 70 14 10 63 92 52 92 31 38 82 27 47 35 20 58 43 62 49 68 0 81
28 59 9 79 21 41 26 57 17 97 56 52 48 84 32 16 45 23 85 45 78 77 9 69 88 87 14 9 12 20 98 38 3 7 51 48 97 34 61 10 36 38 53 55 69 6 9 89 67 54
11 42 35 77 43 89 16 96 40 12 39 44 98 17 60 24 89 25 66 53 13 37 24 83 77 78 80 60 62 6 58 85 38 89 89 15 21 30 5 45 26 59 80 95 43 86 24 38 99 54
94 82 84 0 26 62 13 22 7 62 94 75 34 22 62 50 38 2 61 14 72 69 62 13 16 22 84 91 52 62 74 85 70 65 0 43 10 35 92 93 18 43 96 3 0 92 52 57 71 6
90 94 71 51 49 34 90 66 51 51 63 20 43 54 43 60 86 42 4 77 14 37 64 57 33 3 0 75 86 99 10 17 32 16 46 6 29 15 53 76 44 83 93 91 21 81 77 14 64 87
62 78 7 91 48 15 47 32 86 70 7 32 86 38 15 13 7 9 58 59 55 62 52 47 80 88 78 94 43 63 82 82 51 78 0 69 12 39 85 47 9 78 10 20 35 97 13 17 31 27
89 68 38 59 96 19 71 52 35 79 23 62 54 76 64 17 26 67 58 52 58 91 43 11 50 91 22 87 5 6 86 94 92 65 70 23 98 86 51 78 86 59 52 34 44 13 58 18 52 94
85 76 21 2 26 33 71 35 88 31 63 64 86 98 92 33 2 57 72 71 6 63 45 89 71 47 62 14 20 90 26 28 61 76 79 48 34 18 73 6 22 69 63 72 62 2 33 90 38 48
43 78 99 80 16 84 17 18 83 77 51 59 63 98 9 8 13 88 71 36 89 66 62 75 22 27 64 83 72 78 51 44 93 64 80 73 88 69 33 38 7 8 84 22 37 89 27 8 44 51
91 65 96 47 14 93 60 81 92 2 87 84 0 46 22 36 19 87 59 53 0 21 22 71 20 28 17 77 27 0 5 53 42 26 48 35 0 5 88 7 38 97 23 85 92 31 50 75 59 13
81 29 1 86 11 70 91 79 16 81 7 23 51 27 37 47 37 87 35 16 17 89 71 96 56 14 59 96 26 80 6 58 30 1 5 55 75 47 49 66 68 47 33 98 91 80 47 43 73 66
19 71 96 37 31 62 79 56 61 25 79 42 26 50 3 33 76 81 79 18 80 19 31 52 65 1 39 84 20 34 96 5 64 93 77 31 59 62 22 64 16 92 81 38 87 58 41 22 10 98
29 17 41 87 16 38 92 80 99 82 29 75 9 92 40 49 97 84 44 55 88 7 52 74 42 59 7 42 73 3 94 0 73 82 25 46 36 69 3 80 66 21 38 23 33 87 48 35 92 33
4 15 21 37 90 2 27 51 45 24 86 68 93 43 19 55 48 25 87 7 76 8 62 14 98 17 97 55 18 95 34 54 82 67 95 82 44 28 2 88 0 90 25 21 56 66 93 7 63 63
48 25 93 11 86 23 67 93 42 31 30 56 93 6 75 59 26 65 52 20 98 73 49 9 11 51 58 52 6 99 98 90 9 32 87 85 1 69 54 19 56 9 66 96 21 94 85 51 17 48
30 87 6 55 2 88 89 34 54 95 56 54 21 27 26 37 1 10 32 67 89 55 33 50 77 30 70 58 92 35 18 3 49 18 96 79 83 40 99 52 68 11 54 60 26 22 94 22 86 4
2 85 19 43 57 25 86 27 23 95 56 77 21 2 44 58 58 57 40 83 70 54 1 54 72 2 47 0 53 55 16 10 87 28 25 11 10 75 7 46 56 92 46 82 71 39 35 98 72 64
72 66 44 19 69 80 15 16 98 44 12 17 25 2 93 48 66 15 5 95 96 1 29 97 86 87 7 73 90 3 99 62 94 19 21 65 59 11 24 59 34 1 6 60 80 17 67 79 54 98
46 56 20 54 95 8 35 82 27 95 97 49 1 47 11 20 31 70 18 48 97 22 42 11 71 89 69 15 22 94 42 77 12 31 59 23 37 90 85 46 78 25 71 98 85 18 31 0 29 23
64 90 42 54 52 63 44 68 17 61 98 94 50 51 64 69 25 26 30 12 89 19 72 29 85 94 67 76 93 62 15 0 16 88 49 13 75 70 95 51 28 31 38 12 2 42 80 72 12 42
28 17 10 94 24 61 17 82 68 48 29 34 84 62 60 23 89 48 72 82 76 37 55 49 95 53 3 50 14 16 67 4 75 11 98 31 19 38 38 52 33 29 39 39 95 81 31 6 39 2
32 7 2 55 85 40 65 48 31 45 78 84 90 8 44 79 91 3 0 26 9 12 70 60 6 95 66 93 23 4 31 36 98 73 48 66 62 18 38 43 55 74 52 30 55 56 95 25 40 61
84 64 15 82 22 20 22 36 98 67 26 96 27 88 93 3 82 97 23 91 82 7 80 98 18 66 59 20 67 38 62 27 1 8 14 15 61 48 50 66 17 11 87 42 19 47 94 22 15 98
68 92 50 65 19 54 18 76 93 28 84 83 11 11 61 95 21 42 99 95 0 28 51 94 93 93 49 58 12 87 76 21 52 42 5 58 86 42 36 53 41 83 97 18 86 55 43 44 7 42
