50 50
43 89 56 3 69 30 22 30 66 55 85 83 21 29 73 9 79 83 41 23 53 92 49 72 78 71 48 73 9 32 88 72 69 42 17 59 35 91 13 1 68 44 3 50 76 30 27 14 47 10
21 94 24 38 95 15 29 25 97 94 6 8 1 29 47 1 20 30 90 24 58 27 43 89 21 48 38 46 6 91 63 53 2 67 24 0 41 33 70 91 80 80 16 5 51 4 86 95 38 51
80 84 44 61 36 57 70 33 48 64 12 67 55 85 87 48 66 40 53 59 73 76 13 29 26 66 46 91 98 60 75 87 15 99 62 59 60 23 95 68 67 11 33 34 86 53 6 24 92 41
41 90 13 84 68 76 6 55 79 91 70 27 59 86 99 25 95 63 78 10 51 44 12 67 43 91 44 71 14 29 9 79 70 92 68 71 92 22 61 81 36 64 72 22 57 69 89 34 46 13
12 49 32 9 22 9 28 7 59 38 24 42 66 23 88 16 40 18 34 83 7 54 38 16 79 2 17 29 73 20 74 84 79 71 10 40 37 75 34 22 41 81 61 8 41 52 84 50 98 31
11 69 65 63 4 95 25 8 35 74 74 38 69 48 47 13 18 31 17 57 49 54 46 26 39 83 63 9 73 93 55 66 93 83 91 79 38 30 85 50 45 75 85 57 45 54 20 63 38 2
75 11 96 51 64 92 69 3 50 64 99 52 57 80 8 51 22 82 43 77 71 8 39 56 20 52 60 48 44 16 31 46 41 5 67 51 36 6 82 81 83 21 68 67 12 5 84 70 51 17
59 4 63 70 3 99 98 8 60 2 46 66 79 85 46 79 69 77 95 52 87 26 95 31 9 58 28 48 4 89 26 69 28 96 59 81 88 77 47 55 49 77 87 16 64 68 37 40 98 58
27 36 50 89 92 44 51 99 93 20 94 5 76 69 79 81 58 32 2 13 34 32 85 10 52 18 61 76 11 73 46 62 64 81 97 35 92 81 33 19 62 79 34 96 59 19 46 90 54 60
22 63 22 64 95 26 52 34 60 68 80 88 23 73 98 48 44 37 97 28 36 21 86 12 90 68 34 48 3 30 71 82 38 19 51 80 28 70 60 23 19 42 53 78 8 79 22 76 47 95
84 61 39 33 53 29 78 33 67 92 28 97 12 54 22 52 40 39 14 72 74 55 33 25 54 19 24 87 91 54 90 83 25 90 2 84 63 93 44 12 47 90 91 99 36 45 14 59 21 97
69 32 94 48 30 87 54 75 44 70 20 12 77 21 27 36 72 98 21 69 83 59 42 20 70 14 61 52 45 53 95 86 7 30 35 31 99 81 34 48 8 30 89 44 71 67 2 21 18 19
61 97 63 16 69 49 86 68 93 26 72 69 10 26 88 63 60 31 34 5 74 39 85 96 91 47 44 39 61 96 84 62 87 94 96 85 97 10 68 42 76 28 50 95 67 59 87 4 37 87
8 94 60 40 37 34 91 93 54 62 29 84 75 82 53 79 16 36 67 7 42 2 72 15 20 33 53 9 90 93 25 83 69 32 28 49 30 94 23 23 55 36 93 55 61 78 50 20 92 27
45 42 43 48 61 40 27 81 94 65 10 42 81 19 65 90 17 12 53 76 95 64 19 31 63 20 11 12 34 16 63 61 95 71 53 4 70 89 61 39 36 91 36 75 94 90 92 96 65 88
74 25 40 73 95 11 73 57 51 59 68 90 98 60 78 78 67 12 24 35 23 44 52 64 0 88 44 3 64 17 12 37 11 41 72 8 84 76 92 54 42 82 95 17 82 67 77 82 79 70
25 18 18 26 70 27 71 34 87 16 14 78 45 42 36 31 82 19 49 34 72 80 92 28 34 75 25 71 44 62 96 82 55 53 70 94 33 77 79 36 60 94 13 98 54 45 2 68 47 70
38 95 15 90 86 54 2 19 99 64 78 13 77 40 0 63 66 41 74 77 52 21 20 6 22 57 20 13 90 87 76 78 39 92 63 36 43 74 57 81 95 11 24 24 95 27 7 31 18 78
24 84 94 83 97 30 62 82 30 29 86 4 72 90 64 30 20 22 96 31 73 94 14 57 92 78 26 50 57 84 58 92 46 17 73 67 81 93 13 67 9 11 86 54 23 67 45 49 93 74
6 1 35 47 70 49 14 83 65 91 71 1 56 28 85 31 46 82 32 35 34 3 85 46 17 61 14 10 70 26 62 34 85 10 59 52 31 93 11 27 59 89 36 41 55 0 50 38 0 35
9 95 16 51 75 65 88 31 70 1 35 92 69 88 60 87 39 53 77 26 99 51 75 44 56 1 45 18 24 31 20 94 33 25 50 26 98 23 70 66 21 72 19 80 41 4 53 35 18 43
86 18 7 57 86 49 34 97 51 53 87 50 90 74 71 24 27 13 9 23 93 10 91 1 95 92 30 14 88 32 86 20 41 4 33 34 87 39 68 70 47 14 80 66 7 44 38 5 59 4
64 54 74 14 11 26 53 97 80 5 21 51 98 59 71 28 12 11 29 79 84 20 3 59 76 87 27 70 41 82 30 68 3 56 66 29 62 94 57 51 26 39 1 12 21 14 8 25 19 36
85 61 85 58 48 28 97 95 38 71 29 80 65 32 66 11 35 24 41 28 23 41 4 9 50 55 10 41 70 22 92 81 41 39 30 90 61 99 33 5 49 4 80 73 30 2 27 60 61 24
45 19 24 56 0 99 72 36 95 49 76 62 82 65 4 81 37 23 90 72 5 51 12 81 11 51 55 97 59 42 66 86 93 47 17 86 16 92 80 53 10 78 78 58 28 13 44 51 7 97
92 78 45 91 69 0 10 0 80 17 15 61 59 83 60 26 1 36 62 85 59 94 37 93 24 69 53 31 56 11 83 40 98 10 97 48 19 5 94 22 29 32 45 75 17 23 47 69 90 77
77 37 47 9 76 13 39 2 93 9 49 55 21 50 10 83 54 63 13 79 95 68 8 93 33 15 85 96 66 84 23 11 69 44 38 13 42 63 38 37 42 53 60 57 94 1 10 14 7 84
74 47 66 2 27 73 53 22 1 36 59 95 88 73 85 33 20 2 86 45 64 83 31 31 90 59 22 74 7 32 31 73 42 16 18 90 47 32 64 15 46 16 38 80 81 46 2 86 27 9
41 39 41 49 21 60 71 69 23 16 1 11 87 43 41 37 75 10 55 6 14 81 22 62 45 48 80 9 49 83 24 74 95 31 66 49 33 3 49 95 89 18 76 28 56 13 80 88 60 90
60 19 84 92 51 2 47 25 53 6 46 82 15 43 84 59 18 28 96 98 4 97 89 22 16 44 89 97 65 89 5 73 17 25 43 42 3 25 50 78 84 43 74 6 71 89 15 91 88 14
20 13 83 70 0 54 43 13 94 12 47 32 79 3 73 69 40 17 45 80 37 55 29 6 67 72 92 68 13 25 47 94 93 25 66 45 54 80 92 17 38 12 94 48 54 37 41 81 14 84
17 89 35 58 96 11 31 36 86 83 91 11 25 17 13 20 55 21 19 85 94 21 77 47 82 92 84 83 98 85 29 6 35 92 2 35 43 69 87 64 76 89 46 6 27 17 29 24 85 20
0 82 95 57 13 50 15 49 15 62 6 40 39 85 12 13 48 96 17 83 41 31 35 15 82 45 61 71 21 54 63 65 68 43 1 31 76 41 73 78 19 99 64 7 74 25 16 52 67 63
98 72 70 41 40 11 54 42 5 68 94 99 33 89 8 54 39 57 27 70 76 66 51 31 74 32 49 23 39 3 8 32 84 12 51 74 56 25 38 17 89 18 10 20 63 58 5 96 53 18
87 67 85 18 35 47 45 68 5 87 3 96 62 71 93 8 93 61 42 96 33 45 5 74 28 82 59 31 36 55 19 40 99 34 16 67 73 50 12 6 67 75 83 63 78 41 94 88 12 75
85 84 76 29 44 84 87 1 2 40 6 49 85 9 2 51 89 8 74 45 87 46 34 61 57 36 3 32 56 29 25 60 53 12 90 4 55 69 98 32 14 90 95 87 39 2 40 10 95 64
19 52 27 82 89 26 87 54 47 41 35 94 60 73 83 47 59 59 31 27 76 61 44 95 40 48 2 38 91 76 90 67 42 42 38 18 37 73 14 15 72 58 69 8 8 59 83 91 18 87
17 52 80 43 82 27 33 91 39 71 24 72 17 72 36 2 90 6 65 69 86 39 7 91 14 54 87 44 67 10 78 65 49 94 96 48 98 1 50 83 9 92 78 85 52 92 91 18 73 12
29 9 11 60 90 6 95 89 35 62 11 78 72 46 11 32 32 45 5 75 6 56 23 61 71 7 67 58 51 95 64 1 69 8 29 43 30 98 84 92 28 99 35 55 25 91 24 75 41 99
48 83 27 90 42 70 24 85 31 7 95 88 26 59 42 17 17 30 99 82 8 37 25 64 13 84 51 16 50 90 76 6 15 90 60 18 89 21 23 15 28 93 53 66 33 23 86 62 10 4
46 16 73 82 34 90 99 13 73 68 35 53 56 40 79 69 92 57 92 35 97 46 0 21 29 4 15 50 6 13 58 79 38 42 21 95 4 51 89 45 72 23 62 26 73 37 58 8 9 66
53 89 22 16 19 9 71 88 32 9 86 69 96 23 23 55 10 98 48 12 5 10 55 16 42 59 13 92 5 39 71 24 35 67 56 10 79 76 46 60 72 87 24 81 50 97 23 97 14 37
81 1 94 66 53 85 20 14 6 93 23 93 13 42 82 49 90 47 17 50 54 76 72 35 99 87 56 22 45 77 57 75 90 6 70 22 41 50 14 23 97 70 0 80 76 88 59 15 30 89
60 5 57 96 69 32 52 80 20 73 25 14 62 18 28 95 62 84 87 13 72 56 52 78 73 93 56 48 19 80 3 73 88 24 44 93 69 70 1 98 87 95 88 5 34 56 30 64 4 30
17 82 59 30 75 94 21 40 82 5 95 51 90 72 38 82 8 95 49 69 77 42 43 45 45 21 61 32 58 11 37 11 21 19 66 33 64 49 72 94 21 46 14 10 76 82 14 59 59 48
75 21 85 12 43 60 0 23 48 44 67 30 42 71 63 21 48 74 80 82 43 80 4 93 42 23 34 26 39 75 56 96 52 49 93 79 61 50 97 9 63 60 0 33 99 96 36 14 81 61
49 16 9 72 75 61 48 70 32 94 20 53 68 4 0 98 42 70 65 14 78 80 22 63 7 2 68 91 29 82 48 4 86 61 82 28 75 38 96 8 61 99 46 2 53 88 45 48 83 86
18 82 81 36 93 25 83 53 96 74 24 15 52 42 45 46 32 44 40 89 63 47 90 63 5 30 71 80 47 56 39 43 5 84 47 93 22 1 42 40 49 1 17 85 47 88 90 67 22 31
29 93 79 65 49 25 30 81 17 18 46 17 93 40 83 41 66 29 89 48 8 73 68 17 64 46 2 17 98 69 73 25 76 93 93 37 34 77 69 92 78 52 36 56 98 45 59 83 37 51
85 72 30 65 55 26 55 59 84 56 84 48 50 10 71 83 66 91 36 24 77 83 16 92 59 38 14 11 85 91 64 90 21 97 30 7 76 93 5 41 68 20 45 78 77 78 57 11 87 96
