50 50
81 44 78 10 60 81 8 37 19 84 0 85 68 38 85 75 85 93 18 89 1 92 29 5 33 3 47 93 91 8 89 63 33 46 47 83 43 46 30 88 3 38 70 91 88 64 26 68 63 14
87 49 75 85 98 27 39 21 28 73 1 72 65 97 3 14 33 32 17 58 83 22 33 3 2 65 67 98 15 84 32 59 79 38 49 43 52 53 26 81 29 69 1 80 52 94 57 52 69 60
59 65 1 89 10 76 82 98 30 37 3 48 62 44 19 33 81 12 36 29 32 85 54 47 41 80 55 85 73 0 72 46 62 56 8 7 37 72 86 67 83 65 16 34 96 25 20 72 8 52
20 42 10 42 3 66 72 51 94 44 69 0 58 67 66 60 87 56 55 51 93 11 56 97 37 11 89 78 10 81 86 38 73 26 76 0 98 69 89 64 89 59 53 91 82 38 13 61 72 7
97 64 37 32 56 59 4 28 70 10 87 33 62 2 74 96 78 6 49 96 10 76 75 15 95 26 1 88 24 48 68 61 74 25 73 17 59 89 30 14 29 80 92 32 56 82 38 9 89 93
35 20 69 39 35 16 35 12 69 44 2 83 91 26 76 16 79 90 15 65 60 7 33 61 16 12 89 11 76 49 28 94 10 10 43 42 63 23 3 81 45 58 65 98 40 14 13 3 73 87
87 55 36 7 65 15 24 78 13 25 72 36 5 72 42 19 94 76 55 20 72 78 38 48 96 12 86 61 62 89 60 56 7 92 5 55 82 0 11 52 87 90 91 57 90 89 68 97 49 21
12 5 35 81 71 65 25 81 95 73 58 86 3 83 67 81 37 34 11 1 75 63 62 66 6 32 6 83 77 28 89 59 86 4 3 44 70 90 31 65 64 2 95 15 22 40 24 21 79 0
56 81 23 49 3 89 60 93 52 86 23 91 81 20 36 15 33 61 79 51 72 25 97 38 61 28 11 63 38 57 25 34 40 64 96 88 25 76 39 96 45 57 52 51 19 36 18 72 79 62
0 67 38 42 93 37 96 56 87 47 31 60 19 19 67 41 23 58 62 59 83 55 92 44 69 68 0 38 95 34 69 29 59 17 31 66 63 62 70 84 60 77 73 25 77 46 10 92 0 14
61 45 14 2 81 70 15 40 20 69 72 5 0 34 95 35 70 82 80 57 96 51 30 77 94 99 37 41 27 53 88 96 93 97 94 69 4 42 78 58 99 18 64 70 72 15 75 26 16 6
39 48 57 68 7 80 15 34 34 15 94 84 44 63 99 42 1 2 1 91 28 99 26 93 76 64 32 60 34 15 31 9 54 57 64 74 59 35 11 61 98 48 75 81 72 44 57 4 39 90
27 30 72 38 34 0 20 61 56 30 39 8 53 60 76 56 42 3 81 27 97 93 79 89 7 5 2 24 68 63 68 30 50 39 42 84 96 66 47 91 44 98 82 94 5 94 37 36 33 86
93 29 35 54 99 83 10 33 89 49 79 36 57 6 69 81 2 43 49 72 13 78 49 16 91 58 16 12 15 5 28 74 61 78 75 25 18 27 34 41 45 55 20 88 67 3 60 33 81 8
42 21 64 12 29 11 72 28 83 0 28 9 29 86 41 74 8 27 45 47 13 10 88 29 72 59 54 41 43 49 31 67 7 26 48 30 21 98 76 44 46 71 56 77 25 84 52 4 56 18
52 0 60 52 21 86 60 31 5 30 79 46 13 45 60 22 52 42 40 25 83 48 93 41 78 99 3 67 75 96 83 22 31 5 77 66 33 77 67 1 87 59 89 16 5 63 19 10 62 64
10 40 24 8 88 18 45 18 78 2 69 89 25 80 61 94 95 20 30 21 76 95 29 6 97 60 34 31 55 16 55 88 10 80 16 58 25 31 69 51 51 67 18 36 56 26 15 91 37 54
81 60 39 2 33 68 2 50 37 52 66 82 4 72 54 95 27 69 10 65 46 41 94 24 7 29 71 92 79 15 5 9 3 43 66 26 98 24 73 15 44 68 71 83 19 52 87 83 71 42
61 40 93 25 52 22 13 50 95 27 2 8 97 84 57 28 40 75 78 18 66 54 83 19 35 62 8 90 15 62 17 28 39 3 21 33 77 17 27 43 21 59 72 89 40 15 82 17 64 64
64 72 68 68 22 29 17 95 64 32 56 61 31 68 3 47 26 8 86 21 4 16 66 63 16 33 59 77 39 12 22 51 87 12 73 24 19 22 42 84 77 4 11 36 43 68 86 59 9 55
46 78 28 68 61 67 20 70 59 17 96 93 72 94 50 38 69 40 11 57 98 66 68 27 72 14 34 88 2 90 14 11 72 59 16 35 59 78 82 18 47 11 28 29 66 36 85 2 61 97
20 93 61 53 57 54 41 61 53 61 73 48 3 44 71 88 30 67 70 33 88 36 62 36 42 6 86 8 29 17 17 74 89 73 41 2 43 41 86 71 55 40 85 23 43 74 88 88 31 31
22 76 5 98 43 82 32 86 14 65 35 95 34 9 39 40 55 95 19 33 15 85 67 66 63 26 29 19 97 59 47 32 45 58 11 0 15 80 57 84 23 46 99 6 38 85 52 74 25 60
11 83 74 37 79 59 81 66 23 71 4 72 68 63 84 69 43 88 5 54 41 82 92 52 18 58 96 43 83 53 0 9 34 93 80 14 58 39 86 41 23 85 76 94 70 84 30 83 70 7
80 5 3 50 51 59 66 14 69 14 91 42 5 99 84 75 64 53 87 70 54 61 60 10 7 38 59 18 84 38 92 88 6 11 8 11 42 46 6 19 74 86 96 4 14 24 49 48 52 59
32 28 70 91 11 30 90 36 42 79 43 38 67 41 43 63 43 20 17 58 15 63 86 83 67 40 46 30 44 50 64 45 28 97 29 23 43 38 32 34 27 20 4 79 58 90 54 13 24 67
48 83 45 68 51 82 29 51 89 50 74 79 40 99 0 84 67 72 84 35 82 21 39 11 7 99 8 24 42 58 17 13 74 66 98 91 35 45 95 22 47 73 18 58 91 78 99 66 17 94
13 45 90 75 68 34 89 59 40 76 21 45 97 45 64 37 34 66 91 82 26 42 14 31 48 30 76 24 65 58 83 35 79 73 86 35 43 13 74 40 78 25 94 97 20 53 10 74 2 55
55 37 16 34 70 10 58 69 1 8 22 7 48 96 46 65 91 1 24 63 81 71 3 25 76 74 31 43 43 79 95 41 67 0 97 20 6 97 28 21 44 96 91 8 2 36 57 14 50 61
26 63 58 84 19 58 25 45 86 66 76 92 33 33 11 40 79 12 69 35 16 73 11 40 26 55 95 84 31 78 81 32 64 59 45 84 61 12 10 0 6 70 67 23 63 99 91 67 0 21
37 20 61 43 7 98 86 1 19 91 79 28 69 39 25 85 59 58 11 86 96 76 57 90 14 5 94 29 20 21 18 94 17 10 28 91 36 73 19 58 7 98 47 19 62 13 63 19 99 97
53 16 62 11 50 45 71 83 52 19 42 79 15 80 65 65 63 65 33 86 81 14 66 30 85 87 11 13 21 52 91 47 46 28 34 28 69 76 86 20 60 77 78 95 32 16 35 16 86 67
8 62 73 77 31 20 41 74 23 76 76 94 40 92 21 19 51 34 23 0 72 28 44 62 92 57 26 37 55 46 98 39 27 48 6 41 41 48 75 70 45 89 15 92 16 46 9 57 55 56
26 91 98 27 61 41 90 75 58 17 20 9 21 81 11 62 95 87 45 21 8 88 70 89 22 87 70 89 87 11 2 89 95 86 3 30 59 73 36 94 96 33 17 72 57 96 60 51 68 93
33 59 83 62 70 85 9 85 64 12 56 5 0 83 80 18 36 47 53 20 99 25 54 46 73 71 78 47 6 90 11 86 85 21 65 67 53 8 56 60 32 98 36 94 75 42 18 73 31 21
36 80 20 12 47 21 26 9 34 56 89 96 29 3 54 48 55 64 43 84 85 75 66 19 92 68 56 57 7 66 87 85 5 50 10 13 77 60 26 64 93 16 59 71 40 93 70 36 34 78
91 32 53 36 29 70 86 82 91 59 11 55 94 45 15 5 68 14 38 65 53 29 4 31 97 72 87 28 67 28 32 89 5 89 77 66 83 11 47 7 86 0 88 67 69 87 67 10 24 64
57 27 71 79 78 83 70 97 78 53 36 36 19 58 7 57 80 2 58 52 74 9 65 58 37 55 25 10 8 58 11 36 43 40 95 60 5 22 9 10 51 52 10 88 24 70 13 77 58 25
30 52 58 52 60 64 83 81 61 88 60 22 59 15 79 35 91 99 89 84 2 75 66 41 59 94 80 11 47 27 80 9 36 43 31 27 27 61 75 21 81 45 81 47 14 4 27 44 0 46
11 28 30 33 19 90 28 48 88 61 64 48 9 92 7 85 42 3 80 82 15 0 31 70 41 55 85 65 62 89 83 40 14 6 7 84 80 63 84 42 15 17 16 88 47 82 28 41 57 11
58 52 8 40 70 47 32 80 9 80 29 93 96 95 15 48 67 12 60 91 1 16 9 41 27 81 5 76 26 79 80 38 9 23 42 50 59 12 94 28 49 33 31 17 88 15 43 84 56 24
0 61 57 24 41 30 4 41 3 17 77 0 5 65 11 24 91 29 80 38 71 63 13 23 34 26 21 33 1 81 61 17 86 40 69 34 75 15 68 88 87 62 42 87 90 11 0 44 40 97
74 44 97 15 1 3 3 72 22 77 52 9 64 73 91 16 46 46 62 83 11 96 79 87 29 83 55 20 44 36 38 49 9 21 93 12 69 37 57 11 50 58 29 34 12 73 36 65 65 37
57 22 79 65 45 10 76 95 8 57 23 45 77 44 74 0 7 45 28 87 58 36 99 83 77 29 24 41 84 48 77 33 60 93 79 23 93 43 63 16 93 41 46 64 93 1 90 26 61 47
62 26 16 45 20 95 9 20 9 11 52 32 37 4 87 31 8 46 93 65 47 80 66 97 92 17 95 40 59 72 38 8 75 71 23 24 66 37 96 49 28 18 51 26 57 82 63 61 17 8
24 22 21 37 91 30 67 57 14 32 21 68 82 2 56 46 14 61 65 43 79 65 58 18 54 57 83 10 36 51 85 55 47 54 99 56 69 37 97 3 86 82 56 62 34 55 78 69 47 84
22 50 4 40 1 30 82 63 3 10 27 78 33 4 96 44 31 53 82 27 42 87 47 38 92 99 84 23 16 60 15 24 37 36 85 11 8 98 23 6 74 81 91 31 50 63 5 92 30 37
73 77 29 43 68 16 51 35 52 6 92 80 79 3 54 88 92 41 27 93 67 24 73 14 15 26 57 84 51 17 40 92 41 12 23 4 4 65 13 62 96 76 42 90 24 43 38 89 59 15
82 19 76 94 82 46 34 61 83 35 25 82 17 78 66 7 9 34 70 40 12 73 39 46 16 38 47 9 64 32 25 55 75 66 71 28 88 20 74 81 76 96 31 43 40 57 61 14 8 87
46 16 46 41 28 46 92 69 62 67 48 57 95 58 6 68 48 94 12 91 22 80 31 88 3 25 48 41 42 17 15 79 2 11 22 28 10 37 25 64 36 74 91 22 22 64 30 2 15 54
