50 50
0 16 36 34 16 88 49 48 36 57 31 12 49 73 43 65 30 64 36 19 67 14 65 95 84 34 12 72 12 36 67 24 33 53 88 71 64 53 96 80 8 37 78 14 78 14 57 40 73 94
65 78 18 59 90 87 29 20 26 81 34 90 10 47 11 65 71 84 93 24 17 57 20 35 90 77 30 87 70 57 69 16 56 67 6 75 96 96 28 34 13 72 84 71 67 4 8 84 52 72
51 6 62 66 18 5 61 88 49 8 17 94 70 66 84 69 7 69 10 98 33 1 45 31 74 18 39 95 50 7 7 68 85 98 92 90 81 93 86 16 38 72 26 47 24 40 21 64 43 99
86 24 27 14 88 26 76 87 41 18 9 43 5 30 48 66 18 77 27 39 55 69 72 76 64 58 84 49 36 42 3 62 60 41 50 43 12 70 51 85 63 18 33 76 24 60 23 34 72 39
50 0 77 61 33 80 17 64 55 0 27 31 80 92 31 60 35 68 26 7 92 37 59 48 96 60 92 51 82 10 98 74 71 99 23 20 68 73 83 79 48 0 70 54 41 4 68 76 87 45
33 25 96 76 55 57 70 37 54 54 62 27 69 10 22 94 1 5 77 83 0 96 74 83 97 13 19 43 37 21 69 90 17 95 68 54 87 13 33 77 55 70 67 16 36 82 56 86 47 63
21 98 94 15 56 73 0 89 26 73 61 54 28 89 50 32 36 85 66 39 88 46 63 70 4 98 87 23 74 32 52 0 59 20 56 97 68 53 55 79 98 82 96 66 38 35 25 85 3 4
61 78 19 0 5 42 29 10 49 92 87 99 4 83 7 44 36 42 96 78 81 53 58 13 41 18 66 89 17 46 20 63 10 85 63 99 32 54 31 45 99 16 97 40 60 66 24 55 72 91
30 0 9 28 11 28 64 98 73 66 67 90 82 38 63 47 14 52 9 54 36 26 12 66 1 86 42 35 23 56 39 56 73 28 91 85 60 85 63 7 28 46 85 36 51 74 38 14 47 84
29 84 31 99 27 50 25 74 63 90 2 24 19 73 84 0 25 89 44 48 41 67 55 11 92 38 6 46 8 74 69 27 58 27 25 55 39 39 85 94 64 41 12 80 7 77 38 95 6 56
8 21 14 58 3 4 73 93 13 49 18 40 96 37 92 72 24 75 19 10 63 65 93 32 35 95 28 11 17 61 7 26 94 5 45 75 40 16 61 83 24 11 13 66 53 41 54 13 34 0
56 21 16 29 99 97 97 17 93 51 20 66 78 73 57 79 93 12 72 98 50 33 98 35 11 84 99 96 5 64 94 26 27 7 11 78 51 26 5 17 69 56 5 81 75 39 6 12 97 75
90 95 22 2 53 60 80 79 80 88 84 5 25 27 86 1 80 2 87 76 4 75 79 53 49 87 13 84 72 93 83 12 36 9 12 97 34 53 54 70 3 48 76 49 13 95 86 84 0 61
83 85 65 74 29 35 41 0 43 72 96 88 91 78 1 86 88 4 14 20 71 31 39 92 97 37 13 19 21 53 4 87 51 30 92 28 53 92 89 27 54 76 52 28 36 12 43 21 62 58
14 47 33 30 47 90 15 58 75 71 92 19 11 2 60 0 62 37 91 62 64 50 98 10 81 10 80 54 31 2 19 26 55 66 91 96 24 59 85 89 99 32 4 33 83 73 80 94 81 60
87 12 60 24 50 83 63 34 47 74 16 66 84 21 26 40 62 8 83 78 16 69 16 37 80 27 10 79 57 49 70 19 12 39 85 13 77 86 5 62 48 36 26 88 96 42 83 81 60 14
55 31 60 87 91 43 6 89 11 16 5 88 79 24 16 98 72 41 45 90 61 98 35 79 84 87 25 30 76 87 64 65 11 77 28 7 51 29 0 60 74 14 29 96 16 28 0 57 20 72
45 84 70 96 89 25 52 69 1 63 90 5 97 90 15 39 30 8 39 9 3 57 5 91 75 21 13 97 16 74 52 17 46 30 24 95 18 20 4 82 73 66 22 25 46 78 2 23 39 53
94 85 99 18 17 25 92 96 8 19 93 1 11 62 72 41 62 76 91 88 18 6 94 44 78 88 93 99 73 57 81 85 57 13 56 72 34 51 40 94 55 26 82 11 68 24 7 92 80 45
93 16 96 63 31 53 97 30 79 43 27 66 52 42 93 1 96 43 22 84 99 98 63 48 36 53 61 28 16 49 81 40 6 65 9 51 94 80 95 43 92 88 10 55 54 5 54 25 88 64
50 72 25 4 50 88 4 29 61 15 6 25 33 64 13 6 66 7 99 62 41 68 76 85 89 31 63 66 53 80 63 30 67 64 16 46 34 25 61 96 58 71 96 61 66 45 32 74 12 94
52 17 54 3 70 81 54 48 20 19 66 47 61 66 14 12 10 45 43 39 51 98 74 82 24 36 90 17 67 57 40 10 54 12 27 48 69 53 45 68 40 81 66 90 99 25 52 95 5 86
44 65 65 15 4 10 72 92 28 28 93 7 44 23 36 49 71 68 11 79 2 57 61 38 74 75 59 13 23 63 8 13 11 68 40 44 77 5 20 98 94 73 57 68 83 38 20 75 91 78
87 27 41 3 0 9 40 15 11 30 28 16 1 63 6 45 85 0 44 27 23 24 73 52 13 41 80 74 2 25 83 63 83 68 53 55 49 42 44 43 57 49 40 0 43 8 89 51 25 49
95 8 12 51 48 55 75 68 37 83 57 78 56 13 37 20 33 95 87 36 27 5 94 7 28 31 86 33 56 54 81 54 94 26 25 5 34 64 98 37 83 82 77 51 82 90 24 15 30 25
21 80 45 83 11 29 22 42 26 37 96 6 66 59 41 12 54 6 46 95 83 24 42 15 28 6 66 13 77 84 20 87 51 24 49 37 5 78 90 59 71 57 79 49 9 89 66 81 29 58
95 46 10 44 29 38 35 92 45 78 12 79 13 7 60 73 85 77 25 21 48 98 39 19 66 40 10 80 37 85 15 47 98 88 91 42 68 34 88 5 10 93 0 8 72 60 28 6 29 59
41 32 90 89 75 12 41 5 5 33 2 94 41 79 24 68 51 0 38 41 77 77 55 42 46 7 68 61 72 19 34 5 36 9 46 23 4 87 75 9 72 89 49 0 55 34 59 44 34 71
41 23 52 87 50 78 7 26 55 85 13 94 17 48 23 25 65 30 98 86 11 68 55 35 97 46 98 45 98 42 33 40 99 49 6 1 37 31 25 44 71 8 63 94 54 5 90 98 22 71
72 89 71 67 11 31 10 83 7 8 60 40 49 6 72 6 81 31 52 53 90 16 62 76 43 81 18 66 67 86 47 68 6 90 94 13 83 63 31 49 45 12 32 75 65 94 2 35 7 26
78 81 26 30 37 95 19 58 26 22 20 14 88 48 91 95 98 18 5 24 50 71 50 94 33 76 57 89 86 94 56 85 12 23 5 7 39 47 72 42 23 5 68 17 87 19 2 53 58 92
20 12 91 1 16 21 8 22 23 94 64 39 28 91 65 75 81 8 51 38 84 54 81 61 25 13 91 66 91 98 27 76 35 64 25 62 92 99 40 25 38 15 48 41 57 75 84 58 54 80
16 59 52 40 34 47 72 99 83 79 10 30 61 89 89 5 8 37 12 1 99 38 35 73 57 18 51 7 3 86 55 21 93 82 35 15 25 45 46 77 39 95 58 15 85 9 59 27 45 67
46 24 1 88 11 35 93 99 42 1 10 51 60 70 31 77 9 29 93 15 60 93 10 78 50 6 78 72 79 94 78 85 77 71 4 34 55 75 35 7 77 63 50 38 26 23 69 52 65 65
69 61 46 20 31 14 16 96 81 99 92 69 0 68 5 59 23 48 9 57 54 71 22 45 46 69 51 73 63 22 20 54 10 26 23 44 50 35 18 94 34 49 24 67 93 18 76 46 70 26
42 48 65 64 0 34 43 57 62 77 37 4 58 23 54 17 90 94 87 70 1 21 35 93 83 35 90 66 28 91 26 20 60 50 89 60 45 70 90 8 29 45 56 27 95 58 94 44 42 85
14 12 61 42 27 19 83 51 68 4 76 35 24 93 37 58 54 26 89 76 26 22 98 58 34 82 69 5 85 95 17 89 68 25 43 7 6 54 93 57 54 38 9 6 74 6 66 48 9 27
69 27 12 44 56 6 50 84 52 82 75 32 62 37 76 61 59 36 59 23 14 11 70 65 22 50 99 25 45 84 75 65 61 34 76 20 16 58 7 67 97 29 55 6 25 35 16 14 39 9
20 17 75 61 93 86 63 90 2 51 77 53 9 40 40 58 83 90 29 47 6 2 96 71 39 8 75 16 98 86 0 1 62 3 59 56 46 25 16 5 62 80 8 25 0 36 62 45 37 0
22 89 42 36 72 17 70 37 45 8 72 93 39 25 0 42 50 66 8 94 98 36 43 89 75 37 91 31 75 95 99 42 58 26 37 60 96 74 50 95 97 35 59 87 60 9 30 49 13 43
53 66 93 19 43 37 89 3 21 35 48 41 40 22 24 86 86 6 25 97 87 11 19 33 10 99 16 97 89 64 87 91 16 81 97 43 57 3 44 46 97 47 34 68 11 41 44 79 35 58
67 50 82 79 43 5 84 20 81 73 41 56 12 78 80 79 2 24 66 44 43 63 86 47 55 48 41 16 13 8 82 97 71 8 31 36 83 85 61 95 48 15 85 49 78 57 88 51 95 21
58 75 57 2 36 2 5 4 57 17 59 16 1 69 42 69 49 53 9 41 70 48 47 61 92 76 1 22 84 20 84 61 69 80 2 80 20 5 87 96 38 31 34 45 94 78 83 3 30 59
37 93 46 30 96 21 64 49 20 87 73 48 56 97 46 40 49 9 8 34 74 34 83 51 21 30 68 99 57 17 25 82 48 62 15 93 66 91 21 70 23 89 13 61 47 90 42 99 48 62
59 39 87 18 9 91 74 16 34 24 77 51 43 22 30 44 99 88 83 12 10 49 92 14 25 8 52 13 31 38 94 52 40 53 9 94 76 22 76 96 35 30 23 97 82 46 49 99 49 89
45 38 40 63 85 54 34 42 48 86 48 89 95 49 74 29 17 52 33 42 31 79 93 68 81 41 84 9 36 85 0 43 70 42 44 26 30 82 32 17 44 31 60 67 88 4 6 98 39 27
92 61 72 77 91 83 8 34 11 98 14 92 57 39 68 36 60 96 49 56 66 27 66 51 54 25 63 20 1 60 38 47 24 15 99 27 67 54 21 84 53 4 31 27 99 12 35 25 48 99
10 48 48 56 54 38 52 39 22 27 60 90 25 89 83 6 40 25 46 63 14 77 53 17 38 98 12 63 77 80 20 80 99 97 1 57 89 7 58 17 60 96 69 77 86 67 54 69 41 96
87 88 95 18 64 45 72 48 46 7 52 40 0 83 22 87 15 60 48 47 19 30 66 74 63 83 46 49 24 56 72 84 58 18 54 3 26 60 85 92 98 52 46 33 15 48 26 50 39 0
81 8 19 70 59 41 28 32 51 90 82 52 70 66 43 96 51 9 73 70 76 96 19 90 66 32 97 42 51 93 95 70 12 2 97 34 39 96 11 17 74 95 43 19 97 95 60 88 32 19
