50 50
46 58 99 49 28 69 7 47 33 8 21 32 86 93 59 35 4 73 33 27 72 50 91 62 46 95 38 0 16 65 85 35 75 39 96 67 21 65 51 54 76 11 41 3 46 32 31 37 53 6
47 53 90 80 33 17 72 97 19 55 73 39 52 44 2 94 36 0 28 15 48 29 5 6 75 1 63 58 3 95 9 0 98 34 59 57 67 45 75 47 71 72 96 50 52 44 50 85 61 38
43 94 60 71 45 47 13 30 49 72 40 24 7 26 19 4 5 99 2 35 54 88 19 27 86 62 49 57 96 49 9 22 81 26 0 35 70 65 29 59 74 58 9 48 48 23 66 93 34 73
6 6 14 14 1 32 14 5 18 27 99 39 74 81 94 44 45 41 28 66 46 19 97 99 99 77 33 47 92 77 62 80 27 42 10 71 48 42 68 8 74 4 40 85 90 8 32 92 77 24
97 45 28 28 26 35 69 3 20 53 43 58 87 58 47 46 13 92 89 96 21 60 37 55 1 89 47 40 12 34 49 0 63 40 4 31 97 26 18 28 13 90 87 66 73 11 62 22 1 58
86 70 25 97 9 6 62 32 27 79 21 1 72 62 27 93 4 80 84 60 80 16 71 33 59 85 61 63 80 80 76 75 81 62 34 11 88 98 20 18 64 35 42 57 36 98 28 53 32 26
30 71 48 61 44 31 38 13 13 41 53 71 6 89 87 6 42 91 98 82 40 39 31 85 5 91 41 32 3 93 57 43 3 90 19 95 31 88 47 34 73 76 25 39 91 12 84 4 62 77
51 26 29 58 55 69 64 36 72 98 63 55 32 73 79 15 65 9 68 59 72 21 53 35 13 3 54 84 58 81 11 53 28 56 29 29 49 4 95 8 78 31 97 24 35 1 49 14 27 4
36 80 20 71 49 77 9 66 58 55 49 80 39 51 88 16 44 36 76 27 23 75 98 84 3 17 42 48 54 47 43 65 98 22 86 49 81 30 4 47 48 93 37 59 63 95 4 58 86 53
40 55 75 52 92 76 39 10 12 98 36 14 84 62 58 62 54 75 50 95 47 31 15 16 45 35 48 54 18 54 47 36 89 81 55 13 13 58 4 79 13 40 26 28 34 77 48 89 25 19
35 83 13 56 94 53 69 40 92 34 29 30 0 38 59 90 40 37 90 8 43 73 61 44 48 14 84 50 34 28 60 38 98 58 17 21 70 20 37 4 52 87 97 35 17 47 34 94 14 75
48 48 72 8 89 53 50 33 49 58 58 94 60 20 30 28 30 10 30 38 85 67 86 46 81 24 21 47 32 5 13 40 48 92 38 87 39 12 67 32 19 13 92 68 64 70 8 44 41 55
24 56 67 13 21 87 96 71 56 15 16 20 5 27 48 10 92 48 83 9 95 13 29 87 27 97 70 8 86 30 26 14 55 16 82 28 51 15 95 10 86 27 33 41 84 55 96 25 95 31
62 48 5 36 54 63 80 23 89 0 11 39 59 79 2 31 32 85 57 76 79 92 19 2 75 11 6 31 46 30 51 77 57 51 72 42 31 9 36 32 14 12 56 32 33 7 55 97 99 55
47 90 33 77 51 65 64 85 30 46 93 34 55 43 82 71 31 98 4 80 97 33 26 83 87 85 14 73 84 24 57 40 29 17 81 45 43 34 68 16 1 92 45 27 74 55 99 48 62 74
99 42 79 61 13 35 52 16 19 59 32 92 95 33 7 38 72 36 14 38 34 75 46 2 5 81 55 71 66 74 95 41 16 21 16 98 20 97 92 39 21 53 27 38 80 2 96 68 86 6
70 54 49 88 5 19 93 59 46 82 1 95 44 94 50 79 93 29 26 59 79 49 71 83 31 60 30 0 70 94 72 23 47 71 33 4 76 87 82 67 60 28 76 31 63 0 42 16 15 21
42 52 83 21 53 74 98 53 26 99 34 32 4 75 83 79 43 84 95 71 63 21 44 47 38 21 25 72 44 91 81 17 32 47 57 43 65 28 71 66 38 50 11 17 65 6 22 85 14 20
36 96 39 36 90 43 45 97 37 69 21 76 5 71 69 89 51 69 16 33 98 83 85 68 69 11 53 83 28 50 24 72 35 16 33 53 60 84 44 84 65 16 68 29 44 92 2 46 52 2
55 90 71 32 12 38 62 42 22 80 40 54 72 34 44 6 33 75 45 18 56 15 93 57 57 94 60 29 63 88 45 93 26 73 95 21 94 54 2 61 33 94 42 86 98 29 6 80 57 41
37 23 96 83 6 26 11 28 7 64 84 91 3 77 42 9 78 90 74 79 50 33 41 78 59 56 17 18 52 31 40 18 38 76 18 13 99 43 95 49 40 45 51 65 1 26 89 85 49 0
10 22 38 44 4 9 85 37 78 48 34 1 52 21 88 46 83 56 3 44 43 13 49 36 75 6 52 24 54 78 96 36 62 57 15 38 18 71 24 26 56 11 68 73 35 53 19 19 49 14
50 23 1 10 23 91 96 78 72 79 78 13 39 43 91 50 13 81 70 69 68 36 61 40 17 84 70 80 33 38 91 84 48 11 96 95 32 59 3 12 69 49 30 42 14 82 99 23 45 40
28 69 91 10 72 21 87 76 67 20 6 78 48 34 93 69 37 34 35 10 84 34 56 95 13 54 95 15 75 38 23 3 48 57 76 57 6 36 55 53 79 62 19 39 81 95 0 18 35 82
23 85 3 22 85 66 90 3 34 10 80 3 3 9 5 29 58 19 99 29 20 81 42 15 11 68 78 87 58 80 45 79 71 75 97 83 20 98 36 66 24 78 53 11 54 10 55 2 1 60
18 94 77 1 40 70 56 1 63 66 14 60 43 78 30 20 98 54 15 49 18 22 97 26 42 95 53 59 16 53 93 80 1 93 21 76 95 97 70 38 43 90 81 35 19 95 32 38 89 32
35 51 92 63 36 44 56 18 5 18 79 82 69 53 16 96 69 50 84 66 37 35 76 26 68 88 98 85 27 76 73 26 88 88 39 22 17 11 49 77 89 98 42 96 61 91 51 47 15 51
76 87 68 28 63 63 39 46 87 39 45 86 72 38 97 5 6 29 75 27 24 42 22 15 64 27 67 36 22 55 2 98 95 80 74 73 68 62 92 62 47 10 79 26 56 63 77 35 96 94
1 74 65 10 63 82 54 64 53 72 11 10 26 52 18 72 73 20 58 32 71 11 87 67 96 90 87 18 60 56 61 11 49 96 90 95 23 14 79 22 72 63 31 20 61 75 82 10 19 11
73 19 94 9 88 65 74 55 96 99 24 66 32 94 84 9 35 36 16 69 95 22 14 20 6 84 8 30 26 10 57 93 19 36 12 68 47 48 59 62 83 51 63 94 75 29 50 30 56 29
25 5 7 11 79 89 91 74 73 94 59 23 98 71 86 3 90 66 48 72 52 15 40 81 70 26 63 55 55 43 62 89 0 70 53 95 72 63 3 60 67 1 46 31 29 72 92 25 17 47
61 57 19 8 0 78 56 61 82 75 93 71 71 34 75 9 14 0 30 25 86 42 33 8 25 63 36 47 48 86 33 44 59 63 28 78 12 71 84 89 57 82 83 93 87 92 14 4 44 68
64 10 93 21 95 91 49 42 62 86 54 69 92 26 69 87 6 79 40 7 32 98 7 18 36 72 9 40 78 33 33 58 39 92 6 89 36 58 44 50 84 65 17 8 39 74 38 89 26 87
90 51 87 5 18 58 47 17 62 61 24 53 86 95 65 5 64 43 96 95 6 27 20 17 91 56 21 79 33 43 17 24 53 18 52 5 48 9 12 59 49 27 21 18 37 23 25 74 32 28
1 31 14 85 52 29 50 82 16 64 62 15 1 11 86 23 87 58 55 49 65 68 35 12 97 9 79 99 18 84 83 1 13 31 68 54 87 57 75 96 93 34 19 56 51 45 7 63 73 89
48 78 53 77 51 22 7 97 24 3 36 68 11 22 3 11 56 52 31 79 80 93 92 49 54 32 75 99 22 16 0 17 67 4 20 46 24 58 27 32 85 76 58 21 71 71 57 85 44 75
96 59 45 26 32 22 70 74 31 51 73 72 78 17 82 45 26 44 35 1 78 48 88 81 78 41 34 85 98 29 87 22 26 44 95 5 43 46 49 53 57 32 11 85 82 90 21 62 89 55
96 19 64 4 2 94 46 90 83 30 38 74 76 33 55 88 82 14 24 36 89 77 36 6 98 52 5 74 25 16 52 10 58 1 46 42 1 15 45 84 16 86 53 23 96 59 82 93 15 63
23 7 84 20 77 73 30 17 57 74 23 50 73 49 43 19 39 77 45 4 90 9 89 66 87 93 21 59 77 80 90 58 45 75 13 71 27 90 87 96 71 12 37 92 41 1 96 11 23 3
91 46 46 58 72 54 73 85 26 15 11 87 71 97 88 74 68 6 9 26 5 34 45 12 6 90 20 92 66 92 96 32 24 37 80 99 44 75 89 71 29 80 7 88 72 92 91 8 93 94
77 43 79 80 3 3 40 68 15 79 14 86 42 55 19 97 32 57 96 79 30 17 53 43 23 37 82 21 28 26 64 18 5 87 84 94 87 47 0 3 61 8 45 87 21 28 21 8 12 36
74 65 10 21 18 23 52 42 8 90 4 18 74 23 97 25 26 71 67 95 95 37 41 94 56 43 93 81 57 77 25 53 38 15 90 84 57 91 53 54 36 41 94 40 66 99 20 93 16 98
80 68 16 6 30 34 25 66 63 56 69 22 17 3 51 63 25 98 54 13 5 95 35 66 99 60 70 72 66 69 69 28 94 61 81 96 56 35 11 67 47 69 69 86 47 52 86 85 43 66
10 14 86 0 64 58 26 37 78 34 38 81 30 88 96 73 19 24 97 74 88 13 70 94 29 74 88 45 70 14 44 45 31 80 78 84 24 81 97 13 42 95 57 29 20 4 8 58 70 45
94 82 99 13 84 73 84 15 47 50 40 82 28 12 45 69 92 45 20 67 80 42 90 53 3 38 13 55 20 13 11 84 95 51 37 31 14 57 70 52 13 19 31 85 44 55 44 61 27 77
58 40 48 33 79 95 69 37 36 52 57 74 10 92 19 66 48 12 25 60 80 52 30 81 90 75 67 94 43 24 46 20 61 62 58 30 59 28 49 56 90 39 68 51 5 25 48 63 66 51
19 53 47 45 96 51 11 71 95 17 74 6 81 28 11 4 62 6 76 20 50 56 2 24 38 83 2 56 47 13 67 69 53 67 55 84 84 74 98 8 84 56 1 57 62 66 21 43 35 86
85 84 23 81 98 32 25 15 6 99 0 31 48 31 87 36 74 38 91 86 50 94 88 72 59 73 71 30 24 85 35 0 7 72 28 32 3 80 27 2 73 72 80 5 32 72 49 51 14 0
9 4 73 8 43 75 19 63 20 92 94 13 86 53 90 0 16 71 66 84 66 46 88 73 41 58 3 62 32 55 12 24 25 41 20 9 63 65 78 42 57 70 87 54 81 22 10 4 40 48
7 85 5 40 63 90 30 28 58 89 14 45 39 93 43 46 49 83 68 4 74 53 92 25 9 84 18 86 94 8 92 48 95 4 86 56 71 32 36 78 86 68 2 13 37 0 32 63 12 4
