50 50
20 87 24 56 24 29 2 3 90 38 23 55 29 82 14 72 52 50 33 81 4 85 23 2 92 67 93 45 54 58 39 7 95 19 27 16 52 75 69 20 80 73 68 52 21 71 89 77 38 90
3 19 85 25 88 95 0 20 32 59 19 4 59 94 91 89 24 75 67 5 58 64 27 88 13 14 0 22 70 54 60 46 78 90 29 57 57 51 1 59 98 65 18 16 62 67 52 5 70 80
34 75 1 55 32 61 32 11 45 21 78 21 89 15 32 91 56 72 86 98 23 23 36 15 23 57 88 18 59 63 66 24 14 1 99 70 61 88 3 39 88 40 98 49 59 80 4 86 10 74
44 33 33 40 20 36 37 19 95 35 89 96 5 45 28 26 22 23 5 87 62 72 71 78 87 4 36 68 60 18 34 74 32 12 19 51 17 98 69 69 75 48 99 50 45 52 39 29 32 66
70 27 81 50 44 12 9 0 16 42 74 48 64 99 13 65 86 44 80 8 37 18 97 1 29 79 3 73 63 47 35 19 91 87 70 76 80 86 83 85 44 5 35 16 55 36 77 41 82 30
58 27 3 19 77 50 37 74 76 32 6 31 52 23 71 31 2 57 14 15 67 53 55 44 87 31 28 91 28 68 53 29 38 18 19 82 70 84 55 4 91 50 23 17 21 18 40 14 71 53
13 19 67 74 48 82 81 80 42 84 93 46 14 91 11 10 12 25 86 73 74 95 72 67 1 35 19 45 49 16 64 61 64 80 61 60 80 72 61 69 94 58 63 67 53 36 63 96 87 44
37 38 44 27 36 94 74 27 16 76 79 90 66 23 95 29 60 43 83 2 76 83 35 21 53 47 56 21 85 48 52 2 3 49 15 58 18 87 53 7 43 68 84 46 87 56 12 47 85 87
11 37 8 77 29 9 85 0 57 36 19 66 79 58 23 49 89 71 14 52 93 31 94 37 49 56 14 6 67 3 75 22 8 72 34 85 14 75 8 23 16 16 18 41 75 8 18 97 1 51
54 61 69 4 53 67 81 80 91 33 53 13 16 7 4 29 10 57 10 6 27 16 18 87 39 52 94 54 28 44 30 78 97 10 96 2 39 33 24 27 16 15 14 16 98 7 35 55 79 28
32 57 69 20 98 33 57 85 58 4 88 26 29 57 52 91 57 28 83 58 95 29 76 83 91 91 94 12 84 71 4 97 47 20 68 84 95 87 3 76 18 88 11 91 82 59 25 91 68 84
26 88 47 48 90 70 88 82 67 63 58 23 26 46 40 11 79 53 26 48 35 80 29 4 15 40 88 3 91 21 58 78 44 99 61 7 96 1 63 61 98 14 73 72 51 75 15 84 13 88
86 25 20 65 55 93 61 3 65 49 88 61 86 45 98 22 55 42 48 93 43 8 46 21 83 8 56 66 17 71 97 4 77 3 53 31 98 28 24 36 83 21 40 40 71 3 8 97 24 86
43 89 69 21 24 46 16 80 23 67 80 44 67 37 54 36 98 54 53 39 84 41 26 60 1 31 54 29 48 53 5 68 77 14 58 47 7 92 51 61 98 10 98 8 72 34 7 64 52 53
85 56 43 14 65 93 30 81 83 58 79 7 63 48 19 56 0 42 63 66 9 34 74 44 26 11 18 67 55 54 33 87 35 80 72 18 74 34 84 58 25 13 91 0 6 69 16 75 69 53
7 59 72 0 3 0 0 88 23 77 78 70 97 72 46 80 76 76 57 8 39 28 97 53 80 39 23 37 19 27 68 24 83 60 31 17 25 78 87 20 11 39 65 63 77 23 23 11 89 98
5 98 39 53 32 54 47 87 45 29 34 31 94 32 67 87 49 62 27 59 54 25 17 51 89 90 51 28 3 60 88 27 83 18 66 19 59 7 23 57 39 17 4 40 30 42 1 48 66 13
33 44 70 75 29 50 10 53 24 37 68 17 43 7 31 13 32 81 17 48 17 46 14 27 7 56 62 94 46 24 8 63 5 15 28 31 47 55 1 72 54 82 70 71 77 85 99 83 8 46
88 5 91 86 68 17 86 53 19 7 65 82 38 54 80 24 90 10 70 29 95 72 83 23 82 30 67 28 5 31 64 64 57 80 60 21 42 85 99 43 41 12 25 4 24 43 29 5 61 73
9 75 67 2 5 13 83 64 56 77 16 34 42 61 1 47 15 13 17 93 0 47 71 12 32 53 34 79 41 12 90 38 23 46 30 78 57 98 58 81 99 10 54 45 55 85 94 79 74 68
19 26 37 9 70 65 82 51 54 25 30 79 86 21 81 90 62 51 33 27 29 15 30 47 32 17 2 79 46 1 55 90 67 73 84 26 56 91 46 94 33 84 69 12 74 2 51 11 58 95
23 5 6 52 56 66 5 47 20 89 61 67 74 60 26 26 91 99 79 3 70 82 57 66 52 98 61 8 5 67 5 30 81 55 70 75 74 56 59 53 53 80 25 60 74 39 5 17 60 23
1 69 13 81 37 73 72 46 37 34 64 78 83 61 10 16 76 31 15 82 12 74 47 91 12 18 67 93 64 66 51 86 24 91 96 7 32 9 33 45 97 77 55 72 93 46 82 61 78 30
11 88 50 88 75 11 25 90 17 52 53 65 7 4 23 15 85 36 94 17 86 55 87 3 1 48 3 87 75 37 88 63 89 15 84 67 77 75 50 7 32 83 79 83 6 77 15 65 97 38
38 39 82 19 83 36 28 69 27 51 37 40 55 48 89 50 29 46 38 93 46 89 92 97 91 94 42 68 53 97 32 34 33 2 61 2 79 70 6 76 29 8 82 6 62 4 7 98 16 23
79 97 53 65 98 75 95 31 24 14 39 87 23 87 26 32 57 48 19 13 11 27 42 99 95 28 66 38 63 78 19 83 80 19 28 33 45 22 90 68 1 52 67 34 24 2 85 85 33 76
39 44 7 67 22 33 81 2 42 75 92 45 15 46 29 90 4 30 23 43 37 23 24 79 91 96 9 71 67 13 42 84 42 8 65 16 29 96 25 97 68 97 68 37 67 40 87 63 79 36
40 52 39 92 11 33 14 48 8 24 15 46 5 94 95 28 94 85 17 2 86 45 27 16 39 50 28 1 91 67 21 2 72 93 62 96 61 97 6 62 58 17 78 5 28 10 52 44 4 18
71 55 5 63 35 67 2 29 76 95 69 79 7 0 37 99 69 68 72 34 44 19 87 42 52 39 25 6 2 79 95 55 50 40 52 98 98 33 91 94 71 68 92 24 81 98 93 68 87 53
0 38 80 39 17 61 53 85 88 41 43 24 67 26 67 46 88 91 88 87 99 89 33 18 40 3 41 66 67 64 90 43 34 23 32 38 96 64 11 52 63 95 75 58 59 63 89 4 55 75
48 62 20 48 55 95 1 41 49 0 97 49 17 25 97 20 2 16 54 55 89 35 59 32 30 82 5 46 60 55 90 92 22 47 13 96 33 23 92 61 66 72 15 34 9 67 76 18 14 59
83 61 28 50 88 85 12 85 28 62 59 43 67 37 7 9 3 71 19 51 7 87 10 11 37 59 73 18 73 14 83 75 40 67 16 96 16 74 76 34 50 4 67 31 61 30 35 38 91 70
11 22 81 68 46 1 94 94 66 42 83 93 8 51 83 75 83 38 51 38 24 88 23 76 75 47 37 4 73 16 3 21 52 77 97 25 93 11 82 69 17 69 97 43 83 39 22 88 21 22
51 2 25 36 99 46 4 45 68 27 56 11 54 79 69 76 98 32 58 40 28 24 58 78 26 76 45 57 1 20 30 8 58 62 66 61 12 0 63 2 70 48 38 3 43 50 25 44 36 11
99 3 0 94 88 0 59 91 37 28 5 31 83 32 55 98 22 33 91 43 19 35 71 61 73 24 73 38 5 50 48 60 12 26 24 4 67 46 37 54 99 38 88 84 26 93 51 13 59 15
97 6 97 42 0 4 18 31 88 15 20 1 43 1 34 75 35 4 22 68 55 2 87 13 30 35 95 63 89 92 49 13 84 92 13 70 2 74 61 99 49 18 40 66 32 56 86 6 54 17
90 30 90 78 12 34 17 36 59 22 83 95 24 30 88 42 18 4 75 71 79 46 21 74 53 30 69 50 30 44 83 22 83 21 56 85 7 65 48 72 93 23 71 65 47 63 35 23 78 91
40 71 11 73 92 43 44 57 22 29 53 85 33 53 68 79 77 66 22 14 63 23 73 73 2 68 8 11 81 43 69 77 27 14 67 39 20 94 7 0 75 19 79 17 71 30 92 49 95 14
33 13 3 45 89 47 45 55 49 18 74 96 14 76 94 27 56 53 97 99 70 17 41 93 4 81 95 10 11 63 90 1 93 29 85 80 0 23 22 49 11 37 38 24 20 61 60 66 36 96
41 54 60 21 14 77 58 39 35 69 57 40 39 36 91 93 9 93 93 44 66 57 5 17 88 9 65 83 78 86 1 67 20 30 77 57 38 71 85 80 75 0 27 24 92 42 45 64 95 29
87 4 6 12 14 19 64 91 95 14 19 35 75 52 90 43 9 94 4 2 59 48 1 45 95 30 71 70 23 5 27 97 45 58 75 30 11 54 96 3 47 10 91 69 51 19 63 49 59 56
69 98 16 87 81 49 52 31 2 22 77 95 45 81 23 58 43 99 11 49 85 41 4 10 74 4 36 42 4 69 3 66 8 87 16 27 59 33 66 58 65 13 17 61 42 76 40 15 78 94
38 33 24 56 69 46 91 74 38 42 46 35 75 18 76 25 26 79 80 3 76 31 71 51 98 37 0 44 69 84 26 12 31 55 26 66 68 90 95 34 64 59 32 60 68 82 12 43 32 61
42 75 99 16 67 41 37 44 43 0 60 78 24 38 59 21 90 97 71 21 81 77 51 48 86 39 75 20 59 23 75 57 68 30 73 3 59 21 55 2 19 22 83 97 29 28 72 56 88 53
48 16 31 72 23 1 6 66 37 40 6 98 10 85 7 89 19 8 71 13 46 58 3 84 99 0 82 25 76 99 77 2 43 65 76 40 63 87 80 87 30 68 64 81 90 4 56 21 28 11
14 9 63 49 31 18 53 79 86 93 26 10 32 94 73 21 89 45 25 29 28 65 74 44 58 7 79 38 10 67 76 99 97 74 39 80 52 96 94 78 21 86 52 17 13 0 59 57 94 13
58 94 75 83 60 50 52 15 86 32 40 97 64 58 48 80 28 38 13 41 20 29 70 30 6 72 48 81 70 68 12 73 60 18 39 62 10 56 93 47 23 22 86 84 76 68 71 59 69 17
60 60 48 7 87 35 35 48 48 75 4 79 22 32 60 47 53 10 59 90 82 71 95 41 86 10 72 39 20 89 80 83 71 5 8 23 71 39 78 45 40 15 87 97 55 65 19 11 4 95
63 46 72 29 8 45 24 94 2 62 3 95 75 53 12 56 64 29 82 63 89 38 33 70 0 69 3 31 62 16 6 38 28 98 87 21 0 66 5 45 40 92 9 84 0 6 15 33 55 60
71 4 86 34 2 7 28 82 66 24 29 69 88 38 71 54 71 94 11 84 52 40 51 50 62 3 9 10 87 28 70 91 40 45 21 63 0 88 37 74 10 37 55 20 16 20 99 27 55 75
