50 50
90 39 80 94 74 10 68 12 48 55 85 18 78 39 41 81 97 19 55 26 74 86 9 63 11 50 32 27 96 40 14 65 80 28 99 49 64 35 65 72 94 85 14 23 8 95 17 35 74 51
1 94 63 64 85 98 12 89 39 30 45 96 28 42 58 20 25 19 33 6 16 33 87 19 10 61 12 82 59 18 15 45 19 98 53 33 63 7 46 30 19 40 37 7 47 14 76 37 92 79
54 97 27 73 98 71 23 5 19 54 58 32 56 90 12 52 96 29 83 0 60 62 73 51 30 42 42 2 65 62 73 69 6 53 27 53 60 98 32 48 12 63 94 69 31 17 80 84 50 78
64 83 88 31 40 6 34 24 77 10 80 61 1 46 77 90 78 98 25 85 70 13 38 21 50 58 35 42 44 4 91 20 27 51 18 39 30 18 41 4 47 77 76 41 99 69 93 28 25 4
41 54 62 90 41 89 69 22 11 31 99 93 55 49 55 10 87 63 80 20 64 56 34 58 11 25 52 98 67 54 58 72 61 0 2 97 22 89 22 69 60 91 90 24 4 83 66 20 96 4
34 35 12 9 95 19 64 58 90 29 80 92 3 66 72 49 40 65 23 42 5 7 79 86 10 4 14 59 24 70 57 59 56 79 86 89 73 70 91 32 1 46 83 19 40 94 51 44 7 50
32 28 65 84 22 75 28 39 91 50 62 66 58 18 57 84 96 5 30 12 92 42 72 99 22 91 44 20 47 51 59 69 21 77 43 50 91 83 39 26 10 10 39 59 56 86 51 43 14 36
7 17 18 62 51 14 92 2 52 92 81 98 43 61 2 80 53 47 39 87 43 75 81 43 17 86 99 26 45 86 40 69 12 26 90 52 38 19 16 65 55 2 85 32 96 72 14 29 75 24
15 33 40 46 38 96 69 41 64 39 36 79 0 40 28 80 50 81 93 97 43 16 13 71 50 3 64 69 25 73 79 76 25 78 61 18 55 77 2 72 27 54 51 47 68 11 50 68 34 84
79 73 81 47 95 54 12 74 42 72 74 14 73 6 12 54 17 82 86 4 16 99 59 52 0 21 10 74 42 6 75 39 23 10 46 64 52 74 53 59 50 18 25 14 75 17 76 60 74 60
27 64 83 63 39 14 60 14 58 73 27 37 22 70 6 44 38 66 99 80 36 74 23 45 49 35 14 25 6 78 55 43 10 19 45 92 99 95 80 20 1 51 92 59 96 76 75 40 49 51
42 28 57 32 35 4 38 99 47 97 44 12 67 60 17 15 51 99 95 13 17 32 15 33 30 77 56 82 84 66 85 52 11 95 27 43 38 98 34 80 12 18 71 55 50 72 17 29 7 3
96 81 88 97 1 19 91 75 7 22 52 5 21 85 29 2 78 55 35 36 91 12 98 78 18 80 51 88 34 42 53 73 5 46 57 87 59 13 76 27 16 36 58 77 78 38 6 83 93 10
77 26 55 30 44 85 4 53 31 7 37 25 70 98 98 68 39 98 85 70 42 14 70 4 48 1 24 75 54 58 63 32 77 82 77 31 61 8 98 79 86 86 53 64 11 83 99 9 32 72
92 76 42 80 41 96 79 70 4 65 27 47 63 30 58 61 43 60 79 37 4 63 97 31 6 3 49 73 64 61 77 46 56 41 78 10 94 49 80 58 93 40 89 2 64 40 23 26 36 28
22 76 76 1 10 16 89 10 61 90 9 93 37 29 86 32 93 30 5 74 38 51 68 80 4 63 58 80 49 29 17 44 4 54 52 1 35 24 42 73 30 12 44 18 7 94 21 16 79 32
13 82 15 95 17 12 57 43 19 34 5 22 34 78 52 66 16 15 71 16 80 19 74 63 47 95 43 8 53 41 10 30 96 36 85 87 63 46 88 33 76 66 98 98 57 52 54 35 86 13
57 21 24 57 0 38 55 49 22 77 70 31 6 31 66 34 98 68 15 33 66 39 28 49 45 45 36 52 32 6 27 68 50 53 66 46 86 42 81 18 21 20 30 16 16 41 97 6 68 63
50 41 77 38 66 28 64 36 84 63 40 54 83 76 24 57 67 91 78 67 62 23 29 68 54 77 28 92 71 46 83 28 11 65 37 58 33 2 93 42 88 32 86 26 44 93 94 73 61 62
27 83 18 71 72 87 51 26 7 89 58 65 50 33 39 60 43 91 6 37 39 63 40 59 78 8 32 3 72 30 5 35 37 60 54 69 78 29 62 2 50 92 7 67 54 70 20 92 29 22
95 97 44 92 97 6 3 9 9 9 38 59 37 63 49 13 75 78 54 99 30 99 78 15 79 56 47 75 66 23 64 91 83 5 81 1 64 34 15 78 17 46 45 44 68 69 38 76 25 80
93 63 0 15 41 52 89 61 62 90 17 17 67 69 73 27 75 52 4 71 69 43 42 24 41 80 98 65 52 88 62 77 10 64 36 26 55 30 86 90 51 40 68 72 48 75 72 83 44 32
71 94 58 75 94 95 21 72 56 99 55 26 46 14 96 73 71 88 62 86 49 9 47 37 22 74 75 0 99 78 70 14 66 44 95 76 25 40 6 46 62 16 15 40 60 24 0 62 74 61
16 67 12 45 56 11 66 80 64 72 11 67 97 46 28 62 3 95 66 88 39 0 21 61 3 28 51 1 37 5 50 60 94 59 14 13 67 64 75 24 98 35 61 33 46 57 33 55 44 68
81 55 14 61 36 92 23 32 98 97 22 0 59 29 28 36 71 71 92 50 39 50 66 57 80 1 62 99 36 80 61 76 64 10 28 86 46 24 67 56 8 44 23 13 64 42 68 38 80 97
28 82 15 64 34 64 79 70 84 1 24 57 58 44 45 66 51 75 95 2 94 13 30 99 47 61 99 27 66 73 37 94 49 58 4 20 29 0 81 77 38 62 5 11 90 45 27 95 34 14
20 90 32 95 3 19 45 2 69 17 89 44 94 14 13 17 56 24 61 4 80 73 57 57 10 27 90 48 50 71 32 40 62 93 9 68 17 59 44 63 68 24 49 99 26 16 6 21 95 65
66 24 16 42 28 77 34 46 18 76 76 32 53 39 16 1 7 95 13 87 5 87 29 42 69 9 35 43 5 56 70 74 67 47 83 29 57 87 88 69 28 97 0 75 36 59 84 54 40 76
98 38 6 6 89 69 63 69 70 23 61 67 38 2 68 57 62 1 69 10 87 2 75 41 92 67 51 52 73 40 57 24 89 85 47 43 93 58 51 24 82 99 20 8 60 28 73 17 71 33
22 47 59 16 26 32 51 91 28 43 8 13 74 57 78 32 84 30 9 92 92 25 94 83 56 21 34 90 23 82 51 16 59 2 75 31 20 62 98 7 1 22 70 35 27 19 30 40 83 61
77 85 42 97 3 31 35 49 41 43 66 23 70 91 68 51 10 35 31 71 86 45 90 61 65 47 48 29 97 72 8 64 79 6 44 50 1 52 6 54 31 38 48 93 51 13 86 23 29 17
70 67 36 20 1 56 8 62 75 43 63 66 22 99 35 30 34 1 28 29 12 82 18 27 27 7 30 26 13 15 89 31 8 63 98 75 50 95 44 82 73 60 13 30 22 83 28 12 80 25
43 78 30 36 9 1 17 49 38 84 57 26 80 84 24 42 42 42 14 51 83 47 96 34 23 68 97 36 45 89 39 33 27 22 31 86 61 39 55 6 2 76 7 17 81 47 76 44 64 39
8 95 70 97 61 24 80 22 7 58 49 2 43 74 2 0 75 95 52 92 90 25 80 90 23 0 42 96 99 83 27 79 86 44 70 71 54 61 26 48 94 25 79 49 12 61 87 88 15 73
88 91 1 97 14 99 60 45 94 69 28 84 23 15 65 26 85 24 57 47 24 10 11 12 69 59 86 24 68 57 46 62 29 76 38 65 12 65 10 22 82 61 49 50 56 7 79 70 95 72
5 74 52 4 81 45 91 93 86 83 97 50 59 36 41 55 90 55 52 80 72 54 26 29 64 46 58 7 51 27 22 57 63 68 22 4 78 71 31 67 98 55 17 86 36 32 73 81 74 36
15 18 46 11 3 36 99 19 22 81 97 10 20 48 30 61 21 36 34 57 84 2 89 77 15 85 59 5 62 63 53 3 37 27 56 16 54 8 18 35 69 45 53 62 88 51 70 87 81 70
74 16 73 5 35 56 90 26 51 10 57 95 79 82 93 35 89 82 22 27 74 40 29 33 19 48 14 60 61 0 71 48 68 53 98 59 85 52 57 23 38 1 74 13 56 68 1 83 71 75
6 39 83 53 56 88 44 73 37 24 82 22 16 27 18 40 4 58 45 73 69 26 38 69 73 74 34 76 53 86 56 97 47 95 20 81 66 77 19 23 37 37 9 10 38 52 62 13 81 50
91 6 69 53 76 88 58 68 24 31 70 18 49 0 38 11 44 53 94 31 10 33 52 64 49 56 27 54 8 97 82 16 0 66 58 41 18 2 10 42 41 71 82 23 50 20 55 56 42 89
88 12 1 80 15 77 93 6 32 70 89 55 72 69 13 75 4 24 38 25 32 62 71 84 36 44 22 38 18 69 5 89 13 4 79 0 21 30 91 0 79 92 49 60 95 78 20 62 58 38
7 74 32 94 61 60 25 88 89 68 72 88 24 43 93 27 25 28 18 50 65 51 14 37 44 93 76 21 70 91 7 49 2 22 26 5 33 79 42 8 51 66 98 22 14 73 72 79 48 69
18 56 28 34 75 47 81 68 36 56 5 8 47 4 50 77 59 1 31 19 63 14 33 67 47 31 61 0 99 0 33 87 40 3 45 11 79 6 70 82 43 25 22 27 85 10 86 89 65 80
85 85 54 3 52 45 96 43 95 26 43 67 14 26 76 52 7 71 44 93 10 85 81 76 59 22 58 39 46 79 40 13 2 71 94 26 14 2 34 91 86 56 26 5 80 47 76 61 40 6
30 49 91 79 47 17 3 59 90 56 78 93 45 52 83 38 41 66 30 75 72 73 71 30 87 30 97 1 69 9 31 4 8 77 33 47 72 85 24 48 58 69 78 84 34 60 62 29 6 49
63 74 72 43 99 94 69 13 60 16 0 33 82 66 55 62 35 93 64 52 40 15 98 11 60 11 7 69 78 95 57 82 98 43 9 22 1 84 30 75 72 19 92 3 89 59 68 19 66 23
87 48 0 9 23 43 38 78 87 58 63 58 57 6 37 48 55 36 93 41 80 97 38 77 42 11 47 79 10 65 64 37 48 10 92 26 81 78 44 80 23 64 57 89 13 89 15 84 86 76
96 54 42 63 98 59 33 95 79 52 79 16 75 60 26 59 81 60 20 39 60 87 14 10 53 21 58 26 49 12 18 92 86 18 42 30 72 38 71 77 89 50 95 10 4 83 12 97 68 82
94 35 91 51 67 62 62 78 59 80 6 24 62 98 60 29 18 12 42 0 55 37 41 39 27 49 2 42 85 35 78 41 82 66 44 29 71 9 3 36 44 41 96 25 12 14 44 94 55 97
47 90 65 4 66 49 29 79 70 13 4 45 64 87 44 47 47 45 99 75 21 4 61 6 95 44 51 29 8 73 51 94 12 78 75 75 84 70 11 80 92 39 34 29 50 30 88 66 84 65
