50 50
26 98 88 18 93 4 66 22 36 79 65 60 88 59 80 99 49 33 23 9 33 69 47 79 36 59 21 94 89 95 71 57 69 65 50 69 47 0 81 11 46 79 12 93 97 61 57 58 62 77
78 97 79 5 12 10 72 99 11 44 63 56 71 53 37 55 17 67 62 7 10 36 61 44 77 29 4 51 7 44 62 48 59 62 6 43 37 92 18 48 21 63 25 71 25 69 91 6 48 46
81 53 6 23 33 92 91 1 73 98 88 45 3 40 91 2 43 96 98 19 64 93 19 40 50 23 64 31 37 44 53 13 55 65 71 53 27 90 78 73 49 19 64 55 52 57 89 12 50 17
28 8 40 75 7 52 64 64 43 63 69 83 70 60 90 8 83 51 75 22 43 2 7 78 40 20 45 36 44 11 70 48 70 95 70 68 20 37 10 21 85 47 32 63 78 94 14 46 63 99
43 81 80 32 29 98 31 4 62 85 50 86 15 93 41 65 63 84 48 98 34 24 65 3 18 9 20 1 72 24 53 72 32 75 15 9 5 4 45 84 35 63 42 66 69 19 35 1 18 93
91 34 2 63 8 97 80 8 63 26 47 86 26 2 0 77 63 22 56 94 7 70 73 67 62 18 24 78 38 55 64 80 26 90 31 64 21 70 74 25 75 86 3 3 21 64 11 77 16 67
92 28 93 49 19 58 58 66 34 54 82 53 16 19 14 37 61 0 40 94 24 28 37 3 56 41 1 91 3 83 56 40 78 45 94 51 29 4 98 44 0 40 6 18 64 76 16 74 38 14
12 57 18 52 66 64 68 44 35 8 94 27 90 51 44 7 12 46 74 50 14 63 75 33 62 21 80 35 51 57 30 79 94 65 18 77 74 4 66 44 10 99 96 6 14 66 5 67 69 61
71 16 70 12 97 60 29 54 56 48 63 54 62 73 83 78 7 41 51 18 89 99 61 91 69 50 96 72 14 57 50 25 34 14 55 74 46 25 64 32 61 18 25 19 86 90 69 60 54 68
66 93 53 53 32 69 91 5 94 67 39 12 66 37 58 96 2 79 26 84 70 19 31 90 60 98 59 63 8 68 3 30 0 70 52 24 61 12 55 52 86 79 61 6 46 59 18 24 30 75
73 42 95 76 75 89 94 58 68 24 30 52 93 26 2 26 71 10 85 56 94 44 37 1 3 21 51 38 1 63 11 20 85 78 49 35 11 64 27 39 59 81 62 88 98 95 68 83 36 32
76 82 30 70 83 63 78 42 15 46 59 4 67 12 82 92 56 3 29 66 35 31 7 25 83 38 92 43 47 47 80 89 0 27 40 47 44 18 68 73 5 52 88 11 83 27 84 80 20 85
73 54 90 78 99 55 1 27 44 5 73 63 41 48 99 26 61 29 61 59 20 75 20 14 31 86 55 0 25 32 23 33 52 14 15 10 53 40 56 50 31 26 19 1 77 52 1 69 11 51
55 62 78 42 97 98 12 69 53 14 77 55 47 24 77 20 56 90 49 94 44 5 82 71 78 64 16 59 54 93 33 90 19 49 30 83 56 23 81 57 19 27 12 21 21 56 20 2 78 96
1 79 74 49 43 56 68 27 21 0 84 90 72 57 24 79 85 49 65 28 1 50 81 18 85 44 89 76 98 52 94 22 39 40 44 77 68 5 65 90 87 69 77 49 73 9 63 66 72 67
25 68 49 18 0 57 37 73 8 32 86 52 12 11 24 58 41 33 39 36 55 68 62 29 93 19 98 87 3 17 70 14 92 31 46 2 34 5 31 20 70 43 50 21 12 2 89 28 72 35
2 67 17 99 86 53 92 91 82 84 82 98 55 6 13 82 6 31 33 33 6 9 47 2 9 96 39 11 97 63 14 39 40 49 27 74 69 81 99 16 99 32 14 28 77 13 89 35 25 67
59 72 62 44 63 2 17 33 36 36 36 29 92 13 58 24 92 4 78 9 87 40 63 15 29 89 62 8 70 42 75 78 24 82 65 13 88 83 78 29 84 82 26 95 84 48 3 8 99 99
61 97 81 68 49 10 32 73 37 26 66 14 38 30 63 50 80 11 63 12 77 81 86 17 63 14 42 88 7 98 3 80 89 10 97 51 45 51 94 43 80 63 88 66 61 11 27 14 28 84
44 76 45 58 57 47 78 28 53 85 50 8 29 12 28 72 98 98 17 16 59 26 97 92 15 85 30 74 96 7 69 9 72 16 38 2 57 24 27 98 9 83 52 23 0 64 34 59 79 15
16 45 86 28 24 0 80 22 80 6 27 30 8 87 71 67 51 59 32 69 5 59 13 24 93 84 97 95 69 6 73 64 92 76 6 75 51 63 87 16 20 29 20 49 26 70 69 44 55 25
94 28 85 98 7 74 51 96 39 59 49 44 89 58 49 10 11 78 71 34 54 30 88 15 13 20 41 9 45 32 54 29 21 51 78 63 22 89 69 60 86 45 11 59 68 64 12 0 68 25
63 59 72 27 30 33 96 29 85 24 97 17 70 28 75 93 26 86 59 88 47 30 70 35 12 83 65 49 30 67 49 95 83 23 97 61 6 20 58 71 16 9 41 37 57 39 57 43 10 44
86 63 60 1 54 85 43 1 63 38 94 37 3 2 0 15 71 94 14 77 55 44 47 50 32 51 31 88 81 79 95 38 72 9 96 9 8 38 77 88 99 3 87 5 32 57 38 21 50 45
50 87 99 69 4 76 9 44 36 87 70 42 88 93 33 82 26 71 19 58 40 70 33 73 57 24 12 59 58 40 81 53 84 63 81 40 8 31 67 54 25 37 83 46 26 93 15 80 94 39
16 87 1 11 20 78 16 24 23 14 56 30 84 73 62 17 11 98 83 76 54 15 70 53 64 98 95 35 93 47 34 83 31 33 95 21 28 5 58 45 16 72 89 70 70 98 39 55 87 19
88 8 90 39 3 15 16 59 64 4 99 7 9 2 78 79 68 97 68 87 12 1 94 97 29 55 82 99 30 0 88 48 72 11 15 11 67 47 98 15 48 85 76 21 81 53 56 13 45 80
52 20 12 76 31 52 32 14 56 93 93 34 93 36 59 30 60 18 10 18 54 87 99 87 53 64 2 10 83 94 25 43 77 94 96 31 2 19 48 53 16 41 27 71 23 17 53 67 41 98
92 68 59 54 16 2 50 35 29 50 49 32 0 0 36 62 27 47 51 40 39 18 84 66 5 50 7 4 71 9 85 12 16 60 95 10 89 81 4 89 64 56 99 97 2 44 49 21 42 88
71 78 33 91 24 91 28 58 80 12 0 72 70 49 96 56 48 38 55 42 21 91 25 54 35 58 69 8 22 31 26 90 24 14 1 8 4 18 4 74 97 2 81 76 2 49 37 19 34 19
93 96 54 97 36 70 51 39 44 51 32 49 6 75 68 59 57 97 88 11 48 39 79 55 13 44 6 50 46 40 49 53 32 7 6 64 39 9 86 3 91 66 37 91 79 91 29 95 83 50
51 24 18 52 76 70 85 27 53 70 69 91 43 21 95 68 57 76 42 69 3 64 41 21 4 23 56 77 80 40 80 12 16 39 64 92 68 84 37 48 1 99 50 98 16 54 57 5 17 5
81 69 0 19 62 17 74 69 33 48 57 42 45 1 22 37 6 61 76 20 40 82 67 31 14 47 48 43 36 12 2 91 16 12 32 8 52 74 42 53 95 16 94 92 72 45 13 93 43 53
8 57 0 49 27 10 85 6 44 64 6 98 37 46 40 62 77 2 61 42 68 59 33 21 86 65 75 59 54 92 78 55 26 32 95 39 32 7 9 82 9 33 37 75 85 90 29 54 8 7
35 41 8 20 95 2 74 86 42 26 67 73 74 64 43 55 31 62 59 20 28 93 50 81 56 56 96 3 3 32 2 1 83 14 76 28 57 83 60 20 12 22 2 3 32 28 34 63 21 21
79 96 53 71 96 62 34 90 90 7 19 97 71 94 76 22 23 75 22 87 41 90 70 55 20 64 95 27 85 86 97 9 53 86 82 91 53 78 4 12 52 74 89 0 17 12 62 47 53 15
41 78 70 16 80 36 17 76 77 58 59 47 36 34 56 17 34 20 70 33 98 27 67 59 18 44 11 8 16 36 47 48 64 20 47 80 30 64 53 40 18 62 88 85 25 68 20 93 6 94
48 10 6 13 67 52 75 16 3 91 3 53 32 37 9 71 27 17 13 52 25 5 61 65 95 98 35 19 9 21 62 21 57 77 70 50 11 59 80 51 45 93 79 75 55 44 61 95 59 35
22 61 56 65 60 53 30 21 34 30 9 57 40 5 89 12 95 75 87 16 25 9 57 49 6 93 1 91 98 2 45 48 82 75 6 76 2 63 46 16 16 5 58 87 91 2 30 60 87 64
39 11 10 84 95 5 1 57 18 52 31 10 31 48 97 88 15 0 70 6 86 99 61 51 83 23 36 92 62 7 17 34 19 46 15 40 70 58 0 31 81 58 88 39 15 92 27 22 68 73
14 12 4 85 12 61 77 29 52 84 84 86 8 74 67 17 89 67 66 11 58 81 77 45 99 18 87 22 88 73 84 1 59 1 9 61 88 3 94 74 84 42 66 6 52 0 9 18 66 62
6 57 64 87 7 5 31 30 88 0 79 71 31 78 34 75 30 82 14 52 71 0 78 33 18 1 44 35 90 78 8 39 25 93 92 77 27 84 26 76 98 78 35 82 65 29 26 44 11 93
76 31 69 31 42 11 93 12 49 13 21 10 70 63 79 50 62 90 1 88 78 60 47 88 97 16 98 78 55 66 28 77 5 89 53 92 33 11 9 91 87 7 61 99 92 5 77 54 43 60
90 23 34 7 56 57 18 75 86 44 85 21 33 24 84 0 80 59 65 81 0 25 49 90 15 4 16 27 33 13 67 30 54 57 9 99 91 46 86 19 42 61 48 6 25 34 81 84 25 39
43 31 91 92 35 7 66 92 27 89 47 20 75 85 94 8 39 43 58 20 79 57 79 18 98 52 34 31 5 57 25 65 27 11 95 40 17 84 23 91 20 83 15 95 88 15 3 57 55 57
9 36 34 66 75 29 94 75 50 19 88 2 53 24 17 11 38 89 25 60 4 77 91 90 55 39 2 99 55 83 76 86 82 58 54 31 59 30 99 42 59 44 92 74 10 6 58 89 8 58
66 35 31 74 54 61 62 22 4 19 9 31 36 39 60 99 33 15 33 93 11 68 13 99 41 16 49 78 83 24 33 20 57 57 65 89 83 31 93 91 21 93 49 93 28 57 63 86 2 51
2 73 21 37 24 44 82 12 20 89 66 88 75 80 89 21 53 68 75 43 70 2 85 39 35 27 79 98 51 54 12 56 50 78 83 44 79 50 59 57 44 88 12 53 56 79 21 4 9 77
46 15 8 85 35 57 95 87 51 52 73 55 29 77 21 58 29 72 88 73 30 62 4 78 66 16 10 19 85 15 13 7 47 16 77 24 26 45 25 95 55 83 15 6 64 57 39 30 87 82
49 53 89 71 71 92 47 47 54 20 31 77 42 8 2 77 76 67 84 31 31 20 8 91 0 49 21 26 46 15 44 32 40 31 33 10 47 92 10 72 89 95 87 34 20 45 77 25 42 63
