50 50
91 28 80 52 66 55 94 74 49 9 66 92 69 14 84 86 40 3 77 21 10 26 12 1 92 65 73 39 82 71 26 92 1 58 70 28 31 15 11 31 26 79 47 78 48 99 52 65 8 76
58 99 3 47 90 99 74 80 62 34 23 10 59 19 52 50 67 5 50 90 45 99 23 10 48 48 2 1 1 60 66 30 82 14 29 47 32 67 97 65 21 50 58 52 3 3 96 74 83 93
33 57 57 35 61 62 44 13 27 56 34 76 51 39 50 23 66 65 36 1 5 71 85 27 85 25 74 66 39 73 75 60 33 88 88 59 63 77 1 66 64 41 38 53 74 55 46 1 4 55
96 55 13 8 22 67 72 86 93 85 87 27 31 5 95 44 98 99 6 93 64 4 49 11 33 55 83 82 39 17 14 89 53 99 81 82 36 75 22 86 47 98 23 41 81 44 36 90 30 59
4 98 78 77 0 84 42 2 45 79 4 37 34 87 74 94 0 52 98 10 68 54 69 43 4 57 33 26 43 41 99 12 7 91 33 55 21 28 89 19 59 86 75 55 81 74 52 7 13 9
6 79 94 9 52 23 78 0 39 75 0 24 9 24 32 86 25 29 37 96 18 8 87 73 17 41 94 56 38 36 53 92 59 39 80 96 80 91 39 34 77 56 38 77 93 91 21 26 58 32
49 67 39 51 22 24 25 26 91 27 87 68 9 13 65 36 69 47 83 64 96 57 67 65 14 60 77 11 11 33 56 87 17 20 3 34 65 29 50 1 64 1 42 63 22 18 75 61 65 64
28 61 72 14 3 43 6 1 70 80 48 74 7 76 68 35 93 99 40 20 48 43 88 61 32 54 98 72 34 36 50 36 22 63 25 33 19 20 44 61 77 5 8 62 33 40 26 18 48 16
27 15 52 76 59 46 1 86 49 63 63 26 29 71 48 4 99 94 76 79 58 29 43 56 58 70 83 98 70 44 11 83 25 1 76 39 61 48 60 68 62 37 66 70 1 57 24 82 94 12
68 46 58 37 17 27 27 81 47 98 17 36 95 57 35 29 34 0 52 50 65 55 90 57 59 39 53 49 85 95 63 60 67 8 28 3 38 33 19 58 5 85 29 60 84 95 70 48 92 76
77 72 21 52 65 83 25 28 80 80 93 6 37 98 79 52 58 98 54 31 34 36 91 1 43 49 53 38 91 50 43 88 8 58 4 52 45 83 97 56 27 99 72 31 75 46 33 31 92 40
62 61 26 47 86 5 32 55 11 4 69 51 5 42 5 79 19 85 77 63 62 7 63 26 62 49 29 66 92 53 5 8 69 16 82 62 40 20 83 18 78 17 67 91 46 31 8 60 77 5
89 27 91 88 71 45 8 42 50 82 90 1 4 88 87 33 26 64 11 7 8 66 76 57 51 61 32 62 45 37 94 90 5 59 95 13 72 12 65 54 6 16 95 70 50 36 46 19 47 41
33 58 71 41 52 33 29 55 5 10 77 38 20 81 93 32 6 10 68 89 36 86 32 52 95 34 17 76 29 86 51 8 12 25 52 43 26 85 6 45 75 95 57 83 94 34 21 39 84 60
9 9 25 99 0 27 9 37 60 12 48 27 47 50 44 58 23 7 60 8 71 85 54 88 18 22 17 99 59 52 45 55 90 59 24 58 21 42 24 9 19 72 21 6 43 98 53 83 59 2
54 4 10 36 98 38 89 79 57 33 89 6 16 81 74 94 22 95 63 6 58 4 46 77 99 76 78 17 66 99 66 51 67 53 38 19 82 24 32 43 79 25 47 5 18 27 29 69 37 91
2 97 47 70 54 30 95 27 80 32 0 97 45 82 68 19 61 90 3 33 4 64 91 56 93 56 73 22 3 4 77 95 95 49 54 37 93 38 59 52 38 72 86 8 66 3 99 69 58 43
3 66 50 87 26 78 99 25 28 94 19 66 22 59 75 72 11 33 52 49 59 40 11 39 6 76 81 95 78 27 98 35 16 63 10 6 45 24 67 24 19 53 91 86 31 96 75 86 73 24
85 22 3 99 54 4 66 55 54 44 17 49 68 42 44 61 63 45 62 36 71 16 44 1 72 88 81 78 79 88 13 84 60 21 74 93 76 29 85 29 19 81 70 21 37 29 56 64 87 61
97 20 22 46 74 66 20 54 20 39 88 38 28 78 37 27 0 19 15 10 16 62 61 60 0 85 41 56 13 56 47 72 53 33 61 3 81 64 99 12 52 16 23 79 82 86 68 87 37 93
42 50 90 65 21 58 82 91 92 6 18 21 14 17 22 84 74 3 93 80 90 41 51 14 49 71 58 38 22 76 90 76 94 50 79 1 35 93 19 68 16 32 87 1 93 31 8 69 34 91
78 81 43 13 87 88 17 54 55 81 37 91 50 11 24 37 95 98 85 79 89 28 10 37 52 74 99 54 80 24 71 82 44 46 43 49 88 62 39 45 94 73 96 69 62 98 81 0 4 2
81 94 17 89 29 76 82 53 33 56 52 8 55 11 76 29 5 11 26 63 91 42 57 93 27 30 9 84 17 69 70 48 73 82 73 28 94 80 36 20 7 96 83 11 23 24 85 44 96 7
22 83 28 72 47 87 30 41 33 83 10 5 24 54 80 77 88 50 33 9 35 75 71 98 9 83 12 78 96 72 73 31 82 69 34 49 77 31 26 11 72 20 24 22 58 47 45 47 7 95
33 30 62 18 87 61 86 91 31 79 45 96 64 21 55 32 1 67 80 21 36 8 26 99 84 32 38 6 22 73 53 58 34 16 83 47 9 83 78 0 48 40 18 60 50 49 15 91 15 12
47 91 77 0 46 99 84 17 56 39 78 44 31 43 31 75 5 91 1 18 53 80 11 61 99 57 93 27 73 27 92 1 88 53 95 24 49 89 9 23 87 75 31 82 40 35 16 2 39 62
74 59 12 38 87 37 58 35 79 49 8 78 13 49 21 62 8 77 59 76 98 80 92 87 2 90 29 2 33 53 8 30 51 38 42 73 28 95 49 31 85 47 28 49 8 53 78 6 88 34
70 72 16 48 30 43 99 26 60 17 68 47 68 31 52 58 94 57 63 48 46 33 76 78 52 47 46 14 50 26 58 91 38 87 61 90 4 73 23 1 9 14 55 95 58 93 10 47 84 43
16 78 98 62 26 38 17 49 60 66 43 51 21 29 97 49 93 61 27 67 5 3 87 58 14 52 73 89 8 40 20 97 47 47 6 86 58 94 15 83 97 50 66 65 6 10 94 48 86 36
16 0 55 44 82 47 11 90 65 15 45 80 55 49 15 27 33 47 17 49 53 47 87 97 43 3 52 93 58 5 11 48 11 76 51 38 36 35 42 2 65 94 21 52 69 82 77 58 32 28
66 24 31 42 45 44 53 60 0 76 90 64 35 66 16 0 43 92 36 87 43 28 35 5 51 33 61 32 95 32 2 32 99 71 54 38 88 73 86 35 25 64 77 11 55 84 71 77 87 39
40 50 27 9 43 34 7 78 89 25 85 3 67 96 96 12 66 58 91 75 32 96 84 58 30 23 46 44 39 33 98 77 19 51 45 60 57 54 76 19 11 26 82 14 86 20 83 94 10 93
49 41 97 71 92 79 51 29 48 83 30 59 39 49 30 30 67 74 76 27 51 96 72 28 27 61 81 33 31 79 7 41 87 73 34 64 25 4 26 9 62 0 39 90 20 39 13 82 97 47
74 34 46 16 98 54 89 71 88 71 76 54 70 65 71 25 7 96 43 36 32 12 84 56 19 95 37 98 10 36 4 33 77 25 33 27 31 89 5 16 48 92 62 69 33 86 64 68 80 68
44 95 86 99 57 87 70 2 26 88 15 57 87 16 63 3 2 26 76 37 44 38 2 7 12 93 15 90 95 76 24 55 36 38 1 12 51 58 60 44 45 59 39 63 56 16 83 19 56 89
81 2 3 14 28 40 21 6 97 70 60 44 59 22 43 98 85 68 66 28 65 32 81 47 13 87 45 12 14 8 19 24 38 94 19 34 95 13 78 7 38 88 38 25 12 61 24 54 49 79
63 48 40 54 86 96 6 42 45 95 32 38 76 52 13 61 12 14 41 58 8 49 1 60 48 94 7 59 32 20 48 93 14 77 11 91 27 11 68 26 65 48 10 90 38 12 95 44 53 21
83 44 44 2 21 72 13 38 72 90 82 66 52 65 85 34 93 70 73 24 8 45 21 41 44 58 27 89 77 62 55 41 46 47 19 40 78 13 64 71 83 29 58 58 26 52 40 64 31 31
4 0 86 65 39 65 0 82 95 73 54 14 87 52 15 24 88 46 15 45 60 70 18 93 35 26 53 28 67 34 74 30 37 55 33 86 97 76 93 99 54 32 56 11 20 40 20 31 73 59
65 82 36 43 50 7 33 57 72 33 32 54 60 54 87 9 1 43 82 79 80 19 48 23 95 36 88 27 41 51 29 22 16 8 76 14 54 95 89 10 39 36 63 24 40 73 51 57 32 29
73 24 92 32 36 20 47 21 86 31 36 58 42 80 88 14 12 43 50 93 63 59 23 33 47 99 21 11 9 67 53 47 58 36 74 35 6 67 50 55 78 47 0 0 49 82 45 59 42 59
57 95 57 64 17 66 66 92 29 41 64 4 99 85 62 67 67 82 16 59 36 17 49 57 42 6 78 22 31 60 86 27 86 14 73 58 77 64 46 89 9 9 91 81 61 14 13 68 5 68
54 47 80 29 63 63 93 25 26 98 25 1 49 38 48 76 85 68 92 14 37 95 35 81 26 29 52 18 24 97 38 29 30 68 80 41 56 42 36 82 42 1 25 73 29 21 94 32 41 53
70 53 17 7 63 13 68 98 8 37 2 41 82 68 85 0 57 34 58 33 61 65 60 19 59 38 29 85 76 3 87 79 51 91 25 6 88 50 15 79 7 49 89 69 93 12 35 39 84 54
27 41 47 31 31 83 17 14 15 81 30 42 19 1 53 47 8 81 47 46 19 53 15 65 14 11 69 90 27 8 36 67 20 74 65 45 2 20 9 86 82 89 94 28 63 90 32 29 6 71
31 15 68 66 59 58 86 55 70 34 36 84 74 39 84 96 13 34 6 42 51 51 52 39 39 78 68 68 74 17 51 38 30 98 95 25 21 10 1 78 71 8 70 53 39 46 72 14 65 78
83 57 73 72 3 42 36 92 37 81 10 87 1 61 1 61 8 23 59 87 76 95 33 62 15 91 85 3 84 86 58 13 22 6 50 69 7 62 38 15 79 87 55 57 91 57 60 22 48 88
58 44 11 37 7 11 94 69 28 20 34 49 93 71 37 22 64 35 12 97 97 30 80 75 72 50 12 26 2 90 71 54 93 44 73 53 52 34 58 80 28 83 42 83 70 34 54 16 87 67
34 2 95 73 9 7 65 93 17 21 43 43 55 63 33 10 8 33 90 8 99 96 88 64 49 89 38 25 37 91 89 35 82 20 11 73 38 85 92 33 46 47 88 24 35 88 58 4 75 66
78 56 87 49 79 46 61 2 80 11 27 75 70 64 5 51 4 19 1 46 5 82 85 74 25 60 53 77 5 20 7 12 6 31 33 32 0 87 12 19 18 42 17 83 24 50 65 40 28 51
