50 50
45 19 23 0 89 93 2 53 70 2 79 48 36 63 20 80 3 71 50 45 73 59 41 31 57 80 38 71 10 90 12 64 51 38 85 48 66 86 11 73 24 89 5 46 99 20 20 53 87 19
15 26 34 23 38 58 29 0 41 3 4 41 87 92 92 8 49 0 17 60 7 97 57 78 36 58 28 84 62 92 20 88 81 76 1 75 85 10 57 76 28 31 51 64 41 30 94 38 76 97
27 94 88 77 30 63 70 46 73 74 65 68 88 94 36 16 72 29 32 15 98 34 3 78 61 84 41 8 14 23 90 28 71 36 26 40 33 60 75 90 46 70 18 61 82 55 53 17 12 46
47 52 64 18 62 6 36 55 75 69 88 30 23 78 69 19 62 1 42 58 39 85 79 92 81 28 57 96 39 46 14 70 25 84 89 53 54 26 38 41 58 64 14 23 78 97 60 13 25 15
0 89 44 69 16 2 12 15 23 76 14 58 90 85 14 25 28 31 64 37 92 34 74 64 45 98 17 93 11 87 74 47 26 31 56 69 16 32 10 80 60 47 13 94 92 98 75 17 72 19
22 91 4 92 34 3 19 55 80 48 41 12 66 68 45 27 50 82 94 32 95 48 53 31 14 15 49 46 59 42 94 99 36 77 9 3 67 43 10 89 22 69 80 75 48 82 48 36 58 68
76 50 6 89 56 25 89 62 35 30 15 58 22 26 52 35 49 74 26 62 1 8 77 49 47 29 78 66 70 6 36 81 90 33 24 22 85 30 84 31 62 73 20 57 28 16 35 95 63 47
32 75 90 71 51 64 49 63 65 46 2 74 60 16 71 51 21 41 23 10 20 84 94 1 33 48 52 55 81 36 16 37 29 71 10 62 36 96 19 95 39 94 19 86 53 87 1 54 38 72
66 65 17 80 91 53 77 71 44 39 47 78 46 95 76 80 83 78 49 68 60 92 44 49 38 50 24 21 63 42 77 45 84 42 55 28 74 16 47 27 36 29 15 92 31 98 55 62 98 46
96 22 31 21 54 64 3 4 46 92 33 73 36 6 7 61 42 73 15 76 33 38 34 44 70 39 95 64 10 26 6 70 66 5 51 13 20 79 90 22 45 62 87 85 46 37 40 72 23 96
57 7 85 35 39 64 12 28 26 91 10 67 51 90 42 95 21 61 32 15 36 29 27 63 36 50 57 13 3 34 4 55 55 77 87 63 94 74 89 12 22 18 31 36 19 82 40 38 88 41
20 2 3 57 22 93 87 51 29 80 93 18 6 30 38 81 65 19 47 21 56 93 69 21 74 26 15 74 81 23 15 56 65 18 55 14 56 45 28 81 59 60 71 40 42 14 6 0 16 8
54 99 57 63 36 20 96 91 60 82 71 72 91 8 44 67 66 85 44 51 37 72 32 74 78 14 20 14 44 79 68 33 92 62 36 67 97 21 76 85 23 86 24 59 58 92 3 75 52 52
16 64 21 47 92 0 71 31 69 84 62 43 54 97 7 60 69 89 78 81 1 29 67 17 99 56 63 17 42 10 32 48 61 53 73 96 46 50 89 65 92 79 67 23 22 43 83 1 25 64
35 98 76 2 27 75 64 0 41 53 39 28 4 26 96 31 57 74 83 74 38 5 46 41 48 17 66 13 34 33 46 21 44 22 62 55 10 72 88 87 16 97 90 52 55 58 66 3 20 36
27 84 7 3 39 1 95 73 77 29 30 59 58 36 32 94 39 52 22 99 52 93 32 73 79 58 95 61 63 42 26 80 8 12 7 61 63 14 42 94 29 8 35 73 5 29 17 16 91 38
18 20 95 14 3 49 71 9 11 45 73 92 19 30 67 88 31 33 43 12 32 78 81 89 79 16 8 71 86 32 18 26 77 86 75 38 98 88 27 90 51 84 46 86 3 31 75 40 45 54
17 87 10 66 10 2 54 70 47 23 91 50 74 17 5 78 58 38 41 9 52 90 30 16 93 4 58 86 82 24 1 95 35 97 35 32 64 42 32 63 69 1 71 74 27 36 60 78 37 91
40 92 58 93 63 68 8 43 71 95 97 78 75 44 90 97 28 90 44 87 10 6 26 60 2 75 48 4 2 57 67 20 44 93 62 4 22 2 14 20 98 42 81 99 31 9 68 97 35 25
10 28 81 56 28 7 68 73 22 20 71 94 33 65 17 89 0 90 18 92 32 92 50 91 76 47 8 51 26 42 17 51 11 31 25 2 33 41 59 58 84 86 83 17 42 78 48 53 72 58
8 17 79 15 1 15 50 74 35 35 96 18 69 95 40 18 34 72 48 14 92 24 80 41 64 74 32 37 74 44 9 51 27 91 91 10 26 47 77 73 68 11 10 84 62 6 15 80 51 74
71 20 63 36 57 30 93 19 18 95 40 31 69 67 45 6 64 70 60 56 28 63 55 20 55 27 8 85 86 10 44 56 43 4 17 19 74 93 82 37 51 47 73 39 50 8 50 10 31 79
80 51 6 86 23 23 47 48 50 44 63 62 97 89 36 3 45 70 34 84 76 80 14 22 89 14 38 51 55 2 54 67 23 3 86 39 90 55 38 60 84 90 73 36 34 81 58 9 9 1
53 6 79 36 34 5 19 25 72 47 30 57 48 83 13 3 93 26 8 8 38 29 92 34 41 89 60 12 92 54 89 99 43 81 4 23 20 78 67 80 38 40 56 76 25 96 27 33 2 36
23 29 74 23 17 19 95 66 32 96 47 24 53 16 22 42 50 5 32 91 87 74 88 18 14 56 67 19 77 71 62 45 61 58 60 96 50 82 94 62 52 65 50 97 59 87 56 44 3 34
68 54 85 59 82 80 85 92 20 60 22 16 44 49 48 78 7 96 46 38 91 6 90 81 50 3 77 65 16 7 62 17 80 59 53 36 55 37 87 99 17 96 2 40 17 12 44 94 43 91
70 83 4 71 26 74 50 17 32 85 68 84 87 11 14 19 17 81 12 31 29 61 25 74 0 67 46 45 4 40 73 34 57 31 28 8 20 0 70 66 85 58 81 48 78 36 75 42 20 86
47 87 97 3 13 36 24 70 16 13 74 11 49 35 8 71 65 3 7 29 31 68 22 79 70 10 77 21 15 20 27 32 81 76 56 92 52 70 22 2 83 58 96 12 78 74 7 49 77 67
17 55 57 99 84 69 52 59 89 70 52 53 49 82 38 22 85 58 32 82 14 45 48 56 53 41 49 29 58 78 67 40 19 32 18 72 9 41 35 27 37 52 6 87 1 5 29 18 35 45
13 0 51 87 55 95 27 95 80 35 56 66 88 29 90 37 79 60 10 87 29 82 38 22 67 87 81 18 78 73 10 84 91 96 4 27 16 76 91 98 2 61 77 81 69 65 13 53 93 23
68 89 87 41 99 62 81 33 72 57 60 88 74 88 0 39 73 97 61 42 23 55 59 22 95 28 73 89 91 81 4 80 59 67 59 12 50 48 71 30 73 73 72 47 83 81 27 67 20 13
11 33 41 35 34 5 21 60 78 63 95 80 80 91 97 34 86 61 90 40 69 62 50 55 23 45 41 43 63 90 30 60 78 62 67 72 3 29 72 10 82 1 37 20 76 70 12 91 9 0
64 4 90 54 20 70 55 31 87 86 72 12 2 83 90 21 19 98 13 26 64 49 31 29 56 76 15 25 44 36 4 4 63 51 13 69 49 37 87 81 95 48 87 84 48 21 40 4 21 94
83 44 23 68 80 74 46 34 96 17 67 10 48 54 52 5 2 25 86 22 77 97 11 23 33 77 40 54 58 67 41 75 32 83 32 88 68 66 96 30 31 54 37 55 2 97 21 95 46 42
14 59 22 24 12 3 72 84 62 85 14 0 58 91 31 48 96 91 27 79 62 8 99 95 64 7 25 44 58 74 18 7 32 93 72 4 80 56 73 44 99 37 40 35 44 55 81 33 31 79
12 87 57 9 33 95 10 8 10 80 51 58 72 70 53 53 75 41 17 25 9 91 47 79 81 71 87 4 17 23 84 56 55 51 79 82 29 63 13 45 46 7 17 97 54 61 42 46 44 2
74 46 82 31 47 84 67 30 18 75 32 31 71 37 49 26 47 15 78 51 32 17 4 10 47 65 43 39 61 76 50 39 8 2 61 42 46 99 13 33 83 7 31 50 49 79 48 96 76 4
23 68 24 21 50 46 88 76 16 53 55 95 41 33 66 97 62 98 81 49 45 3 30 76 9 38 99 43 3 33 70 32 48 16 37 67 83 62 39 31 38 43 50 67 85 70 88 49 37 18
94 64 49 94 18 48 55 18 52 70 15 85 42 86 83 52 35 19 92 35 81 81 75 53 89 65 35 36 45 18 1 46 61 32 43 47 60 58 76 18 24 98 17 80 56 86 36 79 48 56
50 35 25 20 38 79 78 95 28 36 89 54 74 45 55 72 78 63 82 15 50 21 83 85 77 67 2 54 58 53 40 64 18 22 86 4 44 39 71 37 98 49 44 69 54 25 31 40 62 9
19 31 5 48 45 76 30 67 86 93 19 27 10 49 88 53 92 92 8 59 74 18 21 89 3 37 13 95 39 51 10 48 18 78 23 66 84 79 34 66 50 4 22 7 14 75 41 33 0 13
58 2 68 6 82 13 70 16 19 34 54 35 18 88 86 66 63 16 81 78 52 19 19 16 35 45 13 31 38 70 52 59 73 5 70 32 71 35 10 0 79 94 40 11 62 63 46 48 16 73
83 61 54 87 70 51 51 51 46 18 27 75 53 3 51 50 8 33 97 76 33 88 15 24 33 90 22 38 30 52 82 25 99 82 49 95 26 12 67 26 26 61 80 70 65 39 96 56 27 25
34 37 4 85 56 21 56 1 31 31 92 32 75 81 17 43 43 18 74 88 0 29 64 56 62 37 41 51 36 4 16 97 87 93 70 24 61 4 47 42 51 74 43 49 45 99 41 1 16 89
13 94 14 65 18 24 7 74 68 6 58 73 63 32 89 19 23 18 67 14 24 57 72 84 18 79 35 48 64 0 28 33 21 32 84 94 65 9 40 96 51 69 80 12 35 51 12 33 77 30
56 40 71 41 35 73 64 38 57 82 53 31 54 30 51 77 75 70 95 85 6 41 5 46 34 36 82 85 19 70 78 72 54 69 45 61 81 69 49 40 95 55 69 15 32 95 49 85 54 7
40 0 36 18 89 55 86 42 62 71 23 78 35 31 53 61 12 11 27 77 7 76 30 45 10 9 52 91 2 33 23 62 18 40 34 69 52 10 72 54 0 70 87 43 78 14 53 48 9 88
66 49 98 17 95 12 73 39 55 60 4 78 76 49 6 14 85 62 11 48 67 91 67 14 40 31 39 25 39 62 29 94 87 96 95 48 54 84 49 60 66 87 52 45 85 77 39 72 98 4
49 65 71 64 78 76 17 63 61 60 73 80 30 63 31 9 0 18 98 57 40 39 49 81 66 35 8 13 32 45 61 84 46 83 26 88 29 66 33 14 27 35 16 6 70 11 58 15 81 24
80 31 96 58 90 83 33 62 22 69 27 5 33 37 25 47 59 35 44 51 69 28 20 29 75 64 68 14 51 56 35 11 63 62 88 54 99 6 78 15 81 16 67 56 53 37 29 39 38 94
