49 59 102 50 31 70 10 48 36 9 24 33 89 94 62 36 7 74 36 28 75 51 94 63 49 96 41 1 19 66 88 36 78 40 99 68 24 66 54 55 79 12 44 4 49 33 34 38 56 7
49 50 92 77 35 14 74 94 21 52 75 36 54 41 4 91 38 -3 30 12 50 26 7 3 77 -2 65 55 5 92 11 -3 100 31 61 54 69 42 77 44 73 69 98 47 54 41 52 82 63 35
46 95 63 72 48 48 16 31 52 73 43 25 10 27 22 5 8 100 5 36 57 89 22 28 89 63 52 58 99 50 12 23 84 27 3 36 73 66 32 60 77 59 12 49 51 24 69 94 37 74
8 3 16 11 3 29 16 2 20 24 101 36 76 78 96 41 47 38 30 63 48 16 99 96 101 74 35 44 94 74 64 77 29 39 12 68 50 39 70 5 76 1 42 82 92 5 34 89 79 21
100 46 31 29 29 36 72 4 23 54 46 59 90 59 50 47 16 93 92 97 24 61 40 56 4 90 50 41 15 35 52 1 66 41 7 32 100 27 21 29 16 91 90 67 76 12 65 23 4 59
88 67 27 94 11 3 64 29 29 76 23 -2 74 59 29 90 6 77 86 57 82 13 73 30 61 82 63 60 82 77 78 72 83 59 36 8 90 95 22 15 66 32 44 54 38 95 30 50 34 23
33 72 51 62 47 32 41 14 16 42 56 72 9 90 90 7 45 92 101 83 43 40 34 86 8 92 44 33 6 94 60 44 6 91 22 96 34 89 50 35 76 77 28 40 94 13 87 5 65 78
53 23 31 55 57 66 66 33 74 95 65 52 34 70 81 12 67 6 70 56 74 18 55 32 15 0 56 81 60 78 13 50 30 53 31 26 51 1 97 5 80 28 99 21 37 -2 51 11 29 1
39 81 23 72 52 78 12 67 61 56 52 81 42 52 91 17 47 37 79 28 26 76 101 85 6 18 45 49 57 48 46 66 101 23 89 50 84 31 7 48 51 94 40 60 66 96 7 59 89 54
42 52 77 49 94 73 41 7 14 95 38 11 86 59 60 59 56 72 52 92 49 28 17 13 47 32 50 51 20 51 49 33 91 78 57 10 15 55 6 76 15 37 28 25 36 74 50 86 27 16
38 84 16 57 97 54 72 41 95 35 32 31 3 39 62 91 43 38 93 9 46 74 64 45 51 15 87 51 37 29 63 39 101 59 20 22 73 21 40 5 55 88 100 36 20 48 37 95 17 76
50 45 74 5 91 50 52 30 51 55 60 91 62 17 32 25 32 7 32 35 87 64 88 43 83 21 23 44 34 2 15 37 50 89 40 84 41 9 69 29 21 10 94 65 66 67 10 41 43 52
27 57 70 14 24 88 99 72 59 16 19 21 8 28 51 11 95 49 86 10 98 14 32 88 30 98 73 9 89 31 29 15 58 17 85 29 54 16 98 11 89 28 36 42 87 56 99 26 98 32
64 45 7 33 56 60 82 20 91 -3 13 36 61 76 4 28 34 82 59 73 81 89 21 -1 77 8 8 28 48 27 53 74 59 48 74 39 33 6 38 29 16 9 58 29 35 4 57 94 101 52
50 91 36 78 54 66 67 86 33 47 96 35 58 44 85 72 34 99 7 81 100 34 29 84 90 86 17 74 87 25 60 41 32 18 84 46 46 35 71 17 4 93 48 28 77 56 102 49 65 75
101 39 81 58 15 32 54 13 21 56 34 89 97 30 9 35 74 33 16 35 36 72 48 -1 7 78 57 68 68 71 97 38 18 18 18 95 22 94 94 36 23 50 29 35 82 -1 98 65 88 3
73 55 52 89 8 20 96 60 49 83 4 96 47 95 53 80 96 30 29 60 82 50 74 84 34 61 33 1 73 95 75 24 50 72 36 5 79 88 85 68 63 29 79 32 66 1 45 17 18 22
44 49 85 18 55 71 100 50 28 96 36 29 6 72 85 76 45 81 97 68 65 18 46 44 40 18 27 69 46 88 83 14 34 44 59 40 67 25 73 63 40 47 13 14 67 3 24 82 16 17
39 97 42 37 93 44 48 98 40 70 24 77 8 72 72 90 54 70 19 34 101 84 88 69 72 12 56 84 31 51 27 73 38 17 36 54 63 85 47 85 68 17 71 30 47 93 5 47 55 3
57 87 73 29 14 35 64 39 24 77 42 51 74 31 46 3 35 72 47 15 58 12 95 54 59 91 62 26 65 85 47 90 28 70 97 18 96 51 4 58 35 91 44 83 100 26 8 77 59 38
40 24 99 84 9 27 14 29 10 65 87 92 6 78 45 10 81 91 77 80 53 34 44 79 62 57 20 19 55 32 43 19 41 77 21 14 102 44 98 50 43 46 54 66 4 27 92 86 52 1
12 19 40 41 6 6 87 34 80 45 36 -2 54 18 90 43 85 53 5 41 45 10 51 33 77 3 54 21 56 75 98 33 64 54 17 35 20 68 26 23 58 8 70 70 37 50 21 16 51 11
53 24 4 11 26 92 99 79 75 80 81 14 42 44 94 51 16 82 73 70 71 37 64 41 20 85 73 81 36 39 94 85 51 12 99 96 35 60 6 13 72 50 33 43 17 83 102 24 48 41
30 66 93 7 74 18 89 73 69 17 8 75 50 31 95 66 39 31 37 7 86 31 58 92 15 51 97 12 77 35 25 0 50 54 78 54 8 33 57 50 81 59 21 36 83 92 2 15 37 79
26 86 6 23 88 67 93 4 37 11 83 4 6 10 8 30 61 20 102 30 23 82 45 16 14 69 81 88 61 81 48 80 74 76 100 84 23 99 39 67 27 79 56 12 57 11 58 3 4 61
20 91 79 -2 42 67 58 -2 65 63 16 57 45 75 32 17 100 51 17 46 20 19 99 23 44 92 55 56 18 50 95 77 3 90 23 73 97 94 72 35 45 87 83 32 21 92 34 35 91 29
38 52 95 64 39 45 59 19 8 19 82 83 72 54 19 97 72 51 87 67 40 36 79 27 71 89 101 86 30 77 76 27 91 89 42 23 20 12 52 78 92 99 45 97 64 92 54 48 18 52
78 84 70 25 65 60 41 43 89 36 47 83 74 35 99 2 8 26 77 24 26 39 24 12 66 24 69 33 24 52 4 95 97 77 76 70 70 59 94 59 49 7 81 23 58 60 79 32 98 91
4 75 68 11 66 83 57 65 56 73 14 11 29 53 21 73 76 21 61 33 74 12 90 68 99 91 90 19 63 57 64 12 52 97 93 96 26 15 82 23 75 64 34 21 64 76 85 11 22 12
75 16 96 6 90 62 76 52 98 96 26 63 34 91 86 6 37 33 18 66 97 19 16 17 8 81 10 27 28 7 59 90 21 33 14 65 49 45 61 59 85 48 65 91 77 26 52 27 58 26
28 6 10 12 82 90 94 75 76 95 62 24 101 72 89 4 93 67 51 73 55 16 43 82 73 27 66 56 58 44 65 90 3 71 56 96 75 64 6 61 70 2 49 32 32 73 95 26 20 48
63 54 21 5 2 75 58 58 84 72 95 68 73 31 77 6 16 -3 32 22 88 39 35 5 27 60 38 44 50 83 35 41 61 60 30 75 14 68 86 86 59 79 85 90 89 89 16 1 46 65
67 11 96 22 98 92 52 43 65 87 57 70 95 27 72 88 9 80 43 8 35 99 10 19 39 73 12 41 81 34 36 59 42 93 9 90 39 59 47 51 87 66 20 9 42 75 41 90 29 88
92 48 89 2 20 55 49 14 64 58 26 50 88 92 67 2 66 40 98 92 8 24 22 14 93 53 23 76 35 40 19 21 55 15 54 2 50 6 14 56 51 24 23 15 39 20 27 71 34 25
4 32 17 86 55 30 53 83 19 65 65 16 4 12 89 24 90 59 58 50 68 69 38 13 100 10 82 100 21 85 86 2 16 32 71 55 90 58 78 97 96 35 22 57 54 46 10 64 76 90
50 75 55 74 53 19 9 94 26 0 38 65 13 19 5 8 58 49 33 76 82 90 94 46 56 29 77 96 24 13 2 14 69 1 22 43 26 55 29 29 87 73 60 18 73 68 59 82 46 72
99 60 48 27 35 23 73 75 34 52 76 73 81 18 85 46 29 45 38 2 81 49 91 82 81 42 37 86 101 30 90 23 29 45 98 6 46 47 52 54 60 33 14 86 85 91 24 63 92 56
98 16 66 1 4 91 48 87 85 27 40 71 78 30 57 85 84 11 26 33 91 74 38 3 100 49 7 71 27 13 54 7 60 -2 48 39 3 12 47 81 18 83 55 20 98 56 84 90 17 60
26 8 87 21 80 74 33 18 60 75 26 51 76 50 46 20 42 78 48 5 93 10 92 67 90 94 24 60 80 81 93 59 48 76 16 72 30 91 90 97 74 13 40 93 44 2 99 12 26 4
93 43 48 55 74 51 75 82 28 12 13 84 73 94 90 71 70 3 11 23 7 31 47 9 8 87 22 89 68 89 98 29 26 34 82 96 46 72 91 68 31 77 9 85 74 89 93 5 95 91
80 44 82 81 6 4 43 69 18 80 17 87 45 56 22 98 35 58 99 80 33 18 56 44 26 38 85 22 31 27 67 19 8 88 87 95 90 48 3 4 64 9 48 88 24 29 24 9 15 37
76 62 12 18 20 20 54 39 10 87 6 15 76 20 99 22 28 68 69 92 97 34 43 91 58 40 95 78 59 74 27 50 40 12 92 81 59 88 55 51 38 38 96 37 68 96 22 90 18 95
83 69 19 7 33 35 28 67 66 57 72 23 20 4 54 64 28 99 57 14 8 96 38 67 102 61 73 73 69 70 72 29 97 62 84 97 59 36 14 68 50 70 72 87 50 53 89 86 46 67
12 11 88 -3 66 55 28 34 80 31 40 78 32 85 98 70 21 21 99 71 90 10 72 91 31 71 90 42 72 11 46 42 33 77 80 81 26 78 99 10 44 92 59 26 22 1 10 55 72 42
97 83 102 14 87 74 87 16 50 51 43 83 31 13 48 70 95 46 23 68 83 43 93 54 6 39 16 56 23 14 14 85 98 52 40 32 17 58 73 53 16 20 34 86 47 56 47 62 30 78
60 37 50 30 81 92 71 34 38 49 59 71 12 89 21 63 50 9 27 57 82 49 32 78 92 72 69 91 45 21 48 17 63 59 60 27 61 25 51 53 92 36 70 48 7 22 50 60 68 48
22 54 50 46 99 52 14 72 98 18 77 7 84 29 14 5 65 7 79 21 53 57 5 25 41 84 5 57 50 14 70 70 56 68 58 85 87 75 101 9 87 57 4 58 65 67 24 44 38 87
87 81 25 78 100 29 27 12 8 96 2 28 50 28 89 33 76 35 93 83 52 91 90 69 61 70 73 27 26 82 37 -3 9 69 30 29 5 77 29 -1 75 69 82 2 34 69 51 48 16 -3
12 5 76 9 46 76 22 64 23 93 97 14 89 54 93 1 19 72 69 85 69 47 91 74 44 59 6 63 35 56 15 25 28 42 23 10 66 66 81 43 60 71 90 55 84 23 13 5 43 49
9 82 7 37 65 87 32 25 60 86 16 42 41 90 45 43 51 80 70 1 76 50 94 22 11 81 20 83 96 5 94 45 97 1 88 53 73 29 38 75 88 65 4 10 39 -3 34 60 14 1
El programa tardo 16 milisegundos en ejecutarse.
