23 88 27 57 27 30 5 4 93 39 26 56 32 83 17 73 55 51 36 82 7 86 26 3 95 68 96 46 57 59 42 8 98 20 30 17 55 76 72 21 83 74 71 53 24 72 92 78 41 91
5 16 87 22 90 92 2 17 34 56 21 1 61 91 93 86 26 72 69 2 60 61 29 85 15 11 2 19 72 51 62 43 80 87 31 54 59 48 3 56 100 62 20 13 64 64 54 2 72 77
37 76 4 56 35 62 35 12 48 22 81 22 92 16 35 92 59 73 89 99 26 24 39 16 26 58 91 19 62 64 69 25 17 2 102 71 64 89 6 40 91 41 101 50 62 81 7 87 13 75
46 30 35 37 22 33 39 16 97 32 91 93 7 42 30 23 24 20 7 84 64 69 73 75 89 1 38 65 62 15 36 71 34 9 21 48 19 95 71 66 77 45 101 47 47 49 41 26 34 63
73 28 84 51 47 13 12 1 19 43 77 49 67 100 16 66 89 45 83 9 40 19 100 2 32 80 6 74 66 48 38 20 94 88 73 77 83 87 86 86 47 6 38 17 58 37 80 42 85 31
60 24 5 16 79 47 39 71 78 29 8 28 54 20 73 28 4 54 16 12 69 50 57 41 89 28 30 88 30 65 55 26 40 15 21 79 72 81 57 1 93 47 25 14 23 15 42 11 73 50
16 20 70 75 51 83 84 81 45 85 96 47 17 92 14 11 15 26 89 74 77 96 75 68 4 36 22 46 52 17 67 62 67 81 64 61 83 73 64 70 97 59 66 68 56 37 66 97 90 45
39 35 46 24 38 91 76 24 18 73 81 87 68 20 97 26 62 40 85 -1 78 80 37 18 55 44 58 18 87 45 54 -1 5 46 17 55 20 84 55 4 45 65 86 43 89 53 14 44 87 84
14 38 11 78 32 10 88 1 60 37 22 67 82 59 26 50 92 72 17 53 96 32 97 38 52 57 17 7 70 4 78 23 11 73 37 86 17 76 11 24 19 17 21 42 78 9 21 98 4 52
56 58 71 1 55 64 83 77 93 30 55 10 18 4 6 26 12 54 12 3 29 13 20 84 41 49 96 51 30 41 32 75 99 7 98 -1 41 30 26 24 18 12 16 13 100 4 37 52 81 25
35 58 72 21 101 34 60 86 61 5 91 27 32 58 55 92 60 29 86 59 98 30 79 84 94 92 97 13 87 72 7 98 50 21 71 85 98 88 6 77 21 89 14 92 85 60 28 92 71 85
28 85 49 45 92 67 90 79 69 60 60 20 28 43 42 8 81 50 28 45 37 77 31 1 17 37 90 0 93 18 60 75 46 96 63 4 98 -2 65 58 100 11 75 69 53 72 17 81 15 85
89 26 23 66 58 94 64 4 68 50 91 62 89 46 101 23 58 43 51 94 46 9 49 22 86 9 59 67 20 72 100 5 80 4 56 32 101 29 27 37 86 22 43 41 74 4 11 98 27 87
45 86 71 18 26 43 18 77 25 64 82 41 69 34 56 33 100 51 55 36 86 38 28 57 3 28 56 26 50 50 7 65 79 11 60 44 9 89 53 58 100 7 100 5 74 31 9 61 54 50
88 57 46 15 68 94 33 82 86 59 82 8 66 49 22 57 3 43 66 67 12 35 77 45 29 12 21 68 58 55 36 88 38 81 75 19 77 35 87 59 28 14 94 1 9 70 19 76 72 54
9 56 74 -3 5 -3 2 85 25 74 80 67 99 69 48 77 78 73 59 5 41 25 99 50 82 36 25 34 21 24 70 21 85 57 33 14 27 75 89 17 13 36 67 60 79 20 25 8 91 95
8 99 42 54 35 55 50 88 48 30 37 32 97 33 70 88 52 63 30 60 57 26 20 52 92 91 54 29 6 61 91 28 86 19 69 20 62 8 26 58 42 18 7 41 33 43 4 49 69 14
35 41 72 72 31 47 12 50 26 34 70 14 45 4 33 10 34 78 19 45 19 43 16 24 9 53 64 91 48 21 10 60 7 12 30 28 49 52 3 69 56 79 72 68 79 82 101 80 10 43
91 6 94 87 71 18 89 54 22 8 68 83 41 55 83 25 93 11 73 30 98 73 86 24 85 31 70 29 8 32 67 65 60 81 63 22 45 86 102 44 44 13 28 5 27 44 32 6 64 74
11 72 69 -1 7 10 85 61 58 74 18 31 44 58 3 44 17 10 19 90 2 44 73 9 34 50 36 76 43 9 92 35 25 43 32 75 59 95 60 78 101 7 56 42 57 82 96 76 76 65
22 27 40 10 73 66 85 52 57 26 33 80 89 22 84 91 65 52 36 28 32 16 33 48 35 18 5 80 49 2 58 91 70 74 87 27 59 92 49 95 36 85 72 13 77 3 54 12 61 96
25 2 8 49 58 63 7 44 22 86 63 64 76 57 28 23 93 96 81 0 72 79 59 63 54 95 63 5 7 64 7 27 83 52 72 72 76 53 61 50 55 77 27 57 76 36 7 14 62 20
4 70 16 82 40 74 75 47 40 35 67 79 86 62 13 17 79 32 18 83 15 75 50 92 15 19 70 94 67 67 54 87 27 92 99 8 35 10 36 46 100 78 58 73 96 47 85 62 81 31
13 85 52 85 77 8 27 87 19 49 55 62 9 1 25 12 87 33 96 14 88 52 89 0 3 45 5 84 77 34 90 60 91 12 86 64 79 72 52 4 34 80 81 80 8 74 17 62 99 35
41 40 85 20 86 37 31 70 30 52 40 41 58 49 92 51 32 47 41 94 49 90 95 98 94 95 45 69 56 98 35 35 36 3 64 3 82 71 9 77 32 9 85 7 65 5 10 99 19 24
81 94 55 62 100 72 97 28 26 11 41 84 25 84 28 29 59 45 21 10 13 24 44 96 97 25 68 35 65 75 21 80 82 16 30 30 47 19 92 65 3 49 69 31 26 -1 87 82 35 73
42 45 10 68 25 34 84 3 45 76 95 46 18 47 32 91 7 31 26 44 40 24 27 80 94 97 12 72 70 14 45 85 45 9 68 17 32 97 28 98 71 98 71 38 70 41 90 64 82 37
42 49 41 89 13 30 16 45 10 21 17 43 7 91 97 25 96 82 19 -1 88 42 29 13 41 47 30 -2 93 64 23 -1 74 90 64 93 63 94 8 59 60 14 80 2 30 7 54 41 6 15
74 56 8 64 38 68 5 30 79 96 72 80 10 1 40 100 72 69 75 35 47 20 90 43 55 40 28 7 5 80 98 56 53 41 55 99 101 34 94 95 74 69 95 25 84 99 96 69 90 54
2 35 82 36 19 58 55 82 90 38 45 21 69 23 69 43 90 88 90 84 101 86 35 15 42 0 43 63 69 61 92 40 36 20 34 35 98 61 13 49 65 92 77 55 61 60 91 1 57 72
51 63 23 49 58 96 4 42 52 1 100 50 20 26 100 21 5 17 57 56 92 36 62 33 33 83 8 47 63 56 93 93 25 48 16 97 36 24 95 62 69 73 18 35 12 68 79 19 17 60
85 58 30 47 90 82 14 82 30 59 61 40 69 34 9 6 5 68 21 48 9 84 12 8 39 56 75 15 75 11 85 72 42 64 18 93 18 71 78 31 52 1 69 28 63 27 37 35 93 67
14 23 84 69 49 2 97 95 69 43 86 94 11 52 86 76 86 39 54 39 27 89 26 77 78 48 40 5 76 17 6 22 55 78 100 26 96 12 85 70 20 70 100 44 86 40 25 89 24 23
53 -1 27 33 101 43 6 42 70 24 58 8 56 76 71 73 100 29 60 37 30 21 60 75 28 73 47 54 3 17 32 5 60 59 68 58 14 -3 65 -1 72 45 40 0 45 47 27 41 38 8
102 4 3 95 91 1 62 92 40 29 8 32 86 33 58 99 25 34 94 44 22 36 74 62 76 25 76 39 8 51 51 61 15 27 27 5 70 47 40 55 102 39 91 85 29 94 54 14 62 16
99 3 99 39 2 1 20 28 90 12 22 -2 45 -2 36 72 37 1 24 65 57 -1 89 10 32 32 97 60 91 89 51 10 86 89 15 67 4 71 63 96 51 15 42 63 34 53 88 3 56 14
93 31 93 79 15 35 20 37 62 23 86 96 27 31 91 43 21 5 78 72 82 47 24 75 56 31 72 51 33 45 86 23 86 22 59 86 10 66 51 73 96 24 74 66 50 64 38 24 81 92
42 68 13 70 94 40 46 54 24 26 55 82 35 50 70 76 79 63 24 11 65 20 75 70 4 65 10 8 83 40 71 74 29 11 69 36 22 91 9 -3 77 16 81 14 73 27 94 46 97 11
36 14 6 46 92 48 48 56 52 19 77 97 17 77 97 28 59 54 100 100 73 18 44 94 7 82 98 11 14 64 93 2 96 30 88 81 3 24 25 50 14 38 41 25 23 62 63 67 39 97
43 51 62 18 16 74 60 36 37 66 59 37 41 33 93 90 11 90 95 41 68 54 7 14 90 6 67 80 80 83 3 64 22 27 79 54 40 68 87 77 77 -3 29 21 94 39 47 61 97 26
90 5 9 13 17 20 67 92 98 15 22 36 78 53 93 44 12 95 7 3 62 49 4 46 98 31 74 71 26 6 30 98 48 59 78 31 14 55 99 4 50 11 94 70 54 20 66 50 62 57
71 95 18 84 83 46 54 28 4 19 79 92 47 78 25 55 45 96 13 46 87 38 6 7 76 1 38 39 6 66 5 63 10 84 18 24 61 30 68 55 67 10 19 58 44 73 42 12 80 91
41 34 27 57 72 47 94 75 41 43 49 36 78 19 79 26 29 80 83 4 79 32 74 52 101 38 3 45 72 85 29 13 34 56 29 67 71 91 98 35 67 60 35 61 71 83 15 44 35 62
44 72 101 13 69 38 39 41 45 -3 62 75 26 35 61 18 92 94 73 18 83 74 53 45 88 36 77 17 61 20 77 54 70 27 75 0 61 18 57 -1 21 19 85 94 31 25 74 53 90 50
51 17 34 73 26 2 9 67 40 41 9 99 13 86 10 90 22 9 74 14 49 59 6 85 102 1 85 26 79 100 80 3 46 66 79 41 66 88 83 88 33 69 67 82 93 5 59 22 31 12
16 6 65 46 33 15 55 76 88 90 28 7 34 91 75 18 91 42 27 26 30 62 76 41 60 4 81 35 12 64 78 96 99 71 41 77 54 93 96 75 23 83 54 14 15 -3 61 54 96 10
61 95 78 84 63 51 55 16 89 33 43 98 67 59 51 81 31 39 16 42 23 30 73 31 9 73 51 82 73 69 15 74 63 19 42 63 13 57 96 48 26 23 89 85 79 69 74 60 72 18
62 57 50 4 89 32 37 45 50 72 6 76 24 29 62 44 55 7 61 87 84 68 97 38 88 7 74 36 22 86 82 80 73 2 10 20 73 36 80 42 42 12 89 94 57 62 21 8 6 92
66 47 75 30 11 46 27 95 5 63 6 96 78 54 15 57 67 30 85 64 92 39 36 71 3 70 6 32 65 17 9 39 31 99 90 22 3 67 8 46 43 93 12 85 3 7 18 34 58 61
73 1 88 31 4 4 30 79 68 21 31 66 90 35 73 51 73 91 13 81 54 37 53 47 64 0 11 7 89 25 72 88 42 42 23 60 2 85 39 71 12 34 57 17 18 17 101 24 57 72
El programa tardo 16 milisegundos en ejecutarse.
