68 69 63 87 55 73 65 95 40 73 74 49 91 61 28 9 75 85 51 76 57 51 14 56 75 3 86 43 62 38 68 90 50 9 95 86 88 78 81 28 20 78 97 57 11 47 9 72 96 20
14 27 14 64 83 27 48 81 56 1 9 59 26 96 29 89 99 60 36 79 58 55 96 73 97 7 27 38 64 24 56 55 63 61 30 64 69 80 44 82 13 88 47 14 19 10 78 91 62 16
38 39 82 71 75 99 20 47 57 78 12 56 8 97 11 44 75 55 43 40 48 51 36 20 70 61 98 99 18 95 42 91 89 51 36 31 43 64 47 75 38 28 69 72 90 45 77 8 24 58
33 25 20 4 81 37 82 45 82 3 4 54 39 76 42 73 30 84 59 11 80 61 20 65 91 81 28 13 74 7 56 42 71 0 2 1 73 38 11 94 3 50 41 22 6 2 10 51 54 0
76 72 46 49 90 61 29 86 60 42 17 81 77 64 44 76 33 80 18 58 31 88 70 8 5 47 53 78 102 56 43 9 60 15 12 54 98 58 97 56 65 98 50 9 64 100 84 85 6 52
37 18 15 75 60 14 101 15 98 94 82 52 78 71 73 78 51 52 36 32 93 93 48 68 12 57 40 70 83 85 42 36 45 23 23 54 48 54 55 64 48 77 58 42 22 20 51 2 13 64
29 59 25 98 29 53 22 17 77 50 30 77 99 3 32 26 95 6 36 100 11 43 81 11 92 50 53 50 20 65 28 36 42 53 58 13 60 32 76 32 7 78 66 15 80 8 72 48 85 99
25 6 65 37 75 8 28 78 47 76 31 61 32 78 31 17 5 71 71 45 93 19 79 51 76 4 100 21 76 38 15 20 16 66 27 53 55 44 63 18 80 41 32 37 25 46 8 67 31 24
47 45 73 85 34 18 6 91 61 38 53 44 60 26 20 27 100 54 62 52 26 16 45 87 47 90 43 94 28 77 78 89 8 56 69 24 90 54 84 46 38 96 90 77 35 78 98 62 81 64
43 66 85 0 3 85 92 22 59 77 6 57 23 24 42 13 8 19 77 39 99 36 24 68 81 58 42 73 40 85 7 7 87 40 93 65 64 18 19 53 19 21 68 96 63 79 45 -1 23 25
83 18 81 97 69 60 61 68 19 64 53 76 100 60 58 4 38 19 78 29 72 92 86 41 4 60 18 89 88 87 4 64 18 59 6 81 58 91 65 76 9 69 71 93 54 90 71 99 32 83
63 24 77 66 20 23 67 50 53 39 13 24 88 60 23 -1 45 12 13 72 28 74 77 79 11 79 41 89 87 39 20 38 55 30 60 10 83 66 89 18 51 80 56 77 70 39 86 83 20 23
23 72 97 91 35 51 38 58 47 95 40 93 24 78 82 21 82 14 64 80 24 46 79 4 90 33 29 75 93 6 89 3 84 76 64 4 91 94 48 25 20 10 73 49 85 50 60 94 98 27
28 38 6 69 95 79 86 62 90 11 95 7 56 86 85 35 39 41 33 51 97 24 61 4 15 72 65 96 20 90 53 7 3 -2 54 79 89 46 27 35 15 26 16 11 19 4 7 8 42 73
37 68 44 22 31 16 82 59 53 74 63 27 95 77 74 67 77 63 28 61 8 2 100 62 66 37 21 87 46 13 6 15 82 53 10 72 74 42 85 73 94 79 20 16 4 70 12 45 20 22
38 14 88 28 11 17 92 59 36 33 61 12 27 64 18 36 78 69 83 18 90 82 56 51 65 75 67 70 28 90 30 16 16 92 66 91 54 87 55 35 92 33 60 68 28 11 41 3 15 90
84 95 84 85 16 80 36 36 62 42 54 6 52 26 55 4 67 27 45 71 21 82 97 51 94 48 45 89 95 61 5 58 30 1 65 22 61 95 77 31 66 49 35 14 35 3 96 74 61 52
21 34 86 15 2 65 79 93 43 0 98 19 19 26 48 0 72 91 32 51 21 86 101 69 65 18 83 9 18 58 15 7 85 29 29 50 98 69 57 46 61 91 6 51 18 40 87 37 28 37
87 9 88 97 96 1 43 63 22 54 42 92 61 31 51 75 76 54 13 25 65 31 71 88 82 3 62 51 6 96 13 70 73 98 4 100 70 57 37 80 78 13 50 8 81 3 31 97 3 66
57 84 35 -1 66 88 4 63 51 83 72 93 52 1 48 79 54 29 51 52 97 24 12 48 55 59 40 94 49 5 58 51 87 56 26 25 85 16 96 96 101 68 5 38 49 61 15 93 59 75
17 86 83 14 52 17 75 26 25 2 75 88 12 65 87 47 70 73 44 33 79 22 35 32 25 46 25 62 77 22 71 36 46 14 8 46 55 67 38 18 10 77 71 87 21 14 81 48 47 11
101 3 48 68 92 44 34 9 86 21 23 84 96 29 20 6 24 11 8 32 11 64 56 41 91 71 38 1 72 68 88 69 54 25 85 69 86 19 35 33 32 49 46 1 52 44 31 4 27 3
41 12 67 5 34 3 82 99 27 65 7 82 6 15 48 12 78 31 62 83 50 26 66 87 70 8 32 67 20 83 72 28 64 49 46 58 58 56 13 70 10 7 55 56 36 7 16 45 78 54
88 94 80 44 40 10 8 35 9 55 37 51 36 59 40 92 78 95 66 74 44 75 43 23 23 78 17 49 46 52 80 96 85 25 99 1 40 84 60 42 64 79 37 17 93 54 74 54 7 92
13 2 5 33 19 8 102 70 98 30 74 9 29 40 60 99 44 35 67 81 11 10 30 11 89 8 16 24 30 77 46 2 82 23 100 14 76 67 9 94 51 61 91 21 41 64 73 91 58 30
63 57 70 95 62 84 10 49 100 68 67 37 53 56 37 39 47 69 58 10 92 56 33 95 88 6 64 88 38 66 44 85 62 84 35 36 51 -2 41 5 25 61 17 12 49 39 92 23 36 34
85 46 35 94 60 52 25 57 59 25 39 30 50 89 56 44 70 25 33 94 21 74 24 4 66 6 40 10 4 91 11 54 46 57 93 59 100 23 7 5 92 13 63 65 70 86 90 76 21 35
45 80 7 40 85 26 72 27 67 85 88 4 75 40 25 73 53 89 10 69 16 74 75 49 81 63 79 32 88 76 47 89 3 20 17 94 89 53 16 38 2 86 73 50 34 94 53 38 31 76
83 21 43 21 21 5 40 46 98 44 100 94 89 41 95 75 84 95 51 30 57 47 42 38 59 60 47 83 71 74 70 36 16 54 46 72 8 41 68 82 60 39 64 24 44 41 4 12 50 13
100 0 23 70 39 29 19 96 8 80 35 2 82 24 21 69 53 52 100 10 33 86 30 67 10 94 79 95 64 49 78 90 90 49 43 47 64 28 19 2 64 61 37 5 17 7 51 57 70 -2
69 56 4 23 37 35 84 38 76 23 34 8 94 32 14 97 72 16 82 62 60 99 44 56 55 68 41 98 43 73 22 86 44 92 39 91 21 21 85 62 74 94 90 64 43 73 66 62 60 47
53 48 44 52 11 63 18 57 46 43 96 50 13 1 98 90 13 3 22 80 41 1 69 65 54 77 81 44 15 57 51 19 75 90 81 83 58 20 14 79 99 76 80 78 28 61 52 40 57 57
95 48 10 75 21 10 48 26 94 23 11 100 99 5 28 26 95 55 10 33 7 74 92 20 54 34 38 3 97 33 24 18 22 23 90 23 83 32 57 22 26 85 4 7 98 45 60 44 73 8
52 63 83 90 30 56 13 76 38 26 51 78 80 33 88 54 74 42 69 80 38 25 48 37 5 89 60 14 91 29 40 36 3 75 28 1 52 49 79 95 23 95 44 81 33 16 56 10 20 7
38 46 44 46 51 52 63 28 6 80 47 27 49 78 85 37 25 88 59 26 87 23 69 1 13 82 64 82 73 61 45 7 97 58 63 39 49 86 59 53 74 52 6 99 97 91 38 91 68 81
77 20 13 96 47 78 34 46 99 47 99 -1 45 13 45 70 4 92 22 94 43 2 67 23 92 58 76 26 52 55 23 41 46 67 38 88 73 85 82 27 6 83 77 23 47 15 32 29 95 -1
87 34 85 82 24 2 72 10 45 84 32 38 95 51 35 66 7 88 63 35 102 70 8 31 100 72 75 12 39 67 101 48 73 61 42 13 99 38 85 73 12 71 70 41 18 94 66 93 37 48
23 92 13 83 27 72 24 31 43 64 89 17 73 46 41 22 77 70 85 39 4 3 66 40 62 60 92 33 93 65 45 67 72 25 47 74 57 60 7 84 90 -3 92 8 35 6 26 23 74 11
62 76 15 96 18 33 45 69 23 67 79 1 99 85 76 17 91 26 50 9 56 30 9 75 93 98 66 94 96 26 96 18 47 84 17 94 67 1 41 99 92 91 5 85 86 68 12 36 72 56
35 37 11 57 29 19 60 84 35 26 37 72 58 72 100 55 57 74 98 26 57 12 60 44 14 13 22 80 61 44 59 94 69 79 58 72 9 95 3 56 52 37 74 69 36 -3 36 17 88 34
6 38 87 60 91 46 74 33 76 58 25 24 97 88 96 44 56 94 60 53 100 19 33 95 7 40 91 58 65 23 48 82 28 7 41 41 90 30 52 79 16 63 58 83 52 81 42 40 94 4
84 28 55 67 5 81 66 27 14 10 56 85 56 70 24 45 10 47 87 65 40 94 89 35 41 61 98 3 36 42 75 35 58 2 95 22 35 30 15 53 21 24 38 64 60 87 70 89 52 94
31 68 89 46 24 34 70 21 20 32 54 64 27 73 19 14 72 22 68 19 55 47 40 50 6 19 81 9 75 91 94 72 9 12 62 35 50 74 61 36 36 58 81 19 24 48 90 43 95 81
9 23 57 17 40 55 68 12 91 7 20 55 63 27 96 23 30 94 54 49 3 65 58 37 7 83 53 13 25 23 101 76 25 29 42 95 94 8 11 81 30 19 44 30 58 12 34 67 83 72
59 51 19 24 73 41 52 34 97 24 84 70 32 58 60 1 57 33 46 33 94 59 28 71 23 65 24 84 20 44 61 41 12 77 50 43 37 85 94 94 30 99 21 1 47 40 92 17 88 55
15 10 55 59 59 67 91 14 56 72 30 29 20 25 25 28 77 22 12 66 51 59 64 77 13 38 56 86 3 33 5 59 29 43 70 14 32 26 99 13 48 -3 78 68 21 7 19 6 60 69
23 79 71 22 99 67 6 17 87 85 84 68 23 21 69 82 4 80 86 90 66 3 38 49 74 34 38 81 97 7 98 55 25 26 42 85 101 89 76 69 61 20 50 72 86 93 51 10 5 92
21 75 84 16 95 25 29 37 92 70 49 63 23 2 17 27 44 64 16 1 38 9 10 28 97 86 87 91 26 59 29 66 64 -3 38 22 33 30 80 4 23 0 80 43 17 39 70 5 16 85
5 33 65 15 12 53 79 1 3 76 16 52 77 11 40 43 47 29 41 23 32 4 68 33 55 14 46 8 77 96 46 88 87 87 22 83 43 87 93 97 57 23 51 21 53 24 76 9 34 49
35 35 34 39 72 54 75 54 29 37 32 86 87 70 35 59 53 -1 72 6 19 80 8 85 58 22 68 88 39 80 21 0 57 42 77 92 34 25 89 30 28 65 41 21 7 -3 81 25 69 77
El programa tardo 16 milisegundos en ejecutarse.
