7 61 34 74 38 24 102 15 77 22 15 33 95 36 55 92 16 78 73 65 64 58 44 85 31 29 100 70 28 99 39 37 78 75 72 50 102 78 12 80 92 37 9 82 35 43 39 65 46 29
21 25 76 19 98 23 38 91 99 34 37 33 75 2 32 53 23 28 67 17 6 89 85 25 100 93 14 26 35 70 58 87 61 39 46 24 86 85 83 24 48 51 51 89 27 12 24 75 11 91
46 77 25 70 73 61 71 96 48 5 98 60 51 38 18 78 13 9 7 51 23 81 72 73 24 29 62 21 32 17 98 17 90 19 22 9 16 64 70 88 93 48 4 6 66 20 23 58 83 82
62 7 33 23 33 4 29 83 75 74 2 38 22 23 52 87 53 12 77 84 67 71 7 84 71 13 55 56 67 0 98 75 71 14 87 6 101 51 34 78 7 36 38 35 72 61 63 49 3 45
8 73 26 78 44 4 70 22 70 91 82 28 29 6 92 31 42 39 30 23 97 13 73 71 93 50 70 84 33 51 19 90 51 47 91 87 45 51 78 5 69 6 31 28 82 24 78 6 56 95
61 -3 85 1 29 82 90 37 81 60 80 9 82 40 71 50 14 31 91 9 52 50 61 34 48 22 52 54 63 -1 42 64 71 38 31 65 61 14 90 85 70 56 90 67 3 54 19 90 5 93
59 78 32 44 70 68 89 26 86 31 64 19 34 17 19 76 99 98 90 6 52 10 50 66 91 1 40 73 9 7 95 20 100 42 57 34 16 54 98 87 67 19 11 54 75 58 31 51 83 72
13 11 38 87 77 7 54 -3 32 86 21 60 34 64 55 30 22 -2 38 76 24 34 38 32 3 82 46 70 13 88 30 0 66 70 44 59 73 76 31 77 84 67 46 87 19 94 94 64 50 91
26 45 43 5 48 43 93 89 7 49 88 90 94 4 11 40 46 90 53 54 3 83 46 59 31 24 32 63 68 18 92 6 84 62 5 68 3 79 84 65 63 34 41 14 97 65 40 94 76 90
97 79 55 27 35 22 62 70 14 30 97 20 46 76 22 82 17 38 72 14 69 94 64 25 16 46 35 72 21 47 23 70 44 71 93 93 83 42 84 26 63 47 86 11 14 34 70 73 48 82
101 55 83 48 24 93 22 61 5 69 60 5 67 16 98 19 60 100 97 87 16 85 54 99 53 61 75 37 12 69 51 29 44 11 81 53 61 85 61 79 36 72 80 92 12 41 72 27 93 22
57 37 16 73 82 3 89 46 75 38 48 81 15 29 44 64 47 62 71 18 91 9 78 5 36 77 79 44 52 0 9 55 35 59 68 67 40 71 52 87 65 26 94 56 49 65 16 21 26 10
24 62 12 87 99 7 61 93 102 48 94 39 3 85 36 50 82 51 11 19 68 40 44 24 81 97 79 25 66 83 74 85 76 23 68 8 92 36 10 38 48 32 26 27 74 53 62 30 24 48
84 50 67 46 27 33 99 46 73 34 28 47 40 29 22 7 85 42 41 73 62 76 72 63 97 8 85 9 13 89 82 81 14 82 53 45 57 55 67 20 2 48 39 77 79 12 63 81 33 47
88 7 28 32 100 5 42 56 46 57 4 32 46 54 79 45 78 42 20 55 12 9 12 94 26 24 74 55 100 42 4 92 22 16 82 69 14 37 67 31 102 90 99 14 4 11 84 27 54 39
96 89 83 29 22 81 15 8 90 12 48 26 17 11 14 40 30 64 92 43 67 35 77 23 88 79 89 -1 78 71 93 -2 38 -2 98 37 64 68 91 66 67 18 94 77 66 30 60 41 93 71
56 17 69 58 26 8 83 75 32 13 9 78 68 26 66 44 98 100 24 80 47 46 12 89 56 74 66 42 51 81 22 97 38 35 87 8 4 52 22 73 35 37 81 93 89 39 89 22 37 32
21 92 79 63 35 75 75 16 37 46 72 25 27 11 94 37 23 41 81 15 25 64 89 75 61 96 24 26 64 2 2 60 16 72 12 23 7 89 50 70 24 45 31 21 50 22 25 91 78 77
70 11 61 69 5 79 101 72 30 97 66 86 46 9 36 75 32 91 40 72 66 70 19 96 99 26 46 8 26 67 90 28 72 90 30 13 62 56 71 80 10 29 78 54 47 75 19 4 55 28
83 35 70 80 19 26 82 -3 90 10 59 54 98 63 64 19 95 16 100 84 48 10 100 -1 29 95 7 85 4 5 17 69 69 50 69 13 23 2 27 40 25 78 66 32 38 34 100 51 18 57
24 4 101 35 87 13 40 45 60 56 29 84 98 3 58 98 48 9 29 60 41 11 15 81 83 10 54 67 42 1 29 57 29 11 13 50 31 23 90 97 5 35 51 93 53 52 19 87 7 72
66 91 29 87 31 69 90 15 34 96 6 65 15 96 68 40 29 9 35 34 24 19 79 44 7 30 84 35 43 -3 41 51 65 92 86 81 74 3 100 45 83 76 54 1 49 96 27 31 31 44
28 14 77 55 41 6 92 17 35 27 67 48 33 25 31 64 79 31 98 32 47 75 8 35 87 61 22 57 37 17 28 100 71 77 16 19 83 66 55 70 98 9 28 44 66 84 55 82 75 33
78 34 16 27 32 -2 78 91 14 54 97 39 76 7 98 74 22 83 71 8 28 69 64 7 50 24 73 96 49 -3 87 30 2 21 97 -3 40 63 29 82 94 95 44 31 35 15 76 68 88 54
12 56 88 10 91 28 47 90 13 69 10 53 55 100 73 88 57 32 38 34 44 85 28 33 26 63 29 83 85 14 40 54 32 69 17 56 82 82 50 38 51 5 89 86 29 34 51 38 40 85
40 19 36 75 25 36 8 30 42 30 30 88 87 55 101 35 20 73 15 -1 66 70 89 40 13 29 5 14 14 36 97 91 95 78 59 91 12 21 16 20 53 47 84 68 99 58 66 44 45 63
85 39 61 11 9 87 16 93 69 75 49 80 36 64 18 37 58 9 19 41 80 24 66 58 38 81 3 41 12 75 39 100 55 88 58 3 37 57 94 47 64 59 53 54 94 84 51 58 46 4
96 29 21 8 85 47 86 1 6 61 53 27 18 12 65 50 75 2 44 82 88 89 92 65 82 81 41 67 65 50 14 27 66 9 64 46 22 45 48 12 51 18 50 3 82 18 41 31 77 58
65 26 102 14 45 90 7 65 9 39 67 90 59 7 85 57 64 14 102 66 93 24 84 73 40 63 30 27 36 25 60 9 36 86 24 59 34 51 99 18 34 90 38 33 30 37 34 23 61 35
17 12 99 51 53 24 3 17 19 93 94 47 47 11 74 87 93 55 79 19 43 86 40 25 5 15 18 56 41 1 68 76 99 29 49 45 41 47 58 1 42 35 51 25 32 35 68 66 82 61
101 26 80 72 40 11 28 48 56 15 27 96 78 43 14 24 31 92 9 89 65 92 27 1 43 48 27 12 95 65 4 10 38 72 57 30 52 3 10 3 42 42 66 92 90 74 79 44 75 64
64 20 68 86 65 5 46 72 41 45 65 66 44 91 4 23 23 74 62 78 43 89 100 93 81 10 70 21 14 91 18 10 76 45 62 41 67 20 54 91 95 81 99 85 25 0 57 -2 40 65
95 46 75 23 63 1 69 48 39 24 15 53 88 68 85 78 75 71 36 19 59 59 44 30 14 25 86 40 92 66 20 6 12 61 91 86 62 12 33 26 67 75 39 13 7 49 57 65 86 3
68 82 68 70 31 54 44 83 88 85 70 81 76 82 42 24 32 80 68 10 57 11 15 74 39 68 34 27 59 62 60 74 90 68 54 8 81 10 91 26 59 3 66 84 29 61 31 68 43 66
47 44 100 46 92 83 3 24 26 19 62 10 17 40 102 30 15 34 90 48 91 15 39 30 37 53 3 49 17 62 26 18 24 33 6 55 30 57 22 83 17 45 53 9 12 69 53 3 64 60
62 73 2 88 70 12 21 20 64 5 26 49 32 13 5 75 57 56 98 83 93 36 32 94 98 75 55 33 54 25 49 36 73 63 35 11 11 1 64 44 95 20 12 50 86 84 96 38 36 48
36 5 40 33 24 76 11 100 50 86 101 76 101 72 39 43 94 79 60 8 66 43 65 41 93 16 15 31 60 63 20 23 100 29 52 47 28 61 48 89 50 34 19 91 83 28 25 25 40 74
17 14 46 76 49 71 32 52 16 87 90 7 98 8 56 43 63 38 52 17 40 3 55 1 51 86 98 12 79 81 93 74 74 43 54 3 71 10 43 90 53 49 27 49 17 67 87 1 46 -3
90 39 39 85 22 82 59 58 101 61 89 35 53 67 15 93 81 77 55 69 10 23 63 61 73 48 47 71 16 39 32 5 46 59 89 77 99 89 42 83 34 11 56 31 35 47 51 22 14 22
14 30 38 94 99 56 53 66 71 12 69 14 54 31 3 66 28 35 96 92 96 8 100 72 3 9 45 15 85 80 3 33 70 74 36 55 97 66 97 46 15 92 60 18 28 90 10 -2 17 31
70 46 97 32 54 80 14 63 81 64 93 49 71 94 83 64 13 67 66 73 37 51 77 54 93 35 40 61 85 55 82 60 33 11 87 77 15 45 72 87 37 53 24 73 17 85 11 85 97 77
96 32 38 55 2 82 93 70 66 58 53 46 88 92 99 71 17 55 8 -3 55 22 60 81 45 75 81 76 5 26 101 22 8 50 58 2 76 60 72 31 28 71 10 5 46 85 45 28 93 19
40 20 39 93 20 46 101 77 13 22 17 79 88 50 14 21 19 14 44 79 102 66 57 48 6 48 32 56 97 24 55 32 75 67 19 26 92 96 83 95 61 40 31 17 74 32 3 18 12 67
44 13 22 62 89 54 48 11 34 4 41 84 72 65 65 87 74 78 89 76 52 44 6 80 34 67 53 57 63 34 32 1 90 48 80 6 94 73 50 27 33 2 69 39 86 68 86 26 47 31
7 65 72 20 6 93 102 79 55 34 21 26 27 44 56 73 79 97 13 79 82 77 98 40 40 87 47 85 3 41 48 23 79 97 56 79 63 85 101 83 10 62 99 51 77 23 92 26 65 19
32 58 53 81 7 25 58 30 98 44 62 57 81 91 86 89 62 13 28 65 36 36 58 18 12 92 100 71 73 85 31 65 85 96 37 69 6 50 4 61 81 92 11 88 7 2 72 45 101 2
24 83 11 64 74 20 84 81 82 20 67 67 57 55 64 15 91 93 75 6 59 8 61 91 35 2 23 19 87 75 63 93 84 61 7 94 13 82 81 3 26 84 22 18 53 53 72 78 21 8
28 64 72 40 71 80 26 60 58 40 51 53 80 4 34 17 3 79 92 72 80 3 35 48 88 90 53 78 93 35 71 91 43 12 53 31 5 85 75 10 21 92 62 39 13 0 91 76 12 9
90 49 62 81 19 29 64 16 21 98 90 68 34 69 7 50 81 81 9 93 90 28 41 78 7 56 56 17 79 90 38 38 69 97 19 71 13 43 58 74 76 22 22 40 76 37 87 43 41 98
7 87 27 33 52 90 2 23 69 52 75 2 64 43 31 54 101 24 44 54 84 39 55 83 92 23 10 69 37 20 93 20 66 29 74 52 6 74 76 52 42 10 95 70 68 54 91 23 79 73
El programa tardo 16 milisegundos en ejecutarse.
