46 90 59 4 72 31 25 31 69 56 88 84 24 30 76 10 82 84 44 24 56 93 52 73 81 72 51 74 12 33 91 73 72 43 20 60 38 92 16 2 71 45 6 51 79 31 30 15 50 11
23 91 26 35 97 12 31 22 99 91 8 5 3 26 49 -2 22 27 92 21 60 24 45 86 23 45 40 43 8 88 65 50 4 64 26 -3 43 30 72 88 82 77 18 2 53 1 88 92 40 48
83 85 47 62 39 58 73 34 51 65 15 68 58 86 90 49 69 41 56 60 76 77 16 30 29 67 49 92 101 61 78 88 18 100 65 60 63 24 98 69 70 12 36 35 89 54 9 25 95 42
43 87 15 81 70 73 8 52 81 88 72 24 61 83 101 22 97 60 80 7 53 41 14 64 45 88 46 68 16 26 11 76 72 89 70 68 94 19 63 78 38 61 74 19 59 66 91 31 48 10
15 50 35 10 25 10 31 8 62 39 27 43 69 24 91 17 43 19 37 84 10 55 41 17 82 3 20 30 76 21 77 85 82 72 13 41 40 76 37 23 44 82 64 9 44 53 87 51 101 32
13 66 67 60 6 92 27 5 37 71 76 35 71 45 49 10 20 28 19 54 51 51 48 23 41 80 65 6 75 90 57 63 95 80 93 76 40 27 87 47 47 72 87 54 47 51 22 60 40 -1
78 12 99 52 67 93 72 4 53 65 102 53 60 81 11 52 25 83 46 78 74 9 42 57 23 53 63 49 47 17 34 47 44 6 70 52 39 7 85 82 86 22 71 68 15 6 87 71 54 18
61 1 65 67 5 96 100 5 62 -1 48 63 81 82 48 76 71 74 97 49 89 23 97 28 11 55 30 45 6 86 28 66 30 93 61 78 90 74 49 52 51 74 89 13 66 65 39 37 100 55
30 37 53 90 95 45 54 100 96 21 97 6 79 70 82 82 61 33 5 14 37 33 88 11 55 19 64 77 14 74 49 63 67 82 100 36 95 82 36 20 65 80 37 97 62 20 49 91 57 61
24 60 24 61 97 23 54 31 62 65 82 85 25 70 100 45 46 34 99 25 38 18 88 9 92 65 36 45 5 27 73 79 40 16 53 77 30 67 62 20 21 39 55 75 10 76 24 73 49 92
87 62 42 34 56 30 81 34 70 93 31 98 15 55 25 53 43 40 17 73 77 56 36 26 57 20 27 88 94 55 93 84 28 91 5 85 66 94 47 13 50 91 94 100 39 46 17 60 24 98
71 29 96 45 32 84 56 72 46 67 22 9 79 18 29 33 74 95 23 66 85 56 44 17 72 11 63 49 47 50 97 83 9 27 37 28 101 78 36 45 10 27 91 41 73 64 4 18 20 16
64 98 66 17 72 50 89 69 96 27 75 70 13 27 91 64 63 32 37 6 77 40 88 97 94 48 47 40 64 97 87 63 90 95 99 86 100 11 71 43 79 29 53 96 70 60 90 5 40 88
10 91 62 37 39 31 93 90 56 59 31 81 77 79 55 76 18 33 69 4 44 -1 74 12 22 30 55 6 92 90 27 80 71 29 30 46 32 91 25 20 57 33 95 52 63 75 52 17 94 24
48 43 46 49 64 41 30 82 97 66 13 43 84 20 68 91 20 13 56 77 98 65 22 32 66 21 14 13 37 17 66 62 98 72 56 5 73 90 64 40 39 92 39 76 97 91 95 97 68 89
76 22 42 70 97 8 75 54 53 56 70 87 100 57 80 75 69 9 26 32 25 41 54 61 2 85 46 0 66 14 14 34 13 38 74 5 86 73 94 51 44 79 97 14 84 64 79 79 81 67
28 19 21 27 73 28 74 35 90 17 17 79 48 43 39 32 85 20 52 35 75 81 95 29 37 76 28 72 47 63 99 83 58 54 73 95 36 78 82 37 63 95 16 99 57 46 5 69 50 71
40 92 17 87 88 51 4 16 101 61 80 10 79 37 2 60 68 38 76 74 54 18 22 3 24 54 22 10 92 84 78 75 41 89 65 33 45 71 59 78 97 8 26 21 97 24 9 28 20 75
27 85 97 84 100 31 65 83 33 30 89 5 75 91 67 31 23 23 99 32 76 95 17 58 95 79 29 51 60 85 61 93 49 18 76 68 84 94 16 68 12 12 89 55 26 68 48 50 96 75
8 -2 37 44 72 46 16 80 67 88 73 -2 58 25 87 28 48 79 34 32 36 0 87 43 19 58 16 7 72 23 64 31 87 7 61 49 33 90 13 24 61 86 38 38 57 -3 52 35 2 32
12 96 19 52 78 66 91 32 73 2 38 93 72 89 63 88 42 54 80 27 102 52 78 45 59 2 48 19 27 32 23 95 36 26 53 27 101 24 73 67 24 73 22 81 44 5 56 36 21 44
88 15 9 54 88 46 36 94 53 50 89 47 92 71 73 21 29 10 11 20 95 7 93 -2 97 89 32 11 90 29 88 17 43 1 35 31 89 36 70 67 49 11 82 63 9 41 40 2 61 1
67 55 77 15 14 27 56 98 83 6 24 52 101 60 74 29 15 12 32 80 87 21 6 60 79 88 30 71 44 83 33 69 6 57 69 30 65 95 60 52 29 40 4 13 24 15 11 26 22 37
87 58 87 55 50 25 99 92 40 68 31 77 67 29 68 8 37 21 43 25 25 38 6 6 52 52 12 38 72 19 94 78 43 36 32 87 63 96 35 2 51 1 82 70 32 -1 29 57 63 21
48 20 27 57 3 100 75 37 98 50 79 63 85 66 7 82 40 24 93 73 8 52 15 82 14 52 58 98 62 43 69 87 96 48 20 87 19 93 83 54 13 79 81 59 31 14 47 52 10 98
94 75 47 88 71 -3 12 -3 82 14 17 58 61 80 62 23 3 33 64 82 61 91 39 90 26 66 55 28 58 8 85 37 100 7 99 45 21 2 96 19 31 29 47 72 19 20 49 66 92 74
80 38 50 10 79 14 42 3 96 10 52 56 24 51 13 84 57 64 16 80 98 69 11 94 36 16 88 97 69 85 26 12 72 45 41 14 45 64 41 38 45 54 63 58 97 2 13 15 10 85
76 44 68 -1 29 70 55 19 3 33 61 92 90 70 87 30 22 -1 88 42 66 80 33 28 92 56 24 71 9 29 33 70 44 13 20 87 49 29 66 12 48 13 40 77 83 43 4 83 29 6
44 40 44 50 24 61 74 70 26 17 4 12 90 44 44 38 78 11 58 7 17 82 25 63 48 49 83 10 52 84 27 75 98 32 69 50 36 4 52 96 92 19 79 29 59 14 83 89 63 91
62 16 86 89 53 -1 49 22 55 3 48 79 17 40 86 56 20 25 98 95 6 94 91 19 18 41 91 94 67 86 7 70 19 22 45 39 5 22 52 75 86 40 76 3 73 86 17 88 90 11
23 14 86 71 3 55 46 14 97 13 50 33 82 4 76 70 43 18 48 81 40 56 32 7 70 73 95 69 16 26 50 95 96 26 69 46 57 81 95 18 41 13 97 49 57 38 44 82 17 85
19 86 37 55 98 8 33 33 88 80 93 8 27 14 15 17 57 18 21 82 96 18 79 44 84 89 86 80 100 82 31 3 37 89 4 32 45 66 89 61 78 86 48 3 29 14 31 21 87 17
3 83 98 58 16 51 18 50 18 63 9 41 42 86 15 14 51 97 20 84 44 32 38 16 85 46 64 72 24 55 66 66 71 44 4 32 79 42 76 79 22 100 67 8 77 26 19 53 70 64
100 69 72 38 42 8 56 39 7 65 96 96 35 86 10 51 41 54 29 67 78 63 53 28 76 29 51 20 41 0 10 29 86 9 53 71 58 22 40 14 91 15 12 17 65 55 7 93 55 15
90 68 88 19 38 48 48 69 8 88 6 97 65 72 96 9 96 62 45 97 36 46 8 75 31 83 62 32 39 56 22 41 102 35 19 68 76 51 15 7 70 76 86 64 81 42 97 89 15 76
87 81 78 26 46 81 89 -2 4 37 8 46 87 6 4 48 91 5 76 42 89 43 36 58 59 33 5 29 58 26 27 57 55 9 92 1 57 66 100 29 16 87 97 84 41 -1 42 7 97 61
22 53 30 83 92 27 90 55 50 42 38 95 63 74 86 48 62 60 34 28 79 62 47 96 43 49 5 39 94 77 93 68 45 43 41 19 40 74 17 16 75 59 72 9 11 60 86 92 21 88
19 49 82 40 84 24 35 88 41 68 26 69 19 69 38 -1 92 3 67 66 88 36 9 88 16 51 89 41 69 7 80 62 51 91 98 45 100 -2 52 80 11 89 80 82 54 89 93 15 75 9
32 10 14 61 93 7 98 90 38 63 14 79 75 47 14 33 35 46 8 76 9 57 26 62 74 8 70 59 54 96 67 2 72 9 32 44 33 99 87 93 31 100 38 56 28 92 27 76 44 100
50 80 29 87 44 67 26 82 33 4 97 85 28 56 44 14 19 27 101 79 10 34 27 61 15 81 53 13 52 87 78 3 17 87 62 15 91 18 25 12 30 90 55 63 35 20 88 59 12 1
49 17 76 83 37 91 102 14 76 69 38 54 59 41 82 70 95 58 95 36 100 47 3 22 32 5 18 51 9 14 61 80 41 43 24 96 7 52 92 46 75 24 65 27 76 38 61 9 12 67
55 86 24 13 21 6 73 85 34 6 88 66 98 20 25 52 12 95 50 9 7 7 57 13 44 56 15 89 7 36 73 21 37 64 58 7 81 73 48 57 74 84 26 78 52 94 25 94 16 34
84 2 97 67 56 86 23 15 9 94 26 94 16 43 85 50 93 48 20 51 57 77 75 36 102 88 59 23 48 78 60 76 93 7 73 23 44 51 17 24 100 71 3 81 79 89 62 16 33 90
62 2 59 93 71 29 54 77 22 70 27 11 64 15 30 92 64 81 89 10 74 53 54 75 75 90 58 45 21 77 5 70 90 21 46 90 71 67 3 95 89 92 90 2 36 53 32 61 6 27
20 83 62 31 78 95 24 41 85 6 98 52 93 73 41 83 11 96 52 70 80 43 46 46 48 22 64 33 61 12 40 12 24 20 69 34 67 50 75 95 24 47 17 11 79 83 17 60 62 49
77 18 87 9 45 57 2 20 50 41 69 27 44 68 65 18 50 71 82 79 45 77 6 90 44 20 36 23 41 72 58 93 54 46 95 76 63 47 99 6 65 57 2 30 101 93 38 11 83 58
52 17 12 73 78 62 51 71 35 95 23 54 71 5 3 99 45 71 68 15 81 81 25 64 10 3 71 92 32 83 51 5 89 62 85 29 78 39 99 9 64 100 49 3 56 89 48 49 86 87
20 79 83 33 95 22 85 50 98 71 26 12 54 39 47 43 34 41 42 86 65 44 92 60 7 27 73 77 49 53 41 40 7 81 49 90 24 -2 44 37 51 -2 19 82 49 85 92 64 24 28
32 94 82 66 52 26 33 82 20 19 49 18 96 41 86 42 69 30 92 49 11 74 71 18 67 47 5 18 101 70 76 26 79 94 96 38 37 78 72 93 81 53 39 57 101 46 62 84 40 52
87 69 32 62 57 23 57 56 86 53 86 45 52 7 73 80 68 88 38 21 79 80 18 89 61 35 16 8 87 88 66 87 23 94 32 4 78 90 7 38 70 17 47 75 79 75 59 8 89 93
El programa tardo 16 milisegundos en ejecutarse.
