84 45 81 11 63 82 11 38 22 85 3 86 71 39 88 76 88 94 21 90 4 93 32 6 36 4 50 94 94 9 92 64 36 47 50 84 46 47 33 89 6 39 73 92 91 65 29 69 66 15
89 46 77 82 100 24 41 18 30 70 3 69 67 94 5 11 35 29 19 55 85 19 35 0 4 62 69 95 17 81 34 56 81 35 51 40 54 50 28 78 31 66 3 77 54 91 59 49 71 57
62 66 4 90 13 77 85 99 33 38 6 49 65 45 22 34 84 13 39 30 35 86 57 48 44 81 58 86 76 1 75 47 65 57 11 8 40 73 89 68 86 66 19 35 99 26 23 73 11 53
22 39 12 39 5 63 74 48 96 41 71 -3 60 64 68 57 89 53 57 48 95 8 58 94 39 8 91 75 12 78 88 35 75 23 78 -3 100 66 91 61 91 56 55 88 84 35 15 58 74 4
100 65 40 33 59 60 7 29 73 11 90 34 65 3 77 97 81 7 52 97 13 77 78 16 98 27 4 89 27 49 71 62 77 26 76 18 62 90 33 15 32 81 95 33 59 83 41 10 92 94
37 17 71 36 37 13 37 9 71 41 4 80 93 23 78 13 81 87 17 62 62 4 35 58 18 9 91 8 78 46 30 91 12 7 45 39 65 20 5 78 47 55 67 95 42 11 15 0 75 84
90 56 39 8 68 16 27 79 16 26 75 37 8 73 45 20 97 77 58 21 75 79 41 49 99 13 89 62 65 90 63 57 10 93 8 56 85 1 14 53 90 91 94 58 93 90 71 98 52 22
14 2 37 78 73 62 27 78 97 70 60 83 5 80 69 78 39 31 13 -2 77 60 64 63 8 29 8 80 79 25 91 56 88 1 5 41 72 87 33 62 66 -1 97 12 24 37 26 18 81 -3
59 82 26 50 6 90 63 94 55 87 26 92 84 21 39 16 36 62 82 52 75 26 100 39 64 29 14 64 41 58 28 35 43 65 99 89 28 77 42 97 48 58 55 52 22 37 21 73 82 63
2 64 40 39 95 34 98 53 89 44 33 57 21 16 69 38 25 55 64 56 85 52 94 41 71 65 2 35 97 31 71 26 61 14 33 63 65 59 72 81 62 74 75 22 79 43 12 89 2 11
64 46 17 3 84 71 18 41 23 70 75 6 3 35 98 36 73 83 83 58 99 52 33 78 97 100 40 42 30 54 91 97 96 98 97 70 7 43 81 59 102 19 67 71 75 16 78 27 19 7
41 45 59 65 9 77 17 31 36 12 96 81 46 60 101 39 3 -1 3 88 30 96 28 90 78 61 34 57 36 12 33 6 56 54 66 71 61 32 13 58 100 45 77 78 74 41 59 1 41 87
30 31 75 39 37 1 23 62 59 31 42 9 56 61 79 57 45 4 84 28 100 94 82 90 10 6 5 25 71 64 71 31 53 40 45 85 99 67 50 92 47 99 85 95 8 95 40 37 36 87
95 26 37 51 101 80 12 30 91 46 81 33 59 3 71 78 4 40 51 69 15 75 51 13 93 55 18 9 17 2 30 71 63 75 77 22 20 24 36 38 47 52 22 85 69 0 62 30 83 5
45 22 67 13 32 12 75 29 86 1 31 10 32 87 44 75 11 28 48 48 16 11 91 30 75 60 57 42 46 50 34 68 10 27 51 31 24 99 79 45 49 72 59 78 28 85 55 5 59 19
54 -3 62 49 23 83 62 28 7 27 81 43 15 42 62 19 54 39 42 22 85 45 95 38 80 96 5 64 77 93 85 19 33 2 79 63 35 74 69 -2 89 56 91 13 7 60 21 7 64 61
13 41 27 9 91 19 48 19 81 3 72 90 28 81 64 95 98 21 33 22 79 96 32 7 100 61 37 32 58 17 58 89 13 81 19 59 28 32 72 52 54 68 21 37 59 27 18 92 40 55
83 57 41 -1 35 65 4 47 39 49 68 79 6 69 56 92 29 66 12 62 48 38 96 21 9 26 73 89 81 12 7 6 5 40 68 23 100 21 75 12 46 65 73 80 21 49 89 80 73 39
64 41 96 26 55 23 16 51 98 28 5 9 100 85 60 29 43 76 81 19 69 55 86 20 38 63 11 91 18 63 20 29 42 4 24 34 80 18 30 44 24 60 75 90 43 16 85 18 67 65
66 69 70 65 24 26 19 92 66 29 58 58 33 65 5 44 28 5 88 18 6 13 68 60 18 30 61 74 41 9 24 48 89 9 75 21 21 19 44 81 79 1 13 33 45 65 88 56 11 52
49 79 31 69 64 68 23 71 62 18 99 94 75 95 53 39 72 41 14 58 101 67 71 28 75 15 37 89 5 91 17 12 75 60 19 36 62 79 85 19 50 12 31 30 69 37 88 3 64 98
22 90 63 50 59 51 43 58 55 58 75 45 5 41 73 85 32 64 72 30 90 33 64 33 44 3 88 5 31 14 19 71 91 70 43 -1 45 38 88 68 57 37 87 20 45 71 90 85 33 28
25 77 8 99 46 83 35 87 17 66 38 96 37 10 42 41 58 96 22 34 18 86 70 67 66 27 32 20 100 60 50 33 48 59 14 1 18 81 60 85 26 47 102 7 41 86 55 75 28 61
13 80 76 34 81 56 83 63 25 68 6 69 70 60 86 66 45 85 7 51 43 79 94 49 20 55 98 40 85 50 2 6 36 90 82 11 60 36 88 38 25 82 78 91 72 81 32 80 72 4
83 6 6 51 54 60 69 15 72 15 94 43 8 100 87 76 67 54 90 71 57 62 63 11 10 39 62 19 87 39 95 89 9 12 11 12 45 47 9 20 77 87 99 5 17 25 52 49 55 60
34 25 72 88 13 27 92 33 44 76 45 35 69 38 45 60 45 17 19 55 17 60 88 80 69 37 48 27 46 47 66 42 30 94 31 20 45 35 34 31 29 17 6 76 60 87 56 10 26 64
51 84 48 69 54 83 32 52 92 51 77 80 43 100 3 85 70 73 87 36 85 22 42 12 10 100 11 25 45 59 20 14 77 67 101 92 38 46 98 23 50 74 21 59 94 79 102 67 20 95
15 42 92 72 70 31 91 56 42 73 23 42 99 42 66 34 36 63 93 79 28 39 16 28 50 27 78 21 67 55 85 32 81 70 88 32 45 10 76 37 80 22 96 94 22 50 12 71 4 52
58 38 19 35 73 11 61 70 4 9 25 8 51 97 49 66 94 2 27 64 84 72 6 26 79 75 34 44 46 80 98 42 70 1 100 21 9 98 31 22 47 97 94 9 5 37 60 15 53 62
28 60 60 81 21 55 27 42 88 63 78 89 35 30 13 37 81 9 71 32 18 70 13 37 28 52 97 81 33 75 83 29 66 56 47 81 63 9 12 -3 8 67 69 20 65 96 93 64 2 18
40 21 64 44 10 99 89 2 22 92 82 29 72 40 28 86 62 59 14 87 99 77 60 91 17 6 97 30 23 22 21 95 20 11 31 92 39 74 22 59 10 99 50 20 65 14 66 20 102 98
55 13 64 8 52 42 73 80 54 16 44 76 17 77 67 62 65 62 35 83 83 11 68 27 87 84 13 10 23 49 93 44 48 25 36 25 71 73 88 17 62 74 80 92 34 13 37 13 88 64
11 63 76 78 34 21 44 75 26 77 79 95 43 93 24 20 54 35 26 1 75 29 47 63 95 58 29 38 58 47 101 40 30 49 9 42 44 49 78 71 48 90 18 93 19 47 12 58 58 57
28 88 100 24 63 38 92 72 60 14 22 6 23 78 13 59 97 84 47 18 10 85 72 86 24 84 72 86 89 8 4 86 97 83 5 27 61 70 38 91 98 30 19 69 59 93 62 48 70 90
36 60 86 63 73 86 12 86 67 13 59 6 3 84 83 19 39 48 56 21 102 26 57 47 76 72 81 48 9 91 14 87 88 22 68 68 56 9 59 61 35 99 39 95 78 43 21 74 34 22
38 77 22 9 49 18 28 6 36 53 91 93 31 0 56 45 57 61 45 81 87 72 68 16 94 65 58 54 9 63 89 82 7 47 12 10 79 57 28 61 95 13 61 68 42 90 72 33 36 75
94 33 56 37 32 71 89 83 94 60 14 56 97 46 18 6 71 15 41 66 56 30 7 32 100 73 90 29 70 29 35 90 8 90 80 67 86 12 50 8 89 1 91 68 72 88 70 11 27 65
59 24 73 76 80 80 72 94 80 50 38 33 21 55 9 54 82 -1 60 49 76 6 67 55 39 52 27 7 10 55 13 33 45 37 97 57 7 19 11 7 53 49 12 85 26 67 15 74 60 22
33 53 61 53 63 65 86 82 64 89 63 23 62 16 82 36 94 100 92 85 5 76 69 42 62 95 83 12 50 28 83 10 39 44 34 28 30 62 78 22 84 46 84 48 17 5 30 45 3 47
13 25 32 30 21 87 30 45 90 58 66 45 11 89 9 82 44 0 82 79 17 -3 33 67 43 52 87 62 64 86 85 37 16 3 9 81 82 60 86 39 17 14 18 85 49 79 30 38 59 8
61 53 11 41 73 48 35 81 12 81 32 94 99 96 18 49 70 13 63 92 4 17 12 42 30 82 8 77 29 80 83 39 12 24 45 51 62 13 97 29 52 34 34 18 91 16 46 85 59 25
2 58 59 21 43 27 6 38 5 14 79 -3 7 62 13 21 93 26 82 35 73 60 15 20 36 23 23 30 3 78 63 14 88 37 71 31 77 12 70 85 89 59 44 84 92 8 2 41 42 94
77 45 100 16 4 4 6 73 25 78 55 10 67 74 94 17 49 47 65 84 14 97 82 88 32 84 58 21 47 37 41 50 12 22 96 13 72 38 60 12 53 59 32 35 15 74 39 66 68 38
59 19 81 62 47 7 78 92 10 54 25 42 79 41 76 -3 9 42 30 84 60 33 101 80 79 26 26 38 86 45 79 30 62 90 81 20 95 40 65 13 95 38 48 61 95 -2 92 23 63 44
65 27 19 46 23 96 12 21 12 12 55 33 40 5 90 32 11 47 96 66 50 81 69 98 95 18 98 41 62 73 41 9 78 72 26 25 69 38 99 50 31 19 54 27 60 83 66 62 20 9
26 19 23 34 93 27 69 54 16 29 23 65 84 -1 58 43 16 58 67 40 81 62 60 15 56 54 85 7 38 48 87 52 49 51 101 53 71 34 99 0 88 79 58 59 36 52 80 66 49 81
25 51 7 41 4 31 85 64 6 11 30 79 36 5 99 45 34 54 85 28 45 88 50 39 95 100 87 24 19 61 18 25 40 37 88 12 11 99 26 7 77 82 94 32 53 64 8 93 33 38
75 74 31 40 70 13 53 32 54 3 94 77 81 0 56 85 94 38 29 90 69 21 75 11 17 23 59 81 53 14 42 89 43 9 25 1 6 62 15 59 98 73 44 87 26 40 40 86 61 12
85 20 79 95 85 47 37 62 86 36 28 83 20 79 69 8 12 35 73 41 15 74 42 47 19 39 50 10 67 33 28 56 78 67 74 29 91 21 77 82 79 97 34 44 43 58 64 15 11 88
48 13 48 38 30 43 94 66 64 64 50 54 97 55 8 65 50 91 14 88 24 77 33 85 5 22 50 38 44 14 17 76 4 8 24 25 12 34 27 61 38 71 93 19 24 61 32 -1 17 51
El programa tardo 16 milisegundos en ejecutarse.
