96 86 84 100 4 1 33 64 9 74 48 74 3 21 7 12 64 68 3 17 99 84 74 38 42 84 34 73 26 16 93 96 50 10 21 40 18 97 49 2 4 50 55 6 84 53 41 55 19 67
27 7 30 80 34 84 85 62 47 8 33 86 9 27 70 93 43 14 88 12 98 79 55 -3 65 26 93 94 24 18 5 11 98 2 42 86 78 94 45 92 35 24 35 14 84 83 56 53 85 39
30 58 49 10 42 1 13 15 86 66 92 34 29 1 28 95 95 4 12 18 92 84 81 97 74 15 26 64 12 81 24 62 82 59 81 84 22 75 46 8 82 27 40 10 96 61 102 28 52 62
86 80 74 78 71 75 38 73 95 18 51 14 47 57 75 44 65 33 44 37 11 91 29 8 16 49 32 60 56 31 52 0 86 56 46 35 83 81 35 5 95 83 24 82 45 95 3 24 50 82
76 68 42 90 92 61 8 67 23 28 87 67 94 70 28 13 3 62 87 80 83 73 79 73 61 90 17 59 24 80 75 19 56 55 76 42 48 79 64 93 63 63 58 59 51 20 86 4 47 23
75 4 30 60 80 36 46 80 11 24 86 95 15 -3 78 46 4 69 32 20 48 70 54 30 70 25 13 67 52 6 90 73 29 33 12 6 84 60 27 40 97 3 87 43 51 4 98 72 42 36
93 24 10 47 16 53 28 90 55 74 17 73 65 6 94 32 11 96 5 43 28 72 40 34 48 35 54 87 61 94 16 20 73 9 79 54 15 96 40 94 15 4 62 63 67 96 86 59 57 14
93 19 100 23 22 38 10 26 2 31 56 83 89 16 18 75 91 78 34 38 46 -3 24 73 101 76 26 27 26 -2 47 37 82 44 4 70 82 34 74 81 32 3 3 68 8 11 17 84 37 21
60 38 74 68 36 97 31 71 101 16 102 15 99 37 38 39 3 66 76 11 40 98 93 54 52 30 67 8 55 55 32 80 87 93 5 69 96 26 3 77 91 24 39 97 8 68 48 92 84 46
62 52 93 87 44 72 14 63 2 10 91 4 13 50 59 86 79 32 29 67 38 0 85 64 15 81 58 56 33 6 14 69 23 28 5 11 72 1 22 96 18 73 84 36 68 1 36 24 28 24
58 13 50 13 29 96 96 85 35 73 82 50 15 78 98 44 58 86 31 16 6 68 27 100 11 1 77 7 72 90 16 18 39 41 98 49 13 16 82 14 71 98 8 2 53 42 43 43 99 37
7 53 99 55 15 4 29 4 83 38 30 27 15 15 28 23 69 76 96 38 99 73 22 84 38 84 72 93 27 56 17 -2 13 6 74 75 49 31 65 79 100 4 23 89 19 14 76 14 81 66
52 65 4 63 63 1 26 94 45 58 46 58 50 21 5 69 90 29 84 34 19 18 28 63 72 49 55 48 37 55 12 73 23 51 12 74 100 82 77 16 34 72 47 11 3 71 20 54 77 19
10 9 95 54 97 83 87 63 39 75 6 12 50 52 27 57 58 62 29 53 20 36 7 95 10 11 8 21 44 35 44 -3 29 94 71 14 51 67 96 96 58 32 96 83 81 36 74 -2 81 24
102 64 87 43 54 14 28 8 101 28 10 12 11 28 42 15 71 19 40 33 63 1 61 38 16 53 85 76 102 94 27 79 18 98 22 18 32 37 14 35 18 10 3 58 51 38 69 6 78 50
35 52 57 65 89 68 88 15 63 31 47 68 77 86 51 84 17 23 45 78 49 15 30 10 10 62 89 62 99 56 67 53 92 48 45 3 31 72 95 50 4 29 44 -1 18 32 96 95 79 75
49 42 48 72 96 49 86 64 98 75 58 78 69 53 13 52 97 19 93 67 37 56 52 72 37 38 13 65 38 53 7 31 60 84 32 22 29 79 38 73 26 18 95 58 46 58 43 16 20 22
96 69 20 48 8 11 19 75 6 96 44 79 99 7 19 82 58 64 11 19 50 89 59 19 14 0 5 58 99 77 27 84 15 4 84 9 75 73 14 74 69 59 93 4 4 70 59 79 52 55
19 88 25 13 3 100 16 64 32 10 20 17 22 12 19 60 27 98 94 50 57 64 47 20 19 27 64 78 7 48 71 2 66 28 42 37 76 77 58 93 47 17 28 18 9 96 46 10 77 22
32 39 14 75 38 52 73 51 7 82 101 91 88 85 93 16 56 44 56 54 60 30 90 -1 34 15 29 70 11 70 84 51 86 54 33 56 12 73 38 57 62 84 54 6 14 46 65 72 12 86
26 11 24 32 33 60 65 33 28 45 30 69 36 33 11 81 4 32 35 29 32 52 85 59 13 99 32 38 96 72 89 72 55 73 65 71 7 35 99 15 33 42 66 8 87 8 71 5 52 30
21 43 63 66 23 28 66 65 54 26 3 -1 57 2 7 84 99 29 64 40 47 47 73 20 9 11 37 12 22 71 62 41 31 27 100 13 3 -2 67 29 24 54 90 62 84 58 71 59 27 81
64 13 55 75 15 88 80 68 17 66 17 57 18 99 62 43 69 4 38 48 84 35 19 63 41 65 38 52 17 58 55 90 77 34 11 4 19 13 45 67 96 65 28 34 65 38 90 31 69 29
59 89 67 0 87 71 48 42 34 33 69 85 38 39 20 54 8 0 31 20 81 19 32 56 7 24 14 55 21 73 25 70 87 66 62 29 23 15 74 43 8 55 24 62 60 28 19 2 11 76
96 84 44 82 34 5 65 44 54 51 83 72 58 33 7 33 21 84 45 44 21 86 95 4 74 53 14 23 89 7 53 90 87 7 66 59 44 55 68 41 91 72 18 11 78 60 78 78 56 11
9 72 29 58 51 73 57 47 28 69 37 54 58 79 75 0 89 9 63 83 77 21 20 40 26 16 4 39 79 94 15 16 53 -2 17 87 2 14 52 4 13 62 11 12 95 60 12 39 14 29
88 44 94 74 26 75 22 5 21 9 60 57 84 40 59 70 24 58 100 27 72 52 29 70 45 6 44 81 46 42 72 60 69 99 44 79 83 4 8 22 34 44 29 94 3 32 33 22 88 1
15 25 96 50 76 25 45 59 91 40 47 82 27 22 9 53 78 15 17 73 90 74 79 41 61 43 20 12 31 43 54 13 64 50 32 5 24 66 4 87 64 56 87 63 9 18 77 61 4 45
63 43 9 54 40 95 43 7 72 20 90 64 98 93 36 42 93 47 48 41 32 53 68 98 11 47 53 94 42 62 41 29 58 71 93 55 89 65 17 95 68 65 91 22 74 62 69 81 97 67
99 66 8 77 57 75 55 49 83 48 42 43 90 61 63 0 41 75 63 31 81 56 29 59 49 28 3 81 35 57 7 94 5 48 79 14 48 85 86 87 11 19 76 67 53 75 7 24 36 19
66 47 92 10 32 48 31 24 68 57 68 61 85 80 83 64 53 74 24 20 57 85 63 9 19 54 50 4 52 67 71 98 73 81 100 62 80 26 83 23 39 39 89 52 62 78 88 91 42 22
91 28 97 42 26 80 52 32 74 6 81 3 2 80 93 48 12 14 5 54 5 51 31 9 84 29 59 8 80 96 16 -2 54 41 25 54 33 7 42 34 78 35 30 41 43 96 34 34 78 62
97 60 35 80 83 64 96 89 9 21 24 14 94 65 10 49 84 100 55 82 24 61 70 88 19 56 63 6 98 27 96 9 43 31 57 41 51 87 33 71 11 42 101 32 42 33 67 46 3 82
26 85 10 -2 45 90 21 90 18 19 99 91 50 12 9 4 49 45 45 14 16 5 14 23 60 56 12 81 100 11 83 7 6 8 44 96 44 54 64 9 16 77 22 1 74 94 38 39 41 81
79 90 48 39 26 68 87 73 9 74 23 100 16 84 45 40 54 1 25 94 40 13 93 98 79 32 32 7 75 6 5 30 44 15 95 67 33 65 92 4 55 61 77 21 8 3 85 10 46 58
70 88 49 8 17 68 11 9 27 66 8 11 62 17 14 84 12 42 69 2 37 45 16 72 64 16 54 10 92 74 19 41 18 19 73 42 31 5 16 20 46 28 57 83 33 25 77 19 85 84
88 78 82 9 31 14 91 18 21 76 4 9 11 2 15 48 66 85 99 69 86 75 8 40 62 18 93 66 81 4 90 95 68 98 44 48 62 36 38 11 52 46 3 92 50 4 91 73 66 87
92 39 77 37 54 36 9 80 57 9 11 66 87 14 46 76 100 76 88 11 64 73 15 -2 21 85 56 52 68 13 46 61 101 40 18 6 66 -1 85 68 4 72 101 17 43 36 76 8 9 76
12 97 24 20 60 79 68 94 55 10 90 2 84 84 60 42 18 54 86 83 47 32 9 63 50 48 67 82 3 68 48 19 89 86 18 35 98 35 70 33 10 9 72 81 44 88 7 1 18 39
87 83 19 51 101 89 80 85 74 34 68 41 85 22 88 54 63 89 25 41 61 71 96 53 81 75 4 36 66 57 63 33 59 75 26 71 65 20 16 9 86 28 48 15 79 70 82 96 96 54
56 10 76 78 87 14 46 65 3 100 59 31 102 88 14 6 35 99 43 6 82 23 42 100 5 30 94 90 45 71 90 24 77 7 75 55 65 11 74 45 93 17 27 16 95 68 21 53 29 62
74 58 31 86 36 -3 61 89 41 89 91 86 101 79 43 43 97 64 69 94 17 84 47 51 96 59 76 87 70 11 10 -3 69 93 2 5 94 43 16 29 57 50 38 44 51 7 90 65 37 38
55 8 47 64 75 38 61 38 16 36 60 1 28 59 83 18 91 78 59 62 73 41 91 81 85 46 14 81 62 54 47 11 85 56 53 20 55 23 82 21 17 93 100 60 15 18 38 99 56 7
2 58 84 57 27 29 19 56 44 2 79 65 52 76 44 52 79 68 16 89 26 26 38 38 49 31 77 41 61 51 45 45 77 67 50 -2 29 47 57 19 25 -2 27 26 19 21 82 60 76 25
28 87 24 73 43 50 84 35 83 77 46 47 49 54 78 44 12 65 12 24 98 44 40 74 66 93 18 2 75 45 79 36 10 40 44 16 61 1 68 42 88 19 39 16 75 54 28 30 82 11
30 68 6 37 66 30 61 65 24 94 14 68 8 39 84 51 9 82 95 35 76 29 89 70 57 29 55 62 6 53 5 35 5 57 27 1 8 34 57 65 56 84 27 37 7 0 39 2 25 90
40 49 26 33 98 99 25 79 71 26 82 34 41 99 65 33 13 90 34 53 57 64 11 38 11 16 89 94 26 54 36 80 21 55 31 96 36 79 36 54 3 42 79 89 58 26 14 71 85 20
54 37 32 75 48 9 100 93 13 53 69 92 5 88 75 38 96 96 61 28 42 -1 11 77 75 21 75 95 29 80 16 28 18 74 67 2 93 22 59 12 2 72 20 34 29 76 41 10 24 72
21 38 70 72 41 69 14 2 16 23 84 21 45 36 39 91 13 51 56 1 92 52 56 67 17 90 64 20 86 61 47 63 20 90 52 88 41 25 43 48 83 45 81 100 98 5 35 22 78 92
85 65 83 75 14 95 79 87 81 63 40 59 90 76 22 72 98 59 26 16 87 83 67 78 33 72 58 78 10 15 39 71 48 78 68 29 33 40 30 48 57 19 84 11 59 26 80 74 81 20
El programa tardo 16 milisegundos en ejecutarse.
