59 72 93 94 56 92 99 95 27 4 23 52 23 45 80 6 92 51 64 68 3 66 101 9 89 68 96 52 60 5 7 96 93 81 73 15 32 99 6 68 87 28 70 58 70 41 20 98 13 24
63 33 52 47 76 14 91 78 77 58 58 13 85 84 90 53 18 81 87 49 42 20 70 73 5 57 77 80 69 74 28 78 60 -3 61 70 71 90 31 95 7 52 34 30 76 3 6 0 101 82
55 86 93 36 23 64 91 12 83 78 77 94 90 49 77 59 40 63 34 23 52 64 22 25 35 89 59 16 65 48 33 49 86 75 10 97 63 15 3 49 56 56 70 58 74 63 6 68 52 24
23 75 29 55 64 30 76 5 83 83 79 76 42 24 30 62 13 14 9 65 29 19 86 56 50 92 18 32 17 26 2 76 19 39 11 8 93 56 45 2 82 70 98 24 91 96 26 20 93 55
28 6 79 55 81 52 14 40 76 41 71 1 44 33 31 40 76 42 3 61 102 98 97 9 73 60 100 85 24 9 45 76 7 100 19 12 93 42 83 25 90 16 61 28 11 52 55 4 21 25
74 63 28 47 25 15 43 94 4 95 28 73 30 -3 54 -3 40 13 71 40 79 29 6 0 86 9 75 80 41 61 73 79 55 95 88 43 13 71 69 64 41 19 77 -1 65 40 28 28 45 71
46 58 20 42 4 11 50 94 38 94 99 66 30 100 58 12 23 82 48 62 60 76 56 6 35 31 28 15 79 23 63 31 18 79 22 15 45 88 70 58 27 27 7 2 14 64 83 59 57 81
89 67 49 93 27 81 4 48 90 79 23 58 80 41 97 20 52 -1 58 39 29 75 39 89 74 76 66 27 74 80 46 39 28 18 91 0 35 30 88 -3 89 40 54 66 17 -3 54 87 93 79
48 74 48 78 98 84 8 15 55 16 97 44 42 11 61 13 72 13 37 40 52 84 100 32 51 11 5 36 92 39 33 13 19 32 70 5 32 6 4 38 13 11 28 44 75 62 95 81 53 53
71 95 15 23 49 32 37 9 2 90 48 93 80 8 34 95 89 54 88 45 82 34 99 18 93 6 77 29 77 4 45 60 98 36 87 46 57 57 56 25 38 0 33 88 9 72 99 0 95 8
67 66 28 26 87 39 14 78 19 56 52 34 98 19 51 76 98 72 93 98 65 7 69 89 69 6 26 2 62 53 37 82 76 94 61 25 72 21 79 15 73 34 31 4 15 74 17 72 78 29
54 23 57 94 68 89 74 56 53 48 44 86 17 8 16 82 39 77 15 15 53 52 3 27 7 38 2 29 50 47 51 27 89 43 23 81 47 32 67 14 58 29 101 78 23 77 92 69 81 1
100 10 98 74 87 93 79 41 36 54 101 11 61 32 24 24 14 32 81 94 89 17 85 7 100 30 57 44 44 57 11 38 18 67 22 76 44 91 3 89 47 62 69 77 9 32 21 68 41 69
81 0 58 23 22 18 21 94 12 86 4 16 29 33 86 44 60 8 10 84 75 4 49 -3 91 69 30 -1 72 33 7 82 80 90 49 27 100 65 97 75 71 24 86 57 19 86 81 7 74 21
27 35 39 31 82 8 49 21 93 38 5 61 54 69 50 38 95 29 4 70 61 75 20 100 90 59 62 59 97 57 74 14 46 92 102 93 68 3 93 66 11 25 15 96 28 52 28 33 10 72
10 75 28 3 92 11 33 58 81 32 37 91 73 25 84 62 4 48 18 15 8 19 97 46 28 94 90 85 96 5 47 15 60 16 8 49 43 8 15 96 30 39 26 27 65 80 79 81 89 33
45 41 96 50 35 19 93 27 38 67 61 54 77 14 52 43 26 2 43 42 99 19 75 36 45 85 22 5 80 89 9 16 3 85 71 47 66 11 75 74 49 25 64 70 83 97 49 7 83 44
90 82 16 44 20 46 88 28 15 88 62 46 51 86 59 87 6 77 22 48 8 6 61 11 25 51 94 30 29 84 37 72 69 79 7 80 64 59 60 62 82 12 74 12 101 14 90 42 85 28
66 12 48 64 73 74 10 6 40 72 51 13 10 36 8 100 75 5 67 81 83 95 84 32 93 79 12 59 93 31 81 71 61 35 54 25 59 31 7 47 19 22 39 15 11 65 76 7 68 7
42 54 27 48 15 20 16 66 9 38 29 88 65 46 71 83 5 65 30 29 48 85 10 60 4 15 99 86 5 96 94 64 92 27 83 33 33 68 84 73 27 61 100 35 44 33 79 27 33 7
3 1 50 4 98 80 92 48 64 34 40 26 52 37 44 83 43 83 102 42 13 88 57 10 34 67 10 54 38 26 84 78 97 5 68 33 18 7 33 59 24 50 92 53 85 41 29 39 10 50
67 3 56 58 23 90 101 -2 25 54 30 50 97 13 60 65 94 11 45 20 49 91 66 76 50 46 71 24 79 68 42 30 68 83 7 17 98 32 66 70 32 30 81 67 27 10 23 95 65 38
91 52 66 73 98 41 94 1 33 29 50 47 8 14 52 16 3 71 20 52 48 13 82 24 66 77 68 54 67 37 102 40 28 91 50 91 23 34 35 41 61 42 66 85 77 13 26 36 66 44
48 75 14 70 90 66 59 18 16 86 24 33 71 65 45 67 77 55 54 72 91 10 84 44 95 45 27 88 40 7 71 61 53 13 4 75 27 89 13 25 63 46 7 67 79 56 31 34 30 55
41 65 83 65 49 48 50 63 89 65 85 74 42 50 6 100 68 93 16 85 45 41 97 62 52 54 80 64 64 58 7 28 24 57 44 43 25 24 3 45 100 40 12 91 49 24 15 92 31 21
64 35 60 -2 36 -1 94 96 13 30 48 45 63 58 17 79 75 41 41 25 40 74 95 77 91 50 66 59 79 4 95 21 34 91 3 48 2 77 71 96 74 26 67 33 88 50 13 75 14 67
50 98 33 95 19 4 89 97 29 61 70 58 54 79 8 12 26 55 93 32 43 25 96 48 54 36 82 51 14 44 20 15 99 86 34 91 59 91 57 42 22 30 26 18 29 32 6 69 80 47
93 46 43 46 59 72 99 54 82 29 82 26 3 68 50 26 98 65 12 26 70 59 97 11 91 23 48 10 13 82 42 9 20 30 53 12 46 68 79 37 3 21 31 43 66 70 11 34 40 94
72 78 76 78 17 37 67 5 34 49 43 75 65 87 74 70 101 99 86 70 5 7 100 29 22 99 75 56 90 99 95 5 31 58 63 70 11 62 87 98 19 11 9 12 35 75 25 31 86 19
51 6 97 38 62 75 96 41 46 32 81 21 19 85 29 66 67 19 70 95 25 48 93 85 41 32 80 3 25 -2 26 64 76 87 99 0 31 26 33 75 81 26 77 5 22 55 13 30 100 94
67 13 25 5 72 86 18 75 92 13 47 32 39 59 86 54 94 54 40 60 31 43 96 86 99 15 102 99 16 54 95 16 86 74 49 9 84 42 15 87 60 20 35 11 32 10 64 83 60 10
77 2 7 59 97 41 52 87 21 53 75 5 81 79 93 17 63 71 94 77 93 39 53 75 99 71 30 38 39 34 49 29 86 15 35 -1 80 27 18 -1 14 57 71 67 94 22 28 55 39 39
50 82 10 19 17 15 23 27 32 10 6 8 93 28 74 53 99 56 44 54 58 5 97 54 83 42 91 64 17 79 81 78 39 75 42 24 84 3 93 92 73 56 50 91 19 79 55 64 67 47
34 51 42 14 19 56 79 19 6 -2 7 93 81 86 91 63 47 38 30 62 67 89 30 83 22 95 15 0 18 49 6 69 17 57 20 43 43 74 29 -1 29 39 45 25 100 77 93 79 50 11
47 2 60 52 51 79 26 89 4 38 24 14 12 59 75 72 94 20 33 86 41 75 102 33 53 78 71 11 32 45 43 32 26 32 42 19 91 3 23 15 39 36 8 25 54 44 19 76 30 47
80 87 16 74 43 26 47 57 21 96 62 58 18 55 92 74 86 17 101 75 80 5 37 3 32 46 70 85 40 74 94 7 56 81 51 55 8 91 87 40 39 40 2 52 34 80 43 57 28 34
19 58 30 89 35 72 52 77 64 15 79 68 13 76 77 38 33 70 55 6 28 18 45 59 48 8 87 94 26 25 45 10 94 18 57 83 58 38 102 71 34 57 15 4 49 31 5 14 84 76
45 2 15 85 90 51 17 29 18 66 25 88 63 53 37 95 10 84 26 10 15 58 35 51 90 17 16 43 73 0 25 -1 80 62 4 94 101 28 22 65 57 7 92 27 8 30 100 49 52 44
88 36 67 47 59 55 56 70 16 67 35 95 61 99 43 80 94 66 19 96 56 9 67 86 87 61 50 8 69 22 6 61 59 25 37 28 30 54 35 79 85 19 25 60 89 27 73 80 93 60
83 4 12 35 32 -1 50 73 94 54 85 39 54 0 13 64 3 63 47 46 22 34 89 49 70 64 37 74 73 75 10 85 41 50 32 12 64 7 101 96 95 1 7 70 53 89 77 21 60 68
38 32 7 9 31 1 11 25 32 17 37 41 75 22 70 37 71 64 35 21 56 49 85 58 73 50 65 60 62 62 57 100 30 87 7 65 78 71 39 40 76 41 87 68 66 32 31 3 86 94
31 51 72 40 36 92 3 53 22 56 9 -2 63 91 65 33 47 44 25 48 78 8 65 75 63 18 84 63 52 79 60 46 40 19 30 27 51 62 29 36 24 93 78 9 68 39 31 90 54 52
81 59 86 44 27 99 25 65 46 40 34 63 47 85 54 17 17 32 69 13 37 29 39 82 40 9 87 54 11 50 71 57 69 88 65 85 75 54 62 27 85 50 70 81 29 57 3 34 52 17
94 26 43 87 47 8 7 81 6 69 63 78 2 14 66 7 16 85 3 42 61 93 5 21 7 44 22 43 12 27 36 6 70 28 97 7 8 69 89 66 55 8 38 85 89 71 65 79 19 6
98 17 76 43 42 92 28 89 88 11 85 92 23 8 58 62 3 92 45 74 66 13 93 6 95 51 101 11 51 82 17 12 66 66 26 52 47 71 45 20 74 47 8 29 6 35 40 17 65 87
55 94 92 80 18 94 63 9 47 69 10 68 44 6 5 82 23 92 7 88 36 33 89 96 83 1 51 13 65 92 69 44 56 77 26 4 28 41 26 88 39 -1 74 85 80 30 89 30 29 26
89 40 100 43 92 73 91 84 39 79 10 81 81 9 43 22 79 23 67 53 24 19 44 5 65 55 14 18 80 20 21 2 94 25 30 87 8 83 62 3 33 73 52 36 62 83 76 8 92 59
27 29 80 86 84 19 84 11 42 9 56 16 96 -3 56 69 21 35 75 24 91 68 77 24 89 31 31 94 99 65 44 40 65 82 63 51 62 58 27 96 101 23 89 19 5 18 54 43 100 77
15 88 73 94 22 24 79 14 31 43 79 61 76 36 41 10 66 26 98 14 9 13 3 92 21 91 92 55 53 91 78 33 15 43 46 17 62 92 85 44 28 49 58 69 38 82 83 31 7 14
100 22 23 40 14 44 73 47 74 7 61 94 24 90 57 17 89 6 14 35 75 34 38 92 53 31 77 90 83 60 64 80 66 80 33 3 55 56 93 10 47 50 36 -1 82 10 58 67 22 49
El programa tardo 16 milisegundos en ejecutarse.
