50 29 46 18 94 50 57 97 29 77 69 51 89 87 65 80 58 25 71 91 47 48 87 29 91 36 27 93 13 70 36 13 81 52 60 54 54 79 13 30 35 76 96 80 89 19 13 90 55 95
100 32 77 54 36 43 16 81 33 74 36 25 11 24 69 39 37 27 64 32 88 95 47 94 25 79 11 27 76 84 42 12 61 90 4 38 10 41 67 -1 30 55 28 11 82 -1 10 52 36 48
25 95 79 87 71 33 95 44 43 52 97 66 4 31 99 94 76 48 32 58 38 96 65 30 49 71 73 30 37 7 3 79 55 10 31 47 7 3 59 14 43 35 100 69 86 43 30 21 17 97
18 -2 56 28 43 20 92 77 82 39 80 33 47 84 21 57 28 75 31 80 72 7 76 48 85 27 81 0 36 76 69 43 75 57 72 77 24 21 30 87 92 60 71 4 54 25 77 25 3 23
93 56 6 48 61 31 45 27 33 18 85 69 42 75 16 94 60 78 48 12 69 47 86 66 43 23 7 29 34 89 61 2 24 80 77 82 37 3 91 53 53 71 61 97 91 85 3 78 52 11
74 14 33 56 98 65 79 64 36 6 44 30 41 30 99 92 9 92 72 78 27 28 84 89 43 8 28 41 23 57 2 24 64 18 90 95 99 51 75 78 14 30 33 18 101 37 100 47 24 90
86 70 39 43 76 30 92 56 50 46 81 56 71 85 74 62 72 4 89 14 30 51 43 73 35 46 20 28 11 45 45 32 92 82 97 74 79 61 61 54 91 84 14 44 22 97 77 75 46 31
21 0 58 22 91 2 57 30 30 10 39 4 31 66 81 0 4 0 81 18 47 15 8 70 39 13 69 31 13 56 99 8 63 47 34 63 50 33 80 66 81 74 69 -1 47 41 16 59 57 6
59 63 55 85 88 80 31 35 33 33 64 71 51 50 65 62 53 12 7 43 76 40 12 33 24 46 38 76 58 42 35 90 51 35 80 65 67 77 100 13 14 27 42 23 88 33 59 69 23 71
48 39 40 -1 65 21 63 56 43 85 7 91 6 20 61 83 36 27 99 31 25 29 13 16 22 37 27 72 88 90 79 43 99 91 77 88 19 50 13 44 35 66 95 8 78 48 92 3 91 26
33 27 97 78 65 67 90 17 6 85 63 44 25 73 65 13 79 32 39 28 102 93 75 42 67 89 53 78 90 72 38 8 9 68 80 96 85 85 3 1 85 48 24 28 95 91 15 15 49 88
64 26 32 81 98 58 10 33 15 95 23 28 74 69 3 64 13 79 65 94 2 14 94 50 54 93 44 31 90 91 43 34 17 17 87 65 29 50 12 0 50 59 91 10 37 71 74 18 33 91
81 94 29 4 94 27 3 13 70 58 29 14 46 70 29 63 40 23 11 58 24 34 82 44 44 56 31 18 47 14 9 86 16 12 69 69 52 98 29 42 42 74 17 23 48 2 100 66 5 54
67 0 62 40 27 49 38 60 95 83 14 55 17 61 33 56 31 88 66 90 86 65 71 20 74 5 77 27 84 58 8 22 92 16 41 19 99 58 17 84 4 9 74 51 40 83 51 42 44 24
100 53 21 42 7 71 55 65 40 5 95 3 90 10 54 50 11 67 10 62 8 36 74 50 80 72 78 60 52 46 76 52 38 63 95 40 38 23 75 83 83 17 33 88 10 56 32 16 37 25
7 37 48 95 8 81 21 55 98 78 18 83 83 19 75 28 38 59 41 65 67 75 91 28 47 4 11 95 78 81 101 81 50 86 49 5 67 67 34 77 4 0 92 62 87 65 35 71 29 46
52 56 65 34 7 29 20 17 82 78 7 75 23 69 86 34 61 23 54 85 28 76 31 14 57 78 67 6 99 31 89 24 39 77 97 67 69 76 68 39 51 90 94 85 11 67 65 83 80 28
33 9 35 37 59 45 45 85 82 71 67 1 9 50 29 88 24 25 81 22 76 80 14 59 20 36 34 86 82 12 74 64 75 48 8 37 71 25 75 12 26 2 54 27 6 48 51 69 92 21
12 40 61 99 78 58 35 70 26 45 45 81 44 8 19 49 8 43 8 21 8 43 95 7 94 65 94 90 92 72 7 57 102 32 40 42 28 92 27 16 4 40 49 32 86 9 64 56 43 77
69 21 29 55 80 75 73 96 83 33 85 7 39 93 15 38 51 76 28 86 50 47 20 9 101 71 6 34 87 9 23 13 38 76 63 15 3 53 6 2 11 30 39 5 60 77 4 29 80 8
45 58 54 33 41 83 59 56 44 99 90 56 42 96 18 8 102 30 54 68 7 98 92 81 64 17 88 30 4 14 17 20 85 86 37 84 36 32 85 58 23 86 51 53 80 36 3 69 63 69
64 23 8 20 87 51 40 91 67 90 47 81 35 34 73 65 38 86 9 0 43 34 29 65 32 52 34 4 77 43 76 11 10 43 100 77 17 49 12 95 77 21 11 6 9 53 50 58 52 22
53 35 12 77 18 97 90 88 79 18 34 66 96 15 34 81 91 59 77 62 100 4 60 71 85 15 34 40 87 51 54 12 8 8 16 61 34 30 13 51 40 16 13 22 24 71 84 83 86 1
89 41 36 42 69 90 59 4 88 76 33 51 61 81 77 23 97 85 67 95 91 53 3 26 77 39 76 47 97 95 10 -3 84 60 40 88 56 16 48 22 21 62 94 49 30 -1 43 22 101 91
34 80 14 86 49 26 11 80 69 28 96 82 42 11 100 20 100 32 72 6 34 9 50 85 20 27 52 74 17 90 86 13 73 7 73 72 98 92 24 13 17 42 3 29 71 91 101 19 86 1
89 33 25 92 97 41 27 43 93 -3 13 12 63 42 74 -2 14 2 101 43 15 86 77 85 96 42 87 64 38 64 98 15 69 42 64 42 48 19 52 59 63 61 53 82 67 78 39 22 4 70
43 77 29 87 6 32 82 40 96 29 23 88 29 65 30 60 33 85 33 41 14 35 88 25 84 70 34 13 46 71 17 11 66 93 55 93 34 39 85 28 50 36 23 59 46 63 52 69 3 82
30 56 11 76 23 38 28 54 19 94 58 49 50 81 34 13 47 20 87 42 80 74 11 66 90 84 16 6 14 17 100 35 5 4 53 45 99 31 63 7 38 35 55 52 71 3 11 86 69 51
14 43 38 78 46 90 19 97 43 13 42 45 101 18 63 25 92 26 69 54 16 38 27 84 80 79 83 61 65 7 61 86 41 90 92 16 24 31 8 46 29 60 83 96 46 87 27 39 102 55
96 79 86 -3 28 59 15 19 9 59 96 72 36 19 64 47 40 -1 63 11 74 66 64 10 18 19 86 88 54 59 76 82 72 62 2 40 12 32 94 90 20 40 98 0 2 89 54 54 73 3
93 95 74 52 52 35 93 67 54 52 66 21 46 55 46 61 89 43 7 78 17 38 67 58 36 4 3 76 89 100 13 18 35 17 49 7 32 16 56 77 47 84 96 92 24 82 80 15 67 88
64 75 9 88 50 12 49 29 88 67 9 29 88 35 17 10 9 6 60 56 57 59 54 44 82 85 80 91 45 60 84 79 53 75 2 66 14 36 87 44 11 75 12 17 37 94 15 14 33 24
92 69 41 60 99 20 74 53 38 80 26 63 57 77 67 18 29 68 61 53 61 92 46 12 53 92 25 88 8 7 89 95 95 66 73 24 101 87 54 79 89 60 55 35 47 14 61 19 55 95
87 73 23 -1 28 30 73 32 90 28 65 61 88 95 94 30 4 54 74 68 8 60 47 86 73 44 64 11 22 87 28 25 63 73 81 45 36 15 75 3 24 66 65 69 64 -1 35 87 40 45
46 79 102 81 19 85 20 19 86 78 54 60 66 99 12 9 16 89 74 37 92 67 65 76 25 28 67 84 75 79 54 45 96 65 83 74 91 70 36 39 10 9 87 23 40 90 30 9 47 52
93 62 98 44 16 90 62 78 94 -1 89 81 2 43 24 33 21 84 61 50 2 18 24 68 22 25 19 74 29 -3 7 50 44 23 50 32 2 2 90 4 40 94 25 82 94 28 52 72 61 10
84 30 4 87 14 71 94 80 19 82 10 24 54 28 40 48 40 88 38 17 20 90 74 97 59 15 62 97 29 81 9 59 33 2 8 56 78 48 52 67 71 48 36 99 94 81 50 44 76 67
21 68 98 34 33 59 81 53 63 22 81 39 28 47 5 30 78 78 81 15 82 16 33 49 67 -2 41 81 22 31 98 2 66 90 79 28 61 59 24 61 18 89 83 35 89 55 43 19 12 95
32 18 44 88 19 39 95 81 102 83 32 76 12 93 43 50 100 85 47 56 91 8 55 75 45 60 10 43 76 4 97 1 76 83 28 47 39 70 6 81 69 22 41 24 36 88 51 36 95 34
6 12 23 34 92 -1 29 48 47 21 88 65 95 40 21 52 50 22 89 4 78 5 64 11 100 14 99 52 20 92 36 51 84 64 97 79 46 25 4 85 2 87 27 18 58 63 95 4 65 60
51 26 96 12 89 24 70 94 45 32 33 57 96 7 78 60 29 66 55 21 101 74 52 10 14 52 61 53 9 100 101 91 12 33 90 86 4 70 57 20 59 10 69 97 24 95 88 52 20 49
32 84 8 52 4 85 91 31 56 92 58 51 23 24 28 34 3 7 34 64 91 52 35 47 79 27 72 55 94 32 20 0 51 15 98 76 85 37 101 49 70 8 56 57 28 19 96 19 88 1
5 86 22 44 60 26 89 28 26 96 59 78 24 3 47 59 61 58 43 84 73 55 4 55 75 3 50 1 56 56 19 11 90 29 28 12 13 76 10 47 59 93 49 83 74 40 38 99 75 65
74 63 46 16 71 77 17 13 100 41 14 14 27 -1 95 45 68 12 7 92 98 -2 31 94 88 84 9 70 92 0 101 59 96 16 23 62 61 8 26 56 36 -2 8 57 82 14 69 76 56 95
49 57 23 55 98 9 38 83 30 96 100 50 4 48 14 21 34 71 21 49 100 23 45 12 74 90 72 16 25 95 45 78 15 32 62 24 40 91 88 47 81 26 74 99 88 19 34 1 32 24
66 87 44 51 54 60 46 65 19 58 100 91 52 48 66 66 27 23 32 9 91 16 74 26 87 91 69 73 95 59 17 -3 18 85 51 10 77 67 97 48 30 28 40 9 4 39 82 69 14 39
31 18 13 95 27 62 20 83 71 49 32 35 87 63 63 24 92 49 75 83 79 38 58 50 98 54 6 51 17 17 70 5 78 12 101 32 22 39 41 53 36 30 42 40 98 82 34 7 42 3
34 4 4 52 87 37 67 45 33 42 80 81 92 5 46 76 93 0 2 23 11 9 72 57 8 92 68 90 25 1 33 33 100 70 50 63 64 15 40 40 57 71 54 27 57 53 97 22 42 58
87 65 18 83 25 21 25 37 101 68 29 97 30 89 96 4 85 98 26 92 85 8 83 99 21 67 62 21 70 39 65 28 4 9 17 16 64 49 53 67 20 12 90 43 22 48 97 23 18 99
70 89 52 62 21 51 20 73 95 25 86 80 13 8 63 92 23 39 101 92 2 25 53 91 95 90 51 55 14 84 78 18 54 39 7 55 88 39 38 50 43 80 99 15 88 52 45 41 9 39
El programa tardo 16 milisegundos en ejecutarse.
