31 10 59 57 82 47 13 1 40 99 10 32 69 6 9 86 32 98 36 41 71 11 101 25 17 87 16 19 51 85 26 35 55 82 15 36 64 3 44 56 98 59 43 65 52 27 76 27 82 78
87 83 55 0 99 23 75 72 92 35 40 12 82 67 33 49 73 92 17 94 62 91 19 54 4 36 15 66 23 74 85 55 8 74 21 53 98 65 32 59 36 83 18 78 21 28 76 85 23 3
62 62 98 25 16 38 54 22 83 36 66 67 49 11 68 84 28 16 78 72 3 55 100 71 44 33 12 36 80 40 29 100 82 5 98 23 4 14 76 15 87 87 19 84 57 74 91 32 80 38
25 92 12 42 96 16 63 33 62 4 27 70 96 18 97 32 11 29 26 59 61 74 34 15 82 24 101 5 43 83 5 9 22 41 26 19 94 5 91 62 12 34 27 34 79 20 42 89 79 70
80 39 9 69 99 57 41 76 21 68 41 40 46 20 53 89 93 94 28 20 13 100 49 64 65 40 87 72 73 11 63 83 84 15 44 11 30 68 92 79 65 94 76 39 81 97 40 21 20 40
30 12 3 54 45 77 78 58 33 79 101 2 86 74 61 45 79 81 96 9 2 78 91 36 76 34 72 37 2 27 75 89 8 46 93 53 32 68 75 85 10 84 58 87 12 42 56 71 84 42
56 8 89 73 87 16 93 63 37 40 48 8 13 40 20 90 36 89 87 68 54 76 76 13 72 11 42 57 68 15 86 68 34 23 18 46 101 63 99 20 42 12 74 65 17 52 94 82 12 30
45 24 59 20 75 91 75 2 28 3 8 21 96 5 47 96 35 -1 21 46 25 7 25 86 7 88 79 31 64 15 58 69 55 47 72 94 92 13 49 96 39 73 100 55 66 -2 46 91 24 68
69 93 21 88 45 18 68 37 100 11 40 55 24 80 30 5 5 54 10 65 72 12 17 27 78 55 57 77 68 47 81 52 8 4 28 22 44 74 46 98 8 18 85 30 39 66 46 88 34 4
8 17 3 90 79 0 27 55 40 95 36 71 16 80 92 61 95 1 55 22 19 54 13 38 36 21 23 4 60 4 61 92 86 64 99 91 46 84 51 57 28 32 76 90 93 42 39 16 9 67
16 99 88 34 82 67 45 45 14 70 50 94 90 27 6 29 43 46 86 52 52 58 24 54 49 58 71 75 15 1 48 47 16 84 28 54 32 55 32 20 14 64 79 26 28 77 57 28 98 75
81 49 44 47 91 26 17 28 88 5 54 70 62 21 67 52 83 51 60 43 83 32 72 26 89 90 25 61 57 70 99 40 39 40 96 52 66 95 44 80 70 58 8 8 93 56 5 24 76 13
92 96 63 91 87 43 20 83 24 40 74 74 63 9 5 15 84 48 72 16 95 3 55 16 6 87 91 96 6 24 37 6 53 14 44 74 31 44 43 78 40 82 58 69 9 13 11 57 82 24
75 49 84 40 42 37 50 95 78 6 28 76 68 56 70 51 80 64 3 92 36 92 69 40 22 91 33 88 50 48 75 91 65 11 44 95 84 39 40 15 34 88 96 66 31 78 98 13 93 79
12 64 73 49 20 9 40 67 83 20 79 82 100 1 48 80 8 85 79 34 5 60 99 36 85 55 53 72 65 68 82 10 70 25 34 22 63 72 51 92 66 64 29 77 94 54 74 69 25 69
101 21 79 74 3 68 44 54 61 73 45 -2 61 93 24 92 54 80 17 48 17 2 88 72 65 67 96 95 91 33 3 5 64 45 94 86 32 1 51 60 50 64 66 13 33 56 13 87 90 14
58 26 91 31 13 7 57 96 53 10 23 92 80 21 89 5 96 23 102 98 71 47 59 41 27 15 65 7 39 6 6 80 37 90 4 67 34 41 66 94 50 4 61 32 97 79 11 29 86 85
66 60 59 12 83 39 44 33 5 94 67 14 93 82 46 35 92 92 98 53 82 54 84 74 98 16 30 21 12 86 90 59 55 87 85 91 18 23 38 3 28 17 65 20 12 8 100 78 41 22
34 23 66 92 44 82 79 72 22 22 77 7 60 45 26 93 74 19 7 25 21 17 93 95 44 92 61 34 33 71 51 44 4 99 19 7 22 2 71 72 45 15 60 1 74 65 44 79 76 63
32 48 23 27 27 4 37 41 57 79 34 63 32 4 97 81 83 25 50 78 70 15 98 27 3 55 97 74 98 53 69 85 28 27 47 2 49 60 10 63 71 22 7 14 31 51 35 70 66 37
71 60 25 94 20 94 58 31 40 55 26 54 76 20 13 45 40 53 102 63 81 33 51 77 46 71 67 38 4 46 87 45 8 37 87 46 20 70 39 53 53 3 69 64 10 46 48 15 88 11
12 8 73 63 96 27 37 5 2 83 11 76 44 52 93 63 85 14 56 31 5 88 46 15 64 20 48 39 22 96 46 46 91 46 98 19 52 14 99 3 45 92 78 83 26 6 94 65 33 79
18 73 65 11 34 52 43 11 28 24 73 25 90 4 34 100 54 91 22 85 33 16 61 30 37 78 20 7 83 75 49 14 41 88 102 73 96 9 64 66 63 19 3 32 81 16 65 58 49 28
7 8 97 73 16 65 72 45 65 71 13 86 3 73 49 48 29 49 78 69 73 39 97 65 57 51 70 20 101 84 62 10 80 32 28 47 57 54 78 90 30 54 43 80 6 39 21 72 72 87
8 47 88 81 72 55 100 26 31 61 43 57 19 35 70 13 56 80 96 4 43 42 4 30 64 8 98 39 75 99 71 56 35 34 95 4 21 45 25 98 90 81 79 91 85 90 80 100 66 72
31 77 49 17 18 31 65 31 79 5 85 4 2 41 100 21 92 39 91 68 94 93 20 15 31 46 4 13 29 61 81 6 99 61 24 40 5 48 24 23 60 1 28 82 46 -2 35 24 44 83
97 33 97 99 29 59 21 35 51 56 27 16 66 87 34 99 82 23 58 80 10 22 40 12 41 73 57 67 71 9 59 55 79 15 32 34 84 48 47 22 95 28 47 63 55 63 70 78 17 5
33 54 27 50 101 77 8 66 64 35 82 67 96 91 8 38 21 5 67 12 9 4 19 34 60 93 10 50 56 54 7 33 77 -3 78 85 44 0 87 45 13 74 65 40 8 0 7 50 45 57
46 34 45 98 40 11 71 1 5 37 7 93 54 51 71 65 43 97 29 100 43 99 8 25 19 12 87 84 94 4 101 36 68 91 83 9 56 47 78 82 21 88 62 98 35 78 97 33 97 36
57 34 5 -3 92 37 68 52 46 5 50 81 88 82 95 92 46 92 33 96 75 25 85 34 90 27 88 82 49 30 47 70 73 72 74 8 60 83 8 25 39 22 25 77 21 -3 45 3 56 6
6 88 63 94 30 61 7 9 28 42 48 80 93 23 86 27 24 90 81 11 72 52 79 78 54 38 62 55 69 85 73 76 97 23 87 2 59 81 15 39 67 98 86 29 11 10 21 55 42 40
45 69 17 33 99 51 94 64 79 85 49 68 57 96 77 60 11 81 68 3 77 81 84 3 5 73 70 64 98 85 101 70 61 86 56 27 42 57 15 69 39 2 26 87 64 93 44 0 6 34
68 93 13 46 8 57 98 70 71 47 34 69 48 14 42 5 88 90 58 22 81 96 11 3 46 81 51 46 19 72 66 100 40 23 13 75 16 38 18 41 96 58 62 8 10 6 44 83 71 77
39 -3 69 88 101 16 30 40 15 65 74 64 45 62 18 15 85 6 80 19 40 77 9 36 86 85 46 62 17 27 17 79 80 47 32 30 18 14 85 20 65 35 93 11 34 14 96 72 30 33
20 89 30 22 64 46 64 81 5 46 88 44 9 72 58 88 55 34 55 78 20 16 100 5 41 43 46 84 55 22 29 76 84 47 35 52 36 64 92 79 17 32 58 78 40 56 36 89 52 94
99 27 93 82 25 48 64 93 29 12 19 -3 63 88 62 5 14 52 87 51 44 71 8 54 36 34 85 86 2 10 96 78 70 4 94 26 98 72 29 60 16 3 39 82 63 25 22 70 87 78
59 19 23 48 44 54 94 8 99 97 25 59 63 32 77 17 39 49 80 93 64 33 86 15 97 9 78 75 60 40 102 23 71 85 24 80 86 14 41 87 21 9 27 24 92 67 4 45 91 55
29 60 41 71 54 23 31 19 63 40 87 41 31 35 70 24 48 -1 90 82 29 64 30 41 3 11 94 48 22 79 16 92 21 50 78 44 96 32 2 82 9 86 45 21 2 88 85 6 25 56
22 98 88 26 10 5 52 68 74 68 28 79 57 14 77 11 69 32 79 57 64 71 81 42 33 4 42 12 19 44 60 3 87 95 69 45 38 94 22 94 63 11 91 17 25 18 28 69 26 81
35 48 71 95 85 60 61 3 42 79 52 83 11 3 3 6 30 53 7 61 5 54 2 15 56 8 33 85 11 75 70 4 52 90 18 96 75 38 51 93 70 58 90 49 96 9 94 58 44 14
71 95 40 71 39 20 42 44 43 10 79 64 28 89 89 43 82 98 60 96 28 37 84 13 18 55 9 94 95 68 18 100 5 80 41 18 37 8 79 6 34 17 32 99 56 94 16 63 12 18
48 10 59 74 77 73 87 69 74 48 97 88 50 8 5 55 61 3 35 41 71 77 9 75 90 9 96 43 83 43 29 16 30 11 20 68 59 50 31 37 30 26 14 6 15 42 5 53 72 35
12 83 82 43 18 100 80 22 57 4 13 78 66 65 61 33 69 9 50 25 3 64 18 55 71 9 63 49 19 61 67 9 83 16 41 85 102 48 42 85 7 58 13 14 9 91 82 29 57 81
97 79 27 57 14 6 15 96 43 10 5 11 96 26 21 51 82 67 72 2 75 75 9 72 18 86 90 23 68 26 65 64 36 1 101 22 81 14 63 62 70 2 69 39 29 74 6 22 3 6
12 54 102 7 76 48 65 58 89 28 99 82 65 49 51 36 98 23 44 69 63 28 95 100 72 94 28 72 92 98 52 62 91 70 47 27 34 76 68 40 59 32 47 47 93 45 76 4 101 2
85 51 77 38 8 57 75 13 56 61 3 29 31 56 25 54 58 3 40 71 52 10 91 42 4 0 67 73 21 58 73 30 79 35 12 12 72 27 16 50 17 69 61 54 45 61 46 -3 48 1
5 4 84 17 89 55 23 92 23 54 20 47 41 83 38 50 43 52 77 54 92 66 8 21 26 68 48 41 102 40 49 73 39 28 41 86 73 57 85 65 61 88 97 75 102 96 86 96 88 18
11 16 81 75 92 14 62 46 33 52 75 76 2 85 38 88 4 2 15 18 97 82 39 25 68 46 68 10 64 7 94 38 77 30 88 49 27 50 49 29 49 7 47 7 80 3 83 30 75 -1
96 77 15 30 84 28 70 8 26 17 57 17 58 27 10 15 12 83 76 25 92 64 27 92 55 68 17 42 67 10 15 43 78 13 80 24 14 28 94 76 18 89 39 22 57 100 37 14 31 17
73 76 64 3 40 38 99 3 69 69 44 53 9 68 14 20 92 4 8 68 70 61 60 4 51 29 18 71 54 55 32 3 13 93 93 64 100 64 73 3 16 66 14 66 67 65 86 59 9 17
El programa tardo 21 milisegundos en ejecutarse.
