100 100
58 76 43 81 31 48 2 56 79 60 40 5 29 74 93 63 42 88 1 15 49 58 95 30 81 35 60 60 19 59 88 30 95 88 92 3 64 76 72 25 86 31 22 45 31 67 75 30 88 70 8 57 78 59 0 54 25 86 32 87 78 54 31 90 3 98 15 77 69 40 62 93 27 76 47 83 32 41 14 82 96 47 1 96 81 74 58 29 17 73 64 7 10 99 59 41 41 3 13 56
8 72 8 48 17 12 14 70 69 45 4 38 5 99 27 64 22 67 7 19 6 95 29 81 82 88 81 83 1 8 13 71 97 64 78 17 89 0 10 60 22 4 47 80 85 75 34 35 73 33 74 34 18 34 68 61 19 46 72 9 20 7 29 10 21 73 85 35 21 83 73 44 39 88 71 69 77 91 43 15 47 27 89 3 92 9 65 49 33 10 96 35 24 90 37 31 88 64 14 27
80 49 81 24 92 3 64 90 36 47 39 72 58 12 36 77 42 53 43 66 94 33 58 59 95 78 83 95 89 65 90 24 97 25 59 97 46 9 45 24 18 74 87 77 3 30 22 51 41 12 90 64 15 17 85 41 63 81 14 28 99 57 51 1 65 86 23 74 64 61 50 36 79 4 78 79 65 3 72 19 31 76 12 48 65 63 27 8 20 78 32 1 95 84 66 36 59 98 34 18
31 77 47 0 8 67 97 1 48 55 55 41 60 27 0 33 10 55 84 89 64 28 77 45 99 86 63 0 88 78 90 15 8 31 80 37 78 8 14 63 36 61 23 53 40 17 37 20 73 61 56 67 62 1 29 79 50 68 89 70 65 87 37 57 3 70 29 90 26 36 3 26 71 21 91 84 32 69 15 1 23 65 25 64 46 36 42 77 96 75 96 68 2 44 4 66 77 54 2 11
57 94 85 69 63 59 23 9 59 5 90 84 92 23 55 47 28 27 97 45 17 12 47 17 41 62 67 29 65 28 50 85 73 51 99 81 22 43 64 27 40 96 54 51 10 40 21 54 39 25 86 36 66 77 50 38 93 14 33 65 32 9 8 74 28 25 88 86 13 39 76 55 48 41 35 33 68 76 58 59 99 78 12 81 42 20 18 55 17 22 56 17 45 7 58 81 5 30 25 88
40 81 18 59 0 65 20 14 8 77 41 47 6 81 26 52 81 34 51 36 12 75 69 66 73 67 20 48 21 43 52 45 53 69 35 1 62 49 5 58 36 26 89 22 54 68 77 41 79 59 46 54 46 59 50 74 18 33 65 76 57 2 47 66 81 96 84 13 88 81 70 64 61 28 89 39 73 10 97 77 36 24 32 78 99 30 6 48 61 45 61 64 10 24 19 28 85 94 78 1
79 32 78 44 56 12 50 59 98 58 3 53 23 8 24 82 38 0 87 30 41 53 28 80 75 53 27 32 46 5 57 67 67 56 99 26 50 59 80 34 58 91 29 90 80 21 12 82 15 49 21 15 54 59 38 58 44 29 21 66 67 87 88 60 28 21 59 81 37 60 91 8 92 7 84 20 33 18 66 4 88 69 75 90 79 88 23 13 40 83 10 8 9 29 79 50 15 57 15 79
19 96 22 51 95 28 27 96 40 39 73 64 70 23 46 0 30 76 19 86 69 59 59 45 45 7 32 31 19 34 55 64 66 38 96 18 80 30 79 27 62 61 91 88 1 37 68 39 30 90 27 11 99 57 99 21 46 50 10 43 54 62 21 58 6 83 92 24 70 6 47 35 54 92 38 44 47 14 53 67 15 68 9 15 65 7 80 8 82 47 37 24 68 21 57 92 37 5 53 57
17 44 86 41 88 81 97 7 22 73 48 48 56 89 95 28 94 60 30 5 62 63 13 84 78 11 87 57 68 34 12 5 41 40 76 77 94 48 50 48 35 12 27 17 14 63 30 34 66 13 56 59 83 91 68 6 30 26 12 80 79 65 40 13 98 27 25 17 36 52 40 43 65 0 99 72 12 51 36 38 86 49 55 9 20 27 27 70 83 61 34 31 12 84 31 68 71 33 8 35
99 75 50 14 55 87 47 88 38 4 0 56 94 13 62 65 26 66 9 3 21 33 7 52 83 24 97 98 85 68 12 97 14 29 14 89 38 47 89 57 71 31 94 41 87 5 16 96 68 24 48 58 88 38 8 4 21 45 2 12 53 25 25 60 99 0 52 91 86 40 64 58 31 93 10 19 82 98 53 60 86 92 39 8 50 23 43 52 31 39 8 51 37 21 37 16 33 1 26 52
77 2 44 43 55 21 26 63 87 89 26 46 70 5 7 74 74 91 61 66 83 58 58 67 42 48 72 47 46 63 26 47 98 59 75 53 99 54 0 88 8 62 46 49 70 42 8 77 47 26 16 45 24 72 75 38 34 59 45 7 42 43 78 58 66 65 32 63 62 11 78 63 80 92 48 63 29 49 45 10 3 45 28 79 18 46 92 92 79 77 40 39 40 64 75 65 76 70 9 44
38 79 40 63 18 57 90 8 38 88 19 40 90 74 93 18 10 46 2 63 11 26 14 0 50 71 41 53 73 3 33 53 93 35 64 31 97 90 68 74 20 11 97 31 51 52 3 81 10 68 37 79 22 89 35 29 59 22 10 54 50 92 98 53 63 84 10 78 56 46 55 91 35 57 7 97 35 55 94 83 13 93 69 62 82 91 30 26 59 95 38 7 71 0 25 48 83 28 44 96
28 99 78 33 15 79 63 75 33 48 22 87 30 68 38 61 74 8 68 64 86 27 32 47 21 90 56 56 34 61 72 6 92 59 1 30 19 87 10 27 39 64 63 85 58 11 8 11 68 99 68 23 91 71 14 18 74 13 58 91 25 79 5 25 55 22 52 26 15 26 93 61 34 3 36 95 66 36 38 10 8 65 24 48 37 88 5 7 94 25 64 87 87 31 52 60 52 39 61 40
88 74 55 86 97 59 52 99 5 16 88 30 29 28 67 36 15 54 26 12 58 23 32 32 3 82 34 29 78 9 27 73 72 63 59 85 37 74 92 86 52 54 49 43 99 45 42 43 91 95 41 26 1 11 37 39 58 2 20 1 42 3 16 21 7 31 33 14 59 13 0 38 70 96 88 82 86 37 14 21 75 52 9 51 92 88 77 33 15 90 99 67 44 6 74 30 23 92 39 30
46 63 13 28 97 53 35 21 50 48 97 75 14 65 73 34 30 65 12 69 17 12 64 35 81 90 76 62 42 37 75 37 70 64 5 52 60 61 76 81 56 25 15 49 18 81 63 32 68 0 29 71 7 70 30 45 74 9 87 95 15 58 90 65 23 61 69 80 11 62 88 60 21 33 75 36 93 96 35 98 57 64 22 99 89 93 71 18 24 18 58 44 78 94 35 69 87 76 8 34
95 2 87 92 75 79 78 10 24 13 26 92 24 32 10 40 95 55 89 22 91 18 49 8 33 6 30 51 9 12 64 95 33 67 7 25 57 78 49 87 59 26 40 25 67 95 71 23 91 18 2 64 96 31 62 42 57 75 63 15 17 81 67 24 40 37 2 33 28 31 91 11 34 34 54 11 79 98 6 57 98 96 57 13 51 90 20 55 32 28 11 40 53 56 8 23 60 61 75 40
15 32 63 61 16 77 57 67 92 7 21 4 49 53 75 41 14 61 50 30 2 82 86 79 36 43 39 8 32 69 27 83 76 6 95 86 75 95 1 14 55 98 43 62 61 14 8 92 67 89 10 73 58 22 5 83 44 90 97 14 77 95 38 87 93 63 5 67 73 16 91 24 29 68 58 84 37 15 38 78 20 71 25 82 43 97 87 58 25 5 54 23 10 38 67 79 87 82 69 96
90 65 92 76 9 79 69 21 90 59 85 95 41 46 59 50 83 42 74 30 35 16 92 20 81 35 83 12 60 19 88 91 67 3 61 47 74 17 83 83 98 21 51 68 6 18 7 78 48 33 80 53 94 42 98 64 38 73 11 25 61 39 3 28 70 85 6 24 58 84 27 33 75 57 82 21 87 3 13 31 30 53 55 32 74 97 95 0 14 14 16 25 79 75 24 2 94 47 74 39
49 13 79 2 75 46 61 69 45 98 14 4 52 93 90 71 9 17 85 81 40 49 2 91 60 11 81 8 74 20 53 38 11 6 37 29 18 63 21 40 66 75 7 21 1 80 32 49 29 9 29 24 85 82 41 6 43 88 10 53 37 59 11 61 31 96 97 28 38 68 85 12 14 5 40 57 82 18 33 23 23 32 42 86 20 33 22 17 34 42 54 93 64 13 51 60 94 39 73 77
64 22 30 91 8 98 35 84 5 67 19 49 21 94 17 70 5 65 35 8 93 53 97 86 93 4 97 34 78 30 30 35 14 30 80 98 29 80 28 46 88 39 90 34 5 83 80 53 0 43 67 17 52 37 20 83 31 40 2 91 78 36 43 84 28 12 19 89 45 82 37 52 89 25 35 11 45 14 57 37 9 12 32 58 56 50 76 33 2 53 84 40 57 67 91 91 13 88 31 3
68 66 56 0 67 38 87 40 62 10 78 27 39 1 23 82 30 19 3 19 20 57 78 98 11 58 62 2 22 2 63 26 33 66 71 24 61 90 84 31 7 2 1 38 90 53 93 60 68 3 50 19 76 38 28 30 75 91 94 56 56 63 19 86 2 62 8 65 98 90 75 96 76 54 59 20 67 82 51 83 54 76 32 88 65 61 89 14 40 27 35 27 85 8 74 74 89 72 94 70
24 70 32 23 44 18 37 11 21 49 94 2 0 31 14 69 25 7 66 23 4 77 30 89 5 0 9 84 20 74 57 12 63 27 5 76 24 8 67 18 10 71 57 74 15 18 16 26 10 36 69 44 44 83 34 5 9 40 84 88 9 54 39 37 98 5 86 22 55 1 60 17 88 47 93 54 93 99 38 6 85 72 97 10 13 41 46 48 90 14 20 23 61 70 41 37 78 84 9 78
11 68 47 85 19 15 75 94 33 31 24 20 42 13 49 67 62 34 75 35 68 58 21 13 4 55 92 46 53 14 70 89 34 21 58 47 15 31 20 77 79 74 37 56 49 67 56 59 91 96 22 97 38 50 8 14 39 32 41 65 25 54 75 26 96 92 21 63 99 74 45 73 87 26 64 13 16 16 39 40 18 7 96 69 48 27 88 81 24 61 74 2 35 52 8 12 88 34 84 22
95 77 43 20 15 78 53 55 93 98 96 14 79 0 49 6 0 30 42 62 73 9 59 53 71 41 29 73 23 47 68 78 37 79 88 31 41 98 61 5 86 21 4 98 50 7 37 21 73 68 40 18 89 48 15 93 96 62 96 10 76 32 37 97 14 7 57 26 5 39 37 46 5 97 63 4 96 16 10 54 78 11 82 66 14 71 0 97 7 15 9 4 43 65 2 40 28 80 89 85
75 73 30 59 30 6 42 61 42 66 18 63 32 9 63 47 13 42 35 92 18 29 84 37 28 0 40 65 85 39 55 35 36 47 19 85 11 77 76 41 70 58 55 37 58 33 60 22 74 62 42 27 67 63 46 43 50 97 48 51 7 2 69 51 10 66 64 2 81 4 63 34 46 97 14 36 11 43 52 89 38 68 19 66 45 30 53 83 80 69 16 59 70 43 9 90 97 3 92 44
6 81 6 26 63 51 79 62 30 79 55 28 53 51 23 16 60 43 41 48 2 63 25 3 71 97 71 46 40 30 1 27 52 60 66 15 15 47 35 45 16 79 89 69 54 5 99 72 11 90 94 80 98 63 71 57 12 91 47 34 16 77 90 15 81 40 51 49 99 79 4 60 27 22 70 86 67 90 13 85 1 35 43 23 55 11 17 83 15 97 29 92 55 13 13 99 69 78 19 90
30 52 7 68 8 94 21 16 37 38 29 65 65 36 85 1 7 61 65 83 62 15 32 17 80 57 63 12 52 22 17 97 95 41 53 82 41 80 15 4 80 62 94 99 32 99 29 15 87 61 57 77 55 71 52 18 73 9 75 57 94 78 36 44 25 85 46 57 23 85 39 70 68 12 64 0 2 48 69 69 20 44 97 10 7 54 40 0 69 7 57 73 84 89 95 54 88 0 28 6
61 70 82 2 26 37 40 77 57 23 79 20 28 66 3 74 55 69 4 66 69 11 47 16 54 50 53 61 19 17 37 41 6 26 53 80 67 85 41 33 90 10 33 53 67 50 79 66 97 14 38 55 83 12 92 67 25 44 39 2 61 44 93 38 97 62 21 13 42 22 92 89 66 80 56 84 87 64 16 66 59 86 75 91 98 64 54 71 74 3 11 25 43 61 14 29 39 21 76 12
20 79 50 28 0 69 87 78 18 26 15 35 78 14 62 70 67 41 41 93 30 93 43 30 74 30 47 17 7 28 23 84 93 20 39 67 66 76 84 9 81 27 38 51 19 8 65 65 29 21 61 1 97 24 30 28 68 35 35 16 65 52 96 50 4 39 21 56 29 85 38 24 20 84 80 58 13 44 94 54 44 93 6 83 93 89 23 32 90 45 2 17 26 0 96 86 2 78 92 98
5 11 26 54 65 17 71 43 19 67 60 81 69 91 52 72 22 24 89 68 32 5 65 80 20 36 58 98 19 78 96 0 36 81 75 30 15 50 98 41 14 18 44 35 39 52 97 10 69 92 91 12 6 52 67 48 98 21 41 10 78 42 68 38 5 25 62 39 54 40 55 65 6 94 9 56 92 98 9 36 21 98 2 55 70 47 48 91 58 80 41 86 15 36 7 60 62 3 38 96
77 23 18 55 72 24 22 68 8 42 13 87 8 19 35 88 76 48 20 65 97 97 32 73 43 7 63 6 86 54 69 47 59 97 45 60 20 74 7 34 71 27 90 41 77 73 1 15 41 94 90 11 84 29 34 71 19 31 60 54 64 67 7 90 34 21 96 38 80 79 23 36 68 78 13 71 81 97 97 92 45 19 89 65 62 51 97 23 61 78 33 93 98 82 93 29 10 39 90 89
17 96 66 86 99 86 3 30 5 65 9 90 55 92 36 0 75 22 19 39 64 13 5 20 40 14 71 46 0 39 70 3 67 84 98 53 23 18 4 65 7 17 50 79 73 84 28 94 19 78 89 37 66 14 72 61 46 98 36 5 84 19 10 40 3 8 98 21 23 50 94 44 87 28 18 44 5 53 46 15 16 48 45 12 17 17 22 20 59 66 9 72 98 0 37 35 21 72 39 68
95 22 11 23 83 87 78 22 65 60 98 46 15 96 71 31 90 87 86 50 17 43 28 69 38 44 77 24 56 70 92 78 69 22 13 26 92 12 73 64 91 7 76 16 21 91 7 48 6 15 94 48 87 74 71 49 97 11 36 98 20 68 53 67 47 97 56 54 11 84 54 22 99 4 44 73 42 98 92 56 91 34 78 79 15 68 5 92 30 31 91 83 61 7 93 41 72 81 1 24
10 11 43 65 50 55 52 69 66 93 26 45 52 69 84 23 18 76 53 36 31 12 22 38 58 35 39 78 17 56 42 22 26 10 15 10 53 74 71 81 65 9 62 6 83 6 21 48 81 85 91 22 52 58 57 91 31 61 77 33 3 36 65 95 79 21 5 92 83 25 55 47 17 99 22 44 92 87 20 2 98 46 74 73 32 31 47 85 78 34 72 71 41 70 25 52 24 41 44 46
34 81 26 36 56 35 35 22 59 29 38 43 25 20 74 92 58 18 65 60 40 47 32 23 98 80 55 6 13 89 17 23 86 20 91 36 52 16 1 32 11 72 66 79 60 51 59 87 56 39 33 56 92 70 74 65 87 18 94 29 94 85 47 26 8 36 74 70 12 19 83 88 26 49 80 41 54 66 83 20 91 71 68 40 51 3 36 28 85 45 45 39 28 68 2 73 75 78 77 38
99 61 23 46 66 80 3 85 42 0 12 87 13 0 58 59 19 53 98 28 76 45 52 7 38 30 29 84 22 12 73 79 93 93 79 43 27 92 4 7 0 40 67 12 10 98 60 21 41 44 35 19 13 51 8 94 74 72 18 96 14 17 12 69 56 18 89 75 20 67 9 97 26 2 97 77 96 26 26 95 2 43 0 81 15 11 87 8 8 0 76 96 41 91 60 29 43 32 68 79
74 11 50 4 49 29 74 67 20 56 52 41 32 17 19 20 80 62 97 92 57 26 45 89 46 96 60 70 22 91 13 63 65 49 32 38 58 15 16 51 4 29 52 62 48 10 24 2 25 47 60 27 27 10 29 81 69 19 21 58 24 4 51 44 72 45 22 91 65 50 29 79 99 27 55 85 17 51 2 12 59 39 20 75 77 19 57 95 20 62 26 4 25 53 2 16 53 48 74 81
81 99 85 4 75 76 34 60 45 82 76 30 68 6 73 33 21 13 64 7 79 58 73 81 40 28 64 47 50 66 64 29 25 97 11 38 27 74 52 91 89 13 2 40 32 90 21 17 45 59 3 7 16 7 35 63 52 4 35 97 21 53 65 50 58 74 16 26 14 40 38 89 98 2 2 63 72 17 55 74 49 61 73 90 42 42 44 92 64 24 49 60 89 37 36 82 40 1 32 40
14 94 82 49 72 59 13 11 11 29 58 16 19 28 83 67 78 18 9 67 73 23 41 37 25 64 43 27 8 67 90 12 17 54 68 56 55 78 68 69 67 40 37 79 23 52 36 2 56 27 47 65 72 66 38 24 48 65 98 25 88 76 14 81 28 70 13 10 44 90 92 0 70 22 78 8 29 29 30 76 40 35 48 72 74 18 76 35 60 54 32 51 25 70 41 65 5 65 51 80
32 40 36 81 4 14 28 64 47 85 3 72 73 47 60 60 65 36 33 46 94 49 83 38 41 77 69 66 21 24 25 84 68 0 27 53 73 48 98 63 5 45 83 91 51 98 3 70 80 83 1 61 96 16 19 24 14 89 28 93 46 85 13 89 46 89 45 7 91 16 97 30 37 13 74 86 24 64 3 28 1 77 75 9 29 40 77 20 91 53 75 11 61 73 82 44 19 34 26 88
1 45 83 90 6 89 67 30 11 4 59 90 87 50 64 59 1 19 33 13 15 1 17 19 88 47 55 29 39 50 87 28 15 11 49 71 51 99 72 97 54 23 21 7 21 47 34 69 20 88 97 83 83 96 57 47 57 78 17 33 16 41 84 2 81 67 23 43 49 60 75 78 89 60 10 9 89 40 71 50 71 61 25 53 30 5 61 82 86 54 34 62 10 31 84 6 75 5 4 74
19 64 25 21 44 5 53 32 79 70 76 63 24 1 68 60 36 98 61 19 91 0 5 62 42 22 70 69 15 36 12 19 34 91 40 87 60 35 41 47 7 18 71 37 58 20 40 52 55 74 71 37 26 37 38 75 38 70 68 81 6 99 74 24 71 43 43 44 42 80 20 35 68 92 49 11 19 93 5 9 77 5 36 95 39 52 45 16 82 90 1 48 5 95 25 65 76 8 18 77
28 12 1 72 14 48 30 5 97 9 3 91 6 12 2 62 60 4 69 78 16 88 62 79 11 43 43 5 62 40 96 26 91 59 97 48 50 31 58 15 31 39 86 10 68 64 11 64 8 51 34 57 43 17 21 85 84 63 98 80 29 78 62 46 56 45 84 7 65 42 11 29 37 30 92 28 45 2 25 60 29 98 16 9 74 49 50 15 85 86 41 6 5 76 91 0 55 51 91 10
81 31 43 70 62 29 33 76 31 85 71 43 56 75 48 26 86 91 78 13 43 85 4 17 19 67 4 67 94 8 8 29 28 15 50 69 65 24 17 5 14 64 11 62 93 43 37 39 12 5 64 94 46 33 30 22 94 48 54 81 52 10 23 63 46 19 58 58 19 20 90 52 82 85 39 77 26 12 19 47 54 70 4 57 59 87 32 89 67 89 31 93 6 51 89 75 8 41 38 84
39 28 1 43 57 5 3 30 59 3 32 71 23 54 57 13 64 96 71 58 34 76 2 62 76 93 4 61 77 50 48 58 40 91 0 15 51 48 51 46 72 16 15 30 0 29 93 40 25 30 65 69 21 62 63 62 99 52 27 40 76 0 95 24 11 25 52 56 50 73 99 58 9 34 29 47 25 91 80 69 85 45 15 30 73 62 27 24 28 12 12 71 92 70 28 48 25 93 84 85
19 76 33 61 86 55 14 74 13 22 77 83 76 60 61 95 82 59 31 97 52 68 74 89 99 37 51 42 60 98 48 43 33 11 26 81 28 36 55 49 87 63 66 56 64 68 68 74 24 40 71 34 46 85 71 76 13 61 62 4 61 5 20 21 39 41 85 78 28 74 87 70 49 26 5 6 15 65 26 70 34 61 59 10 43 92 20 50 65 11 22 91 15 84 12 99 32 8 22 71
32 5 17 3 59 19 3 75 88 15 81 40 97 29 6 52 31 93 31 80 2 98 39 8 54 84 19 28 67 37 52 90 52 36 73 5 58 2 24 37 48 25 94 73 70 14 34 8 77 6 68 26 15 51 90 31 87 26 87 16 90 54 13 46 98 90 80 81 98 66 14 30 10 59 18 5 25 87 8 31 74 29 42 8 86 2 53 49 53 23 4 58 92 39 9 37 38 86 58 63
12 42 52 10 5 67 7 51 21 78 93 92 14 28 13 92 68 7 79 32 98 27 21 82 97 94 88 69 88 42 46 7 97 23 32 36 72 45 43 68 95 63 40 21 86 53 36 11 84 91 79 26 81 99 90 17 61 48 32 7 15 97 53 30 32 26 61 72 73 17 93 33 85 79 95 63 99 75 18 1 51 6 37 72 4 3 39 92 14 77 82 53 81 69 30 56 14 70 87 22
35 43 91 58 72 53 30 73 27 48 4 69 36 35 53 51 62 29 59 61 9 51 82 40 93 25 72 98 21 75 52 82 20 53 42 23 53 68 3 23 87 6 94 85 26 1 8 49 28 35 25 45 6 13 50 65 99 90 40 59 0 3 71 29 10 4 51 35 31 49 43 43 32 67 74 94 33 11 51 53 50 21 39 7 84 71 79 30 90 65 11 65 83 2 33 18 28 61 83 12
40 70 58 81 75 82 80 62 17 26 17 74 86 23 97 48 66 27 50 26 38 86 54 9 24 91 29 21 79 10 40 94 84 95 67 93 38 91 88 34 41 51 64 82 54 32 84 30 80 20 84 27 58 98 26 40 61 64 1 78 16 84 67 77 10 36 61 53 26 18 18 34 42 52 42 83 15 41 89 21 43 6 14 19 92 56 99 59 6 22 27 82 31 28 85 69 5 40 86 93
18 81 80 74 36 0 79 8 72 15 50 70 63 52 75 45 16 51 8 48 58 22 16 83 72 77 42 81 8 0 51 66 99 33 30 97 38 35 97 35 4 86 25 0 76 61 32 86 83 66 28 28 42 62 38 21 85 66 99 32 64 90 60 29 1 28 59 41 22 65 54 29 14 75 76 34 98 19 23 58 74 47 67 29 70 84 79 82 80 61 31 84 84 28 78 62 79 7 2 34
89 74 7 16 15 34 99 38 13 70 29 37 90 7 99 3 33 5 14 77 21 20 60 2 49 61 4 1 8 12 79 6 71 72 1 72 30 22 58 97 76 18 74 10 60 55 5 45 11 68 13 51 47 73 10 39 23 76 88 3 3 30 55 29 56 59 87 44 21 94 56 9 47 42 42 49 77 43 54 46 13 27 68 17 6 33 88 44 0 34 62 30 73 51 24 87 40 18 59 95
44 25 29 9 47 52 26 14 55 49 96 78 41 49 41 4 31 25 88 99 74 36 97 68 87 61 28 63 2 30 20 70 26 57 63 14 41 60 98 72 19 70 94 91 77 41 49 46 24 46 23 74 32 5 91 59 76 54 84 56 7 20 75 92 73 64 38 96 45 77 5 55 12 58 65 42 97 12 61 85 73 50 82 17 76 98 71 64 56 74 55 20 26 24 38 81 96 54 94 79
56 40 93 29 32 63 61 50 10 46 25 5 0 51 7 59 66 42 34 54 72 76 30 34 95 77 81 97 66 83 28 62 13 58 47 97 92 18 64 75 18 10 25 83 20 61 0 53 89 95 1 21 73 17 42 89 84 34 93 6 90 5 6 63 78 85 69 23 3 33 13 18 12 83 56 76 36 44 55 27 56 34 3 13 13 70 98 3 3 12 73 81 20 42 13 94 39 21 70 81
87 28 52 52 76 12 22 24 55 1 13 75 19 63 86 2 66 62 46 67 22 57 44 15 81 76 15 57 49 33 94 35 12 80 5 73 31 90 73 85 31 77 41 62 18 49 51 65 81 41 61 3 30 35 90 66 20 74 57 65 77 6 61 32 51 2 74 81 0 59 49 85 27 95 38 61 49 87 7 3 53 60 55 63 3 51 27 26 92 29 76 91 93 15 39 33 67 43 64 81
89 48 60 5 13 13 69 12 58 82 57 73 17 97 13 39 9 90 89 16 59 35 51 36 77 23 44 60 26 19 34 12 9 17 92 86 77 8 14 5 63 62 6 56 76 91 60 3 33 85 41 4 20 77 63 33 46 5 56 72 28 59 69 99 7 43 28 60 68 81 56 91 98 12 98 39 45 7 41 79 29 11 24 50 68 56 93 60 15 99 67 64 72 84 80 33 36 26 7 3
66 94 81 17 80 38 67 32 26 22 40 28 93 97 18 70 64 34 41 96 80 75 55 95 37 9 29 76 39 14 95 25 66 23 10 83 8 51 31 4 3 46 10 65 66 73 29 38 46 1 66 85 21 38 76 35 94 70 77 82 61 60 94 65 4 48 56 28 78 79 91 46 69 55 38 1 62 39 8 98 54 73 53 38 37 48 86 41 44 76 61 60 94 5 64 33 90 54 3 42
32 3 70 57 71 58 34 7 14 49 88 10 87 14 12 56 3 70 90 58 72 82 89 42 33 77 77 59 80 66 14 95 22 16 72 59 80 84 37 9 52 38 52 21 79 77 89 70 53 49 12 45 37 97 68 97 70 23 98 78 64 8 57 1 13 12 64 32 97 0 59 96 6 58 20 55 7 77 16 20 82 5 87 19 84 4 52 49 2 68 82 33 85 88 65 99 95 95 84 79
65 45 40 67 30 47 65 34 16 89 72 51 86 60 91 40 72 16 17 38 77 88 5 13 80 0 15 67 29 17 75 13 28 1 40 96 50 21 54 24 74 62 81 30 13 86 76 3 41 52 58 93 48 18 15 0 45 61 32 52 22 37 47 68 93 73 48 20 47 94 10 99 55 70 28 98 48 75 52 66 94 37 18 39 68 83 10 60 29 69 23 32 13 7 56 39 36 13 19 58
51 15 5 37 36 81 5 42 19 43 75 99 10 30 30 22 4 52 40 40 47 85 29 0 2 85 16 43 22 51 38 47 71 40 76 42 32 51 75 89 29 48 75 64 74 76 0 65 69 16 35 8 26 41 7 72 86 69 31 6 49 64 3 14 43 23 60 83 46 44 65 28 14 45 95 6 45 82 99 44 91 94 57 3 68 71 38 23 35 60 53 78 27 65 40 63 8 32 61 65
52 81 88 60 25 51 67 88 32 17 91 94 0 63 77 20 42 74 52 49 83 47 69 69 73 13 40 89 14 91 45 23 96 8 85 68 36 53 9 32 13 43 84 34 41 14 81 13 2 90 90 44 49 17 6 11 33 58 18 22 37 51 46 41 23 89 89 14 72 25 42 2 65 62 98 21 12 28 89 31 26 16 78 18 82 91 66 46 29 1 2 94 37 77 13 95 38 32 23 63
71 76 40 98 25 96 71 30 27 87 18 70 87 30 40 25 28 90 88 41 35 83 45 24 32 71 72 22 78 30 17 25 65 31 98 86 77 87 79 57 8 95 52 57 40 56 22 28 31 13 24 22 72 3 59 38 98 8 16 14 19 31 48 32 84 21 31 44 60 22 88 44 92 42 47 56 39 44 49 76 44 55 55 38 32 53 82 11 95 10 22 39 5 39 11 33 94 9 95 40
6 91 27 36 75 77 59 96 81 79 10 23 79 37 22 50 25 85 58 28 20 31 87 80 3 28 12 17 47 44 29 30 98 55 88 59 74 18 94 32 72 11 58 55 78 74 84 42 54 99 57 77 81 82 97 9 79 90 86 57 69 26 33 83 54 54 47 18 12 76 90 27 15 16 43 52 2 55 4 57 8 55 3 68 98 67 15 77 5 5 36 87 63 11 59 36 43 33 20 35
38 14 13 50 32 80 67 72 55 57 52 66 89 18 43 68 28 52 95 34 86 40 9 93 46 30 33 61 12 88 31 90 57 28 91 19 1 2 67 62 28 79 49 45 59 15 30 71 19 60 24 76 15 62 82 40 1 43 3 73 54 53 14 12 1 47 61 48 23 31 17 91 68 7 13 0 11 30 35 85 83 87 86 8 51 90 84 15 62 5 10 47 90 89 39 71 14 65 51 32
18 22 59 10 72 94 53 94 70 16 88 52 99 40 53 42 26 62 35 5 19 72 82 77 76 24 56 13 64 97 80 56 35 22 61 36 9 77 74 17 11 32 31 86 34 10 96 16 69 34 21 85 53 21 56 44 45 92 76 12 83 60 85 20 99 72 97 61 60 10 8 67 11 11 15 40 2 64 31 34 64 93 79 49 91 98 27 21 61 20 66 46 34 71 73 2 73 47 50 90
94 25 78 69 21 45 5 94 33 56 79 40 30 13 22 49 91 92 14 92 9 22 74 4 90 85 3 33 53 7 46 95 56 19 78 10 60 5 18 75 76 78 59 7 18 14 76 75 43 35 63 9 2 32 77 9 58 45 82 10 83 86 6 4 93 63 80 99 44 74 89 94 27 21 0 61 49 68 54 45 7 24 61 64 18 49 61 78 9 64 97 21 97 95 30 7 93 42 75 59
29 15 51 14 77 68 84 20 62 11 44 30 70 70 87 88 60 22 12 93 48 26 65 7 85 59 1 93 59 12 23 36 85 58 52 39 89 14 10 65 96 94 31 2 24 71 81 78 39 42 48 8 97 23 14 39 83 71 14 9 0 89 43 39 93 15 89 33 97 9 81 34 90 50 36 4 75 13 41 45 88 76 64 80 11 1 79 26 94 79 35 43 54 56 18 3 72 20 74 56
38 18 24 40 18 93 88 48 78 88 45 91 96 18 5 17 17 46 37 46 24 90 79 37 29 6 32 73 20 94 14 33 95 24 27 17 38 32 15 37 89 50 96 11 66 59 72 56 75 88 53 5 54 7 17 17 78 94 24 20 91 29 28 43 76 35 3 85 74 25 62 10 52 82 92 11 4 99 36 74 68 28 60 13 26 81 4 54 86 33 77 77 95 9 84 36 19 33 83 48
17 41 36 18 2 98 25 67 25 64 99 5 18 96 66 95 64 1 39 51 97 94 22 4 13 44 58 76 11 40 27 10 58 63 71 17 2 68 2 93 91 65 60 4 16 26 71 21 13 96 41 49 54 53 75 71 54 36 20 99 44 9 69 20 39 3 23 92 95 59 88 46 73 68 15 17 97 69 29 62 6 73 57 64 72 44 95 76 18 70 51 12 87 42 77 40 32 49 88 4
87 20 79 46 31 4 87 88 17 14 22 70 57 69 93 44 29 49 67 77 5 26 76 5 90 30 46 41 45 35 45 60 59 70 1 32 29 86 68 88 76 49 62 87 74 41 67 55 87 8 9 61 28 16 26 92 9 25 10 19 49 39 23 14 92 26 26 34 68 68 0 66 48 36 18 76 5 66 94 93 39 54 11 24 64 53 24 76 56 29 88 40 33 0 96 85 32 55 22 71
46 20 67 28 52 20 69 74 0 81 86 13 75 77 87 92 30 39 0 43 77 11 41 11 84 64 0 5 64 41 23 80 46 27 27 40 34 57 84 78 7 37 87 92 79 7 63 51 76 75 27 72 48 52 68 69 88 59 75 92 24 85 25 66 43 18 57 58 86 68 20 48 84 82 27 14 49 24 86 14 10 5 78 81 8 9 17 6 61 82 34 47 31 35 8 72 39 17 27 78
79 21 53 41 45 70 1 76 38 1 56 9 47 79 19 91 3 10 29 5 6 26 58 74 43 24 80 86 28 21 1 18 29 31 27 64 23 96 78 26 28 55 83 88 78 40 20 17 68 69 98 19 84 24 11 30 39 54 52 60 76 0 60 17 88 97 36 57 63 48 28 23 23 43 76 68 72 40 86 81 23 31 66 55 27 19 84 93 26 86 29 65 33 22 54 67 52 51 22 3
37 96 82 16 67 64 44 91 95 79 28 56 1 34 34 98 61 59 65 64 73 69 38 64 69 10 71 65 4 40 5 51 88 96 6 59 92 2 40 15 61 70 40 31 97 10 4 56 62 16 28 85 66 87 67 10 36 13 43 89 73 30 36 81 97 25 13 45 84 84 8 21 2 26 18 3 50 94 43 24 34 35 55 87 90 29 42 76 46 13 65 5 26 37 71 80 69 37 90 62
79 65 76 59 70 76 96 88 35 71 73 83 16 2 77 61 39 96 18 99 92 45 47 93 82 81 78 51 55 50 55 80 86 42 60 1 52 2 4 66 96 40 89 14 7 41 45 60 45 15 6 62 72 55 87 0 47 66 59 42 93 47 37 61 25 88 1 36 26 7 57 46 92 9 92 48 24 31 18 13 36 93 14 87 61 73 72 18 78 83 10 4 72 16 81 91 2 12 17 80
30 99 68 57 76 14 61 27 76 56 83 78 18 91 20 66 84 18 99 91 74 44 90 73 25 3 80 43 2 50 96 11 59 12 85 61 96 54 40 5 74 72 3 12 85 19 71 8 36 19 29 37 86 32 29 73 45 98 28 57 7 69 98 37 90 36 48 97 18 66 51 62 54 4 77 69 46 63 99 14 12 71 58 6 60 85 54 53 26 42 6 55 45 7 90 79 27 91 82 46
79 15 40 52 36 64 38 19 85 29 71 78 71 14 16 57 95 96 42 37 33 58 79 68 53 37 6 86 76 8 7 20 65 7 33 68 99 3 71 98 45 23 60 14 15 27 95 59 34 48 95 11 88 10 36 5 78 45 31 71 44 48 71 80 5 38 33 37 90 72 55 79 32 44 38 1 8 61 93 25 78 66 46 25 91 90 39 28 94 49 6 75 56 41 17 74 6 57 36 40
47 25 31 70 46 11 2 64 3 89 92 56 24 95 84 25 58 18 5 69 45 30 69 56 9 47 67 6 95 59 61 56 57 35 94 34 44 9 16 68 8 82 58 29 27 11 6 14 92 82 12 59 17 96 4 96 43 48 35 24 3 4 29 28 35 43 13 35 16 63 83 50 67 11 62 95 89 42 97 26 70 92 33 91 32 66 33 44 37 60 62 37 58 56 40 60 23 25 75 15
95 40 46 62 75 74 32 6 75 31 31 39 61 64 83 3 68 82 21 78 32 76 81 56 17 54 96 35 29 88 50 87 89 66 0 53 9 47 26 72 47 10 97 2 69 28 11 88 3 44 9 89 81 25 0 59 15 1 38 59 70 94 84 56 39 81 47 62 89 60 30 36 29 10 54 93 97 62 93 27 83 74 76 99 21 64 17 82 40 85 13 27 57 99 23 70 96 9 63 50
66 3 88 82 99 83 8 0 41 47 74 52 21 99 19 94 67 94 56 34 35 17 60 20 0 32 47 89 37 58 93 44 30 46 44 55 97 67 12 28 5 52 17 25 12 61 63 87 41 95 25 40 21 1 29 26 33 80 45 83 90 40 77 18 44 95 20 24 64 56 96 30 43 42 83 52 81 58 96 10 15 93 11 3 54 26 19 78 71 18 6 52 92 27 89 87 7 67 17 52
12 12 19 62 24 11 43 18 51 1 26 21 87 48 84 99 94 83 42 25 87 48 36 77 75 15 18 36 39 95 35 3 2 91 46 67 26 39 0 42 36 99 65 44 74 69 37 88 11 6 16 29 17 73 2 89 68 32 53 71 89 50 26 72 67 99 50 80 52 75 51 65 66 76 40 33 41 52 48 60 7 43 76 80 89 91 1 66 34 54 13 91 73 93 65 33 43 71 40 57
70 45 65 57 26 0 23 58 45 46 68 96 69 44 19 43 79 15 50 56 25 57 89 89 30 56 55 24 37 77 14 36 81 86 89 56 27 48 90 17 7 40 28 63 47 80 63 23 86 19 8 24 61 92 16 78 14 41 43 42 15 50 35 15 7 1 80 23 4 93 10 75 11 78 81 25 50 85 42 61 37 9 17 22 43 78 70 40 97 44 77 78 12 44 35 60 15 48 55 26
31 10 46 26 30 99 63 86 75 26 18 55 20 17 69 89 82 33 88 3 10 12 77 70 74 9 42 35 50 39 81 54 68 17 95 81 67 0 77 59 58 91 22 1 31 22 2 71 54 17 15 38 0 15 31 75 21 1 31 57 8 82 70 48 31 35 44 79 33 26 7 52 47 9 18 60 62 97 15 70 88 7 75 89 16 52 29 79 31 7 3 84 22 31 19 60 85 74 51 27
43 85 53 83 8 90 94 58 95 77 13 11 66 95 65 16 20 72 0 22 62 4 87 13 85 76 59 42 66 39 60 62 40 83 97 27 46 96 79 99 40 56 75 45 62 14 82 77 20 32 96 52 80 35 69 16 85 45 39 49 23 76 31 36 39 93 86 75 58 31 77 12 82 5 45 68 94 84 63 24 35 68 86 2 31 18 41 96 76 39 30 78 88 25 96 32 6 43 42 28
9 55 38 18 66 21 53 69 9 86 59 31 74 2 85 96 25 71 81 66 66 94 55 27 74 6 49 0 48 28 6 14 31 34 44 26 94 96 57 98 87 62 31 38 51 63 96 74 50 71 55 59 38 56 48 77 91 38 48 20 44 52 92 25 54 1 26 49 61 11 10 72 79 36 72 36 18 44 92 48 11 30 44 57 86 96 31 5 90 65 57 88 85 88 79 86 49 50 3 52
7 57 54 85 56 65 50 59 27 74 11 77 92 3 98 48 88 38 20 15 37 23 93 33 54 73 21 42 11 54 49 15 91 83 38 67 0 12 83 10 14 24 81 74 47 18 8 5 89 20 57 0 2 25 23 50 17 19 82 80 56 6 79 34 3 62 62 45 4 42 34 16 8 31 70 32 13 25 19 97 28 77 66 25 85 73 62 62 51 49 3 63 48 89 67 33 87 89 41 49
6 49 32 98 68 49 61 76 43 85 45 17 70 45 30 39 55 89 11 13 88 68 82 99 50 63 85 11 98 3 4 30 49 3 16 74 46 28 48 45 77 68 31 38 77 99 1 4 22 83 18 76 92 47 92 31 99 91 69 13 78 29 9 3 61 24 9 81 64 13 64 92 27 82 26 98 0 8 29 62 32 34 57 93 52 39 14 55 9 70 6 19 64 49 85 29 60 79 15 30
34 76 30 14 89 36 87 2 93 18 14 12 87 5 38 35 8 18 99 57 94 8 53 68 16 1 1 2 90 7 37 76 86 59 25 3 83 8 3 55 59 60 94 25 86 74 45 92 96 41 58 81 21 11 75 96 67 95 62 76 77 69 26 23 33 58 92 26 16 61 54 19 9 86 43 75 0 0 88 86 25 44 70 19 84 3 7 11 7 59 22 11 10 18 48 43 51 23 57 30
72 66 82 95 60 21 6 2 63 6 92 5 70 46 21 26 9 66 49 82 86 14 29 46 47 99 87 31 97 81 81 66 22 58 98 27 52 50 53 93 93 91 1 69 99 97 65 64 73 9 79 61 39 62 97 95 50 75 61 81 36 94 33 45 65 18 6 35 82 27 62 92 36 67 18 18 17 37 11 63 63 58 91 26 46 14 92 67 43 70 68 81 6 30 89 15 91 73 57 70
79 4 19 36 36 17 58 22 41 89 34 15 43 79 64 48 6 29 55 16 90 49 60 41 4 66 59 66 68 33 28 98 91 90 56 15 28 84 32 18 99 68 15 90 65 11 47 87 45 89 44 12 2 13 38 43 91 18 34 57 58 39 21 4 3 38 0 54 63 83 61 78 47 24 98 73 84 42 78 11 42 91 3 39 77 21 73 19 33 88 60 67 52 47 94 23 76 47 57 24
44 32 3 91 24 9 81 35 18 97 22 38 83 71 52 13 46 42 53 44 60 43 37 80 36 30 11 98 17 98 16 76 4 18 17 77 21 56 26 18 19 57 36 5 44 46 7 36 64 28 52 67 48 19 48 78 79 10 19 61 69 13 83 0 95 81 43 26 79 6 94 56 76 97 60 66 89 87 24 58 12 9 28 60 33 41 1 79 45 12 54 40 28 35 31 12 11 25 13 60
11 36 11 14 38 60 30 4 4 11 66 86 32 22 45 92 44 81 8 86 33 42 65 86 81 37 84 61 31 54 83 20 52 31 52 50 69 46 21 81 48 6 96 95 82 55 17 29 63 34 86 63 40 97 66 37 80 57 25 63 88 35 93 79 30 68 53 11 20 26 9 2 35 73 96 82 20 21 81 59 14 15 75 42 47 87 18 91 26 53 20 63 65 79 50 79 65 35 48 48
33 92 62 13 33 99 7 36 9 62 92 46 68 90 93 51 37 98 26 20 88 86 78 16 15 58 39 95 89 64 31 51 64 15 55 18 99 48 2 32 51 63 44 99 82 27 8 64 29 64 70 96 48 32 33 0 4 39 51 23 98 2 43 24 38 46 10 21 28 87 76 59 44 10 18 74 57 72 37 82 44 78 55 48 60 9 45 49 81 41 47 87 22 94 85 67 19 28 62 98
36 27 62 61 64 56 52 3 27 49 71 36 93 20 91 47 51 40 34 14 75 29 41 86 22 1 52 97 16 39 46 90 61 96 79 13 70 26 37 39 63 91 26 14 89 8 94 9 29 31 34 41 10 17 6 49 15 40 96 87 7 61 14 19 94 33 99 16 39 35 37 35 13 88 13 16 86 84 14 25 29 84 74 91 55 9 12 25 22 42 14 33 90 69 77 38 29 11 34 20
23 40 39 39 62 63 42 29 44 16 86 22 79 26 85 65 88 58 78 97 37 50 59 41 57 54 65 93 51 77 64 70 27 13 19 27 16 78 42 35 15 24 8 42 90 71 27 69 96 54 63 17 29 26 75 49 98 59 21 20 28 27 71 77 23 38 45 46 12 56 15 35 59 41 46 45 74 96 48 98 92 32 70 70 63 92 63 60 27 51 13 66 49 2 13 20 76 36 90 90
53 36 6 4 79 90 59 49 87 58 63 41 59 9 82 63 46 97 64 15 29 9 78 28 77 5 13 62 4 13 84 6 71 49 6 70 87 90 49 75 89 20 60 21 20 50 20 36 5 3 72 80 38 46 83 26 22 48 82 98 61 33 84 10 9 16 71 14 91 80 46 38 44 9 31 52 34 44 25 97 78 0 72 61 41 48 15 95 53 22 57 33 40 19 71 45 34 80 79 4
10 84 0 48 31 4 26 24 15 25 69 91 41 47 0 46 99 41 99 4 21 94 71 69 11 72 66 54 68 56 97 41 12 82 20 45 87 41 35 12 76 3 89 81 56 31 31 72 0 87 37 1 14 25 48 35 73 25 83 75 53 5 85 43 74 19 16 50 75 43 94 9 98 24 43 65 42 64 90 15 35 97 70 78 41 18 17 32 39 12 98 73 35 39 18 47 75 34 84 52
71 84 13 90 28 60 97 13 72 90 89 2 98 76 71 70 29 87 59 2 42 69 43 88 72 45 36 35 8 13 3 12 87 66 35 91 93 18 30 26 98 28 90 57 15 88 61 72 56 50 74 30 67 56 28 7 72 40 20 88 16 73 67 94 6 31 13 23 51 73 70 30 0 35 91 66 90 51 43 81 5 55 70 60 10 7 90 69 51 44 87 65 60 61 35 20 53 92 19 3
55 36 55 81 52 95 38 63 83 52 75 66 40 21 90 47 57 4 60 86 21 83 19 9 1 91 8 55 86 92 72 15 52 33 10 9 28 34 58 52 14 91 53 64 15 9 44 27 95 72 63 94 96 17 9 68 20 91 32 11 10 85 96 98 0 21 64 77 20 58 30 42 82 48 30 95 99 19 88 15 38 6 37 32 33 92 38 55 53 88 27 78 21 46 97 46 13 22 75 71
87 20 62 19 25 72 55 9 30 9 7 23 93 21 79 34 86 11 72 24 52 12 37 82 71 3 73 54 32 82 97 11 26 3 8 30 86 5 38 52 96 42 41 14 34 18 17 64 96 44 87 71 81 24 8 66 59 96 40 67 17 62 57 87 75 42 5 4 21 17 38 64 40 54 24 66 13 93 7 57 0 49 19 66 19 71 94 93 52 56 91 75 69 45 69 26 28 57 32 88
24 79 81 92 84 51 52 77 91 51 53 2 65 25 39 4 9 70 78 83 20 20 76 11 76 72 64 76 90 20 98 19 73 51 98 40 89 30 79 81 98 60 51 35 49 90 50 82 12 5 29 65 6 55 5 96 78 7 48 19 45 44 58 9 11 2 92 34 30 22 32 95 9 25 67 68 88 80 12 7 3 65 80 60 18 25 82 91 64 18 91 11 55 98 41 62 47 53 23 17
