100 100
35 96 92 39 43 29 59 32 70 68 75 54 75 16 45 86 43 43 63 4 48 8 58 16 49 63 42 98 89 78 84 23 97 74 91 62 0 57 58 69 48 46 52 45 7 98 68 23 41 99 33 1 92 72 50 10 13 52 99 74 36 29 64 15 49 33 28 22 96 76 28 76 78 13 29 56 85 37 36 63 20 54 62 85 23 11 87 39 60 77 3 82 91 40 9 52 80 92 42 27
3 46 53 88 95 59 8 80 74 5 84 92 66 58 56 92 51 67 4 50 77 81 71 67 26 37 75 64 23 98 55 21 69 82 31 85 25 38 22 1 34 19 2 74 71 95 7 72 23 6 81 8 60 56 58 71 24 44 4 57 89 92 84 94 52 56 42 92 15 84 58 70 55 99 7 96 73 62 17 20 67 32 20 2 47 70 96 24 24 44 12 75 10 3 83 32 70 11 41 99
89 69 5 0 20 40 42 55 20 75 58 32 61 17 56 84 96 38 47 59 96 71 1 90 21 65 8 87 78 12 73 10 35 68 23 98 85 16 0 56 58 96 44 85 17 60 83 28 74 99 92 42 37 21 94 23 57 59 7 63 80 13 21 12 7 64 39 10 95 8 77 43 43 91 32 44 7 69 14 9 80 31 36 42 96 95 0 80 81 79 31 44 47 53 70 74 58 66 68 98
15 51 41 50 81 8 55 95 97 69 55 21 88 90 43 15 20 59 98 17 32 28 81 32 81 77 3 69 2 63 63 40 90 16 35 81 92 80 71 99 15 38 18 3 19 64 93 18 28 37 50 34 7 30 66 18 90 83 16 20 89 92 80 56 37 7 0 11 95 60 41 76 48 58 47 4 31 65 69 44 5 23 39 92 53 76 98 76 88 87 65 74 16 43 79 54 44 92 23 17
26 71 29 8 49 6 75 67 42 39 65 88 32 20 27 47 2 93 4 80 31 25 30 96 59 74 44 13 17 51 16 31 73 86 36 73 89 56 3 37 77 99 15 35 27 4 45 23 16 30 68 51 67 70 10 93 30 69 28 73 32 55 9 13 40 39 44 0 13 16 9 93 30 89 59 66 20 16 7 98 62 80 93 22 17 76 43 60 60 4 26 70 23 66 78 64 37 44 1 51
41 80 74 14 68 69 20 4 52 73 40 22 20 23 96 35 76 52 45 53 2 51 69 78 92 66 96 44 90 59 19 28 79 19 41 59 41 25 18 72 97 7 52 56 0 90 15 59 44 55 80 86 68 96 47 91 46 6 2 31 85 63 1 3 59 83 96 75 36 9 99 81 8 33 16 40 0 57 58 33 82 11 55 50 84 93 54 16 55 83 5 0 24 59 99 75 12 35 69 36
41 94 99 43 93 32 83 82 78 62 62 36 86 62 35 64 74 34 60 5 38 44 7 21 21 6 83 49 55 10 71 99 38 65 23 11 10 72 17 75 54 48 84 80 96 32 88 47 61 49 9 99 73 11 51 93 8 72 50 49 6 99 45 91 29 28 55 35 91 43 59 36 35 29 18 27 22 27 50 10 9 29 35 8 34 32 96 94 80 16 51 40 30 54 45 16 76 47 92 59
91 20 13 72 68 83 32 40 99 54 25 83 71 74 13 9 46 59 19 60 55 89 38 94 2 20 50 91 70 2 5 24 55 56 56 74 12 71 35 41 65 66 94 60 77 69 28 70 79 50 34 88 62 70 49 62 1 1 83 5 30 81 19 13 26 95 79 27 46 74 67 15 69 31 66 72 38 79 72 3 50 92 47 62 55 14 5 89 24 31 77 3 18 83 22 9 56 9 45 56
85 68 11 22 92 31 40 81 78 75 66 35 62 58 24 14 52 35 37 38 29 91 49 97 87 62 2 85 65 64 76 89 39 9 38 45 10 80 2 6 96 82 3 12 66 81 98 91 99 13 45 53 2 40 8 0 48 84 3 16 3 9 68 48 87 54 68 56 67 67 42 68 40 52 23 23 40 54 86 68 56 20 68 33 48 69 85 83 66 11 8 17 57 89 25 64 74 3 61 11
82 34 97 62 21 64 6 49 7 60 44 71 11 75 91 46 5 88 89 63 81 18 51 3 69 88 20 22 42 68 32 70 76 62 18 53 43 45 97 38 65 21 37 31 22 26 68 55 91 34 87 10 49 23 48 81 83 86 86 20 78 59 92 39 27 98 65 0 58 20 47 7 49 78 40 62 74 55 82 75 65 1 10 84 14 52 55 60 20 57 24 65 90 9 9 39 49 0 22 2
52 86 89 66 16 87 64 68 73 5 13 58 21 99 85 91 4 22 54 87 76 74 40 86 9 11 5 3 96 2 45 70 48 11 32 67 56 51 4 64 58 36 48 95 6 39 86 70 48 57 62 14 43 57 10 76 15 89 64 88 90 16 26 24 42 55 81 81 25 70 11 36 37 7 6 50 57 38 20 2 22 17 61 81 59 30 62 58 86 86 75 27 79 49 86 14 57 22 88 97
8 17 95 17 51 77 89 13 73 53 30 45 16 64 60 31 77 15 94 74 76 85 98 91 9 49 97 69 27 28 16 47 4 39 47 88 66 37 60 87 3 42 24 91 35 49 80 49 66 43 3 2 13 50 51 89 35 76 19 68 4 8 42 58 32 87 90 9 83 66 47 89 61 40 34 54 11 17 56 21 33 94 54 96 29 93 29 82 45 95 74 35 88 32 73 23 75 62 52 71
75 8 69 86 74 73 95 77 52 51 81 24 72 64 63 55 9 67 38 27 16 0 36 65 88 55 96 5 29 99 64 75 56 78 89 44 41 89 48 66 13 24 53 39 32 48 11 8 64 82 67 51 94 58 50 68 0 95 46 62 97 62 89 33 63 92 92 20 30 16 77 53 85 96 69 85 22 61 77 33 37 48 72 36 97 77 72 42 18 26 6 94 98 73 67 1 73 22 85 58
90 42 56 76 19 12 26 88 27 73 5 99 24 43 94 49 42 5 43 69 64 5 24 19 97 67 90 26 42 75 28 27 96 29 39 93 72 52 61 62 60 75 86 29 30 6 99 76 4 49 78 38 42 18 62 78 72 62 2 28 66 98 84 76 16 41 56 10 72 80 4 25 33 65 74 91 40 49 41 96 90 20 84 93 28 58 66 51 93 66 24 5 70 9 96 11 97 4 51 50
14 37 67 36 55 67 19 16 23 8 55 73 45 3 4 1 71 16 64 17 39 3 2 56 22 49 93 9 90 86 34 27 83 50 47 60 54 66 31 37 56 2 68 76 81 55 86 54 25 14 83 22 26 63 83 38 71 66 11 42 83 10 63 64 96 67 65 50 28 76 68 55 76 31 42 23 31 22 73 87 10 43 2 80 74 77 12 44 13 14 54 40 72 84 49 22 69 22 21 65
13 25 45 29 56 90 38 47 30 85 25 29 90 47 14 3 87 24 58 4 73 90 64 66 55 56 85 61 18 16 81 3 85 71 71 94 5 11 6 94 13 34 60 69 86 15 31 44 66 54 63 16 24 81 27 26 42 4 6 28 72 30 81 69 79 43 14 98 96 35 0 39 51 60 22 59 99 4 1 78 44 38 16 97 25 51 0 0 0 37 63 60 23 63 66 58 40 3 85 73
12 99 18 31 2 74 74 33 76 93 54 1 46 51 52 64 81 41 61 99 21 32 34 24 92 89 46 69 94 34 50 19 28 54 66 62 88 57 17 55 87 50 74 49 74 66 78 31 35 0 93 43 11 91 54 73 26 48 77 44 47 58 68 26 7 12 48 59 3 27 31 88 35 38 96 59 16 86 20 48 78 40 78 72 7 21 68 32 14 52 77 28 4 71 50 10 31 6 85 5
39 36 46 97 85 29 24 33 85 94 99 41 92 17 30 73 21 48 13 8 38 25 51 60 24 12 53 84 45 89 47 82 41 89 34 65 24 62 82 48 76 28 30 3 8 33 46 40 0 45 24 23 37 62 57 81 85 46 80 42 38 47 27 40 86 91 24 43 42 11 82 71 50 85 45 87 98 69 83 54 27 90 63 75 1 15 85 77 87 83 30 80 44 42 22 92 87 17 52 21
38 84 20 19 51 49 45 41 87 37 62 86 30 52 76 21 98 5 68 36 71 16 49 36 65 82 57 29 23 5 20 25 55 48 98 27 32 38 70 57 92 61 93 36 24 97 75 87 10 58 15 41 71 84 24 51 23 10 16 69 91 81 97 41 35 79 72 51 23 84 5 52 85 83 28 80 82 20 40 4 8 65 70 78 83 63 90 68 36 22 14 21 85 0 33 58 99 30 19 94
13 33 98 70 82 89 42 61 25 5 50 64 44 69 94 77 64 77 70 39 21 10 85 83 4 19 4 45 61 35 39 52 57 75 10 10 55 70 29 86 33 5 43 8 71 76 76 73 57 41 36 74 16 30 93 59 76 93 77 41 52 30 68 95 19 91 94 81 71 95 35 65 95 55 91 35 92 88 67 93 34 23 94 99 33 93 77 1 14 92 6 86 84 3 33 63 27 33 91 75
56 20 9 62 69 98 10 32 21 72 36 70 72 34 98 51 35 83 15 82 94 48 50 60 26 65 18 90 56 23 51 79 85 16 79 81 78 50 88 42 85 35 54 80 52 40 88 95 34 97 11 86 64 30 14 58 16 53 61 58 46 83 92 95 90 27 55 66 23 78 38 38 41 45 7 5 78 6 47 62 19 17 14 29 65 30 20 89 92 47 76 72 30 83 62 98 3 43 57 41
25 8 87 43 21 60 25 19 28 54 93 13 6 98 53 3 90 93 96 94 46 25 98 54 97 23 48 11 19 13 69 57 95 62 73 56 0 95 41 3 24 56 88 35 16 87 7 42 64 55 99 98 11 33 57 77 78 26 98 12 83 69 11 81 21 11 80 16 93 3 77 80 33 49 74 54 70 64 94 21 43 20 54 75 64 84 69 7 55 75 66 59 4 83 49 98 87 61 91 85
74 86 53 81 87 70 38 73 24 13 81 68 49 49 24 52 61 82 64 84 97 55 90 44 92 45 15 44 13 61 72 59 19 38 17 29 31 26 96 42 11 9 30 15 20 84 1 27 92 71 25 19 21 37 94 73 24 71 67 62 25 34 73 1 78 96 8 54 99 75 6 49 23 40 62 61 88 94 29 17 65 6 65 20 73 77 6 66 31 31 58 83 41 35 65 99 69 35 36 28
5 50 6 30 7 45 41 71 89 43 42 29 12 56 20 41 45 40 10 89 11 2 47 32 93 36 88 54 95 71 93 33 75 90 73 17 97 87 99 90 85 88 33 60 19 24 72 59 6 56 24 4 68 52 19 61 63 34 36 87 93 6 86 42 86 10 11 97 58 37 66 89 21 96 48 14 90 95 93 73 60 95 94 48 75 39 43 4 56 79 63 75 0 80 97 35 43 83 64 9
68 0 41 36 7 92 7 55 21 14 19 29 39 68 19 38 62 48 46 59 84 39 13 9 50 62 64 37 79 64 53 54 13 52 81 86 16 31 40 72 12 78 42 72 5 53 6 98 31 38 17 93 91 77 72 80 91 64 91 78 71 20 34 41 19 8 15 2 18 88 61 84 98 67 38 16 89 49 35 10 92 29 35 77 85 63 54 85 34 67 82 86 94 0 89 49 99 17 82 97
32 85 60 54 5 86 6 51 53 51 66 98 29 1 18 35 15 4 4 68 18 94 2 92 92 21 38 18 28 75 1 7 3 30 19 41 34 42 43 62 72 52 62 23 86 28 5 35 51 4 27 72 6 87 55 74 75 84 71 66 47 70 57 80 10 92 56 73 67 42 39 84 45 72 33 21 83 30 57 88 12 47 47 29 7 22 97 16 40 11 16 30 89 50 17 99 93 96 95 38
0 16 0 73 32 3 19 47 50 54 81 81 97 1 84 68 18 46 69 97 23 14 20 32 25 13 69 21 7 40 55 11 98 65 92 10 11 93 81 58 96 79 89 37 61 57 64 47 94 34 55 4 68 76 67 65 46 25 89 51 1 43 74 0 80 36 13 21 69 45 30 17 93 45 69 89 0 81 43 16 43 78 66 69 29 75 8 17 59 63 30 33 22 18 45 19 24 21 88 33
4 41 77 19 92 8 91 96 68 3 72 99 47 1 49 30 86 14 28 4 18 84 36 68 44 60 89 80 0 79 94 45 67 0 2 45 59 20 34 66 22 19 66 6 4 84 19 21 0 91 32 40 69 12 84 61 23 76 48 20 28 82 2 29 22 46 60 39 40 34 37 16 87 27 19 63 0 37 22 85 82 86 54 28 30 59 45 88 73 21 0 49 58 96 49 56 25 18 1 14
51 34 79 52 44 85 32 77 1 77 13 8 89 76 98 71 90 70 79 88 75 75 4 15 78 72 38 45 43 92 20 78 86 89 78 79 53 93 65 17 75 47 68 87 51 74 94 20 36 83 47 85 2 35 70 10 47 74 52 40 80 32 34 87 62 31 22 26 90 2 22 23 37 45 19 11 18 93 92 33 4 27 52 31 72 39 47 84 52 24 9 7 47 71 76 26 78 66 20 8
12 45 55 45 17 86 7 80 29 33 69 69 54 40 1 75 33 6 46 96 88 81 24 62 39 8 25 8 4 96 78 6 55 97 94 95 53 94 74 38 14 99 66 5 70 4 0 53 60 11 80 86 70 33 13 18 50 38 51 6 96 79 3 71 43 56 2 39 15 5 65 39 14 39 51 73 88 21 65 15 89 79 34 73 58 25 9 65 5 1 93 5 32 7 31 57 36 54 60 2
46 10 62 30 30 6 8 28 45 0 64 60 69 4 57 71 21 7 12 65 25 62 54 78 79 12 77 77 92 84 64 4 35 10 49 71 96 49 43 39 58 77 81 10 39 96 80 44 14 5 56 80 7 8 30 92 77 92 16 87 59 66 65 18 8 7 88 63 77 27 26 5 21 55 5 4 37 53 61 73 90 23 10 20 37 79 57 38 55 73 82 87 94 23 18 56 49 12 32 20
90 50 51 93 33 73 48 14 24 52 48 54 26 64 95 22 26 19 83 77 70 80 98 58 4 93 67 80 45 81 58 50 52 37 24 7 47 96 81 91 43 73 79 21 86 79 32 45 68 49 71 27 67 48 26 12 9 58 45 31 56 81 23 70 56 13 72 76 49 36 2 33 92 42 94 90 0 42 14 99 26 73 23 59 72 50 47 82 39 7 12 96 10 66 55 46 64 18 81 72
57 91 26 79 32 6 83 36 72 46 1 92 43 2 28 30 2 53 62 19 44 16 4 85 19 99 52 49 34 48 60 49 47 15 96 28 18 20 49 85 12 29 40 10 78 8 35 34 4 94 19 30 42 54 16 47 30 81 22 50 64 18 27 12 4 6 28 84 46 78 7 39 93 22 15 10 63 98 55 81 19 88 66 32 81 22 8 98 88 15 41 27 68 53 16 2 96 29 74 21
38 49 96 22 33 20 14 52 92 17 85 99 70 59 30 32 34 2 37 88 35 90 35 8 72 1 23 15 81 53 9 81 45 53 26 52 1 85 29 45 29 76 55 65 76 90 17 36 11 48 9 77 29 94 90 27 37 71 58 46 23 23 52 93 75 54 45 37 54 66 72 22 45 1 6 54 90 8 41 79 5 92 61 52 85 49 84 18 7 1 39 48 53 48 0 12 46 82 33 0
86 48 28 44 74 10 86 22 62 86 74 81 55 72 68 58 51 74 49 23 81 42 2 28 38 20 97 92 67 77 17 22 20 27 21 20 4 17 74 5 28 71 29 29 41 97 73 56 97 66 50 31 12 77 33 59 86 59 21 80 41 59 17 17 5 8 12 60 85 58 33 50 22 44 54 83 97 25 41 11 38 18 99 42 29 56 39 25 68 75 1 33 95 27 15 27 56 28 19 50
61 40 82 66 15 96 68 9 55 73 41 99 76 47 84 53 86 63 26 82 71 65 58 63 32 75 43 46 6 3 65 52 37 21 95 6 82 32 9 31 9 48 50 42 73 65 31 72 30 5 16 52 77 26 65 4 12 38 8 65 93 7 49 28 58 8 25 66 84 3 11 18 12 9 87 69 41 54 84 53 7 23 82 38 58 3 42 9 55 66 28 45 61 63 41 92 21 89 55 15
85 63 7 86 83 44 66 98 68 86 19 61 77 37 11 64 4 50 71 66 71 17 6 13 98 73 5 81 13 80 73 48 92 41 59 30 59 84 75 46 55 55 73 60 67 3 89 42 77 26 29 42 11 75 19 87 90 64 40 62 68 2 66 65 13 55 8 84 54 30 85 65 92 38 6 23 39 10 13 59 82 12 64 56 51 0 39 19 4 59 60 51 52 86 50 73 52 36 50 97
54 17 79 2 49 80 80 72 93 86 30 99 72 54 74 67 91 95 74 67 93 81 83 65 78 95 19 16 17 82 42 44 33 93 7 79 99 11 74 39 85 44 97 80 71 26 29 95 89 5 37 98 32 71 54 98 35 82 16 25 61 44 27 53 92 25 67 7 57 73 14 54 80 43 69 17 27 27 10 68 8 31 38 2 74 40 93 21 52 60 33 1 46 25 88 66 31 39 13 21
56 88 30 59 17 76 9 19 86 97 71 85 4 83 3 45 27 43 64 5 83 5 38 14 27 11 24 16 34 70 80 33 37 43 44 45 17 87 25 0 94 58 32 17 22 47 19 35 71 74 74 75 17 89 22 32 71 27 53 37 90 51 45 26 71 96 76 11 95 9 34 22 23 83 90 17 29 76 98 27 81 94 89 80 11 22 75 75 94 17 39 92 34 16 4 54 3 20 78 58
16 27 48 60 22 88 64 73 69 21 72 38 87 73 86 98 54 36 83 96 21 46 47 33 12 37 82 84 21 57 93 97 64 69 85 90 90 47 59 70 37 64 12 97 60 74 21 57 49 84 53 77 78 35 15 78 71 81 56 50 53 8 40 87 41 19 4 12 82 37 50 87 89 0 71 16 13 39 27 90 27 66 65 66 4 10 64 21 82 89 19 41 82 43 20 0 87 57 72 82
31 4 5 17 67 22 48 88 38 23 31 3 77 82 42 23 88 84 18 63 73 90 55 11 96 36 50 5 32 22 46 84 1 57 21 6 56 50 90 9 60 37 6 83 12 8 54 1 36 64 61 66 2 30 47 9 55 28 25 85 66 2 87 18 59 82 88 27 58 71 98 23 20 23 39 18 48 98 37 51 57 79 12 36 45 31 6 41 83 12 98 72 38 48 96 16 83 87 81 72
2 13 81 96 83 52 27 47 21 10 48 48 74 32 31 30 15 71 27 58 93 44 90 8 77 13 77 83 81 70 73 70 70 35 19 13 71 48 99 39 19 58 34 43 69 86 42 84 1 0 72 60 28 79 25 35 43 18 22 65 44 6 79 30 51 54 54 98 17 38 62 88 38 89 36 45 39 62 87 76 36 64 73 32 32 31 87 9 95 36 25 33 25 72 14 15 20 88 14 63
47 21 73 44 77 84 9 22 90 75 7 99 88 66 60 5 45 62 3 33 94 12 17 6 36 83 92 29 41 23 50 79 94 73 33 56 39 87 76 28 46 84 37 74 77 51 24 40 20 91 55 24 22 1 27 90 74 62 31 41 1 13 9 75 20 64 11 55 70 53 96 60 92 74 42 77 17 13 91 37 70 28 10 98 30 28 74 39 74 34 1 25 57 98 24 55 81 13 88 46
23 25 71 30 33 61 62 0 80 25 30 69 39 40 80 84 14 81 72 54 85 37 85 32 19 51 32 50 5 54 29 39 34 40 64 77 84 20 96 26 91 1 83 42 93 34 7 61 8 25 71 89 69 72 70 83 54 47 21 88 2 43 79 98 42 51 52 85 86 43 96 42 40 75 22 81 41 66 70 19 12 40 17 0 27 66 61 86 15 58 91 92 94 74 85 15 18 81 98 47
40 15 6 65 29 13 29 35 82 81 21 52 35 87 40 8 52 65 21 83 92 75 54 99 71 32 41 9 28 99 51 33 72 21 3 2 34 43 98 18 71 74 39 62 70 93 66 86 2 49 40 15 96 53 48 11 77 66 60 53 17 22 73 0 24 75 81 29 0 14 72 61 15 71 18 5 91 69 53 81 3 81 18 20 58 80 83 63 15 86 69 25 20 39 83 19 63 76 53 0
54 79 93 5 94 47 77 50 79 50 52 51 75 66 85 49 62 75 5 25 77 86 34 81 97 69 37 26 23 87 75 73 48 1 87 2 5 56 86 63 63 54 96 30 81 50 38 11 97 7 93 18 4 98 0 54 93 30 22 3 66 39 4 75 27 89 64 55 30 95 35 28 0 76 10 21 4 31 11 41 35 37 75 65 70 57 67 83 24 47 85 77 71 62 69 73 19 54 56 75
33 91 9 76 68 2 48 12 49 10 56 95 38 97 71 63 83 7 84 60 87 75 78 55 50 38 79 91 51 93 65 68 76 9 1 54 89 45 56 14 66 47 69 67 86 75 63 77 23 19 73 8 93 51 38 71 81 84 47 31 92 94 49 41 68 90 46 8 82 9 58 29 4 64 19 35 27 45 86 66 94 45 70 75 32 72 80 66 76 53 43 38 19 74 25 38 33 13 77 0
28 84 68 39 86 56 21 29 64 4 46 25 12 86 1 69 54 95 24 93 68 68 73 75 6 33 99 2 3 77 11 40 73 54 27 24 7 35 23 25 50 50 66 63 8 95 77 97 80 67 47 44 23 72 79 36 46 36 25 55 41 18 57 55 49 39 63 1 65 95 21 63 24 71 48 95 59 97 14 49 41 72 52 2 81 11 72 68 88 26 82 11 81 40 49 71 22 57 81 89
6 11 97 91 61 70 74 65 51 40 78 92 33 11 73 21 17 38 74 38 2 52 81 7 1 78 7 29 66 16 73 4 7 48 88 36 54 7 19 97 54 68 62 0 4 3 93 30 31 44 6 5 78 29 96 67 18 84 17 23 57 28 54 68 70 9 74 94 16 73 92 59 34 19 75 1 66 9 0 58 61 9 86 33 35 21 18 83 6 37 43 58 1 44 25 56 51 98 91 53
7 81 12 68 84 50 67 53 28 89 56 90 19 87 56 19 65 47 36 26 40 83 59 44 77 24 60 58 12 18 74 33 93 91 93 9 81 81 76 42 60 73 0 43 58 7 33 50 1 18 46 80 68 89 7 3 12 21 18 70 94 83 20 59 23 52 66 78 66 75 96 12 72 68 70 72 60 2 92 84 6 90 76 0 3 35 83 10 81 98 78 11 20 61 80 50 29 75 22 62
56 33 77 10 31 80 51 97 46 70 63 58 93 50 45 99 46 24 45 55 24 69 4 65 22 44 71 41 61 26 78 30 69 16 42 65 90 66 55 54 18 46 60 18 62 24 43 58 26 14 46 29 0 58 27 42 86 40 18 29 38 47 74 54 90 98 37 85 53 17 14 78 20 10 36 75 69 8 37 57 75 87 90 39 54 92 62 74 37 85 18 35 28 2 85 62 45 36 0 83
59 50 9 1 29 21 56 87 19 28 0 35 18 24 23 44 19 14 42 28 32 95 32 5 50 49 71 5 13 69 58 31 90 43 15 83 65 63 2 65 79 20 68 80 94 28 34 18 39 22 79 46 88 22 96 23 4 32 40 55 56 42 47 26 11 81 79 65 31 32 1 5 23 41 19 32 4 51 94 37 11 33 55 13 36 55 65 61 29 4 43 29 78 56 60 1 25 37 18 49
78 40 77 44 94 1 82 17 75 58 10 92 65 74 28 45 95 33 75 42 74 71 92 32 5 38 18 42 61 68 43 97 92 39 27 40 1 21 63 15 57 15 14 28 59 95 73 8 68 91 36 37 9 63 2 35 93 44 65 42 84 50 8 62 5 84 25 83 33 15 4 35 46 98 68 6 99 5 44 57 78 20 43 83 50 30 61 64 60 80 88 75 30 20 86 41 38 7 48 19
97 96 62 28 23 28 97 86 90 43 56 1 9 69 18 28 17 60 23 29 45 48 67 94 66 62 66 54 60 23 32 12 92 16 15 23 28 34 54 48 8 59 3 94 89 54 78 97 7 29 22 68 86 25 44 62 77 1 79 43 81 61 42 24 94 16 92 86 51 40 93 23 99 36 92 52 85 5 17 90 5 65 21 19 31 58 18 95 74 33 48 7 60 19 85 20 74 13 30 1
55 73 88 58 98 23 3 92 35 31 31 96 5 52 76 17 68 89 69 43 30 79 59 50 47 42 28 3 43 7 53 84 18 0 62 4 80 4 80 1 93 15 49 42 74 39 31 17 85 1 2 86 40 58 64 62 47 27 54 64 13 14 79 15 6 90 45 28 32 84 38 21 9 27 3 58 20 98 33 39 46 97 18 61 7 87 3 18 6 54 41 69 94 24 48 99 62 2 59 48
52 2 5 71 28 70 17 71 5 84 82 42 6 90 12 11 53 14 55 13 23 42 64 63 6 84 81 48 32 89 26 2 67 75 78 82 17 46 21 27 70 36 89 20 38 36 94 62 50 66 10 9 96 24 19 3 22 6 57 92 6 42 5 29 87 59 17 68 15 49 93 32 89 97 79 24 90 76 34 22 87 24 72 18 74 57 78 11 37 98 24 16 87 47 44 85 75 36 49 13
8 80 20 21 47 56 3 9 69 12 31 5 49 27 77 1 55 48 69 59 56 25 23 13 89 72 70 81 42 34 9 88 33 93 93 53 47 25 82 7 49 4 16 82 32 98 51 99 95 13 73 74 11 89 47 76 52 76 96 44 75 60 5 93 0 57 18 30 39 25 76 21 1 96 66 58 75 97 77 85 48 52 56 67 5 42 21 1 91 49 52 3 80 69 96 19 45 55 57 39
70 15 77 50 49 63 55 68 21 96 97 44 27 56 19 93 76 11 10 27 63 69 46 8 60 50 14 43 8 95 94 23 66 35 29 37 58 85 22 6 2 80 38 72 95 38 75 32 89 62 44 91 64 92 49 60 6 42 92 41 27 57 23 73 36 73 65 35 33 44 70 73 53 75 58 10 77 84 55 93 54 80 79 14 45 59 0 77 26 72 31 30 73 58 67 49 0 63 81 11
58 49 84 52 42 1 23 94 98 40 31 45 66 81 75 13 59 34 43 83 90 20 87 34 94 42 12 21 45 8 28 63 50 86 81 10 31 45 3 31 49 7 70 77 72 39 2 32 32 66 84 19 0 7 78 72 93 3 77 41 0 20 29 71 39 89 78 21 65 66 2 8 71 79 14 77 60 47 70 1 55 74 76 79 95 12 27 76 29 24 0 35 45 93 19 65 82 37 89 17
80 21 2 15 73 94 80 37 82 1 86 25 3 57 25 77 66 6 21 35 44 42 57 20 36 2 21 24 86 84 47 63 37 14 39 0 67 13 85 89 89 6 32 89 83 32 27 29 9 21 95 53 12 45 98 52 60 16 31 99 74 1 51 57 83 76 2 49 32 29 5 55 99 9 75 94 3 93 26 71 96 38 49 45 15 86 17 94 17 49 41 56 61 52 34 55 38 66 61 87
5 93 46 34 92 59 93 18 62 99 94 94 70 0 81 53 46 27 34 5 18 29 80 55 63 93 62 22 3 96 8 5 92 68 50 4 22 87 32 99 76 85 45 3 75 52 51 85 33 5 18 66 22 94 82 38 30 96 54 5 97 84 42 19 3 12 20 56 61 15 88 42 19 95 65 14 95 3 68 79 90 25 23 19 80 9 81 60 2 95 29 37 16 31 59 40 25 82 78 51
65 91 11 58 93 47 74 56 34 21 98 98 92 77 53 36 25 16 26 28 93 61 76 57 18 21 81 85 0 63 34 98 64 42 37 23 22 17 6 16 8 38 5 43 79 79 53 16 67 3 27 79 93 3 51 64 36 48 6 0 45 22 95 64 83 64 41 58 76 50 19 0 72 0 14 94 79 43 23 2 27 97 21 73 9 87 99 91 9 71 77 14 86 90 89 2 77 24 21 42
7 96 29 16 66 21 91 77 60 69 59 23 90 87 67 18 12 88 99 2 45 86 90 21 28 63 21 11 4 93 0 49 30 72 71 95 89 79 61 51 6 60 17 65 80 69 62 15 27 60 35 25 7 30 10 79 34 38 47 15 11 8 60 0 6 48 78 19 94 28 44 29 17 66 3 67 73 16 84 30 36 41 92 93 20 8 23 38 46 61 76 68 55 52 95 54 71 56 92 93
13 36 14 15 35 53 88 33 17 73 65 92 13 68 79 25 10 42 15 99 22 12 1 88 39 63 93 17 74 28 1 25 4 50 89 72 96 89 49 83 90 79 75 14 76 32 73 23 61 53 63 83 94 7 49 14 87 67 41 71 51 57 91 44 25 87 40 11 7 69 33 19 80 9 48 41 77 50 93 1 2 56 67 43 65 27 59 84 26 33 54 41 18 83 34 32 30 45 29 5
40 53 46 18 85 49 23 21 1 61 93 28 19 92 93 88 15 76 84 43 9 60 34 72 90 1 97 94 93 45 73 36 69 32 70 51 48 88 10 2 4 54 85 12 86 77 52 35 43 60 19 76 54 83 50 46 27 3 75 38 53 91 26 54 11 24 1 31 4 41 85 55 67 11 84 93 27 78 99 91 31 87 53 62 12 7 38 11 2 34 46 93 92 66 97 72 7 91 16 73
66 90 6 21 79 87 81 72 5 19 52 53 29 5 48 56 55 61 41 42 98 80 62 45 29 39 81 79 21 77 61 97 22 61 60 80 46 2 38 60 24 3 48 38 71 49 38 95 98 89 55 25 24 78 51 97 42 8 23 82 68 79 68 43 71 12 27 52 18 69 9 51 75 63 14 35 14 26 61 32 35 47 17 68 63 54 55 61 19 66 6 72 60 39 91 13 72 60 74 18
52 42 88 26 86 44 67 85 99 17 7 87 10 46 7 35 40 81 86 67 27 83 63 16 89 62 76 44 24 23 76 63 92 87 76 76 13 2 39 82 40 9 98 35 5 4 78 5 19 69 10 5 15 29 10 68 22 54 47 97 71 90 56 55 73 83 83 51 51 27 22 3 40 47 90 6 57 32 13 56 18 73 58 80 30 7 13 14 30 94 25 82 32 18 52 36 59 46 43 38
64 1 50 61 25 16 1 21 4 37 7 74 58 30 58 8 71 19 71 38 37 24 62 94 52 52 14 45 96 73 66 57 51 69 92 80 11 46 62 47 45 62 68 91 30 19 93 23 57 56 29 10 97 69 12 89 83 71 19 70 93 22 6 92 28 46 79 5 91 39 96 76 35 39 54 39 91 49 86 18 27 11 17 2 95 74 18 75 88 54 17 12 35 7 56 35 38 38 53 23
48 28 19 36 1 73 21 41 82 69 7 4 65 19 6 32 72 76 25 31 70 85 94 88 8 21 74 63 90 99 39 21 94 52 67 16 86 50 11 13 77 3 10 2 42 19 2 26 77 95 25 48 24 61 71 50 61 84 22 43 13 4 49 63 33 64 52 29 9 71 52 5 46 15 89 52 93 49 54 10 43 51 19 5 18 50 17 35 87 22 45 48 48 52 2 92 51 61 36 90
62 8 92 57 55 88 60 50 16 51 89 25 84 4 4 53 99 50 96 33 29 58 62 15 53 93 77 59 26 38 34 21 28 88 51 85 83 41 75 16 89 18 78 72 27 28 95 45 17 93 33 87 13 40 89 16 41 78 83 77 69 65 41 87 14 2 7 88 67 65 50 77 25 57 20 71 59 94 58 70 83 61 7 12 6 89 84 61 39 38 63 97 87 98 88 46 28 33 96 86
73 80 29 78 38 72 57 56 4 96 80 27 45 32 70 47 96 72 19 18 74 85 12 16 70 2 15 36 62 23 46 78 89 23 63 25 44 87 4 90 23 88 55 18 97 52 90 22 0 1 78 68 85 35 36 99 9 11 74 78 14 46 32 24 46 61 22 45 86 79 19 5 41 51 3 68 1 29 18 55 98 55 75 81 53 68 15 36 25 4 61 9 28 22 54 59 60 25 26 71
78 44 85 70 98 90 6 65 46 53 81 80 87 31 2 10 67 94 12 20 44 14 62 38 58 49 46 24 5 70 6 60 78 87 24 77 23 46 74 33 26 43 3 87 66 16 99 20 6 65 91 49 76 52 35 27 62 59 6 26 6 63 87 25 88 34 29 62 38 42 38 23 44 16 43 96 40 85 53 41 50 93 69 56 33 69 10 97 21 3 50 25 58 95 97 2 75 73 35 42
79 48 61 34 41 83 69 58 56 26 16 37 15 8 91 58 66 28 19 60 73 58 93 40 72 13 97 36 20 19 96 82 53 75 80 56 47 69 46 70 57 89 51 10 15 31 26 43 31 15 45 75 87 59 55 86 44 85 48 91 90 0 4 88 10 90 71 38 66 61 56 28 65 55 7 22 44 77 96 61 72 67 3 31 50 60 92 31 50 85 85 92 35 74 21 19 44 61 36 83
74 73 43 95 88 41 12 52 89 80 21 64 39 23 40 49 88 11 51 84 64 2 33 86 13 68 45 27 19 23 23 66 52 48 77 2 54 20 95 61 65 50 95 51 25 11 62 19 1 74 49 2 5 78 36 28 34 38 91 29 23 70 62 79 40 70 50 66 65 70 30 2 73 42 88 50 28 45 90 53 34 49 84 23 5 71 20 95 38 66 12 92 38 71 32 99 12 21 94 37
82 46 13 36 88 62 63 22 43 63 32 65 69 35 58 29 4 35 71 25 88 67 25 50 47 17 49 81 85 39 23 75 29 81 52 90 68 95 36 84 71 72 92 81 38 12 37 30 70 37 51 75 94 30 81 45 56 82 83 79 43 22 2 40 30 10 92 27 89 54 39 71 59 39 92 69 70 50 32 70 44 91 24 15 64 85 48 93 46 20 98 87 97 46 37 20 59 16 60 49
6 55 28 3 67 85 26 93 50 42 3 65 8 17 21 34 72 89 24 77 48 82 12 13 59 8 0 75 29 4 34 19 38 25 4 0 50 22 38 99 16 60 90 62 81 31 20 83 58 42 74 56 46 54 96 64 47 2 64 8 97 0 44 15 77 22 60 2 75 5 26 17 76 38 69 20 39 51 56 35 52 24 91 14 1 29 81 76 16 7 75 65 93 78 89 2 26 91 59 24
59 13 66 93 45 84 30 26 59 39 54 72 18 63 82 19 3 97 1 47 10 13 48 54 82 1 86 34 57 36 33 36 35 52 65 48 16 7 89 24 86 58 89 99 31 19 83 18 46 65 58 14 42 66 78 94 41 1 37 76 95 30 5 66 33 88 43 58 48 78 9 75 33 57 68 83 74 2 93 51 28 94 13 44 99 34 88 87 71 75 32 59 33 31 41 25 1 96 30 59
85 16 65 44 97 87 41 11 55 12 36 91 80 71 96 50 66 9 99 13 27 10 64 52 64 42 20 66 41 46 94 79 97 88 19 8 4 32 30 83 65 99 50 12 15 99 54 39 88 21 16 55 75 29 77 62 40 84 39 57 70 6 98 96 45 50 26 91 79 72 96 19 42 54 95 78 3 16 9 81 43 88 51 41 72 66 38 58 59 99 33 85 10 69 73 17 75 99 67 21
42 71 12 2 72 25 94 58 71 36 51 97 46 85 68 23 78 65 35 26 77 75 28 88 4 10 21 86 32 60 3 20 25 84 82 37 13 54 93 70 35 15 51 86 84 38 45 67 85 3 93 39 41 99 11 3 49 67 44 16 3 92 54 7 18 97 68 41 39 43 46 42 43 48 6 62 61 45 72 80 75 39 25 59 47 33 33 49 65 42 96 41 83 21 8 38 39 84 50 53
18 40 30 6 56 80 96 28 84 25 66 55 0 85 0 62 31 18 29 26 78 37 59 3 67 97 50 59 28 97 11 73 6 58 80 16 46 52 80 65 66 83 18 42 92 10 43 89 76 95 75 47 39 0 48 56 66 80 16 99 67 76 45 27 69 7 51 80 24 70 11 56 52 7 56 48 94 58 52 19 44 63 52 88 56 14 36 95 47 43 75 73 25 81 93 48 34 68 4 37
90 93 72 26 75 91 41 54 18 99 46 72 45 54 55 69 65 95 7 17 5 12 36 17 25 61 95 96 61 72 22 39 9 52 42 11 35 80 87 68 24 2 36 30 12 30 11 55 11 25 36 98 47 15 76 52 44 31 82 91 38 22 40 71 12 94 89 55 3 34 98 92 33 35 23 93 19 16 32 85 66 7 88 2 14 73 97 61 26 90 80 78 7 27 13 90 20 46 84 25
49 34 44 23 51 86 16 47 13 48 85 26 64 42 45 12 19 4 5 8 32 53 42 13 9 69 98 91 99 10 36 58 98 94 45 70 35 13 80 69 74 51 97 50 70 37 64 85 18 54 19 63 7 16 13 76 60 91 70 99 31 81 63 27 7 9 99 6 67 18 7 53 2 40 74 38 62 33 47 34 96 61 97 68 76 36 8 8 46 13 57 84 19 85 82 38 69 27 16 37
68 44 12 55 25 48 55 8 48 60 49 37 87 32 96 18 62 49 22 75 46 66 99 1 12 51 17 46 46 42 93 1 26 2 56 71 35 74 81 68 2 18 3 63 16 53 49 72 32 99 65 57 83 64 40 56 52 0 48 0 15 16 1 88 54 13 88 41 52 65 1 96 32 79 75 32 61 23 73 89 65 7 21 54 91 87 37 96 56 64 68 12 56 25 9 86 72 89 21 65
2 14 89 39 62 21 35 97 51 11 97 82 49 48 28 33 18 96 98 28 11 28 80 51 49 25 23 59 14 26 23 62 33 86 0 46 51 77 68 49 78 39 21 10 98 71 93 83 46 76 40 56 5 97 5 62 7 55 56 36 62 30 45 40 50 75 38 18 27 22 95 46 39 87 95 80 1 27 20 5 40 94 81 48 75 88 27 7 30 51 19 37 2 66 59 97 70 72 62 88
55 72 29 74 3 34 22 88 86 36 69 27 19 96 50 26 84 49 57 41 81 92 43 22 3 30 37 48 13 76 5 23 20 14 51 25 6 6 93 75 17 70 46 38 56 12 22 86 18 99 22 95 92 75 16 58 30 49 42 73 12 13 25 54 45 65 12 5 59 66 39 10 15 67 2 51 1 4 82 31 20 95 79 6 93 5 58 21 72 1 51 93 44 92 80 26 26 49 61 64
98 19 14 3 1 61 77 96 24 23 11 44 33 29 58 53 67 19 8 14 0 71 1 70 94 83 27 80 99 2 98 54 47 44 0 38 68 49 48 23 95 3 99 74 81 38 23 29 26 30 48 16 49 14 62 31 37 11 46 54 24 0 51 8 9 55 35 32 71 76 24 49 76 74 77 54 65 52 65 37 19 98 38 54 27 65 27 19 53 93 90 11 2 18 78 49 84 81 73 20
51 44 44 14 45 97 87 41 93 60 18 2 56 24 93 97 43 54 43 71 58 81 57 94 12 6 95 21 8 76 61 65 78 48 18 73 46 37 62 83 32 0 93 22 67 71 71 85 69 56 49 12 66 43 93 2 75 96 29 41 24 51 47 92 20 39 83 5 60 42 39 7 79 79 50 34 79 13 90 68 20 70 49 86 74 66 14 95 39 31 93 88 68 31 7 44 38 9 87 54
2 65 0 38 64 15 83 7 18 98 76 81 59 9 12 1 73 78 55 22 99 19 93 3 89 39 6 75 8 3 97 88 47 0 29 37 77 2 39 62 42 50 26 45 32 32 88 8 80 2 46 72 28 13 48 22 92 5 73 50 61 53 35 90 74 45 0 67 19 5 52 16 91 88 4 82 25 86 58 99 4 35 10 57 48 20 52 34 98 96 10 87 57 40 33 69 39 92 91 85
75 76 16 50 70 67 58 66 46 82 4 35 26 46 87 9 10 22 44 62 44 76 24 9 77 82 20 98 76 45 17 60 20 94 66 3 48 56 64 96 28 96 3 90 12 5 85 13 14 39 12 65 92 89 76 38 44 41 29 74 18 53 97 6 38 39 3 91 93 26 92 89 69 88 51 33 48 31 52 60 45 5 24 78 76 67 68 94 66 62 31 10 43 78 35 57 79 76 22 52
20 76 2 6 82 54 11 25 99 76 79 21 36 75 76 58 66 60 48 39 7 35 95 46 48 83 37 51 33 79 90 13 75 74 60 96 80 96 77 43 94 18 20 56 57 50 71 76 57 98 35 29 83 77 69 85 50 45 44 48 28 69 23 85 35 32 81 71 85 25 79 31 40 95 43 37 29 38 23 12 91 72 82 3 78 46 91 56 2 98 94 74 61 84 13 81 42 97 98 98
56 82 96 76 52 51 6 5 60 29 82 98 97 41 51 90 91 79 22 4 48 92 15 78 43 68 58 60 50 74 54 27 49 87 10 8 18 16 54 47 11 3 88 65 52 66 22 46 5 47 3 0 90 88 26 34 81 93 34 99 11 70 24 35 99 10 70 23 80 8 44 98 83 58 49 30 81 71 22 12 84 46 43 79 88 67 83 48 75 97 80 79 75 67 50 96 26 76 94 38
47 56 96 70 31 64 40 98 66 17 79 95 88 6 23 3 84 70 38 1 44 53 16 15 18 13 18 82 67 80 86 58 31 56 63 7 2 46 36 98 94 21 7 86 20 29 32 51 48 65 24 18 78 63 82 87 1 48 45 82 35 44 84 84 3 44 38 61 97 85 59 36 16 80 7 86 97 47 25 27 53 34 68 53 14 71 3 22 43 43 98 51 99 83 32 35 84 2 67 95
65 50 57 77 48 35 99 71 44 10 9 0 67 87 30 12 37 10 78 78 31 78 42 80 94 11 75 97 51 80 11 13 7 54 11 54 78 49 81 71 11 98 48 68 84 4 59 86 3 65 98 65 43 28 0 94 47 56 80 99 73 50 10 13 24 30 55 93 14 19 4 86 21 55 98 41 65 95 89 23 94 70 81 94 7 93 53 76 43 16 83 14 73 82 88 63 73 38 34 77
47 7 80 17 38 49 67 60 15 90 41 12 93 19 42 39 77 38 53 8 0 30 60 83 10 48 75 7 60 96 79 23 46 97 15 25 61 62 98 30 78 56 66 9 81 17 79 36 37 63 71 50 79 74 22 66 95 44 58 91 51 32 10 88 69 81 60 16 45 99 77 84 61 35 4 65 68 37 90 96 33 0 61 33 15 89 39 15 18 47 55 19 11 68 63 2 11 63 94 50
47 21 67 69 81 6 75 3 41 21 13 57 24 35 54 82 76 26 83 77 18 88 11 27 69 18 44 24 66 95 32 78 91 13 68 63 41 76 84 2 42 93 90 45 62 51 78 62 44 21 1 18 58 52 28 92 3 26 3 24 19 32 50 0 66 62 99 7 22 94 63 15 65 1 59 74 95 98 98 51 20 93 10 72 45 13 9 53 56 13 43 87 64 20 44 46 46 75 6 72
11 92 32 9 86 87 64 60 98 90 88 38 60 69 21 17 56 74 37 72 75 62 38 46 45 97 12 92 34 11 98 43 44 43 85 32 11 77 1 66 27 27 19 42 32 30 81 75 7 54 69 4 70 22 94 39 24 33 57 89 30 42 6 35 85 59 1 1 55 98 79 76 94 34 82 62 92 86 48 38 31 83 65 9 8 36 23 90 67 80 16 25 27 41 64 29 16 97 83 22
38 23 13 79 76 39 29 47 0 77 85 16 94 32 37 74 22 96 44 14 67 63 21 10 31 92 18 34 68 3 17 27 18 36 34 99 42 65 38 93 44 90 82 14 25 64 19 66 54 26 13 48 83 83 75 83 5 27 62 76 62 76 63 41 34 23 35 28 7 50 14 66 5 14 0 31 81 9 71 16 12 81 74 12 5 51 58 49 39 85 95 8 85 53 61 73 87 93 32 5
9 92 97 51 31 11 47 86 30 68 1 16 65 84 36 84 47 46 61 36 45 99 6 53 87 30 75 32 41 19 53 2 19 21 14 17 50 15 70 68 60 37 15 50 51 73 79 10 65 98 36 84 74 8 81 58 5 95 47 65 43 3 59 46 61 95 41 23 1 53 77 9 16 63 92 48 18 87 76 35 95 97 83 49 65 92 37 92 7 94 90 27 84 70 75 64 76 17 0 31
88 98 84 88 60 17 80 61 88 69 49 60 23 22 49 39 11 34 82 49 71 22 97 70 64 87 64 49 91 85 73 63 68 39 88 52 58 94 26 69 45 93 46 20 73 5 63 76 56 5 99 92 76 36 79 57 2 1 9 58 33 57 51 62 50 82 57 69 85 46 21 5 46 22 43 94 26 7 93 78 11 74 50 14 29 92 24 4 54 11 36 24 48 53 94 97 36 69 59 3
67 27 73 10 62 88 70 36 63 34 19 71 5 48 16 22 13 13 88 47 72 57 45 8 65 68 34 83 72 35 3 11 35 76 12 11 41 94 68 28 25 60 47 20 48 28 54 56 57 75 5 30 73 38 82 63 65 25 82 27 31 71 11 72 16 10 10 25 95 47 60 65 14 95 36 90 29 99 76 22 34 25 23 24 42 57 27 27 95 39 81 98 24 32 16 34 38 62 31 85
