100 100
72 45 27 95 72 37 99 11 59 15 24 50 26 89 46 50 70 29 62 2 95 39 67 72 79 63 97 62 91 46 82 12 34 72 52 8 52 66 83 21 29 14 60 61 70 57 38 11 90 76 17 80 35 91 32 71 84 71 12 66 14 62 41 81 86 14 40 76 26 15 34 23 79 15 8 4 93 43 51 55 74 39 96 71 55 4 9 26 69 19 34 24 3 80 23 18 78 26 88 63
57 66 53 50 14 25 4 11 92 64 6 94 97 85 14 19 89 23 64 82 21 12 24 69 68 36 12 92 2 12 38 2 33 18 80 46 98 31 73 7 22 83 33 82 63 7 97 30 61 22 72 47 77 35 58 92 41 54 24 44 72 33 14 31 97 74 41 29 40 64 82 4 33 47 28 33 96 44 41 16 27 13 76 68 21 38 86 55 31 0 75 23 27 44 3 54 12 57 17 75
6 93 10 18 32 62 25 68 59 28 91 70 51 66 73 32 11 36 19 15 96 68 74 40 64 48 39 30 41 47 47 38 57 36 55 14 81 86 8 86 98 58 53 66 96 58 23 94 24 36 48 84 50 81 34 55 95 86 30 79 55 40 49 88 7 4 57 67 4 42 36 56 7 93 22 80 50 53 87 28 36 95 75 1 89 27 23 80 22 45 97 20 68 40 65 72 14 66 50 61
30 70 98 44 26 78 40 42 69 97 84 3 16 92 82 48 43 12 20 15 49 88 49 34 96 68 37 7 93 38 35 3 62 90 88 50 53 91 79 5 49 46 78 87 53 35 18 68 55 46 14 7 7 23 74 49 41 3 4 91 45 4 86 64 57 99 18 85 94 11 48 47 23 17 88 70 7 90 11 28 81 41 18 29 14 77 59 49 96 41 24 45 29 49 71 52 52 87 38 64
24 17 24 94 81 60 24 18 79 32 7 95 21 52 9 93 55 12 35 13 84 87 24 76 40 31 4 95 97 85 94 26 84 12 11 67 18 59 46 50 13 22 34 43 66 27 98 77 82 58 50 73 15 62 68 64 27 68 25 68 22 28 8 80 1 69 21 58 3 59 49 38 20 17 91 80 82 89 18 87 54 71 56 4 67 47 60 81 26 58 94 28 26 57 79 76 26 99 80 25
76 15 74 37 29 88 59 7 7 47 41 41 83 21 37 30 97 40 63 25 25 14 23 86 94 27 15 0 6 54 63 20 70 67 46 31 56 81 42 91 82 19 24 73 22 97 48 66 75 45 50 88 46 34 23 96 34 63 84 91 73 46 48 33 57 39 27 14 9 95 27 78 99 99 67 67 67 43 86 73 42 89 74 41 63 90 82 75 47 18 95 94 69 94 0 69 17 65 10 92
12 80 77 16 87 27 14 17 87 21 85 49 94 53 66 55 35 44 65 44 9 76 4 24 82 95 79 45 37 40 22 7 48 68 42 14 3 5 64 9 81 90 39 35 88 38 59 33 67 88 40 94 95 61 37 62 17 23 69 14 33 96 64 91 42 30 95 21 69 22 10 26 60 18 38 57 82 55 37 77 99 13 27 80 10 92 49 79 89 50 39 12 91 97 68 39 53 49 99 28
20 13 14 87 49 18 47 82 87 30 4 79 19 96 80 38 62 42 4 79 43 94 21 35 43 69 86 15 4 22 94 0 81 41 90 98 20 5 95 7 54 51 84 32 96 15 78 28 47 38 73 69 92 89 20 34 62 50 96 79 27 96 11 33 73 1 25 41 47 81 96 69 83 25 45 71 43 94 62 0 64 78 68 54 90 82 47 39 83 62 40 32 39 14 10 30 36 54 21 76
86 47 94 80 56 64 42 37 7 67 77 86 59 73 95 60 24 60 71 11 49 14 84 1 43 96 41 7 84 80 57 79 83 33 34 91 93 2 98 66 76 65 53 19 85 20 33 78 29 88 10 11 81 25 2 35 50 42 37 22 84 64 86 99 0 61 52 73 43 33 92 3 22 39 1 73 95 92 36 33 34 89 26 1 78 75 87 34 27 59 23 34 52 97 48 38 76 27 0 35
83 69 89 40 54 93 47 32 55 57 66 82 31 37 70 66 33 80 88 1 77 18 59 77 90 13 13 60 2 14 89 53 59 29 85 84 13 55 74 84 86 25 42 32 65 81 30 67 83 94 66 15 32 26 98 67 30 39 47 28 32 23 55 36 44 55 80 40 81 66 4 32 27 15 24 87 54 89 16 7 81 30 83 39 80 36 79 35 16 82 2 55 9 33 59 9 16 47 76 33
16 95 94 45 27 48 13 18 31 23 68 37 86 14 11 42 15 70 37 75 5 33 36 93 23 87 4 28 74 25 99 39 16 82 68 17 59 67 82 57 13 34 88 73 93 58 69 50 12 75 44 32 94 98 52 37 93 2 79 9 68 16 47 55 4 0 61 65 58 79 31 22 95 87 95 50 71 59 78 28 21 0 70 0 74 55 65 59 66 0 30 97 55 72 64 86 44 50 1 43
90 28 63 56 65 3 11 93 40 30 53 75 0 0 73 53 7 34 92 68 58 71 54 48 91 0 37 59 71 73 7 88 36 84 90 1 50 35 62 15 63 40 9 54 56 64 15 5 25 26 73 90 0 54 18 38 30 30 18 62 59 95 12 81 15 66 63 95 82 63 19 42 73 1 96 47 25 69 91 82 65 13 7 76 24 52 6 4 65 0 73 11 4 86 20 48 16 82 23 87
93 19 45 61 11 56 63 23 67 54 6 34 13 22 23 39 65 60 87 2 81 70 51 35 39 58 79 67 68 0 81 90 31 29 86 93 3 15 39 49 94 30 50 58 87 10 68 5 95 29 6 92 45 59 90 90 67 77 79 21 29 43 26 43 5 88 72 91 57 97 45 11 19 4 21 59 38 71 25 3 77 49 13 52 9 7 31 5 26 3 84 55 99 4 48 13 53 57 53 67
80 10 32 65 26 32 60 25 75 60 56 68 46 58 97 13 47 64 69 37 75 59 76 78 62 96 95 13 31 86 54 35 26 50 35 20 75 99 11 37 23 60 67 76 13 77 63 19 11 1 30 67 4 17 36 72 49 13 52 46 39 58 57 90 67 22 64 32 22 21 17 91 94 55 97 2 97 70 23 12 18 49 60 11 74 19 44 39 32 30 45 79 55 62 9 3 91 98 12 35
72 74 26 61 95 39 40 1 82 26 18 49 57 61 55 58 77 15 3 68 33 20 69 34 11 92 55 46 22 85 89 92 50 48 33 73 51 48 82 18 92 72 61 29 21 99 7 39 20 26 91 26 69 97 44 13 80 66 94 39 63 28 86 72 2 20 44 14 60 19 71 22 6 7 6 63 70 48 75 11 44 41 38 74 13 87 92 38 97 76 60 25 73 36 55 50 20 67 61 58
70 63 3 59 77 57 44 52 9 53 85 75 53 28 23 14 89 18 41 27 4 58 30 71 61 29 24 35 88 85 0 23 82 80 46 40 99 66 24 4 3 80 49 11 82 75 6 51 80 42 55 86 13 87 60 84 2 18 31 23 61 46 25 51 74 87 75 48 78 0 94 67 6 6 18 46 80 58 73 88 76 79 88 31 2 5 34 69 93 99 81 68 60 77 15 11 60 73 42 66
45 85 72 93 19 31 52 43 23 30 15 43 31 84 64 31 36 62 54 94 15 84 36 93 1 62 48 30 61 82 67 44 80 65 44 20 80 13 17 11 51 39 29 92 59 43 77 82 2 91 41 95 35 47 24 7 39 69 19 48 10 21 53 72 73 85 79 85 66 37 7 50 30 64 43 35 46 88 25 99 85 4 74 96 25 0 70 64 46 8 78 98 82 87 29 95 3 5 74 60
29 94 98 11 37 85 65 87 90 47 61 40 60 15 40 57 8 94 62 34 9 2 88 9 39 26 18 44 41 29 28 15 57 0 11 85 75 73 64 98 67 6 73 46 3 85 19 52 31 44 34 9 56 97 19 38 18 15 24 91 83 69 32 99 52 32 19 21 7 3 66 97 21 7 86 19 43 96 93 61 57 79 76 29 0 86 62 23 25 67 52 37 6 26 91 57 47 88 63 61
20 1 81 52 77 68 96 9 26 48 77 0 92 16 69 31 22 64 60 65 64 63 49 15 48 3 66 61 32 81 3 8 9 1 56 70 84 23 17 41 6 78 74 65 27 62 45 28 63 4 80 30 93 8 70 28 11 35 49 75 15 42 92 9 93 42 48 10 77 92 68 58 69 10 58 8 11 36 74 8 50 66 98 79 98 12 69 1 96 52 52 39 10 67 68 78 47 83 28 26
69 78 68 90 69 28 85 34 44 25 73 67 48 18 8 28 97 99 17 68 56 64 28 78 37 74 86 27 67 41 4 36 64 80 74 53 1 68 20 25 5 50 41 52 31 92 70 19 67 32 42 80 77 68 19 43 65 93 55 34 56 60 72 12 0 44 29 64 93 44 96 89 91 76 21 45 85 66 63 32 96 78 97 35 82 81 21 68 65 76 20 34 37 99 95 99 10 25 42 93
23 96 96 33 91 30 81 60 27 60 82 13 61 81 50 40 64 4 81 59 96 38 54 28 87 50 1 55 15 86 93 29 64 57 63 62 86 54 31 70 59 71 45 27 31 76 1 89 42 6 18 1 10 18 83 26 0 76 9 21 39 13 64 74 49 54 26 4 62 80 51 64 42 22 34 38 92 14 24 76 38 28 64 97 91 65 35 11 76 80 81 13 45 62 88 70 66 31 62 54
62 29 56 16 92 43 61 15 4 21 32 23 86 25 37 31 12 55 9 26 31 93 98 37 6 25 32 36 78 91 79 51 59 39 82 92 7 69 51 63 73 80 73 43 62 18 33 49 16 22 76 90 32 90 59 33 90 28 0 46 61 72 18 77 46 9 90 74 15 78 58 75 58 36 39 17 37 86 48 73 27 27 1 38 63 35 10 43 76 44 61 20 78 42 89 79 60 81 10 14
51 32 7 13 95 29 15 9 62 69 20 37 83 43 90 81 7 39 92 99 97 42 5 45 67 24 28 19 31 37 93 7 52 66 50 13 52 49 39 91 67 6 2 47 97 65 62 0 62 57 17 49 0 53 19 22 62 39 76 44 48 23 2 97 86 84 59 15 5 17 0 9 1 94 54 69 36 54 51 57 78 1 71 88 40 65 95 33 36 80 92 90 61 1 19 0 96 93 41 16
41 92 49 59 77 72 63 38 35 93 22 37 12 83 39 36 93 42 55 42 67 9 78 0 96 24 83 59 80 48 71 52 85 3 44 99 61 30 88 93 25 77 27 9 24 77 54 22 97 67 8 9 33 78 42 77 7 34 47 17 85 41 60 2 54 4 13 80 74 44 30 43 98 28 68 17 83 13 77 6 15 10 28 41 29 78 77 54 41 90 67 23 37 95 42 19 31 57 50 6
21 37 26 48 84 29 4 93 6 91 92 21 28 25 55 59 11 8 69 96 42 15 8 53 85 96 86 80 71 37 29 13 51 60 70 31 67 89 68 99 19 23 39 38 47 66 31 93 65 75 30 21 65 76 82 67 78 48 36 72 28 62 44 84 32 6 54 17 12 30 16 86 43 97 58 58 55 33 47 7 95 14 53 49 25 77 10 84 63 47 75 95 4 54 79 71 63 39 43 91
28 97 3 89 9 70 69 35 70 36 26 38 49 36 95 76 70 91 3 81 11 88 11 87 32 15 97 65 99 58 65 84 49 1 74 36 91 81 72 11 37 98 25 71 54 98 85 72 74 6 73 24 67 92 92 86 72 38 57 71 8 79 33 86 44 76 95 93 70 94 73 86 42 64 66 34 91 4 57 6 60 1 73 16 20 56 43 6 44 34 56 17 54 48 89 80 52 71 92 21
20 63 34 13 50 50 88 15 83 23 5 91 46 46 50 77 7 38 33 41 78 92 95 89 1 70 74 7 38 60 32 72 21 23 50 11 76 13 27 11 15 36 63 64 15 28 37 42 34 54 58 97 92 58 72 88 42 72 21 45 78 80 15 96 94 3 49 11 66 41 19 99 78 13 20 77 14 0 58 90 28 9 59 44 93 43 95 13 56 87 78 26 69 94 99 90 64 72 18 19
19 74 33 26 36 3 42 24 72 58 68 95 9 49 58 0 7 52 27 69 89 64 49 72 60 79 49 50 47 1 54 14 27 47 17 37 18 62 39 92 49 38 7 4 92 43 22 33 28 43 51 98 61 0 65 51 12 38 7 71 62 53 42 60 33 61 86 13 39 94 39 30 4 43 94 36 8 79 51 88 1 7 63 40 91 3 80 68 83 38 90 56 65 2 52 51 29 75 20 47
40 31 0 51 93 94 29 12 56 0 92 49 17 75 85 14 59 73 89 75 35 70 15 55 15 70 66 77 66 23 96 38 59 21 40 53 93 3 30 2 75 51 77 13 47 48 10 27 82 14 72 3 66 42 47 29 59 98 31 18 96 63 38 7 20 57 95 70 41 74 0 7 46 63 87 96 90 55 67 5 23 69 67 31 74 88 67 41 42 30 34 60 37 41 4 50 55 19 1 42
14 29 2 56 15 50 38 64 54 34 13 53 20 76 60 63 36 3 76 72 46 33 1 37 60 86 79 3 46 50 1 18 17 57 77 37 41 41 98 86 55 36 50 38 39 55 9 46 17 13 13 53 52 38 25 0 10 31 15 38 91 51 77 77 10 88 75 46 72 36 24 17 48 60 63 93 60 18 84 3 9 56 5 37 27 4 17 6 38 55 76 87 2 3 7 76 52 97 19 61
45 75 22 98 75 8 94 58 78 1 41 95 80 96 40 82 32 8 79 39 74 52 23 82 15 12 49 25 71 24 86 52 9 52 43 91 49 64 23 27 36 26 16 4 67 64 64 72 65 65 8 51 11 25 17 29 43 87 44 84 63 29 20 98 73 36 87 28 47 5 95 41 79 85 41 50 81 17 2 47 17 62 21 28 22 5 43 3 34 30 52 88 11 62 67 45 83 26 50 98
49 27 54 89 35 48 92 22 39 25 9 77 63 30 6 84 0 95 72 69 73 62 9 96 32 69 33 81 20 31 80 44 79 5 15 47 23 98 58 39 25 87 42 43 71 31 96 76 24 37 33 23 95 69 6 62 49 11 74 36 25 71 71 99 90 75 49 27 79 91 36 40 72 68 55 57 41 77 74 50 48 9 22 70 26 74 98 35 83 20 1 11 46 8 74 37 66 37 6 72
15 43 48 93 75 57 27 97 66 65 93 4 14 43 28 12 59 35 37 84 82 69 18 30 17 94 35 55 44 88 54 51 0 32 90 28 18 62 3 74 17 49 33 85 95 67 87 73 40 64 29 44 60 74 83 12 51 56 61 77 73 80 44 3 62 42 97 3 38 16 73 20 58 28 72 1 58 74 64 43 87 77 15 92 70 21 91 80 72 93 3 82 87 97 3 87 21 15 42 87
5 18 65 1 82 61 91 67 57 19 54 48 36 64 77 41 4 13 86 80 55 8 75 62 10 67 51 69 45 39 52 72 35 96 72 60 69 8 97 72 41 34 10 47 8 89 74 71 8 48 94 39 9 62 89 1 81 89 42 31 31 56 55 9 19 91 97 76 79 97 73 69 4 73 3 49 1 8 94 70 34 17 87 39 72 49 22 77 10 92 28 98 7 99 48 70 85 74 24 57
60 15 57 95 40 85 93 63 7 17 43 12 7 29 65 16 36 99 99 96 52 12 56 3 67 48 92 29 81 81 21 52 84 20 43 12 39 0 39 65 58 27 45 55 23 62 68 92 95 11 10 42 10 6 79 65 23 16 35 82 81 76 60 92 12 87 3 74 2 54 25 94 94 58 77 62 71 38 9 24 22 2 48 62 65 76 2 98 88 60 49 75 24 41 61 54 78 70 41 20
76 30 17 75 52 60 28 53 78 25 37 78 67 85 73 67 25 28 43 47 81 13 9 69 69 83 73 46 4 94 68 90 25 30 37 59 89 64 79 76 78 57 22 37 81 75 97 62 4 55 32 41 57 45 78 24 76 77 64 28 33 70 3 70 16 63 72 0 23 51 10 8 14 90 64 20 65 16 2 3 27 42 20 80 61 46 37 12 22 27 48 47 92 37 0 55 35 71 1 46
98 48 33 76 54 71 26 42 45 33 76 77 53 96 25 39 14 39 20 53 30 52 31 0 82 27 95 48 27 68 47 58 85 55 50 5 38 45 1 83 73 12 75 2 28 3 98 6 12 8 88 74 26 2 85 27 85 55 87 68 62 8 60 63 90 84 32 96 52 75 90 95 46 2 14 63 67 13 13 34 61 66 27 96 29 89 46 23 5 37 36 1 23 85 19 15 6 41 29 19
22 93 17 23 64 44 80 61 51 41 85 30 30 32 59 45 51 60 33 75 25 27 89 62 22 44 60 96 75 12 2 41 35 76 62 66 93 25 67 99 58 0 10 57 33 43 97 91 41 73 2 32 99 87 32 90 40 32 30 36 85 95 78 71 85 47 22 43 76 52 46 81 13 61 33 71 36 91 4 3 33 20 13 88 61 75 63 63 92 61 70 58 85 39 34 38 46 97 96 3
49 62 45 46 67 27 38 79 83 79 97 39 38 57 32 0 63 60 97 43 16 5 13 46 30 22 5 84 67 39 95 45 93 44 71 18 0 47 68 19 56 7 62 59 48 69 50 26 35 66 91 40 88 20 19 44 48 44 13 91 94 79 80 75 9 97 42 94 47 44 60 69 54 81 96 55 73 61 33 88 74 34 90 8 66 84 22 74 35 51 26 28 13 20 17 82 17 3 53 38
50 69 18 82 98 48 84 18 97 64 97 63 53 17 9 59 47 68 17 83 70 80 41 29 25 84 66 34 81 37 63 21 38 87 1 41 61 55 86 19 62 79 0 98 62 90 33 8 64 31 57 12 61 36 89 84 43 65 91 13 55 88 11 67 25 80 42 44 27 35 63 26 78 35 69 45 66 97 38 37 99 37 88 93 11 80 70 67 7 1 95 61 61 18 51 41 44 81 85 11
68 13 17 33 56 80 47 29 93 12 47 91 21 99 96 66 12 61 6 85 38 76 78 58 88 37 19 47 93 25 56 18 50 44 63 27 66 91 66 36 47 31 5 92 52 49 95 30 62 56 27 51 3 44 28 23 13 7 18 62 16 39 53 51 65 72 22 70 23 13 42 27 44 90 79 85 59 32 21 9 12 43 78 80 15 81 22 43 55 71 33 88 5 40 63 94 87 11 43 13
93 20 2 78 72 2 81 1 64 22 71 48 28 2 47 17 51 60 71 24 45 5 71 34 26 70 1 36 49 58 46 31 27 6 28 40 81 25 24 52 91 68 47 36 88 33 25 82 3 46 75 65 30 97 19 20 73 55 81 1 53 29 89 81 22 94 34 37 93 54 97 48 25 65 43 46 99 4 92 43 43 29 9 62 91 51 40 6 45 80 1 6 98 12 70 95 2 75 59 71
40 33 63 39 4 44 47 13 41 22 16 19 24 68 32 34 98 13 79 49 49 1 69 49 36 59 40 83 30 70 93 65 23 98 85 81 34 92 66 23 34 33 90 99 0 69 25 76 84 25 8 78 25 73 33 12 53 90 49 74 36 21 23 29 1 43 81 32 29 97 85 36 32 42 90 92 71 85 51 34 38 5 82 6 1 9 57 94 75 29 17 78 82 97 6 45 6 10 96 64
76 15 44 31 37 57 55 2 55 39 37 6 38 49 36 54 71 59 9 72 95 65 29 67 42 39 69 85 72 6 3 10 24 68 41 78 51 69 93 25 84 76 88 71 94 59 91 6 95 17 77 81 35 36 51 90 13 16 28 48 2 40 32 28 2 55 64 30 35 39 18 73 26 40 20 39 25 95 96 94 27 52 8 23 21 36 81 9 44 17 40 25 58 94 18 96 53 5 41 47
6 29 2 21 30 67 22 29 59 55 91 95 69 68 82 2 92 53 12 58 1 62 71 86 63 10 77 27 6 40 23 39 56 42 58 82 98 20 39 68 54 80 93 69 46 78 97 78 26 25 30 30 48 40 98 99 49 6 9 13 60 69 83 38 91 98 50 9 81 30 84 22 51 78 15 6 13 18 87 51 2 28 35 88 52 71 30 64 9 20 20 91 3 9 52 90 6 31 23 10
0 77 72 43 46 79 99 13 75 74 63 72 76 83 80 1 23 94 53 80 92 70 78 36 50 30 67 82 71 7 60 5 92 89 83 49 90 15 79 13 47 38 84 72 88 90 49 7 70 80 9 34 9 50 85 77 9 18 51 80 52 77 65 94 82 63 43 24 15 21 75 78 27 92 41 21 91 92 43 95 82 69 89 13 71 44 79 42 69 77 20 5 55 43 69 60 78 22 38 44
80 63 1 82 0 13 80 15 11 52 6 20 42 33 57 48 55 65 60 23 16 41 9 25 93 60 65 87 93 85 46 32 47 94 5 83 64 5 40 75 22 69 68 35 56 62 96 71 85 24 42 69 76 20 29 78 79 54 60 14 92 67 2 31 82 29 35 26 86 53 20 90 55 10 11 56 14 79 86 10 48 16 26 3 73 71 41 14 45 73 62 6 62 7 77 8 75 49 23 72
74 7 73 67 27 70 68 47 73 78 95 3 27 41 4 64 26 89 65 70 82 53 85 52 7 19 93 77 95 33 0 56 84 88 18 18 97 54 43 28 66 83 6 33 67 42 83 77 61 27 8 61 13 22 80 88 72 60 57 58 59 3 36 64 47 17 86 68 49 90 51 15 37 37 66 95 59 70 35 40 50 42 15 4 82 18 96 51 89 39 22 45 34 13 2 38 17 75 83 86
93 63 92 80 96 20 54 85 52 77 76 46 76 57 51 59 74 35 57 43 43 37 68 15 63 41 58 6 54 82 83 44 99 71 43 35 6 76 81 15 93 30 66 24 25 64 5 5 57 97 74 39 77 56 18 47 9 27 68 39 25 4 46 98 51 13 81 45 92 85 14 50 84 51 31 5 1 36 16 31 52 57 74 5 5 99 71 83 35 20 36 28 29 83 57 2 28 99 21 65
70 48 24 73 71 86 19 16 62 75 32 58 23 13 57 47 64 67 61 97 0 58 72 89 50 94 93 31 11 79 95 98 14 95 55 75 57 92 74 97 89 76 83 85 98 61 81 87 80 82 44 0 85 73 79 96 39 30 16 49 9 11 39 82 30 31 27 69 37 56 35 40 75 28 91 59 11 63 65 59 70 42 7 64 39 14 64 29 9 3 88 84 22 38 14 3 72 90 53 27
62 32 65 63 39 24 94 68 68 46 26 35 57 93 3 80 60 8 83 62 70 77 13 43 14 0 54 30 73 28 92 49 22 10 0 95 67 15 4 67 44 23 31 69 23 29 15 27 85 32 96 62 76 26 4 37 23 71 33 75 2 35 19 45 61 6 25 98 75 68 82 17 98 42 84 78 74 19 34 78 24 18 62 22 3 15 74 46 90 13 60 79 53 70 23 57 15 76 75 9
3 70 46 60 19 54 29 32 39 55 78 25 3 83 51 13 54 3 51 97 17 67 98 25 47 28 31 92 69 60 61 5 24 39 98 12 88 13 86 84 92 28 19 33 40 79 78 66 87 79 23 76 43 58 9 72 71 21 54 89 48 43 22 96 89 72 76 86 80 99 2 16 96 29 50 13 44 73 73 75 63 16 1 57 53 29 27 19 32 99 61 9 28 50 0 43 91 13 38 33
75 62 42 12 76 71 66 26 41 53 64 30 27 52 14 64 9 4 47 86 46 79 75 45 71 60 38 2 53 47 62 16 2 93 88 58 15 45 75 12 21 49 93 67 8 98 22 48 2 71 46 29 44 15 98 68 89 47 10 87 43 17 75 6 11 28 75 65 72 88 35 34 13 94 55 53 51 67 58 1 36 89 32 75 2 81 59 83 28 46 73 66 18 71 10 99 63 61 50 16
35 88 12 65 86 97 58 85 63 33 99 88 33 26 9 85 9 83 85 26 86 42 36 76 84 29 83 65 48 98 49 43 86 8 67 80 71 49 17 26 96 11 51 99 63 17 74 34 40 3 97 72 40 88 68 67 87 77 96 14 27 23 7 22 97 34 67 90 12 51 60 55 47 62 70 40 98 48 33 29 73 52 39 77 18 44 20 68 30 85 68 96 6 1 90 98 59 53 15 88
40 64 72 50 85 26 1 36 96 67 52 42 17 67 18 43 78 44 78 79 13 53 88 21 20 96 54 33 17 52 19 30 69 92 60 88 4 79 46 65 3 15 20 70 76 17 83 5 25 87 36 92 94 77 95 99 59 19 23 82 50 43 67 35 28 82 32 82 1 14 56 15 86 91 50 23 27 44 20 47 45 51 1 26 84 47 79 18 6 1 0 89 64 13 48 11 1 53 22 30
78 44 46 69 88 31 91 33 33 22 75 38 68 35 14 3 58 61 14 34 10 86 96 9 11 98 77 8 10 50 19 96 70 39 36 13 9 21 81 94 75 51 2 3 53 23 5 34 98 72 11 93 72 60 89 60 41 87 64 91 6 21 38 17 96 79 20 66 9 31 10 17 11 63 35 2 3 78 69 36 54 56 93 77 69 90 5 97 66 40 93 49 1 22 0 31 36 33 56 40
42 71 18 22 59 64 86 54 99 55 61 80 40 6 7 75 97 4 29 6 62 47 36 14 12 42 55 31 39 73 81 22 10 81 13 44 8 92 69 70 64 43 30 54 43 50 43 74 33 81 31 32 88 97 86 18 38 61 12 46 41 96 57 84 44 37 18 74 47 11 48 20 47 30 63 54 65 98 97 88 37 75 25 24 30 78 18 65 58 22 6 46 27 86 31 12 7 86 38 15
29 18 6 20 38 93 67 5 89 4 44 93 62 67 57 13 78 5 75 38 56 41 89 72 1 97 34 70 30 5 56 71 52 83 47 50 3 16 64 3 69 69 46 6 1 28 2 5 15 71 77 20 70 31 37 88 94 53 90 75 61 89 51 59 68 12 18 87 45 29 22 78 43 51 79 76 56 25 5 9 45 16 58 52 67 55 94 66 88 84 63 13 52 53 47 43 15 33 53 75
94 75 0 90 74 16 85 5 29 35 33 84 32 33 24 4 40 6 33 85 67 83 21 64 60 75 75 94 81 11 52 12 16 97 32 47 16 2 55 95 38 98 61 12 80 93 40 78 37 11 45 64 1 83 30 67 79 51 77 79 80 81 73 63 48 61 18 45 2 15 33 15 68 87 73 96 19 89 39 38 4 56 50 19 42 67 65 0 95 77 17 70 69 17 57 2 67 89 61 36
60 49 39 2 28 2 1 88 37 20 59 57 66 41 40 36 54 99 59 84 69 66 32 82 73 15 79 71 68 28 6 19 53 26 31 75 55 98 79 30 17 82 1 96 19 60 39 82 64 78 62 24 40 75 99 32 53 6 14 76 84 44 27 61 44 68 79 85 22 27 23 33 13 2 17 8 63 1 92 34 44 23 40 61 54 68 27 24 80 96 41 97 15 30 20 35 86 91 70 84
90 10 44 75 44 80 17 59 43 77 78 29 7 75 84 55 26 0 82 64 53 25 61 25 96 55 32 90 36 22 36 19 70 39 73 24 19 70 6 85 29 76 50 50 38 33 57 97 13 27 28 93 25 60 48 34 81 24 12 43 95 43 13 56 19 93 24 84 79 76 45 65 12 43 97 26 47 7 59 37 24 40 97 49 68 1 22 60 55 71 86 95 75 62 12 20 56 87 72 73
68 80 36 25 30 81 33 67 45 99 16 46 52 23 87 54 49 23 44 24 72 75 58 74 87 5 30 72 8 48 64 18 33 92 30 63 18 80 9 12 46 14 2 95 22 40 75 21 49 38 39 66 15 99 38 3 56 35 76 98 73 4 47 80 43 23 65 3 79 67 53 14 96 85 75 68 83 44 68 95 87 82 47 11 83 57 88 90 62 96 24 35 21 14 29 3 35 85 25 68
88 91 35 43 24 33 45 89 1 7 69 13 84 27 94 58 6 6 4 50 3 82 94 11 4 9 57 86 84 19 25 86 12 21 49 16 22 50 68 84 1 89 73 87 46 19 86 93 78 59 11 41 88 32 56 20 4 68 29 83 2 45 23 12 62 73 34 51 44 99 60 63 14 12 87 17 70 42 40 30 19 26 94 36 49 46 57 15 98 11 22 26 59 31 52 85 66 70 8 49
34 54 38 29 63 77 73 30 84 3 24 75 65 84 46 15 82 30 78 29 55 27 50 72 26 2 84 99 69 13 32 96 83 49 89 6 65 94 20 34 97 48 33 12 78 61 44 77 14 69 9 22 50 14 50 82 48 58 13 10 58 87 99 95 99 62 61 3 64 43 35 11 89 96 86 23 80 57 49 91 88 12 57 46 10 55 81 10 43 28 65 56 9 92 47 18 16 23 76 95
87 61 68 24 18 4 51 21 20 82 36 56 84 0 73 48 78 15 66 37 17 44 34 18 64 91 99 89 18 43 76 28 19 46 50 55 54 54 90 18 57 23 40 96 53 5 7 85 12 63 42 12 17 41 44 88 28 91 22 89 91 72 89 57 18 97 68 66 36 64 32 14 75 35 34 78 87 99 84 71 99 15 43 29 97 81 29 74 94 49 21 81 4 77 15 98 37 69 59 82
59 29 73 8 15 56 32 53 6 49 13 47 99 13 11 23 18 5 51 29 96 93 47 70 8 55 52 17 85 61 26 5 77 80 95 41 41 45 10 25 73 35 12 80 13 15 24 99 64 7 28 98 75 83 41 81 64 56 27 33 2 24 86 52 45 74 19 59 27 55 61 40 36 96 63 75 76 22 55 73 96 37 98 98 88 84 92 62 97 48 72 53 72 94 39 10 70 6 72 0
66 16 69 6 92 94 92 30 76 22 54 52 15 18 3 18 24 71 29 17 71 89 9 31 48 55 62 27 97 47 89 12 8 54 11 35 74 13 72 1 94 64 55 27 65 8 2 49 59 59 33 57 95 42 70 48 10 19 29 21 22 4 34 89 22 34 82 10 71 77 53 98 78 52 8 2 48 63 0 29 29 51 76 85 47 1 34 24 43 40 55 18 18 11 47 36 84 22 45 78
64 91 15 5 29 72 36 40 75 46 17 28 25 23 82 95 27 50 2 45 45 45 68 10 0 41 20 58 86 75 9 64 93 10 47 28 25 34 18 33 36 49 64 41 26 22 19 6 37 42 78 28 58 96 99 42 7 41 90 76 76 63 29 18 46 39 51 63 60 46 96 8 95 41 61 21 39 96 11 14 81 9 94 99 23 71 6 26 9 97 65 63 16 3 32 79 74 42 73 93
14 12 4 45 11 47 68 30 80 49 74 75 93 87 47 0 56 79 17 73 41 23 73 11 74 27 66 68 33 95 53 5 46 50 31 26 88 46 45 13 69 15 84 5 89 80 68 27 63 89 0 56 66 68 30 20 31 75 79 7 44 48 9 43 13 46 97 12 40 95 41 0 58 66 61 17 45 37 11 85 62 91 57 94 51 60 43 8 21 5 18 60 89 25 36 67 8 19 65 36
92 81 0 35 77 36 86 66 1 57 70 69 41 85 43 69 83 64 27 57 89 43 55 97 22 36 39 60 36 21 71 32 99 96 97 27 11 78 34 38 85 26 23 76 41 81 13 55 98 74 59 70 84 38 39 93 9 27 85 40 1 60 81 81 95 35 3 23 97 40 46 50 69 66 96 34 61 45 90 80 42 20 47 67 64 60 70 41 95 46 81 10 25 44 71 84 58 26 64 16
52 67 7 80 42 22 55 62 85 47 59 18 54 10 28 94 37 15 0 94 92 36 82 27 96 57 41 62 15 73 12 66 15 33 69 25 19 67 24 54 40 57 88 94 75 92 92 64 23 81 64 34 96 56 15 98 27 52 39 77 54 37 6 56 31 92 84 74 62 32 23 84 79 42 72 20 80 39 28 21 38 81 21 63 24 23 36 97 58 74 24 84 77 34 87 63 42 53 66 22
34 63 39 41 81 13 2 62 40 64 0 30 9 66 39 22 84 82 10 18 69 9 44 4 69 58 62 68 17 91 85 92 82 2 14 86 88 75 63 19 2 58 39 90 7 37 91 32 56 1 12 36 25 55 47 18 94 36 19 75 98 68 75 92 30 96 63 37 54 15 47 38 1 51 72 74 13 83 85 59 19 87 56 10 41 17 9 98 14 99 62 64 74 90 77 99 14 23 17 71
32 14 4 48 91 0 68 93 2 45 8 13 79 30 54 99 82 32 96 47 41 82 65 74 85 84 97 56 32 55 84 66 73 75 10 25 6 1 6 84 57 12 9 58 43 76 87 9 71 13 41 82 1 53 65 96 40 0 0 9 20 32 47 52 64 91 59 72 41 29 81 25 2 30 95 57 4 15 18 65 43 24 55 22 35 59 66 5 71 44 20 59 56 77 79 93 75 20 85 34
64 98 18 76 69 49 62 43 57 6 14 3 4 74 56 22 21 3 81 10 4 24 97 38 89 18 79 3 48 3 7 35 46 50 27 40 80 83 38 4 40 14 1 92 29 43 30 15 15 43 84 31 62 35 46 22 87 51 48 70 96 93 96 36 24 66 73 54 62 6 68 6 98 85 47 80 79 22 10 85 28 20 2 0 85 58 39 54 18 21 71 18 38 17 73 21 79 7 71 2
83 64 7 33 73 37 63 65 44 94 83 71 17 3 24 89 83 89 23 1 53 22 40 92 52 59 28 11 52 71 15 56 14 18 53 56 19 78 31 88 10 24 25 84 10 68 31 61 9 94 56 33 89 38 93 60 56 71 59 98 70 88 18 38 13 7 90 22 42 53 61 54 54 83 55 63 53 0 64 45 57 85 71 31 6 91 80 51 15 7 53 7 12 26 92 12 42 42 71 75
66 9 68 81 61 97 20 39 75 11 5 41 89 25 65 12 44 28 57 13 70 81 67 80 85 32 42 95 0 20 14 96 19 90 75 65 66 14 98 43 91 97 86 43 82 55 10 86 3 22 99 91 93 53 60 90 40 92 87 97 86 65 33 70 55 61 46 80 25 9 35 24 19 10 29 95 3 48 94 38 70 9 45 39 70 38 28 74 1 24 15 86 84 92 82 81 86 41 36 93
5 98 98 99 30 57 1 62 9 86 86 30 76 40 61 54 4 42 82 96 25 83 45 79 80 1 37 25 54 85 71 17 4 88 62 26 15 29 2 38 71 65 18 30 69 66 34 29 50 17 34 34 88 6 35 52 92 92 93 58 15 65 54 75 93 50 11 2 83 46 76 67 21 21 5 69 19 41 90 41 62 52 25 87 88 68 98 80 37 1 92 58 57 99 91 98 84 16 74 91
82 38 44 99 30 86 79 21 43 55 29 55 83 77 63 17 85 75 54 6 15 75 75 18 42 88 47 44 26 99 83 65 48 40 65 63 8 64 55 6 61 90 1 61 46 99 95 3 56 73 0 23 22 51 52 68 65 92 25 46 17 41 50 84 70 19 24 73 21 36 19 20 69 2 87 26 3 64 5 34 79 89 7 93 87 84 11 11 50 14 68 81 53 85 82 91 92 24 37 48
50 86 38 92 45 26 26 84 84 37 27 15 43 88 47 86 34 77 37 94 61 28 92 64 94 74 6 38 33 61 92 73 59 55 6 61 75 8 47 39 76 16 96 4 82 67 37 41 65 54 68 0 45 18 34 71 56 68 28 32 28 96 3 66 94 21 98 83 7 62 43 98 29 63 13 76 30 65 13 58 79 47 67 64 92 48 38 81 29 95 20 10 9 74 1 86 12 0 64 58
24 52 58 31 86 66 43 5 9 98 26 12 3 13 26 18 33 57 54 51 23 23 18 37 92 74 42 59 26 76 44 87 53 96 5 55 39 20 30 79 38 26 71 90 56 76 88 52 44 74 67 7 33 55 63 30 2 82 41 25 83 52 0 54 86 97 6 37 9 41 48 31 61 36 24 58 34 90 3 16 99 69 55 68 31 52 53 7 19 93 34 22 59 31 86 25 39 4 63 31
52 98 67 5 11 61 27 48 26 29 0 27 22 12 65 88 91 81 27 58 51 34 63 80 87 16 31 81 21 88 44 36 91 73 45 39 93 11 74 74 47 9 88 20 87 77 16 30 22 83 71 47 27 14 85 55 4 41 57 75 46 51 2 77 67 42 55 79 91 38 44 68 98 22 84 8 26 54 31 57 45 75 52 35 20 1 9 74 26 24 14 7 53 58 19 12 27 93 21 11
3 26 42 48 61 4 63 82 75 95 88 58 81 70 71 24 91 21 56 17 49 43 45 33 62 91 65 70 21 50 95 24 98 99 74 5 2 27 33 19 32 82 3 88 71 23 52 38 63 83 41 15 70 41 74 92 50 32 99 1 39 41 47 98 3 63 44 18 13 12 36 34 55 24 30 42 16 3 43 13 19 30 89 79 41 55 18 62 56 69 79 67 65 77 85 12 7 66 80 92
70 74 77 39 68 72 90 49 51 92 50 30 15 13 65 50 36 66 29 41 5 27 5 46 55 66 3 80 0 87 77 23 24 82 69 41 10 64 29 92 32 6 94 54 37 90 38 76 59 82 54 47 61 25 86 63 47 42 48 15 27 47 72 87 11 55 14 56 93 96 94 55 59 39 97 17 61 54 65 14 62 35 24 56 7 58 33 51 87 31 13 14 74 48 42 55 87 75 2 53
95 11 37 92 15 41 80 7 60 83 98 59 97 17 69 47 46 1 73 34 87 28 61 66 78 35 28 32 93 27 36 21 75 24 45 22 36 9 7 98 17 10 26 91 89 25 54 90 28 42 90 34 6 13 66 91 56 83 79 17 39 68 85 60 11 62 93 52 5 12 30 98 75 31 28 54 37 45 45 47 1 37 95 2 54 83 83 2 69 11 28 1 19 15 58 1 68 32 24 18
67 40 83 20 8 24 65 59 37 55 94 1 92 96 14 79 24 10 47 88 3 20 88 71 43 60 6 45 85 17 52 62 77 70 77 82 17 0 85 8 32 48 56 13 8 81 7 77 47 28 84 26 79 52 76 56 4 15 46 32 93 96 92 19 61 69 44 31 49 82 60 48 86 93 26 2 61 45 7 90 71 41 65 19 83 82 61 91 63 71 16 34 50 86 14 46 16 11 85 89
47 99 47 46 82 6 1 47 25 85 91 20 70 57 70 55 31 28 35 1 58 96 45 72 12 7 21 60 26 29 56 30 17 16 73 91 49 56 70 19 9 24 64 43 72 50 83 92 46 90 12 20 44 46 60 55 19 86 54 13 2 84 76 78 30 84 45 23 10 97 28 35 62 16 83 87 14 42 15 73 73 10 50 30 56 6 7 52 10 64 19 87 53 60 56 26 36 11 85 80
56 15 10 39 0 79 96 42 26 11 43 57 7 63 99 23 91 59 5 83 67 49 45 13 78 91 60 92 16 66 90 79 45 9 62 4 58 53 5 91 33 33 86 86 56 69 76 89 24 73 20 34 72 81 59 16 87 4 84 86 50 1 19 14 28 96 22 66 68 75 62 69 86 30 94 66 22 28 59 34 43 18 67 2 6 25 92 87 38 92 64 11 14 6 1 88 95 35 37 74
61 93 86 47 19 64 73 78 10 84 11 18 12 8 35 60 59 92 8 78 11 14 8 89 2 79 70 58 55 84 1 74 94 92 99 38 31 44 24 18 64 14 30 17 57 64 39 52 68 81 57 21 98 9 55 5 72 28 30 16 29 78 19 11 4 53 99 31 87 57 17 56 24 39 19 15 76 9 95 7 88 51 55 77 21 53 55 83 15 95 34 91 78 28 94 60 84 34 45 49
52 32 84 20 8 63 85 14 81 78 21 84 77 9 87 2 78 25 76 84 56 11 98 71 53 56 39 80 86 75 81 30 47 21 38 11 24 33 61 80 53 63 62 38 11 36 37 45 6 3 37 32 68 63 34 62 64 42 21 96 48 31 70 39 26 12 19 35 2 29 55 1 35 80 44 13 29 25 42 67 78 91 66 57 26 1 13 57 88 6 17 99 47 26 67 97 86 59 62 66
51 77 21 76 40 52 47 58 92 54 69 89 22 61 81 74 72 61 49 43 85 9 9 83 76 39 5 40 93 46 93 35 47 83 60 36 89 36 5 71 75 76 24 58 59 28 95 80 16 12 8 27 51 82 93 92 48 4 15 3 43 68 49 34 37 1 37 76 72 53 36 66 84 42 74 49 77 45 54 74 53 36 44 83 93 82 19 5 20 47 66 26 37 44 21 59 77 15 36 22
38 60 88 63 92 40 7 76 18 29 87 10 13 24 61 35 28 64 53 40 49 39 34 89 90 47 24 66 87 55 27 19 2 40 18 7 8 69 7 49 2 2 94 71 27 6 95 56 6 91 70 81 68 79 89 68 62 66 94 60 37 35 65 48 86 16 95 13 65 30 61 33 66 66 51 63 30 95 28 93 58 57 60 37 88 98 16 21 9 93 4 6 55 14 16 62 77 92 18 27
33 44 86 51 34 1 39 41 77 66 19 22 76 43 74 17 25 95 52 92 71 26 10 63 60 83 0 53 18 22 76 25 65 98 82 3 10 86 7 59 91 55 69 20 7 95 79 41 55 87 57 45 69 10 22 46 21 79 68 36 16 94 18 25 53 13 17 10 94 46 50 41 35 86 3 72 77 27 57 63 89 96 4 25 44 93 97 14 43 23 95 70 82 53 56 32 26 38 22 82
27 22 18 82 5 17 79 96 46 48 7 29 76 54 93 35 6 11 61 78 71 82 10 94 90 36 89 5 61 68 28 20 60 72 46 68 56 19 29 90 76 16 92 60 32 29 96 51 18 98 48 38 29 56 35 88 66 44 59 49 24 88 14 32 44 90 14 29 45 75 12 16 33 18 99 50 88 92 23 49 0 19 78 45 75 89 63 68 98 24 20 33 35 45 91 78 51 54 26 8
0 2 4 96 13 71 27 0 73 86 9 67 60 32 45 87 86 12 58 96 75 93 44 29 56 35 2 42 16 97 21 65 24 7 10 43 88 49 1 74 14 44 37 84 52 72 37 98 65 1 70 22 47 75 43 84 9 29 54 27 4 6 1 95 7 58 91 8 81 42 9 75 63 10 77 31 52 56 85 96 78 64 91 44 11 66 25 11 14 14 69 75 4 40 91 78 78 83 34 62
69 26 71 51 49 3 50 24 66 24 29 44 10 58 21 3 28 27 65 2 55 60 66 15 48 83 21 55 75 1 31 91 2 74 18 29 57 96 22 19 62 95 14 36 51 24 72 92 52 97 6 78 69 17 63 27 53 11 29 26 40 64 91 30 56 78 13 62 31 19 22 99 23 52 8 6 1 46 85 97 97 36 91 49 62 32 8 46 88 90 1 69 42 39 75 9 7 8 88 16
97 96 78 77 28 51 51 67 7 47 82 63 25 91 5 10 45 93 30 74 70 1 21 96 20 4 59 33 26 85 5 70 22 98 90 34 60 56 17 70 22 94 35 79 52 85 57 57 8 98 21 34 79 80 55 20 60 76 13 82 11 86 44 48 86 24 18 73 34 99 17 90 84 39 70 97 90 33 81 32 99 49 37 31 3 0 60 57 83 58 19 37 29 76 20 74 87 8 99 4
52 62 13 40 31 81 80 67 7 83 58 86 46 72 31 56 5 59 16 47 75 16 0 35 94 53 20 52 68 53 88 51 87 92 64 2 31 54 84 5 14 83 68 74 96 59 3 0 17 6 80 7 25 80 83 41 69 36 65 67 69 81 24 86 84 27 97 93 40 38 89 78 77 69 70 71 78 35 81 4 58 87 71 99 5 67 84 53 81 60 97 20 6 23 27 85 95 65 0 47
90 99 96 22 54 85 97 18 93 59 25 27 76 20 78 34 55 31 18 30 82 8 99 80 72 17 4 13 33 41 44 29 91 50 20 78 53 17 86 82 32 35 56 41 16 86 87 90 17 41 35 37 13 66 25 64 62 44 2 31 49 40 24 71 72 39 35 58 28 67 26 55 12 59 8 52 16 57 44 64 69 77 78 29 13 95 68 43 33 85 66 27 45 30 31 28 34 63 51 34
79 36 39 69 43 90 13 49 21 38 35 46 7 59 73 50 33 43 50 70 72 97 34 79 97 23 45 73 37 1 9 52 99 46 72 38 19 39 95 66 29 43 92 16 32 96 33 58 95 65 31 36 5 28 54 32 14 59 59 0 6 82 5 72 30 76 32 24 31 94 9 87 56 91 27 67 77 58 98 78 59 81 49 48 24 39 24 10 21 14 18 63 68 70 38 29 52 31 32 32
6 57 89 60 34 24 85 55 52 80 93 80 26 53 86 38 35 68 59 47 60 36 91 37 8 78 80 25 93 30 67 27 75 19 29 43 24 60 34 71 14 86 14 78 63 86 52 88 39 4 83 46 22 5 67 7 53 2 78 45 69 24 17 72 61 48 86 79 62 62 63 43 63 37 39 58 49 62 1 87 37 3 45 60 4 15 72 72 84 89 75 91 43 35 71 2 96 15 12 86
