100 100
73 58 87 93 38 88 16 6 91 33 99 18 20 80 38 61 52 70 94 83 81 37 32 5 42 9 84 50 66 85 96 38 2 78 74 23 81 19 66 21 60 25 25 68 58 2 80 61 34 20 87 93 24 30 94 14 12 83 56 65 14 53 14 86 34 44 61 64 68 48 43 62 30 45 58 89 55 88 74 93 95 28 96 85 50 53 61 97 9 96 95 49 49 66 55 72 17 9 33 27
79 72 90 35 31 63 44 24 70 76 53 8 39 86 66 67 66 4 75 40 12 10 94 19 14 74 18 30 44 35 31 23 44 72 65 72 76 83 40 12 33 70 20 70 88 94 28 33 24 54 72 65 58 44 41 58 27 14 99 83 9 56 24 91 41 44 5 99 20 47 85 81 56 40 15 72 53 37 84 10 39 91 66 98 15 2 3 16 6 13 84 79 84 55 93 60 35 62 25 18
45 83 0 56 72 29 21 79 16 75 3 25 34 94 53 70 78 23 34 33 10 17 59 42 19 72 57 32 23 62 36 21 63 58 9 7 91 98 87 95 53 60 58 4 6 32 45 40 90 53 15 94 25 44 51 53 72 35 6 86 26 46 89 22 58 73 88 3 94 91 83 55 66 85 75 90 23 79 24 46 88 48 10 5 53 60 90 56 61 17 71 15 85 26 46 23 39 72 35 11
38 25 71 41 57 48 16 90 35 69 31 74 74 0 52 93 42 88 96 84 39 16 18 84 99 74 74 96 25 81 71 2 99 8 8 28 9 49 76 44 24 62 65 60 10 84 55 35 35 31 95 19 0 62 59 7 74 13 65 97 53 67 63 96 30 76 75 49 8 8 22 22 69 46 20 14 44 34 49 9 43 24 57 66 4 50 99 62 10 25 78 99 14 33 67 22 49 61 20 84
76 6 37 43 40 53 41 63 49 45 37 69 42 20 57 63 32 94 98 22 0 82 16 56 10 21 7 11 49 83 43 85 44 60 6 20 13 12 7 32 1 97 85 48 4 84 67 8 59 8 65 10 66 10 9 87 38 59 67 7 39 63 90 11 36 10 17 33 19 17 35 39 70 2 29 87 38 28 65 15 61 16 74 85 12 72 45 88 98 18 19 6 2 65 83 99 85 44 90 22
5 26 17 16 45 86 12 82 73 60 79 91 39 78 7 48 5 76 9 67 28 99 67 23 82 62 68 55 75 36 34 9 33 81 72 63 78 81 43 62 49 64 43 46 76 51 16 76 80 10 51 7 62 49 21 81 99 26 93 73 4 20 21 40 96 59 33 18 56 58 82 95 46 5 93 18 8 68 20 81 73 5 86 51 14 97 94 22 83 44 9 74 74 81 92 61 60 37 49 55
95 71 52 8 35 54 76 30 33 46 17 90 72 13 8 11 84 18 28 47 35 59 93 77 8 73 91 9 32 96 23 10 66 33 74 44 47 41 88 68 31 15 30 55 2 22 40 8 98 17 37 82 17 37 2 89 87 68 9 35 55 40 63 27 37 22 25 35 76 38 41 89 27 77 69 85 30 89 99 30 61 44 83 69 62 53 48 22 17 16 72 45 26 43 69 35 46 97 24 6
3 57 47 48 56 83 24 5 91 97 94 18 41 33 71 73 11 12 99 38 19 49 41 77 36 19 38 42 96 54 47 1 44 79 34 53 77 45 85 38 49 42 42 80 82 62 78 28 74 88 2 14 42 92 42 93 41 24 97 64 76 1 53 36 24 12 85 47 90 65 77 13 77 44 17 24 33 42 90 98 17 90 40 32 4 10 19 96 55 73 57 66 12 55 54 70 81 62 99 10
98 89 32 97 59 76 17 21 8 29 87 69 77 49 1 3 60 77 13 83 65 90 0 44 29 71 93 15 83 42 81 91 77 91 78 57 23 30 57 88 72 62 31 58 94 41 85 2 84 70 69 9 80 79 83 17 57 88 59 57 83 98 54 61 84 81 56 36 96 97 95 3 48 25 93 56 76 19 24 42 95 86 59 85 92 19 71 55 44 7 18 8 90 61 99 93 79 29 61 67
87 76 68 38 50 37 3 93 84 88 39 59 86 87 44 98 74 91 94 24 10 90 78 87 71 29 19 69 82 32 11 4 87 13 68 24 40 59 16 25 45 89 10 35 97 71 44 57 97 20 29 62 10 86 70 15 73 65 25 7 50 87 34 78 6 56 35 30 19 39 17 47 90 15 83 40 0 61 51 63 71 48 8 76 36 80 60 48 74 29 49 18 75 99 89 82 23 43 75 81
26 69 38 36 13 56 88 95 17 29 50 3 16 35 48 67 37 67 87 23 55 31 86 84 17 15 4 80 71 8 6 91 80 74 12 12 58 61 98 68 59 36 80 74 54 74 11 77 64 57 17 40 4 8 55 63 53 79 44 36 41 18 29 25 32 26 39 27 34 30 0 91 88 3 6 23 25 44 84 63 42 93 35 61 35 27 87 19 57 13 5 76 9 30 19 82 54 80 86 84
49 31 98 1 14 5 31 24 34 79 87 98 66 7 48 34 39 15 38 80 0 23 25 67 98 80 49 11 45 37 14 69 72 38 38 7 1 87 16 68 15 67 5 90 21 93 29 51 60 10 31 11 77 30 31 30 54 88 29 44 65 34 20 21 20 97 56 85 15 11 43 86 27 68 43 33 31 6 70 20 93 41 15 26 64 29 1 68 54 92 84 56 93 51 12 15 74 21 61 92
84 23 86 93 73 67 15 81 29 89 70 66 9 31 54 12 89 68 58 25 34 14 38 54 13 55 9 86 6 99 30 10 90 50 22 59 37 40 41 46 50 20 45 61 3 23 44 87 39 54 88 72 47 36 43 86 20 57 58 57 52 44 34 14 82 14 54 6 59 54 88 22 59 93 64 75 68 37 47 80 88 86 76 12 42 15 20 78 56 5 89 10 90 50 93 61 17 79 68 27
25 90 21 32 89 11 8 50 99 45 58 33 46 10 80 13 71 17 26 94 68 92 82 75 59 94 48 11 29 18 14 29 85 88 91 3 20 17 57 5 11 77 90 35 37 1 17 66 17 73 53 23 89 96 67 41 89 39 63 70 11 11 6 9 96 18 36 64 69 39 97 59 91 45 90 71 3 71 79 71 54 68 46 91 51 41 47 96 68 87 53 50 35 57 52 45 91 80 16 69
15 70 59 86 73 1 76 8 34 95 79 38 23 48 45 93 17 87 46 94 26 34 29 72 93 24 9 16 72 24 73 48 42 65 78 92 37 12 0 96 12 75 15 29 40 53 60 59 39 41 80 41 49 68 83 73 58 16 64 52 26 97 6 76 16 66 77 12 34 66 39 99 99 14 61 7 26 81 61 38 40 93 56 10 13 83 79 56 76 64 33 99 72 18 86 77 74 55 77 42
31 97 5 49 32 28 84 27 62 68 1 7 27 84 95 82 48 18 86 54 82 49 93 18 24 68 82 43 49 25 35 87 92 39 86 27 51 74 86 36 71 99 55 10 23 86 79 6 26 23 27 21 38 44 38 5 89 20 23 84 16 82 3 40 73 7 8 66 56 7 69 13 22 44 98 18 23 21 26 94 67 52 52 52 98 83 53 33 82 81 75 3 64 73 12 82 47 98 22 82
80 62 28 22 62 16 93 15 82 95 82 29 83 76 45 24 1 53 22 29 70 64 53 94 90 31 82 11 53 18 21 30 94 60 70 97 70 54 14 9 20 64 52 8 36 26 41 63 82 16 56 63 40 89 49 62 21 53 60 89 72 38 76 81 32 40 48 50 39 36 86 68 58 16 40 6 26 56 87 37 14 53 46 70 92 99 94 77 61 0 80 25 25 70 1 30 47 15 34 4
81 12 63 80 75 90 27 64 0 38 10 74 71 27 44 0 58 14 34 45 61 20 43 71 97 72 37 22 85 50 11 49 58 60 15 42 95 9 66 4 93 73 21 1 22 86 63 81 42 97 44 4 17 2 34 52 87 74 71 9 89 77 83 28 35 78 49 68 90 44 7 65 88 34 42 15 41 73 11 20 93 52 52 53 90 48 54 17 83 34 72 30 26 15 24 42 66 84 59 26
19 3 42 75 3 32 53 75 52 77 44 21 93 49 5 96 50 74 81 14 60 15 54 17 39 35 38 84 92 60 87 0 85 41 79 30 0 7 74 15 88 96 40 32 79 70 43 18 52 34 53 94 5 86 63 21 28 40 58 98 81 4 25 75 17 1 41 15 27 42 59 93 88 36 11 14 85 76 14 81 29 73 82 37 66 53 94 69 46 66 53 60 74 20 32 48 81 71 88 43
76 5 26 51 4 24 24 35 6 13 98 50 12 99 86 2 25 14 28 45 33 21 79 89 72 22 77 64 13 79 62 16 72 13 9 14 49 60 60 94 99 26 71 42 81 84 54 7 2 30 93 92 63 34 38 74 38 73 10 78 77 0 65 15 82 27 28 3 55 77 93 65 93 9 82 97 31 90 23 27 73 38 55 45 25 42 75 40 32 43 59 40 49 95 52 16 56 63 99 79
68 40 93 66 39 79 65 78 70 20 97 21 24 69 31 83 25 94 90 24 60 93 45 8 25 74 57 27 84 35 49 10 60 65 51 56 73 69 67 93 43 89 76 89 23 11 26 10 12 83 84 85 61 84 29 79 59 85 38 56 87 21 77 61 70 60 42 54 11 53 6 48 74 28 21 41 21 79 99 59 30 1 22 40 8 14 84 57 14 24 54 93 26 51 24 17 69 96 95 87
66 91 55 15 39 9 35 4 75 24 48 24 99 21 24 16 42 75 85 34 52 74 56 31 41 28 74 19 49 2 3 56 95 2 47 32 62 91 77 47 96 59 25 12 14 4 87 40 25 38 31 2 40 67 16 3 11 62 82 34 40 79 48 37 60 61 10 31 37 1 93 30 28 10 77 25 73 31 18 41 20 62 91 91 86 72 73 44 42 41 25 49 47 49 58 96 28 23 19 79
73 29 81 88 43 98 5 61 31 56 9 85 1 30 70 28 93 9 4 84 76 21 76 85 18 22 84 40 86 63 85 59 67 57 72 24 64 42 53 51 76 93 24 32 78 8 7 22 49 82 24 59 35 39 6 42 33 89 5 80 83 57 55 63 96 5 45 40 22 84 25 5 31 15 14 24 57 29 94 80 29 48 6 51 72 55 10 65 15 41 59 34 0 73 49 17 45 11 56 90
20 44 20 0 84 93 63 84 18 1 18 37 35 99 31 53 69 20 56 34 79 16 91 44 43 95 18 33 46 27 5 54 42 99 97 78 38 47 52 56 21 45 36 22 50 79 62 57 41 64 66 88 85 61 39 21 59 69 19 76 54 46 16 41 71 87 62 80 88 28 49 62 38 53 62 39 23 18 39 70 75 11 9 59 40 34 32 14 82 77 31 70 42 52 49 13 38 31 81 0
26 27 28 80 5 69 94 83 81 96 1 52 94 25 35 45 3 17 25 10 99 31 82 15 20 94 37 43 4 96 22 62 66 4 11 58 8 4 55 75 57 33 38 77 41 67 19 2 32 62 48 51 44 98 6 38 85 87 43 83 48 68 16 30 0 46 32 44 84 67 62 17 52 95 60 28 92 95 41 56 44 60 86 80 14 45 27 70 89 37 49 73 0 54 42 32 70 46 29 43
53 26 22 90 20 42 97 10 92 73 88 53 8 35 85 12 17 11 67 37 38 93 62 64 88 10 47 21 75 13 64 4 74 91 54 51 72 78 18 83 19 15 74 20 60 60 81 29 34 5 74 92 9 18 54 72 11 99 79 48 95 98 58 22 25 26 27 81 15 50 84 34 69 51 98 61 40 6 50 98 15 29 83 57 3 91 17 50 38 65 54 73 49 55 63 76 10 81 36 38
7 53 19 62 66 15 15 72 60 7 93 24 0 19 99 99 7 35 53 96 35 36 41 90 64 23 53 83 87 50 95 48 44 71 5 93 4 62 37 85 93 53 34 9 56 27 97 30 99 61 82 75 13 56 79 84 86 26 38 85 26 62 54 15 63 41 7 19 3 10 62 34 86 15 54 59 49 9 64 27 63 50 77 72 0 34 13 12 2 12 6 54 87 83 46 52 83 35 22 64
2 5 24 48 5 80 41 97 36 50 49 83 39 47 25 70 44 23 57 5 94 4 91 24 30 55 58 50 57 78 48 68 63 12 65 68 93 27 73 8 85 14 47 83 93 90 11 48 35 29 84 99 16 84 64 54 39 54 21 60 62 84 85 9 17 28 42 90 66 18 18 17 14 11 7 95 12 59 32 14 56 28 39 91 98 98 50 3 83 75 35 2 2 17 59 34 16 27 47 32
24 16 65 75 62 97 65 1 26 51 27 49 56 30 77 17 73 88 65 46 96 41 9 5 44 82 64 30 30 23 63 24 94 31 81 86 82 96 97 43 56 80 40 89 48 53 25 58 26 49 92 2 80 37 34 66 79 33 41 8 49 62 37 28 92 88 81 48 59 45 7 94 81 1 6 26 37 23 75 69 76 9 62 93 36 70 77 37 2 14 71 21 28 35 79 82 16 20 44 28
51 67 27 61 39 63 61 33 65 9 90 33 78 35 78 28 24 56 97 34 21 23 1 99 43 23 94 61 57 88 32 53 60 70 59 6 44 81 73 16 91 70 50 43 47 68 52 9 35 24 96 76 96 93 90 19 81 61 27 76 43 23 49 34 23 66 20 93 37 38 11 92 84 36 11 7 14 73 74 64 6 55 83 42 88 12 83 88 52 26 40 86 2 98 19 8 31 19 34 65
52 11 21 89 52 13 94 73 0 28 4 8 44 39 71 63 52 57 7 62 22 56 16 46 51 18 90 12 72 17 35 41 13 17 41 72 87 7 98 89 23 23 84 24 85 62 99 28 42 57 96 82 81 91 83 68 13 44 63 75 0 69 0 39 61 93 37 1 44 81 41 82 22 96 87 67 72 13 70 20 43 79 38 38 24 36 63 17 56 31 45 40 24 29 5 24 93 92 61 97
39 31 21 61 8 89 76 5 62 19 29 80 33 46 44 63 65 53 50 28 57 1 30 11 31 38 8 85 36 11 37 52 70 89 2 46 48 26 1 70 58 5 50 92 63 66 53 41 75 78 11 48 95 34 1 19 29 0 56 28 45 40 72 55 70 55 34 27 60 24 11 44 61 80 60 94 69 3 49 48 44 60 11 2 61 90 61 25 9 80 17 5 19 38 88 37 81 43 87 40
45 21 0 65 55 42 83 12 6 61 11 20 64 27 64 88 2 50 86 30 46 21 39 59 56 30 89 57 50 68 13 71 38 33 69 64 8 18 10 24 1 95 84 36 45 78 9 90 86 86 1 29 11 96 28 99 14 36 39 96 58 43 37 90 85 38 23 17 6 19 91 46 45 51 80 37 51 98 12 27 88 55 92 79 17 76 60 98 14 20 76 88 66 7 71 4 46 77 82 33
6 26 58 38 95 28 99 64 59 96 89 12 11 19 25 92 87 30 8 16 59 63 47 71 92 84 51 34 23 91 24 61 19 2 67 48 11 66 74 18 49 76 60 52 19 85 8 59 46 47 4 51 81 65 68 62 5 55 0 24 12 74 55 18 15 22 71 66 14 56 49 58 15 24 24 60 7 78 65 92 40 80 18 10 11 70 9 58 58 63 15 67 80 53 96 54 50 36 9 16
69 83 72 5 1 25 58 98 91 34 45 98 78 19 67 8 76 16 3 68 27 46 86 63 67 1 2 31 29 50 31 60 96 82 23 89 65 3 45 49 18 15 44 71 1 92 44 91 19 11 85 59 96 80 28 98 16 60 2 30 79 40 41 42 99 31 55 9 62 86 25 1 11 60 66 13 76 80 80 88 48 29 47 35 46 70 47 46 20 3 67 88 58 83 66 41 30 60 72 25
59 0 68 74 34 45 97 83 10 71 22 79 4 41 30 37 89 41 31 3 9 13 2 52 86 17 51 65 70 91 25 68 70 82 80 53 77 87 13 64 99 25 42 99 60 60 26 74 8 75 57 38 40 90 58 63 0 28 77 56 37 99 36 84 20 20 23 62 77 53 4 57 91 79 69 57 38 21 21 68 39 60 37 77 36 83 80 65 33 56 8 27 21 2 43 94 29 22 70 52
52 10 34 5 82 61 44 87 60 76 50 37 66 69 74 2 31 43 70 37 23 31 62 28 44 69 75 85 27 2 80 22 71 93 16 39 33 41 7 23 18 23 85 92 47 64 57 87 50 11 77 50 40 31 0 24 40 62 49 27 87 1 98 59 42 97 16 42 13 6 99 93 68 53 45 69 63 24 69 50 11 17 17 52 44 72 51 13 67 98 92 6 91 25 81 4 26 96 84 52
66 49 96 46 51 29 28 73 92 98 28 29 54 16 13 75 63 9 55 59 39 34 92 93 13 9 49 47 79 89 6 79 8 97 69 0 44 81 76 61 7 81 52 95 92 42 59 67 3 78 31 51 85 81 67 31 33 12 64 44 14 68 86 48 41 59 60 16 26 37 59 43 5 21 44 74 87 93 18 52 73 50 73 95 34 44 64 52 74 28 23 58 94 10 45 77 97 91 95 94
76 68 82 4 51 47 6 8 56 31 29 9 45 19 71 18 22 80 81 10 62 31 94 27 46 98 56 61 6 2 14 99 95 65 25 62 54 19 79 28 94 19 60 85 33 11 53 10 25 89 18 53 16 38 58 55 0 63 93 5 92 67 25 10 50 41 98 39 67 8 7 66 32 76 63 24 98 16 56 80 20 27 45 5 55 0 90 31 53 57 12 58 87 82 92 90 49 52 33 68
13 0 22 80 10 56 74 28 78 51 21 47 69 40 4 87 40 20 59 71 63 39 58 92 75 31 39 89 34 50 88 14 31 22 59 10 80 59 25 36 47 41 12 48 24 30 30 49 31 89 53 86 60 3 86 94 62 82 80 64 1 59 83 31 50 99 96 59 35 55 88 36 91 31 59 72 63 40 97 40 80 58 30 70 88 15 25 84 67 16 80 30 51 73 67 35 93 29 17 95
60 48 39 94 18 20 32 28 52 72 93 96 35 23 94 24 69 85 48 65 43 65 36 33 58 79 93 7 96 86 97 85 12 53 52 17 83 19 31 22 21 15 18 49 84 44 98 92 93 61 82 91 15 90 83 46 63 15 36 20 63 51 19 44 19 5 15 29 50 38 8 76 80 17 6 74 10 86 64 34 33 45 36 63 53 76 26 95 2 34 25 89 32 62 13 21 9 87 69 86
68 93 13 60 50 68 71 47 87 81 42 12 86 41 51 47 63 55 99 10 45 15 5 50 83 95 13 0 63 88 78 5 78 42 59 53 18 13 83 40 80 23 79 15 36 20 86 24 3 51 46 91 70 80 20 61 58 67 56 31 92 87 18 21 45 43 22 29 29 90 64 27 94 83 23 91 46 17 14 56 32 54 28 16 62 48 25 27 9 60 84 83 39 53 94 74 10 42 56 72
86 94 11 32 25 46 49 27 71 48 58 85 71 14 55 55 29 10 20 52 78 80 91 27 6 83 84 11 75 76 41 5 90 61 43 87 55 81 10 29 0 53 41 52 2 67 43 27 52 28 13 20 89 33 81 38 9 56 1 26 4 16 51 58 94 83 74 22 60 31 10 47 19 67 66 39 81 81 99 68 54 59 0 89 76 26 62 26 53 12 89 13 57 18 49 48 91 48 14 85
47 27 9 16 2 15 19 46 85 25 22 31 99 9 80 25 35 0 51 91 34 61 35 48 45 14 8 96 20 97 86 70 15 29 46 21 25 25 2 83 78 67 41 12 10 3 91 49 94 76 21 2 68 13 16 1 9 16 52 59 0 17 78 94 46 94 92 91 8 77 81 86 6 1 71 93 16 92 64 15 12 43 59 3 45 37 61 69 27 57 28 90 89 48 14 76 10 63 22 16
77 73 70 73 11 86 91 22 25 68 15 13 8 51 57 40 2 38 42 27 44 45 3 28 68 28 53 56 10 81 22 89 57 25 32 3 79 24 58 7 18 25 51 92 6 46 23 19 29 66 96 20 28 47 79 8 49 47 10 33 36 34 9 74 86 79 9 80 5 53 32 42 73 27 8 18 11 23 22 86 94 48 60 65 50 4 40 93 9 43 5 29 56 17 85 97 51 57 77 68
88 73 37 52 5 9 9 43 8 99 38 28 99 44 42 85 89 61 21 41 50 7 37 81 29 24 13 65 60 24 24 39 47 91 45 72 47 6 50 12 86 23 62 5 53 24 10 69 65 28 6 88 81 28 78 48 38 62 16 8 27 86 54 44 64 89 78 41 37 99 12 89 89 98 6 8 79 83 12 52 91 64 41 57 24 47 98 60 54 96 5 42 88 6 14 6 55 30 45 28
43 89 93 6 88 40 41 31 36 63 11 25 58 86 83 99 57 54 16 73 24 10 28 70 41 47 54 41 61 70 95 79 11 4 71 43 81 52 63 85 77 17 59 69 37 4 71 49 60 94 65 64 79 3 47 92 12 45 99 7 65 13 2 92 34 18 88 28 19 27 75 20 24 85 82 7 9 81 17 16 11 5 98 43 76 96 39 47 43 98 57 67 36 78 71 12 45 0 62 62
53 80 8 85 68 3 3 95 24 19 26 92 84 85 5 93 54 85 21 86 9 87 48 94 1 99 72 62 47 95 17 73 10 0 53 4 2 34 76 24 80 63 45 87 92 75 63 31 26 95 1 61 55 20 55 82 29 44 93 83 49 21 51 94 90 23 30 84 67 24 59 55 27 41 27 94 38 74 9 3 88 77 55 41 67 3 8 98 59 64 26 12 45 92 15 62 94 45 72 44
36 84 3 79 1 21 28 71 2 75 37 94 57 24 27 57 53 28 83 50 37 66 72 82 7 72 26 42 69 40 40 67 11 95 68 93 74 96 28 53 53 31 21 67 31 10 56 65 66 96 33 81 84 7 76 40 5 46 3 88 88 20 61 83 53 41 64 18 42 93 74 89 77 37 63 29 78 53 23 45 39 63 44 94 94 17 78 2 56 25 23 8 43 12 93 74 35 62 21 22
24 9 48 3 37 48 65 20 48 12 33 13 52 3 10 90 47 49 3 22 93 67 13 75 72 59 10 1 17 42 74 86 97 69 68 80 59 14 28 26 5 97 10 63 23 7 40 48 52 45 63 93 61 29 55 49 10 50 19 59 51 7 89 82 47 9 97 75 41 41 75 18 97 15 27 39 20 98 87 10 20 41 90 67 41 40 21 29 62 72 97 62 8 64 94 80 55 90 0 53
83 83 94 18 36 30 56 23 3 77 0 9 54 79 93 10 95 4 38 31 1 90 54 41 27 53 53 88 0 27 4 45 48 52 19 87 12 57 42 54 88 92 5 14 63 63 43 68 34 25 68 89 93 51 20 77 99 27 54 0 87 55 96 40 47 53 21 38 32 79 5 68 37 32 7 95 14 27 74 71 17 55 22 83 49 6 63 56 63 63 28 87 6 5 45 90 44 53 33 78
77 83 67 71 76 44 21 23 92 32 22 55 75 68 94 86 96 72 21 47 37 90 88 2 13 21 41 50 94 62 98 70 93 32 1 23 28 78 25 90 99 86 79 9 51 66 19 46 76 4 71 10 70 47 96 11 34 93 72 37 98 51 43 22 2 51 10 64 85 56 40 54 65 98 74 51 75 96 63 87 74 1 15 23 19 62 57 55 93 11 11 19 91 85 74 2 39 43 22 50
96 65 31 6 0 40 80 25 61 7 29 32 63 31 92 37 50 63 30 28 73 58 41 22 44 89 99 78 9 32 22 21 77 79 40 72 55 54 51 23 25 23 93 58 82 90 20 57 68 3 77 90 93 12 98 68 4 34 79 81 83 29 1 98 60 97 38 28 17 66 73 38 33 39 68 71 33 74 55 45 70 21 24 95 14 84 40 38 51 49 98 92 2 18 29 94 49 19 3 48
30 36 48 33 73 54 83 10 6 88 83 53 17 24 52 54 71 79 41 53 79 61 61 62 16 78 61 61 16 32 27 73 33 33 5 43 50 13 0 70 28 69 32 74 44 87 20 14 26 76 16 91 9 56 16 46 48 18 57 55 13 35 42 8 32 25 26 96 8 89 41 56 38 41 10 25 82 93 97 66 53 41 55 18 19 65 4 68 78 49 38 27 14 82 76 42 93 10 8 63
73 76 59 60 87 96 69 48 11 82 38 81 36 61 4 52 4 80 32 13 58 69 59 45 76 48 29 90 55 54 41 30 31 21 13 61 59 93 93 44 41 39 68 66 9 2 54 49 60 90 66 36 43 81 13 32 34 23 82 69 81 69 20 98 17 71 85 54 24 90 11 26 11 92 4 45 4 95 58 11 94 42 61 8 60 33 50 35 14 36 21 90 20 6 71 8 40 48 10 99
10 93 37 97 15 51 91 71 35 44 83 27 54 31 1 74 91 86 36 15 70 93 96 80 3 82 16 85 29 47 43 99 6 38 32 58 61 62 75 55 4 63 73 29 92 13 79 45 83 3 25 69 54 48 93 25 58 22 48 16 2 65 38 3 79 94 91 36 42 87 88 27 28 32 47 82 43 39 89 13 89 63 59 68 3 96 47 43 58 32 40 45 67 52 60 29 31 88 61 38
41 10 70 16 1 83 17 92 39 21 52 87 28 6 96 27 51 95 63 79 84 0 81 0 36 79 22 18 70 61 73 33 58 72 8 61 66 13 36 44 38 19 63 61 71 94 60 93 78 7 73 22 22 11 26 38 78 45 45 14 8 45 12 55 64 21 99 42 29 10 61 62 86 51 64 99 54 5 16 69 65 65 18 56 78 1 87 23 87 0 41 58 88 68 1 33 75 2 51 38
83 23 55 97 99 36 39 55 13 48 73 51 90 71 46 27 23 24 31 18 78 95 25 22 32 81 14 47 58 55 89 10 69 39 2 36 70 51 44 5 48 2 7 96 40 15 47 38 60 52 20 17 8 56 50 54 15 9 19 7 57 51 2 9 53 92 52 36 9 20 44 15 10 87 15 18 54 14 3 73 19 95 62 86 25 85 66 63 65 34 35 56 45 47 10 10 30 4 94 90
93 31 96 34 10 45 89 99 83 84 67 36 73 48 98 38 35 86 9 11 86 94 26 3 1 68 53 68 61 40 47 11 58 66 40 98 60 67 16 37 85 35 70 28 80 65 4 38 3 13 6 47 11 12 11 76 15 13 10 3 21 90 79 41 0 71 27 80 29 26 8 10 38 89 49 39 54 54 29 16 68 49 15 58 71 54 3 3 13 87 36 4 86 85 56 90 16 38 60 48
35 43 47 71 80 20 98 69 59 99 47 25 96 1 81 39 98 98 76 15 9 54 35 68 35 26 8 95 56 21 74 53 57 84 65 63 71 31 49 74 21 10 43 9 46 28 25 4 49 46 45 75 86 23 47 52 80 47 25 7 14 73 28 50 67 69 44 59 91 39 80 34 78 91 16 3 68 91 53 5 53 49 90 38 93 53 65 61 25 96 76 2 27 6 32 31 95 15 42 36
43 99 36 54 44 36 17 58 26 27 90 90 89 57 84 24 80 81 78 51 41 48 54 15 20 83 92 89 17 3 42 63 6 48 90 76 2 59 99 86 41 51 40 72 82 3 65 27 41 85 35 66 79 38 46 6 54 27 83 12 63 66 31 17 90 71 18 33 24 31 5 37 64 80 76 41 28 2 19 45 99 57 41 92 95 19 27 41 19 59 50 93 60 10 0 27 29 98 4 13
15 58 73 97 72 81 42 79 46 81 96 32 6 16 69 45 6 48 80 4 36 65 25 71 85 47 66 43 98 19 70 59 76 76 67 11 90 51 98 21 48 32 47 80 69 38 1 73 74 96 39 37 92 75 81 94 61 66 28 27 52 32 30 87 2 76 35 28 34 13 70 28 42 90 86 24 5 9 2 96 6 83 63 94 2 84 98 10 62 24 42 67 88 10 68 29 1 44 92 82
86 40 45 86 54 36 85 69 16 11 1 55 91 33 25 35 89 87 68 78 53 60 19 25 39 93 40 10 29 40 27 85 89 11 75 39 79 25 77 47 94 25 15 3 51 65 36 31 96 38 13 12 52 34 53 0 86 11 7 38 68 92 33 51 67 82 11 35 54 42 5 0 45 63 88 9 24 97 88 1 15 42 32 40 15 96 73 23 1 24 89 24 12 20 67 46 72 84 72 5
57 75 76 76 46 25 58 91 66 83 22 77 50 66 79 96 49 77 15 71 8 92 40 34 91 77 30 62 56 53 20 64 33 23 57 67 17 82 47 76 87 74 26 84 0 76 55 34 50 0 28 14 77 71 54 50 7 29 76 13 65 78 75 40 43 21 84 62 29 77 80 78 2 98 52 58 65 2 35 66 61 27 94 77 34 29 97 73 8 46 42 62 63 74 54 22 37 98 0 22
28 64 24 14 14 74 62 74 83 21 13 28 64 19 86 38 7 89 55 41 78 29 6 65 76 85 21 38 53 47 23 92 87 57 58 28 18 43 96 15 86 75 75 67 87 30 36 38 86 4 18 71 56 51 70 50 65 10 84 59 46 36 30 25 86 15 58 55 34 31 70 52 87 5 98 58 44 24 43 31 16 43 84 37 81 34 67 11 19 48 96 23 29 33 69 40 13 49 22 3
59 30 91 57 85 15 74 40 95 12 94 46 9 14 82 56 54 43 92 33 81 78 97 85 56 60 4 1 91 53 4 59 50 8 6 42 0 58 53 80 34 19 16 83 88 9 35 17 40 10 58 42 90 58 68 99 14 69 72 20 32 56 87 21 30 48 67 15 33 51 22 68 1 77 55 25 48 70 31 21 77 80 84 77 54 48 23 16 53 49 74 90 12 11 67 62 17 0 32 70
49 12 95 23 17 37 71 87 47 83 32 53 27 83 93 89 46 62 13 12 32 50 90 37 77 95 78 3 80 71 78 95 84 20 46 39 47 13 71 79 23 0 0 79 36 30 53 62 25 44 64 36 96 40 13 3 65 43 27 33 20 35 50 10 82 7 46 43 89 47 54 96 32 78 55 62 36 37 28 68 83 65 40 93 70 81 17 45 66 4 62 30 76 61 28 28 49 66 43 90
80 96 87 44 13 54 49 14 56 71 64 33 14 51 23 40 90 34 42 72 91 22 66 28 53 80 23 42 44 93 58 74 40 55 12 72 78 33 72 61 67 22 93 41 13 31 26 18 48 84 8 95 82 44 71 94 82 66 98 31 77 45 6 67 28 91 65 47 28 8 83 39 53 99 68 54 96 15 30 97 69 96 56 7 34 49 99 40 96 44 9 2 55 31 46 84 31 11 30 42
93 9 62 16 99 53 17 63 45 89 38 60 6 95 9 91 50 6 32 54 38 28 79 50 31 26 51 73 79 55 15 55 93 63 88 39 14 25 28 62 81 48 70 97 69 62 59 46 20 52 0 55 93 79 87 39 91 2 10 27 74 8 53 50 35 98 46 1 71 16 55 42 60 36 63 38 74 72 85 44 18 6 0 84 38 87 94 20 66 98 47 25 59 42 25 27 21 52 55 37
74 84 51 19 93 30 15 3 13 38 86 9 35 91 33 3 31 83 83 64 59 3 70 95 4 85 16 10 92 25 18 46 57 68 22 83 92 36 38 76 57 97 49 21 29 97 77 33 8 77 31 19 9 70 44 5 14 6 86 70 92 42 8 36 95 34 12 67 43 15 49 11 80 6 34 50 3 59 74 11 19 8 2 4 73 54 89 73 67 35 73 60 59 49 66 93 50 45 13 50
2 30 75 53 8 76 89 3 6 66 48 72 82 37 69 14 36 74 0 13 80 2 21 91 37 35 34 79 40 62 88 77 14 27 95 95 93 24 88 13 64 89 47 58 63 54 54 58 40 1 0 91 90 2 25 15 18 68 7 49 33 61 37 13 61 32 92 54 10 48 95 35 26 39 7 50 84 12 5 21 50 71 9 21 68 89 13 51 7 74 11 99 60 84 77 8 34 73 46 68
88 34 51 84 50 52 46 28 48 84 82 47 30 20 42 75 60 89 45 19 12 22 11 37 63 11 46 4 26 37 38 28 52 82 89 81 98 87 81 48 3 52 85 55 60 51 32 26 41 39 36 16 58 47 35 74 61 53 37 54 56 38 92 28 1 61 71 41 67 65 67 60 13 15 91 70 60 17 79 6 7 58 10 99 27 94 31 51 45 77 56 70 16 23 26 39 6 85 54 73
43 23 64 30 72 21 30 85 57 37 21 3 88 32 76 12 25 86 46 78 92 55 4 1 38 92 47 15 36 17 72 12 72 92 32 6 30 30 75 51 66 32 33 68 79 34 27 18 70 17 29 9 14 31 83 26 93 53 54 17 8 0 58 72 71 10 43 96 48 96 64 84 96 89 49 59 8 63 68 77 5 72 62 35 18 20 29 81 15 92 79 65 55 6 77 26 49 46 23 79
83 78 46 1 88 47 11 2 18 10 64 29 43 72 9 6 8 33 67 7 41 79 42 14 33 16 88 12 62 63 23 37 87 73 45 85 71 8 40 84 83 47 19 17 28 41 2 75 97 20 97 22 86 86 38 58 44 24 39 64 89 94 5 12 45 76 62 65 44 80 34 61 42 46 73 26 27 98 39 67 52 42 99 21 39 44 50 56 79 65 74 61 38 52 61 88 24 66 89 33
91 35 94 5 61 18 34 53 43 82 17 80 62 71 65 1 84 14 81 79 0 65 72 15 68 60 55 4 58 13 55 76 8 97 65 61 21 77 23 99 56 89 82 99 31 11 55 5 46 88 16 95 36 27 15 69 46 5 89 80 51 15 0 39 65 58 16 41 29 35 52 82 89 45 15 46 97 43 82 0 60 14 5 64 6 23 72 29 24 25 93 79 9 54 60 10 90 11 34 35
55 13 25 85 96 98 26 47 73 97 16 74 72 48 77 66 71 34 14 21 37 11 44 91 95 86 99 32 74 15 47 53 94 85 64 22 78 39 93 30 15 54 20 58 56 25 71 56 8 94 52 68 36 37 6 37 8 43 42 37 12 84 72 87 54 42 61 26 23 44 8 43 20 61 3 78 63 62 1 36 6 74 1 96 38 21 97 5 94 76 51 11 52 96 87 0 63 84 51 72
72 42 63 3 37 82 5 24 88 85 35 59 95 82 68 62 3 5 81 7 70 5 22 76 88 33 32 43 13 34 15 16 5 11 46 63 15 70 2 53 73 74 12 57 92 92 63 13 37 57 81 60 81 13 95 3 63 44 27 91 16 82 5 62 60 96 79 9 70 62 40 9 21 42 73 89 77 98 43 60 20 9 27 99 85 50 10 46 3 31 24 8 94 46 95 57 71 53 64 79
75 3 92 74 48 33 23 23 91 92 70 88 58 9 17 4 55 65 68 9 79 62 77 37 89 67 59 6 36 17 68 11 82 91 37 40 49 50 14 30 61 67 2 82 59 3 10 61 7 74 31 22 87 11 40 13 1 21 68 13 0 97 23 10 66 51 73 9 98 1 58 20 51 45 6 86 39 42 43 45 63 36 37 63 60 16 91 5 49 64 18 54 79 94 56 48 88 31 43 14
70 78 61 84 32 30 96 77 44 14 75 27 24 67 51 86 97 70 79 75 59 95 82 62 92 45 46 78 91 23 97 71 81 54 84 79 87 87 96 74 9 97 46 8 79 73 27 84 29 33 98 72 73 45 83 50 30 94 98 87 18 13 70 50 68 9 28 25 29 45 29 69 30 46 77 74 36 11 8 78 94 70 82 44 92 97 98 48 46 81 49 60 56 48 92 73 77 82 41 33
57 26 32 77 70 94 83 85 78 71 45 26 54 12 30 77 29 24 82 78 70 65 1 79 3 39 19 42 89 44 59 55 25 94 91 19 84 87 12 74 41 87 39 56 21 43 54 60 3 55 18 38 45 67 69 40 59 77 92 80 66 99 62 64 43 41 7 26 72 38 15 89 20 71 14 34 22 18 50 75 48 66 96 23 97 38 61 5 49 85 16 13 20 7 63 52 2 82 82 69
58 9 38 46 2 74 8 43 79 94 96 7 49 96 11 69 24 54 87 65 61 88 68 62 10 39 13 60 24 89 35 14 91 18 34 10 22 67 97 97 20 94 77 89 7 88 89 17 7 32 83 39 18 7 31 69 65 46 40 27 34 43 39 1 72 70 9 10 37 56 35 80 10 1 31 61 22 54 42 7 57 78 65 95 67 87 49 45 28 64 9 69 60 8 85 50 8 13 87 64
40 9 26 1 13 59 20 63 7 64 37 95 71 54 13 92 2 40 11 47 28 36 7 77 59 42 70 89 89 21 1 41 85 23 20 84 71 23 32 48 25 67 2 97 30 70 67 56 4 15 58 71 75 65 52 49 66 17 9 10 89 96 10 45 47 3 31 79 19 11 1 19 49 24 51 52 11 6 65 71 7 2 11 77 84 85 29 36 64 78 76 50 95 5 41 21 96 76 80 97
14 0 53 95 51 83 33 17 23 53 89 99 97 46 34 41 19 66 52 24 90 20 65 92 59 33 54 86 9 19 68 70 93 33 84 3 12 62 11 87 79 85 50 29 24 99 14 26 65 34 46 30 56 89 82 0 75 63 34 92 98 26 68 40 62 58 53 85 60 66 59 32 82 50 89 44 50 92 65 78 21 25 60 34 97 13 53 68 83 89 9 4 65 89 46 67 99 93 6 44
33 33 91 67 39 89 5 19 14 29 66 57 29 60 1 28 46 52 67 6 94 37 91 10 83 4 5 68 91 10 27 5 61 94 11 44 4 82 11 40 25 11 12 75 12 42 94 93 37 81 36 38 44 32 40 55 4 13 55 73 91 50 3 5 84 66 89 70 40 17 16 49 81 81 2 80 49 83 67 98 25 88 86 38 73 71 59 97 84 57 8 19 3 59 33 7 85 66 59 49
11 78 20 16 14 1 41 46 72 56 65 35 35 6 70 81 21 34 8 91 45 64 97 53 91 54 38 38 52 55 51 47 96 73 53 32 54 42 74 5 83 66 79 59 40 64 6 23 66 14 47 96 49 55 20 72 11 5 21 54 66 1 36 87 30 71 22 33 25 10 45 86 5 52 11 74 57 68 37 10 66 75 2 9 11 85 12 86 69 53 29 32 13 72 6 67 66 72 94 42
61 96 78 97 52 16 57 31 75 0 26 0 42 29 56 22 23 94 35 98 9 44 60 79 19 47 70 98 68 5 98 41 53 39 82 18 23 64 19 54 99 49 66 26 82 46 66 5 13 99 3 21 17 93 78 73 13 64 87 76 27 40 55 65 12 32 85 26 24 92 38 94 29 65 14 70 61 86 5 15 25 97 25 11 56 71 67 30 17 80 9 72 96 38 30 25 64 40 92 47
18 77 57 3 57 35 64 69 3 53 27 28 24 7 72 28 28 21 99 91 49 61 64 49 59 17 15 51 71 45 65 23 89 6 3 37 92 88 27 49 51 76 61 97 26 21 74 24 53 88 35 35 70 5 52 6 20 45 29 65 70 24 33 17 44 29 0 83 9 21 47 73 72 18 23 34 56 95 39 51 79 91 45 19 40 75 71 42 18 61 49 73 43 38 20 32 34 26 4 11
25 54 42 25 86 6 65 20 26 55 0 2 18 2 59 43 4 67 72 52 66 19 64 87 8 62 7 60 96 17 60 48 95 10 64 16 17 85 33 36 43 34 79 64 3 64 38 39 10 3 32 43 16 54 52 73 40 26 9 61 27 78 92 84 38 14 88 9 68 5 65 22 36 28 87 13 70 28 70 85 37 45 53 75 51 78 88 15 15 90 86 52 81 99 11 95 89 23 27 77
30 20 2 59 15 84 41 19 70 14 95 43 66 35 92 30 99 99 69 19 73 40 74 40 89 52 49 95 67 80 69 85 1 27 36 79 51 8 11 84 1 98 55 24 59 62 8 3 70 64 70 24 13 9 43 63 6 96 21 15 82 94 39 88 47 17 71 94 79 0 85 4 66 28 59 79 75 52 42 21 25 28 22 57 16 27 76 69 79 0 11 3 53 38 92 68 71 57 16 60
31 10 70 52 58 58 91 10 7 85 15 83 64 48 18 96 82 91 79 13 49 96 79 51 61 81 21 84 23 99 5 51 92 29 4 93 67 12 24 10 42 32 52 29 42 4 40 67 98 60 13 76 67 47 99 45 20 41 99 55 22 9 31 77 79 93 9 18 18 72 72 30 49 27 39 31 7 36 13 68 36 80 50 22 41 57 20 45 81 62 42 62 12 23 21 9 47 20 54 2
24 91 63 63 89 51 94 12 67 23 86 10 69 32 56 65 11 87 48 84 52 20 94 79 38 30 21 42 20 68 53 97 72 29 36 64 55 54 68 86 78 66 32 91 9 98 97 70 40 11 58 96 51 45 46 27 47 80 16 74 45 22 83 38 34 16 62 84 32 89 72 28 62 18 83 87 85 65 73 74 40 88 30 67 75 83 69 58 18 9 71 17 76 0 29 79 96 42 94 37
83 84 30 64 42 17 79 78 26 43 74 39 15 65 9 11 5 66 81 53 13 3 96 27 74 90 57 56 21 65 39 90 61 29 52 90 14 62 48 90 86 14 60 23 31 99 89 75 28 20 33 55 55 72 39 67 46 9 1 73 32 53 56 74 48 94 34 12 29 6 12 63 84 0 74 77 18 8 25 60 86 92 24 27 30 65 2 83 91 86 91 12 18 45 79 25 14 65 87 15
13 72 13 53 71 65 66 72 84 47 65 78 50 4 41 27 15 91 82 16 86 75 91 67 70 37 64 48 8 18 86 58 8 99 70 46 28 34 58 45 67 8 16 26 20 29 16 13 29 86 40 36 93 86 75 11 38 97 61 8 62 2 47 83 31 11 58 9 79 42 22 73 2 44 23 87 50 96 21 77 13 84 87 98 84 44 14 76 18 1 14 40 38 57 26 67 70 8 7 54
35 3 87 71 20 21 84 60 95 19 81 95 29 33 9 23 3 77 2 67 56 98 83 91 81 58 47 83 97 89 37 41 64 11 72 19 69 91 81 7 90 49 5 10 92 20 98 10 41 23 99 98 87 93 90 86 10 76 51 94 4 94 10 90 84 56 44 5 59 92 45 35 43 50 61 35 18 27 28 66 44 65 98 53 89 65 93 11 31 72 75 71 76 72 7 35 77 78 97 3
31 76 37 91 63 7 53 85 5 19 41 66 44 91 24 69 68 1 86 34 71 10 47 34 74 75 36 86 39 35 65 69 59 56 62 96 10 51 43 28 30 43 66 33 15 77 49 52 70 59 17 40 39 1 19 21 52 79 57 33 42 99 46 67 67 84 1 92 67 13 83 68 85 61 58 50 52 99 41 11 8 57 41 96 17 66 13 79 98 25 37 58 28 81 67 15 76 46 73 18
42 3 83 49 21 11 67 88 76 64 29 15 27 85 87 42 69 29 98 81 99 89 33 88 32 77 62 58 75 94 19 17 89 10 99 85 30 83 30 68 66 73 1 88 86 41 61 2 78 28 92 70 28 78 88 58 18 37 79 72 19 90 15 55 61 35 41 13 49 28 83 42 17 3 26 10 65 96 65 25 8 64 86 23 63 43 69 14 52 68 13 79 46 86 2 80 79 42 20 75
81 86 7 3 15 18 90 60 0 82 50 49 91 59 97 47 24 31 14 27 93 49 63 4 28 20 55 94 39 35 3 22 54 49 95 13 45 2 75 76 40 1 80 91 39 48 44 96 40 47 15 43 13 85 16 42 41 43 57 56 29 61 8 45 95 35 39 67 25 20 47 36 34 66 39 61 81 1 44 8 37 50 20 49 37 72 50 61 58 70 18 9 83 44 11 25 32 0 50 71
57 1 82 77 37 61 47 97 23 55 45 81 54 73 63 73 13 99 70 23 73 54 9 31 51 29 93 19 26 65 99 54 8 49 3 24 44 32 11 35 38 85 72 57 84 68 17 3 6 68 63 33 48 85 18 13 6 67 94 63 17 77 82 97 18 77 56 55 51 96 99 97 73 94 6 45 35 68 77 28 13 43 81 13 82 17 37 59 57 17 7 97 6 84 13 94 29 64 0 87
34 81 34 2 93 28 80 59 25 91 56 17 10 18 46 1 8 17 78 13 11 73 90 28 56 49 41 33 41 46 31 84 63 88 18 6 34 17 10 90 95 51 21 5 15 16 88 74 15 41 97 12 35 16 6 2 19 74 90 5 92 16 23 97 33 78 83 70 0 40 46 93 47 3 46 20 89 15 95 94 92 33 66 62 65 97 82 15 88 62 27 35 65 67 0 21 20 84 58 45
63 16 43 10 10 17 87 28 43 86 99 88 1 52 50 37 27 33 2 37 79 95 50 45 16 47 30 85 72 51 73 88 12 23 65 7 33 66 91 99 93 73 81 39 76 19 21 11 82 44 19 73 25 42 10 30 33 45 42 59 11 97 76 0 4 32 12 43 95 46 22 5 18 89 8 14 35 94 92 4 8 98 91 38 12 89 47 71 12 99 76 95 68 0 85 91 59 78 68 66
