100 100
30 41 5 81 41 64 4 15 19 71 32 63 78 50 40 65 33 60 56 86 59 45 61 35 54 79 72 27 6 13 33 11 31 80 87 77 10 11 7 35 68 23 91 30 49 25 77 88 35 13 22 37 86 24 10 81 48 18 76 85 91 13 18 46 5 56 62 13 0 91 65 58 64 78 1 83 97 43 43 95 26 90 0 60 98 25 43 26 24 73 82 70 58 29 19 0 61 9 22 51
45 21 24 55 32 25 37 5 41 99 47 80 28 97 35 15 59 18 92 0 3 94 1 87 8 63 89 66 57 37 88 41 24 88 6 62 67 12 48 55 49 34 14 73 62 73 7 13 48 3 27 74 32 97 72 57 71 54 9 26 3 99 31 6 8 33 33 89 44 16 74 3 6 73 16 3 59 6 62 14 28 15 83 84 99 36 1 71 81 30 29 32 88 48 11 47 50 61 71 61
53 21 98 3 98 92 20 95 3 78 65 45 39 37 23 80 85 8 15 63 79 90 28 7 31 89 44 76 83 75 98 72 57 39 17 74 24 12 67 83 92 35 82 44 17 57 16 98 31 72 55 17 33 2 7 82 59 56 95 77 55 36 0 77 77 43 40 18 35 7 69 52 34 79 79 34 36 31 46 64 39 6 79 88 88 35 95 42 11 24 91 85 83 47 93 0 98 30 11 57
90 54 35 11 56 87 56 16 76 84 42 9 86 75 2 57 44 11 98 13 64 34 66 99 33 63 60 70 3 11 54 0 50 90 28 78 46 57 99 91 16 35 38 26 77 36 55 7 50 84 51 62 85 55 27 7 29 23 31 84 35 21 51 30 87 10 33 2 22 73 56 5 54 36 55 38 13 61 68 24 32 41 15 32 11 63 43 53 76 14 68 91 77 57 38 18 19 78 63 6
13 3 48 16 46 52 4 97 87 90 85 26 42 35 86 88 47 46 65 13 26 52 92 4 63 42 22 64 72 70 81 47 83 16 89 96 79 53 24 12 6 0 94 11 29 31 35 8 99 38 63 6 48 92 21 36 11 11 38 61 70 38 57 20 67 24 50 46 62 39 35 90 37 13 92 36 43 90 71 79 20 74 98 27 42 65 48 61 79 25 16 81 45 3 35 64 34 53 28 42
40 84 20 17 80 13 66 18 57 71 27 29 94 71 9 4 64 32 26 0 55 8 78 92 74 68 44 11 80 39 59 10 45 11 36 53 60 4 6 62 15 59 80 86 34 35 32 80 86 75 95 32 59 9 66 97 37 62 15 51 43 41 39 14 57 85 42 54 51 77 41 11 10 16 80 51 11 91 41 23 72 1 24 29 82 90 85 99 12 1 36 25 42 90 85 84 3 41 58 25
23 18 94 22 80 63 23 8 7 42 14 60 87 81 80 20 39 39 75 86 79 86 30 42 39 55 10 54 68 25 47 89 12 28 75 70 32 79 33 52 91 49 23 28 26 7 24 74 60 7 15 50 61 9 51 22 35 40 26 41 45 69 22 89 15 74 85 73 95 35 76 42 22 36 54 68 70 74 28 11 91 73 39 24 86 4 13 60 80 99 77 32 0 87 78 7 13 64 54 45
91 42 0 86 77 23 48 20 68 96 24 41 34 26 89 47 70 5 39 23 16 81 90 9 63 99 49 20 16 51 2 71 36 30 0 39 3 82 63 69 38 34 70 23 1 84 81 50 32 40 41 65 39 1 56 94 51 74 91 66 37 50 21 10 62 53 2 38 93 18 71 93 3 60 46 50 2 26 12 75 33 46 14 68 92 30 31 18 6 6 89 46 83 97 88 20 70 17 79 54
94 75 73 50 44 38 74 62 50 61 74 12 32 10 68 13 79 20 69 18 67 9 86 48 82 18 0 12 1 33 90 73 25 69 36 84 80 38 60 82 95 8 8 62 76 37 77 68 1 39 71 56 61 38 46 94 23 31 33 26 37 94 43 1 39 43 67 63 75 64 69 75 87 15 74 26 14 34 54 8 29 49 69 66 21 39 32 15 33 72 30 30 26 79 80 92 94 49 99 30
68 19 13 36 54 94 46 24 29 33 52 56 86 94 28 24 30 19 12 48 71 43 7 50 28 81 96 5 59 52 11 91 28 88 77 0 13 81 42 26 3 30 89 52 68 20 74 41 90 42 95 60 47 90 91 21 94 63 74 84 40 65 65 18 36 45 58 80 6 31 65 24 4 46 4 42 77 20 49 87 10 53 86 99 71 1 80 62 62 32 49 59 30 4 77 89 88 93 38 25
54 22 80 16 97 24 25 1 96 2 90 33 32 24 69 62 25 30 29 80 80 42 94 80 93 68 7 40 29 17 79 8 46 97 8 24 78 41 76 67 67 84 34 25 68 25 12 99 55 51 59 95 62 29 39 70 61 46 74 48 6 72 40 35 44 28 51 28 42 49 1 17 17 9 45 78 69 24 2 36 95 29 91 90 54 55 5 5 60 50 0 43 48 92 24 86 15 0 43 35
65 44 13 53 91 95 68 93 21 6 0 18 15 22 9 94 39 94 67 18 70 69 75 37 75 25 47 70 97 26 15 68 17 52 73 22 18 0 9 8 59 21 24 89 88 8 45 74 59 30 46 32 95 52 49 86 26 92 31 13 74 84 99 76 99 47 89 58 3 15 41 65 13 56 57 88 88 31 87 72 64 86 20 9 68 13 48 68 14 71 26 73 91 78 48 77 5 92 42 50
41 84 30 6 77 33 78 73 13 78 15 50 89 82 61 35 80 64 14 93 8 6 54 69 85 29 87 21 9 5 38 32 56 51 88 94 97 27 17 67 30 80 64 67 50 7 1 23 31 71 77 38 39 43 76 48 44 85 80 78 76 48 82 2 67 23 57 59 94 20 43 36 43 37 4 83 71 25 20 42 6 31 40 3 30 89 93 68 91 58 34 55 99 44 82 64 78 68 7 64
6 66 64 84 95 66 58 85 29 3 57 72 82 88 0 91 49 97 57 11 91 91 16 33 63 19 69 95 93 33 70 9 55 91 66 78 85 79 27 39 35 65 52 87 48 53 86 23 93 72 23 16 89 39 7 29 26 63 55 39 53 87 91 41 39 16 65 96 15 80 60 64 29 70 7 53 66 69 28 65 95 11 15 44 63 87 67 91 39 27 5 21 7 91 8 9 54 2 91 0
63 93 33 38 2 12 74 65 43 88 49 87 47 58 21 59 13 85 42 8 76 36 38 92 96 90 57 27 32 23 95 38 75 10 64 21 53 54 70 98 33 80 80 48 65 91 14 45 65 12 77 49 99 25 53 95 71 34 99 73 15 63 82 63 93 68 41 7 55 76 15 86 68 61 99 2 63 30 94 37 9 62 73 30 45 15 80 58 32 20 74 12 42 37 66 83 95 48 91 4
59 56 94 30 9 51 5 31 62 73 61 86 55 57 53 98 35 93 58 11 94 65 83 34 72 40 56 35 66 98 59 33 17 74 47 24 21 58 1 5 16 53 8 41 16 87 61 54 15 36 32 28 75 91 88 31 22 16 58 85 2 87 22 52 34 37 82 13 80 79 17 61 76 25 38 62 21 69 90 81 14 46 81 95 14 54 46 90 41 57 11 49 20 79 21 15 36 34 13 73
97 37 46 15 60 76 14 59 41 37 20 17 34 19 70 0 7 82 55 14 98 26 42 41 15 31 24 41 76 15 24 11 70 32 16 93 69 54 24 48 58 52 2 40 58 35 23 55 75 44 44 65 4 2 49 52 22 20 9 20 55 94 55 0 65 27 78 88 9 35 79 39 39 45 46 84 92 73 27 34 54 47 65 38 52 50 11 40 19 92 77 38 71 76 20 33 15 51 23 45
50 3 30 47 51 74 50 78 21 52 56 40 5 52 33 55 85 25 12 61 45 40 83 32 95 10 41 99 49 32 23 66 10 60 13 30 90 12 45 6 0 97 21 2 63 17 72 84 93 86 8 15 46 99 2 61 70 70 13 93 44 54 1 48 53 60 21 48 46 64 68 3 65 30 49 87 93 70 98 86 27 47 3 18 47 75 10 11 32 54 94 42 3 36 18 34 28 72 96 48
80 0 61 66 70 85 80 45 85 0 22 85 43 51 56 1 49 94 94 23 66 18 14 60 57 39 91 3 17 58 50 76 35 21 93 89 45 49 97 77 68 74 78 65 72 61 17 36 47 77 91 40 75 22 19 32 92 1 36 73 20 90 8 17 73 44 6 37 90 29 73 25 49 87 80 86 9 86 80 82 82 41 43 90 78 16 31 12 2 87 32 33 60 78 80 49 29 15 92 24
79 40 49 90 78 22 97 35 37 31 70 59 7 22 89 81 42 35 35 58 67 76 16 8 12 34 54 32 98 49 85 35 3 22 36 76 41 54 60 91 63 60 43 48 82 28 67 34 22 34 97 87 54 64 95 35 61 53 17 23 40 90 90 62 30 83 37 54 68 60 90 25 94 1 27 13 4 11 58 29 43 40 97 49 47 98 93 71 81 27 97 7 18 99 25 70 88 61 3 58
82 67 52 17 23 67 69 49 41 69 39 86 93 25 99 40 95 27 10 31 40 73 36 57 54 66 0 84 84 16 3 0 57 21 34 5 49 97 27 58 14 71 73 63 53 17 31 24 94 92 22 42 30 99 82 27 14 52 7 2 34 48 31 13 10 81 50 51 25 37 71 45 87 6 14 87 43 21 5 93 87 25 92 27 28 84 10 55 16 44 50 41 30 35 28 18 16 35 73 40
17 27 17 42 89 60 51 1 95 79 54 45 93 81 11 12 68 90 66 5 62 50 87 91 21 98 31 15 49 47 82 99 7 34 83 59 63 15 59 43 57 43 93 90 56 0 70 61 54 94 37 25 2 8 9 14 32 95 57 4 47 26 48 42 2 87 73 54 33 73 89 50 14 80 10 75 27 82 44 32 86 51 45 34 10 22 31 52 95 36 94 23 98 15 34 42 85 61 83 34
3 8 78 80 35 99 78 47 64 96 17 59 18 75 68 32 1 29 20 66 14 21 33 18 61 18 25 23 76 63 34 78 79 39 84 66 55 9 93 26 61 13 14 65 38 51 83 39 57 82 39 6 51 7 19 36 1 35 82 85 30 62 27 84 12 33 45 92 65 90 41 11 95 57 76 88 71 68 37 50 91 67 22 94 36 1 21 37 57 37 22 47 54 33 27 44 73 28 66 97
45 3 80 13 13 94 46 43 15 78 40 28 30 37 73 39 6 73 42 45 30 59 19 17 47 27 71 44 44 84 27 98 7 12 58 6 25 32 89 5 92 83 87 13 19 75 85 80 68 98 36 5 98 16 38 87 75 73 97 83 45 56 22 46 70 44 51 10 38 55 30 15 29 41 1 53 63 86 89 46 82 19 66 86 58 49 83 56 55 95 3 28 78 98 16 96 63 60 26 93
5 78 25 15 67 3 1 72 77 2 31 49 75 45 73 89 90 95 81 74 81 60 32 81 94 83 30 17 48 65 27 1 3 31 47 5 86 74 2 52 76 28 61 93 78 56 84 95 45 76 84 10 61 52 72 81 97 59 54 12 67 30 92 16 37 63 7 25 67 92 27 47 80 97 67 18 89 55 33 30 61 26 97 52 90 69 95 29 60 19 81 73 16 51 89 32 66 74 96 63
66 42 59 13 51 61 11 63 55 25 14 58 7 26 34 23 41 43 11 30 70 5 65 56 49 22 82 62 55 70 44 90 26 90 6 77 48 7 12 53 91 23 54 98 39 78 96 31 82 86 51 77 5 28 10 85 99 43 14 66 54 47 23 17 1 40 97 19 13 88 36 15 10 96 20 66 1 99 75 34 19 67 72 39 23 26 78 76 27 45 28 9 0 97 54 75 18 21 3 80
80 90 25 17 88 23 37 44 29 36 83 40 68 3 92 90 91 30 25 89 96 44 98 37 42 37 52 27 54 96 78 4 5 18 39 32 53 77 46 69 1 16 5 26 43 85 47 59 24 71 60 7 73 19 98 83 98 66 94 0 39 96 33 97 32 9 32 28 91 19 74 53 92 8 81 81 76 24 70 99 61 3 32 36 51 15 85 0 28 49 8 40 94 80 28 9 68 69 52 79
90 13 40 26 74 21 8 81 62 22 2 88 57 50 41 30 99 75 20 9 41 20 91 0 80 16 91 52 99 38 57 9 93 65 77 99 23 23 67 79 25 70 22 53 9 87 69 47 37 87 97 85 16 15 48 42 81 98 66 31 19 74 70 52 95 91 85 62 62 84 82 32 9 69 3 16 0 36 44 20 34 67 15 61 62 29 65 74 8 73 78 5 90 67 46 43 47 6 6 96
27 42 93 40 3 78 98 73 68 90 26 65 33 58 60 55 90 96 90 7 34 5 31 76 28 79 74 33 95 41 25 18 56 3 66 20 75 87 43 85 6 69 13 1 99 63 22 24 18 95 61 38 43 56 28 99 7 4 98 26 44 84 97 50 3 55 18 0 47 9 91 7 80 86 80 9 97 95 33 50 95 82 39 58 18 0 13 17 97 54 64 43 42 43 95 7 78 11 71 40
86 10 70 35 78 58 37 1 87 58 28 38 60 49 77 82 39 52 42 22 21 77 93 16 93 40 89 17 15 83 34 79 21 47 64 81 80 22 18 27 52 45 37 49 12 99 15 13 19 32 77 41 39 88 82 96 93 26 47 63 57 72 4 1 87 48 19 66 51 89 86 0 43 73 95 55 19 61 90 18 57 49 9 50 56 37 20 95 95 18 56 50 75 87 96 36 92 3 78 52
69 18 72 48 57 30 81 18 40 12 84 43 21 7 96 7 56 95 44 50 92 72 80 98 7 91 98 76 13 90 35 82 65 19 32 89 36 58 86 93 80 40 86 37 48 42 38 11 60 65 4 12 28 67 30 59 20 68 49 22 11 20 20 62 98 74 37 37 91 54 93 63 69 24 84 21 84 84 72 95 13 21 66 61 40 23 68 55 5 16 43 54 74 9 5 51 48 89 80 22
47 97 99 88 62 37 85 61 29 34 88 29 87 70 34 44 16 44 32 55 87 68 56 28 88 76 33 92 40 69 11 47 26 5 45 88 65 83 52 80 25 83 74 63 22 41 95 38 82 79 87 58 70 36 7 95 27 62 82 55 90 20 97 63 37 8 89 46 93 49 74 94 60 38 89 83 76 95 94 44 16 18 99 15 97 77 28 47 73 83 41 13 73 69 12 71 9 58 84 41
42 86 55 62 95 87 56 98 17 65 31 94 80 3 42 68 42 91 73 85 58 95 19 42 25 20 39 48 32 50 0 99 93 19 32 78 24 81 79 55 26 19 87 96 89 72 15 22 27 34 48 18 33 96 79 41 56 24 13 99 39 80 57 74 42 76 16 72 53 45 92 69 34 43 64 97 91 25 0 33 59 70 60 83 59 45 92 83 5 84 77 33 98 22 91 55 49 45 58 46
5 9 25 89 77 60 67 71 84 10 34 29 94 30 3 87 29 11 22 88 6 77 69 66 43 30 42 91 16 54 43 31 51 74 2 81 85 64 94 31 48 45 12 47 32 17 55 81 6 45 30 22 83 2 30 47 19 70 66 52 91 79 1 72 65 90 56 41 85 82 64 74 11 54 12 6 28 13 12 54 95 74 10 18 78 62 43 9 58 66 76 4 96 74 56 33 6 66 79 28
40 63 62 39 35 35 46 96 30 33 40 52 36 26 43 29 87 57 90 46 78 88 1 14 76 29 86 30 23 11 88 30 4 91 14 2 24 50 36 96 52 87 52 28 18 76 80 98 42 12 38 17 7 45 79 83 80 50 18 92 83 86 20 45 7 21 82 84 67 42 13 16 53 79 18 7 28 19 50 56 0 29 49 69 31 21 70 99 62 66 43 40 33 91 53 95 62 44 88 96
95 74 47 66 62 21 87 85 13 64 92 50 64 58 19 89 74 25 90 15 6 61 59 98 71 77 50 62 2 71 63 99 68 94 94 46 10 80 45 46 79 60 9 87 36 2 31 85 89 69 79 57 85 26 36 25 61 76 27 47 37 49 16 94 92 29 74 62 2 46 95 12 4 40 56 9 80 36 47 82 88 73 86 52 31 48 8 73 58 65 53 58 36 98 39 38 50 99 71 75
1 27 58 9 83 93 41 93 22 63 14 52 92 91 87 81 42 10 89 66 66 47 61 20 40 71 20 81 64 55 59 61 46 65 1 67 97 64 63 71 74 86 4 65 0 64 17 63 8 25 17 17 16 61 1 12 90 45 0 33 86 50 52 6 91 81 97 35 7 72 63 84 74 7 68 66 92 4 39 58 64 91 18 51 75 19 3 28 89 32 39 49 9 26 83 24 71 47 98 31
67 59 11 49 62 57 24 76 55 87 30 94 67 74 95 70 73 62 79 60 88 15 18 47 98 31 1 99 90 76 41 10 73 64 11 63 74 40 70 18 28 91 94 27 98 14 53 30 62 48 33 13 90 15 58 43 59 58 0 50 39 41 79 59 27 14 34 23 64 12 16 70 79 44 0 14 91 56 30 56 94 58 15 41 85 73 73 22 23 13 68 29 32 22 32 21 32 52 74 78
50 81 45 42 4 3 49 27 83 4 72 69 28 34 85 5 12 69 37 20 57 7 61 29 74 70 68 35 11 84 30 98 84 29 98 76 50 58 57 72 93 7 20 45 59 33 10 60 37 52 86 40 2 66 11 38 51 6 4 11 46 43 15 77 52 65 86 74 67 59 73 54 27 62 28 1 75 18 81 67 68 9 38 96 33 78 43 95 41 38 40 24 51 96 87 53 89 2 21 49
80 72 13 48 99 47 3 99 39 65 60 30 83 51 42 70 51 54 31 89 60 1 9 32 63 62 7 59 32 51 83 1 89 53 29 12 89 75 73 81 90 96 52 55 92 23 52 5 86 23 75 76 22 33 57 26 58 55 17 96 87 51 99 21 92 55 92 9 19 78 79 28 79 38 93 36 20 45 23 21 42 44 97 19 31 62 49 96 96 63 54 30 24 17 55 15 38 55 8 68
54 13 91 39 18 10 74 67 16 72 32 50 55 48 72 55 96 30 94 29 92 39 77 17 3 16 35 57 98 5 57 59 31 92 47 44 69 33 87 79 86 83 31 1 82 6 73 90 70 34 2 29 3 28 25 52 16 68 75 67 65 14 53 2 11 39 23 32 42 61 91 99 51 94 15 53 7 14 56 14 16 95 63 61 51 9 1 40 61 69 53 8 78 49 38 93 57 71 24 12
30 43 9 36 33 93 21 64 87 17 49 45 96 53 50 24 63 72 77 99 34 42 98 18 73 64 89 63 34 5 98 97 61 7 45 95 62 6 52 13 7 40 89 94 88 86 47 44 40 10 29 78 58 11 24 60 56 51 61 53 41 90 81 7 84 68 32 9 10 83 25 65 67 64 65 59 22 51 7 97 53 46 88 10 18 5 91 96 3 22 48 22 58 61 59 7 69 66 1 3
49 11 41 57 99 7 99 43 49 56 25 49 55 74 31 83 45 77 92 93 81 9 75 76 27 22 64 61 41 22 73 79 36 49 84 15 97 47 45 94 29 55 48 35 29 38 81 41 0 61 60 46 5 95 5 23 55 53 89 20 33 23 82 26 21 96 47 91 84 60 11 75 46 61 0 46 57 23 41 4 4 40 5 32 3 65 82 51 38 39 29 22 68 34 15 59 82 73 73 31
98 84 18 51 47 95 37 54 5 80 53 20 80 52 76 84 22 84 95 37 17 30 46 34 68 28 89 78 80 39 36 59 1 13 70 15 9 55 27 57 53 72 79 36 27 12 43 97 51 2 63 72 53 19 64 3 75 52 37 51 47 28 31 94 17 10 54 22 30 6 54 48 26 47 7 98 10 64 9 49 67 82 50 17 31 48 84 42 19 3 35 32 93 11 1 89 98 51 72 61
38 1 44 12 73 33 84 74 91 52 44 59 13 52 6 87 86 43 22 37 88 47 42 91 38 83 86 96 3 85 85 45 39 28 24 45 51 63 74 3 66 25 49 59 97 84 26 49 56 67 83 81 39 44 71 78 74 77 92 52 18 33 94 31 74 70 97 1 49 17 39 67 42 60 35 95 13 96 38 58 63 3 46 31 28 15 84 10 47 2 90 96 86 94 38 58 15 11 47 59
29 2 45 92 30 13 40 60 96 83 24 6 7 61 82 90 64 23 13 76 63 4 40 9 72 94 20 18 79 45 68 25 92 39 0 70 67 92 59 38 89 68 48 7 2 5 98 17 92 82 1 82 28 53 38 74 52 49 59 48 62 22 20 45 76 93 1 8 65 58 5 84 50 80 28 0 24 16 0 59 95 92 73 5 0 58 89 71 20 52 67 44 14 21 6 54 70 18 25 0
76 52 99 28 71 58 18 76 89 69 87 8 27 2 34 82 77 3 4 85 28 96 47 8 20 41 74 47 58 24 33 28 96 42 74 98 29 80 26 36 58 38 68 84 71 88 85 20 5 11 24 48 46 7 19 12 20 16 52 74 87 82 2 85 79 2 15 73 60 16 49 72 59 33 99 46 13 67 66 33 10 30 65 6 52 15 75 90 47 68 95 57 61 41 81 20 87 7 14 60
59 3 41 68 46 52 56 20 53 31 32 2 59 46 95 4 40 45 49 58 93 67 70 43 60 74 76 18 62 64 63 94 5 54 94 30 71 61 22 60 34 6 41 64 40 21 29 99 58 27 23 55 96 28 55 66 78 54 54 94 19 55 56 69 6 80 60 45 89 5 4 33 98 34 77 16 77 54 52 6 72 43 50 8 61 33 71 47 99 48 77 15 70 20 29 83 81 50 81 57
86 37 76 20 65 88 96 61 56 73 66 55 50 90 6 29 93 70 38 15 82 40 61 55 68 51 21 21 51 61 58 72 30 74 45 56 40 1 91 59 90 43 65 83 75 71 65 28 66 5 48 49 84 79 51 61 81 20 56 52 70 49 41 89 50 78 41 83 43 27 91 21 0 3 32 50 82 10 0 56 13 73 73 51 3 48 38 57 84 27 55 61 69 14 33 56 34 63 36 38
65 30 78 15 23 36 60 76 18 94 9 76 39 1 95 42 43 64 84 67 85 80 70 93 34 72 40 47 65 29 85 55 48 85 34 4 46 46 2 3 33 38 69 49 63 48 56 79 10 97 80 59 67 87 47 36 5 33 27 67 64 11 89 2 91 20 6 9 69 80 42 90 88 77 6 58 80 75 43 5 29 21 32 23 63 89 9 22 99 9 6 84 74 71 91 37 81 72 9 89
80 59 94 22 91 79 99 46 56 41 84 16 88 83 64 71 48 5 66 49 59 37 57 83 59 92 92 93 46 71 35 59 73 44 23 51 65 87 7 82 36 17 84 56 2 0 51 52 65 11 53 40 28 34 55 44 33 22 88 83 41 53 6 22 74 24 98 61 26 88 19 59 90 35 77 41 13 83 78 13 66 35 85 11 53 75 45 49 13 20 43 35 47 90 41 30 6 25 55 55
3 97 29 7 76 56 2 1 2 80 22 60 87 88 50 82 3 97 20 10 95 42 76 50 7 50 50 73 67 53 6 71 69 79 35 33 29 59 11 52 36 53 55 67 44 8 10 95 21 28 44 26 56 49 78 83 76 88 52 87 44 50 53 22 7 87 72 97 75 66 97 92 31 72 81 91 51 41 45 71 99 37 81 61 83 34 55 52 9 45 25 90 43 89 40 57 93 28 54 95
75 82 45 19 54 38 91 29 71 37 7 87 77 15 66 49 25 82 94 73 60 90 69 47 48 79 24 53 11 51 57 79 86 66 16 78 30 28 46 82 81 77 9 73 67 77 89 24 71 49 54 15 14 80 7 49 7 10 76 27 87 70 14 5 53 23 47 33 94 70 83 62 76 23 33 43 1 92 11 76 50 68 83 82 47 37 97 32 39 9 98 77 55 96 47 91 23 25 82 58
55 37 47 10 83 91 65 45 8 33 0 27 61 85 60 26 99 66 87 7 67 33 77 46 38 10 11 16 85 52 25 63 89 71 51 50 10 54 59 38 12 58 96 41 26 9 58 75 86 84 74 25 78 77 53 10 66 48 78 35 35 64 20 34 59 32 52 55 20 66 17 95 54 12 98 49 63 98 42 91 29 82 4 60 8 14 20 91 7 20 30 21 67 92 53 8 56 62 67 52
22 12 4 24 47 56 79 9 94 61 80 59 7 9 95 21 45 60 46 2 32 52 89 34 87 59 85 65 68 93 97 43 96 81 79 28 45 20 25 81 70 96 85 86 39 80 72 89 72 56 22 3 5 47 69 10 53 24 1 50 73 59 87 54 37 70 59 77 43 81 94 32 21 39 86 40 93 12 46 78 16 85 36 97 86 80 47 83 39 47 92 18 58 50 10 6 29 9 3 7
5 63 9 70 38 50 13 8 10 85 4 20 38 7 70 39 76 11 70 21 26 89 59 7 60 80 73 19 36 5 19 54 9 74 71 94 72 17 19 73 64 23 29 76 39 25 20 80 77 29 75 99 19 25 43 27 36 85 47 31 29 25 5 99 24 49 94 78 65 91 19 30 44 4 46 73 95 68 48 28 74 14 46 91 81 92 73 86 54 46 26 48 29 90 5 48 8 35 72 71
96 37 56 13 53 98 89 63 16 6 54 35 54 29 83 82 6 56 54 36 15 36 11 16 79 5 97 32 34 93 65 33 67 18 94 56 48 23 0 14 27 90 68 19 36 37 10 15 2 4 65 38 90 88 12 24 41 6 99 35 36 21 14 84 98 3 34 74 84 29 45 14 79 10 83 94 40 41 94 59 9 69 87 63 94 99 87 22 14 34 10 46 88 17 77 85 58 97 55 72
7 13 58 13 84 85 94 40 67 48 2 96 39 66 64 8 76 45 91 73 85 39 67 33 97 49 97 46 18 95 80 77 50 44 14 81 69 76 74 92 15 63 72 44 40 67 74 46 38 33 67 25 94 3 29 49 36 60 85 52 26 68 71 97 67 33 22 94 66 22 72 50 14 2 18 95 87 91 37 90 75 71 45 11 38 88 89 53 83 0 36 22 13 63 39 4 90 10 45 47
13 5 35 21 89 34 52 87 95 26 45 97 50 64 79 71 86 16 12 67 5 73 69 83 15 43 94 42 8 35 42 87 97 35 58 86 46 47 38 90 63 70 12 80 80 36 4 1 28 64 90 49 51 22 87 79 31 36 2 56 72 35 42 78 3 63 53 83 82 36 66 29 33 0 60 59 56 82 15 28 43 94 29 99 79 27 66 2 97 17 85 56 26 62 34 83 6 21 48 25
28 23 53 25 86 69 12 29 91 31 77 6 0 97 61 79 3 35 72 40 91 19 32 97 64 76 93 79 74 83 13 40 4 96 71 57 53 22 34 56 80 52 58 40 77 74 79 70 71 14 95 66 57 61 43 87 8 56 17 89 4 51 3 32 8 71 95 64 55 41 77 96 99 69 80 38 5 34 96 49 62 30 14 36 61 5 95 18 17 35 2 45 81 70 34 71 29 90 81 52
72 12 66 44 20 12 11 79 43 18 28 84 9 51 85 19 66 35 33 27 14 58 34 75 61 65 79 12 84 30 64 45 26 22 97 1 57 89 63 17 72 48 11 71 52 76 58 58 35 69 88 79 43 69 12 13 80 2 92 24 78 48 89 46 2 74 68 70 31 79 28 99 15 8 29 76 8 85 7 42 60 85 15 71 51 15 86 34 87 79 54 67 92 43 55 33 88 35 36 78
64 60 36 20 87 38 80 18 75 22 3 16 13 79 65 70 91 88 35 17 2 35 49 68 95 53 0 75 33 2 92 20 98 49 35 89 63 59 56 66 51 92 97 8 22 47 71 68 55 78 55 31 5 88 58 47 78 62 90 73 47 97 65 29 39 82 2 35 74 30 58 71 88 98 32 85 77 91 67 64 26 62 83 43 36 3 84 47 22 49 57 30 5 86 56 74 20 4 67 25
31 14 29 13 65 84 86 33 54 51 31 74 65 9 37 57 36 70 99 4 77 47 41 41 98 20 85 78 1 93 81 16 69 85 13 79 85 21 34 61 71 59 49 64 8 20 90 75 2 26 16 33 82 40 71 12 89 8 77 61 82 10 89 25 18 50 43 66 2 8 32 32 61 25 7 6 4 83 64 83 72 86 91 43 95 73 62 0 9 10 59 19 47 68 41 33 0 0 50 7
70 98 37 16 78 37 9 62 68 58 48 58 33 9 39 79 57 96 46 85 66 54 96 9 36 28 26 1 52 83 97 20 16 54 42 71 24 97 16 93 58 89 41 12 55 86 86 79 80 29 16 54 92 79 39 76 31 23 25 27 67 9 42 90 41 27 37 48 0 78 15 90 88 37 26 43 51 48 42 72 60 53 9 28 2 8 8 97 81 6 95 13 71 69 21 66 40 56 3 20
83 99 10 32 51 39 63 32 58 11 97 85 8 25 2 97 88 39 92 52 39 20 76 65 17 89 58 90 60 0 21 37 32 40 35 72 80 91 7 45 47 30 45 86 20 20 39 90 31 63 85 15 37 95 26 19 2 5 2 48 65 91 11 6 11 67 3 40 25 63 54 72 58 96 30 49 56 95 84 68 42 11 32 82 71 70 72 87 23 61 88 44 41 10 98 95 44 90 63 80
61 26 11 91 57 39 20 39 58 81 94 40 27 20 13 10 26 41 98 33 36 38 19 10 18 91 98 64 94 48 1 6 18 19 88 50 20 74 8 28 82 97 21 6 79 27 45 90 16 32 48 67 64 97 77 20 20 51 30 21 59 7 48 85 34 26 23 80 41 57 27 37 63 93 38 24 88 90 12 42 51 94 60 75 8 63 62 55 39 38 59 97 9 2 29 45 41 92 19 31
69 78 4 96 2 16 91 2 87 31 18 36 33 23 25 61 1 17 48 70 37 19 56 56 28 83 24 10 64 54 22 32 63 70 33 36 73 98 71 15 11 2 67 36 70 10 65 25 74 28 69 98 63 72 84 20 2 4 60 53 59 0 10 78 76 46 67 2 68 74 22 49 92 83 67 74 25 14 44 60 56 97 30 80 13 21 19 30 12 26 33 83 59 57 13 40 65 66 48 92
52 20 58 67 70 0 58 39 79 55 95 76 91 37 45 14 94 89 81 20 67 49 41 55 65 95 60 3 26 21 48 22 50 23 21 1 36 66 66 4 24 39 84 46 89 71 92 30 31 73 0 24 56 68 59 94 43 68 48 25 49 45 48 14 65 69 53 70 94 52 85 67 84 5 87 85 94 55 1 95 84 51 7 6 22 53 24 64 61 67 34 25 5 56 31 10 9 57 98 21
56 81 76 23 59 95 99 44 80 32 63 38 7 7 42 15 71 61 54 42 41 10 58 91 53 16 8 15 64 45 30 0 49 48 0 62 88 53 67 33 73 6 70 3 13 85 97 63 90 58 90 31 38 47 87 19 74 19 61 54 76 9 0 38 62 59 69 83 46 44 44 73 0 40 68 23 77 69 77 33 10 85 64 91 50 97 83 73 30 4 24 69 58 41 14 74 8 7 30 45
61 8 73 67 54 82 46 23 63 85 90 4 75 33 84 98 47 9 99 71 48 92 70 28 34 58 34 95 16 59 61 37 56 21 97 2 97 17 48 48 69 28 58 13 47 51 59 25 24 41 97 96 26 51 45 63 95 47 3 3 40 79 9 69 21 3 87 65 75 42 5 14 2 18 58 27 38 78 34 53 85 75 95 32 72 78 7 42 91 29 97 9 7 71 36 99 99 32 98 2
68 61 96 83 82 76 84 51 55 1 61 99 47 50 35 24 58 19 3 48 40 50 0 46 78 46 4 71 13 94 58 81 62 17 36 65 59 26 35 60 82 31 88 80 69 19 79 67 5 1 66 2 63 99 5 18 35 20 77 92 0 58 67 99 42 38 81 49 67 29 30 52 83 15 75 91 12 36 27 14 91 96 36 95 52 43 40 61 2 29 48 25 86 66 35 1 14 13 68 47
99 30 43 25 24 65 36 16 14 66 61 14 89 11 12 57 48 99 19 38 81 72 94 6 76 62 37 28 53 93 75 79 3 37 72 88 34 12 9 59 1 16 19 71 20 96 19 44 63 21 18 58 19 86 58 96 72 34 95 95 72 15 1 66 8 29 22 83 75 92 42 1 14 99 84 32 38 86 12 54 6 16 75 14 94 33 50 46 18 88 84 84 22 51 84 65 74 79 21 47
47 51 12 88 63 14 7 97 42 63 93 63 56 88 18 55 35 22 75 95 65 46 66 72 7 86 29 15 65 10 58 88 17 72 68 33 15 59 51 56 6 39 63 93 38 98 13 74 60 53 91 89 66 65 48 77 36 17 75 16 50 72 46 90 70 39 95 51 91 65 60 50 39 74 91 97 43 61 42 29 40 85 84 27 94 88 62 32 89 77 73 29 24 45 10 44 85 10 6 19
0 53 56 53 71 13 16 77 61 56 2 83 89 31 73 34 86 12 71 85 20 85 4 6 61 70 2 1 41 30 61 56 98 21 54 91 56 45 67 21 44 71 34 71 81 75 43 51 8 87 5 20 71 22 6 38 89 98 38 55 40 60 5 32 61 51 11 71 13 93 11 67 91 66 70 93 88 16 92 59 52 39 16 7 23 34 43 33 82 72 63 43 65 32 37 1 0 48 93 43
76 28 25 95 62 67 13 34 43 41 17 25 51 13 58 76 65 50 83 18 95 27 34 79 52 31 99 59 81 94 73 91 88 3 98 37 16 77 32 0 37 12 10 71 23 50 99 14 90 38 12 67 4 20 43 7 94 5 95 27 91 36 44 39 0 20 47 18 66 20 97 93 26 91 97 67 39 80 49 92 20 79 68 48 85 84 47 82 72 89 32 58 9 93 73 87 12 13 70 21
76 6 19 95 74 80 83 59 17 48 20 8 44 66 3 6 14 5 33 71 3 68 86 72 21 96 62 77 26 63 18 76 65 23 35 93 21 91 37 4 39 56 4 64 0 28 63 58 88 25 10 88 18 56 93 10 42 38 46 73 34 38 89 73 45 50 4 17 68 40 92 50 94 38 85 66 62 83 7 27 77 70 20 46 68 2 66 23 76 67 15 75 25 50 58 2 87 99 33 7
95 67 76 24 48 57 69 44 65 11 35 87 96 5 75 36 46 21 37 73 98 93 55 57 17 46 16 16 3 81 31 7 98 77 67 59 33 27 39 3 52 56 50 44 9 12 21 35 45 52 24 70 55 20 19 22 20 22 49 24 60 99 82 83 60 12 70 33 71 59 43 94 44 49 44 34 46 89 31 32 32 37 19 31 0 7 22 96 16 58 35 97 16 57 45 61 33 42 20 44
10 32 93 16 36 59 11 53 58 86 10 85 51 29 10 59 46 55 61 32 67 79 64 19 85 9 85 1 58 87 15 4 98 93 4 38 19 68 74 8 91 50 41 0 50 24 17 54 49 13 57 49 53 50 87 39 18 18 18 82 6 56 67 59 73 77 49 46 23 70 57 93 83 8 45 37 35 15 64 44 10 13 28 95 27 78 91 69 20 51 89 26 37 22 81 34 83 55 39 17
96 1 58 89 87 71 67 37 47 77 64 45 7 30 83 29 0 60 94 94 84 93 76 35 97 12 62 6 26 4 33 22 90 81 69 94 27 58 95 82 63 67 43 42 51 70 38 34 49 38 67 12 53 88 9 62 28 25 39 94 22 6 69 43 90 96 6 73 65 54 95 68 25 64 74 97 68 71 66 55 54 89 86 97 9 3 30 99 9 80 23 88 2 69 21 24 58 94 71 34
3 84 73 14 93 18 50 84 2 47 62 55 49 40 0 93 83 24 60 0 23 79 84 84 31 74 80 46 1 14 37 30 9 18 68 93 19 34 71 43 46 41 43 7 15 3 34 20 91 64 5 19 45 7 57 64 45 47 64 25 72 32 56 87 65 1 60 83 54 79 62 69 98 11 60 2 82 37 5 21 97 10 80 78 57 48 70 86 23 58 49 35 88 37 0 54 39 4 11 48
71 14 16 13 43 42 50 82 67 38 75 22 2 87 62 61 88 26 95 3 82 39 23 55 79 35 16 82 90 2 31 45 22 46 58 19 56 76 2 7 27 50 22 22 50 47 63 30 80 79 33 14 90 34 74 46 55 67 11 21 84 79 62 52 12 17 38 82 34 77 52 39 51 3 39 6 71 87 33 67 78 51 13 31 11 70 91 47 5 68 68 52 54 54 91 22 2 2 47 29
53 10 2 49 60 74 54 87 40 87 85 40 42 9 23 73 76 53 1 98 20 32 75 36 63 37 95 63 38 45 58 28 44 54 66 60 49 80 80 68 61 80 46 0 90 88 64 91 70 94 23 92 34 21 87 89 13 3 95 46 3 15 95 22 4 35 40 1 37 83 89 31 87 38 33 95 64 61 29 7 57 50 53 43 0 85 15 89 62 2 54 30 92 88 21 84 22 85 95 99
57 33 4 54 47 91 53 9 14 31 5 93 19 99 66 92 85 14 29 96 78 80 81 20 17 50 57 2 39 30 97 86 65 29 29 44 15 67 30 38 21 53 7 56 23 40 55 23 89 13 1 10 12 35 78 47 35 33 22 88 25 93 52 38 68 6 92 10 93 55 57 72 31 73 26 67 18 8 84 16 93 1 59 41 95 99 96 69 98 66 0 7 85 37 76 31 89 48 21 44
24 2 69 22 20 0 13 4 50 28 68 19 31 37 78 19 68 34 28 5 31 61 33 40 92 14 90 35 46 28 37 39 30 20 45 54 90 1 78 19 5 81 87 47 83 70 85 11 23 65 23 89 38 19 35 62 39 61 38 17 64 64 81 28 72 35 35 62 76 15 24 37 80 8 12 7 1 14 96 80 86 35 21 48 22 56 35 53 23 0 31 83 6 16 62 49 39 48 10 58
91 4 99 77 74 23 64 43 51 48 79 61 11 76 15 7 47 68 43 30 48 77 21 35 33 89 26 31 54 28 38 90 89 15 73 95 4 67 96 11 86 41 34 57 5 20 48 22 6 4 42 6 59 21 91 60 90 79 58 10 21 25 83 83 58 77 45 55 52 80 1 81 41 3 10 73 77 23 16 28 32 77 3 71 91 28 77 39 10 28 0 71 76 13 36 6 28 20 71 24
32 91 45 56 57 60 32 61 17 19 12 29 17 95 31 99 57 70 12 84 50 19 4 7 82 55 61 68 20 20 17 95 80 48 20 20 25 52 69 4 87 97 91 92 72 18 24 87 49 31 95 98 52 82 1 10 36 96 70 31 3 62 40 28 78 62 31 17 55 59 15 10 53 8 52 84 99 34 71 5 71 66 86 62 22 37 0 89 9 72 31 54 88 43 89 27 89 76 0 45
77 55 1 44 29 89 58 25 98 73 66 84 92 83 28 47 43 51 12 2 3 59 86 62 44 83 38 27 33 66 99 81 60 76 27 77 57 19 70 65 90 33 50 22 29 55 87 48 4 33 94 27 45 35 5 34 35 71 36 22 77 63 8 27 56 26 28 64 99 97 13 92 73 39 76 17 51 56 26 46 66 38 27 48 92 68 64 24 84 39 89 4 49 97 94 89 76 1 53 45
67 41 61 63 96 23 3 27 11 16 96 94 37 11 9 67 73 38 42 3 69 46 62 40 89 69 25 72 81 35 81 72 70 24 56 54 65 31 10 48 99 10 60 27 88 49 81 49 46 70 50 24 31 6 9 62 10 54 92 1 7 80 52 61 90 19 40 43 69 54 39 30 26 63 33 2 80 83 73 79 89 7 80 16 19 28 28 90 96 13 77 75 10 6 28 67 78 85 23 15
30 84 63 99 27 88 53 53 31 0 76 58 9 98 82 2 50 82 38 77 17 51 25 38 35 21 81 88 81 64 70 91 87 96 74 26 92 45 79 80 91 70 44 13 82 11 62 39 5 99 82 78 72 78 61 76 17 26 99 89 93 11 14 81 90 55 0 2 24 24 6 63 56 18 10 37 10 77 14 86 39 86 62 48 59 16 13 43 98 90 26 58 23 50 94 67 33 46 52 50
14 56 11 93 2 6 42 52 13 55 65 0 23 70 86 61 69 13 75 9 73 46 18 76 3 48 19 7 5 31 81 55 54 45 26 35 39 46 6 3 37 23 52 47 9 68 49 55 99 96 87 31 67 21 30 26 4 21 56 63 69 29 78 26 62 31 26 16 99 41 74 65 92 92 26 48 18 79 41 3 1 38 43 56 23 83 28 14 91 61 45 57 60 26 87 75 37 71 55 31
46 42 39 89 16 49 76 46 60 7 69 8 46 59 22 41 28 17 20 23 93 92 35 52 18 1 46 26 46 53 68 87 3 44 65 60 57 21 76 98 66 97 20 24 19 45 47 3 60 24 21 90 8 42 49 52 37 87 55 48 22 24 0 55 17 88 63 91 90 68 70 93 61 14 29 1 36 98 63 92 55 50 34 8 22 54 71 40 42 51 65 16 0 56 62 64 41 8 84 36
51 93 62 92 49 30 94 57 88 3 51 90 9 30 65 49 60 7 61 25 94 99 99 88 69 26 58 4 41 87 43 26 97 93 50 98 28 42 96 68 9 32 54 34 93 69 54 21 61 75 93 25 16 9 89 17 55 27 34 71 30 49 71 38 0 12 75 47 34 21 60 97 67 60 34 66 3 38 35 42 77 2 16 73 45 85 44 83 26 4 44 20 31 71 80 80 48 44 94 25
0 78 28 33 87 14 62 3 32 0 26 40 98 6 47 44 11 43 42 51 20 10 47 57 54 16 69 9 93 39 85 10 53 57 69 60 88 45 14 40 61 63 35 83 98 6 79 13 38 11 48 53 6 94 23 47 9 1 39 67 4 50 68 42 20 56 2 61 54 27 12 71 86 51 97 28 15 79 25 30 71 66 51 99 59 9 23 49 40 84 48 45 58 96 60 11 78 69 55 30
29 75 77 37 63 5 34 0 45 34 76 31 30 87 36 4 68 44 34 80 80 73 79 75 54 51 52 77 12 55 40 19 32 95 11 3 76 12 38 91 70 18 94 62 88 39 71 52 68 89 76 0 38 67 38 43 43 66 3 15 4 34 62 13 0 54 6 50 36 49 86 89 4 41 20 38 69 74 26 76 93 14 20 21 8 18 79 27 97 2 74 74 56 3 41 21 60 80 75 6
1 63 71 28 71 33 19 22 83 70 12 65 57 83 36 47 0 17 50 62 90 1 73 77 21 83 72 97 16 79 9 90 22 68 66 67 1 21 39 25 71 82 53 0 61 84 57 31 0 7 68 28 15 75 34 37 73 82 3 86 71 87 60 87 18 72 3 88 56 31 99 43 86 24 71 8 23 92 78 63 55 24 12 68 16 21 17 96 95 98 36 95 73 39 48 45 66 27 91 26
80 17 6 8 95 78 6 50 32 52 78 82 79 55 52 21 54 64 32 94 96 28 59 88 74 68 90 2 26 2 46 19 71 14 89 69 8 21 57 24 32 90 55 10 89 27 91 93 91 19 95 63 48 20 98 5 33 24 64 29 86 87 54 84 83 18 66 93 26 85 47 99 23 43 6 14 64 20 43 40 2 86 98 41 53 37 98 11 26 25 83 9 35 13 54 21 47 85 30 0
25 39 18 75 96 25 17 91 25 7 26 86 15 64 14 19 33 51 25 62 96 25 9 34 57 6 49 39 26 65 64 17 51 90 45 65 84 7 82 81 48 12 86 62 67 88 19 2 44 65 98 3 16 12 80 27 52 62 43 4 82 50 78 53 54 20 75 2 49 26 49 3 97 0 50 66 96 3 49 7 15 54 37 89 83 35 71 89 84 45 99 23 81 55 73 11 36 41 0 72
81 23 89 13 79 91 89 59 52 45 67 78 16 34 51 28 38 41 74 80 53 12 24 38 14 21 31 10 30 73 44 73 31 0 91 93 32 94 24 74 31 66 75 25 45 60 32 52 8 56 5 7 87 67 84 56 48 41 24 47 5 55 77 98 68 6 82 62 31 73 47 57 39 67 29 0 46 36 92 16 74 78 37 57 66 31 32 3 1 18 57 72 87 74 65 40 58 43 71 9
25 34 65 30 79 68 96 78 44 70 15 13 63 1 58 40 70 45 72 95 39 37 29 94 18 20 28 30 71 5 19 58 90 34 76 81 63 98 30 85 15 32 30 22 69 57 49 65 46 96 47 47 2 75 24 12 31 71 35 90 7 35 32 52 19 23 67 80 46 11 70 33 74 57 26 81 91 95 98 35 8 62 44 93 52 23 18 70 52 96 22 19 60 9 84 64 27 7 37 15
91 25 69 88 90 58 72 76 8 73 26 76 55 95 33 39 50 43 25 32 25 88 31 99 90 49 58 32 84 31 40 57 55 90 41 68 24 71 72 68 66 82 46 83 19 14 24 45 51 44 56 95 72 20 76 28 34 51 20 24 77 95 64 50 0 76 41 54 97 27 51 35 0 91 47 89 38 34 56 19 34 88 10 10 62 27 38 82 34 51 7 19 92 91 27 26 30 93 62 33
