100 100
52 36 16 0 30 30 6 82 93 72 63 44 91 11 72 37 37 67 12 12 59 13 9 22 26 60 35 82 58 72 58 44 20 89 61 85 8 87 59 23 28 56 21 37 76 21 66 8 84 26 42 45 5 98 3 91 79 53 97 5 73 99 66 21 83 23 76 77 32 73 58 60 36 66 23 89 94 3 9 3 86 73 79 33 76 3 31 64 3 15 94 32 40 32 92 12 0 68 20 9
64 59 35 95 28 64 3 69 35 97 46 81 42 39 10 79 67 7 67 23 50 59 82 33 63 43 11 19 85 14 95 93 91 61 95 8 68 31 57 76 33 46 44 46 55 58 90 21 26 19 94 50 73 87 69 43 19 15 6 87 8 46 8 80 90 57 93 55 85 68 24 64 25 69 80 97 49 9 29 95 28 96 84 27 59 98 2 95 28 25 71 58 33 9 70 47 7 24 25 76
7 2 88 81 42 52 40 93 12 93 93 46 66 97 13 63 72 12 79 69 62 46 17 59 65 83 13 7 65 96 55 40 27 36 99 37 29 65 48 53 66 27 42 41 80 57 97 48 29 27 91 77 71 83 20 5 40 1 38 46 3 57 63 2 89 7 26 96 77 9 23 74 58 67 85 24 95 85 47 29 2 94 81 66 33 26 87 35 20 79 81 84 31 52 16 98 95 81 36 94
95 86 56 75 77 54 59 86 0 94 60 8 37 22 38 45 32 33 43 69 34 78 9 60 11 21 65 56 51 67 91 80 95 86 13 72 0 88 41 68 38 48 24 73 8 6 4 46 62 37 52 91 24 85 42 44 73 69 71 38 18 60 74 85 9 15 66 69 60 22 78 77 29 34 59 51 91 81 17 96 55 74 59 55 34 24 92 71 41 47 51 0 8 2 42 12 31 32 47 81
36 86 43 44 18 70 71 76 59 96 73 30 31 43 52 22 9 95 40 7 98 65 50 84 90 79 2 57 78 21 26 76 73 36 20 88 46 23 42 1 12 26 12 13 76 87 58 14 31 25 23 29 64 36 39 34 30 32 9 45 80 83 14 52 25 19 7 23 42 61 40 20 23 89 36 0 46 96 56 0 69 59 59 39 11 29 38 30 50 99 95 6 1 56 94 26 25 80 52 75
49 32 50 17 11 8 45 16 94 42 20 0 65 67 91 1 90 66 65 57 20 81 17 59 71 61 74 56 74 74 10 34 70 56 40 47 45 87 98 55 21 35 89 23 35 79 54 1 95 27 7 91 62 33 35 33 56 65 68 88 61 19 20 28 36 60 40 37 64 10 7 16 55 1 51 20 3 46 72 31 43 94 20 14 93 80 14 11 45 82 97 26 7 68 20 19 2 19 60 11
28 77 44 58 51 92 65 71 53 19 77 4 88 7 47 56 87 55 46 94 70 85 17 26 33 3 72 28 75 37 18 43 94 48 84 73 24 17 3 89 16 66 52 86 46 58 71 54 56 70 3 94 39 55 80 19 52 57 25 82 50 46 4 31 10 31 66 97 94 96 13 56 66 1 4 62 62 99 86 44 69 0 14 54 4 49 4 52 86 65 91 92 90 28 64 4 46 76 85 38
69 42 11 80 59 45 55 16 89 82 94 76 82 5 65 87 54 89 85 64 11 33 58 46 18 70 12 43 39 10 99 32 45 71 1 78 86 12 66 46 0 21 27 53 6 67 24 43 26 89 18 77 27 33 18 36 37 35 62 35 68 88 72 19 35 29 13 84 50 16 76 99 17 78 99 92 89 56 92 5 45 92 59 17 46 31 27 5 80 63 91 53 56 68 38 52 19 48 72 79
78 8 76 34 75 78 72 17 33 23 81 3 91 42 99 64 13 26 85 22 78 99 25 50 88 22 87 24 23 31 85 54 45 32 3 3 2 47 60 72 23 14 13 58 88 77 69 16 50 30 44 77 59 38 45 94 70 54 77 25 24 57 64 89 34 13 57 67 28 71 48 57 98 8 44 47 19 47 70 86 21 60 40 9 66 5 28 12 92 63 78 20 71 11 63 65 17 66 49 30
22 86 41 98 30 90 19 0 66 62 25 28 28 59 51 54 5 53 1 73 37 15 29 54 44 41 45 91 55 28 70 2 46 93 39 33 41 35 47 12 75 55 61 74 29 48 77 15 17 87 32 87 0 47 31 83 27 40 76 66 36 20 81 79 43 91 28 24 36 24 99 86 45 79 11 10 78 95 50 64 72 15 36 30 38 98 58 28 14 51 37 62 24 29 40 63 41 40 12 0
70 92 36 5 44 27 41 70 96 11 63 62 92 25 14 99 48 61 96 54 32 0 71 30 45 21 43 90 91 55 53 20 28 84 59 19 48 71 10 57 64 72 29 12 96 82 9 87 59 58 6 76 98 53 44 35 89 72 91 97 24 8 48 60 42 51 88 65 9 39 44 85 39 70 65 30 72 55 96 83 63 49 14 88 95 92 42 10 41 30 90 3 35 77 24 30 27 67 57 9
41 98 39 55 98 80 93 44 74 66 86 2 64 56 22 19 71 30 83 46 39 97 66 25 90 98 64 13 41 66 45 11 35 85 95 47 8 60 81 15 41 67 69 35 46 16 49 12 72 34 61 92 50 41 12 9 63 62 52 27 72 9 26 23 3 40 67 39 17 70 90 92 44 37 68 24 79 62 91 27 91 87 10 93 80 29 58 96 92 20 48 15 53 77 43 98 38 82 43 56
70 24 66 79 59 11 27 68 41 26 12 74 46 67 0 45 4 87 64 3 62 26 82 60 93 83 9 40 9 99 52 38 58 57 39 35 59 26 21 45 67 64 57 66 82 51 48 83 19 84 42 39 17 95 82 25 46 16 34 66 71 70 87 38 81 23 61 0 41 0 91 66 23 12 90 99 1 54 65 80 26 42 95 37 92 96 18 13 92 3 77 1 8 4 64 37 43 21 60 43
67 28 3 52 6 64 57 57 10 77 16 90 36 70 96 18 70 60 75 63 50 5 20 96 97 16 0 97 69 35 22 32 39 11 37 33 69 75 77 41 4 92 20 97 0 23 74 75 69 18 52 56 19 27 69 68 99 13 17 24 50 13 0 38 91 3 92 80 70 86 49 25 62 48 58 5 65 90 37 84 47 67 86 61 33 64 79 66 72 18 66 69 9 60 44 52 15 89 27 51
42 85 98 35 81 4 20 41 54 96 18 43 39 55 94 96 53 62 8 69 11 14 91 46 96 59 61 42 4 83 16 70 1 76 34 54 24 81 68 91 72 45 42 29 15 92 54 17 78 12 92 97 17 10 0 75 3 21 95 18 24 54 36 29 63 90 41 52 97 50 32 57 36 75 22 86 61 92 96 33 79 64 41 58 80 34 69 59 12 57 33 35 10 73 77 14 96 8 90 39
57 30 21 37 32 42 80 36 91 33 29 46 64 69 73 12 1 58 78 72 58 72 40 16 88 96 77 58 94 16 81 50 32 28 70 38 95 30 88 17 79 42 85 13 63 45 57 65 26 36 57 85 24 88 14 2 19 55 83 16 77 84 0 43 80 87 1 5 11 87 40 38 19 15 96 36 42 63 96 87 17 73 69 9 61 94 70 20 75 87 34 66 13 69 13 32 61 75 19 83
54 85 48 73 6 45 88 79 37 71 22 51 35 24 15 65 28 13 45 91 29 87 75 38 72 41 77 42 42 86 27 94 38 0 58 65 47 94 5 1 16 28 24 5 62 7 59 80 62 4 32 42 80 78 88 66 95 39 76 91 28 75 65 49 95 26 98 67 96 73 59 26 68 72 2 58 34 49 87 8 71 80 35 64 99 15 56 60 96 49 91 88 6 9 82 81 86 7 45 0
9 60 0 30 15 10 37 6 12 57 81 74 50 57 54 82 0 5 44 15 87 5 83 70 31 55 23 1 29 0 23 41 30 34 13 54 46 37 96 65 68 9 27 46 26 25 90 52 33 65 15 29 25 19 5 54 23 82 45 84 53 54 17 33 99 38 45 45 80 72 58 45 2 72 42 31 28 46 76 87 12 90 60 62 88 35 48 14 96 95 62 71 81 22 25 21 87 71 47 20
53 26 61 39 82 51 27 92 76 75 39 5 54 56 61 11 75 5 94 92 11 88 11 8 35 99 22 13 51 94 53 53 32 93 84 42 6 51 51 96 98 8 76 1 55 46 75 7 28 92 15 21 53 28 40 3 66 75 55 67 24 71 73 92 48 64 41 91 97 78 48 85 82 53 66 48 84 98 47 48 83 3 78 84 34 61 28 5 9 24 65 1 17 34 16 97 60 72 13 36
12 50 50 68 33 27 99 18 3 80 40 47 44 36 88 94 19 43 24 15 65 13 33 28 57 66 42 2 42 52 95 27 87 49 43 47 73 80 35 32 19 94 0 9 81 61 49 96 80 95 17 20 6 35 44 22 45 15 30 10 92 35 73 36 0 84 39 58 56 37 85 35 47 96 39 35 58 25 55 99 73 87 24 46 6 68 85 96 37 32 78 99 75 64 25 99 59 86 89 40
15 77 20 90 13 48 48 44 77 76 99 30 39 43 8 48 95 62 68 21 56 37 25 70 76 33 47 80 22 29 5 37 23 24 99 6 71 96 27 29 58 21 18 14 35 72 19 12 40 48 67 56 26 99 99 3 97 55 3 65 31 71 16 12 93 71 32 85 50 64 50 33 33 1 50 79 81 25 62 89 54 69 94 13 26 56 92 51 59 49 4 80 82 26 49 95 93 29 56 96
30 86 48 49 74 94 24 84 44 75 86 55 22 44 91 42 79 48 53 55 46 61 4 33 9 55 31 54 89 95 47 70 28 51 21 47 40 46 77 78 34 26 1 95 57 50 50 41 59 83 14 78 62 99 29 81 7 86 17 88 14 53 49 31 30 79 70 28 55 21 88 74 37 42 24 5 84 32 57 91 21 19 38 74 22 4 27 23 66 57 49 52 60 93 34 35 30 23 63 95
1 82 43 59 62 3 38 30 42 36 65 21 68 85 89 76 61 36 46 14 35 87 27 97 97 59 81 54 5 95 12 63 50 93 24 20 24 90 90 21 18 74 81 91 24 10 35 9 71 92 29 13 18 69 22 44 16 21 86 65 9 10 92 78 6 45 22 2 43 86 3 18 99 99 96 3 52 93 65 30 64 50 48 45 83 87 96 76 95 74 91 78 96 68 69 73 84 15 74 85
72 12 20 56 55 25 20 40 84 84 38 92 58 28 49 97 7 61 63 65 97 56 43 87 63 50 66 43 9 37 29 91 48 81 70 0 42 52 58 22 78 1 59 32 89 79 29 32 34 17 67 8 81 97 79 38 25 46 43 47 37 12 34 12 75 80 60 2 35 32 3 96 3 67 75 88 49 6 39 35 74 79 80 8 52 90 26 31 11 2 13 37 9 31 49 65 19 75 90 83
86 53 51 46 51 72 95 36 44 3 6 77 9 90 40 59 24 93 40 43 81 98 71 4 22 31 83 74 41 45 95 45 96 43 55 30 65 59 43 54 85 19 90 9 40 54 99 73 18 42 58 76 77 44 60 59 29 72 62 71 47 37 14 98 31 10 87 38 1 39 26 13 0 52 53 79 47 4 1 26 73 5 87 31 90 11 53 36 63 42 11 31 64 46 75 21 44 1 34 81
12 28 33 88 67 61 63 73 83 0 93 23 97 53 1 8 61 76 62 14 88 84 74 19 47 24 22 47 36 84 19 1 55 9 62 1 77 10 23 85 85 42 46 98 29 54 82 24 97 99 77 72 72 46 48 79 3 7 45 66 33 58 47 7 26 20 60 82 25 31 15 7 17 21 13 33 36 97 75 70 23 25 25 63 87 68 47 32 44 79 55 62 97 88 71 36 18 66 2 61
15 15 81 47 33 79 10 2 26 40 65 76 47 5 52 22 31 74 91 8 63 44 71 69 48 68 89 40 5 59 87 79 3 31 24 72 68 11 15 45 0 80 93 17 59 48 40 82 81 9 20 2 41 40 38 55 27 97 63 94 50 76 59 28 55 63 32 74 54 80 0 60 9 49 78 31 55 0 35 36 65 89 31 52 69 65 69 29 75 97 64 37 41 50 57 20 35 78 26 63
57 61 85 25 57 40 85 70 78 35 10 9 61 79 44 43 5 39 12 73 34 43 41 28 45 85 88 67 17 14 44 84 43 10 17 42 11 51 97 72 92 91 54 57 23 95 87 41 48 79 37 3 85 24 17 35 98 85 21 3 23 98 34 59 71 58 72 10 51 57 30 64 81 10 76 0 29 36 9 43 42 8 59 49 97 26 5 47 8 28 16 20 80 89 83 55 3 31 86 17
33 9 59 78 61 22 44 69 56 35 24 59 5 90 76 63 12 43 59 5 93 43 65 33 14 37 69 78 47 91 11 63 84 53 79 7 39 38 45 84 79 35 68 16 76 80 35 55 46 11 37 69 35 29 70 68 56 81 36 85 22 8 88 6 20 78 87 75 73 78 69 55 96 95 91 90 1 9 23 47 26 68 0 0 69 92 38 76 81 59 93 31 48 51 56 30 90 92 88 32
74 23 21 12 74 20 69 58 26 92 89 58 39 36 28 75 88 5 4 76 71 52 42 37 57 11 80 41 41 11 26 88 25 86 54 50 30 10 43 78 32 53 79 13 18 34 71 16 77 98 79 12 99 49 30 76 41 39 5 87 15 88 43 48 30 17 32 13 23 39 83 98 84 90 4 71 42 11 9 60 76 68 25 50 44 37 19 97 6 20 33 8 65 58 61 97 82 21 10 90
83 62 73 77 8 47 34 91 73 3 56 37 55 21 49 87 23 19 97 66 75 64 30 99 97 7 90 92 60 18 54 47 60 38 30 51 94 30 12 6 6 23 74 88 32 30 28 92 61 52 92 28 89 27 52 11 42 74 55 88 51 8 65 71 95 88 37 3 27 31 97 38 51 64 20 95 1 25 55 68 68 12 33 8 59 51 2 68 43 67 61 87 96 77 47 56 23 70 9 74
32 85 31 27 42 40 15 45 92 5 16 47 58 89 20 20 24 37 7 15 79 18 68 9 61 22 89 96 96 82 83 90 59 57 28 91 63 39 37 18 56 75 81 96 83 0 28 14 43 38 24 89 4 45 4 92 34 99 77 19 32 93 26 16 80 42 92 6 6 13 44 92 72 11 33 63 95 27 29 42 9 76 65 9 17 59 93 17 43 98 26 33 89 95 80 40 20 99 58 17
51 83 15 86 81 44 12 37 35 90 47 52 91 86 54 3 57 78 12 55 7 46 44 7 65 79 20 71 7 9 61 70 71 78 24 16 46 75 91 39 39 30 32 1 97 88 9 50 14 79 78 39 3 28 18 67 23 42 46 78 51 53 24 70 65 90 29 84 33 14 70 36 82 30 61 2 63 77 39 50 82 66 48 65 65 41 17 29 38 13 93 34 46 20 76 63 9 62 98 87
24 37 0 81 35 53 65 90 73 44 77 22 18 73 58 17 4 66 36 49 75 4 75 6 97 39 94 43 41 96 46 53 46 81 32 74 55 7 78 10 92 20 34 21 40 77 76 11 55 71 52 96 83 94 40 51 73 34 68 89 64 85 14 6 32 49 90 55 93 41 12 41 37 42 80 87 45 55 83 70 45 32 8 56 26 29 67 54 84 6 95 18 80 77 54 47 6 56 67 15
33 54 63 35 62 51 42 13 51 48 85 26 95 89 27 62 26 47 72 75 84 39 93 73 39 59 56 66 89 83 48 38 56 39 31 84 77 9 39 40 64 62 42 40 36 15 46 40 42 37 54 34 99 33 44 26 26 62 89 80 34 71 59 62 23 50 74 11 86 41 32 79 73 89 25 49 57 20 71 88 65 16 50 16 75 58 59 13 64 0 72 95 84 31 38 72 88 89 85 91
51 7 7 58 66 54 98 46 77 75 73 79 48 26 29 95 64 35 71 92 43 26 66 87 58 80 36 11 37 25 88 91 84 94 73 86 77 87 26 71 41 61 87 88 48 72 6 97 17 47 52 27 80 21 98 18 57 7 35 20 46 35 70 38 61 36 98 57 48 19 8 41 38 47 54 38 8 68 76 72 20 65 53 93 95 99 4 70 97 60 0 3 72 65 26 9 62 55 58 63
30 7 32 94 54 85 82 84 50 18 80 5 38 6 70 14 19 44 94 5 71 56 49 15 60 27 41 52 35 33 18 45 91 76 58 64 35 42 24 11 5 19 95 42 0 15 37 13 23 68 55 55 33 21 52 77 84 11 84 26 89 7 36 58 68 96 27 79 90 45 97 61 55 88 41 46 97 73 44 2 75 96 64 27 0 51 55 14 9 25 42 67 5 82 92 72 33 78 89 88
9 56 12 85 15 17 30 77 10 23 73 88 21 78 35 45 95 1 24 23 73 64 62 86 77 81 39 88 81 90 64 4 8 76 36 19 29 51 18 96 65 33 71 5 88 18 88 6 98 97 22 55 4 97 34 77 81 9 88 86 54 14 23 80 3 66 75 87 91 91 2 97 7 72 37 70 18 39 46 71 34 75 4 36 54 88 89 69 57 53 8 95 82 9 93 11 6 0 88 25
1 18 28 57 4 19 40 71 22 64 51 72 81 39 40 4 62 31 23 87 33 93 54 86 50 15 93 51 44 38 20 36 34 56 31 22 75 96 62 71 56 26 11 48 1 55 64 70 39 16 53 47 58 53 23 97 92 68 88 67 7 26 62 65 42 40 2 7 42 18 62 41 38 5 69 11 5 59 46 12 84 27 87 70 70 64 35 73 11 54 72 8 16 26 37 1 78 25 69 28
5 83 68 20 65 83 97 25 27 95 91 87 15 48 30 29 85 62 32 43 18 76 76 9 26 57 11 3 42 12 18 55 51 70 95 97 78 34 18 24 44 82 59 69 36 11 6 14 13 7 11 7 2 52 99 10 41 79 27 52 61 4 25 94 74 76 85 17 40 27 46 41 99 93 14 16 21 57 10 24 96 21 76 64 25 39 65 5 61 89 63 27 85 81 24 93 31 72 75 18
41 66 62 76 68 79 98 54 25 30 87 84 77 66 19 53 38 77 8 18 56 44 24 10 12 3 93 64 19 80 86 84 27 48 2 76 39 95 29 0 26 92 27 87 84 29 21 27 22 64 74 0 60 17 46 8 34 42 68 50 79 84 43 33 60 45 82 51 22 71 20 90 78 61 97 65 50 48 84 44 63 52 57 51 92 67 33 6 19 32 82 92 21 59 12 20 93 18 38 6
83 95 32 54 7 81 86 76 51 50 83 90 36 65 56 73 5 39 18 48 3 47 28 45 76 29 73 73 80 45 2 5 2 29 41 97 18 9 85 24 69 24 46 25 30 54 55 37 53 94 49 30 17 8 46 0 78 45 3 51 6 87 88 54 58 44 43 17 32 33 90 3 87 13 57 51 88 61 31 89 89 54 96 36 38 5 38 42 59 98 0 25 39 70 20 16 35 83 68 43
47 13 18 58 98 33 88 11 76 21 90 67 90 81 89 84 59 58 5 29 85 40 21 88 16 93 70 44 59 48 37 2 28 45 71 87 49 18 47 6 76 82 15 55 96 72 80 2 93 86 14 98 2 52 49 86 44 64 33 43 55 16 26 3 17 51 1 48 6 87 64 42 3 51 58 50 86 91 23 36 95 20 82 92 15 16 85 76 33 60 18 56 31 73 71 54 70 98 18 10
40 38 91 98 51 71 42 67 73 12 88 69 12 23 89 20 92 26 63 12 49 9 68 75 85 78 86 3 16 37 10 13 47 69 30 28 56 9 92 60 26 0 96 77 56 49 22 30 90 20 94 49 98 3 8 76 43 49 12 99 51 67 1 66 84 20 91 73 93 89 97 69 16 7 78 4 3 18 34 20 10 32 30 77 32 29 9 83 12 79 92 83 41 30 19 62 37 43 68 12
96 28 87 97 83 99 61 66 23 19 30 61 69 79 58 81 73 32 87 51 68 71 65 0 65 23 3 19 9 93 42 31 94 16 43 5 41 6 78 74 20 42 89 61 8 62 13 21 76 94 23 79 64 0 92 42 75 37 27 49 33 51 14 16 86 10 30 36 90 97 4 90 13 25 91 36 16 0 22 43 7 52 3 43 62 3 2 8 83 30 48 50 18 66 57 79 31 55 51 67
69 80 15 99 35 39 91 20 85 88 74 8 47 24 92 61 93 91 65 96 71 10 88 23 9 21 92 98 65 35 30 79 21 27 75 15 54 86 1 91 84 75 1 53 24 72 28 77 41 84 89 16 32 57 28 16 76 33 98 89 46 37 23 56 97 23 44 4 25 31 5 30 67 73 8 74 69 88 39 74 49 77 46 29 25 57 38 86 34 66 36 2 23 58 43 10 70 43 14 38
62 51 97 99 94 85 1 31 95 1 92 4 57 25 15 13 71 74 29 99 80 78 4 43 26 19 25 29 83 53 71 71 41 18 45 44 88 65 67 83 4 13 56 57 57 59 59 48 56 39 24 41 56 90 19 15 87 17 1 50 25 31 79 41 20 99 81 28 9 98 52 48 18 57 6 42 80 18 20 36 74 61 64 63 41 76 17 93 80 93 13 56 19 20 89 95 92 85 10 81
61 7 90 81 32 83 32 0 1 19 42 34 84 76 30 48 70 89 84 16 91 32 42 5 51 4 76 44 57 44 53 86 15 81 34 87 97 66 94 40 75 37 21 23 1 5 97 2 64 97 12 11 13 85 63 71 12 5 99 36 23 0 7 80 63 35 30 47 24 43 83 97 96 23 76 94 7 51 8 75 6 57 72 33 61 12 34 23 67 12 85 60 27 36 35 82 97 93 4 87
18 69 20 23 79 39 45 66 84 9 75 99 22 8 24 42 13 60 95 24 58 27 42 72 89 22 80 55 9 87 82 47 28 3 76 94 69 22 13 20 81 10 4 55 2 87 44 92 86 55 8 49 21 42 91 45 84 68 2 76 20 97 28 3 30 20 15 50 78 70 53 67 97 89 50 72 35 77 78 58 21 26 6 38 29 40 27 49 38 2 41 48 32 0 14 87 37 40 64 50
39 57 5 36 97 69 88 36 81 72 19 76 5 52 83 70 70 19 8 51 60 75 7 29 5 58 6 56 21 94 6 65 91 68 68 87 43 83 15 36 52 76 15 13 12 34 95 59 39 43 58 41 85 86 93 83 60 17 89 66 77 2 5 84 89 63 29 52 61 13 78 33 34 15 93 69 75 91 96 78 61 15 10 84 50 39 13 62 7 46 0 87 97 89 44 53 38 65 6 0
24 53 24 48 23 86 20 91 74 84 93 9 34 79 61 97 93 19 65 13 96 87 1 31 79 11 99 32 51 70 22 22 67 2 75 84 93 23 73 21 58 60 28 17 4 45 60 51 80 93 18 5 96 42 65 10 57 25 32 87 30 89 2 50 23 82 29 65 83 95 52 65 85 27 88 43 60 40 16 96 50 45 32 83 94 74 96 25 58 66 11 96 80 6 0 91 83 74 85 4
13 19 3 90 93 49 33 36 54 78 35 17 93 21 86 51 30 41 71 65 79 56 55 88 38 70 39 97 84 87 98 95 26 8 72 44 92 69 57 96 49 68 80 3 47 15 50 75 39 52 5 47 95 44 1 1 34 3 92 51 21 46 49 33 48 38 90 1 79 54 68 48 88 32 56 57 23 66 69 11 37 50 41 71 89 61 3 73 74 42 75 80 85 13 52 51 84 44 69 32
87 71 94 41 92 60 19 17 56 89 80 63 21 15 70 1 8 8 49 48 50 97 69 95 21 20 73 94 29 35 38 99 49 79 17 74 81 82 16 9 76 28 46 63 95 98 69 78 44 60 5 13 71 43 72 58 20 43 89 4 8 42 90 78 89 57 32 40 20 71 37 27 9 34 20 71 21 77 71 49 38 6 88 62 24 32 67 68 26 84 54 44 43 85 69 1 49 43 25 4
89 65 8 28 4 70 38 10 2 36 55 24 11 5 55 80 58 25 25 75 76 96 11 36 41 66 68 29 19 13 81 99 81 17 98 66 77 34 28 18 80 74 59 64 21 75 29 53 90 64 21 21 61 15 8 29 11 88 58 48 18 76 19 48 22 75 54 37 88 21 48 30 64 38 28 84 42 95 38 6 41 51 88 4 13 34 56 93 2 2 47 86 78 94 47 17 17 77 62 62
43 90 53 79 84 72 77 87 70 46 90 63 95 65 87 65 13 85 0 33 67 72 55 61 66 30 43 85 24 77 31 83 13 79 81 30 67 7 80 24 53 67 61 33 81 98 5 5 37 62 22 37 58 70 17 52 27 22 65 45 46 97 7 93 88 22 65 33 39 63 93 75 50 43 23 21 80 22 76 23 6 59 69 37 34 95 17 91 50 77 81 23 53 0 2 86 47 13 76 0
56 80 89 56 4 10 81 65 66 67 34 78 83 35 99 3 7 17 35 89 63 94 27 34 33 92 59 37 62 74 80 16 50 75 28 56 58 93 45 97 57 44 79 83 80 5 61 65 3 48 34 75 52 13 88 47 57 47 39 99 18 67 33 63 14 25 49 90 76 62 29 26 1 77 79 14 94 56 94 47 55 30 57 72 1 83 8 90 78 54 24 32 67 16 88 78 98 71 83 85
3 20 63 54 85 66 93 53 70 89 53 44 13 60 60 87 62 62 17 72 52 96 59 53 95 65 40 32 40 50 98 87 47 12 45 8 72 76 17 49 92 84 60 4 91 31 65 37 47 39 95 30 85 47 9 18 31 50 84 34 19 52 65 93 80 57 4 2 54 48 56 11 85 87 81 54 26 0 38 92 48 80 48 1 1 1 45 17 63 9 6 61 29 1 48 10 74 9 99 25
38 38 25 18 64 33 25 36 70 85 95 41 79 98 18 28 44 17 56 2 91 6 94 15 84 63 20 40 51 43 40 50 56 79 68 61 84 80 71 80 6 79 30 98 43 55 14 73 93 98 79 45 3 87 81 99 45 72 9 83 68 60 26 70 97 69 9 7 36 79 18 90 87 1 67 10 25 78 72 76 12 91 66 4 68 55 3 26 73 94 58 73 20 28 22 60 68 84 23 85
54 62 65 67 1 57 43 11 15 13 32 19 19 9 64 34 68 76 92 43 4 1 22 37 74 36 48 63 74 13 33 6 53 60 3 48 59 38 9 92 42 89 51 32 84 83 31 10 43 5 85 93 56 83 80 74 17 79 3 0 29 24 35 95 91 41 50 73 14 39 60 89 52 21 30 13 50 40 62 77 65 41 65 89 51 77 82 68 48 71 6 8 90 49 44 63 55 80 97 81
98 2 89 14 91 30 74 76 78 96 59 29 41 5 27 22 72 22 9 16 71 78 68 98 16 98 68 89 75 45 86 22 87 86 66 91 34 89 73 27 19 89 10 11 30 41 60 90 36 42 71 89 36 73 85 44 50 97 4 38 57 15 9 4 94 57 43 32 19 96 11 60 10 23 4 44 3 50 64 49 2 54 17 15 88 28 61 93 27 50 64 0 49 21 34 56 78 13 79 32
18 71 95 84 94 48 60 77 7 34 90 2 95 95 82 83 51 17 48 99 11 24 17 53 26 11 59 25 91 22 99 87 33 80 15 65 71 55 93 65 70 84 0 93 56 82 51 82 33 57 18 89 52 67 69 54 0 41 84 88 37 95 72 40 9 75 24 9 61 5 97 68 24 76 57 45 25 94 51 54 53 58 56 42 69 41 55 49 60 91 13 1 65 77 12 53 81 75 47 52
8 78 55 81 56 3 40 9 40 72 67 80 4 18 85 8 59 87 64 19 31 5 82 58 84 68 9 2 42 58 11 86 97 47 75 83 77 27 78 50 66 59 82 84 25 26 3 38 31 12 88 36 65 56 7 92 3 65 84 95 32 81 6 12 1 81 49 16 28 56 17 45 45 51 49 72 14 97 58 47 65 1 92 60 46 40 62 84 92 32 67 22 60 34 61 7 52 66 40 83
0 51 10 16 77 79 76 84 52 34 40 0 96 55 12 47 35 89 77 11 79 95 99 21 48 3 56 27 39 58 90 80 86 51 23 88 18 15 47 80 65 10 2 23 20 53 83 92 23 12 68 13 59 58 66 75 93 76 54 28 26 58 59 42 52 25 82 61 12 7 61 46 99 80 5 41 32 42 78 92 27 60 86 81 37 48 48 33 68 57 55 16 2 10 81 23 38 56 30 23
41 30 98 30 30 12 85 35 81 46 88 34 95 19 90 79 90 86 1 56 33 19 81 20 48 29 52 98 86 36 21 75 2 72 16 98 91 49 50 30 56 7 17 11 45 25 52 84 62 76 58 84 82 73 82 91 36 49 38 88 81 3 28 86 12 36 58 15 29 94 1 9 92 45 3 59 26 2 83 53 73 29 61 35 13 64 68 24 50 97 14 11 35 87 83 75 32 76 3 57
87 18 72 43 8 47 71 25 8 32 79 16 63 6 17 25 14 97 67 9 32 99 20 63 77 93 42 13 21 49 27 40 6 94 3 57 61 80 99 51 91 43 4 95 58 82 69 12 89 79 5 3 52 96 48 13 85 1 75 56 16 0 95 82 61 57 36 15 34 26 21 93 41 24 82 42 53 46 8 67 94 96 16 27 6 3 55 36 30 95 72 97 30 66 79 80 11 91 29 29
41 47 48 56 54 69 32 11 36 17 98 68 12 5 72 95 35 78 92 60 55 20 89 46 81 7 0 25 82 35 7 97 62 74 14 61 42 41 14 47 21 86 32 24 41 59 43 55 73 24 70 46 70 53 9 37 47 65 92 29 74 17 28 64 3 15 52 34 44 61 5 4 16 90 9 18 12 55 73 68 19 16 44 88 77 14 30 57 40 43 95 87 88 18 78 7 79 97 91 19
65 25 0 88 13 1 39 76 37 3 95 5 30 47 20 40 23 87 75 97 9 12 72 58 85 52 92 45 20 26 75 16 36 46 38 24 3 45 73 65 72 23 57 71 45 8 95 66 70 79 38 40 71 43 50 71 66 79 97 80 10 75 16 50 0 19 57 49 14 52 55 12 12 70 82 50 30 85 13 20 96 95 41 55 57 63 85 64 74 35 83 51 40 98 63 54 27 11 61 28
77 17 3 52 8 80 50 86 49 82 54 45 21 43 25 38 97 33 56 33 29 96 95 26 97 66 4 87 47 77 29 96 18 96 11 94 12 40 5 74 62 78 40 1 52 60 62 57 16 62 81 25 83 60 58 11 68 31 82 72 15 0 38 27 70 30 79 19 45 86 84 86 44 94 76 17 62 68 95 38 65 32 56 37 98 57 15 83 78 11 48 63 96 59 13 25 15 82 68 0
88 24 81 24 30 1 4 65 87 51 1 68 71 54 26 54 52 83 1 57 42 7 35 27 77 19 4 42 46 9 78 50 0 82 22 84 93 36 92 64 50 55 78 24 19 55 72 6 74 62 38 66 59 36 51 67 6 42 86 19 62 57 51 85 64 74 76 65 30 63 45 8 11 24 59 30 47 78 29 49 93 26 52 76 12 96 2 54 48 37 85 56 76 76 1 29 53 4 87 86
92 37 37 13 41 44 54 33 83 19 30 77 23 29 16 22 3 54 47 95 81 17 32 1 64 69 70 29 24 83 31 35 27 13 73 99 23 29 5 12 87 78 69 50 67 77 27 66 15 56 59 21 97 94 33 69 20 56 3 97 33 80 95 46 48 66 74 88 74 18 83 4 38 45 93 55 47 92 94 85 96 69 35 3 50 95 75 84 54 71 55 91 83 89 88 94 35 42 90 32
94 10 98 63 29 2 23 89 63 95 59 85 61 39 9 87 8 99 48 48 2 79 18 99 89 33 73 19 52 34 30 63 44 9 35 34 99 58 87 64 69 11 42 29 33 82 7 63 45 9 1 30 68 21 78 66 71 78 22 78 94 84 25 75 39 10 22 64 84 3 96 44 80 12 13 7 1 93 13 49 53 36 12 85 89 83 91 38 74 87 99 13 62 3 15 18 81 97 14 29
95 93 29 0 4 69 83 16 97 87 72 12 77 19 93 96 24 90 88 32 7 87 67 55 51 24 56 30 0 74 10 86 17 50 49 94 98 39 24 75 13 62 12 99 78 65 12 43 70 22 4 33 17 69 20 43 80 80 58 87 33 17 89 60 44 99 52 87 45 77 18 56 29 83 89 8 18 14 50 93 1 61 31 10 77 7 42 76 32 97 42 79 21 51 74 39 21 23 25 70
63 65 21 53 76 97 62 73 74 29 72 17 34 59 1 67 7 10 86 84 30 27 30 15 35 58 22 13 33 41 41 26 35 78 59 57 15 70 91 82 74 14 27 34 17 33 85 10 15 87 84 28 27 93 49 45 27 98 33 23 98 19 77 8 61 64 52 79 51 50 58 11 59 52 77 79 46 81 24 42 68 52 77 23 35 64 74 12 98 70 94 44 99 0 53 51 46 52 54 77
60 54 16 92 69 73 50 93 5 27 84 88 81 37 73 87 63 58 80 35 4 83 39 88 36 58 0 3 97 93 21 21 55 83 61 2 55 45 7 41 29 91 34 34 39 47 29 14 96 65 33 3 77 64 37 34 2 83 50 82 60 14 13 79 65 55 33 75 17 86 54 54 95 83 49 2 36 29 60 72 85 0 0 4 74 86 7 82 87 82 55 63 73 3 7 27 44 70 31 44
65 10 60 97 38 20 41 42 49 65 66 30 72 72 80 81 55 19 57 36 6 18 26 78 46 21 43 84 8 1 71 1 6 88 9 63 89 71 13 57 23 2 96 99 33 91 69 1 77 9 44 4 47 60 1 60 68 34 96 76 88 99 51 92 54 42 80 86 41 26 35 44 97 92 24 16 53 88 42 63 22 81 67 34 55 65 34 89 36 74 69 21 20 39 50 26 71 59 44 86
39 88 51 66 42 67 61 31 20 69 65 22 45 69 75 61 30 89 16 84 13 23 11 39 49 76 55 16 24 31 91 37 96 95 9 50 32 35 82 42 45 87 30 42 49 67 12 94 56 14 14 8 6 22 65 87 65 36 3 44 75 24 81 58 29 62 10 0 34 5 89 35 11 43 15 69 82 9 73 16 52 3 36 98 72 6 36 23 61 28 59 49 94 66 18 30 28 50 92 54
28 29 89 59 42 13 70 38 66 70 98 17 51 88 24 28 50 63 84 92 16 79 10 42 89 63 56 39 46 60 32 41 51 76 1 30 1 96 24 97 43 98 84 46 2 69 72 88 17 20 47 33 6 4 89 44 77 40 19 42 11 50 75 88 63 32 91 47 8 87 26 56 47 62 21 93 98 50 65 94 66 50 83 18 35 83 22 52 64 7 56 62 68 83 88 33 42 17 27 46
91 84 0 69 10 36 59 92 28 94 46 18 11 8 40 15 95 83 4 25 61 49 14 4 42 92 40 75 99 36 62 71 53 6 33 32 79 96 94 53 52 2 10 52 24 91 52 70 49 90 91 3 16 44 39 95 31 77 2 41 25 49 40 74 70 46 85 11 72 53 82 13 8 26 16 83 81 20 58 20 42 73 30 42 82 0 8 54 19 19 84 83 57 67 29 36 13 48 22 94
47 6 76 21 36 92 33 8 52 54 44 29 32 73 0 78 98 23 68 84 17 30 80 99 71 77 80 19 90 2 80 64 4 18 94 39 33 62 4 61 98 19 18 49 48 15 87 21 6 10 25 88 24 18 54 75 98 86 4 36 24 76 48 8 9 18 99 72 27 13 37 77 10 71 1 5 78 43 85 62 84 57 35 13 25 81 39 63 74 95 85 53 44 58 77 35 41 36 23 24
82 44 24 68 57 80 45 8 72 87 15 20 8 11 35 16 96 27 70 66 0 96 8 10 8 40 20 36 72 47 97 78 27 8 80 38 71 39 81 90 82 46 72 0 41 24 91 57 54 17 34 68 39 91 18 71 47 9 86 54 60 56 17 0 4 67 12 10 51 99 90 64 15 6 2 83 45 54 77 14 12 36 55 73 34 42 1 95 42 80 29 88 78 0 33 69 48 75 7 87
95 25 91 12 19 71 96 45 14 72 74 29 77 81 90 79 52 44 92 38 12 41 59 22 58 73 63 30 90 82 52 35 55 88 69 96 94 32 15 89 40 10 95 74 62 89 63 71 47 18 9 76 42 30 74 74 72 83 30 79 84 67 74 89 14 68 11 90 21 51 36 16 98 21 38 41 24 72 21 43 61 34 5 51 27 35 24 72 26 28 24 60 58 96 6 88 97 88 83 47
25 73 26 9 57 74 60 63 32 91 8 43 36 63 56 46 41 20 93 57 87 1 95 3 93 98 79 32 0 80 21 81 54 65 40 49 18 68 79 53 55 49 70 44 57 42 62 83 36 73 11 12 32 15 61 72 26 78 39 65 43 63 50 80 94 81 42 56 78 70 0 72 77 8 89 36 26 74 86 49 63 81 88 9 22 62 51 50 75 44 89 81 54 55 33 40 98 45 53 50
11 87 65 25 40 36 28 54 47 50 5 42 16 35 77 88 98 83 64 39 92 62 52 62 71 8 35 29 44 65 28 41 84 51 30 70 4 71 21 13 51 99 96 44 6 46 55 59 14 80 62 95 45 44 67 30 76 67 19 69 23 74 47 46 96 36 63 72 41 22 66 88 36 53 43 22 54 6 39 29 77 38 80 78 14 48 4 32 49 52 70 51 44 87 42 25 33 2 76 58
46 80 63 5 32 49 64 50 16 54 14 52 25 81 64 33 20 11 3 53 48 74 35 70 70 94 46 45 61 57 68 18 83 67 63 59 1 50 76 57 26 81 0 7 29 47 39 98 83 7 46 38 16 60 93 83 75 68 60 71 35 49 7 19 42 4 46 65 51 94 73 3 69 53 33 98 13 98 91 31 91 27 42 62 9 23 52 1 27 5 58 80 36 81 29 48 37 3 31 24
77 59 30 74 76 63 76 84 5 41 85 63 7 84 46 3 56 36 67 93 1 89 3 99 34 53 63 77 14 88 99 22 33 70 42 8 46 4 57 27 12 86 2 82 99 48 6 57 35 51 85 28 8 73 99 70 72 28 82 60 98 38 49 46 25 13 76 43 91 70 26 69 19 19 2 35 86 0 18 66 82 27 15 31 55 97 65 38 82 22 80 45 49 55 79 34 25 84 55 92
11 82 40 39 13 13 14 59 21 12 30 79 17 91 20 75 30 26 27 67 18 17 72 20 61 59 87 41 17 63 66 37 85 37 78 71 32 49 45 34 90 56 49 34 7 25 41 86 9 8 46 79 21 7 20 79 70 7 1 39 68 10 88 58 94 83 70 63 39 72 24 65 42 35 88 65 38 71 39 82 92 65 63 15 2 60 85 14 0 35 33 33 13 85 56 78 69 19 60 50
23 72 63 87 39 37 29 36 28 71 66 36 58 6 73 28 59 10 1 33 22 31 61 11 82 99 37 37 62 21 95 6 23 82 43 91 34 19 17 98 52 21 56 56 54 62 23 97 8 72 76 2 48 22 26 8 37 82 40 94 38 93 27 72 75 8 32 83 77 12 76 73 1 59 50 3 97 50 33 62 49 84 21 11 44 0 68 10 43 80 46 43 2 38 56 5 88 86 20 63
36 53 50 63 62 73 36 22 14 63 46 93 52 72 95 70 72 62 78 66 58 83 69 71 41 64 87 60 46 54 82 28 56 41 69 78 21 36 22 6 96 78 0 77 67 39 89 21 51 79 74 39 55 63 34 24 98 3 13 85 25 62 70 2 31 18 41 0 97 66 30 80 85 96 24 31 63 85 18 84 52 90 8 74 64 53 88 8 66 66 30 51 52 92 23 92 10 76 71 61
97 9 11 14 81 5 62 45 89 42 53 24 9 23 95 94 37 40 28 14 10 15 70 5 70 20 6 70 23 87 97 55 94 49 98 55 77 68 24 40 61 47 71 43 62 35 65 20 45 89 60 66 13 65 61 45 44 88 74 71 33 64 61 68 34 45 69 96 13 32 51 66 71 23 28 96 17 85 46 17 94 91 84 92 48 8 10 20 81 10 62 30 17 33 0 36 70 85 44 53
69 71 22 5 30 6 63 33 43 25 62 65 69 31 95 25 74 63 20 60 84 98 94 32 62 50 60 29 10 76 3 81 63 45 70 21 25 76 23 69 81 19 67 53 0 87 20 28 56 53 16 25 20 19 26 94 98 26 41 61 5 51 35 10 94 88 30 16 5 29 12 76 86 87 97 99 58 56 75 37 12 2 15 85 26 70 7 70 47 83 59 18 51 3 1 4 93 21 19 25
98 63 69 96 94 77 49 97 71 93 44 40 85 62 4 17 28 81 66 78 4 41 45 20 20 44 36 49 12 90 23 26 43 99 70 89 7 54 86 88 70 89 89 75 38 64 52 35 92 47 29 60 37 15 50 0 14 94 62 63 31 28 29 81 53 17 50 97 15 21 65 53 50 67 80 48 76 90 48 40 2 75 55 56 12 58 0 18 50 84 37 32 91 43 66 1 3 24 57 35
28 64 91 35 73 2 54 90 91 76 57 98 52 70 1 13 52 6 50 87 62 95 23 71 53 30 83 32 41 45 28 13 47 20 97 84 78 70 97 24 34 38 10 42 78 31 6 12 9 69 85 35 30 14 79 12 83 11 44 74 26 37 86 73 51 69 47 28 29 18 48 65 11 16 10 97 1 83 12 24 67 28 31 89 41 25 85 12 58 93 50 15 86 32 71 60 13 55 65 66
78 64 37 47 7 58 69 31 5 31 94 92 72 76 99 78 66 9 83 89 3 59 90 99 10 1 89 14 39 29 89 92 64 15 36 65 25 11 69 35 36 34 31 30 84 66 50 70 64 86 47 87 48 80 11 14 57 44 85 84 36 21 51 39 27 18 45 56 66 54 46 22 24 14 87 59 50 98 87 31 16 72 79 58 10 54 14 3 92 8 49 75 95 27 81 48 54 28 97 91
18 42 1 53 35 78 31 59 14 23 73 1 81 62 27 75 4 64 84 10 51 28 38 12 16 33 34 65 43 8 93 2 81 86 35 93 45 78 73 47 38 74 70 11 71 42 33 67 78 71 28 38 23 88 27 32 38 59 46 60 99 51 56 32 14 49 8 82 38 82 24 87 56 23 7 9 63 23 97 82 68 24 57 42 67 19 89 3 10 26 13 75 52 24 13 5 2 74 28 41
31 83 89 12 55 63 71 21 27 98 77 69 83 96 77 38 45 9 89 68 80 49 92 92 0 44 7 24 56 32 57 96 22 25 79 88 72 13 26 34 80 29 4 94 16 50 15 50 87 44 17 7 8 60 36 28 75 71 22 0 32 0 49 30 66 56 49 85 25 50 48 2 69 57 33 73 74 25 66 68 75 78 35 33 8 45 40 59 41 33 46 95 80 56 7 63 77 6 60 89
65 66 0 82 75 33 6 33 39 48 66 38 55 20 52 11 13 22 29 61 4 71 49 98 11 10 74 48 44 92 71 27 52 49 17 88 45 81 48 99 54 73 88 79 76 50 26 95 61 24 54 82 64 13 95 24 97 51 36 2 89 43 49 23 61 87 24 77 45 81 91 6 24 42 69 18 50 61 94 99 16 29 25 40 77 69 68 34 90 21 66 56 37 57 8 80 3 3 79 56
45 80 14 32 58 73 53 60 40 24 15 90 4 95 66 39 50 54 35 89 70 17 73 33 17 76 74 81 84 11 41 13 20 22 15 62 25 74 66 71 70 80 53 1 79 34 90 18 59 33 22 20 12 19 99 48 83 92 72 22 78 93 57 80 83 13 3 72 33 80 14 95 65 52 72 78 13 3 8 19 92 99 27 27 88 31 21 33 67 74 40 65 34 12 80 11 39 3 22 42
47 14 6 94 8 92 67 46 9 24 53 85 19 60 50 2 85 66 90 96 54 18 66 19 97 36 13 89 68 95 91 90 13 76 99 11 31 40 12 98 45 30 38 77 80 72 49 81 52 41 89 87 77 33 53 44 67 0 73 66 28 79 76 34 22 56 75 58 27 20 36 17 37 29 32 22 10 77 22 11 69 3 22 8 45 36 8 79 72 88 83 13 89 94 86 79 96 71 36 32
82 50 26 15 26 2 66 83 74 81 16 55 47 78 19 39 89 85 52 3 72 32 90 7 82 10 90 27 89 26 26 56 43 91 50 3 98 20 63 54 43 46 57 13 45 50 76 83 41 30 64 5 87 51 5 39 88 40 61 11 27 6 80 37 0 5 9 80 19 87 88 80 82 16 12 70 21 55 13 51 29 95 36 98 48 5 67 45 38 72 50 60 67 83 0 62 2 48 13 53
6 13 31 4 71 64 62 69 98 12 59 57 4 74 72 45 77 75 42 66 43 27 77 84 75 58 47 7 87 89 83 78 10 3 8 34 44 60 19 12 66 70 63 51 87 68 91 13 86 69 32 29 55 50 49 82 39 21 65 79 54 46 75 29 35 78 93 43 61 71 51 81 96 82 30 63 46 30 73 52 7 57 18 56 41 12 11 80 5 41 33 81 39 55 31 85 80 18 70 86
