100 100
27 95 68 68 99 10 2 45 17 83 86 35 31 63 78 20 18 40 29 32 16 46 5 92 68 44 19 63 3 36 73 33 92 78 77 98 71 12 64 32 81 4 32 93 6 81 60 8 85 59 28 69 49 74 12 86 36 11 86 0 13 69 57 8 6 76 77 18 13 41 27 78 37 83 18 32 50 64 6 64 20 38 0 6 28 89 28 19 10 26 11 57 14 95 4 79 86 45 11 62
65 87 52 55 5 77 63 87 78 63 36 36 17 18 49 72 34 5 60 47 21 34 99 43 56 46 68 55 96 26 30 27 86 25 32 10 28 1 73 0 62 37 51 43 12 82 17 83 45 24 81 88 21 27 23 72 24 84 70 89 49 21 63 77 13 75 63 93 71 60 9 78 94 60 12 66 99 52 65 57 99 6 6 67 2 91 7 42 11 32 84 69 29 97 0 71 31 84 30 19
62 13 86 82 64 65 37 61 67 99 67 62 83 59 94 84 36 77 35 29 7 22 50 55 44 16 8 25 84 29 27 50 39 54 87 35 71 2 19 2 59 87 42 77 51 63 84 14 48 98 80 13 28 70 5 22 96 86 70 83 96 50 97 2 32 21 15 62 57 27 81 38 62 39 0 89 60 7 42 22 5 53 62 26 58 75 47 45 83 40 44 26 24 7 99 79 74 32 54 44
67 16 42 90 16 25 23 8 39 68 42 15 33 71 31 25 23 47 18 91 22 41 58 4 40 62 1 29 25 48 71 13 31 99 20 59 53 79 62 9 77 92 71 6 65 85 74 91 82 56 17 57 1 5 17 85 28 82 92 30 30 48 32 57 69 27 50 69 59 42 61 0 36 26 60 12 5 27 47 52 54 3 29 10 49 61 46 40 15 73 28 95 1 48 46 57 35 56 37 30
57 24 16 16 94 52 32 76 24 55 32 34 63 28 94 72 38 26 53 45 23 37 99 7 21 31 38 49 63 63 24 26 25 97 42 32 11 60 87 11 74 92 18 31 4 29 84 21 8 5 11 14 43 51 14 76 74 7 39 11 62 79 93 30 26 11 79 11 13 40 3 68 36 4 10 4 47 12 21 11 15 27 83 46 42 75 25 20 2 98 11 70 17 57 85 45 76 32 17 65
13 6 64 37 83 97 61 8 52 70 3 31 4 89 48 17 89 84 66 78 86 45 87 43 25 55 51 65 27 12 44 52 49 31 18 62 79 34 27 37 19 82 76 79 11 42 74 72 6 20 16 38 49 48 41 96 55 51 22 67 79 75 27 92 47 24 53 88 91 88 52 99 58 35 6 64 87 91 0 64 47 80 98 96 90 20 89 28 32 80 7 21 20 38 8 8 14 20 1 35
36 9 73 14 83 77 2 29 45 21 55 4 0 17 85 40 35 73 98 85 41 96 18 35 83 45 34 95 50 99 67 88 47 24 52 37 36 92 40 11 37 55 90 45 14 75 54 59 23 30 39 96 68 63 17 15 38 40 4 12 92 31 84 19 68 59 37 9 34 97 33 8 51 29 46 80 52 41 40 72 7 55 55 30 52 61 85 55 97 52 48 98 74 42 94 36 71 85 37 28
36 74 9 87 36 95 42 80 68 30 39 91 88 18 53 89 73 31 25 51 60 15 25 16 19 14 47 49 98 88 37 48 44 11 25 10 54 52 86 41 9 93 14 98 67 74 24 10 57 30 82 42 68 4 54 17 57 96 32 66 30 70 24 3 20 84 1 83 51 96 16 70 44 41 44 59 29 75 93 12 16 28 91 72 96 6 57 38 59 54 33 18 83 68 48 56 35 55 81 35
56 99 61 86 17 10 89 52 48 5 79 45 99 10 52 79 61 7 41 15 9 36 9 96 20 3 1 71 40 97 18 18 8 16 32 51 21 35 79 29 14 40 99 87 80 23 22 12 60 9 0 26 85 69 90 30 98 50 26 15 59 42 82 36 4 7 32 27 1 64 31 95 94 30 83 47 66 31 45 66 33 70 33 56 84 76 17 80 37 37 52 75 16 60 99 94 74 95 98 49
87 80 95 18 7 9 19 6 32 8 94 51 48 71 4 98 54 18 87 56 10 64 44 14 76 58 11 75 78 41 63 40 39 66 13 63 36 32 22 76 77 48 48 76 16 7 11 57 62 67 39 64 64 55 91 40 17 2 57 45 33 50 43 30 29 81 17 46 51 31 31 85 9 5 87 67 22 99 91 5 86 98 50 80 59 23 11 5 30 71 87 75 60 99 52 20 42 70 42 23
71 3 26 90 54 51 14 5 92 40 45 41 25 7 74 39 41 73 83 31 36 29 97 96 63 87 38 56 5 91 70 92 41 16 76 14 90 67 7 90 79 58 87 83 45 54 87 61 33 23 6 54 32 30 88 75 20 16 52 34 34 75 93 29 40 47 3 3 4 58 87 30 72 5 23 89 37 36 71 92 50 46 79 3 67 35 51 14 17 94 29 33 21 6 8 44 9 39 84 15
78 84 20 54 38 76 49 99 13 77 15 78 49 50 7 93 32 70 81 80 89 64 7 70 27 28 31 67 8 84 64 32 95 28 34 56 76 49 78 98 18 48 49 59 89 68 37 55 87 97 6 57 99 55 63 73 14 76 40 53 97 37 4 91 75 82 75 51 12 49 91 12 70 10 92 90 29 83 13 77 3 15 52 19 38 60 77 96 99 30 42 17 40 47 50 53 33 58 70 74
5 41 13 27 27 85 34 83 48 76 57 85 34 86 27 34 44 43 18 39 27 1 62 90 36 19 30 81 64 28 35 84 89 42 14 24 74 49 41 82 81 95 78 34 14 82 30 91 57 64 64 11 78 34 62 1 77 95 66 56 46 85 88 11 28 68 35 56 40 48 81 59 94 55 4 39 79 65 90 51 92 32 30 2 88 40 82 91 26 66 30 12 82 34 4 18 10 92 37 31
35 48 81 27 73 56 38 19 12 81 20 25 36 85 43 95 11 53 4 37 21 6 2 95 54 97 85 87 53 42 79 37 21 95 4 95 44 37 40 69 13 93 8 72 73 92 21 91 86 10 48 18 10 33 74 53 5 60 57 38 46 12 19 78 96 20 53 30 15 39 36 66 98 22 25 30 36 83 90 67 49 59 85 93 5 89 64 43 53 27 94 64 8 4 37 46 11 47 3 60
44 9 48 82 18 30 61 64 78 0 25 52 53 90 79 9 59 54 64 70 20 15 66 97 76 94 91 11 11 43 51 88 34 19 54 44 6 15 82 47 73 75 9 35 24 90 55 39 78 79 5 44 91 62 8 99 18 23 87 38 98 88 96 41 47 13 65 96 48 38 20 57 41 36 22 95 39 27 90 31 44 46 57 74 3 64 26 72 68 12 84 30 22 62 46 39 54 80 38 7
81 75 82 7 96 32 59 52 25 52 27 0 78 49 47 68 47 42 11 2 87 2 19 98 96 72 43 91 94 50 5 90 9 86 82 93 18 90 61 50 91 35 21 31 15 8 1 79 5 26 91 17 52 24 57 46 37 90 18 16 75 16 29 51 55 24 4 75 60 89 85 63 76 20 2 13 13 3 16 60 7 69 4 84 68 83 67 97 28 24 74 87 87 83 90 62 31 52 89 78
62 67 88 20 32 2 67 95 81 30 54 54 19 83 93 15 3 79 24 29 11 12 83 3 48 35 89 61 31 97 42 15 10 44 44 65 18 41 99 73 38 88 64 99 45 3 33 13 51 44 33 43 99 42 20 81 71 39 80 76 54 25 66 42 3 84 79 34 37 88 4 95 90 90 21 73 66 77 76 31 18 14 82 61 20 93 18 83 57 62 30 70 53 40 28 34 56 62 35 59
82 43 83 93 35 93 1 47 98 71 22 66 33 10 17 35 77 4 42 54 12 17 97 21 1 10 41 84 25 78 62 99 16 35 17 45 0 63 74 74 73 17 21 67 90 63 42 95 42 72 95 97 92 40 41 11 91 17 70 36 53 78 25 97 72 30 91 53 89 52 22 1 49 67 93 81 2 49 45 15 69 66 51 66 72 83 54 59 57 31 76 30 47 10 49 56 84 63 30 55
66 18 87 5 45 84 77 13 93 57 52 3 34 74 4 91 34 38 18 65 17 12 70 81 76 1 77 45 38 91 66 54 64 48 35 52 99 55 2 15 9 79 98 22 0 70 49 15 92 81 87 84 48 33 99 84 97 62 63 29 48 79 32 81 11 27 59 84 50 27 87 2 55 26 32 29 9 8 84 74 27 48 92 23 80 33 59 33 1 16 82 26 59 1 77 73 88 16 90 32
49 73 61 90 54 70 39 46 94 43 44 85 64 30 78 68 18 88 26 82 93 48 68 82 78 76 8 83 9 64 47 48 92 74 15 61 37 7 95 46 19 72 49 69 59 93 55 30 88 13 21 14 83 88 82 80 19 23 54 12 25 45 5 70 78 38 71 52 55 50 39 79 46 3 88 0 17 31 85 20 8 91 92 46 20 10 94 69 89 40 62 71 58 11 89 6 94 31 79 67
14 42 79 5 26 53 19 67 39 29 89 45 85 16 24 57 33 65 1 16 83 13 11 57 55 83 96 45 20 45 45 19 36 1 12 70 7 61 1 79 86 69 73 36 35 73 78 36 9 27 64 90 18 47 52 66 65 58 36 94 70 83 73 95 48 83 77 91 84 36 45 79 76 46 95 91 30 37 47 61 95 80 73 63 80 23 78 25 51 41 4 38 42 74 42 42 95 71 34 77
57 24 97 90 98 18 38 54 68 97 43 2 15 14 30 42 3 75 13 48 17 9 76 27 9 5 0 80 72 95 60 73 20 2 39 88 58 74 23 8 71 7 7 43 27 56 69 23 75 2 27 21 63 92 25 87 23 90 90 47 91 70 79 22 83 98 18 97 46 37 37 5 7 63 46 39 93 25 91 73 61 98 85 9 65 84 69 54 51 55 96 59 64 61 9 62 6 33 2 7
28 83 94 8 31 98 90 89 78 8 27 29 55 4 2 91 85 77 37 38 32 49 17 99 16 77 41 41 64 93 57 22 66 84 15 69 62 12 79 40 78 61 28 34 63 95 45 12 98 21 67 8 63 85 63 34 24 83 41 60 40 17 51 27 62 89 34 25 76 20 75 11 66 45 78 90 99 84 44 72 45 7 25 1 5 0 79 49 77 42 69 39 39 23 87 89 21 11 34 24
29 27 93 48 65 69 30 36 16 52 33 34 22 81 49 61 20 42 92 18 60 84 39 13 26 46 49 72 50 56 1 71 2 31 66 98 54 76 75 53 60 7 21 51 76 70 16 99 25 85 86 87 70 90 87 44 93 11 91 86 73 68 5 4 72 42 27 11 83 44 23 96 42 63 79 29 41 51 43 77 81 67 96 93 54 14 78 67 49 24 32 53 72 0 10 89 9 37 19 68
32 12 22 48 45 49 58 10 94 28 1 24 99 49 33 99 64 21 29 57 33 93 90 10 62 10 6 48 97 34 33 32 76 35 94 97 50 37 31 76 32 45 61 66 71 5 32 60 52 52 57 20 55 70 35 20 76 89 64 5 79 94 68 24 92 65 0 47 89 0 61 87 81 22 66 91 36 35 25 15 74 17 62 10 63 20 68 26 89 98 21 57 31 40 11 25 79 49 26 40
21 95 88 34 24 11 21 34 54 3 37 95 34 9 21 73 29 16 25 15 57 50 83 79 56 13 56 5 9 60 98 15 36 67 49 24 58 80 19 88 24 95 9 67 40 44 19 14 66 58 5 18 88 0 61 41 3 47 30 68 0 50 21 91 82 80 20 91 75 28 78 39 13 15 49 98 95 30 95 87 71 16 26 27 34 70 28 63 20 64 61 38 16 29 39 63 16 77 79 23
66 13 18 31 13 88 99 40 7 55 23 15 82 99 1 41 8 97 97 81 19 5 59 54 93 65 29 42 84 57 3 25 53 16 51 45 30 5 39 50 25 1 8 32 77 48 46 41 29 1 34 52 73 76 27 97 85 19 8 1 23 83 78 97 44 23 2 18 86 82 4 24 2 89 17 48 83 56 5 77 88 86 84 73 40 25 97 45 40 88 78 61 86 15 45 48 12 35 53 71
61 50 38 65 83 45 24 43 18 12 8 96 45 59 34 34 8 42 88 47 1 94 82 92 95 62 66 24 5 4 14 79 43 63 59 69 14 84 92 86 54 70 46 84 41 80 91 88 63 83 96 27 27 80 0 43 22 71 13 68 70 89 17 49 18 43 66 41 79 33 69 74 12 41 77 36 46 32 91 49 92 22 0 6 46 41 56 2 88 23 87 2 16 46 35 35 76 34 51 36
66 69 15 99 70 14 56 53 24 17 29 20 97 24 97 61 25 75 61 68 92 74 61 35 89 30 27 73 45 97 58 18 50 83 57 45 8 98 86 62 30 81 21 37 46 46 66 93 72 65 73 59 60 5 40 97 78 36 7 43 48 18 46 53 3 74 58 1 73 93 2 60 22 57 80 45 42 64 50 36 63 80 87 47 29 8 60 97 49 58 40 54 92 47 95 24 36 62 23 4
64 82 69 86 12 42 28 94 18 19 67 80 83 3 49 2 43 87 0 3 98 67 62 55 71 61 21 67 60 32 23 7 53 50 15 17 25 88 24 68 64 96 46 24 10 83 94 83 84 94 26 54 32 29 23 73 3 53 30 37 66 94 46 72 22 30 84 86 1 30 24 25 65 20 87 52 9 17 7 34 25 83 54 90 74 33 56 71 85 39 87 95 47 80 74 86 25 69 14 30
5 29 65 78 80 87 46 33 55 51 14 19 3 94 45 10 96 54 73 36 83 4 16 28 26 57 81 3 86 22 43 56 76 45 66 93 30 9 44 51 87 6 97 75 27 54 22 58 70 37 87 88 35 57 22 80 25 65 63 13 5 74 37 45 94 34 66 6 28 89 6 55 79 36 28 92 2 14 6 26 53 6 50 22 86 22 37 23 44 90 85 33 4 80 43 61 68 70 76 80
18 26 18 36 39 2 34 18 82 2 90 92 92 96 32 59 48 51 96 43 83 45 59 22 90 38 69 8 63 92 68 71 51 36 10 28 37 78 86 89 49 6 25 74 51 17 4 41 85 62 32 53 67 95 46 31 44 77 89 90 34 76 75 32 79 1 75 35 50 77 15 81 12 80 37 14 70 37 70 39 16 98 1 35 17 93 76 60 37 82 69 14 1 33 26 35 74 49 93 82
39 7 44 95 39 74 74 88 46 89 2 87 56 18 26 3 35 43 9 59 71 34 26 7 37 29 6 18 80 49 1 94 45 45 57 58 6 93 63 35 35 8 14 46 68 10 76 93 11 98 0 39 40 80 99 62 90 32 33 61 79 39 71 95 20 46 85 51 75 75 11 19 86 91 57 88 52 25 58 73 66 70 9 19 25 28 64 9 24 86 69 81 90 78 26 36 68 66 19 72
98 0 16 10 95 77 36 7 51 44 41 89 9 74 19 90 6 62 52 8 88 8 49 60 88 14 70 45 26 17 50 5 43 20 8 91 86 64 56 59 85 63 6 24 28 89 93 9 2 92 11 73 6 6 41 89 51 92 53 8 60 46 32 32 48 17 19 91 17 35 94 16 9 4 17 89 98 55 48 17 37 17 80 16 1 31 27 46 35 75 54 65 89 39 69 63 95 82 74 46
8 25 88 60 0 58 20 36 20 85 53 77 29 21 95 15 33 46 11 92 63 93 89 41 37 46 29 84 16 23 5 78 0 0 64 86 60 41 63 99 84 5 61 47 7 93 21 14 68 24 47 93 51 23 51 94 4 37 83 46 19 96 92 5 34 70 74 44 57 88 47 57 51 24 53 70 46 71 98 38 73 69 3 72 55 83 68 96 68 79 69 63 42 61 35 74 58 21 68 99
75 59 97 24 71 19 18 88 38 7 29 45 32 64 38 80 38 63 86 31 8 40 78 43 27 63 39 18 54 75 90 14 5 83 60 61 16 54 53 90 78 67 79 89 91 44 10 98 70 71 83 23 54 17 69 46 25 39 35 39 96 78 97 64 52 16 27 17 41 22 91 76 81 42 3 22 24 89 9 54 47 7 2 89 60 88 8 59 24 52 18 17 32 3 2 72 66 32 84 95
74 7 45 50 19 1 5 10 27 51 14 79 38 70 12 11 5 92 30 7 0 39 18 41 87 89 45 68 2 31 81 37 26 79 93 35 91 53 12 79 37 97 76 75 57 75 94 45 16 32 28 76 94 4 87 68 95 2 88 75 6 82 29 39 28 5 73 20 8 41 79 90 74 84 22 16 57 7 49 42 18 1 66 71 16 15 18 8 54 13 34 26 20 81 30 95 93 93 10 23
9 67 23 28 8 54 92 71 54 97 36 99 10 39 18 97 72 37 84 28 5 13 71 89 18 43 14 54 2 59 67 86 5 29 68 24 55 55 90 55 70 21 29 42 59 8 31 62 15 95 10 87 42 47 43 39 65 11 21 15 18 12 23 91 37 92 33 4 93 91 73 97 8 23 6 21 30 96 14 8 25 46 58 94 37 71 43 38 0 94 94 37 21 76 68 2 72 85 30 57
4 93 51 43 44 69 57 40 33 47 49 63 8 92 46 91 2 39 36 47 42 31 4 81 67 27 38 33 16 15 95 30 45 13 27 78 51 18 18 7 97 10 34 25 29 7 93 58 61 8 97 63 30 79 94 73 83 61 58 41 52 14 43 46 39 51 46 77 45 26 36 13 69 24 41 63 58 98 80 53 65 81 89 78 75 24 58 94 71 81 19 41 8 7 45 58 95 99 83 72
56 70 48 31 42 14 8 49 51 81 44 61 16 56 51 68 47 18 32 91 48 18 85 50 44 5 34 8 47 11 48 60 23 94 97 46 99 24 52 14 51 92 95 83 25 20 21 2 86 45 22 22 6 68 9 55 69 25 31 31 28 4 17 16 16 91 63 2 89 69 5 22 19 16 56 43 91 50 80 80 29 5 48 14 3 58 95 3 81 34 4 72 57 80 93 53 82 97 26 82
28 11 81 83 82 44 32 18 11 56 20 89 76 28 21 57 70 37 63 20 30 17 42 32 61 67 83 84 17 21 48 10 24 66 62 74 10 53 98 99 2 33 41 98 69 13 34 13 51 95 59 52 11 70 62 38 18 99 9 28 62 92 89 75 22 31 10 4 24 14 19 74 68 50 70 57 2 86 93 63 64 97 73 36 75 23 35 38 22 8 37 34 24 33 36 85 82 33 10 82
19 23 89 33 70 57 4 46 55 95 60 61 85 55 99 85 74 78 45 24 80 46 40 24 20 66 66 44 78 15 28 33 17 58 99 3 38 21 82 27 52 16 24 34 65 16 0 14 20 81 63 73 28 35 71 70 52 32 33 50 20 33 4 20 45 59 26 6 99 86 77 31 46 93 3 86 64 78 18 74 79 18 53 23 72 36 78 94 1 43 75 25 7 85 64 1 36 33 56 43
33 55 20 75 28 1 65 45 10 31 96 25 87 27 3 62 62 47 34 87 49 60 51 69 98 70 54 12 61 89 15 97 54 1 38 89 56 33 76 22 94 20 29 29 84 52 76 54 78 25 91 63 24 86 1 28 12 56 10 65 76 93 45 72 16 3 30 86 20 13 71 4 71 43 40 60 87 1 88 82 53 35 66 29 71 0 31 5 55 92 44 86 2 49 93 47 41 3 59 42
23 34 54 65 5 56 81 54 73 47 18 18 14 17 47 82 53 0 24 83 64 34 55 63 26 2 23 62 79 90 69 10 88 19 21 8 30 25 59 74 96 45 29 18 52 88 24 38 64 80 74 74 87 95 71 30 32 77 63 21 83 13 35 53 94 9 6 26 32 84 87 99 32 76 29 46 12 61 48 76 81 33 48 99 79 27 9 67 50 28 69 30 20 11 30 9 35 79 53 93
65 27 60 46 34 15 46 13 14 93 11 13 36 72 69 91 27 23 66 37 33 24 18 53 99 78 18 74 2 69 17 80 87 26 55 10 32 24 33 56 92 58 54 2 6 84 28 17 0 44 31 35 62 52 21 93 24 42 74 15 91 54 84 90 21 72 59 31 40 74 98 25 69 41 1 57 40 0 19 32 23 75 24 69 74 52 69 5 80 75 34 4 41 25 22 25 42 36 14 87
3 87 54 8 43 63 12 0 5 2 0 58 74 98 60 66 9 70 97 22 35 34 56 81 87 6 48 75 91 66 4 11 55 4 6 75 9 27 70 34 53 40 74 81 14 4 34 0 95 40 76 19 72 12 22 39 48 91 31 32 7 97 42 34 14 79 46 50 1 90 84 45 20 90 6 82 28 10 40 50 43 92 30 92 43 27 53 35 34 4 14 26 94 98 8 50 96 1 88 5
59 58 24 20 48 23 52 86 9 24 4 76 82 83 75 68 50 30 56 26 79 89 59 96 5 30 94 11 52 34 20 80 25 12 77 3 29 10 25 39 49 12 51 26 5 52 89 37 53 42 93 32 2 23 22 72 55 44 78 45 36 87 81 30 58 50 28 60 79 42 75 10 67 11 92 65 49 2 2 11 97 9 74 18 88 50 51 95 54 92 31 93 96 8 72 92 79 65 69 83
30 84 1 20 60 49 35 31 97 6 13 4 70 92 81 9 98 50 7 50 77 69 37 82 83 4 74 87 38 36 30 13 55 48 89 87 74 6 30 11 9 40 29 45 83 71 8 25 3 19 14 36 42 81 48 15 0 83 12 32 7 53 38 88 12 96 68 13 3 85 24 53 68 37 35 4 73 84 32 38 43 88 29 54 28 33 58 88 57 24 30 93 99 66 94 15 19 61 99 73
18 21 58 87 61 70 84 58 41 81 10 65 8 57 42 16 7 43 3 32 68 70 94 52 12 51 89 71 43 1 82 55 11 3 71 87 82 58 13 67 96 17 95 75 51 57 99 92 10 88 89 82 66 49 22 99 93 12 25 26 28 69 94 0 73 36 48 47 60 96 86 85 48 51 82 23 17 42 47 67 13 67 42 68 36 14 39 60 34 3 83 88 37 20 47 85 91 10 74 87
8 14 57 93 4 91 79 18 7 97 10 36 45 89 83 31 88 15 54 37 93 72 98 83 27 30 74 26 72 9 32 82 2 57 67 57 3 44 1 0 56 78 84 15 30 95 30 70 42 92 67 79 30 34 68 48 41 49 42 99 97 38 8 18 86 88 56 9 71 8 88 59 46 74 62 80 47 92 24 3 47 94 94 78 80 70 87 57 32 77 83 95 89 76 33 71 97 27 6 57
2 77 52 66 38 93 81 32 15 24 79 64 15 22 25 92 47 45 1 69 9 62 54 98 15 51 49 10 15 0 8 17 61 75 45 37 30 78 94 86 5 59 58 18 92 99 99 85 18 60 92 2 5 23 29 84 13 51 91 32 48 25 53 71 18 21 52 15 42 42 68 86 82 6 74 3 44 63 12 2 8 20 81 31 79 8 1 48 36 45 7 11 26 14 48 51 2 6 17 88
24 32 7 42 58 58 18 1 75 86 44 63 29 33 67 12 33 60 21 57 30 37 90 81 33 10 58 44 80 9 80 17 92 15 1 97 87 54 4 25 62 18 13 82 83 30 75 29 57 23 60 27 34 50 49 40 60 39 74 29 67 28 51 3 81 91 97 14 73 73 54 40 26 57 53 15 76 14 49 70 4 65 91 22 0 22 90 80 80 91 0 30 51 38 4 70 35 34 97 92
6 45 89 3 19 39 21 28 69 32 48 24 86 27 1 83 47 38 33 41 49 31 77 5 53 80 96 79 11 48 81 1 25 98 62 32 38 62 22 95 37 70 86 4 91 1 25 79 32 83 50 92 42 26 15 47 4 67 10 58 17 61 55 52 7 20 5 99 66 27 67 15 71 77 87 98 33 28 8 83 53 20 30 35 92 1 69 24 55 21 30 70 67 33 23 83 75 49 9 42
37 6 50 60 87 10 65 39 23 24 89 77 69 94 62 34 82 25 23 30 3 29 30 96 66 98 88 72 36 91 18 17 28 39 52 45 77 9 34 8 63 28 12 71 51 56 56 73 34 13 11 74 48 30 97 46 19 22 69 79 45 61 64 53 68 49 69 23 73 91 39 52 68 80 59 64 58 23 74 30 46 57 57 84 77 25 71 92 64 92 52 9 90 44 8 57 85 88 68 5
39 73 13 38 15 21 16 15 34 51 98 90 41 87 41 40 64 9 23 37 31 33 65 99 2 93 24 20 66 8 67 7 93 19 58 22 10 15 50 44 33 40 19 65 44 48 91 34 4 33 40 93 28 38 71 37 97 38 97 68 50 49 34 18 46 13 55 50 86 2 27 64 71 63 46 58 85 8 1 54 68 87 54 96 45 36 94 96 30 32 46 22 40 63 21 97 75 52 94 84
24 73 41 26 95 18 48 36 27 89 69 86 84 10 77 42 91 79 66 2 92 13 80 99 45 57 17 95 9 75 30 43 2 67 79 2 86 5 16 39 16 22 68 53 40 24 79 46 51 52 0 20 12 96 69 19 45 60 24 95 55 4 69 85 60 0 5 81 83 34 51 7 62 34 33 71 20 94 77 30 74 14 86 71 0 90 50 55 81 18 65 90 33 18 71 99 3 14 66 99
32 47 80 37 41 45 79 30 51 12 59 34 73 58 17 69 6 36 48 98 68 12 10 72 53 49 86 33 17 51 36 90 59 77 90 62 18 8 46 5 94 7 25 50 69 99 32 88 8 75 29 49 37 4 33 55 99 7 8 40 17 52 67 64 73 20 96 54 5 61 61 85 40 80 58 85 42 88 96 48 24 38 77 35 99 4 87 20 54 22 58 53 20 87 80 4 84 46 25 57
36 9 31 37 48 61 19 47 17 48 89 29 47 63 93 54 36 62 11 87 40 21 90 83 38 98 73 99 59 20 34 40 67 29 58 82 95 97 65 55 75 38 35 14 11 31 23 40 13 93 60 7 86 23 28 40 3 83 59 90 94 58 44 75 10 7 86 6 59 58 99 76 82 40 49 49 71 39 4 58 22 14 54 87 22 58 18 87 7 85 22 52 9 8 6 47 79 85 61 97
27 73 30 85 54 70 7 35 22 84 48 16 46 17 63 30 95 21 9 10 82 28 4 90 80 48 89 77 69 52 25 94 20 92 77 52 34 19 46 41 30 84 34 15 44 61 7 10 16 35 67 15 87 61 18 71 81 18 92 83 61 43 33 77 53 65 84 53 5 12 85 42 99 14 42 9 74 92 87 65 25 56 2 54 37 33 78 71 66 71 84 56 47 75 95 74 15 57 64 3
23 98 77 87 54 76 96 1 27 86 37 19 85 90 24 76 43 95 65 54 60 55 67 66 85 2 41 90 71 78 73 24 74 63 75 81 54 86 47 61 93 19 6 26 99 43 29 94 88 25 7 77 89 10 66 91 70 94 12 70 99 46 99 25 60 64 36 9 28 93 70 65 54 58 57 40 54 90 4 89 20 79 94 8 27 1 36 73 47 46 79 78 39 69 85 12 6 96 40 66
39 18 90 66 94 85 4 13 91 75 61 31 74 62 8 86 73 72 10 98 28 10 84 6 77 55 74 31 95 78 40 27 70 19 34 83 44 35 58 12 94 30 89 28 19 32 89 94 45 20 53 99 51 49 4 10 52 50 76 23 24 63 31 33 33 83 7 19 44 69 10 67 10 25 44 2 29 24 17 61 9 1 59 87 55 18 43 61 82 90 66 12 93 80 53 7 10 43 90 8
31 65 34 40 94 37 49 81 79 1 20 89 29 56 56 4 82 76 54 36 23 92 0 15 7 94 11 93 13 14 70 74 60 40 17 22 74 50 31 32 64 26 16 2 35 69 51 9 7 7 72 20 49 61 63 81 14 93 22 18 69 64 90 29 37 91 12 51 46 74 74 99 51 67 66 30 31 40 90 72 87 89 85 42 57 26 37 48 64 2 90 85 36 2 22 91 91 66 17 61
91 95 5 87 43 16 63 1 12 90 49 15 41 62 29 29 98 96 94 32 91 22 0 83 35 95 71 21 58 55 80 47 19 43 99 51 81 46 43 76 17 91 42 59 52 47 96 97 33 48 19 38 20 89 46 29 16 7 98 95 97 13 25 66 36 93 11 27 60 80 18 94 3 16 65 7 92 68 82 48 11 36 53 92 6 64 74 32 43 66 75 95 34 99 13 55 37 86 35 76
82 93 38 55 42 22 59 49 80 13 53 13 80 22 62 9 88 45 58 80 3 55 57 26 23 49 10 74 27 74 83 60 19 41 74 15 49 45 95 90 52 13 33 2 10 42 32 73 73 5 95 56 50 26 84 58 35 69 4 81 59 93 96 39 16 6 31 19 28 39 88 8 71 52 24 94 55 83 90 50 48 53 31 78 60 43 8 94 77 50 22 26 8 60 72 94 10 71 81 48
51 21 39 28 47 93 46 38 32 97 47 25 9 24 5 62 20 46 43 61 31 18 91 68 57 98 26 78 75 25 26 98 48 50 94 33 97 40 4 92 24 37 68 62 26 90 27 8 40 42 40 28 15 98 18 24 22 77 72 89 92 84 79 81 44 35 35 91 17 13 77 75 13 11 66 91 20 0 68 20 92 22 90 51 78 10 86 40 91 90 29 66 50 41 78 52 98 60 93 10
85 61 41 56 34 71 23 17 75 36 90 43 68 1 48 36 12 88 94 83 93 50 54 15 63 45 21 59 81 36 85 17 91 89 1 57 60 20 36 58 72 10 91 24 69 82 85 31 91 23 0 64 91 10 97 57 18 96 24 24 76 82 80 64 87 16 67 89 0 49 81 7 46 70 77 7 16 49 64 50 41 31 10 83 1 12 88 0 46 74 7 38 2 26 84 58 68 54 40 8
35 93 14 13 73 38 60 40 87 83 39 6 24 49 75 99 33 57 37 40 17 86 6 93 63 35 56 14 68 20 28 0 73 19 87 99 74 77 84 22 80 99 82 86 55 53 22 25 63 3 73 83 64 44 6 34 22 66 46 36 95 61 91 86 28 33 93 92 52 72 66 60 99 18 37 38 46 3 9 48 20 90 97 95 24 64 3 31 0 49 57 23 77 13 5 56 26 15 37 87
51 50 75 63 63 50 90 94 62 6 4 79 9 79 67 73 16 90 88 83 2 83 36 96 44 84 55 31 37 81 30 35 35 11 29 55 49 18 73 4 22 20 87 15 54 32 1 45 31 45 58 48 64 70 82 56 27 55 50 37 30 62 8 49 4 95 12 12 49 91 92 11 4 62 82 42 61 6 13 95 58 6 52 89 30 66 93 59 88 20 65 23 50 20 77 43 22 67 30 30
56 56 73 40 92 62 7 53 20 74 70 9 27 6 7 54 49 59 20 27 74 34 8 87 29 76 82 93 78 30 78 10 80 5 42 15 35 23 58 91 12 72 69 48 82 54 51 78 0 73 62 73 86 99 13 36 15 75 3 24 69 67 40 75 84 50 25 3 43 21 8 22 63 74 53 52 75 92 6 6 42 97 78 59 94 68 51 68 23 69 75 17 9 94 11 9 40 68 72 79
98 21 41 30 2 85 34 57 89 64 25 51 87 36 23 72 54 78 79 85 25 22 30 51 63 58 44 20 26 64 8 19 95 21 1 39 63 66 57 45 86 19 57 64 2 90 13 32 64 6 1 16 43 51 68 58 4 44 27 28 28 60 13 20 6 21 75 53 97 79 77 23 75 37 26 39 29 60 15 21 44 51 60 84 93 82 54 14 0 12 74 85 83 14 19 38 73 19 94 33
17 59 71 12 6 76 43 42 38 71 55 37 35 37 59 87 30 36 33 47 20 62 54 5 37 58 34 58 18 26 64 88 68 13 65 80 99 49 44 56 1 29 65 76 28 49 97 1 33 34 79 73 66 22 33 37 36 68 99 85 88 13 19 98 16 40 97 85 84 25 48 64 89 0 38 32 15 85 37 19 11 40 61 61 39 58 53 48 33 49 60 64 16 78 3 55 69 79 93 49
73 54 42 49 98 8 20 34 68 43 1 4 33 12 41 11 13 13 25 40 29 54 67 18 15 41 67 42 20 80 78 58 57 13 91 16 99 71 26 92 43 20 81 77 83 91 90 76 52 70 53 91 33 26 6 17 87 62 5 19 14 2 8 86 29 87 75 52 9 47 73 85 3 49 86 21 39 9 37 88 37 40 83 12 48 59 43 74 70 87 6 48 41 34 26 40 26 65 50 97
95 16 45 62 72 54 4 14 83 25 34 23 30 72 75 45 85 93 4 55 97 12 31 39 56 44 43 38 4 67 28 45 95 82 87 70 17 30 94 89 28 82 55 90 56 94 98 72 95 31 76 28 90 82 19 20 19 48 48 6 33 93 94 74 68 2 8 12 43 51 7 15 73 94 11 38 8 74 59 54 40 72 31 27 72 7 16 29 65 9 38 99 16 0 36 97 71 40 30 27
26 99 23 8 89 53 0 91 89 5 44 98 68 86 76 45 9 8 26 39 97 59 76 54 41 99 8 36 52 42 43 91 63 24 18 60 16 67 70 14 60 23 96 44 37 0 35 50 74 83 96 2 5 43 74 58 44 83 15 28 81 42 98 51 51 22 56 98 2 14 22 96 34 40 10 80 41 12 40 31 37 1 13 17 6 96 97 53 11 76 23 46 96 91 21 76 88 42 8 69
52 33 21 59 78 11 56 81 79 36 67 59 81 27 40 30 15 36 99 55 0 7 93 57 77 7 48 42 99 20 89 45 13 29 47 0 48 16 27 72 38 65 79 87 39 55 63 48 37 89 77 3 82 12 43 94 47 56 88 30 94 32 28 58 78 8 62 45 49 76 12 18 9 63 6 60 63 88 75 93 84 32 56 34 16 58 33 59 97 52 18 61 38 77 59 59 15 37 3 41
18 92 93 42 17 79 46 63 11 23 79 64 21 69 92 80 45 94 74 49 30 91 89 50 61 83 34 96 25 29 5 62 35 5 70 55 89 91 89 84 63 76 15 36 31 25 10 94 16 24 65 12 42 99 66 84 79 37 71 27 23 55 46 51 50 82 6 31 40 68 68 11 61 22 17 82 9 70 55 96 26 9 51 16 19 10 95 26 49 45 15 51 41 70 10 73 50 35 1 87
82 63 38 43 74 66 90 18 81 65 79 46 95 92 11 57 58 73 88 50 49 10 31 65 57 82 92 10 37 51 90 3 61 26 71 38 85 36 14 68 47 35 45 47 60 49 67 84 21 80 37 89 76 39 21 49 59 32 7 65 40 61 64 59 23 51 88 76 13 2 74 67 48 62 61 64 98 60 18 48 9 13 53 20 76 75 65 71 16 3 44 0 44 22 20 98 96 34 6 57
45 18 12 77 58 15 34 72 72 14 2 83 55 31 29 67 95 54 90 22 87 57 28 1 56 34 34 18 3 68 16 10 7 96 9 34 5 88 58 36 0 32 80 5 58 66 28 28 60 85 57 76 55 90 19 57 82 77 56 85 3 59 82 44 49 95 88 17 14 77 16 0 54 15 48 37 24 57 97 36 75 55 81 68 77 23 31 77 39 69 35 70 46 64 68 8 64 39 41 45
72 77 13 20 80 24 71 65 45 97 5 32 56 65 71 5 68 5 76 23 89 61 67 16 64 60 91 89 27 67 85 97 22 4 34 6 44 76 42 13 98 19 8 76 78 81 96 97 7 52 34 73 94 43 65 27 84 33 91 24 57 96 41 55 85 37 28 98 3 70 69 42 66 90 35 71 52 20 79 18 64 5 47 3 5 87 60 80 60 93 37 48 10 17 36 79 96 98 11 64
2 38 88 80 91 48 0 22 33 53 12 88 59 13 39 5 66 3 23 66 38 15 53 55 95 14 36 98 80 43 1 25 94 19 90 72 47 49 47 14 42 37 95 76 43 44 61 15 53 35 10 53 46 7 65 97 10 8 95 35 38 85 73 1 89 62 91 57 39 49 5 18 21 74 7 42 98 21 60 80 26 65 39 78 98 99 80 96 9 24 39 47 70 45 46 86 21 45 10 71
28 5 85 17 11 87 95 85 75 77 75 43 17 58 84 55 37 57 86 89 93 88 65 98 14 18 83 48 48 33 82 70 78 4 83 68 50 32 91 33 46 44 54 50 40 20 1 22 95 27 79 92 24 43 73 57 20 74 29 48 70 45 95 86 36 16 30 74 8 27 52 50 83 61 2 91 18 87 74 99 80 98 10 99 64 94 21 15 35 77 65 95 77 61 47 2 23 72 46 93
31 6 29 65 66 7 46 59 52 36 86 81 85 95 67 91 42 78 2 30 29 37 91 12 22 43 32 52 67 70 32 68 27 6 58 34 12 62 36 37 94 27 20 48 32 93 69 84 40 56 48 0 33 76 33 42 12 87 53 49 45 98 86 81 60 68 76 20 34 90 59 6 63 61 82 10 25 58 99 96 14 31 59 57 8 28 77 66 36 97 53 38 61 91 36 31 84 69 60 5
16 52 86 85 77 69 45 66 42 15 49 35 29 95 58 87 39 63 21 55 3 84 79 71 47 10 7 42 92 82 98 17 23 36 41 89 7 26 25 95 49 35 99 22 26 97 71 79 54 29 64 42 21 96 66 8 83 42 10 90 96 54 79 92 30 20 97 18 70 87 76 71 28 52 16 27 10 34 28 87 64 27 8 18 89 61 45 45 49 28 51 59 24 14 7 58 78 53 95 64
29 50 17 1 50 6 83 44 69 73 94 36 33 9 93 63 20 67 82 67 98 22 74 22 56 3 46 38 52 68 85 52 30 44 75 89 52 6 45 75 9 94 22 34 72 97 50 85 83 63 35 21 58 62 22 43 69 31 84 88 92 15 3 95 63 40 62 27 56 21 91 54 24 58 33 22 55 33 89 1 82 80 43 21 52 78 28 10 17 59 25 52 19 19 60 88 41 92 70 7
1 99 49 85 80 2 19 43 64 47 3 32 45 82 30 71 51 18 23 86 35 3 7 45 90 68 62 9 13 96 92 61 7 2 14 13 35 56 74 38 54 60 99 29 47 45 50 23 48 2 81 93 65 71 42 62 84 17 56 65 94 80 76 26 64 77 3 11 78 90 46 63 50 0 57 16 60 51 35 46 54 1 76 13 6 11 84 12 2 30 1 47 27 14 93 31 38 43 23 4
91 80 15 42 63 52 11 71 18 20 92 32 26 37 76 20 97 99 18 71 99 31 60 16 65 52 33 14 12 10 78 4 43 2 0 29 33 28 58 20 20 53 5 25 15 15 53 36 15 44 77 72 43 97 21 19 78 90 34 58 49 16 94 83 1 55 87 9 98 69 89 62 43 13 75 65 40 76 23 5 4 16 88 7 88 61 40 18 92 56 24 59 74 97 67 65 74 96 82 15
84 61 44 14 97 22 76 72 88 72 6 6 27 7 31 62 90 47 13 57 42 21 97 10 91 75 40 38 75 20 91 76 29 82 97 92 91 86 46 46 36 72 21 77 44 8 38 76 27 35 69 45 58 39 10 21 15 72 8 2 10 45 22 87 21 81 63 2 27 46 91 89 5 89 93 70 14 21 2 23 63 38 92 68 74 8 4 55 39 55 38 34 98 34 17 1 65 68 28 67
30 54 25 64 30 35 93 34 23 84 27 19 23 18 61 24 61 59 55 90 16 0 22 81 6 41 4 56 83 36 10 77 83 71 29 65 61 97 4 17 36 30 87 55 1 15 25 85 87 64 44 13 74 80 54 74 14 77 78 14 26 15 35 59 8 93 34 24 88 39 8 98 73 71 20 59 90 12 92 84 0 81 56 31 51 86 32 77 10 2 2 34 18 34 51 77 56 3 34 33
87 37 97 39 14 0 48 71 38 14 55 24 34 10 3 12 58 62 78 47 0 51 38 69 25 28 55 57 29 43 20 0 0 23 14 66 27 24 12 60 30 62 31 15 47 85 71 46 64 76 95 31 47 69 1 84 50 52 52 34 30 14 41 22 29 71 15 77 16 23 45 48 88 63 34 34 79 84 91 38 12 7 42 82 42 88 38 0 46 32 38 26 30 5 88 90 63 94 61 66
3 25 58 77 8 53 68 14 31 66 43 19 51 62 33 0 89 13 29 71 64 35 6 30 66 40 6 11 28 78 25 81 27 21 61 82 13 83 48 51 80 39 70 89 99 17 61 3 21 49 23 72 18 69 78 52 61 53 27 65 57 31 35 4 75 88 1 9 33 22 43 44 10 39 34 76 32 82 54 13 40 38 83 23 81 2 63 48 73 90 33 78 96 64 37 56 32 50 30 40
12 98 47 52 68 51 83 29 94 92 47 80 82 30 74 34 0 9 38 3 63 30 39 26 22 89 82 25 58 60 99 55 35 53 72 83 53 41 50 33 34 24 86 20 9 81 59 75 41 47 57 26 92 43 4 60 97 57 39 23 93 2 69 13 90 30 70 6 20 20 80 42 69 36 50 84 20 64 34 73 54 49 80 77 44 55 66 58 38 1 36 62 81 28 56 62 42 84 76 82
17 34 71 52 69 33 5 50 93 20 78 29 72 46 34 11 70 56 3 1 21 19 20 64 26 8 99 71 42 10 78 31 42 73 50 82 70 58 77 39 51 23 35 67 24 16 91 57 61 23 18 78 2 79 50 86 67 17 48 85 58 10 11 12 27 10 74 93 10 8 58 60 51 74 16 3 78 55 79 12 42 67 49 7 66 42 4 80 82 40 82 13 28 74 78 41 45 65 46 27
92 75 25 74 97 22 29 39 14 72 13 66 95 12 4 92 5 22 22 67 13 0 50 32 44 87 93 22 49 92 69 68 69 9 97 91 83 6 32 85 11 15 50 51 4 94 22 96 13 56 70 46 22 18 40 22 54 70 53 8 25 88 13 35 58 14 7 80 58 23 14 7 69 15 72 14 29 85 56 47 13 15 24 20 65 93 66 24 95 32 29 89 76 38 20 93 77 60 4 19
12 26 95 89 50 58 97 18 98 42 89 59 7 27 88 57 96 8 90 21 47 61 90 4 36 68 19 94 2 22 80 58 94 37 61 40 49 84 4 59 29 88 61 87 45 34 29 62 96 64 58 46 15 28 43 74 98 43 79 42 61 50 20 11 54 97 13 5 82 6 97 24 81 5 36 3 33 66 43 88 22 30 70 18 34 27 7 65 75 71 79 78 39 58 76 76 3 28 47 13
10 61 82 55 19 62 85 0 48 49 40 63 88 33 71 98 0 29 4 73 85 46 9 99 22 38 72 74 6 35 59 50 77 77 79 55 14 67 95 13 94 28 63 45 64 57 66 69 22 70 82 36 57 7 88 95 50 5 26 20 97 15 76 53 81 74 49 6 62 39 5 76 75 26 20 1 6 79 64 50 11 59 57 69 65 27 15 13 14 57 3 11 17 12 4 28 66 85 55 22
31 10 69 97 93 17 50 15 9 22 42 23 74 14 83 28 90 29 43 47 57 71 90 49 81 76 13 0 42 2 41 20 33 49 36 59 70 32 14 14 80 38 37 96 56 19 48 91 99 16 72 50 21 14 99 75 67 63 39 78 23 47 44 18 20 12 64 47 4 87 4 24 46 16 64 80 88 10 92 72 59 42 78 77 1 89 88 46 32 51 12 56 2 74 19 61 4 20 56 0
37 37 85 52 79 10 58 5 69 86 52 58 64 92 53 45 37 96 17 19 49 84 9 28 38 85 2 67 5 54 17 87 57 50 56 88 45 97 36 43 75 41 35 69 0 2 86 26 22 24 21 73 76 44 38 37 78 79 92 4 19 84 40 10 24 15 38 34 90 59 93 76 84 23 6 41 25 89 56 58 41 70 13 51 43 40 36 47 99 25 54 82 18 19 20 28 14 71 90 64
33 89 18 70 36 21 13 44 79 19 53 85 33 74 8 24 68 29 3 32 74 60 54 85 69 80 83 12 98 53 46 97 0 21 34 89 14 73 30 11 19 95 32 24 78 91 73 87 96 62 51 2 68 7 15 14 81 1 52 20 43 79 77 7 73 88 65 27 44 1 26 2 73 64 79 48 6 74 6 74 67 50 88 47 55 26 1 60 75 55 30 98 28 48 83 51 70 2 27 62
32 70 60 92 29 61 16 7 36 0 35 4 1 57 19 7 61 84 22 6 83 2 8 6 2 68 1 22 44 61 45 43 16 72 2 77 42 68 14 63 39 99 44 41 17 24 76 68 31 50 68 49 65 67 5 75 55 13 48 31 14 82 97 98 48 37 76 17 65 1 52 56 24 30 24 93 71 8 70 80 23 23 63 48 58 38 23 76 16 97 84 13 15 54 75 63 98 67 28 89
12 25 80 91 46 65 48 28 24 50 75 6 28 72 53 99 48 91 37 27 79 79 98 52 77 22 81 44 86 93 26 79 40 92 23 54 50 9 74 13 24 74 26 90 10 14 5 30 64 43 2 17 51 94 21 42 27 91 42 98 37 64 74 92 55 0 1 52 26 37 69 85 33 2 52 55 74 6 46 29 0 22 90 61 29 1 69 61 16 62 53 42 61 53 59 86 49 83 77 74
