100 100
3 37 8 36 59 36 26 2 82 5 30 64 56 94 43 88 58 42 94 33 35 83 27 9 26 51 89 69 23 29 32 49 53 77 87 4 60 82 35 16 68 52 36 6 84 72 54 73 62 78 18 88 60 49 14 55 70 95 29 47 45 74 5 38 60 17 38 38 40 56 25 63 72 49 40 76 52 56 14 34 63 9 15 23 75 89 25 51 62 14 37 11 68 19 72 48 36 19 14 90
76 12 58 34 25 0 57 21 39 86 84 65 99 28 84 41 72 1 71 97 33 85 32 73 14 39 67 99 15 97 22 63 80 98 10 19 28 6 1 59 68 93 62 33 75 91 55 71 94 24 55 31 33 21 69 69 71 71 97 2 55 98 85 14 48 15 32 39 59 7 62 36 64 6 60 69 79 10 65 84 8 16 54 73 48 29 22 28 73 47 28 60 55 4 30 89 38 98 50 6
99 41 99 14 39 95 0 80 13 70 60 36 91 39 19 97 43 72 88 74 87 38 93 93 12 60 3 72 75 18 74 5 91 25 57 84 99 27 36 88 59 67 21 36 47 83 7 25 34 72 22 46 40 34 29 94 91 29 6 70 76 20 45 1 19 66 15 97 79 61 3 98 66 73 12 39 42 9 32 50 75 33 94 52 64 38 37 1 25 68 61 13 1 74 98 72 15 96 54 32
99 57 88 83 59 31 61 59 78 17 49 75 83 80 70 35 67 99 68 1 41 33 0 88 35 57 55 70 87 33 50 76 53 11 32 99 75 67 56 18 72 40 53 93 73 40 19 79 27 56 29 55 5 7 75 92 88 63 42 99 78 60 0 38 12 22 47 27 32 32 72 8 81 64 8 75 33 36 45 26 17 13 25 51 3 50 97 10 20 31 28 27 44 42 56 82 61 80 67 33
7 69 24 84 36 71 7 92 15 5 47 32 50 45 14 83 35 83 3 22 97 1 96 16 60 54 5 95 57 72 21 59 53 1 41 85 6 5 44 62 51 51 96 31 47 16 94 47 40 86 40 34 69 0 28 82 52 45 59 64 11 27 30 41 35 47 67 70 95 73 21 19 98 12 48 43 38 34 16 73 48 31 82 29 68 40 30 77 51 18 72 93 0 76 30 39 89 68 90 91
48 57 78 10 6 62 71 91 79 24 11 72 51 28 64 49 40 59 63 96 73 45 92 38 98 38 19 11 14 23 85 84 97 60 46 14 10 27 6 54 2 27 62 18 6 13 50 1 94 70 21 13 28 97 22 67 37 35 30 95 80 70 0 82 25 77 24 87 50 37 44 35 83 29 79 44 54 43 19 85 82 45 14 34 46 4 21 47 87 26 29 27 64 75 49 65 53 84 88 33
12 96 42 66 41 7 14 74 76 27 78 49 1 23 86 87 35 43 22 53 69 76 39 81 16 54 42 20 60 63 14 0 96 79 44 27 56 7 97 69 61 81 2 67 18 38 60 20 62 43 75 7 84 36 86 28 42 40 34 37 17 43 36 2 13 54 47 96 17 41 93 11 11 4 96 50 27 78 1 45 59 21 18 38 78 62 72 30 18 75 3 25 56 64 23 58 97 27 80 23
94 15 91 96 59 81 83 67 22 65 11 87 51 44 70 66 20 48 74 54 25 22 46 57 60 81 87 71 52 20 11 28 33 79 10 68 25 15 21 8 0 62 40 71 12 9 56 16 12 91 63 7 13 7 13 31 75 75 6 17 21 61 76 24 77 0 39 67 86 74 35 58 93 3 33 31 48 57 42 53 24 79 59 4 86 87 49 71 53 97 81 68 73 10 45 67 14 64 93 5
75 74 86 4 15 52 94 38 3 3 16 41 54 2 96 57 14 38 77 37 15 43 16 38 31 3 93 28 44 98 1 70 9 81 59 66 41 82 77 65 84 1 72 32 7 91 24 88 71 74 95 70 42 41 20 51 4 30 15 93 82 27 15 53 34 39 71 49 11 83 4 63 22 21 38 76 9 77 30 67 95 81 2 61 91 73 39 38 64 24 56 84 71 39 46 97 4 23 15 26
57 90 6 74 52 66 15 57 35 85 90 80 79 92 49 39 30 19 5 58 34 87 68 10 36 95 23 75 75 17 23 39 54 45 89 59 15 2 50 53 74 41 33 13 75 70 19 92 9 27 21 43 9 40 91 42 50 49 80 91 33 19 50 32 97 74 25 62 94 19 28 24 9 13 50 70 40 28 22 10 48 1 58 67 95 89 60 6 31 96 65 10 43 67 92 5 8 92 70 88
63 14 95 20 24 71 5 12 90 68 23 47 49 29 92 42 83 25 42 12 65 53 76 4 22 92 23 92 57 41 7 12 75 4 99 22 43 76 93 20 93 46 94 18 40 18 52 42 36 46 85 99 52 56 19 33 39 1 57 69 20 39 6 15 61 55 62 98 84 95 7 83 75 67 89 17 38 69 1 42 11 5 7 11 74 82 99 46 40 72 38 80 52 67 23 36 63 47 73 91
44 31 36 14 63 93 45 54 39 68 40 93 1 79 0 95 97 6 21 6 94 90 52 96 93 71 13 61 92 55 11 30 10 95 90 89 41 94 8 27 33 5 37 16 4 67 63 22 84 70 36 42 73 97 67 90 94 97 70 26 5 59 84 69 88 88 47 12 40 2 84 14 44 18 82 23 12 16 58 39 51 86 93 27 48 67 96 46 69 42 98 55 12 81 4 42 66 14 25 1
51 11 13 87 95 65 64 61 36 60 95 41 30 61 27 81 11 17 83 87 72 44 98 12 7 40 78 52 96 20 79 4 59 91 73 57 98 10 75 84 41 0 34 69 68 46 70 92 29 27 20 30 2 80 86 89 22 40 30 84 3 55 26 42 4 23 4 42 69 52 41 47 23 96 23 35 52 12 86 74 16 99 84 65 26 2 38 12 11 78 45 40 17 61 92 65 72 73 60 56
67 60 76 30 93 91 50 69 47 49 31 39 32 33 98 60 38 90 49 71 50 80 38 97 36 85 84 48 5 75 82 29 62 47 59 76 3 57 31 93 76 94 36 2 8 29 24 94 30 38 31 83 73 58 47 96 5 13 87 2 35 53 4 50 21 63 39 70 81 69 9 21 10 76 23 7 95 18 71 5 97 57 28 74 26 96 57 53 26 39 90 14 51 58 72 30 23 11 63 29
9 98 95 79 90 98 33 75 37 13 39 77 65 5 57 81 44 60 42 95 93 47 31 12 79 35 4 0 5 97 34 22 5 37 19 59 79 29 94 86 76 89 78 41 43 47 72 94 62 31 34 20 51 25 68 53 2 14 55 23 18 90 83 21 52 46 13 86 23 35 97 77 67 84 78 4 1 35 61 7 43 66 18 81 76 4 83 36 90 24 27 39 24 25 79 64 32 23 20 23
57 30 16 72 36 28 82 6 71 15 56 4 32 81 54 4 89 21 99 45 66 35 92 34 7 15 58 57 98 5 27 89 21 43 37 29 49 0 26 0 75 54 82 64 39 61 18 16 86 4 29 9 89 27 38 28 17 99 72 89 69 86 18 12 6 30 19 20 13 0 0 55 79 3 15 0 45 96 73 11 98 86 50 93 71 72 55 96 30 8 72 81 45 64 60 97 28 86 81 33
2 55 39 85 67 73 82 9 29 36 66 35 73 43 1 13 9 59 25 7 39 62 11 56 49 16 8 33 22 8 12 97 2 48 32 7 48 46 70 62 29 83 44 96 88 57 5 73 49 31 55 96 74 84 73 32 0 92 37 8 63 60 5 32 91 72 65 20 79 2 73 6 15 93 1 1 79 1 14 33 72 47 27 49 34 51 28 46 1 39 1 62 15 78 17 31 32 5 84 7
21 76 55 2 3 14 45 17 4 55 89 92 7 81 70 29 60 54 9 97 61 46 15 59 97 94 59 58 3 16 80 68 14 43 45 80 80 45 98 55 21 41 88 8 68 28 66 12 17 2 17 14 34 19 59 88 87 87 96 73 43 91 4 71 80 21 50 22 61 22 9 86 3 87 98 35 13 55 72 57 17 30 50 60 92 75 14 84 34 56 96 88 28 89 7 38 52 3 97 69
71 23 3 71 66 14 78 86 35 58 73 95 51 51 58 41 13 64 16 76 12 22 77 41 69 18 3 43 25 13 1 59 47 8 50 27 31 50 30 23 68 57 57 53 61 23 21 62 2 19 42 62 86 52 1 98 36 40 53 46 32 89 58 79 74 76 57 9 8 65 3 73 32 10 15 89 25 39 51 88 35 24 10 9 10 11 82 80 10 95 86 48 50 87 58 48 33 46 91 24
2 35 8 64 87 58 69 62 73 53 25 48 24 15 22 74 51 34 19 13 55 61 30 66 25 15 26 32 91 74 23 66 50 30 73 91 24 82 22 27 31 15 37 49 12 98 10 53 30 28 59 9 15 28 81 44 25 86 93 69 99 81 95 77 77 26 10 5 75 5 34 49 79 47 76 25 90 0 25 54 96 99 80 62 46 99 88 79 17 5 85 29 23 15 18 33 80 43 18 28
54 97 22 46 46 34 33 5 44 37 43 99 23 97 5 80 57 24 66 76 70 67 37 99 7 36 90 55 39 8 0 90 11 23 85 56 24 45 26 10 15 14 94 42 29 95 33 32 89 49 39 31 83 96 40 91 43 24 40 44 48 41 15 94 25 5 60 30 5 71 57 74 0 46 24 24 24 89 0 28 12 95 98 31 37 97 3 71 84 14 0 46 75 68 50 7 16 16 90 50
52 0 90 88 67 3 74 39 80 21 67 19 52 64 91 86 69 40 44 21 74 57 95 33 46 62 18 70 77 92 32 70 83 11 55 70 98 86 85 40 29 32 28 24 38 63 39 85 83 63 13 21 0 2 68 17 53 98 77 44 41 73 79 83 89 86 78 62 55 21 37 58 81 34 46 82 77 59 70 74 67 8 25 55 74 6 23 84 86 51 83 65 64 74 12 15 71 63 32 49
77 80 0 52 73 13 13 28 53 58 86 63 54 73 33 47 41 71 91 59 97 98 61 43 40 69 75 39 11 97 19 7 96 33 17 80 39 50 33 96 52 8 50 51 94 94 14 14 5 1 31 86 77 65 0 67 34 9 78 23 55 58 76 69 81 15 14 2 7 77 38 45 11 25 99 88 60 56 92 55 91 85 44 45 70 80 80 52 48 67 21 91 32 49 96 24 3 23 29 1
19 46 19 8 92 51 84 48 71 17 73 55 18 11 20 84 3 71 18 96 5 97 45 19 94 51 91 37 34 42 73 32 79 33 84 73 82 27 30 37 52 69 17 19 11 97 8 83 47 70 38 77 62 27 7 51 77 89 66 92 59 89 6 94 21 64 50 83 18 99 28 23 1 21 26 30 27 51 9 37 2 56 74 59 46 78 86 42 98 29 23 66 21 85 51 32 9 60 48 62
32 46 47 91 3 1 60 31 14 57 98 68 0 13 89 38 16 1 0 26 61 93 93 22 92 54 21 55 55 17 59 66 32 32 72 19 46 87 82 35 90 83 67 63 45 22 23 1 52 44 67 5 6 9 86 28 62 40 78 92 68 3 76 62 97 87 68 90 84 70 23 54 46 14 95 33 69 72 68 20 62 42 71 70 67 72 74 8 59 62 16 59 23 87 89 29 0 7 68 13
6 27 69 61 84 18 42 1 13 97 63 60 23 36 70 42 65 44 93 5 93 79 67 61 59 84 94 81 63 84 85 86 43 32 87 73 63 20 69 8 43 38 19 26 44 7 21 37 23 71 72 84 21 88 33 13 96 33 26 24 25 58 55 69 96 90 57 55 87 22 84 57 75 33 65 18 46 48 26 63 7 25 85 44 44 52 45 92 89 97 27 31 45 98 93 95 84 84 45 55
7 30 9 67 39 26 23 30 81 54 14 34 86 77 35 72 21 37 41 7 92 90 23 42 26 1 90 95 26 67 90 64 53 17 79 63 64 9 2 57 66 33 37 11 27 86 53 8 16 93 78 2 56 20 38 90 64 24 19 53 42 62 23 95 88 8 54 85 81 82 25 34 43 54 1 73 10 21 32 42 63 46 62 73 52 75 30 58 21 36 78 91 79 95 10 94 91 85 74 24
61 40 73 7 70 4 11 7 64 4 75 33 60 22 2 22 16 11 49 49 26 94 49 66 66 50 13 71 60 29 17 87 73 86 63 15 28 86 52 28 34 79 79 58 89 91 0 29 21 88 23 92 99 49 94 6 88 54 89 61 44 71 4 78 68 72 38 7 62 34 85 14 73 5 37 77 55 45 49 51 72 14 70 66 0 76 58 63 91 80 99 2 99 83 13 9 84 55 97 82
41 48 78 83 54 76 66 34 59 88 72 42 27 20 30 55 2 20 17 91 12 78 56 45 66 84 25 41 87 90 38 51 44 66 53 79 11 65 64 74 85 63 75 7 45 62 29 21 93 82 35 53 23 34 87 91 81 77 92 41 21 43 35 28 73 52 65 90 3 90 85 90 27 96 32 73 55 46 61 9 0 19 56 49 19 50 25 43 1 5 36 69 99 22 31 44 90 11 0 93
8 14 48 91 20 70 90 85 54 79 0 69 34 71 14 73 11 51 29 91 62 39 63 89 8 49 65 84 78 33 1 18 31 56 60 0 20 20 1 34 28 41 35 13 72 15 76 91 61 14 21 20 59 85 11 4 44 39 15 55 28 54 22 44 49 40 76 74 90 57 84 3 95 87 30 89 48 46 2 45 29 28 57 46 53 21 21 21 68 18 76 72 52 50 1 10 78 65 73 49
19 15 98 42 84 72 9 83 83 77 32 87 53 71 12 66 98 53 27 31 94 58 56 71 17 52 61 65 54 92 58 9 67 20 58 63 20 2 68 44 34 67 3 29 52 20 6 51 1 1 79 26 95 42 95 55 10 88 37 31 58 71 95 84 31 89 61 69 56 8 6 39 64 76 88 23 51 83 35 46 99 12 89 30 37 49 19 48 23 46 28 95 49 80 56 70 41 54 48 98
11 46 91 28 46 43 54 71 36 51 45 6 66 89 96 63 37 68 8 95 65 65 70 27 33 95 8 70 73 5 82 98 48 21 40 64 85 89 55 49 30 82 22 54 45 52 63 27 50 35 96 67 99 54 37 23 51 83 10 71 97 65 58 27 64 41 35 22 68 45 44 65 95 9 5 63 0 25 0 16 72 95 92 4 5 30 70 73 95 23 43 37 45 86 32 75 14 88 51 52
38 4 12 36 61 67 33 66 99 43 1 53 80 94 30 82 65 83 25 50 45 48 67 26 98 70 83 11 60 19 23 49 93 3 49 97 78 53 6 86 21 88 21 48 87 84 41 96 75 70 51 30 39 14 98 40 12 16 90 61 36 95 26 63 13 21 37 26 92 6 81 95 83 46 68 90 24 66 50 80 82 27 88 35 58 96 12 93 57 96 42 1 51 23 90 21 5 11 58 4
50 15 85 98 98 95 19 52 54 53 97 42 48 12 96 98 45 2 73 9 83 45 70 87 3 41 31 78 79 54 36 89 24 47 59 41 55 12 73 29 1 54 91 30 33 70 4 54 41 22 91 37 19 90 2 96 31 9 14 98 49 32 99 26 67 7 24 41 24 7 10 3 11 88 75 20 10 25 87 63 55 96 95 2 85 92 49 6 86 40 38 50 56 37 68 73 88 14 72 46
87 85 95 22 35 25 29 34 0 93 64 47 48 3 43 72 38 18 9 91 21 49 45 40 17 96 71 57 57 16 82 20 95 28 94 17 39 43 91 74 35 24 30 59 51 87 47 58 42 44 99 47 20 26 55 57 99 26 77 57 27 12 62 47 45 7 15 34 34 18 5 88 43 71 99 77 8 96 28 26 55 69 14 36 40 37 29 57 22 9 68 2 95 16 16 66 90 14 85 98
40 40 93 60 63 75 87 16 35 52 96 51 56 67 9 66 82 52 50 57 76 1 17 7 71 32 36 29 65 22 37 96 64 43 55 25 77 84 8 79 12 44 52 84 78 57 4 85 89 90 39 67 77 54 10 25 85 65 17 83 46 71 38 93 15 77 89 6 78 94 2 14 2 51 20 44 84 2 18 4 65 97 84 38 39 72 81 27 14 50 98 78 31 76 24 61 30 86 39 77
51 13 85 14 84 79 98 46 55 28 26 49 24 49 4 43 74 90 72 6 35 10 30 1 41 60 77 47 41 29 71 57 89 54 27 34 24 36 39 39 13 72 41 32 59 69 35 75 13 77 29 11 98 36 70 33 56 20 18 54 52 11 66 21 26 47 50 26 62 22 54 81 59 57 19 52 40 87 35 73 60 63 9 94 35 93 90 33 66 1 25 54 52 51 47 38 4 85 56 16
25 52 41 33 44 83 97 14 32 6 28 79 65 92 19 99 83 52 27 43 56 17 78 26 46 65 24 38 53 85 75 89 74 93 40 78 61 56 41 82 44 8 54 8 19 2 84 59 38 47 45 24 8 75 29 11 15 81 68 99 9 81 47 9 60 40 10 69 64 29 38 51 1 79 64 55 85 28 30 29 32 57 24 14 33 42 98 7 0 77 9 63 49 39 14 63 21 6 36 99
11 77 95 45 36 54 22 17 44 27 1 42 35 8 84 8 27 26 90 71 9 44 57 72 51 98 54 24 93 42 55 93 29 93 77 41 16 98 46 49 67 36 94 88 85 11 20 68 49 87 42 61 53 69 51 37 81 37 27 48 51 78 11 32 12 11 60 17 85 2 67 39 21 48 27 16 36 12 70 57 31 69 91 95 2 54 34 23 8 63 53 87 74 98 36 0 37 52 16 27
37 12 10 8 84 14 23 69 40 77 9 93 4 62 70 36 72 50 45 64 38 28 13 36 36 29 51 48 5 97 18 99 10 75 12 40 4 73 25 33 45 98 63 37 58 85 25 6 31 19 48 5 75 70 72 95 18 60 97 96 12 81 73 55 10 16 50 28 67 4 35 21 28 23 49 97 19 98 64 20 32 24 76 61 11 81 35 64 54 87 87 48 41 19 80 67 55 38 5 59
96 5 78 77 41 15 49 62 54 33 24 46 76 41 4 12 35 92 18 64 86 83 88 44 79 51 12 23 48 49 47 8 81 98 87 3 94 30 90 60 7 55 62 92 92 95 48 12 72 94 51 70 65 89 22 21 62 15 20 29 70 7 45 70 23 53 21 20 54 24 70 42 49 46 84 20 46 23 89 31 43 76 4 87 58 37 98 19 41 40 70 34 6 0 99 6 9 43 0 39
74 88 97 88 59 18 79 77 75 64 15 20 53 92 37 39 90 88 63 94 78 74 96 76 86 46 8 26 14 25 67 74 44 98 53 42 34 40 97 59 48 68 2 98 2 51 79 85 13 6 81 66 60 27 86 56 62 13 48 87 23 40 84 67 72 4 87 68 14 5 38 96 45 37 5 65 21 32 23 64 88 50 42 88 46 45 83 35 97 75 83 20 80 42 35 44 80 29 33 34
44 10 77 65 71 86 83 45 38 27 56 61 9 92 84 44 32 5 26 64 93 85 5 82 66 51 73 96 40 5 50 18 45 68 2 24 85 28 50 49 60 6 11 96 35 64 52 68 47 37 0 23 34 74 90 32 93 33 79 81 17 28 88 45 31 41 90 72 63 94 40 61 86 5 40 50 59 20 75 87 68 75 18 2 56 75 84 36 32 0 50 57 54 39 80 41 31 99 96 37
77 61 14 56 45 44 14 96 0 39 71 98 66 22 35 98 46 79 16 88 60 42 15 35 72 30 60 17 47 6 78 90 8 21 75 38 57 71 54 76 12 37 73 55 71 55 72 34 61 3 27 66 38 76 71 59 96 78 2 78 37 29 37 73 77 70 21 2 22 20 76 88 29 13 89 95 68 39 78 15 77 94 38 7 6 29 50 10 9 98 89 56 17 70 91 67 5 12 16 28
28 7 70 5 26 18 73 82 13 81 13 95 56 53 31 9 9 38 1 37 28 26 2 64 94 32 66 76 96 8 86 90 90 48 2 16 14 50 38 79 77 97 48 79 45 87 57 58 47 77 10 13 9 24 39 86 20 95 16 37 46 28 43 97 11 92 36 94 51 70 78 40 15 11 8 46 97 81 77 79 50 14 35 10 71 14 53 78 75 32 70 57 76 46 36 60 71 93 89 91
81 49 23 31 56 77 18 96 18 99 18 13 75 88 69 10 52 32 24 4 69 41 0 73 93 51 17 75 35 0 5 50 4 33 22 79 25 27 95 25 35 10 60 19 30 11 31 31 84 10 45 94 75 3 15 41 70 80 45 44 94 70 53 51 61 41 43 40 82 39 46 25 95 40 45 99 28 95 76 82 97 83 40 29 84 69 82 43 58 87 6 10 24 12 59 78 50 83 4 92
93 38 8 4 86 43 15 52 55 10 35 43 44 19 10 42 85 70 71 26 18 27 61 22 73 48 53 9 69 99 26 60 24 18 2 37 82 1 67 51 75 58 81 71 56 77 91 59 73 47 23 62 80 69 17 23 75 10 44 36 77 37 12 60 54 86 11 39 16 56 45 39 49 77 13 28 19 88 54 51 77 16 44 32 28 36 29 69 83 52 24 6 87 36 53 65 24 35 96 63
72 50 45 64 90 71 69 39 76 58 16 22 14 49 27 41 4 62 20 60 35 89 93 90 77 54 53 8 2 44 19 23 13 9 52 26 32 60 72 65 52 5 84 12 74 85 97 53 50 87 27 13 39 67 6 70 35 8 87 96 75 95 7 46 20 37 0 52 32 62 82 18 12 13 20 32 24 63 78 49 58 63 78 45 82 52 55 63 21 41 78 60 71 25 31 41 69 45 60 2
96 95 96 80 34 9 34 23 37 82 88 16 60 95 87 87 73 44 66 60 56 21 3 21 97 92 13 1 25 99 45 93 23 1 51 66 12 78 99 37 47 88 60 57 32 4 76 30 99 19 25 93 41 54 17 89 11 80 58 23 60 95 49 51 86 8 70 99 85 86 95 47 33 80 88 28 31 13 27 81 15 96 31 29 90 31 13 82 13 12 12 60 4 61 7 88 26 98 22 17
89 41 72 77 23 44 92 97 54 59 49 56 54 27 69 83 4 99 99 71 67 4 47 93 16 80 78 3 77 19 10 2 33 76 43 64 24 18 16 33 18 34 80 95 68 10 15 68 53 50 98 52 36 34 60 31 75 41 59 11 20 8 85 35 3 47 4 35 75 69 50 13 73 44 7 99 82 34 57 54 94 42 85 39 58 39 14 30 8 15 17 90 51 47 87 77 89 75 68 22
35 10 67 62 31 98 17 95 88 41 49 67 13 43 32 88 35 37 90 48 31 51 50 63 85 37 3 70 37 96 39 89 81 27 0 12 30 21 67 25 54 22 85 0 87 3 96 37 53 76 70 14 23 9 73 96 76 7 61 72 27 41 99 93 41 44 34 89 15 90 82 62 61 25 4 61 74 40 13 81 24 1 46 27 20 2 28 26 73 39 39 7 76 49 26 67 51 6 24 23
45 99 79 45 65 2 8 38 30 68 38 68 52 58 49 81 38 75 18 13 85 20 5 48 64 92 35 27 37 87 43 84 29 46 15 48 83 72 23 90 48 32 90 14 32 10 9 14 21 6 70 16 90 24 82 21 86 35 46 2 13 27 49 44 86 42 56 65 7 12 66 66 22 85 35 55 62 87 36 79 7 27 18 94 53 13 35 33 33 13 73 99 22 88 79 63 24 56 81 28
36 76 51 46 37 76 91 11 88 55 27 44 27 78 14 35 76 62 82 30 89 45 43 79 83 42 72 99 53 68 0 42 45 29 13 11 87 71 53 87 75 19 97 16 28 83 62 4 75 20 36 74 65 57 35 70 77 79 11 45 18 67 1 54 67 17 58 31 9 99 51 91 94 37 39 91 18 44 81 23 76 81 69 48 45 45 49 95 47 41 93 89 55 53 29 37 3 60 42 86
55 16 28 78 46 75 3 21 33 73 88 73 44 91 94 90 68 50 95 35 37 82 25 2 79 85 77 8 65 62 69 6 77 3 42 23 3 72 6 20 40 37 8 16 27 74 88 40 28 72 13 7 39 53 40 46 87 35 11 65 32 57 19 40 42 82 98 15 74 42 63 86 55 38 12 53 32 89 21 28 2 93 11 76 78 9 48 14 99 81 20 53 42 70 96 48 75 63 99 77
2 93 42 45 88 6 73 94 27 2 25 72 4 40 32 87 16 48 98 87 9 17 86 51 97 13 7 15 23 10 27 13 77 74 49 30 15 34 56 67 63 96 81 12 59 64 49 20 86 66 79 22 75 91 81 88 8 94 60 0 43 36 48 78 85 50 35 76 76 17 25 37 23 94 34 64 9 45 76 77 42 43 36 64 24 68 95 82 50 66 94 95 17 20 36 71 72 95 25 45
95 37 78 64 96 16 26 99 40 25 14 86 44 55 16 80 86 18 77 4 52 85 24 25 94 57 35 58 36 19 80 75 23 55 10 75 79 55 67 48 31 63 15 38 61 4 37 21 55 29 13 63 8 6 22 61 56 18 30 19 50 7 75 53 16 43 97 71 99 80 16 31 34 19 76 42 4 81 83 9 71 42 19 29 16 95 17 62 4 50 56 14 0 1 9 12 25 29 3 47
64 65 0 14 80 58 52 8 77 49 25 46 26 16 70 64 36 73 18 44 74 95 26 79 58 87 33 57 20 74 22 49 32 44 50 88 98 80 1 57 65 52 61 51 5 16 41 91 79 78 66 73 80 27 82 52 70 26 12 12 37 74 32 47 21 84 63 71 74 82 47 50 32 50 93 21 36 21 85 79 19 62 15 79 76 32 79 12 76 94 5 95 45 80 84 41 20 96 95 43
29 31 75 53 56 79 14 19 82 70 28 63 29 98 23 2 46 90 87 50 56 58 73 14 49 53 8 83 51 55 69 94 15 80 46 11 84 37 33 81 42 16 91 76 44 29 87 57 21 4 17 70 94 71 7 93 4 39 56 31 34 60 15 10 50 90 36 62 10 88 17 56 90 19 43 20 46 27 90 27 16 37 79 4 73 94 92 19 67 66 54 25 91 6 37 77 64 93 8 68
85 3 60 62 31 56 65 51 76 89 76 79 97 84 59 58 91 46 83 17 63 68 91 92 69 95 96 6 81 70 0 73 44 14 83 79 88 61 57 94 75 50 52 8 72 63 26 84 9 72 17 47 87 43 30 65 88 56 27 92 21 59 39 87 61 4 46 55 6 84 54 82 40 24 16 6 4 39 54 76 13 41 42 29 19 18 42 43 20 3 76 93 25 86 89 92 34 10 97 42
88 83 77 21 12 70 2 49 49 64 84 88 10 69 72 90 75 57 66 62 82 14 63 36 7 20 11 75 86 64 41 61 55 32 4 80 91 83 64 18 26 45 0 81 49 67 77 38 77 81 94 0 64 29 73 42 36 56 60 88 99 47 35 83 28 62 70 1 72 9 70 42 3 41 29 92 58 10 81 61 48 21 84 1 80 85 65 88 34 21 98 30 65 77 8 44 38 24 89 44
4 86 31 62 14 79 76 34 15 35 2 51 32 92 91 29 36 63 13 79 7 4 35 53 73 18 2 78 57 71 99 46 77 10 51 26 97 0 77 8 43 66 2 52 46 94 32 44 36 72 71 59 92 15 98 99 8 13 47 81 59 80 38 13 39 26 3 7 61 28 73 56 25 55 74 33 44 34 66 1 4 48 58 39 41 63 23 51 87 43 51 96 4 80 42 35 27 44 32 41
75 61 21 30 48 59 49 85 16 82 9 82 32 82 74 49 19 67 68 25 11 15 24 21 46 20 65 21 31 76 77 98 83 92 16 83 73 37 25 51 14 40 66 43 54 77 35 22 34 81 57 70 47 69 17 50 65 57 28 68 82 9 24 74 43 53 53 95 25 67 27 65 88 44 93 92 49 23 42 96 87 56 45 7 32 10 99 31 30 65 93 47 60 88 82 6 94 84 97 15
13 99 87 34 67 93 82 92 62 1 63 44 50 19 13 80 8 74 44 53 76 77 60 18 36 37 85 19 44 26 95 31 72 23 54 33 51 93 71 86 53 12 51 31 72 78 79 47 71 7 56 55 22 42 89 70 32 97 14 87 86 38 0 70 31 69 22 26 29 36 78 49 74 30 81 90 1 57 44 82 58 74 12 66 93 20 46 85 3 93 51 29 38 45 27 12 9 23 91 20
33 98 64 65 67 79 12 32 39 50 58 9 47 99 29 62 91 87 83 24 57 25 57 28 7 6 32 40 30 84 48 33 2 67 17 29 86 38 77 70 22 0 8 62 92 19 64 57 69 77 26 47 85 82 65 67 81 2 14 10 64 26 73 99 81 90 60 74 52 66 96 77 17 11 38 65 76 71 29 6 44 44 4 47 28 84 17 4 40 66 48 42 2 99 71 83 44 50 90 20
21 61 15 66 54 75 92 45 92 1 39 51 31 50 98 17 58 48 3 60 1 13 35 49 42 55 33 39 37 64 36 54 87 32 68 94 76 29 73 56 49 99 77 72 1 76 7 38 97 79 47 34 78 23 82 71 11 86 11 76 49 12 44 29 5 6 66 93 19 39 44 47 4 58 94 82 64 60 51 92 47 83 2 51 76 24 9 58 8 6 33 60 14 82 91 94 42 56 11 20
9 1 38 39 13 57 25 33 77 62 94 5 57 11 77 25 5 14 74 54 69 39 29 36 23 50 13 41 48 52 32 44 97 79 1 31 17 73 36 51 81 46 89 7 4 24 90 55 16 10 28 25 64 47 91 80 78 75 73 86 59 43 53 47 6 56 60 41 44 15 92 2 57 0 53 25 13 81 40 37 73 9 96 0 13 76 55 67 60 31 40 69 21 54 77 51 9 19 14 56
41 81 51 73 8 69 62 93 87 59 13 11 36 86 80 47 29 23 7 75 25 49 5 79 34 21 1 80 33 61 48 18 29 46 86 86 73 16 77 93 70 90 2 26 81 13 86 60 87 42 18 4 27 98 11 7 33 41 54 33 88 17 79 32 84 70 28 33 56 15 90 21 37 30 63 33 38 2 79 88 14 57 97 29 59 83 17 26 86 50 62 91 14 19 19 98 43 29 35 38
88 59 97 74 2 46 88 2 53 74 67 74 14 15 76 68 33 71 79 86 13 28 33 49 64 76 66 72 33 82 89 41 6 0 96 65 57 37 7 66 85 52 96 28 2 54 15 86 69 40 68 47 43 23 76 67 4 79 24 45 28 49 13 11 68 11 10 60 34 67 14 83 14 81 85 23 80 5 38 15 17 53 96 24 83 10 31 54 39 39 42 51 28 24 19 81 80 72 32 47
91 38 15 36 85 72 80 17 25 6 84 6 7 62 82 71 19 67 42 68 69 34 81 3 68 5 73 11 62 85 3 19 22 79 9 45 71 70 30 91 9 59 97 96 16 29 37 79 40 74 37 51 63 98 5 48 44 61 93 69 25 12 6 95 99 58 86 8 64 48 94 29 43 94 24 15 69 78 70 1 87 48 47 78 65 24 99 54 71 8 68 49 84 34 87 52 28 26 51 75
89 27 67 8 43 67 56 3 53 72 30 5 30 94 42 43 17 96 9 11 66 26 3 1 88 41 10 95 40 84 79 34 45 16 38 17 24 87 80 62 70 7 60 55 63 78 95 58 16 43 8 71 46 87 86 96 83 47 22 43 99 69 87 30 71 88 65 7 17 58 59 28 5 44 87 4 33 38 68 87 87 27 92 2 69 21 86 10 94 21 53 43 44 75 39 8 31 67 81 60
16 54 48 69 24 57 27 29 83 9 31 99 90 40 89 70 80 94 71 35 30 57 42 13 46 90 67 81 34 49 22 82 42 12 15 11 92 4 26 78 33 74 94 47 44 43 7 52 97 21 54 17 25 57 81 0 97 62 27 21 74 47 84 24 35 58 8 84 22 33 17 46 76 45 75 77 81 19 96 63 15 1 60 14 90 44 91 75 22 94 71 75 90 60 97 31 77 54 29 96
45 5 5 81 2 65 85 49 23 55 45 18 37 74 22 86 0 1 14 42 13 52 48 10 62 65 33 8 31 66 47 35 8 40 80 7 50 39 45 3 84 48 92 11 30 9 2 0 2 35 43 84 97 15 33 80 21 37 33 18 12 65 27 86 91 99 47 77 77 83 22 30 98 37 69 29 4 10 34 73 49 59 66 18 16 31 76 17 92 92 64 2 77 47 90 85 59 80 93 48
64 2 90 81 72 59 70 78 18 51 93 30 58 11 37 93 42 16 76 47 59 57 92 23 45 81 91 90 29 43 68 87 36 0 25 94 63 29 38 47 11 37 93 87 95 88 78 98 15 66 86 36 51 65 93 39 41 79 29 82 65 62 94 92 10 0 13 54 79 49 86 84 59 89 1 67 80 8 98 4 2 96 34 54 62 69 77 94 60 96 78 84 6 99 5 48 76 2 88 66
9 38 36 13 54 50 87 34 28 0 45 29 86 10 79 69 90 91 44 45 65 50 46 15 3 4 4 1 88 59 1 65 74 88 86 58 7 23 93 52 99 18 73 23 77 88 84 65 98 90 63 2 2 68 55 58 98 39 49 61 95 85 3 42 3 46 1 6 85 30 22 76 88 72 45 88 48 4 15 81 7 52 76 98 45 61 49 63 16 31 61 29 86 73 58 3 40 19 31 90
60 95 66 56 32 97 53 11 98 65 71 83 13 14 25 91 62 18 25 70 88 46 64 48 67 61 86 44 65 8 53 93 94 52 43 82 41 38 65 34 40 80 33 50 23 3 10 76 8 29 92 54 96 86 42 78 59 0 23 61 53 61 32 86 43 85 74 35 60 65 2 39 8 45 40 99 21 10 65 36 47 35 52 2 43 19 25 2 21 63 11 74 45 58 21 81 86 82 69 82
54 4 30 63 0 65 89 20 59 79 62 11 90 95 9 11 54 25 97 48 3 69 9 88 59 13 70 19 84 22 55 81 9 9 88 39 36 90 61 50 72 30 41 92 65 84 96 12 91 75 37 43 18 42 34 66 6 11 72 73 58 85 16 20 77 41 33 59 46 84 74 58 16 98 65 45 13 17 39 14 5 27 73 91 39 83 22 40 53 58 28 86 94 83 62 77 25 88 11 61
80 13 58 68 36 8 97 50 99 98 34 85 3 53 70 69 30 76 21 38 95 67 40 21 76 25 28 6 23 95 59 48 49 62 52 1 52 63 3 80 65 85 57 44 44 92 43 63 87 19 97 37 58 63 23 55 41 96 88 50 52 34 26 21 81 77 37 38 78 66 85 88 87 93 94 88 65 18 86 11 19 72 80 47 28 14 52 76 58 71 4 72 39 86 19 51 14 28 80 16
59 64 33 33 78 14 98 41 23 48 37 82 44 38 20 13 1 86 26 24 34 45 94 22 13 57 77 59 3 3 15 45 39 15 1 24 99 63 76 24 64 62 62 82 14 67 83 43 64 29 58 44 47 98 26 19 91 13 71 38 59 18 40 48 47 85 18 88 6 53 89 57 28 53 66 75 65 81 58 68 92 77 96 71 98 72 40 66 85 46 23 87 11 67 47 32 13 61 9 70
16 87 90 83 60 6 25 37 90 32 0 17 83 85 59 39 93 89 89 79 38 57 56 80 92 79 68 75 12 2 54 50 1 86 76 10 62 94 52 34 40 75 90 25 2 82 6 9 49 80 12 57 80 74 65 49 50 11 55 51 23 3 66 88 7 31 74 95 64 7 76 20 45 75 24 61 66 52 31 33 27 44 27 60 13 85 18 3 87 69 79 62 24 91 96 97 95 37 49 34
18 99 56 69 69 35 30 83 42 43 73 35 80 36 49 26 20 2 75 65 20 39 55 16 2 42 58 36 10 50 30 87 21 61 18 20 78 47 0 17 75 98 62 15 43 74 40 4 98 50 39 39 67 64 97 11 99 28 89 34 74 70 75 32 61 29 8 61 44 72 59 64 40 8 84 89 30 75 72 14 17 77 25 95 58 24 88 58 71 82 22 29 5 94 47 31 85 1 86 23
68 41 51 30 24 96 71 39 73 13 26 38 5 96 63 84 77 60 84 19 80 93 94 46 58 95 24 35 2 92 31 15 28 88 53 76 21 25 23 3 71 4 11 24 53 43 15 81 15 9 42 77 12 29 74 87 97 10 31 1 97 6 77 67 53 97 11 3 65 25 41 77 70 15 8 28 53 65 26 45 65 75 67 26 14 74 17 52 82 69 97 47 81 39 73 13 27 85 8 55
81 54 3 55 77 1 37 72 53 36 98 10 31 13 88 92 57 2 43 88 92 41 35 22 62 0 71 91 7 4 48 48 61 74 46 78 80 61 57 32 44 92 83 98 61 51 64 71 29 68 38 56 68 2 53 5 41 67 32 69 75 68 72 28 70 64 91 23 11 24 83 46 68 94 13 59 17 29 3 0 52 30 91 26 77 36 83 29 31 58 66 95 16 7 94 43 68 44 79 12
23 59 28 52 47 15 38 36 53 63 17 46 16 87 37 1 8 56 39 28 8 29 88 78 9 45 70 59 68 39 40 39 96 8 79 52 50 55 9 53 32 35 98 26 49 55 47 59 93 50 1 14 76 6 5 85 61 4 76 80 9 52 81 32 71 48 84 90 69 75 69 30 64 13 16 47 3 57 24 25 42 52 18 71 68 29 26 73 47 31 34 8 61 79 9 37 99 73 78 73
33 63 77 19 62 89 49 75 73 42 35 64 19 44 45 84 67 29 0 33 91 53 39 21 54 34 67 23 28 5 23 98 38 19 58 73 34 43 29 27 34 27 66 7 31 71 96 81 49 30 70 76 64 54 31 79 25 7 2 14 4 25 81 19 9 71 74 33 94 36 23 87 8 72 98 91 47 93 28 11 56 69 64 25 6 76 78 52 1 47 57 53 5 41 8 32 79 7 21 41
96 28 29 50 50 67 15 30 42 57 50 43 92 54 5 52 78 54 91 75 97 67 87 77 94 60 71 82 5 43 54 81 0 14 7 89 69 54 30 13 63 88 51 87 47 31 41 19 32 61 63 32 48 76 1 30 99 10 97 5 93 7 32 41 54 90 24 46 63 72 39 24 22 21 59 42 37 89 10 63 17 90 33 54 57 32 29 97 24 65 36 86 64 56 94 5 10 49 36 50
85 23 1 85 19 37 25 75 81 84 26 93 97 61 71 53 77 30 11 55 73 11 65 44 35 8 55 65 60 91 83 60 36 68 44 27 78 45 27 11 94 89 85 19 6 41 96 76 8 2 16 65 8 24 98 44 24 8 26 61 94 67 20 32 75 44 90 90 19 70 5 64 10 68 3 2 16 4 11 85 29 53 84 72 31 87 39 35 90 16 68 45 94 43 65 10 63 11 11 35
51 83 17 83 27 77 76 32 42 7 68 62 48 13 90 42 87 19 44 7 89 16 60 71 39 91 75 44 26 18 7 98 91 41 18 23 78 92 66 29 63 93 54 36 82 22 37 22 98 35 23 83 57 59 97 6 44 7 47 34 45 96 13 53 2 65 73 48 29 52 9 70 72 18 8 44 56 35 71 16 15 34 52 23 17 20 15 74 24 48 47 94 70 81 25 15 68 32 86 50
96 42 51 40 51 7 57 2 31 53 27 0 0 4 24 65 19 91 38 17 78 0 54 49 66 53 55 53 82 0 55 3 99 87 10 9 69 31 82 19 61 79 88 50 32 58 17 84 91 89 48 83 3 69 44 46 67 9 9 40 67 56 58 31 23 81 61 34 10 9 0 19 65 0 85 2 38 98 86 78 28 96 88 44 28 94 83 1 76 54 92 22 15 82 60 9 24 35 43 87
16 37 86 2 31 95 7 38 46 90 85 81 99 21 79 33 80 93 61 67 75 21 39 14 62 59 40 87 43 52 98 2 67 43 4 19 44 64 44 85 68 83 11 97 80 88 74 8 66 23 36 20 66 17 64 19 74 86 56 38 54 31 29 57 77 63 75 80 40 83 56 58 7 37 75 60 13 48 23 40 89 74 12 85 36 85 44 76 70 27 19 32 40 84 88 72 21 44 64 82
80 90 62 12 82 87 93 25 92 17 79 30 82 83 43 71 48 6 20 27 61 80 6 32 82 96 80 38 82 74 93 63 54 88 58 27 89 23 10 72 68 38 14 47 70 77 54 42 51 14 28 15 21 81 90 23 85 93 9 68 24 34 80 86 11 77 57 13 79 3 42 48 84 70 72 93 60 36 94 7 29 39 49 4 82 21 99 53 20 42 25 72 98 78 0 39 7 9 57 49
66 88 47 26 36 99 38 87 48 86 16 42 57 77 95 24 44 91 92 15 2 83 22 62 57 33 78 67 85 73 31 34 52 96 16 89 54 76 36 87 61 14 68 26 95 85 6 41 29 61 76 37 79 70 38 75 13 29 98 26 77 98 44 73 90 93 0 45 10 81 55 25 14 8 29 12 5 97 83 52 39 70 28 13 57 54 97 27 8 53 45 65 31 86 96 88 59 0 46 58
55 8 93 70 98 23 55 19 86 71 41 8 55 52 60 47 46 77 66 89 13 27 63 27 65 66 88 45 72 25 73 16 76 81 32 19 96 72 55 48 41 56 87 57 55 81 96 27 30 2 41 89 53 9 52 82 44 81 10 15 5 25 64 8 78 88 36 13 14 42 92 26 71 85 26 15 55 45 83 25 63 59 59 37 57 26 71 80 78 86 62 58 54 93 85 44 96 45 71 71
46 34 10 72 83 98 89 61 76 41 19 21 93 22 28 80 31 19 85 32 57 87 95 29 17 62 34 85 25 85 56 60 61 30 84 89 34 79 87 58 40 97 14 49 5 11 94 75 58 33 24 14 98 92 75 10 96 42 2 7 83 69 34 79 12 83 96 83 96 32 88 0 88 21 69 72 93 14 23 93 23 7 73 97 25 98 75 72 28 81 77 86 91 25 69 77 76 30 38 5
45 69 27 79 20 70 86 80 57 37 9 46 61 13 84 1 69 90 94 53 44 46 58 8 83 8 73 90 16 39 32 15 75 34 26 82 66 52 99 17 24 81 15 35 32 5 15 76 98 78 95 70 46 36 2 7 40 89 46 6 65 68 87 78 41 43 56 13 78 40 29 22 94 43 26 32 19 94 95 8 68 52 77 50 16 15 91 25 48 71 58 55 38 60 73 82 20 54 13 35
47 26 70 10 10 38 42 78 57 58 9 45 2 63 58 85 42 72 32 99 82 19 39 20 73 57 21 75 3 61 22 44 50 92 92 68 57 50 82 10 75 65 14 53 89 27 0 23 78 2 68 70 16 31 6 81 87 43 49 38 13 14 64 62 12 3 77 76 80 10 23 14 76 28 79 1 16 61 44 66 21 22 32 20 55 19 10 75 68 5 13 74 38 60 34 59 4 33 74 60
33 91 56 1 34 84 41 56 17 38 83 11 20 0 10 36 92 26 8 85 83 29 83 27 2 14 18 96 60 9 81 61 48 39 78 7 20 94 4 23 51 64 47 4 3 16 39 91 98 60 60 59 18 11 47 22 51 53 96 98 17 85 54 37 32 16 96 24 49 78 42 91 8 90 23 22 36 47 25 57 24 60 56 45 36 3 29 37 71 35 71 49 88 40 34 85 89 84 66 47
56 59 46 21 29 40 96 85 1 78 89 43 36 81 56 55 67 74 48 88 27 39 28 11 52 97 13 90 66 96 51 53 93 48 82 43 67 69 16 84 2 32 34 54 78 9 73 55 19 3 91 52 26 41 4 70 71 71 8 99 21 27 7 3 57 47 80 91 57 44 87 43 98 35 44 77 50 96 61 81 15 93 10 10 9 1 0 8 38 41 71 17 26 23 94 66 38 73 50 57
25 49 88 99 54 94 99 93 22 24 42 77 54 15 57 9 66 84 8 95 38 50 23 34 79 74 10 75 90 15 18 67 10 19 11 12 26 15 23 12 62 92 57 57 97 70 23 58 75 8 60 13 47 21 7 71 60 17 53 0 36 10 90 93 19 93 26 97 64 29 51 36 0 30 32 97 82 83 25 44 67 6 15 1 49 9 76 56 95 60 5 49 87 47 40 74 6 98 79 82
45 56 27 41 8 35 81 47 57 15 99 77 16 24 57 20 74 71 92 20 55 29 42 1 94 98 25 79 70 54 1 90 24 88 19 94 12 35 26 73 46 8 32 53 56 40 27 58 75 63 68 21 76 49 69 49 24 65 22 82 86 7 55 49 20 2 68 84 21 75 47 17 32 48 6 48 17 6 75 41 13 62 15 94 7 39 82 83 56 63 90 66 57 83 99 23 17 87 57 83
90 30 51 92 70 55 81 38 92 18 40 84 79 14 32 23 81 40 52 90 5 24 62 58 90 72 79 70 99 12 1 37 4 44 75 89 26 1 90 37 29 9 56 61 35 3 11 41 9 65 35 77 75 21 56 78 1 30 48 27 0 4 72 73 81 91 4 23 33 51 70 67 42 69 77 98 86 53 65 53 2 71 8 30 31 25 13 21 39 15 1 15 90 61 44 33 13 63 22 92
