100 100
89 51 36 1 97 50 22 40 23 42 69 49 0 43 19 61 94 95 1 22 72 48 69 97 41 1 64 26 90 28 14 9 12 96 94 3 87 97 3 32 2 2 9 11 72 80 82 39 38 90 96 7 4 33 91 25 18 91 21 63 40 69 74 93 63 29 40 84 28 64 10 11 50 59 57 31 28 54 0 52 17 19 68 63 64 33 0 45 73 45 89 37 47 15 56 97 54 95 43 45
32 33 86 67 95 92 64 79 90 63 42 96 27 76 54 32 94 23 5 27 3 20 75 1 84 68 22 74 18 64 82 41 29 85 96 11 80 55 22 74 13 63 61 7 49 17 57 71 20 82 15 16 36 66 85 48 77 65 9 97 46 62 69 52 0 62 94 35 7 62 87 18 32 76 73 74 95 97 81 36 95 57 30 93 82 8 65 53 61 99 19 79 41 16 92 86 37 36 27 85
91 86 33 49 25 26 68 72 80 32 94 95 73 47 52 70 14 75 62 39 54 60 34 21 0 27 90 6 33 14 58 67 59 91 33 25 4 93 36 19 11 85 5 66 9 24 17 5 62 32 22 74 66 14 63 81 23 70 47 75 85 66 16 75 54 87 55 30 34 95 21 65 13 75 76 77 79 66 64 39 45 53 95 91 27 89 11 76 44 17 13 36 36 71 69 41 80 10 94 5
73 4 8 97 69 13 57 59 31 25 16 68 16 12 83 27 39 1 67 0 87 87 51 9 30 0 24 19 62 28 25 1 37 67 23 78 89 68 44 54 53 16 96 27 44 1 2 97 58 99 26 71 51 17 9 16 0 15 52 83 36 65 75 69 96 74 65 1 12 45 59 53 75 29 59 13 10 70 69 83 94 33 30 5 13 60 13 35 78 95 36 59 60 64 32 56 85 37 63 79
15 3 64 62 91 70 61 17 36 96 22 59 45 51 40 14 67 14 93 70 31 89 48 74 55 62 69 44 50 96 55 51 67 89 91 85 4 24 37 99 32 76 58 29 46 21 24 23 71 64 24 55 19 90 43 39 69 94 97 3 12 55 93 18 92 95 3 39 3 46 20 71 77 44 97 98 51 72 76 23 40 59 2 76 81 42 89 50 61 25 41 72 60 38 77 0 67 51 77 94
56 72 75 18 18 9 71 66 37 70 62 37 44 10 37 22 47 61 13 14 18 5 47 68 65 74 7 25 42 31 11 30 37 62 61 36 92 30 42 48 31 7 88 21 48 13 74 65 71 90 78 6 94 46 2 13 25 4 64 34 82 90 61 29 71 61 17 97 82 2 40 17 68 29 88 88 60 98 42 50 94 74 79 47 70 32 96 96 29 10 16 18 40 26 95 86 9 90 76 43
92 76 30 70 65 75 47 47 24 4 23 30 25 63 68 2 46 43 89 50 49 80 52 78 48 68 81 47 24 59 98 0 45 1 97 26 28 49 44 83 18 73 48 10 55 37 6 16 51 12 22 58 58 87 32 6 40 80 96 71 33 8 38 17 12 90 68 43 80 18 16 51 91 79 20 25 92 60 35 61 84 6 41 89 68 94 69 98 92 4 55 18 48 68 25 35 61 15 45 64
15 29 55 97 18 74 58 40 18 55 78 16 77 31 47 50 0 95 38 88 0 21 75 63 45 52 80 73 33 21 74 80 80 57 25 5 82 59 70 71 79 5 63 74 82 57 79 68 74 64 3 5 63 30 53 29 66 72 52 51 44 71 37 30 73 74 5 72 85 88 49 42 91 81 73 64 85 80 12 99 28 44 74 59 15 68 81 57 35 72 76 23 11 12 59 19 77 45 56 1
74 88 92 55 78 94 18 8 44 98 86 54 52 52 87 54 58 39 76 86 15 97 63 47 1 67 56 57 13 49 16 24 3 7 50 92 31 71 39 97 56 13 57 62 66 13 11 15 43 80 38 71 73 82 13 76 9 54 97 35 17 21 15 54 13 90 94 38 92 56 27 0 38 67 79 48 0 19 75 54 53 43 36 18 80 62 48 72 56 24 94 13 45 27 22 47 40 76 18 35
70 37 76 82 48 91 99 37 19 8 29 51 32 8 15 45 37 15 76 48 20 35 14 40 6 58 12 9 45 21 53 54 66 98 56 68 19 90 93 90 61 76 19 65 26 21 33 77 16 27 78 30 79 38 26 2 7 49 55 11 75 48 18 95 45 97 12 14 24 43 11 57 1 10 96 68 52 52 13 47 42 77 19 55 97 98 57 84 41 24 41 41 40 20 92 15 13 65 88 12
61 35 58 60 49 41 48 5 93 79 33 46 80 54 87 80 15 36 91 71 88 70 16 71 27 38 3 74 29 34 80 19 74 14 97 99 60 32 48 77 18 8 34 75 68 97 51 26 83 94 77 62 40 28 55 59 25 65 60 15 42 88 3 13 83 65 74 83 80 85 46 52 27 97 49 40 57 56 51 42 10 30 72 14 61 17 55 66 86 76 88 59 51 42 98 63 53 22 74 86
10 71 63 98 20 27 66 61 88 83 8 99 37 31 6 14 63 78 49 9 8 27 9 32 89 41 51 42 78 90 93 29 99 92 31 45 93 83 12 8 88 48 61 0 43 63 69 69 10 42 52 25 37 58 30 18 33 86 47 47 98 7 48 88 58 61 43 66 55 67 58 71 96 74 31 27 64 31 32 29 49 31 31 77 7 17 71 31 42 90 38 60 38 20 95 21 5 10 34 90
75 31 57 38 4 5 6 3 50 73 81 28 58 72 92 67 89 4 7 14 12 50 49 18 67 90 91 28 29 25 89 34 49 43 0 14 35 93 50 83 38 79 85 51 36 48 6 92 81 47 40 67 69 52 98 22 90 21 65 32 84 2 71 63 99 68 98 57 43 13 48 71 55 35 84 34 94 64 44 8 6 4 95 96 72 93 45 64 59 18 23 84 1 31 81 75 89 83 96 40
27 1 57 59 39 84 6 77 95 46 51 31 54 79 44 89 51 41 71 79 15 64 75 94 35 2 31 11 69 10 3 38 88 20 3 95 96 23 6 90 1 59 38 59 32 77 47 13 68 1 72 24 46 25 87 91 26 41 57 87 49 80 51 44 97 49 85 72 72 21 31 63 56 53 97 18 48 76 28 42 3 27 86 82 81 82 59 98 97 66 45 57 89 16 78 2 92 93 17 43
55 57 9 59 87 33 47 35 20 23 70 8 59 40 42 89 99 81 26 45 62 69 88 94 22 46 40 73 4 30 87 65 2 94 67 29 36 58 2 33 5 60 32 72 6 86 35 87 71 20 90 97 77 27 69 1 94 39 41 19 4 69 44 61 86 61 67 65 10 54 61 55 60 73 3 29 33 10 22 4 20 46 66 8 0 31 61 49 42 65 93 22 71 38 13 14 77 83 72 58
66 66 31 9 20 63 66 27 37 55 51 54 10 90 64 9 83 46 62 28 78 80 1 14 99 6 26 79 41 13 38 1 8 28 65 43 8 46 98 25 35 96 8 70 63 21 89 8 92 96 50 40 17 43 70 45 9 13 90 26 62 2 28 1 22 53 36 39 67 78 90 61 94 84 90 53 94 23 71 23 45 68 62 4 19 43 38 67 6 40 69 8 99 96 51 29 25 60 23 36
15 0 94 56 96 26 7 51 72 5 14 42 80 46 1 91 57 66 37 52 46 98 99 46 59 47 27 82 50 15 33 78 28 16 92 37 23 87 5 66 16 25 76 99 48 71 66 85 12 82 77 21 37 39 22 51 97 58 78 83 43 3 47 84 50 87 97 90 63 17 14 75 0 48 73 84 24 22 7 65 97 52 50 15 59 96 52 59 43 52 42 97 97 24 80 46 21 56 68 31
50 0 25 91 98 25 1 72 57 24 7 17 95 65 71 78 13 49 57 1 54 60 14 75 4 12 82 53 36 1 61 11 22 35 88 37 42 98 93 82 29 82 86 67 33 0 28 71 96 14 73 92 86 42 10 22 37 81 53 33 27 1 97 34 7 32 35 47 15 32 95 55 50 36 33 40 76 14 75 9 94 55 42 46 1 29 56 94 47 96 84 29 71 39 60 17 33 43 33 0
62 63 70 64 74 49 60 48 44 49 34 24 10 25 72 19 87 86 6 12 99 67 29 97 20 26 19 55 61 14 53 70 27 87 21 43 40 11 84 93 61 70 29 54 7 29 25 71 10 12 78 12 25 72 93 22 60 48 71 29 51 58 75 3 20 57 48 43 39 72 32 8 21 26 49 51 83 16 28 62 96 50 24 6 99 99 58 73 93 38 16 26 40 59 7 24 3 17 25 15
7 2 72 13 85 37 29 24 71 88 10 62 21 33 15 85 44 19 17 67 42 80 50 91 59 0 40 62 3 55 0 16 37 72 66 0 99 3 57 0 56 44 63 96 48 50 57 30 61 81 48 73 87 25 89 2 64 12 16 2 52 86 24 39 25 62 56 42 38 41 11 8 30 41 32 9 70 38 33 61 83 31 5 30 19 47 13 70 96 51 32 70 50 50 3 70 36 96 64 30
79 48 17 98 57 85 23 53 88 3 68 1 53 59 37 92 23 9 36 66 71 0 63 27 51 50 76 71 91 97 25 28 92 82 29 71 78 46 41 8 16 57 15 75 28 67 29 6 83 70 7 67 82 0 11 4 82 1 16 85 91 74 42 63 62 78 44 51 29 94 53 19 0 87 76 26 9 70 74 4 21 0 28 35 45 92 80 54 73 11 61 65 51 24 70 29 32 83 29 62
89 64 74 66 73 49 35 60 95 10 62 29 45 35 99 13 49 4 73 28 29 88 61 35 73 70 14 25 74 14 86 50 56 49 79 48 32 84 30 12 60 3 98 76 37 49 91 55 48 45 20 80 12 67 61 68 31 17 67 15 82 49 30 13 42 9 38 4 34 61 36 45 61 12 51 70 60 49 43 74 67 37 25 94 59 66 99 93 95 34 62 8 94 33 3 71 96 14 82 53
29 43 86 64 62 42 14 60 88 2 81 15 42 63 40 39 17 67 35 29 63 64 53 73 34 17 3 45 53 4 86 58 2 80 9 61 92 57 3 42 63 84 66 57 74 45 65 46 7 17 6 35 39 55 21 69 84 19 46 80 5 83 82 18 58 27 91 88 23 29 72 5 78 52 64 40 21 45 74 11 15 64 99 0 14 21 5 9 76 9 47 71 0 30 95 84 16 84 71 43
73 5 57 3 86 41 43 10 3 95 61 23 1 4 58 41 88 19 55 38 15 21 32 36 65 40 8 98 39 67 53 98 34 9 45 53 30 91 93 0 40 43 16 20 41 69 5 41 12 62 17 51 20 86 67 97 53 86 44 60 81 96 45 33 29 52 65 58 98 94 74 26 11 34 26 64 89 23 0 99 51 53 34 18 96 0 24 94 16 9 83 21 67 16 26 14 91 88 8 50
10 67 86 12 40 11 96 44 67 1 15 18 79 37 80 51 29 2 55 26 2 35 94 92 93 38 34 82 64 77 69 66 22 51 66 45 6 39 0 7 74 57 34 7 93 89 13 87 4 89 10 8 80 8 99 93 49 5 84 72 32 85 14 41 58 34 6 43 77 61 57 10 29 46 84 13 55 19 58 93 48 53 65 63 84 61 62 12 72 84 3 57 77 2 78 36 71 1 6 60
75 70 26 97 32 30 87 79 61 7 10 6 7 40 81 33 90 0 96 1 23 88 1 19 56 86 76 78 17 4 38 11 54 14 35 4 54 4 36 22 27 60 66 89 30 37 91 16 11 21 5 86 86 13 54 39 2 37 51 38 73 68 45 19 15 22 26 85 49 56 98 44 12 95 83 18 99 81 7 31 21 49 40 14 94 6 28 21 58 92 40 23 58 5 64 93 41 55 35 70
93 44 41 61 57 47 52 88 64 99 50 1 1 0 92 13 80 60 8 31 27 43 68 1 0 69 69 25 56 83 85 35 45 99 89 56 47 1 11 51 22 66 16 70 14 73 0 88 55 29 73 67 53 81 67 48 9 28 46 22 12 86 14 15 41 59 96 66 11 50 70 74 4 92 53 41 2 61 89 33 7 72 79 56 25 74 16 17 94 61 86 45 96 81 24 23 2 20 49 87
30 82 69 24 98 33 74 32 8 94 29 72 23 19 78 69 7 53 10 41 86 84 4 95 68 76 53 11 74 17 99 1 86 79 61 76 96 26 89 74 24 99 28 25 50 62 55 66 87 40 58 47 99 98 94 7 21 42 78 43 93 32 9 39 24 61 10 49 56 51 62 13 65 94 38 2 60 76 95 66 62 88 92 10 15 59 90 75 65 18 37 1 70 17 32 57 42 35 30 65
7 18 0 55 64 97 95 14 58 58 73 40 40 54 19 19 86 82 68 6 39 39 79 9 9 55 18 44 12 81 36 32 60 77 53 25 99 69 78 16 5 95 68 30 67 96 84 81 69 61 68 92 45 82 37 95 42 37 36 55 21 63 26 58 56 54 59 56 36 76 0 72 68 58 2 91 85 89 62 37 82 18 34 10 8 48 29 59 91 67 28 65 34 55 86 79 36 10 91 2
5 79 16 46 0 18 8 63 6 73 82 9 87 77 93 48 62 64 81 83 61 92 88 52 87 7 19 24 35 32 50 74 97 48 62 21 35 86 17 64 20 25 64 77 97 65 46 57 60 3 80 57 52 58 64 2 5 21 4 96 1 40 69 3 87 1 14 31 20 85 74 7 23 52 90 73 9 29 91 21 10 43 41 31 92 86 84 43 44 62 76 85 43 24 47 30 79 71 80 38
60 40 78 46 69 11 96 0 56 91 68 63 34 41 13 95 10 82 9 96 53 92 27 98 94 5 8 13 85 88 6 13 0 93 48 44 53 58 90 84 99 20 31 65 53 34 2 85 14 62 12 63 70 27 42 20 13 23 87 73 14 1 18 57 20 49 11 64 10 12 98 43 22 26 46 23 99 66 16 2 13 12 77 28 37 17 53 3 98 43 34 47 4 13 78 42 65 42 16 96
50 58 28 87 77 92 10 17 50 39 46 77 52 61 31 91 43 58 18 68 38 97 53 85 62 47 77 72 94 25 79 90 5 61 65 34 28 14 95 15 89 93 60 39 72 92 94 24 86 23 28 45 75 42 56 54 42 31 43 80 55 92 43 34 13 17 87 64 45 79 25 96 88 2 29 26 5 69 54 53 71 21 37 29 3 47 50 83 41 20 79 39 90 16 70 43 23 19 14 87
3 65 68 1 23 7 79 8 81 90 75 61 19 78 19 69 87 0 45 19 20 26 24 5 55 18 55 79 19 52 68 39 18 59 58 10 4 61 60 42 73 73 20 25 15 47 45 71 8 53 86 21 54 90 40 82 77 58 66 94 76 19 73 7 1 11 41 35 39 12 48 52 54 52 4 67 73 39 93 39 32 72 12 67 4 67 26 12 24 57 13 2 43 81 67 75 45 6 47 56
17 1 73 28 89 15 74 38 25 83 75 30 2 32 44 96 16 39 52 94 10 31 29 68 40 29 50 95 28 60 87 60 21 89 62 60 46 53 8 24 39 6 97 40 64 24 86 66 42 59 21 18 19 67 94 31 94 80 51 86 47 46 70 25 57 9 16 85 39 44 47 77 62 45 32 14 5 90 67 46 87 10 58 39 58 8 70 46 87 96 19 52 74 43 54 16 25 43 10 69
86 54 41 71 82 75 33 80 27 89 92 28 84 99 20 63 30 77 68 52 40 33 42 33 38 8 17 7 91 24 18 11 0 69 32 87 27 72 61 8 40 75 32 61 91 66 32 60 36 14 37 70 12 5 91 75 34 75 48 39 9 61 59 68 2 50 55 11 73 92 40 95 82 17 28 17 15 27 53 14 1 44 79 15 34 88 88 30 54 78 75 88 50 94 75 11 59 12 64 76
91 80 36 74 63 29 29 78 55 38 57 77 27 71 87 46 60 31 97 71 44 1 6 68 62 64 28 1 50 29 85 10 14 5 67 50 34 32 46 47 82 81 50 69 64 98 15 32 47 9 46 47 85 51 2 58 59 24 25 94 49 63 95 19 24 14 31 56 84 43 39 88 29 81 4 91 15 61 64 46 57 89 65 50 3 55 75 47 29 58 67 68 44 19 23 99 71 18 58 42
58 81 26 87 21 46 17 61 62 4 97 85 91 29 58 14 98 85 5 15 68 36 25 78 72 28 77 59 18 0 99 82 2 8 14 41 17 28 5 89 13 69 81 12 36 92 96 36 5 8 91 27 42 90 37 31 82 46 98 83 0 45 24 8 33 88 59 67 87 13 11 58 81 11 50 27 51 2 32 22 70 55 20 63 73 15 32 94 27 89 35 10 21 2 54 69 31 71 52 44
6 38 40 47 86 44 95 59 65 1 47 62 65 26 60 68 47 98 84 17 74 85 52 38 71 61 21 20 64 8 22 74 80 27 24 68 78 4 81 85 11 58 15 26 12 6 87 22 50 67 80 90 44 54 49 61 63 69 45 25 27 85 77 69 92 57 7 32 87 48 85 76 75 78 2 84 48 19 29 46 31 69 23 19 72 13 20 19 3 55 36 96 15 83 55 64 76 44 57 41
5 61 61 64 82 56 76 53 99 1 35 23 82 70 55 31 2 8 29 83 82 94 34 51 17 66 17 54 11 63 4 4 78 10 32 34 91 40 57 72 96 97 72 53 53 86 10 0 95 63 9 59 88 86 55 98 34 89 44 58 50 81 0 76 41 2 1 48 33 35 80 97 99 84 50 20 84 29 80 4 69 68 95 23 54 65 79 45 27 40 82 6 63 25 7 23 62 81 96 84
57 14 94 22 60 22 62 1 69 87 24 97 61 76 72 74 19 33 48 36 82 93 93 50 12 70 9 18 20 45 30 8 14 70 71 29 0 25 61 86 37 25 85 21 20 38 56 17 22 17 6 8 10 2 42 4 45 53 47 49 9 84 95 64 63 86 60 56 21 60 53 27 64 12 45 24 13 56 92 68 19 51 45 75 62 6 6 5 26 14 85 66 59 56 73 98 91 24 46 98
36 74 17 18 9 73 93 22 71 60 86 86 24 86 91 41 75 68 6 3 76 54 90 44 88 69 81 99 77 56 48 26 26 37 55 91 74 63 30 73 46 20 55 31 72 22 11 32 44 35 66 69 47 35 51 75 82 7 30 66 66 0 34 33 21 19 61 43 89 72 90 80 5 67 4 43 18 63 38 55 13 25 97 36 23 82 11 80 90 66 21 5 73 94 68 13 10 88 17 85
21 51 93 20 38 54 30 49 45 6 31 83 98 37 8 64 41 31 32 56 55 24 54 49 13 93 75 47 71 34 14 18 12 61 12 0 1 35 49 94 13 45 55 67 29 88 36 20 36 91 79 36 60 36 73 95 55 88 35 37 28 15 99 32 37 53 82 28 76 66 47 0 21 2 83 66 19 72 5 98 20 30 32 84 8 45 28 83 0 50 99 41 35 34 46 34 89 68 15 25
61 40 62 44 98 90 32 10 64 50 13 54 71 92 26 7 22 29 65 79 87 2 37 55 81 36 53 93 92 64 58 46 83 37 78 64 25 92 16 83 56 55 37 66 65 37 11 98 69 68 44 3 20 14 1 4 23 30 62 20 32 66 59 39 38 8 63 95 68 70 24 32 31 36 70 26 17 3 35 2 11 33 74 66 24 24 22 66 44 40 5 65 23 48 73 18 52 76 10 20
53 99 31 2 38 12 77 50 57 95 64 5 84 7 81 46 20 83 23 20 34 78 75 45 87 26 82 70 68 69 26 54 52 23 23 98 35 60 79 17 28 1 11 52 96 27 0 72 36 25 68 15 98 41 24 89 66 95 47 81 65 73 26 52 1 40 57 65 6 28 64 28 5 32 2 84 55 47 84 54 27 62 28 69 85 37 84 21 58 70 81 92 91 11 63 36 42 8 38 0
8 70 18 99 49 80 62 8 15 37 50 18 38 7 70 93 51 29 10 51 76 72 48 73 29 51 83 55 89 78 29 85 38 6 84 71 73 17 25 86 59 93 40 80 77 15 82 32 36 16 55 7 35 23 88 30 85 31 97 63 21 54 77 50 32 10 49 45 45 99 75 49 95 86 13 36 21 58 9 43 73 24 65 83 61 76 68 31 1 18 89 30 95 75 69 53 80 17 47 49
8 13 3 41 83 24 58 86 44 18 29 90 21 34 98 12 27 66 51 60 94 88 41 70 92 20 18 92 71 65 99 25 29 38 98 81 87 49 37 72 73 7 37 64 20 30 75 70 11 87 3 98 17 26 85 98 80 46 61 40 68 52 66 38 70 31 55 58 49 51 47 51 65 14 72 32 76 69 44 98 84 92 9 18 51 61 79 10 6 41 94 1 97 22 35 16 88 48 15 44
91 8 11 87 13 74 52 9 64 86 85 53 19 23 30 24 16 17 15 92 14 12 28 99 66 79 31 14 57 79 25 33 41 62 93 71 72 65 49 54 66 11 24 83 28 57 71 95 12 96 41 52 86 86 67 85 16 18 45 99 15 11 25 10 84 0 39 64 18 26 76 94 21 22 82 27 19 89 85 71 77 80 15 70 8 52 16 71 85 91 96 65 37 19 60 43 37 82 38 64
20 4 11 67 14 17 47 43 84 31 95 48 80 63 83 88 62 9 8 92 4 92 13 67 33 83 19 94 49 74 19 6 50 26 35 98 78 11 67 51 7 37 44 14 36 3 81 10 41 58 65 86 16 65 47 89 72 22 91 61 31 23 58 73 10 91 3 94 29 62 77 17 1 56 67 97 37 6 63 36 94 2 73 10 24 43 99 25 28 58 60 47 2 43 24 45 85 92 35 67
21 19 39 46 69 10 96 46 23 26 53 18 88 86 93 66 56 9 86 98 51 13 9 47 68 37 40 67 23 62 37 78 32 95 16 11 87 95 76 32 67 0 22 42 2 49 84 70 64 80 17 94 70 13 61 68 22 38 76 40 40 45 42 15 66 65 68 0 15 5 24 79 88 96 91 31 46 11 69 29 38 20 9 24 12 34 42 63 69 72 62 45 47 87 76 84 89 89 74 96
34 87 95 15 90 1 60 82 95 79 6 53 58 76 14 15 50 63 62 3 78 59 29 83 3 64 57 33 83 65 76 72 2 17 85 50 25 18 57 18 64 79 97 91 58 36 82 18 77 90 35 65 58 20 72 43 0 20 8 99 33 97 54 18 45 0 56 81 84 1 16 69 96 18 22 88 20 20 45 50 1 18 8 48 57 30 42 0 60 41 0 83 28 96 17 93 63 98 84 21
6 8 84 83 75 61 89 71 1 86 21 55 73 5 29 14 90 75 60 31 67 51 25 41 98 2 27 97 66 83 33 47 19 80 43 52 73 45 18 58 68 71 54 90 29 29 29 53 91 53 59 57 22 30 82 11 68 37 48 72 35 10 56 85 4 47 65 72 14 5 45 93 75 48 68 38 67 76 36 76 84 84 46 19 20 62 1 57 43 73 12 28 9 22 16 7 81 58 90 21
67 41 53 4 53 13 52 50 41 51 14 26 88 57 91 62 55 4 85 43 11 34 17 95 90 75 40 66 25 35 24 70 58 90 30 88 33 97 71 0 88 22 21 25 43 98 47 62 50 81 74 28 81 17 50 92 85 89 90 42 2 52 75 9 19 45 45 23 88 4 95 80 73 84 96 34 59 58 87 65 8 6 43 90 33 44 32 33 60 28 63 26 34 43 97 10 46 79 56 0
4 64 61 6 61 44 75 48 91 31 66 60 95 29 17 71 8 31 88 50 30 99 15 20 87 26 71 99 97 7 42 80 75 31 59 63 17 39 22 8 43 3 17 67 40 3 16 53 8 92 45 42 66 76 11 66 83 65 8 72 8 71 56 85 22 84 33 60 29 71 98 45 93 8 61 62 67 81 21 47 32 58 53 52 32 59 0 98 43 43 76 20 29 41 6 2 36 67 23 23
52 78 39 44 41 31 49 17 48 38 70 23 33 26 29 65 45 44 13 26 43 73 50 89 98 56 62 20 50 50 18 4 86 17 76 35 89 19 28 71 82 14 73 55 99 35 31 37 60 27 86 29 8 23 95 58 25 76 86 87 35 16 43 22 69 80 65 9 39 24 29 21 97 85 57 90 59 65 53 41 81 31 15 94 24 72 61 48 16 67 87 99 14 70 67 22 3 34 56 58
20 73 81 44 85 60 33 45 20 54 46 41 95 58 23 61 76 90 18 53 9 11 2 5 13 75 35 67 1 84 73 42 38 57 54 40 47 0 89 36 19 56 64 99 32 64 63 7 12 46 3 95 41 34 0 42 27 14 28 45 57 64 30 78 54 51 22 98 81 63 11 15 6 8 36 92 52 63 43 44 29 31 99 6 44 69 17 99 13 79 47 13 49 47 65 58 83 55 55 96
79 76 20 49 53 28 63 70 54 51 75 51 91 19 39 35 57 35 4 96 17 74 21 54 58 92 6 87 20 61 30 11 62 29 47 14 85 45 36 22 13 59 46 28 63 44 31 79 66 49 18 95 8 60 41 67 15 97 52 51 91 45 74 74 28 96 21 18 39 41 85 85 38 32 23 69 76 4 12 39 78 53 16 37 58 11 19 80 78 0 91 6 29 86 29 27 36 79 89 49
42 27 49 62 56 25 73 72 15 95 26 2 5 78 96 97 28 99 71 86 24 85 32 96 76 7 40 26 6 83 60 43 22 42 74 79 27 35 12 61 34 58 25 46 84 23 44 74 96 10 27 9 77 22 70 91 7 42 73 56 53 4 70 85 38 75 30 52 77 50 84 43 93 69 96 72 18 65 21 94 92 77 60 88 55 36 69 54 81 31 50 74 35 57 80 30 39 17 64 96
56 26 55 86 21 33 16 63 42 92 64 53 77 38 54 89 37 92 79 33 20 31 21 82 36 17 88 50 43 29 62 40 25 90 40 21 6 23 26 59 15 58 21 65 31 28 79 47 70 9 68 74 6 65 46 13 69 89 78 3 48 46 56 89 68 66 52 70 4 30 36 72 36 68 2 59 76 87 2 25 83 2 87 64 7 88 16 61 5 5 82 35 63 96 34 87 25 23 77 2
85 42 54 8 87 89 61 79 20 96 23 3 41 42 56 96 32 75 91 13 28 47 79 0 60 54 96 26 53 60 71 5 90 53 32 32 98 75 6 21 26 38 32 89 14 51 74 60 2 43 63 28 12 86 10 3 66 7 18 67 10 97 86 98 21 88 50 42 37 33 21 97 6 84 93 60 78 11 60 56 53 92 51 23 25 57 21 79 61 64 54 91 69 13 21 53 56 62 17 81
30 2 30 12 43 7 52 21 33 4 9 40 65 69 9 98 60 56 30 84 15 68 50 75 47 87 92 48 85 56 95 65 2 62 72 79 34 11 71 94 57 79 84 85 5 66 71 76 89 54 25 22 43 53 0 90 73 82 35 48 76 25 56 41 41 64 10 53 58 0 88 31 73 38 25 75 11 34 15 71 40 49 75 86 90 12 7 27 65 44 29 10 60 25 56 67 90 93 58 87
75 59 99 50 50 53 88 18 89 24 53 87 2 32 80 37 35 1 85 49 48 29 46 4 48 71 40 20 66 47 40 20 41 67 67 2 25 1 3 88 39 58 43 32 53 85 34 94 22 56 82 64 83 55 23 74 67 14 68 25 98 46 70 84 57 32 57 52 51 33 64 90 5 17 33 63 17 99 19 61 24 48 19 24 33 76 64 12 25 47 66 13 99 66 54 41 34 55 93 96
68 61 43 55 54 63 26 56 40 24 26 71 17 51 67 53 41 89 65 61 97 33 7 5 50 94 27 40 92 9 42 99 3 70 19 47 75 76 64 0 96 33 94 63 91 44 43 97 48 55 58 46 41 63 12 11 23 15 1 3 75 60 24 55 94 62 48 13 4 27 52 13 12 23 83 69 84 35 29 96 23 54 91 25 34 35 75 69 17 18 53 35 0 93 45 75 31 15 46 42
76 66 88 90 30 31 60 48 35 5 17 86 26 62 27 67 39 55 18 98 31 26 25 56 26 80 54 3 39 75 1 60 1 40 38 68 76 83 24 23 69 88 86 24 91 51 63 57 88 73 70 77 50 58 56 63 45 65 29 48 65 72 10 43 64 37 18 22 72 62 46 59 1 63 92 41 37 14 86 23 0 31 65 56 63 13 40 12 6 72 86 52 10 53 41 58 52 52 12 85
62 7 36 59 73 84 90 10 7 22 43 90 18 49 73 85 7 70 4 31 57 42 9 73 70 55 19 33 4 79 13 87 64 26 40 83 8 22 86 54 20 95 41 57 71 26 50 71 28 32 14 52 14 98 14 2 14 84 40 39 88 29 86 31 54 50 52 98 91 45 1 65 66 8 73 1 65 71 17 57 78 75 6 69 60 25 28 97 76 38 7 16 99 73 60 80 64 99 63 49
79 10 70 57 8 16 65 6 93 57 64 32 31 35 41 27 59 85 1 47 84 41 88 4 89 7 41 79 17 76 25 55 32 92 65 42 23 3 53 13 77 1 74 61 21 14 87 27 5 52 36 61 2 9 10 17 15 46 51 1 76 91 48 35 68 30 38 28 59 63 79 3 28 72 76 38 9 16 23 62 88 74 53 77 9 39 63 29 16 42 97 11 26 6 12 47 50 1 95 44
20 1 19 98 38 15 25 74 80 1 70 79 93 56 68 4 90 23 45 89 13 24 58 64 76 0 18 70 89 17 90 93 80 55 29 87 90 10 2 96 51 70 47 59 16 75 3 80 62 87 15 67 36 68 0 20 90 74 49 92 76 53 47 23 14 55 22 83 98 50 44 86 20 75 50 31 8 13 22 65 25 55 87 12 75 85 15 92 41 62 67 38 41 90 8 29 60 93 64 98
70 46 93 30 29 47 62 0 48 19 86 47 28 39 38 51 53 43 91 13 86 82 29 15 37 91 1 81 5 28 3 50 97 59 75 5 55 57 76 17 38 96 38 86 72 53 48 98 32 9 95 28 78 5 33 81 41 1 37 68 95 13 14 86 66 51 3 81 28 99 58 51 17 12 15 74 30 51 57 99 33 11 92 17 84 50 81 48 93 70 34 79 68 45 76 40 98 66 6 55
73 97 25 8 12 33 75 19 97 93 55 95 92 37 85 35 51 4 78 99 48 96 59 99 17 43 69 10 11 38 76 8 72 38 47 61 3 88 63 64 61 31 96 15 33 47 78 81 75 68 46 37 60 9 2 37 75 49 2 58 9 17 53 83 63 32 83 12 21 53 90 21 1 28 30 89 70 19 69 95 11 30 69 57 92 61 72 73 22 54 57 44 98 25 20 96 51 90 34 74
65 62 42 33 10 92 66 91 31 14 61 75 99 55 60 42 42 51 17 36 27 51 69 74 20 35 35 62 50 38 23 79 50 44 14 65 42 46 62 6 13 71 5 20 20 9 54 87 5 76 72 2 99 11 21 80 16 77 82 56 53 44 3 20 71 82 73 12 88 9 34 16 54 18 63 0 74 4 27 43 54 6 27 22 81 85 71 25 20 69 51 92 17 82 83 2 4 3 35 41
68 19 92 19 33 24 0 49 84 70 39 91 46 75 26 69 55 29 99 29 68 68 35 30 87 8 89 31 21 84 77 49 61 66 7 71 2 57 97 85 25 44 0 39 55 12 89 12 80 60 83 22 36 54 62 6 34 75 42 22 37 93 70 56 44 60 90 47 29 81 91 53 78 0 67 44 30 88 55 22 48 26 99 26 6 30 46 91 18 60 62 33 80 45 39 12 74 16 10 38
81 75 42 94 10 86 57 56 74 87 54 92 77 15 42 51 53 57 65 69 87 27 2 28 82 93 47 41 78 72 28 60 19 69 22 40 75 99 96 96 55 6 7 88 12 74 80 32 58 5 62 49 87 5 0 56 4 34 99 95 81 27 61 1 29 17 27 29 49 79 82 46 36 78 40 24 67 70 24 74 47 35 73 87 8 0 62 66 76 50 82 51 51 4 65 82 68 89 22 54
76 30 80 78 33 23 39 65 84 55 30 38 54 1 83 53 46 24 67 36 68 67 20 17 73 41 50 50 44 83 3 29 53 63 41 93 96 18 12 48 15 80 23 36 10 86 95 3 0 58 98 36 87 38 58 72 46 3 18 93 15 74 86 83 33 72 42 1 16 98 93 34 36 11 43 68 56 46 43 94 83 28 97 14 94 60 73 28 5 24 20 82 14 76 24 79 51 23 59 13
60 79 59 85 81 88 26 66 80 2 10 8 66 22 43 0 49 4 3 19 73 69 48 35 1 39 48 58 82 78 56 64 24 4 77 58 1 99 97 81 85 37 87 11 48 14 65 45 81 81 11 12 27 22 42 8 40 61 27 9 18 39 3 62 19 21 75 38 50 80 98 80 71 25 47 36 39 27 63 80 83 25 66 45 1 4 32 12 99 35 63 59 71 21 23 54 74 79 40 84
98 45 33 77 52 94 50 88 86 14 71 98 31 5 50 89 7 9 94 53 72 14 4 98 4 43 55 33 73 51 34 1 61 35 50 85 94 95 66 74 7 67 33 66 28 62 97 38 82 69 43 95 39 4 83 16 85 54 51 49 8 85 49 48 66 95 33 95 80 17 33 62 62 50 13 59 77 66 45 18 64 45 39 57 31 78 86 78 62 71 91 64 63 74 69 56 34 78 28 81
94 8 32 61 44 56 20 17 70 9 25 29 85 37 28 23 39 26 38 13 75 57 30 22 21 56 72 81 89 68 96 23 39 36 85 26 91 90 69 34 13 9 67 3 95 27 4 86 37 14 21 37 77 13 62 41 96 41 50 79 98 37 83 66 73 65 93 93 35 77 58 64 67 52 36 93 15 42 90 10 33 81 11 92 90 96 16 43 89 54 54 6 24 14 21 94 71 63 77 30
63 95 75 55 20 46 87 90 2 43 57 26 43 55 47 21 89 70 70 96 73 12 65 43 20 93 53 37 17 30 63 25 9 34 27 12 81 15 52 53 51 38 57 43 96 95 17 55 99 71 1 87 97 21 92 45 30 58 80 95 16 50 81 85 74 77 99 78 97 5 48 77 19 24 86 92 57 58 75 38 29 7 45 17 20 0 93 19 32 34 39 95 29 77 95 75 62 9 30 46
3 21 7 80 68 47 69 90 76 95 81 67 24 73 98 28 67 30 18 22 95 63 98 66 44 35 52 67 53 50 24 91 87 88 43 14 44 97 76 31 71 61 66 61 43 2 27 46 13 29 85 84 62 8 85 46 54 49 62 27 88 13 74 33 84 38 27 3 67 16 54 1 20 65 19 59 65 33 17 52 87 45 73 64 65 76 34 6 80 1 99 18 91 86 23 16 3 19 0 5
63 41 90 21 94 31 7 33 18 5 38 84 8 86 44 19 56 75 57 6 5 9 32 33 6 39 43 23 61 36 6 3 3 67 2 10 2 95 11 34 30 80 41 52 38 65 89 7 71 85 52 73 37 29 72 51 67 62 39 8 61 4 51 13 82 36 43 77 73 19 93 65 14 86 68 94 69 75 99 13 13 64 18 3 98 90 52 18 89 16 83 56 84 41 87 24 13 52 47 39
52 37 84 66 64 91 6 38 24 85 63 97 62 70 8 91 37 45 31 53 80 20 63 65 6 75 19 62 51 19 83 56 28 16 1 44 91 92 46 5 95 67 87 70 10 20 7 83 71 53 19 81 90 59 73 60 47 84 39 73 43 6 45 2 84 56 86 5 73 44 81 32 97 43 39 94 24 58 22 52 44 81 31 88 72 16 10 25 38 52 88 41 96 36 66 55 75 1 71 34
36 97 22 15 50 57 26 8 28 63 18 6 20 37 63 2 75 28 10 60 16 59 34 22 79 0 51 9 24 86 68 81 56 72 42 81 87 77 83 76 16 73 57 14 91 23 97 99 61 74 0 72 43 90 86 7 43 96 41 19 55 0 83 82 91 56 44 91 88 15 0 63 85 38 80 58 23 14 24 38 46 77 81 77 54 71 25 12 72 93 98 64 38 80 58 5 33 18 53 53
33 78 63 38 95 94 0 13 10 65 3 13 66 40 32 41 21 34 64 87 52 22 19 41 66 31 34 15 85 60 36 76 87 39 31 94 59 68 30 49 69 40 30 35 70 5 44 33 52 95 28 58 70 87 72 75 58 65 43 73 71 84 44 40 5 40 27 2 46 2 35 60 54 65 49 41 35 34 69 16 11 74 69 83 38 7 58 67 85 68 20 50 57 88 78 91 68 10 62 84
22 8 98 16 88 11 73 23 9 16 8 52 57 23 94 49 41 78 97 53 17 94 45 72 12 87 86 66 36 18 81 14 6 41 27 43 33 94 40 85 76 3 10 38 23 95 27 74 5 65 39 0 3 83 8 91 84 58 79 38 32 43 32 43 61 0 77 27 74 12 91 26 49 66 7 65 99 23 92 54 4 12 4 16 68 1 0 77 5 11 74 87 50 76 65 50 97 61 97 38
37 92 67 41 84 76 68 5 64 34 20 18 72 85 42 97 45 8 22 38 17 84 62 1 84 41 52 14 13 22 8 86 20 75 43 59 24 18 81 15 19 86 85 22 58 35 18 90 19 52 34 61 29 63 3 94 89 44 34 18 51 82 99 1 66 19 78 95 65 16 54 77 67 27 62 58 98 85 28 82 7 83 13 86 98 26 39 54 61 48 90 72 87 44 54 34 41 29 90 35
47 97 53 55 98 84 9 90 10 48 30 18 58 98 46 93 26 19 43 16 43 69 36 63 39 39 1 83 57 11 62 38 70 71 49 78 17 70 79 21 17 63 13 40 77 9 43 29 96 45 85 59 60 2 44 30 99 80 83 51 3 53 69 70 38 41 8 54 85 23 50 79 99 60 78 56 81 31 80 43 24 87 24 25 75 68 89 67 99 37 61 22 13 29 27 58 22 31 86 0
85 66 87 28 60 51 51 26 67 5 60 64 34 54 25 71 70 89 20 44 92 41 38 62 53 30 76 78 54 53 69 3 23 92 24 5 30 40 23 82 21 35 7 86 69 51 6 37 52 84 58 57 65 8 7 53 32 17 75 51 40 79 24 6 46 79 71 88 86 68 7 65 39 59 77 93 14 74 3 43 92 95 13 9 72 91 24 40 46 2 39 83 10 58 80 13 83 21 52 76
99 72 30 95 79 38 2 2 52 30 64 16 73 34 35 2 95 59 12 12 34 52 82 18 72 43 32 30 18 91 59 8 9 76 39 57 36 78 52 29 46 85 67 28 77 59 83 69 30 96 80 5 73 19 1 19 16 52 77 20 85 29 41 97 20 6 44 20 45 68 24 84 38 30 62 78 93 68 18 20 97 28 76 32 87 96 76 74 20 51 62 87 84 51 7 95 26 28 74 78
5 47 62 93 81 79 42 80 46 28 32 18 73 78 59 33 88 95 96 29 99 59 72 89 30 83 63 76 56 13 68 12 32 3 90 37 92 93 34 92 57 18 86 81 59 37 1 55 39 53 15 45 69 85 29 70 19 28 70 55 48 25 86 85 32 79 85 25 31 16 14 59 23 8 86 3 54 71 7 55 41 61 25 76 36 82 28 18 27 46 28 22 47 36 43 56 4 27 58 83
7 56 58 85 25 52 79 9 77 44 70 28 46 19 64 78 16 31 90 54 24 69 85 4 25 67 76 20 65 66 76 79 4 73 1 34 61 18 72 26 95 71 41 60 98 17 38 40 76 53 40 38 23 34 68 53 33 47 25 74 0 82 0 63 37 2 39 46 1 29 78 86 85 95 28 8 95 37 77 38 98 35 20 3 47 46 47 61 72 7 50 9 42 37 47 35 29 0 38 88
71 43 90 49 20 90 24 2 76 86 10 22 74 94 10 18 28 65 12 95 90 94 62 25 66 20 84 42 18 12 84 25 59 48 77 54 78 84 55 70 38 48 70 14 19 55 92 68 19 13 88 61 5 6 93 71 22 7 42 94 83 71 48 17 49 87 2 95 79 11 50 98 69 67 19 49 15 62 26 68 46 16 63 89 53 61 74 10 82 58 53 10 1 17 81 40 74 7 70 20
44 94 47 3 18 47 2 23 77 12 56 94 73 59 54 50 60 83 53 14 14 32 19 85 23 40 28 35 5 28 1 54 81 38 13 36 76 87 24 78 45 8 41 43 1 75 81 90 44 16 29 75 88 30 98 85 80 55 77 79 50 50 22 56 93 63 95 16 96 33 52 9 97 48 13 20 81 58 85 94 29 67 16 46 0 62 24 67 12 93 21 80 91 67 92 84 17 51 93 75
27 57 45 95 97 27 52 45 66 94 55 74 2 66 25 12 18 39 41 20 18 23 56 2 44 25 48 5 81 28 62 44 80 64 0 53 54 74 97 87 76 26 91 80 81 57 83 72 66 93 73 36 44 98 96 12 31 86 73 14 92 59 31 49 15 21 39 21 20 11 74 25 93 39 85 39 12 10 63 65 19 15 10 2 76 26 18 47 0 34 95 85 43 82 59 46 55 11 1 68
3 29 52 34 82 72 31 17 95 66 51 0 33 24 27 21 77 63 28 19 45 95 8 48 51 53 5 69 22 13 79 16 9 3 23 90 37 50 60 7 30 94 29 31 89 61 20 55 39 36 57 30 73 87 17 88 16 26 28 11 6 8 65 8 9 24 10 7 45 50 93 43 88 83 89 42 79 3 74 94 61 86 74 23 79 93 10 69 7 57 13 28 47 7 32 80 29 53 92 0
87 86 34 32 13 59 70 65 98 11 49 47 51 41 36 50 59 58 54 86 72 25 16 63 53 8 35 71 70 6 68 62 54 17 69 25 40 20 18 21 74 88 1 67 61 10 50 75 36 15 16 39 73 87 46 5 35 74 38 55 46 65 29 79 94 86 7 97 48 1 75 82 18 82 17 89 35 1 70 90 22 32 10 33 44 56 55 60 74 36 67 97 52 4 70 62 78 80 34 64
26 65 88 69 2 94 79 1 91 73 13 66 98 86 66 5 82 98 70 63 4 29 86 34 55 54 15 10 99 16 0 21 77 17 48 60 54 27 62 39 25 98 2 24 23 63 29 71 53 64 38 98 33 40 3 78 12 82 79 88 87 53 26 99 39 40 53 35 92 50 37 5 39 64 36 28 63 78 80 3 25 38 2 58 75 91 94 56 8 0 42 44 59 25 36 60 30 64 92 42
68 89 22 9 95 91 80 15 49 27 79 29 36 16 0 18 14 45 57 56 27 98 60 37 84 8 21 4 25 51 57 86 47 49 39 41 95 78 86 34 62 58 40 57 72 5 90 40 96 33 88 16 40 99 93 1 79 98 16 12 48 10 82 43 8 51 10 63 84 71 35 23 37 72 24 27 79 53 96 3 40 9 84 27 24 49 58 27 31 30 15 2 3 39 4 7 70 4 67 27
80 63 5 4 97 45 63 85 1 97 88 55 76 32 75 65 1 17 16 73 38 9 99 20 14 85 48 49 40 94 95 21 27 10 63 6 8 75 4 82 37 43 76 88 10 70 67 47 7 32 72 99 80 71 98 56 2 38 41 11 93 1 94 38 74 78 86 9 63 59 82 3 30 65 38 48 10 28 28 13 81 41 9 27 15 72 76 74 81 39 48 22 71 45 75 67 81 16 99 21
90 90 15 10 71 34 66 56 22 6 87 32 84 91 39 22 96 98 36 81 82 24 34 36 7 49 67 13 46 46 49 72 81 79 24 24 41 68 44 68 6 74 60 33 39 36 89 8 20 98 55 13 99 88 50 2 80 34 62 44 57 88 95 33 51 7 84 24 68 8 45 48 1 83 7 61 98 73 5 96 92 51 45 45 65 72 47 51 87 36 80 55 77 3 25 70 20 95 89 68
12 23 54 72 14 89 4 62 32 96 79 45 24 46 34 32 45 76 9 13 45 46 55 65 43 66 1 10 21 3 52 47 75 33 23 59 30 11 49 83 50 82 11 51 52 96 74 69 63 3 19 59 20 82 55 35 95 57 28 41 30 56 25 58 40 63 37 22 56 11 88 9 41 97 81 50 81 74 79 80 47 20 44 63 72 74 19 11 33 86 43 33 26 91 46 5 25 18 20 48
77 96 68 16 35 30 64 56 58 75 78 33 6 45 46 98 37 90 21 95 95 36 38 85 69 31 9 25 73 85 58 97 51 51 16 54 2 51 55 21 62 98 5 70 19 67 18 48 23 70 64 37 60 33 98 97 13 80 61 37 62 62 44 37 20 93 38 51 62 91 22 18 26 62 1 79 70 80 52 49 39 1 91 53 77 44 74 67 31 55 24 17 39 7 60 90 47 48 48 50
31 56 96 51 80 38 53 74 83 48 16 56 43 3 25 72 19 94 73 13 79 24 38 96 77 14 69 15 81 59 21 57 87 54 66 88 23 14 50 13 5 99 74 33 21 48 37 2 63 14 78 20 72 87 36 92 69 17 42 10 45 16 71 31 57 56 16 23 18 76 67 32 99 30 19 69 88 6 35 26 96 10 88 11 98 74 39 51 28 18 11 41 49 7 53 82 40 76 80 60
