100 100
69 48 90 8 7 38 12 26 2 37 31 31 95 65 26 74 40 99 24 40 95 71 47 53 89 63 50 50 65 38 43 8 95 79 41 33 33 77 80 80 51 37 28 83 99 51 66 48 82 15 59 96 94 79 59 92 54 14 58 54 12 18 2 0 21 5 19 27 74 25 14 24 93 10 69 25 93 67 51 48 9 71 30 71 58 36 18 35 33 9 69 81 54 54 0 66 11 41 16 55
76 10 37 76 63 33 97 33 12 50 58 58 89 8 95 64 9 6 55 0 16 8 50 79 36 45 67 58 21 20 60 96 7 72 90 82 97 83 28 68 35 15 48 66 55 47 0 62 40 70 80 71 77 59 48 37 4 4 30 46 54 79 22 55 66 28 61 52 97 68 74 41 6 79 2 54 76 95 7 70 38 99 17 49 41 51 24 61 30 88 58 32 42 71 69 98 17 52 26 26
16 99 89 6 68 1 67 26 46 58 54 58 32 54 66 33 92 90 23 84 71 53 24 78 47 95 33 15 46 97 28 59 69 81 53 79 32 56 40 43 4 94 38 31 63 12 85 17 89 5 58 90 40 37 1 68 97 59 0 3 46 26 70 41 74 22 67 77 64 24 72 5 80 81 18 32 78 13 5 19 21 73 24 71 10 66 74 88 38 62 35 80 26 77 42 32 9 83 80 88
3 9 94 37 59 16 50 61 55 39 59 33 77 75 39 9 45 87 83 33 16 5 27 18 43 51 64 28 1 35 42 63 99 87 75 14 73 40 46 30 46 13 49 4 50 76 3 77 48 21 94 45 83 26 53 9 62 23 62 50 38 59 78 31 78 71 96 7 24 76 50 30 50 22 26 30 57 21 91 73 40 45 84 64 26 57 79 45 41 81 66 55 6 51 90 46 33 5 60 49
25 11 52 32 8 71 2 92 92 71 62 71 64 3 59 19 23 11 75 32 35 88 32 82 47 72 80 48 36 88 15 37 67 88 16 13 27 54 87 99 97 51 2 3 9 30 0 28 26 91 64 27 35 70 86 8 54 8 5 59 84 8 12 47 10 26 39 99 21 55 47 71 64 33 81 61 67 13 24 34 63 22 87 98 26 28 4 45 74 64 51 3 57 21 83 80 8 72 30 45
88 77 89 38 57 33 50 31 6 74 77 66 70 13 0 8 65 76 6 49 51 78 33 41 11 39 45 35 45 71 23 28 2 87 75 67 63 46 47 46 75 71 55 18 48 43 95 31 98 5 75 59 83 61 22 45 95 50 28 3 7 60 3 75 35 94 51 11 65 92 38 63 30 32 36 57 40 67 40 82 88 66 13 64 15 67 97 87 88 63 31 87 73 94 66 7 5 47 13 93
45 3 80 73 90 13 58 58 42 50 55 84 74 88 7 92 44 78 16 57 64 75 99 48 35 92 1 17 46 63 89 98 2 17 13 26 9 78 0 61 27 31 2 48 58 13 28 21 59 22 24 4 84 68 28 76 40 8 99 65 4 75 52 8 6 13 66 89 81 4 7 54 6 4 5 90 10 59 57 21 5 16 73 7 10 22 94 83 57 27 80 5 57 7 52 47 71 61 2 23
70 13 26 80 7 27 97 62 5 6 29 18 66 28 76 63 43 66 7 26 72 90 56 29 66 76 77 64 55 1 79 91 58 31 73 70 79 60 87 17 80 12 8 81 79 71 82 6 91 42 89 52 6 39 7 45 39 13 40 30 84 47 36 86 26 65 28 3 23 20 57 91 15 48 84 40 69 16 78 52 57 1 80 67 56 89 95 73 33 20 90 65 98 13 12 85 53 14 47 88
50 69 79 18 48 62 96 21 14 35 10 59 55 19 65 32 65 26 92 68 73 37 42 92 31 69 78 30 46 94 9 69 59 21 63 64 3 64 78 13 28 65 43 29 49 46 31 85 14 27 35 72 98 48 43 14 9 18 7 32 93 4 77 63 43 80 22 89 52 43 36 55 76 99 26 17 18 70 40 85 41 9 14 85 32 6 56 11 69 97 54 2 39 95 90 12 21 94 72 30
97 99 40 52 9 4 3 78 48 12 40 80 85 1 74 60 82 77 66 71 15 10 79 6 87 89 86 72 90 45 48 18 78 12 52 13 26 56 32 31 45 47 89 9 49 38 51 36 57 22 22 42 89 78 77 42 29 0 34 17 12 55 48 6 9 25 71 17 61 15 37 55 72 47 14 15 99 87 26 76 16 95 92 6 70 17 48 48 96 96 8 73 12 21 7 39 37 56 5 0
96 6 89 5 21 46 83 95 82 92 8 49 38 66 49 80 2 41 80 28 35 81 76 74 14 76 88 32 22 41 73 70 95 39 98 51 98 40 15 69 62 46 44 22 17 74 86 47 36 94 65 13 14 96 14 51 94 71 1 86 49 90 21 45 70 54 48 50 38 2 7 76 97 86 45 87 86 99 44 5 13 99 38 34 47 55 53 31 63 88 50 24 61 80 77 21 63 77 41 36
47 26 86 94 25 20 49 12 62 65 77 41 58 37 40 32 48 2 38 77 69 72 2 48 16 63 18 55 61 20 77 36 66 98 94 84 88 70 1 7 18 66 36 38 3 52 4 82 6 87 29 43 30 89 81 29 73 8 72 85 33 91 53 16 60 88 83 64 70 44 60 31 76 9 79 98 42 78 72 55 91 78 7 59 89 14 89 16 0 60 36 66 90 38 88 46 35 68 52 0
68 36 31 9 32 99 9 96 1 91 30 93 80 90 26 34 94 38 48 75 7 30 30 36 72 12 77 90 76 59 97 30 84 44 21 83 0 32 28 53 39 91 74 14 8 40 69 94 7 5 72 44 6 6 64 2 62 59 64 28 12 96 91 8 43 18 25 88 84 22 29 42 70 2 97 44 47 32 49 39 28 67 62 26 91 92 39 57 19 38 46 95 8 25 89 74 38 37 27 46
74 52 1 13 15 98 4 69 7 58 20 23 57 73 22 95 53 70 69 20 45 57 93 50 78 21 53 50 93 98 40 93 67 50 69 42 76 64 47 18 65 35 18 66 70 76 8 35 8 85 27 98 66 42 6 65 26 32 13 60 64 43 56 25 15 86 51 13 35 67 92 64 19 59 33 84 27 70 95 98 60 64 22 73 50 27 89 49 10 45 38 76 49 6 31 74 92 98 43 14
76 61 5 59 59 84 93 47 3 45 74 96 79 46 91 22 37 70 48 84 31 84 47 89 36 81 94 5 95 45 31 68 38 18 68 81 78 32 87 63 41 76 68 3 17 51 28 51 6 94 23 92 52 27 33 1 71 25 74 40 62 78 26 82 88 77 13 23 93 24 3 86 36 30 79 99 36 64 27 64 62 51 33 34 35 50 20 50 47 74 65 5 19 43 25 26 17 26 91 90
99 32 95 49 37 1 58 28 68 47 55 47 42 13 54 19 3 94 41 53 27 94 98 8 52 5 92 32 72 2 55 34 49 67 75 20 79 68 98 82 2 80 55 85 60 91 21 54 37 64 41 77 84 51 57 30 2 98 74 23 97 23 76 5 53 79 29 87 41 85 56 17 87 20 60 0 61 72 53 5 85 41 8 32 71 11 8 58 86 1 32 63 12 37 83 34 8 93 59 66
23 83 95 83 70 93 50 17 14 85 1 93 4 31 25 96 12 56 55 25 47 37 5 34 11 3 22 36 49 63 51 31 52 9 55 92 55 0 18 53 20 95 31 8 27 32 51 57 21 37 21 87 18 98 91 38 86 94 50 40 26 54 62 77 16 84 48 97 83 61 70 27 50 15 17 56 49 28 24 84 46 42 61 25 26 96 60 25 79 24 42 43 9 50 42 97 14 89 75 7
43 76 49 4 9 48 72 23 45 7 88 24 36 96 87 61 7 37 89 42 52 1 35 92 12 80 71 95 43 73 75 23 7 8 81 60 17 53 96 67 6 8 51 20 33 81 31 14 55 25 22 11 89 9 88 88 49 81 28 16 98 87 93 98 84 2 50 64 28 37 55 37 11 85 63 58 95 83 22 68 95 79 54 31 21 6 72 12 7 74 82 4 5 45 70 23 11 19 90 0
61 68 79 14 11 4 15 37 30 65 96 74 75 92 45 4 72 55 83 87 54 77 8 87 77 9 71 39 54 0 17 1 65 17 87 79 44 62 76 65 75 62 30 72 89 99 49 88 38 77 79 51 61 26 30 82 93 94 22 72 48 53 67 18 6 25 43 6 78 30 42 77 80 7 95 38 26 84 80 70 81 29 45 67 58 42 85 30 6 10 85 95 51 64 78 3 75 90 28 77
75 21 13 84 31 73 41 63 36 97 97 72 58 7 83 48 11 7 16 54 71 13 49 13 31 39 80 29 32 89 39 26 80 86 5 42 92 49 1 46 29 12 8 77 68 76 20 15 23 68 89 40 1 96 52 73 72 61 22 25 58 11 20 7 36 30 71 44 71 33 27 18 99 96 13 78 26 19 51 78 63 75 34 47 50 97 23 6 10 82 17 41 52 31 9 85 24 59 58 48
17 60 47 93 64 13 61 56 64 20 4 35 16 33 11 40 16 31 56 78 90 34 20 42 36 91 16 51 31 48 86 14 35 41 42 43 41 47 33 83 54 65 20 8 63 83 2 44 71 51 1 87 52 66 19 13 93 27 22 71 33 31 54 81 30 42 59 90 44 53 56 46 57 70 76 96 85 9 28 32 20 34 83 64 36 7 62 6 32 99 8 45 17 26 64 57 75 78 40 36
99 33 36 2 0 33 18 52 84 73 88 32 77 87 50 17 18 56 3 2 70 64 0 6 18 75 81 44 4 34 81 8 98 32 19 52 69 17 26 91 41 64 29 55 76 86 40 87 71 89 78 97 48 65 53 34 84 13 6 82 31 13 11 33 62 69 78 44 43 48 0 18 94 87 36 60 96 31 78 37 43 3 96 22 65 44 44 99 64 64 87 18 91 11 3 38 46 84 18 97
35 45 79 85 35 64 48 32 21 33 91 60 71 74 70 76 43 85 4 27 27 56 40 1 10 7 3 68 51 11 18 59 68 74 72 68 43 67 0 91 18 24 59 19 11 46 59 94 9 82 64 96 0 70 9 6 97 91 90 42 79 82 85 75 78 27 28 72 33 76 90 27 42 89 80 5 0 45 42 36 12 23 36 49 31 4 44 76 64 11 55 19 97 51 46 97 36 22 19 65
37 57 68 54 70 28 65 23 35 14 16 0 55 14 9 38 83 71 2 94 65 38 11 5 36 42 50 3 95 33 59 27 0 73 57 97 53 38 61 6 89 78 20 61 62 13 77 93 45 14 79 78 68 74 22 66 15 28 12 57 68 46 35 32 15 9 90 97 99 25 92 46 36 31 82 35 60 99 90 10 75 51 63 1 47 63 64 88 83 25 65 77 25 31 79 56 71 35 79 46
77 37 28 62 17 47 90 72 94 63 31 73 62 48 13 38 99 45 4 42 91 25 53 43 20 52 50 1 31 83 6 43 48 24 85 77 19 19 93 63 61 22 14 93 19 6 64 32 88 27 9 86 90 40 34 21 35 91 49 54 36 54 40 78 20 22 39 40 86 22 20 86 76 60 12 79 96 84 53 96 13 76 75 87 51 78 21 16 62 0 58 66 29 52 78 40 32 62 72 51
53 99 32 66 54 95 8 25 19 43 78 29 1 47 90 72 10 46 40 45 95 86 3 55 12 36 10 48 53 7 46 30 1 76 90 66 25 70 68 30 59 13 71 63 23 24 10 0 42 72 13 45 58 5 44 39 22 5 13 14 20 8 91 99 47 98 57 0 70 65 47 43 17 87 7 30 43 97 69 60 56 57 74 94 55 98 86 88 28 3 67 18 86 90 27 95 47 89 19 74
84 43 10 26 43 43 30 65 78 54 13 94 14 51 98 65 41 41 17 3 69 50 95 24 9 63 12 5 32 46 31 48 58 11 86 47 73 83 10 17 99 10 51 50 81 47 64 2 25 21 75 24 96 0 31 7 50 55 7 27 66 47 94 27 99 15 41 0 95 5 18 2 41 46 46 48 93 16 43 25 92 45 31 59 57 18 11 15 7 70 73 57 33 88 48 73 58 53 84 44
40 97 33 69 55 85 12 87 55 48 2 49 53 61 10 38 93 93 88 49 72 76 90 99 40 49 99 46 99 14 86 73 96 54 71 98 67 91 56 60 61 32 45 44 20 19 20 90 74 63 77 71 7 11 3 1 54 79 64 69 82 49 35 7 46 24 35 19 79 87 28 10 42 56 70 7 3 43 23 53 40 76 20 40 55 19 90 17 62 8 43 13 74 58 14 8 37 73 1 58
81 3 7 0 36 29 57 65 38 35 20 2 90 69 74 67 66 11 55 92 51 88 21 17 90 6 95 26 68 84 16 5 98 49 4 10 83 35 74 0 32 9 64 2 77 74 33 97 55 46 52 74 20 54 85 21 50 63 72 62 3 73 29 15 55 13 0 63 47 5 16 4 42 36 1 88 36 51 66 21 84 43 26 50 13 9 78 36 71 74 8 62 14 33 47 22 74 80 99 75
65 19 64 52 70 28 31 72 42 42 85 6 63 17 86 6 74 40 67 28 72 43 12 36 44 2 9 89 89 80 10 25 13 30 71 8 90 40 95 73 80 57 36 52 83 33 95 12 37 54 41 38 19 56 38 98 98 60 95 77 88 63 58 53 8 15 70 45 97 95 95 66 53 74 15 78 74 95 94 38 30 41 36 13 79 16 16 34 58 44 55 38 86 90 10 90 24 49 12 4
78 42 23 71 6 76 10 27 83 56 44 84 11 61 84 80 12 11 96 94 20 94 57 40 12 60 37 98 40 5 26 67 19 32 33 50 80 2 69 2 77 48 96 46 24 59 80 25 82 3 29 12 66 21 73 8 33 57 96 50 14 83 0 57 20 21 23 39 90 34 87 21 80 47 87 96 87 98 86 17 90 50 65 42 45 3 80 99 90 18 35 25 74 53 97 68 51 97 52 6
27 0 28 0 23 52 60 2 96 28 50 38 42 36 81 32 94 1 89 93 76 33 23 33 44 37 88 16 24 37 77 27 85 4 65 62 27 98 3 54 63 65 54 55 32 48 32 13 76 3 97 15 17 66 15 63 86 3 12 14 92 82 18 91 11 87 41 72 9 92 29 33 70 14 89 4 52 57 23 16 47 96 72 81 0 4 26 59 76 97 60 75 73 40 44 33 88 4 71 92
10 67 59 93 58 96 50 6 35 42 14 17 40 56 50 68 13 25 42 12 96 87 87 38 2 18 87 84 35 32 48 62 54 72 50 72 32 19 61 7 10 23 46 99 89 69 68 11 9 99 51 92 56 40 47 20 2 70 82 55 31 3 90 13 26 76 37 30 94 62 23 39 93 35 89 52 60 75 18 19 6 6 1 89 42 24 55 94 85 79 29 41 72 56 7 98 78 8 3 9
6 87 83 13 99 10 19 82 21 35 25 26 0 87 83 93 87 30 66 86 75 59 81 48 47 23 91 48 60 15 70 19 70 78 35 32 75 0 19 58 34 26 50 57 9 13 34 87 63 26 95 9 60 84 58 51 40 33 30 55 78 43 26 49 37 3 44 28 67 14 6 81 61 63 22 26 43 85 74 75 10 27 42 8 63 38 86 71 57 43 55 85 68 49 62 2 42 1 89 30
1 84 82 72 15 36 89 54 95 52 61 25 73 99 59 39 45 0 60 84 81 95 1 4 10 38 47 60 62 96 41 48 2 55 6 90 18 83 97 19 60 61 72 51 81 85 35 74 25 38 32 45 44 0 4 39 50 16 19 63 2 35 58 92 22 6 0 77 91 87 99 19 78 28 12 3 40 49 3 20 33 46 23 48 37 38 13 63 63 83 9 29 97 48 7 10 12 82 72 23
73 87 76 76 3 35 46 95 52 59 75 80 82 91 65 2 32 96 32 99 29 35 79 81 54 38 13 50 98 67 66 59 56 28 97 50 93 50 56 53 65 82 8 21 70 95 60 40 34 20 89 55 40 1 99 15 5 91 32 51 3 72 42 75 56 29 97 86 30 80 20 88 43 9 83 82 0 37 74 44 62 97 26 83 32 3 36 82 94 17 49 58 76 50 72 59 96 74 79 87
66 35 25 95 61 8 17 97 34 79 44 2 51 65 16 58 36 43 78 2 83 11 99 57 58 37 69 70 27 35 46 5 87 31 94 75 27 98 2 49 64 24 21 89 76 38 2 91 64 5 73 95 88 39 17 45 67 21 37 26 63 10 50 65 4 10 46 87 29 46 58 43 11 90 31 70 7 70 68 59 12 99 6 50 35 54 8 16 11 26 46 20 49 99 76 11 80 85 78 17
5 99 25 15 55 14 64 30 88 27 28 61 91 13 86 3 48 31 49 73 25 36 36 68 51 92 46 71 63 16 68 81 38 25 70 49 77 83 88 30 34 4 40 7 80 0 73 52 53 29 6 72 32 27 39 71 70 91 44 58 61 3 15 44 81 98 24 35 36 84 88 86 67 47 52 17 13 88 15 94 14 81 87 83 28 41 30 10 81 53 72 89 31 11 89 73 0 88 39 47
71 83 27 72 58 14 68 65 76 16 25 84 92 5 12 80 98 71 7 61 0 59 31 28 99 14 15 7 47 95 78 37 20 29 34 53 13 58 35 26 46 88 70 21 28 44 12 54 49 79 89 41 73 6 22 61 4 72 84 59 54 94 19 71 77 83 24 38 72 27 66 65 39 64 93 59 51 23 50 55 75 36 40 72 90 30 76 86 63 20 78 36 55 11 97 72 56 67 26 60
36 2 75 47 97 66 59 47 13 45 72 53 42 88 24 75 26 46 10 37 68 0 36 89 36 23 60 6 1 49 56 82 21 50 48 62 91 12 22 82 49 94 74 30 98 47 78 84 7 16 1 29 98 97 26 86 99 86 57 73 2 40 98 23 35 6 33 91 47 78 20 3 56 81 6 90 14 7 14 94 97 50 98 27 71 21 61 13 65 79 44 43 50 25 23 18 77 80 58 83
12 78 97 98 6 1 94 4 43 84 45 24 17 16 41 43 2 98 26 95 91 86 23 2 7 17 23 93 71 85 69 67 23 79 44 41 78 24 81 69 8 81 35 10 79 89 25 56 6 92 38 45 18 90 2 32 8 34 79 75 14 0 0 83 22 33 73 52 17 6 9 1 12 80 76 25 59 18 71 56 8 57 25 37 40 4 79 9 85 2 44 16 54 44 61 40 80 36 7 84
18 26 11 44 78 59 88 15 78 21 34 16 89 1 36 6 4 16 53 32 16 83 60 51 93 88 61 99 56 10 2 36 33 51 34 16 6 29 44 75 24 3 32 88 56 92 72 71 29 66 57 78 98 30 97 80 13 82 41 82 78 21 94 85 9 20 90 68 66 3 24 33 90 1 0 21 33 72 43 84 50 47 22 70 49 62 12 65 32 16 46 1 45 2 63 48 41 60 24 75
5 84 87 72 37 50 66 8 79 9 50 1 95 30 61 88 30 73 42 71 78 96 16 23 61 22 33 71 59 22 18 50 85 85 76 72 84 81 60 56 31 67 93 83 74 12 78 89 95 53 15 10 92 54 0 46 89 64 87 38 36 45 7 83 47 65 41 77 27 36 37 83 74 3 2 21 6 93 2 62 66 47 91 27 57 81 2 10 33 41 16 6 22 41 33 7 93 97 88 83
75 14 37 36 31 90 95 80 63 75 52 2 32 29 21 4 50 76 41 31 42 23 87 67 4 8 10 82 4 59 61 64 14 39 60 37 84 63 60 76 39 90 19 18 73 8 37 89 17 37 49 55 39 1 35 37 86 71 32 15 72 49 37 7 4 57 73 53 14 91 62 74 52 45 76 49 8 57 70 50 78 58 84 46 83 72 87 60 0 42 87 98 64 24 56 80 83 47 35 95
74 74 73 10 60 2 13 27 73 62 80 56 56 70 71 89 42 45 3 51 42 5 9 68 7 71 68 29 16 74 54 34 76 66 35 41 6 75 0 45 17 5 28 82 23 86 71 28 2 81 49 54 25 36 48 0 3 93 13 91 58 52 67 48 14 21 36 19 97 56 70 63 28 63 56 37 87 95 71 18 99 44 87 27 67 32 71 21 62 24 18 36 41 41 41 92 2 64 19 88
91 66 29 35 79 40 9 21 84 57 0 13 71 95 0 56 1 80 85 49 69 74 26 38 91 61 2 95 48 91 15 8 25 28 93 57 10 18 65 3 13 41 72 72 42 95 32 88 4 41 79 55 63 92 46 64 66 44 92 78 43 87 2 4 57 70 47 48 17 36 6 27 88 81 52 90 25 42 62 95 57 64 4 54 57 58 25 92 27 95 47 2 81 77 81 40 40 47 30 50
86 91 1 42 8 52 46 61 55 28 94 56 32 25 65 20 69 96 58 54 19 90 98 37 1 96 89 17 15 94 46 52 34 72 20 56 71 85 19 54 41 29 80 73 98 85 49 23 88 19 3 3 93 92 5 55 54 83 30 94 37 98 98 46 92 6 76 14 91 91 37 28 52 7 64 3 54 83 68 95 57 90 41 6 43 1 7 58 99 9 30 41 15 2 52 0 95 41 84 6
57 19 33 58 16 52 50 21 91 46 34 18 87 17 45 59 70 14 2 13 20 21 20 11 89 27 16 65 13 47 53 97 7 41 96 99 56 34 98 7 70 26 56 38 95 65 86 30 76 26 51 30 66 13 44 36 22 21 57 93 0 47 96 79 33 55 92 67 42 95 45 52 37 63 66 6 62 1 55 31 74 44 9 56 24 23 91 54 26 39 31 97 62 66 71 50 5 15 3 43
75 53 45 2 52 75 61 39 23 56 17 1 31 36 76 94 9 57 51 56 1 38 46 23 66 13 42 25 27 91 92 11 89 37 45 11 53 68 80 13 79 16 86 33 31 96 78 48 82 34 0 58 12 7 45 54 55 83 72 58 13 49 99 15 84 50 74 33 31 71 0 74 31 40 22 11 69 36 71 95 95 61 1 3 85 10 21 35 4 83 30 2 90 56 52 39 79 50 67 31
49 7 60 79 45 99 65 75 60 11 68 80 58 25 43 82 24 71 47 25 91 89 35 88 23 13 13 19 97 61 5 10 67 72 8 58 36 43 77 20 83 57 94 36 30 20 96 82 62 63 37 74 97 22 14 27 71 11 42 72 67 6 89 84 5 51 73 8 82 90 25 9 45 66 68 30 42 90 90 64 29 44 35 25 30 51 96 43 62 12 90 56 53 69 33 58 29 57 64 99
59 42 77 16 72 71 1 32 34 3 25 55 48 97 21 41 77 23 21 27 96 54 13 53 16 78 82 39 53 91 92 22 6 28 31 92 20 75 32 13 28 50 5 75 61 12 50 54 73 14 83 14 72 87 18 76 87 14 59 73 77 33 20 48 8 67 64 60 20 86 75 62 19 60 89 88 68 85 8 45 6 9 86 94 44 23 24 4 78 46 34 8 47 50 30 18 8 60 8 30
40 91 4 34 93 56 81 71 4 41 1 44 37 4 40 35 92 22 59 36 11 90 18 74 36 35 28 57 49 6 53 44 76 50 53 22 71 21 29 13 32 85 64 57 51 35 71 40 31 96 71 79 72 95 83 3 52 75 62 15 28 40 70 39 65 11 46 45 75 97 65 43 64 76 95 18 33 30 57 31 32 42 74 49 94 51 6 57 75 30 71 27 91 5 63 43 29 58 53 78
25 4 55 73 12 32 17 64 65 91 99 47 80 98 13 13 61 25 41 91 13 52 58 9 36 35 46 91 35 78 66 92 51 94 86 76 53 48 62 39 48 92 99 78 50 22 53 39 38 16 9 44 86 20 87 65 59 76 42 67 89 53 6 22 42 14 72 81 27 51 83 19 60 9 82 20 6 2 2 81 28 47 24 44 37 1 7 31 9 24 11 73 49 83 48 71 12 11 85 99
61 74 87 64 20 76 30 53 35 84 44 91 54 68 30 45 62 43 99 36 76 95 98 17 64 26 79 22 92 49 12 69 12 54 96 95 94 59 46 44 92 33 12 46 61 92 79 91 72 81 48 93 7 8 13 36 42 71 76 85 49 56 40 36 39 61 34 97 15 64 45 83 83 7 76 10 47 58 19 0 75 80 44 13 38 9 26 35 37 26 8 73 28 99 59 44 1 44 36 42
39 61 63 32 64 71 64 15 21 11 16 75 84 95 0 45 58 6 0 52 66 43 68 90 22 81 98 64 75 11 80 45 10 37 99 7 72 23 96 69 84 12 99 41 52 57 2 37 94 38 36 58 47 57 24 57 63 57 79 39 6 22 54 36 67 79 75 83 74 54 58 91 31 77 30 5 32 91 83 28 27 63 51 64 66 58 99 53 43 89 0 62 74 21 36 66 65 72 29 22
46 26 88 65 84 31 97 42 58 46 19 63 24 76 80 72 64 83 78 90 54 13 45 69 92 83 5 32 24 31 25 30 75 81 97 26 46 93 33 7 54 66 53 28 1 49 1 38 56 36 33 4 56 36 10 66 31 89 80 28 6 52 91 37 87 71 7 69 85 92 66 71 69 71 42 18 14 96 83 65 68 31 77 78 74 62 68 79 59 27 74 20 10 90 85 99 0 14 19 77
34 91 82 80 36 71 29 24 65 66 69 20 2 63 46 88 10 33 45 23 17 16 84 55 0 64 80 30 98 79 4 83 28 55 23 43 53 7 42 50 42 56 68 79 29 98 2 70 92 7 27 5 15 57 0 77 54 84 82 56 40 85 22 54 55 33 6 45 96 10 17 48 79 51 89 89 98 94 61 20 39 51 98 42 51 8 41 87 37 6 63 97 79 41 58 92 37 66 68 77
48 89 45 86 46 94 87 64 82 46 46 9 55 63 92 18 59 83 13 17 99 6 29 66 22 94 94 76 38 23 35 3 61 45 43 35 56 74 38 4 41 54 70 35 44 21 75 48 79 80 96 31 2 87 5 7 3 19 98 14 92 58 17 43 38 9 57 82 9 42 45 33 9 14 36 88 59 55 55 84 56 28 54 50 70 8 51 41 88 16 41 26 60 99 27 85 44 2 79 74
44 49 60 66 14 42 66 47 65 42 12 34 56 61 69 10 60 34 98 54 0 50 37 56 9 53 27 22 35 25 97 75 35 18 35 9 14 13 60 1 34 29 58 14 16 25 6 31 62 15 14 97 73 2 13 1 21 44 96 8 23 70 69 64 99 29 98 65 63 35 69 95 63 79 13 18 17 94 90 23 28 90 89 14 30 51 98 69 20 70 27 52 53 58 19 40 29 38 57 85
1 37 2 98 17 47 21 19 74 28 24 12 13 17 52 4 82 82 37 65 28 89 44 24 18 4 62 68 65 16 22 33 71 92 55 1 97 70 73 92 64 41 20 92 57 22 8 92 60 18 39 97 49 25 47 89 88 1 48 39 71 15 56 76 55 59 64 36 34 96 70 61 65 8 60 0 81 80 98 42 67 72 39 6 68 8 84 74 71 34 37 62 54 60 54 2 41 53 84 22
3 26 5 76 36 85 83 19 10 19 95 79 50 33 88 30 90 31 42 51 97 18 98 77 97 62 41 66 16 38 95 34 74 89 66 8 5 61 94 6 26 47 10 51 10 70 76 83 88 33 70 47 24 61 30 93 23 62 0 52 74 47 29 0 71 36 73 73 93 34 97 39 39 2 32 5 22 65 65 64 87 9 21 81 75 50 10 54 79 95 20 69 62 24 23 23 72 68 31 84
64 9 59 0 87 38 97 90 95 67 63 87 72 46 25 24 94 64 66 28 50 81 75 67 42 93 1 23 23 73 16 19 91 25 94 70 61 21 66 90 43 75 12 44 12 83 80 90 33 13 74 19 96 40 23 78 83 54 76 6 83 7 79 26 54 3 73 62 56 59 51 80 92 44 3 85 22 91 72 39 55 1 82 9 15 34 34 87 73 1 81 67 91 88 78 41 61 24 57 69
41 59 41 1 3 16 21 25 40 88 23 19 75 10 59 21 23 30 36 19 62 64 20 3 62 17 40 37 95 26 62 40 62 0 74 68 30 78 11 80 34 71 58 25 14 15 62 8 76 97 98 61 24 80 48 60 98 25 36 3 85 32 41 84 66 40 22 0 92 40 66 23 30 74 97 87 81 24 41 65 99 13 23 2 49 86 77 7 41 47 94 35 3 98 94 96 48 41 5 74
79 45 46 64 74 55 81 76 89 36 57 75 50 14 81 2 60 37 2 28 33 15 26 66 80 89 5 8 26 25 29 3 77 97 22 65 4 3 13 45 79 30 31 63 10 53 57 80 47 52 59 42 11 85 92 11 62 78 2 66 44 52 49 43 24 22 38 66 62 77 26 90 89 80 19 96 88 96 24 37 36 82 98 50 29 82 75 39 70 73 41 31 90 22 60 26 83 43 4 47
21 59 81 31 27 92 5 88 66 33 48 94 79 0 95 7 95 69 93 77 6 66 16 8 51 2 6 5 49 92 15 9 44 44 85 30 90 61 28 44 54 24 14 63 69 28 73 13 43 48 26 29 66 7 97 94 84 82 22 45 71 38 87 84 60 47 34 21 89 68 28 25 81 59 73 34 77 74 60 38 26 80 81 25 94 6 88 58 17 54 96 19 9 44 31 64 74 37 88 75
14 84 19 34 5 54 20 98 21 2 69 63 33 33 67 97 46 59 12 41 72 10 57 45 10 52 38 63 95 98 57 82 14 15 86 30 49 63 99 86 53 28 1 55 31 54 4 76 90 93 23 82 15 76 90 35 12 81 99 99 90 13 31 69 8 57 10 71 65 20 19 37 75 37 70 58 36 62 59 13 30 48 39 73 31 62 73 76 66 68 43 99 72 71 16 27 16 89 12 76
21 5 16 89 80 30 65 18 4 78 96 33 43 71 4 31 21 39 39 39 96 18 10 36 95 7 7 81 20 86 31 11 9 35 21 0 14 86 21 23 49 64 65 4 61 46 74 3 30 49 68 2 70 86 35 84 92 57 83 67 48 52 15 10 87 78 64 86 70 64 30 78 86 99 4 38 59 40 24 91 93 23 98 12 7 87 69 3 29 42 27 53 80 86 51 7 36 96 1 90
98 17 64 0 0 77 77 12 81 81 86 5 10 43 63 59 1 22 22 44 85 80 70 65 84 69 8 6 51 10 60 77 51 36 32 36 41 24 23 20 85 57 9 38 47 17 57 82 77 41 22 85 56 22 58 55 75 78 10 65 49 88 24 46 43 20 59 7 36 51 46 44 12 40 44 69 58 80 25 3 64 18 16 89 89 5 51 85 95 19 36 17 10 66 26 76 46 71 90 85
39 22 16 52 85 38 52 90 37 26 71 75 2 59 80 82 34 44 41 38 28 95 41 0 34 84 78 92 98 11 18 83 92 53 6 26 30 71 44 56 90 58 1 68 67 37 62 68 29 36 94 53 28 91 4 29 32 54 19 59 51 24 39 76 27 31 47 3 19 66 37 63 34 70 84 69 22 43 51 57 99 97 25 87 80 85 2 82 36 50 95 94 26 30 30 48 75 66 8 56
46 89 40 48 25 46 40 16 99 73 63 23 94 21 88 2 84 91 6 14 35 25 56 18 13 75 54 61 15 57 8 89 19 89 68 20 3 91 58 50 97 28 65 91 38 64 97 75 62 15 5 96 39 50 86 12 79 51 90 52 40 95 44 60 83 77 70 5 67 84 26 93 10 50 10 39 15 55 71 32 94 46 52 82 65 80 47 18 10 39 83 52 48 80 48 31 68 25 97 28
78 55 3 58 84 78 7 37 72 29 3 13 76 69 39 93 45 45 63 51 76 80 27 32 66 70 74 40 56 90 82 12 79 88 3 76 87 28 11 99 47 85 57 56 2 3 95 36 71 67 17 45 24 65 68 72 87 55 99 2 81 66 54 8 47 52 6 50 19 98 40 72 30 76 83 8 74 59 5 41 48 99 75 18 85 60 32 59 40 50 58 30 48 57 69 40 65 51 3 35
33 3 17 39 40 10 66 61 37 35 63 24 88 91 39 65 24 42 80 6 85 19 4 85 79 79 73 90 23 4 55 44 92 28 36 53 31 94 94 13 36 23 39 80 17 82 25 74 97 75 86 98 29 22 84 50 86 85 88 92 44 47 79 78 45 13 52 96 23 86 52 54 99 46 83 92 13 14 61 70 44 99 43 61 70 88 50 25 68 13 21 66 28 64 69 79 27 53 2 64
58 83 43 79 46 27 43 75 70 72 11 83 5 51 89 58 62 9 91 56 27 63 97 61 32 36 27 10 92 39 41 68 80 29 30 20 27 69 13 38 81 55 32 38 58 10 64 10 15 65 90 80 20 97 25 41 67 22 29 62 58 3 11 75 40 51 10 11 73 73 10 70 55 59 43 72 84 61 87 42 6 70 3 98 27 63 77 80 19 63 16 82 93 10 35 60 29 17 5 72
86 73 66 63 47 0 32 80 60 97 61 52 25 43 73 76 48 46 3 90 6 7 3 28 9 55 29 92 28 22 82 20 45 99 56 39 27 48 77 78 68 27 1 6 44 5 55 67 25 44 62 76 46 66 19 47 96 4 46 42 97 95 99 6 40 64 42 27 61 98 1 98 42 32 89 62 9 4 76 60 85 66 87 8 56 90 73 85 71 40 41 13 73 37 74 76 32 81 46 41
27 60 44 5 27 24 54 10 57 58 19 53 18 58 68 25 82 75 37 12 57 53 66 1 3 77 81 55 34 92 52 1 48 71 65 37 73 44 72 47 60 27 26 53 64 53 59 63 43 87 66 76 82 42 81 77 4 58 65 61 22 40 22 71 58 40 71 75 47 81 0 68 96 16 35 98 42 46 19 4 8 17 31 89 13 46 2 94 34 48 92 39 68 49 50 20 86 11 65 35
75 15 27 93 35 89 33 4 92 97 69 53 92 62 83 24 2 4 62 20 8 71 18 23 98 41 30 15 66 55 20 84 6 87 54 6 65 20 39 43 48 51 79 42 87 21 45 52 68 31 4 99 20 70 78 20 77 74 59 35 81 86 85 81 3 91 96 27 29 66 13 39 33 90 74 54 2 32 22 92 94 29 0 28 6 88 14 26 17 0 53 5 16 1 7 49 55 94 15 10
96 61 88 91 80 11 75 75 48 17 41 90 63 17 88 72 18 82 14 56 10 58 0 67 50 45 81 63 22 79 70 61 56 40 24 21 81 22 56 75 27 67 12 29 1 86 44 90 34 52 81 9 89 83 32 65 69 3 32 69 94 16 98 84 31 86 93 51 54 69 29 1 63 40 20 55 61 81 69 98 85 6 32 52 8 45 20 62 98 15 8 26 87 54 20 52 27 1 86 97
43 88 57 13 49 95 36 31 23 10 6 49 15 39 15 33 54 11 0 74 65 19 12 73 51 39 64 1 96 2 43 96 36 75 86 29 22 39 56 20 21 69 86 43 59 47 53 15 80 35 19 41 91 13 49 22 17 60 26 52 29 47 14 54 15 91 6 5 63 7 64 88 97 6 87 58 46 60 15 38 61 67 8 10 96 46 4 74 58 16 43 56 80 78 35 17 21 86 39 36
17 69 20 32 77 97 33 9 36 0 10 6 82 91 80 55 41 39 41 63 78 13 1 62 0 93 43 72 58 46 44 80 49 55 76 39 74 55 5 31 68 68 8 95 44 90 52 10 86 20 33 23 32 79 64 17 14 46 1 71 9 73 59 16 14 7 11 62 17 59 86 88 48 50 82 93 98 34 95 37 81 90 8 77 60 8 25 84 9 68 60 77 82 80 56 13 56 61 96 26
99 12 24 0 49 55 79 58 4 89 4 17 72 17 26 61 54 32 86 84 52 10 38 39 84 21 26 38 34 45 83 60 60 23 28 11 44 74 16 6 15 57 96 58 42 52 82 59 50 15 66 75 36 21 29 92 16 37 95 78 72 14 15 48 86 13 82 62 60 63 97 20 84 37 36 40 74 64 31 74 41 65 23 37 43 42 35 78 93 34 52 95 32 97 71 10 36 43 84 6
62 51 59 87 0 17 80 75 34 13 38 22 18 88 14 0 45 27 21 95 93 82 14 2 12 79 22 10 98 77 18 36 54 78 43 61 47 79 52 1 85 34 54 45 32 49 72 88 13 91 99 72 25 39 11 61 73 3 23 80 62 55 41 47 14 55 86 46 83 46 39 89 22 59 17 56 89 68 8 87 68 83 38 67 26 3 93 16 88 97 29 80 25 9 2 16 45 43 42 8
56 35 15 91 37 53 81 5 61 41 43 42 43 81 89 89 84 86 70 39 13 30 26 75 19 84 82 12 59 67 26 13 30 52 88 96 4 81 60 74 26 82 61 76 80 17 48 48 83 14 66 10 90 88 3 41 62 3 62 25 82 51 86 84 51 1 73 24 89 1 10 90 35 91 86 40 46 21 37 29 74 53 13 18 72 78 34 94 35 43 13 29 83 74 93 90 25 21 92 39
91 77 27 72 3 49 91 76 77 92 8 89 71 58 50 86 67 55 94 44 87 46 13 63 32 57 65 59 29 52 91 87 98 20 76 93 17 39 21 19 46 99 81 82 73 50 71 26 19 79 97 79 59 43 89 37 79 72 10 7 45 20 95 63 82 55 36 76 86 84 50 15 55 2 94 6 10 12 73 11 1 88 59 62 39 19 84 68 58 75 96 8 18 49 75 97 2 10 81 13
98 23 60 65 56 95 91 78 12 20 51 82 44 5 88 69 40 89 45 34 21 69 43 72 40 2 49 69 47 35 81 1 14 99 47 96 88 82 26 32 10 87 1 69 85 64 94 40 98 4 45 62 92 85 47 62 58 39 3 51 94 39 24 16 79 80 46 60 54 74 98 42 53 44 62 49 40 66 32 57 6 87 21 31 47 92 22 26 11 8 40 65 99 56 68 99 69 5 85 49
6 9 4 72 55 35 69 15 5 54 60 52 59 83 40 8 19 34 70 60 81 57 53 79 4 40 22 80 48 50 68 43 66 99 23 46 67 45 45 87 79 18 34 37 40 46 93 6 32 84 76 95 87 69 19 17 78 74 39 15 63 21 78 82 71 4 26 53 74 48 6 29 15 23 13 53 15 43 9 64 52 38 27 4 85 31 28 0 75 18 48 54 57 77 2 58 39 27 3 62
13 85 0 8 92 62 7 60 63 83 99 57 70 13 57 44 5 12 26 9 25 69 1 38 10 70 89 38 62 37 24 80 24 63 64 66 16 35 31 31 30 78 20 31 9 89 17 11 13 86 89 74 42 55 51 9 3 16 29 9 23 15 19 17 15 77 14 27 44 50 0 89 6 22 68 55 51 68 68 30 88 61 22 90 62 47 53 57 7 87 53 46 43 28 87 89 66 66 49 15
34 55 40 59 23 96 95 11 95 56 5 66 35 46 80 53 8 5 88 89 3 32 68 12 45 23 27 42 42 82 92 15 17 87 26 49 91 1 50 97 38 72 95 56 18 38 16 29 70 41 16 14 13 19 5 74 49 52 94 98 45 95 45 44 99 53 47 53 41 16 42 60 78 86 52 76 21 36 55 37 25 7 52 68 74 6 4 50 91 16 84 30 82 15 80 55 83 34 92 82
9 75 39 58 47 75 29 21 24 73 91 69 66 17 63 52 23 31 11 82 63 40 37 61 65 42 43 62 21 8 65 20 38 76 78 38 66 10 40 22 22 86 10 25 70 82 99 0 12 36 14 25 83 68 75 87 26 44 96 92 86 11 23 1 1 15 8 48 24 65 1 77 50 99 37 79 82 78 40 74 50 7 93 75 90 86 54 24 70 55 71 64 71 7 41 15 58 35 60 65
86 47 2 15 47 37 9 69 26 37 76 76 67 44 99 10 57 67 46 84 42 99 60 87 16 0 95 39 30 16 31 59 22 65 3 80 39 62 73 9 44 62 3 95 2 54 60 59 39 46 51 72 22 44 22 90 56 54 84 89 5 75 11 71 63 4 51 44 44 38 10 28 57 69 51 71 23 73 7 3 39 14 25 12 52 72 19 71 93 52 59 5 64 99 15 24 83 42 23 42
11 18 79 38 49 51 38 92 60 5 33 90 1 42 37 90 76 84 79 76 0 69 95 49 30 3 54 53 99 79 3 33 73 55 96 19 85 69 39 4 76 95 65 83 27 28 55 33 16 20 77 98 40 81 72 40 51 11 26 67 11 4 69 87 37 42 25 36 43 69 95 61 54 21 76 29 24 68 49 7 63 15 47 5 20 91 94 6 0 59 31 26 47 69 14 94 88 71 4 73
75 22 32 85 14 13 6 57 66 53 24 37 3 68 20 95 63 79 23 65 1 31 17 56 54 8 96 3 23 26 94 7 98 90 15 67 47 97 23 96 94 90 78 59 62 48 79 65 6 84 47 29 84 13 40 76 93 67 0 80 13 89 50 85 4 15 24 73 90 63 96 20 28 53 85 91 75 13 48 21 29 7 63 35 61 74 59 58 80 63 39 94 83 85 18 49 94 38 55 99
7 61 4 21 14 49 0 33 85 66 4 98 98 38 96 99 27 74 55 12 34 69 69 34 23 38 59 69 46 36 43 26 7 18 64 2 89 22 93 92 62 26 4 15 44 9 32 95 92 92 67 91 58 27 37 35 20 62 97 7 94 90 18 23 86 83 79 99 77 68 4 27 50 31 56 53 62 73 86 63 28 87 62 24 51 76 48 49 19 72 92 11 48 76 77 55 90 92 28 25
7 85 28 24 39 58 96 52 32 7 88 33 51 76 27 76 32 18 62 23 3 24 36 22 23 81 85 34 3 70 60 43 52 49 19 98 61 81 3 43 72 41 95 85 21 42 81 30 97 97 11 16 7 76 76 21 6 39 3 79 67 41 27 56 2 1 25 10 10 39 31 95 12 10 32 27 68 63 25 93 1 13 48 31 46 75 65 87 44 5 36 11 17 78 40 34 54 81 42 20
87 40 72 95 89 31 57 0 49 73 98 32 64 53 10 79 78 69 30 88 48 38 12 73 48 67 44 57 32 65 1 61 76 84 40 47 77 11 43 7 21 37 77 31 99 53 19 62 85 49 74 99 40 21 82 68 6 7 25 81 27 43 68 34 37 15 81 2 32 70 97 69 46 63 90 70 69 79 97 88 83 6 96 33 6 0 44 29 0 23 37 42 71 13 84 35 26 95 8 7
70 97 98 2 18 30 56 42 69 41 16 3 57 22 38 13 90 52 96 9 47 11 59 67 22 4 16 0 43 4 63 82 63 27 55 28 14 47 56 74 29 26 60 53 14 82 61 58 0 72 9 1 30 12 68 27 90 24 41 84 3 64 1 21 66 46 5 96 73 31 18 97 47 54 27 73 77 9 43 97 47 93 33 78 93 97 52 3 73 29 57 54 32 94 99 23 64 18 15 45
98 15 42 17 41 68 43 95 81 33 95 7 10 22 18 63 56 95 29 85 31 23 7 15 89 78 93 36 48 36 30 78 84 81 34 34 33 38 12 84 17 70 18 79 17 10 66 18 51 29 10 88 76 79 44 58 11 70 40 41 12 5 32 71 69 13 74 68 55 1 81 0 88 42 69 9 61 40 11 63 92 91 70 1 90 86 10 34 83 19 99 51 81 41 27 99 13 83 12 17
76 16 37 85 87 12 62 7 36 45 13 17 61 31 61 54 68 19 41 54 38 15 42 35 59 3 61 94 99 52 81 45 60 50 24 73 15 43 89 41 96 46 87 70 24 79 31 18 89 40 2 7 76 69 95 74 0 42 60 23 62 4 35 83 46 88 93 25 6 92 71 99 48 19 58 67 73 90 85 23 5 17 46 17 8 10 89 34 12 82 88 93 40 3 24 69 55 68 66 91
93 19 24 76 56 88 30 34 86 7 63 0 61 70 88 9 31 13 54 72 79 23 40 81 53 74 79 0 18 37 34 98 87 23 66 93 85 35 90 14 24 61 42 58 38 46 24 10 22 45 23 56 9 68 54 88 4 7 29 19 32 41 75 56 86 10 31 34 57 49 35 36 39 87 65 75 22 16 51 76 61 44 70 25 11 79 47 22 5 93 46 19 44 30 99 99 11 73 24 9
43 82 21 11 20 69 97 20 94 94 33 34 75 15 72 58 95 51 82 97 35 75 8 79 52 94 17 45 63 13 87 42 71 48 41 42 52 6 4 97 52 86 81 62 8 60 88 80 92 17 57 69 12 33 93 23 37 22 39 79 8 69 2 91 63 35 22 73 11 9 54 18 52 60 55 83 24 25 77 89 6 80 12 85 96 90 93 98 22 88 90 69 82 87 11 80 0 46 56 53
76 21 48 94 75 47 4 91 19 76 29 4 90 61 76 70 20 41 58 86 46 59 53 97 32 3 67 69 5 63 46 29 70 55 76 61 23 59 19 97 75 97 24 45 42 77 23 23 39 14 60 38 76 30 45 22 65 58 2 39 57 43 86 63 25 70 93 21 33 38 13 7 26 18 21 34 30 50 64 53 9 44 88 25 33 82 7 69 42 33 27 9 29 27 59 75 72 59 23 16
