100 100
78 37 78 15 79 72 28 15 39 42 60 20 37 70 68 23 85 3 70 11 91 32 34 55 71 8 19 78 54 17 2 73 3 32 62 2 34 79 48 51 63 51 81 98 3 89 81 2 55 63 89 85 90 4 39 73 68 22 74 3 94 88 39 18 73 42 93 14 60 49 57 24 16 6 97 71 70 59 61 63 58 0 28 31 43 62 29 79 81 51 35 45 44 95 38 40 65 42 92 67
45 69 85 14 93 30 16 38 91 91 88 48 55 94 26 61 64 21 81 58 43 89 73 69 46 95 89 65 67 67 50 38 17 62 57 23 33 27 56 6 61 8 68 38 57 68 66 9 40 73 75 65 18 69 46 32 70 79 16 29 60 33 92 35 22 31 11 22 99 59 15 17 5 50 52 55 15 15 65 8 25 50 20 80 99 53 90 21 22 91 11 95 16 78 72 94 27 34 45 20
92 40 67 96 87 97 88 89 28 57 63 99 56 8 16 93 23 44 23 20 59 65 98 94 24 26 79 93 49 73 80 67 73 66 85 29 43 27 96 50 88 22 62 59 95 29 30 15 17 15 85 90 37 86 16 88 43 84 86 0 10 21 56 70 28 58 85 59 46 85 65 51 39 49 71 63 94 60 2 13 71 76 88 88 91 86 36 63 73 58 10 37 16 63 48 43 47 37 1 16
88 90 80 6 66 21 86 58 87 67 80 67 28 62 6 3 23 54 94 46 63 95 3 81 60 66 11 79 33 24 74 61 90 59 69 63 8 16 94 75 10 19 70 56 6 35 82 16 32 74 54 42 30 47 65 75 52 80 48 45 32 61 80 68 40 62 79 53 0 85 98 58 35 99 17 67 44 29 61 89 59 91 95 2 13 71 90 77 72 51 1 7 89 63 75 18 50 92 73 70
32 65 69 21 45 30 17 29 68 8 51 82 59 3 21 15 51 36 24 29 51 71 72 74 35 88 63 28 43 75 58 74 38 0 26 30 19 40 37 76 87 50 2 81 1 67 3 20 80 76 59 46 71 49 63 72 91 38 95 0 64 91 31 21 12 1 37 7 51 41 82 26 15 60 21 72 89 49 35 52 60 50 44 40 99 2 48 40 98 82 88 96 13 27 55 13 46 22 46 64
93 38 67 93 13 8 0 18 10 78 21 0 27 35 32 62 38 81 61 53 79 1 76 38 8 54 57 79 88 71 27 58 19 62 25 24 60 84 77 79 7 41 94 8 68 47 37 70 5 10 18 67 16 70 74 32 66 30 54 76 39 32 60 72 18 25 41 53 45 91 21 47 77 97 42 80 23 80 31 25 40 64 58 92 63 47 80 20 18 23 2 19 59 25 34 22 8 11 1 91
91 52 39 9 94 14 81 29 8 75 51 6 29 58 14 91 72 3 93 55 44 66 68 34 10 84 73 90 83 73 81 31 96 45 10 33 55 33 32 39 71 11 48 59 60 70 1 97 55 66 62 0 28 34 33 35 17 62 93 76 72 74 43 87 5 70 44 82 55 61 39 55 62 22 44 61 4 87 40 67 63 99 54 52 48 41 13 29 56 62 72 84 38 43 74 49 3 28 65 52
83 80 5 0 38 42 27 18 19 74 96 48 94 97 52 97 87 72 11 41 70 89 59 24 90 55 35 69 34 34 20 34 46 90 50 18 86 69 64 81 74 70 48 74 26 6 77 79 63 33 90 71 6 32 1 49 23 44 48 73 50 57 14 2 18 70 2 35 77 59 42 90 10 8 83 95 74 81 31 3 95 26 70 72 77 70 90 5 91 29 94 91 73 77 66 24 7 71 9 53
40 44 30 43 14 63 14 14 71 48 72 61 85 52 58 49 52 97 46 17 92 80 53 21 98 72 97 3 61 27 72 66 63 71 73 93 24 17 22 66 76 14 9 80 28 39 92 92 69 82 17 93 87 95 48 10 7 28 32 35 84 96 11 97 18 75 4 63 61 61 22 15 4 81 21 99 51 90 18 27 74 46 6 57 42 9 37 65 15 78 41 1 87 22 46 68 14 65 86 90
79 11 62 69 89 2 4 69 68 63 88 95 83 66 26 2 96 29 10 87 41 60 93 76 61 26 18 89 73 45 75 96 45 52 36 37 59 47 47 74 68 72 86 53 71 10 75 78 46 91 26 32 1 5 42 69 71 22 17 74 26 55 11 80 45 14 28 93 46 10 21 88 27 12 76 5 85 83 39 88 72 40 63 93 28 47 32 86 84 49 48 81 46 40 33 39 12 63 81 76
22 24 4 45 40 12 77 56 84 14 19 32 73 44 1 11 18 60 36 14 15 46 18 78 94 40 19 10 77 24 91 13 48 18 27 40 81 13 59 85 1 61 86 53 35 19 30 8 97 17 12 38 96 30 45 34 96 8 50 39 54 24 21 63 64 83 45 56 93 65 74 54 32 34 54 22 23 96 76 51 18 79 85 76 80 19 0 36 46 54 2 74 38 62 51 92 92 75 32 12
93 62 1 35 47 56 88 46 97 94 60 29 79 3 60 42 59 65 62 25 27 10 57 88 39 9 38 69 67 38 5 39 10 82 18 58 33 42 26 96 53 38 77 69 70 79 51 34 12 22 10 69 67 22 48 17 32 24 15 86 99 50 67 80 44 76 6 97 52 1 35 68 91 84 1 67 38 95 43 47 83 34 34 48 13 70 20 33 38 1 6 8 50 1 80 16 53 59 74 69
35 68 86 60 4 81 18 50 88 15 74 9 71 48 70 71 32 8 22 37 28 39 73 45 45 86 60 13 60 46 1 60 91 58 59 78 98 51 79 57 98 97 45 45 59 55 63 18 33 33 22 76 51 36 76 43 1 33 0 2 94 95 18 86 46 47 68 72 30 1 82 53 64 28 52 64 57 53 54 5 27 75 44 90 90 15 77 16 85 51 16 74 42 90 5 61 9 74 18 89
77 53 78 57 71 80 46 72 80 37 91 75 93 15 39 78 40 61 48 84 0 1 15 10 42 41 13 9 57 74 74 53 26 0 99 10 87 2 16 11 40 11 67 13 84 30 66 93 8 0 21 50 85 97 95 25 89 8 16 87 53 31 72 76 91 96 16 51 84 30 0 17 73 31 80 87 54 57 18 61 51 86 52 95 53 27 65 51 72 55 83 40 77 58 41 85 55 56 19 33
80 18 13 13 87 65 21 13 6 87 50 26 20 29 16 0 47 5 90 29 33 29 82 80 97 3 60 81 37 92 24 53 10 7 13 18 30 85 88 49 68 80 56 14 46 36 24 94 18 43 64 40 53 57 98 88 54 76 30 17 80 74 99 15 23 3 80 85 92 81 18 7 94 10 47 34 43 81 69 26 39 47 4 53 63 74 85 42 74 6 80 9 73 6 25 11 95 94 24 68
28 99 52 94 94 33 77 92 33 5 89 61 30 44 73 98 77 77 44 71 9 21 95 65 87 43 72 34 82 84 23 1 3 4 22 81 79 74 74 34 4 29 64 1 22 30 28 71 53 0 15 33 98 52 66 39 46 14 10 9 83 54 77 20 67 73 61 89 38 52 11 21 88 9 32 35 33 42 85 55 82 15 9 19 59 62 69 18 16 87 32 56 39 46 96 93 49 6 41 9
44 14 93 15 64 97 35 9 79 57 23 70 93 59 51 79 98 2 66 22 22 51 18 71 49 78 4 88 88 65 36 41 73 9 72 4 88 41 83 22 6 17 97 52 89 86 57 77 51 92 35 40 90 19 9 37 18 77 78 56 70 42 6 58 59 78 89 41 47 7 49 52 44 75 92 49 12 46 36 71 44 22 21 85 12 69 14 61 23 43 2 49 9 43 10 1 70 69 37 19
38 20 90 97 93 71 89 48 23 82 7 12 84 84 11 75 40 94 45 29 13 30 54 53 43 4 43 89 5 83 50 57 71 39 83 52 28 30 64 25 13 60 57 74 73 29 41 38 0 89 67 93 23 63 11 51 52 34 1 64 26 38 21 25 0 49 99 4 30 83 7 18 42 18 9 9 42 43 22 45 35 59 79 79 20 69 88 15 13 73 61 58 3 65 40 87 73 81 97 53
46 21 68 33 95 46 24 22 21 52 88 69 72 52 25 25 76 42 92 11 66 84 98 78 93 21 59 67 16 63 35 63 71 60 33 61 69 87 25 79 19 57 81 61 12 13 17 36 59 26 6 44 18 70 20 25 41 34 83 44 35 82 21 27 51 50 14 34 83 61 47 29 48 82 47 57 46 73 98 71 53 27 3 18 61 6 30 38 5 71 82 74 45 86 75 72 20 90 72 98
16 17 9 63 49 57 69 16 0 53 16 51 6 52 72 22 21 12 15 53 5 28 36 28 21 2 26 73 55 81 67 14 61 14 14 87 68 22 12 68 97 96 35 97 94 63 83 42 33 35 53 99 5 47 95 66 82 83 28 9 58 97 23 80 15 18 77 30 33 60 8 99 52 30 60 84 21 71 66 4 34 67 55 12 6 62 72 29 94 74 5 24 64 85 30 87 90 30 69 70
76 46 56 59 85 46 99 29 36 43 24 31 91 81 22 73 77 62 56 56 95 14 16 36 70 90 61 89 44 40 95 86 67 32 46 90 69 6 37 1 77 36 62 31 47 0 36 80 4 86 54 33 52 48 51 48 98 1 20 3 45 98 91 40 78 48 16 84 87 79 48 54 42 63 51 15 91 81 69 33 69 38 54 55 43 83 48 4 72 24 13 39 56 22 51 74 72 34 28 66
33 98 20 85 83 75 8 28 59 33 23 51 44 34 16 24 54 48 35 52 27 84 45 44 41 23 71 46 15 95 68 97 20 42 13 22 27 75 3 15 56 55 87 16 25 63 86 70 14 98 0 50 42 44 39 83 8 52 33 77 19 79 78 7 31 42 41 32 19 52 0 7 3 97 28 35 76 83 38 88 47 26 83 83 96 59 84 34 59 82 92 31 97 83 4 51 75 18 74 53
91 42 7 36 11 55 1 31 12 37 37 13 48 17 94 10 48 44 7 16 86 10 11 21 60 84 78 93 86 36 73 58 60 15 65 71 77 81 87 60 91 97 29 12 93 12 56 36 50 77 65 37 74 78 4 32 25 89 14 6 37 87 42 36 42 86 57 80 8 22 52 53 47 30 57 1 63 7 74 11 73 19 72 72 39 30 12 80 56 22 43 11 83 1 8 2 3 51 38 18
68 89 38 78 40 90 1 93 1 72 27 51 68 65 41 62 87 87 4 85 24 23 60 28 23 73 32 34 26 47 95 43 52 38 70 34 28 35 40 61 90 95 86 83 47 16 56 37 1 49 0 78 1 79 3 59 98 28 32 27 1 39 35 45 83 92 99 65 72 71 46 37 54 55 59 20 87 79 70 68 49 19 18 26 69 80 56 95 3 0 46 86 54 31 87 20 35 76 57 3
59 18 98 29 94 17 55 57 70 89 23 42 21 60 51 91 58 0 77 47 28 38 5 26 84 2 40 47 79 82 49 29 55 3 20 63 34 51 83 91 32 60 93 62 90 66 69 99 12 98 47 0 28 44 47 14 36 67 0 8 59 58 62 69 78 76 48 57 6 79 65 70 48 54 61 73 94 68 36 52 77 50 52 0 14 28 40 22 92 63 75 23 86 23 1 7 5 53 16 9
52 43 80 67 42 84 12 10 50 57 66 52 12 5 84 53 65 89 42 19 99 60 81 12 66 5 57 26 90 84 79 18 52 3 33 70 14 37 54 73 86 40 95 54 32 62 66 62 75 27 80 74 2 96 82 81 40 7 86 72 19 45 44 29 80 58 50 13 0 18 67 31 3 11 77 46 65 78 7 83 16 74 55 92 23 39 39 40 65 92 23 51 87 54 40 2 78 86 92 14
57 31 69 43 61 58 15 52 45 93 79 1 32 52 75 77 53 76 1 36 7 4 24 36 97 16 7 3 70 22 0 56 62 71 17 9 88 88 6 56 26 91 18 44 53 54 7 12 68 18 14 17 64 99 20 15 85 85 11 27 80 48 65 77 54 50 26 46 15 76 13 64 15 74 55 7 39 57 62 70 79 41 49 18 14 17 10 52 74 64 84 36 93 15 18 93 83 47 15 88
37 45 72 74 43 72 64 16 44 47 96 50 98 43 66 78 91 65 69 80 46 16 87 35 31 89 48 49 97 78 80 10 98 68 9 81 45 67 41 2 9 87 44 34 35 34 95 72 78 35 87 16 46 8 3 60 59 19 48 87 46 99 87 81 0 90 92 11 82 53 9 11 79 89 74 73 15 46 45 79 31 42 29 3 7 79 50 1 11 38 82 45 16 26 98 33 43 85 5 64
71 14 42 35 43 32 66 96 25 66 40 64 29 87 24 74 1 34 22 43 48 76 75 77 88 84 11 70 78 30 50 2 57 26 19 70 1 88 22 47 82 1 73 96 46 47 76 43 12 56 52 34 33 11 35 2 15 82 38 85 98 7 66 48 92 93 2 94 57 82 92 37 29 62 95 80 45 92 98 21 42 53 6 84 38 37 96 76 34 11 94 12 46 30 83 11 56 95 36 74
34 77 34 39 53 76 21 27 7 18 80 58 33 25 92 79 73 61 81 86 95 67 26 7 50 95 94 46 93 71 80 1 14 76 88 89 33 19 61 34 75 16 69 7 21 54 6 25 36 21 3 77 19 99 52 40 86 61 55 28 72 27 56 41 8 64 89 23 3 84 86 1 25 60 85 14 7 22 92 20 97 32 75 94 82 86 37 23 57 46 11 54 80 57 29 20 46 58 94 40
56 57 4 67 68 21 57 38 63 53 36 46 99 60 60 57 19 29 86 63 11 58 39 77 29 8 9 31 92 92 36 80 54 38 72 73 70 7 85 85 55 84 77 86 88 12 34 56 58 82 68 34 71 45 31 52 1 52 76 61 87 27 8 39 79 70 33 51 3 24 25 81 96 51 51 73 69 60 81 75 78 96 61 77 97 70 88 20 8 96 36 52 17 84 65 2 1 4 67 35
11 69 3 56 19 11 53 52 79 85 12 39 88 91 21 28 71 16 46 6 81 8 96 78 0 96 58 99 73 84 82 96 16 43 51 65 80 83 28 79 97 49 6 82 37 61 83 62 7 12 22 54 82 73 67 57 8 1 89 95 48 55 19 12 35 89 68 26 83 15 86 40 73 88 80 50 46 91 78 77 88 81 95 74 44 74 94 77 4 40 87 96 26 5 85 48 29 56 10 87
32 76 41 90 76 33 82 19 62 8 81 86 23 22 98 22 36 97 1 54 10 96 22 84 25 21 15 72 77 91 98 15 4 73 77 28 79 57 6 42 45 57 81 47 35 7 50 6 46 57 80 16 1 50 26 77 72 78 54 94 75 51 55 13 55 96 38 85 62 46 41 23 72 94 80 11 70 11 95 11 1 58 81 4 18 63 56 14 26 46 64 24 53 40 70 61 40 81 43 47
36 90 31 11 68 16 10 96 34 62 89 51 99 69 50 10 10 87 72 61 20 33 59 66 30 79 85 81 70 6 25 98 7 8 75 27 67 4 82 91 49 18 87 54 79 29 74 27 2 94 42 53 32 38 66 23 81 89 5 27 80 7 95 88 43 90 44 5 90 98 58 77 44 69 77 57 4 81 62 34 87 35 71 43 80 43 4 42 40 9 35 4 39 19 36 27 87 72 19 67
56 0 44 81 61 63 24 39 75 21 49 2 40 28 62 97 40 23 98 72 15 34 43 4 68 44 14 3 83 25 66 22 10 90 14 45 92 57 44 75 72 80 17 25 60 56 91 95 92 79 7 53 46 81 46 76 96 46 20 30 28 82 25 84 85 81 55 35 37 97 8 8 18 32 54 76 39 8 14 71 90 1 88 28 70 72 22 14 33 64 32 11 57 78 27 19 79 88 38 58
95 15 61 61 61 18 31 87 52 37 1 71 56 55 77 82 19 56 46 72 74 56 10 35 38 24 41 23 66 30 16 15 67 60 74 58 96 6 99 59 72 35 87 35 98 94 97 2 49 45 55 9 21 68 8 96 8 2 39 10 26 51 41 78 95 45 19 83 97 67 21 91 14 51 54 10 57 90 93 69 81 74 30 51 35 24 11 37 28 81 90 42 5 71 16 87 24 30 66 51
82 82 25 35 99 15 37 83 76 2 90 64 76 0 11 83 15 44 5 16 53 70 80 72 91 56 60 77 82 16 9 19 4 71 78 80 47 4 57 40 95 57 80 14 36 4 33 62 95 87 67 4 47 83 50 14 28 19 11 29 97 78 14 9 60 48 91 59 96 19 70 50 69 59 23 45 20 40 88 65 71 17 74 1 6 34 70 45 45 46 40 41 26 15 97 64 34 1 45 75
37 94 56 77 14 34 90 80 99 95 13 45 54 96 49 82 10 62 28 25 12 37 4 33 19 23 17 24 56 95 46 65 88 30 16 13 77 80 14 41 23 78 98 30 42 1 24 62 8 71 48 41 26 88 10 69 2 3 6 32 95 5 99 73 79 55 10 35 28 62 79 96 23 35 27 33 24 68 29 94 19 4 39 83 13 85 18 8 90 81 15 58 66 68 12 64 72 3 8 94
84 17 26 16 30 88 38 97 6 56 7 86 59 40 53 40 64 26 59 79 20 65 90 57 75 66 25 52 4 22 73 22 49 95 85 62 28 0 10 58 58 42 55 45 99 7 87 20 91 75 81 82 11 20 70 44 79 24 59 54 48 11 63 66 88 15 39 3 18 61 74 36 96 37 90 47 41 36 97 99 9 30 20 12 51 68 14 99 75 49 96 75 10 73 67 48 18 54 4 47
27 7 51 53 77 30 36 28 23 25 41 92 41 25 98 8 7 15 47 94 14 78 82 14 44 2 56 50 29 59 38 11 21 55 15 69 28 51 40 6 48 40 49 51 57 52 43 32 58 7 35 47 37 60 52 94 92 90 66 25 29 79 74 99 58 69 75 54 97 70 14 21 38 30 14 85 21 11 34 65 60 99 86 0 41 62 84 18 49 55 1 27 15 32 80 25 60 50 94 72
27 7 97 11 14 76 10 11 83 82 75 32 24 64 73 21 66 96 75 51 62 7 67 74 63 85 44 43 8 48 17 4 59 80 46 97 99 60 39 19 78 21 87 59 34 15 84 34 11 76 48 27 37 25 26 32 52 69 80 12 70 3 43 81 57 70 53 7 44 61 92 77 65 92 37 37 76 58 96 73 67 97 72 80 86 68 76 23 8 12 63 85 44 7 3 56 58 12 80 20
89 74 50 47 79 7 72 31 3 72 74 57 85 40 21 0 95 4 57 62 72 4 87 20 31 95 76 93 49 15 31 32 37 58 95 35 15 2 4 3 18 2 96 95 65 1 48 15 9 74 81 15 96 79 50 18 38 61 26 78 67 3 35 54 56 4 59 61 37 37 94 58 82 97 1 16 64 49 88 96 54 70 90 82 61 29 60 85 93 93 61 69 27 80 64 26 16 32 86 60
5 20 83 26 56 51 65 19 39 99 86 89 79 43 31 8 24 38 73 21 0 38 25 52 70 28 75 65 34 10 33 98 39 53 29 55 53 87 0 53 11 25 51 72 18 40 70 19 85 45 48 31 5 94 4 40 40 18 70 30 58 1 78 22 95 6 88 41 28 57 76 20 48 84 29 37 83 57 15 79 85 27 32 65 1 21 66 81 87 56 93 20 73 31 73 34 77 17 1 77
90 65 75 3 85 72 9 93 85 26 74 75 22 14 69 78 44 84 22 6 88 50 35 90 22 87 5 86 64 17 23 28 32 24 60 20 58 6 50 2 69 20 38 28 97 21 32 17 4 11 13 90 3 1 85 95 70 38 93 0 72 73 61 28 95 29 77 1 67 27 34 31 84 86 84 24 87 14 85 38 41 90 24 44 47 21 86 62 74 76 5 17 33 66 55 11 52 60 82 92
70 27 39 37 75 6 5 79 31 90 64 38 94 75 16 30 96 75 30 78 95 91 98 71 5 90 65 57 19 8 83 83 89 11 49 69 97 76 66 17 61 93 85 24 12 32 91 4 5 49 72 14 18 64 93 83 1 72 97 68 88 28 23 61 53 70 74 5 60 17 89 86 36 46 81 93 99 99 79 80 67 42 67 66 17 87 60 83 46 23 49 67 92 15 73 89 59 89 9 4
90 6 52 86 20 18 58 51 85 76 49 20 82 82 41 27 24 12 43 57 63 12 82 25 85 4 57 9 64 76 4 87 28 35 21 33 71 1 79 48 26 43 45 52 64 71 74 77 37 17 98 23 76 64 13 12 55 0 7 68 94 17 75 49 40 93 11 43 64 31 74 39 27 91 50 8 62 48 20 4 52 3 64 23 47 80 43 67 59 25 27 75 84 56 24 84 62 73 59 41
31 17 72 76 87 94 72 93 13 87 44 46 12 16 56 44 25 92 96 6 82 1 5 78 43 98 96 42 64 9 34 91 39 4 61 17 73 94 53 72 20 10 90 64 88 90 80 73 37 32 93 39 25 45 25 65 40 41 54 15 45 29 68 66 76 60 72 63 21 18 10 88 48 30 68 32 85 19 80 60 91 31 51 24 12 0 26 94 20 32 84 39 45 41 10 20 75 87 85 24
55 13 95 3 54 19 68 56 66 51 5 19 5 45 0 44 27 86 70 46 39 41 19 28 93 40 4 7 58 55 67 4 33 14 81 63 35 0 6 19 12 11 99 51 72 0 29 3 76 75 44 5 29 74 94 27 64 40 0 11 5 66 26 14 27 32 76 89 6 65 82 52 96 44 24 88 34 68 64 55 67 94 84 57 89 94 23 97 82 35 82 6 50 38 98 12 13 67 57 90
0 16 73 22 91 86 99 68 96 65 54 49 25 52 25 22 93 83 2 20 25 77 23 43 99 14 56 61 99 48 34 10 95 33 48 56 95 58 70 30 52 76 1 11 28 91 74 6 33 19 34 29 75 87 64 54 76 5 40 20 68 99 35 87 63 67 10 85 90 90 4 36 45 98 1 37 61 61 10 79 81 79 83 66 82 91 26 93 90 44 19 56 57 25 22 48 46 55 55 8
16 65 3 18 53 22 16 23 8 26 8 78 76 71 52 64 54 69 32 90 34 74 75 82 50 27 21 22 59 66 68 90 76 86 53 54 87 23 73 15 59 87 89 37 39 90 87 50 73 48 68 40 1 62 9 18 0 43 90 85 15 64 34 81 70 77 86 56 33 90 82 78 45 32 92 36 11 94 98 81 40 2 64 8 30 30 76 79 82 11 2 20 72 2 81 57 42 98 79 1
1 73 84 6 0 21 79 86 16 12 20 95 40 91 96 68 75 20 44 90 61 57 59 12 16 43 42 91 62 95 66 74 13 52 20 40 45 76 50 23 49 72 85 99 31 13 19 58 2 80 80 20 91 10 28 60 57 95 48 46 33 67 87 40 6 42 31 17 99 18 4 48 91 57 23 67 64 93 22 69 3 72 52 47 38 43 2 24 56 85 40 96 14 65 50 41 68 13 75 52
12 12 1 68 45 85 97 80 23 86 9 50 49 10 70 44 30 35 88 83 75 47 11 64 79 8 30 17 91 39 77 32 30 48 73 83 3 10 46 77 90 13 3 46 51 22 40 95 23 59 20 31 56 40 68 99 93 31 82 58 57 73 96 45 75 38 38 85 30 59 70 37 40 16 79 56 62 34 51 28 9 0 91 92 16 94 28 64 19 56 90 69 41 42 25 25 59 47 58 88
81 80 29 85 55 44 18 18 89 82 81 81 29 91 21 57 80 72 26 56 44 85 27 71 48 74 12 34 15 43 6 81 36 24 69 27 66 60 87 16 46 48 30 86 26 79 39 56 28 65 59 51 33 24 55 22 66 47 1 57 65 73 70 4 66 51 78 2 18 72 47 19 18 22 83 87 17 12 99 43 70 10 49 71 11 24 41 66 50 58 11 27 96 66 77 56 23 59 63 66
65 92 80 37 57 85 90 72 90 54 12 15 48 29 37 82 65 56 98 0 29 26 27 80 76 58 41 16 47 40 48 95 84 23 48 7 1 24 75 39 27 28 12 52 63 1 91 8 72 2 56 76 37 14 21 23 88 46 36 5 11 56 8 22 18 58 71 0 20 66 73 85 52 74 41 82 26 50 51 75 55 78 52 22 73 77 2 42 91 61 98 58 82 47 15 88 39 22 36 59
86 37 82 11 3 41 59 72 30 65 95 85 61 81 53 86 79 36 83 20 3 75 49 27 7 62 21 26 44 24 22 58 65 53 55 71 31 2 85 43 56 41 23 5 66 53 92 11 51 78 80 91 13 23 45 14 30 9 58 66 70 42 61 84 40 26 3 24 23 92 57 15 96 47 78 86 2 86 43 30 69 76 32 14 15 54 50 20 29 40 63 69 34 33 16 47 52 4 28 29
47 73 16 66 5 17 83 11 13 33 11 91 54 42 47 74 72 14 37 25 79 52 35 80 1 60 87 18 73 29 87 51 28 22 23 27 74 70 6 59 33 59 47 1 52 95 75 5 94 42 13 90 40 19 9 10 74 58 40 82 99 25 71 7 44 45 90 98 36 49 51 0 90 11 98 97 38 65 2 42 57 96 63 88 73 46 63 45 14 8 66 30 68 8 16 21 47 19 49 86
87 89 72 18 35 10 68 48 52 15 71 97 32 11 32 52 74 49 37 75 76 53 59 63 9 23 35 15 18 53 30 73 42 12 13 48 97 77 17 72 52 87 30 56 45 68 19 61 41 57 94 50 82 26 23 28 8 4 79 21 29 77 80 7 4 42 75 50 60 72 75 85 0 77 3 7 67 1 2 35 61 49 95 63 6 9 99 78 4 60 18 20 50 60 98 14 71 46 3 2
71 70 86 73 66 36 85 86 23 21 90 68 23 0 98 55 96 17 27 56 6 87 53 0 66 44 96 44 59 5 0 17 62 53 78 90 63 90 63 60 22 69 93 81 59 67 88 48 12 4 21 6 43 4 45 51 29 12 83 33 55 2 72 88 12 31 54 75 2 89 65 17 23 93 26 98 3 92 32 98 93 99 76 3 30 13 79 71 28 77 84 96 88 45 90 58 20 88 8 7
74 84 27 99 19 48 30 52 83 29 52 82 50 59 0 20 61 85 43 6 85 92 69 39 37 2 78 10 13 53 76 71 59 21 93 48 47 22 22 11 31 6 29 98 82 58 69 3 34 73 40 14 84 96 21 5 51 74 32 90 71 95 93 56 56 68 33 85 21 92 70 32 27 94 31 99 15 88 5 90 90 46 20 50 12 72 19 36 2 84 55 52 85 42 97 78 41 59 92 3
95 97 94 40 56 23 66 53 75 0 87 38 85 51 41 81 36 39 51 64 62 98 28 19 34 27 38 28 51 75 60 0 48 39 84 30 0 5 58 18 69 55 75 87 88 97 48 22 99 64 51 30 1 63 95 86 88 60 27 40 87 34 66 24 93 12 58 96 50 88 50 52 14 9 71 42 92 71 86 99 43 7 61 19 17 76 79 33 41 23 2 93 51 22 3 51 13 54 28 82
47 42 32 43 67 23 98 85 69 69 33 36 58 78 17 32 82 78 25 71 59 88 20 29 99 37 74 83 23 21 8 66 41 58 92 69 0 93 2 6 32 58 57 69 52 29 62 71 24 68 59 12 65 65 77 2 25 63 58 74 50 90 30 57 83 81 95 72 86 11 89 65 32 64 1 84 51 69 81 58 19 49 86 59 39 71 49 49 68 70 14 81 49 88 97 25 37 61 86 73
19 43 74 77 79 82 90 76 23 4 66 77 27 93 96 29 48 27 64 89 45 36 94 35 35 38 58 57 17 37 14 96 54 43 68 18 85 12 69 41 21 96 98 36 36 30 11 95 0 76 90 41 5 98 96 49 46 42 8 30 55 42 87 28 73 82 78 63 35 20 55 85 61 61 63 60 40 75 47 55 25 30 56 75 16 22 32 34 23 78 9 21 83 28 52 1 78 6 40 45
79 22 28 66 16 72 88 6 40 60 3 23 75 43 95 83 67 5 23 57 28 31 41 29 51 24 91 96 5 22 75 39 54 0 34 50 41 10 2 4 69 5 79 56 59 99 10 74 4 96 25 9 71 38 77 30 64 18 54 75 70 0 69 68 28 35 21 6 19 18 21 24 44 15 12 88 88 40 71 97 85 46 69 11 77 73 83 59 45 57 9 40 30 13 79 45 71 65 98 13
37 96 64 63 42 88 46 5 64 7 30 90 63 81 36 36 66 40 39 9 26 79 20 10 78 90 60 24 47 77 18 0 79 13 88 66 1 66 15 37 77 14 62 48 94 99 54 61 69 9 93 58 55 69 50 30 60 0 29 92 34 14 87 8 51 49 47 62 42 97 66 77 36 38 40 24 66 99 15 39 56 60 29 27 41 37 85 3 13 61 36 74 71 14 97 80 32 54 84 32
27 30 93 26 25 45 22 49 61 20 25 2 4 61 74 56 16 24 94 43 36 73 75 67 26 67 86 68 41 42 39 99 28 28 3 60 80 32 70 78 30 26 76 84 76 73 17 6 19 30 97 60 77 74 13 3 90 4 20 77 38 3 85 45 32 19 8 23 91 0 96 64 9 95 37 75 35 76 58 89 16 72 76 65 54 23 48 31 98 9 4 23 47 41 96 51 66 52 39 49
36 45 26 55 44 46 79 90 77 16 86 20 32 60 95 1 91 11 85 27 73 50 13 22 2 42 25 60 47 99 85 5 31 84 97 14 52 91 22 75 92 89 75 96 21 3 58 0 91 92 46 27 94 46 53 3 22 58 24 73 59 67 58 57 12 97 72 66 0 2 5 28 52 34 13 0 47 43 85 63 22 38 96 91 96 50 44 48 6 27 75 61 53 42 85 69 35 97 85 74
17 14 79 50 15 68 42 25 3 1 12 67 37 28 4 81 83 61 26 48 58 5 55 6 73 54 20 16 8 27 8 29 20 49 33 23 68 34 44 33 48 66 23 98 14 51 19 75 75 58 98 98 35 39 21 68 7 74 87 31 45 80 45 80 75 60 40 6 79 75 31 31 69 94 97 5 23 40 79 3 80 64 73 3 16 47 23 76 64 27 43 76 45 46 48 75 80 9 24 63
90 40 75 73 71 39 89 83 15 31 38 99 87 30 61 21 6 41 41 42 74 36 66 30 94 78 64 34 70 64 59 10 23 10 54 89 89 10 34 78 44 45 25 95 84 45 81 24 52 56 46 1 11 89 76 13 96 92 99 49 47 23 92 94 14 47 28 37 28 48 68 20 3 97 22 22 5 78 91 84 97 26 86 80 51 31 68 29 25 85 11 2 44 61 83 91 78 73 38 86
23 31 87 76 93 28 70 51 98 30 51 85 48 62 1 89 39 82 82 31 8 80 34 15 99 5 85 31 90 70 29 12 33 6 23 38 16 63 3 48 20 27 3 64 74 75 56 29 97 79 90 22 24 98 14 21 68 32 32 48 97 10 3 32 50 43 43 20 87 93 98 61 59 29 80 73 35 8 5 45 47 43 13 65 37 55 80 60 54 94 66 56 53 1 89 54 38 11 80 98
81 84 59 27 75 65 42 64 20 7 77 81 62 71 60 35 47 77 37 2 68 62 78 47 79 71 44 59 97 90 84 62 95 12 22 11 70 95 33 1 27 3 89 75 42 55 91 83 71 50 85 94 5 6 86 21 50 61 77 99 52 95 1 96 40 15 86 61 87 96 64 3 60 32 82 77 14 22 12 30 47 89 60 31 56 89 23 30 1 60 2 27 66 31 72 91 63 84 68 93
23 74 25 2 48 73 82 85 60 3 83 88 62 33 4 54 40 91 66 57 69 52 4 55 76 76 65 66 80 62 81 4 80 96 13 31 95 8 87 15 66 23 65 4 6 67 57 72 56 60 77 13 45 93 48 25 60 85 23 35 50 84 46 2 30 57 97 38 55 17 82 88 99 22 80 27 51 65 74 9 72 83 75 68 67 12 97 16 25 17 45 81 60 33 16 68 12 62 99 23
25 88 70 49 7 94 3 0 57 62 73 75 30 85 34 93 25 42 62 74 18 93 86 66 48 21 36 41 50 37 99 0 72 59 41 5 45 57 77 86 97 49 94 62 73 54 3 42 98 66 78 59 64 74 85 60 39 97 20 24 1 68 76 87 79 79 50 92 28 40 51 4 17 94 3 71 11 87 53 49 16 98 4 31 34 67 20 99 14 83 60 23 19 58 60 14 17 0 38 67
2 9 48 1 7 86 0 53 94 66 47 52 41 81 43 47 28 51 81 66 4 30 55 5 56 17 21 66 43 90 61 22 50 0 54 47 13 7 69 84 28 56 36 45 82 18 99 94 92 40 75 99 99 99 64 79 76 70 74 42 26 73 60 23 16 94 29 54 61 27 44 62 98 27 83 54 27 18 41 36 55 53 55 17 99 73 92 12 3 96 14 42 89 91 38 82 54 3 54 16
12 23 1 27 34 4 5 35 5 80 12 0 92 25 69 82 74 86 93 55 90 84 73 84 87 95 79 39 8 93 90 82 43 27 76 11 87 41 47 99 70 87 48 73 13 37 39 79 55 84 96 12 14 25 9 36 2 60 85 85 8 20 71 48 47 94 11 7 38 18 79 64 11 38 29 34 77 66 64 20 57 5 70 18 94 20 8 84 65 21 32 99 99 5 18 77 66 98 18 70
29 64 13 29 91 96 51 5 29 70 46 78 13 89 96 49 36 15 21 15 7 40 62 16 93 17 78 40 45 53 74 33 25 9 54 74 2 70 29 28 63 90 46 41 46 12 77 59 4 66 24 32 29 94 94 15 40 1 91 88 5 59 41 59 89 53 69 84 52 9 20 75 13 78 55 98 57 40 68 37 15 19 99 93 0 91 59 37 35 10 80 46 57 71 6 11 94 69 82 2
78 37 70 66 65 58 3 37 42 15 30 95 57 27 43 68 82 4 63 25 38 79 62 29 20 95 49 50 53 24 98 1 77 96 92 32 94 0 83 86 37 63 12 73 32 82 4 34 75 43 74 88 31 14 93 87 85 8 40 54 78 26 46 88 71 32 61 87 28 26 4 61 80 23 56 75 31 80 37 82 90 36 33 96 87 12 29 76 86 4 51 70 60 1 54 24 87 87 44 32
39 42 68 54 5 12 30 31 23 1 89 56 50 49 92 91 77 1 21 49 10 65 6 81 77 91 41 78 70 35 43 86 52 89 75 36 56 1 77 79 79 26 9 19 8 23 74 31 92 8 22 75 22 56 43 6 28 74 41 0 21 25 74 37 87 28 46 86 34 26 4 75 12 71 78 35 99 39 63 54 97 51 35 87 22 42 10 22 85 16 49 23 52 65 66 21 22 40 78 53
56 21 81 26 52 46 71 85 9 6 11 69 2 57 74 43 19 40 83 7 82 45 92 86 72 20 81 24 78 58 25 34 53 77 76 53 36 43 40 5 76 74 80 71 70 3 53 29 44 84 9 20 17 46 22 87 4 37 68 13 36 21 92 79 83 21 5 71 31 48 21 46 12 76 0 86 35 85 3 70 68 22 74 87 85 87 44 52 10 0 36 85 74 54 69 27 73 28 21 4
77 75 71 63 47 93 58 31 60 11 12 80 64 39 93 35 37 70 56 44 58 7 53 50 32 75 83 56 86 51 11 14 55 28 23 31 10 39 8 6 7 14 88 26 85 97 35 28 60 98 21 82 8 67 69 30 96 20 74 72 13 81 31 64 86 87 72 75 16 77 11 13 42 97 52 24 63 11 60 47 87 78 68 91 17 33 69 91 18 3 94 7 87 29 63 0 46 18 82 40
98 59 91 94 58 4 50 59 44 41 88 84 26 46 8 79 79 49 42 92 47 91 43 58 30 34 91 64 15 10 22 73 52 90 28 97 30 4 93 26 40 12 94 61 17 11 81 39 81 26 85 68 99 13 13 37 12 96 10 23 41 38 25 41 4 17 69 68 86 15 26 2 4 62 26 82 19 32 30 69 93 50 25 28 40 87 70 58 49 34 56 35 40 44 65 63 19 43 58 63
10 45 12 37 42 13 46 4 10 16 94 26 76 1 70 89 4 75 55 38 15 68 59 28 15 54 77 77 12 64 8 96 68 58 52 75 35 60 0 30 26 38 31 0 15 9 81 24 28 65 12 33 87 28 29 13 97 9 81 26 5 38 81 95 59 64 20 96 94 1 10 36 11 96 65 14 84 30 73 43 17 74 40 90 9 86 55 16 17 28 43 69 93 71 99 2 91 43 35 87
45 74 93 14 8 79 53 50 27 48 39 96 31 77 72 33 85 16 41 40 1 96 64 22 48 29 88 82 82 82 44 35 24 31 3 46 56 67 87 97 69 99 98 0 2 64 73 67 94 74 59 46 89 71 82 18 34 84 31 69 85 42 39 43 14 35 98 4 31 58 12 29 56 28 72 95 66 17 75 6 33 7 29 66 80 24 7 94 64 69 61 26 37 53 99 79 93 77 38 63
98 11 70 0 7 59 83 17 33 18 19 36 83 88 27 37 2 98 84 6 64 77 72 41 41 31 55 40 17 25 96 58 95 22 76 77 7 1 79 9 72 76 45 92 0 70 12 58 3 92 72 67 77 67 52 41 60 18 75 51 22 89 9 50 40 25 11 84 12 76 81 41 23 84 82 66 32 73 86 75 78 78 54 5 83 6 50 29 47 52 84 78 53 23 38 24 60 10 45 76
88 65 59 68 39 98 85 35 62 88 71 94 5 30 73 56 47 37 57 56 97 57 4 76 20 40 65 14 55 77 82 47 66 89 32 8 48 40 83 24 70 13 16 11 22 90 86 74 92 61 24 7 16 62 16 56 74 63 15 45 74 7 30 46 35 12 91 44 40 30 57 81 29 9 26 75 18 53 53 67 96 57 95 21 31 42 50 82 14 87 90 7 25 61 0 32 45 62 48 53
82 41 41 85 21 84 22 69 51 77 41 65 16 19 70 26 9 86 3 83 14 85 46 56 4 2 27 50 47 87 12 58 54 76 53 81 75 1 16 22 97 17 61 1 36 18 91 10 11 90 77 5 77 18 79 29 57 46 11 26 50 33 87 7 16 77 45 30 39 11 20 44 16 94 26 28 39 97 55 7 67 71 43 73 15 89 49 97 59 34 97 99 9 40 96 77 95 51 82 98
65 8 75 82 50 69 32 55 2 77 48 19 77 16 33 91 53 7 17 31 21 31 64 64 32 74 32 2 97 26 40 53 31 16 7 10 38 66 73 10 26 6 13 50 38 41 53 54 56 87 21 6 24 51 49 53 21 75 30 26 44 31 41 5 81 96 9 32 65 0 65 27 75 13 29 76 93 89 26 98 87 68 60 17 73 1 91 31 24 37 68 78 44 3 98 59 89 76 45 20
30 41 15 60 55 4 29 35 7 45 52 67 81 59 18 29 84 60 8 25 28 7 93 82 72 11 98 94 55 13 80 77 39 0 98 19 10 75 33 40 70 79 3 4 55 8 6 49 86 74 86 69 65 14 64 79 88 19 0 73 16 71 38 12 28 39 67 33 45 49 12 25 20 15 34 74 29 0 30 22 55 82 3 84 47 16 35 84 72 56 67 73 92 37 78 60 4 9 90 39
70 42 73 6 97 19 27 4 89 77 83 51 73 60 79 76 29 83 47 62 92 29 14 41 52 43 6 8 19 9 2 93 79 52 75 72 17 18 51 55 59 81 63 50 8 1 40 59 93 95 55 33 86 50 89 74 4 33 0 60 59 73 97 6 46 71 58 4 71 47 56 15 8 27 18 10 23 9 21 10 57 69 81 97 81 89 72 30 9 42 70 20 68 81 29 13 42 29 14 14
55 9 87 17 79 97 12 97 3 24 81 40 12 10 79 94 30 56 6 53 30 5 32 99 93 95 51 52 90 52 67 10 19 70 23 83 43 60 20 78 21 70 55 95 80 89 46 73 72 6 47 35 91 87 23 53 48 20 72 84 37 57 86 86 42 80 41 93 77 20 45 63 11 29 21 82 3 46 36 2 27 67 43 94 72 47 24 41 17 89 38 24 45 60 25 40 33 10 9 80
69 83 59 79 83 38 99 20 50 12 17 96 2 94 34 81 26 13 16 8 67 76 47 11 23 23 84 15 60 21 98 48 45 55 75 68 47 17 70 11 53 66 40 65 34 54 84 13 20 98 66 98 93 31 76 89 68 10 90 62 94 59 25 13 27 61 39 8 79 12 23 45 67 8 40 99 53 24 27 26 97 27 28 84 94 41 44 24 40 82 18 31 95 68 15 78 10 92 45 60
95 72 26 22 58 61 63 64 68 26 52 61 77 97 73 32 58 15 92 37 61 9 22 91 1 34 91 22 62 72 82 39 64 45 24 3 9 1 12 38 83 79 97 65 65 60 48 82 91 99 98 73 35 7 96 64 65 55 92 20 59 57 99 13 38 6 58 86 57 5 20 59 34 81 84 26 95 31 55 59 54 6 2 83 98 7 65 98 99 28 11 87 39 55 2 23 6 99 10 4
56 27 56 2 53 9 68 30 98 21 56 8 39 82 74 38 91 41 94 50 51 71 58 47 73 69 66 31 83 17 79 52 58 4 41 90 57 56 14 38 93 93 3 52 58 90 89 70 55 56 26 10 8 63 53 27 81 69 85 93 12 97 73 36 24 79 4 11 57 79 99 96 3 49 95 77 67 21 42 28 57 54 42 34 20 12 39 77 49 88 34 53 96 42 30 49 63 55 52 83
4 84 44 68 95 34 59 43 7 31 79 73 36 56 50 14 51 45 26 10 93 43 66 69 58 76 68 71 88 69 71 21 47 28 61 86 49 69 54 15 78 0 55 85 76 92 98 71 56 30 47 75 30 75 30 56 22 8 53 92 2 96 52 50 20 47 31 37 49 13 2 26 29 21 21 4 4 14 4 63 80 15 60 48 89 29 10 60 18 41 95 65 11 75 36 27 62 16 11 67
0 41 43 61 80 8 28 89 11 35 26 33 87 94 50 54 35 39 98 54 17 86 71 81 57 58 92 96 49 25 57 14 65 55 19 63 68 35 65 10 3 93 46 71 8 3 82 6 24 56 85 64 88 18 72 65 77 94 16 66 59 84 77 62 38 15 75 73 14 95 15 57 73 43 79 8 16 35 54 80 84 91 78 9 78 45 69 7 92 21 54 16 64 54 11 24 32 99 91 84
17 85 40 81 95 68 12 27 32 83 95 2 18 85 46 77 20 8 15 9 12 0 50 21 38 0 31 47 96 85 38 29 78 21 90 52 52 18 69 7 45 6 79 74 31 2 83 24 67 4 65 57 78 64 25 6 98 75 68 46 57 57 62 91 39 69 33 51 81 77 90 89 68 23 59 12 86 56 8 92 46 37 18 28 16 94 72 23 70 20 68 56 84 41 81 33 59 12 19 80
44 49 51 64 7 29 39 17 85 50 76 56 42 86 96 11 26 22 81 58 71 93 66 18 84 61 24 61 3 29 62 1 30 76 96 92 71 39 61 70 68 49 27 1 5 11 30 56 91 56 91 54 28 32 88 84 15 23 83 11 63 13 47 98 76 71 1 40 90 52 20 51 45 76 50 13 84 70 91 51 12 34 61 69 14 23 81 44 29 21 93 52 5 1 63 63 13 89 59 50
71 49 3 78 52 32 77 4 78 72 30 23 69 99 71 52 12 16 66 90 38 72 40 24 37 41 67 13 40 13 92 28 69 3 57 83 25 39 5 59 25 46 52 61 6 1 46 44 4 48 11 90 4 75 88 0 2 70 61 23 23 67 91 59 94 27 74 0 7 14 31 6 6 45 11 67 40 24 5 11 80 97 39 1 60 88 37 64 2 35 5 90 16 57 72 52 32 39 12 88
80 63 29 16 78 65 30 31 99 38 37 93 84 69 51 93 47 44 5 27 36 21 50 22 9 35 70 0 96 54 30 72 12 1 34 23 28 96 52 32 79 72 98 87 72 93 80 14 81 76 30 59 78 15 95 50 1 86 44 74 7 2 55 14 40 98 70 70 61 96 5 61 32 23 36 43 1 61 70 63 48 83 2 45 65 94 73 63 0 46 19 41 89 71 71 3 76 49 85 84
2 86 2 73 75 76 40 99 44 73 75 0 16 6 20 77 17 31 57 76 41 39 43 98 96 72 36 80 32 68 22 70 31 76 62 62 25 58 18 33 25 25 90 81 80 38 71 55 87 36 97 12 37 40 79 43 66 34 21 76 76 13 13 35 37 17 53 60 60 14 90 36 89 8 3 7 27 60 36 28 24 16 76 17 52 65 13 67 94 20 72 86 11 25 96 35 6 66 70 63
4 12 16 23 82 41 67 11 27 95 20 51 74 56 95 99 99 88 93 62 35 68 4 56 79 4 57 44 20 93 22 79 36 65 47 54 72 24 13 62 49 92 8 68 92 40 81 88 58 76 88 72 26 60 15 10 90 1 1 55 97 0 62 7 29 85 94 93 81 19 65 96 7 35 48 26 95 76 20 25 30 55 80 50 41 14 24 87 74 42 43 99 43 70 26 35 5 59 34 84
