6 38 11 37 62 37 29 3 85 6 33 65 59 95 46 89 61 43 97 34 38 84 30 10 29 52 92 70 26 30 35 50 56 78 90 5 63 83 38 17 71 53 39 7 87 73 57 74 65 79 21 89 63 50 17 56 73 96 32 48 48 75 8 39 63 18 41 39 43 57 28 64 75 50 43 77 55 57 17 35 66 10 18 24 78 90 28 52 65 15 40 12 71 20 75 49 39 20 17 91
78 9 60 31 27 -3 59 18 41 83 86 62 101 25 86 38 74 -2 73 94 35 82 34 70 16 36 69 96 17 94 24 60 82 95 12 16 30 3 3 56 70 90 64 30 77 88 57 68 96 21 57 28 35 18 71 66 73 68 99 -1 57 95 87 11 50 12 34 36 61 4 64 33 66 3 62 66 81 7 67 81 10 13 56 70 50 26 24 25 75 44 30 57 57 1 32 86 40 95 52 3
102 42 102 15 42 96 3 81 16 71 63 37 94 40 22 98 46 73 91 75 90 39 96 94 15 61 6 73 78 19 77 6 94 26 60 85 102 28 39 89 62 68 24 37 50 84 10 26 37 73 25 47 43 35 32 95 94 30 9 71 79 21 48 2 22 67 18 98 82 62 6 99 69 74 15 40 45 10 35 51 78 34 97 53 67 39 40 2 28 69 64 14 4 75 101 73 18 97 57 33
101 54 90 80 61 28 63 56 80 14 51 72 85 77 72 32 69 96 70 -2 43 30 2 85 37 54 57 67 89 30 52 73 55 8 34 96 77 64 58 15 74 37 55 90 75 37 21 76 29 53 31 52 7 4 77 89 90 60 44 96 80 57 2 35 14 19 49 24 34 29 74 5 83 61 10 72 35 33 47 23 19 10 27 48 5 47 99 7 22 28 30 24 46 39 58 79 63 77 69 30
10 70 27 85 39 72 10 93 18 6 50 33 53 46 17 84 38 84 6 23 100 2 99 17 63 55 8 96 60 73 24 60 56 2 44 86 9 6 47 63 54 52 99 32 50 17 97 48 43 87 43 35 72 1 31 83 55 46 62 65 14 28 33 42 38 48 70 71 98 74 24 20 101 13 51 44 41 35 19 74 51 32 85 30 71 41 33 78 54 19 75 94 3 77 33 40 92 69 93 92
50 54 80 7 8 59 73 88 81 21 13 69 53 25 66 46 42 56 65 93 75 42 94 35 100 35 21 8 16 20 87 81 99 57 48 11 12 24 8 51 4 24 64 15 8 10 52 -2 96 67 23 10 30 94 24 64 39 32 32 92 82 67 2 79 27 74 26 84 52 34 46 32 85 26 81 41 56 40 21 82 84 42 16 31 48 1 23 44 89 23 31 24 66 72 51 62 55 81 90 30
15 97 45 67 44 8 17 75 79 28 81 50 4 24 89 88 38 44 25 54 72 77 42 82 19 55 45 21 63 64 17 1 99 80 47 28 59 8 100 70 64 82 5 68 21 39 63 21 65 44 78 8 87 37 89 29 45 41 37 38 20 44 39 3 16 55 50 97 20 42 96 12 14 5 99 51 30 79 4 46 62 22 21 39 81 63 75 31 21 76 6 26 59 65 26 59 100 28 83 24
96 12 93 93 61 78 85 64 24 62 13 84 53 41 72 63 22 45 76 51 27 19 48 54 62 78 89 68 54 17 13 25 35 76 12 65 27 12 23 5 2 59 42 68 14 6 58 13 14 88 65 4 15 4 15 28 77 72 8 14 23 58 78 21 79 -3 41 64 88 71 37 55 95 0 35 28 50 54 44 50 26 76 61 1 88 84 51 68 55 94 83 65 75 7 47 64 16 61 95 2
78 75 89 5 18 53 97 39 6 4 19 42 57 3 99 58 17 39 80 38 18 44 19 39 34 4 96 29 47 99 4 71 12 82 62 67 44 83 80 66 87 2 75 33 10 92 27 89 74 75 98 71 45 42 23 52 7 31 18 94 85 28 18 54 37 40 74 50 14 84 7 64 25 22 41 77 12 78 33 68 98 82 5 62 94 74 42 39 67 25 59 85 74 40 49 98 7 24 18 27
59 87 8 71 54 63 17 54 37 82 92 77 81 89 51 36 32 16 7 55 36 84 70 7 38 92 25 72 77 14 25 36 56 42 91 56 17 -1 52 50 76 38 35 10 77 67 21 89 11 24 23 40 11 37 93 39 52 46 82 88 35 16 52 29 99 71 27 59 96 16 30 21 11 10 52 67 42 25 24 7 50 -2 60 64 97 86 62 3 33 93 67 7 45 64 94 2 10 89 72 85
66 15 98 21 27 72 8 13 93 69 26 48 52 30 95 43 86 26 45 13 68 54 79 5 25 93 26 93 60 42 10 13 78 5 102 23 46 77 96 21 96 47 97 19 43 19 55 43 39 47 88 100 55 57 22 34 42 2 60 70 23 40 9 16 64 56 65 99 87 96 10 84 78 68 92 18 41 70 4 43 14 6 10 12 77 83 102 47 43 73 41 81 55 68 26 37 66 48 76 92
46 28 38 11 65 90 47 51 41 65 42 90 3 76 2 92 99 3 23 3 96 87 54 93 95 68 15 58 94 52 13 27 12 92 92 86 43 91 10 24 35 2 39 13 6 64 65 19 86 67 38 39 75 94 69 87 96 94 72 23 7 56 86 66 90 85 49 9 42 -1 86 11 46 15 84 20 14 13 60 36 53 83 95 24 50 64 98 43 71 39 100 52 14 78 6 39 68 11 27 -2
54 12 16 88 98 66 67 62 39 61 98 42 33 62 30 82 14 18 86 88 75 45 101 13 10 41 81 53 99 21 82 5 62 92 76 58 101 11 78 85 44 1 37 70 71 47 73 93 32 28 23 31 5 81 89 90 25 41 33 85 6 56 29 43 7 24 7 43 72 53 44 48 26 97 26 36 55 13 89 75 19 100 87 66 29 3 41 13 14 79 48 41 20 62 95 66 75 74 63 57
69 57 78 27 95 88 52 66 49 46 33 36 34 30 100 57 40 87 51 68 52 77 40 94 38 82 86 45 7 72 84 26 64 44 61 73 5 54 33 90 78 91 38 -1 10 26 26 91 32 35 33 80 75 55 49 93 7 10 89 -1 37 50 6 47 23 60 41 67 83 66 11 18 12 73 25 4 97 15 73 2 99 54 30 71 28 93 59 50 28 36 92 11 53 55 74 27 25 8 65 26
12 99 98 80 93 99 36 76 40 14 42 78 68 6 60 82 47 61 45 96 96 48 34 13 82 36 7 1 8 98 37 23 8 38 22 60 82 30 97 87 79 90 81 42 46 48 75 95 65 32 37 21 54 26 71 54 5 15 58 24 21 91 86 22 55 47 16 87 26 36 100 78 70 85 81 5 4 36 64 8 46 67 21 82 79 5 86 37 93 25 30 40 27 26 82 65 35 24 23 24
59 27 18 69 38 25 84 3 73 12 58 1 34 78 56 1 91 18 101 42 68 32 94 31 9 12 60 54 100 2 29 86 23 40 39 26 51 -3 28 -3 77 51 84 61 41 58 20 13 88 1 31 6 91 24 40 25 19 96 74 86 71 83 20 9 8 27 21 17 15 -3 2 52 81 0 17 -3 47 93 75 8 100 83 52 90 73 69 57 93 32 5 74 78 47 61 62 94 30 83 83 30
5 56 42 86 70 74 85 10 32 37 69 36 76 44 4 14 12 60 28 8 42 63 14 57 52 17 11 34 25 9 15 98 5 49 35 8 51 47 73 63 32 84 47 97 91 58 8 74 52 32 58 97 77 85 76 33 3 93 40 9 66 61 8 33 94 73 68 21 82 3 76 7 18 94 4 2 82 2 17 34 75 48 30 50 37 52 31 47 4 40 4 63 18 79 20 32 35 6 87 8
23 73 57 -1 5 11 47 14 6 52 91 89 9 78 72 26 62 51 11 94 63 43 17 56 99 91 61 55 5 13 82 65 16 40 47 77 82 42 100 52 23 38 90 5 70 25 68 9 19 -1 19 11 36 16 61 85 89 84 98 70 45 88 6 68 82 18 52 19 63 19 11 83 5 84 100 32 15 52 74 54 19 27 52 57 94 72 16 81 36 53 98 85 30 86 9 35 54 0 99 66
74 24 6 72 69 15 81 87 38 59 76 96 54 52 61 42 16 65 19 77 15 23 80 42 72 19 6 44 28 14 4 60 50 9 53 28 34 51 33 24 71 58 60 54 64 24 24 63 5 20 45 63 89 53 4 99 39 41 56 47 35 90 61 80 77 77 60 10 11 66 6 74 35 11 18 90 28 40 54 89 38 25 13 10 13 12 85 81 13 96 89 49 53 88 61 49 36 47 94 25
4 32 10 61 89 55 71 59 75 50 27 45 26 12 24 71 53 31 21 10 57 58 32 63 27 12 28 29 93 71 25 63 52 27 75 88 26 79 24 24 33 12 39 46 14 95 12 50 32 25 61 6 17 25 83 41 27 83 95 66 101 78 97 74 79 23 12 2 77 2 36 46 81 44 78 22 92 -3 27 51 98 96 82 59 48 96 90 76 19 2 87 26 25 12 20 30 82 40 20 25
57 98 25 47 49 35 36 6 47 38 46 100 26 98 8 81 60 25 69 77 73 68 40 100 10 37 93 56 42 9 3 91 14 24 88 57 27 46 29 11 18 15 97 43 32 96 36 33 92 50 42 32 86 97 43 92 46 25 43 45 51 42 18 95 28 6 63 31 8 72 60 75 3 47 27 25 27 90 3 29 15 96 101 32 40 98 6 72 87 15 3 47 78 69 53 8 19 17 93 51
54 -3 92 85 69 0 76 36 82 18 69 16 54 61 93 83 71 37 46 18 76 54 97 30 48 59 20 67 79 89 34 67 85 8 57 67 100 83 87 37 31 29 30 21 40 60 41 82 85 60 15 18 2 -1 70 14 55 95 79 41 43 70 81 80 91 83 80 59 57 18 39 55 83 31 48 79 79 56 72 71 69 5 27 52 76 3 25 81 88 48 85 62 66 71 14 12 73 60 34 46
80 81 3 53 76 14 16 29 56 59 89 64 57 74 36 48 44 72 94 60 100 99 64 44 43 70 78 40 14 98 22 8 99 34 20 81 42 51 36 97 55 9 53 52 97 95 17 15 8 2 34 87 80 66 3 68 37 10 81 24 58 59 79 70 84 16 17 3 10 78 41 46 14 26 102 89 63 57 95 56 94 86 47 46 73 81 83 53 51 68 24 92 35 50 99 25 6 24 32 2
21 43 21 5 94 48 86 45 73 14 75 52 20 8 22 81 5 68 20 93 7 94 47 16 96 48 93 34 36 39 75 29 81 30 86 70 84 24 32 34 54 66 19 16 13 94 10 80 49 67 40 74 64 24 9 48 79 86 68 89 61 86 8 91 23 61 52 80 20 96 30 20 3 18 28 27 29 48 11 34 4 53 76 56 48 75 88 39 100 26 25 63 23 82 53 29 11 57 50 59
35 47 50 92 6 2 63 32 17 58 101 69 3 14 92 39 19 2 3 27 64 94 96 23 95 55 24 56 58 18 62 67 35 33 75 20 49 88 85 36 93 84 70 64 48 23 26 2 55 45 70 6 9 10 89 29 65 41 81 93 71 4 79 63 100 88 71 91 87 71 26 55 49 15 98 34 72 73 71 21 65 43 74 71 70 73 77 9 62 63 19 60 26 88 92 30 3 8 71 14
8 24 71 58 86 15 44 -2 15 94 65 57 25 33 72 39 67 41 95 2 95 76 69 58 61 81 96 78 65 81 87 83 45 29 89 70 65 17 71 5 45 35 21 23 46 4 23 34 25 68 74 81 23 85 35 10 98 30 28 21 27 55 57 66 98 87 59 52 89 19 86 54 77 30 67 15 48 45 28 60 9 22 87 41 46 49 47 89 91 94 29 28 47 95 95 92 86 81 47 52
10 31 12 68 42 27 26 31 84 55 17 35 89 78 38 73 24 38 44 8 95 91 26 43 29 2 93 96 29 68 93 65 56 18 82 64 67 10 5 58 69 34 40 12 30 87 56 9 19 94 81 3 59 21 41 91 67 25 22 54 45 63 26 96 91 9 57 86 84 83 28 35 46 55 4 74 13 22 35 43 66 47 65 74 55 76 33 59 24 37 81 92 82 96 13 95 94 86 77 25
63 37 75 4 72 1 13 4 66 1 77 30 62 19 4 19 18 8 51 46 28 91 51 63 68 47 15 68 62 26 19 84 75 83 65 12 30 83 54 25 36 76 81 55 91 88 2 26 23 85 25 89 101 46 96 3 90 51 91 58 46 68 6 75 70 69 40 4 64 31 87 11 75 2 39 74 57 42 51 48 74 11 72 63 2 73 60 60 93 77 101 -1 101 80 15 6 86 52 99 79
44 49 81 84 57 77 69 35 62 89 75 43 30 21 33 56 5 21 20 92 15 79 59 46 69 85 28 42 90 91 41 52 47 67 56 80 14 66 67 75 88 64 78 8 48 63 32 22 96 83 38 54 26 35 90 92 84 78 95 42 24 44 38 29 76 53 68 91 6 91 88 91 30 97 35 74 58 47 64 10 3 20 59 50 22 51 28 44 4 6 39 70 102 23 34 45 93 12 3 94
10 11 50 88 22 67 92 82 56 76 2 66 36 68 16 70 13 48 31 88 64 36 65 86 10 46 67 81 80 30 3 15 33 53 62 -3 22 17 3 31 30 38 37 10 74 12 78 88 63 11 23 17 61 82 13 1 46 36 17 52 30 51 24 41 51 37 78 71 92 54 86 0 97 84 32 86 50 43 4 42 31 25 59 43 55 18 23 18 70 15 78 69 54 47 3 7 80 62 75 46
22 16 101 43 87 73 12 84 86 78 35 88 56 72 15 67 101 54 30 32 97 59 59 72 20 53 64 66 57 93 61 10 70 21 61 64 23 3 71 45 37 68 6 30 55 21 9 52 4 2 82 27 98 43 98 56 13 89 40 32 61 72 98 85 34 90 64 70 59 9 9 40 67 77 91 24 54 84 38 47 102 13 92 31 40 50 22 49 26 47 31 96 52 81 59 71 44 55 51 99
13 43 93 25 48 40 56 68 38 48 47 3 68 86 98 60 39 65 10 92 67 62 72 24 35 92 10 67 75 2 84 95 50 18 42 61 87 86 57 46 32 79 24 51 47 49 65 24 52 32 98 64 101 51 39 20 53 80 12 68 99 62 60 24 66 38 37 19 70 42 46 62 97 6 7 60 2 22 2 13 74 92 94 1 7 27 72 70 97 20 45 34 47 83 34 72 16 85 53 49
41 5 15 37 64 68 36 67 102 44 4 54 83 95 33 83 68 84 28 51 48 49 70 27 101 71 86 12 63 20 26 50 96 4 52 98 81 54 9 87 24 89 24 49 90 85 44 97 78 71 54 31 42 15 101 41 15 17 93 62 39 96 29 64 16 22 40 27 95 7 84 96 86 47 71 91 27 67 53 81 85 28 91 36 61 97 15 94 60 97 45 2 54 24 93 22 8 12 61 5
52 12 87 95 100 92 21 49 56 50 99 39 50 9 98 95 47 -1 75 6 85 42 72 84 5 38 33 75 81 51 38 86 26 44 61 38 57 9 75 26 3 51 93 27 35 67 6 51 43 19 93 34 21 87 4 93 33 6 16 95 51 29 101 23 69 4 26 38 26 4 12 0 13 85 77 17 12 22 89 60 57 93 97 -1 87 89 51 3 88 37 40 47 58 34 70 70 90 11 74 43
90 86 98 23 38 26 32 35 3 94 67 48 51 4 46 73 41 19 12 92 24 50 48 41 20 97 74 58 60 17 85 21 98 29 97 18 42 44 94 75 38 25 33 60 54 88 50 59 45 45 102 48 23 27 58 58 102 27 80 58 30 13 65 48 48 8 18 35 37 19 8 89 46 72 102 78 11 97 31 27 58 70 17 37 43 38 32 58 25 10 71 3 98 17 19 67 93 15 88 99
42 37 95 57 65 72 89 13 37 49 98 48 58 64 11 63 84 49 52 54 78 -2 19 4 73 29 38 26 67 19 39 93 66 40 57 22 79 81 10 76 14 41 54 81 80 54 6 82 91 87 41 64 79 51 12 22 87 62 19 80 48 68 40 90 17 74 91 3 80 91 4 11 4 48 22 41 86 -1 20 1 67 94 86 35 41 69 83 24 16 47 100 75 33 73 26 58 32 83 41 74
54 14 88 15 87 80 101 47 58 29 29 50 27 50 7 44 77 91 75 7 38 11 33 2 44 61 80 48 44 30 74 58 92 55 30 35 27 37 42 40 16 73 44 33 62 70 38 76 16 78 32 12 101 37 73 34 59 21 21 55 55 12 69 22 29 48 53 27 65 23 57 82 62 58 22 53 43 88 38 74 63 64 12 95 38 94 93 34 69 2 28 55 55 52 50 39 7 86 59 17
27 49 43 30 46 80 99 11 34 3 30 76 67 89 21 96 85 49 29 40 58 14 80 23 48 62 26 35 55 82 77 86 76 90 42 75 63 53 43 79 46 5 56 5 21 -1 86 56 40 44 47 21 10 72 31 8 17 78 70 96 11 78 49 6 62 37 12 66 66 26 40 48 3 76 66 52 87 25 32 26 34 54 26 11 35 39 100 4 2 74 11 60 51 36 16 60 23 3 38 96
14 78 98 46 39 55 25 18 47 28 4 43 38 9 87 9 30 27 93 72 12 45 60 73 54 99 57 25 96 43 58 94 32 94 80 42 19 99 49 50 70 37 97 89 88 12 23 69 52 88 45 62 56 70 54 38 84 38 30 49 54 79 14 33 15 12 63 18 88 3 70 40 24 49 30 17 39 13 73 58 34 70 94 96 5 55 37 24 11 64 56 88 77 99 39 1 40 53 19 28
39 9 12 5 86 11 25 66 42 74 11 90 6 59 72 33 74 47 47 61 40 25 15 33 38 26 53 45 7 94 20 96 12 72 14 37 6 70 27 30 47 95 65 34 60 82 27 3 33 16 50 2 77 67 74 92 20 57 99 93 14 78 75 52 12 13 52 25 69 1 37 18 30 20 51 94 21 95 66 17 34 21 78 58 13 78 37 61 56 84 89 45 43 16 82 64 57 35 7 56
99 6 81 78 44 16 52 63 57 34 27 47 79 42 7 13 38 93 21 65 89 84 91 45 82 52 15 24 51 50 50 9 84 99 90 4 97 31 93 61 10 56 65 93 95 96 51 13 75 95 54 71 68 90 25 22 65 16 23 30 73 8 48 71 26 54 24 21 57 25 73 43 52 47 87 21 49 24 92 32 46 77 7 88 61 38 101 20 44 41 73 35 9 1 102 7 12 44 3 40
76 85 99 85 61 15 81 74 77 61 17 17 55 89 39 36 92 85 65 91 80 71 98 73 88 43 10 23 16 22 69 71 46 95 55 39 36 37 99 56 50 65 4 95 4 48 81 82 15 3 83 63 62 24 88 53 64 10 50 84 25 37 86 64 74 1 89 65 16 2 40 93 47 34 7 62 23 29 25 61 90 47 44 85 48 42 85 32 99 72 85 17 82 39 37 41 82 26 35 31
47 11 80 66 74 87 86 46 41 28 59 62 12 93 87 45 35 6 29 65 96 86 8 83 69 52 76 97 43 6 53 19 48 69 5 25 88 29 53 50 63 7 14 97 38 65 55 69 50 38 3 24 37 75 93 33 96 34 82 82 20 29 91 46 34 42 93 73 66 95 43 62 89 6 43 51 62 21 78 88 71 76 21 3 59 76 87 37 35 1 53 58 57 40 83 42 34 100 99 38
79 58 16 53 47 41 16 93 2 36 73 95 68 19 37 95 48 76 18 85 62 39 17 32 74 27 62 14 49 3 80 87 10 18 77 35 59 68 56 73 14 34 75 52 73 52 74 31 63 0 29 63 40 73 73 56 98 75 4 75 39 26 39 70 79 67 23 -1 24 17 78 85 31 10 91 92 70 36 80 12 79 91 40 4 8 26 52 7 11 95 91 53 19 67 93 64 7 9 18 25
31 8 73 6 29 19 76 83 16 82 16 96 59 54 34 10 12 39 4 38 31 27 5 65 97 33 69 77 99 9 89 91 93 49 5 17 17 51 41 80 80 98 51 80 48 88 60 59 50 78 13 14 12 25 42 87 23 96 19 38 49 29 46 98 14 93 39 95 54 71 81 41 18 12 11 47 100 82 80 80 53 15 38 11 74 15 56 79 78 33 73 58 79 47 39 61 74 94 92 92
83 46 25 28 58 74 20 93 20 96 20 10 77 85 71 7 54 29 26 1 71 38 2 70 95 48 19 72 37 -3 7 47 6 30 24 76 27 24 97 22 37 7 62 16 32 8 33 28 86 7 47 91 77 0 17 38 72 77 47 41 96 67 55 48 63 38 45 37 84 36 48 22 97 37 47 96 30 92 78 79 99 80 42 26 86 66 84 40 60 84 8 7 26 9 61 75 52 80 6 89
96 39 11 5 89 44 18 53 58 11 38 44 47 20 13 43 88 71 74 27 21 28 64 23 76 49 56 10 72 100 29 61 27 19 5 38 85 2 70 52 78 59 84 72 59 78 94 60 76 48 26 63 83 70 20 24 78 11 47 37 80 38 15 61 57 87 14 40 19 57 48 40 52 78 16 29 22 89 57 52 80 17 47 33 31 37 32 70 86 53 27 7 90 37 56 66 27 36 99 64
74 47 47 61 92 68 71 36 78 55 18 19 16 46 29 38 6 59 22 57 37 86 95 87 79 51 55 5 4 41 21 20 15 6 54 23 34 57 74 62 54 2 86 9 76 82 99 50 52 84 29 10 41 64 8 67 37 5 89 93 77 92 9 43 22 34 2 49 34 59 84 15 14 10 22 29 26 60 80 46 60 60 80 42 84 49 57 60 23 38 80 57 73 22 33 38 71 42 62 -1
99 96 99 81 37 10 37 24 40 83 91 17 63 96 90 88 76 45 69 61 59 22 6 22 100 93 16 2 28 100 48 94 26 2 54 67 15 79 102 38 50 89 63 58 35 5 79 31 102 20 28 94 44 55 20 90 14 81 61 24 63 96 52 52 89 9 73 100 88 87 98 48 36 81 91 29 34 14 30 82 18 97 34 30 93 32 16 83 16 13 15 61 7 62 10 89 29 99 25 18
91 38 74 74 25 41 94 94 56 56 51 53 56 24 71 80 6 96 101 68 69 1 49 90 18 77 80 0 79 16 12 -1 35 73 45 61 26 15 18 30 20 31 82 92 70 7 17 65 55 47 100 49 38 31 62 28 77 38 61 8 22 5 87 32 5 44 6 32 77 66 52 10 75 41 9 96 84 31 59 51 96 39 87 36 60 36 16 27 10 12 19 87 53 44 89 74 91 72 70 19
38 11 70 63 34 99 20 96 91 42 52 68 16 44 35 89 38 38 93 49 34 52 53 64 88 38 6 71 40 97 42 90 84 28 3 13 33 22 70 26 57 23 88 1 90 4 99 38 56 77 73 15 26 10 76 97 79 8 64 73 30 42 102 94 44 45 37 90 18 91 85 63 64 26 7 62 77 41 16 82 27 2 49 28 23 3 31 27 76 40 42 8 79 50 29 68 54 7 27 24
47 96 81 42 67 -1 10 35 32 65 40 65 54 55 51 78 40 72 20 10 87 17 7 45 66 89 37 24 39 84 45 81 31 43 17 45 85 69 25 87 50 29 92 11 34 7 11 11 23 3 72 13 92 21 84 18 88 32 48 -1 15 24 51 41 88 39 58 62 9 9 68 63 24 82 37 52 64 84 38 76 9 24 20 91 55 10 37 30 35 10 75 96 24 85 81 60 26 53 83 25
39 77 54 47 40 77 94 12 91 56 30 45 30 79 17 36 79 63 85 31 92 46 46 80 86 43 75 100 56 69 3 43 48 30 16 12 90 72 56 88 78 20 100 17 31 84 65 5 78 21 39 75 68 58 38 71 80 80 14 46 21 68 4 55 70 18 61 32 12 100 54 92 97 38 42 92 21 45 84 24 79 82 72 49 48 46 52 96 50 42 96 90 58 54 32 38 6 61 45 87
57 13 30 75 48 72 5 18 35 70 90 70 46 88 96 87 70 47 97 32 39 79 27 -1 81 82 79 5 67 59 71 3 79 0 44 20 5 69 8 17 42 34 10 13 29 71 90 37 30 69 15 4 41 50 42 43 89 32 13 62 34 54 21 37 44 79 100 12 76 39 65 83 57 35 14 50 34 86 23 25 4 90 13 73 80 6 50 11 101 78 22 50 44 67 98 45 77 60 101 74
5 94 45 46 91 7 76 95 30 3 28 73 7 41 35 88 19 49 101 88 12 18 89 52 100 14 10 16 26 11 30 14 80 75 52 31 18 35 59 68 66 97 84 13 62 65 52 21 89 67 82 23 78 92 84 89 11 95 63 1 46 37 51 79 88 51 38 77 79 18 28 38 26 95 37 65 12 46 79 78 45 44 39 65 27 69 98 83 53 67 97 96 20 21 39 72 75 96 28 46
97 34 80 61 98 13 28 96 42 22 16 83 46 52 18 77 88 15 79 1 54 82 26 22 96 54 37 55 38 16 82 72 25 52 12 72 81 52 69 45 33 60 17 35 63 1 39 18 57 26 15 60 10 3 24 58 58 15 32 16 52 4 77 50 18 40 99 68 101 77 18 28 36 16 78 39 6 78 85 6 73 39 21 26 18 92 19 59 6 47 58 11 2 -2 11 9 27 26 5 44
67 66 3 15 83 59 55 9 80 50 28 47 29 17 73 65 39 74 21 45 77 96 29 80 61 88 36 58 23 75 25 50 35 45 53 89 101 81 4 58 68 53 64 52 8 17 44 92 82 79 69 74 83 28 85 53 73 27 15 13 40 75 35 48 24 85 66 72 77 83 50 51 35 51 96 22 39 22 88 80 22 63 18 80 79 33 82 13 79 95 8 96 48 81 87 42 23 97 98 44
31 28 77 50 58 76 16 16 84 67 30 60 31 95 25 -1 48 87 89 47 58 55 75 11 51 50 10 80 53 52 71 91 17 77 48 8 86 34 35 78 44 13 93 73 46 26 89 54 23 1 19 67 96 68 9 90 6 36 58 28 36 57 17 7 52 87 38 59 12 85 19 53 92 16 45 17 48 24 92 24 18 34 81 1 75 91 94 16 69 63 56 22 93 3 39 74 66 90 10 65
88 4 63 63 34 57 68 52 79 90 79 80 100 85 62 59 94 47 86 18 66 69 94 93 72 96 99 7 84 71 3 74 47 15 86 80 91 62 60 95 78 51 55 9 75 64 29 85 12 73 20 48 90 44 33 66 91 57 30 93 24 60 42 88 64 5 49 56 9 85 57 83 43 25 19 7 7 40 57 77 16 42 45 30 22 19 45 44 23 4 79 94 28 87 92 93 37 11 100 43
90 80 79 18 14 67 4 46 51 61 86 85 12 66 74 87 77 54 68 59 84 11 65 33 9 17 13 72 88 61 43 58 57 29 6 77 93 80 66 15 28 42 2 78 51 64 79 35 79 78 96 -3 66 26 75 39 38 53 62 85 101 44 37 80 30 59 72 -2 74 6 72 39 5 38 31 89 60 7 83 58 50 18 86 -2 82 82 67 85 36 18 100 27 67 74 10 41 40 21 91 41
7 87 34 63 17 80 79 35 18 36 5 52 35 93 94 30 39 64 16 80 10 5 38 54 76 19 5 79 60 72 102 47 80 11 54 27 100 1 80 9 46 67 5 53 49 95 35 45 39 73 74 60 95 16 101 100 11 14 50 82 62 81 41 14 42 27 6 8 64 29 76 57 28 56 77 34 47 35 69 2 7 49 61 40 44 64 26 52 90 44 54 97 7 81 45 36 30 45 35 42
77 58 23 27 50 56 51 82 18 79 11 79 34 79 76 46 21 64 70 22 13 12 26 18 48 17 67 18 33 73 79 95 85 89 18 80 75 34 27 48 16 37 68 40 56 74 37 19 36 78 59 67 49 66 19 47 67 54 30 65 84 6 26 71 45 50 55 92 27 64 29 62 90 41 95 89 51 20 44 93 89 53 47 4 34 7 101 28 32 62 95 44 62 85 84 3 96 81 99 12
16 100 90 35 70 94 85 93 65 2 66 45 53 20 16 81 11 75 47 54 79 78 63 19 39 38 88 20 47 27 98 32 75 24 57 34 54 94 74 87 56 13 54 32 75 79 82 48 74 8 59 56 25 43 92 71 35 98 17 88 89 39 3 71 34 70 25 27 32 37 81 50 77 31 84 91 4 58 47 83 61 75 15 67 96 21 49 86 6 94 54 30 41 46 30 13 12 24 94 21
35 95 66 62 69 76 14 29 41 47 60 6 49 96 31 59 93 84 85 21 59 22 59 25 9 3 34 37 32 81 50 30 4 64 19 26 88 35 79 67 24 -3 10 59 94 16 66 54 71 74 28 44 87 79 67 64 83 -1 16 7 66 23 75 96 83 87 62 71 54 63 98 74 19 8 40 62 78 68 31 3 46 41 6 44 30 81 19 1 42 63 50 39 4 96 73 80 46 47 92 17
24 62 18 67 57 76 95 46 95 2 42 52 34 51 101 18 61 49 6 61 4 14 38 50 45 56 36 40 40 65 39 55 90 33 71 95 79 30 76 57 52 100 80 73 4 77 10 39 100 80 50 35 81 24 85 72 14 87 14 77 52 13 47 30 8 7 69 94 22 40 47 48 7 59 97 83 67 61 54 93 50 84 5 52 79 25 12 59 11 7 36 61 17 83 94 95 45 57 14 21
11 -2 40 36 15 54 27 30 79 59 96 2 59 8 79 22 7 11 76 51 71 36 31 33 25 47 15 38 50 49 34 41 99 76 3 28 19 70 38 48 83 43 91 4 6 21 92 52 18 7 30 22 66 44 93 77 80 72 75 83 61 40 55 44 8 53 62 38 46 12 94 -1 59 -3 55 22 15 78 42 34 75 6 98 -3 15 73 57 64 62 28 42 66 23 51 79 48 11 16 16 53
44 82 54 74 11 70 65 94 90 60 16 12 39 87 83 48 32 24 10 76 28 50 8 80 37 22 4 81 36 62 51 19 32 47 89 87 76 17 80 94 73 91 5 27 84 14 89 61 90 43 21 5 30 99 14 8 36 42 57 34 91 18 82 33 87 71 31 34 59 16 93 22 40 31 66 34 41 3 82 89 17 58 100 30 62 84 20 27 89 51 65 92 17 20 22 99 46 30 38 39
90 56 99 71 4 43 90 -1 55 71 69 71 16 12 78 65 35 68 81 83 15 25 35 46 66 73 68 69 35 79 91 38 8 -3 98 62 59 34 9 63 87 49 98 25 4 51 17 83 71 37 70 44 45 20 78 64 6 76 26 42 30 46 15 8 70 8 12 57 36 64 16 80 16 78 87 20 82 2 40 12 19 50 98 21 85 7 33 51 41 36 44 48 30 21 21 78 82 69 34 44
94 39 18 37 88 73 83 18 28 7 87 7 10 63 85 72 22 68 45 69 72 35 84 4 71 6 76 12 65 86 6 20 25 80 12 46 74 71 33 92 12 60 100 97 19 30 40 80 43 75 40 52 66 99 8 49 47 62 96 70 28 13 9 96 102 59 89 9 67 49 97 30 46 95 27 16 72 79 73 2 90 49 50 79 68 25 102 55 74 9 71 50 87 35 90 53 31 27 54 76
91 24 69 5 45 64 58 0 55 69 32 2 32 91 44 40 19 93 11 8 68 23 5 -2 90 38 12 92 42 81 81 31 47 13 40 14 26 84 82 59 72 4 62 52 65 75 97 55 18 40 10 68 48 84 88 93 85 44 24 40 101 66 89 27 73 85 67 4 19 55 61 25 7 41 89 1 35 35 70 84 89 24 94 -1 71 18 88 7 96 18 55 40 46 72 41 5 33 64 83 57
19 55 51 70 27 58 30 30 86 10 34 100 93 41 92 71 83 95 74 36 33 58 45 14 49 91 70 82 37 50 25 83 45 13 18 12 95 5 29 79 36 75 97 48 47 44 10 53 100 22 57 18 28 58 84 1 100 63 30 22 77 48 87 25 38 59 11 85 25 34 20 47 79 46 78 78 84 20 99 64 18 2 63 15 93 45 94 76 25 95 74 76 93 61 100 32 80 55 32 97
47 2 7 78 4 62 87 46 25 52 47 15 39 71 24 83 2 -2 16 39 15 49 50 7 64 62 35 5 33 63 49 32 10 37 82 4 52 36 47 0 86 45 94 8 32 6 4 -3 4 32 45 81 99 12 35 77 23 34 35 15 14 62 29 83 93 96 49 74 79 80 24 27 100 34 71 26 6 7 36 70 51 56 68 15 18 28 78 14 94 89 66 -1 79 44 92 82 61 77 95 45
67 3 93 82 75 60 73 79 21 52 96 31 61 12 40 94 45 17 79 48 62 58 95 24 48 82 94 91 32 44 71 88 39 1 28 95 66 30 41 48 14 38 96 88 98 89 81 99 18 67 89 37 54 66 96 40 44 80 32 83 68 63 97 93 13 1 16 55 82 50 89 85 62 90 4 68 83 9 101 5 5 97 37 55 65 70 80 95 63 97 81 85 9 100 8 49 79 3 91 67
11 35 38 10 56 47 89 31 30 -3 47 26 88 7 81 66 92 88 46 42 67 47 48 12 5 1 6 -2 90 56 3 62 76 85 88 55 9 20 95 49 101 15 75 20 79 85 86 62 100 87 65 -1 4 65 57 55 100 36 51 58 97 82 5 39 5 43 3 3 87 27 24 73 90 69 47 85 50 1 17 78 9 49 78 95 47 58 51 60 18 28 63 26 88 70 60 0 42 16 33 87
63 96 69 57 35 98 56 12 101 66 74 84 16 15 28 92 65 19 28 71 91 47 67 49 70 62 89 45 68 9 56 94 97 53 46 83 44 39 68 35 43 81 36 51 26 4 13 77 11 30 95 55 99 87 45 79 62 1 26 62 56 62 35 87 46 86 77 36 63 66 5 40 11 46 43 100 24 11 68 37 50 36 55 3 46 20 28 3 24 64 14 75 48 59 24 82 89 83 72 83
56 1 32 60 2 62 91 17 61 76 64 8 92 92 11 8 56 22 99 45 5 66 11 85 61 10 72 16 86 19 57 78 11 6 90 36 38 87 63 47 74 27 43 89 67 81 98 9 93 72 39 40 20 39 36 63 8 8 74 70 60 82 18 17 79 38 35 56 48 81 76 55 18 95 67 42 15 14 41 11 7 24 75 88 41 80 24 37 55 55 30 83 96 80 64 74 27 85 13 58
83 14 61 69 39 9 100 51 102 99 37 86 6 54 73 70 33 77 24 39 98 68 43 22 79 26 31 7 26 96 62 49 52 63 55 2 55 64 6 81 68 86 60 45 47 93 46 64 90 20 100 38 61 64 26 56 44 97 91 51 55 35 29 22 84 78 40 39 81 67 88 89 90 94 97 89 68 19 89 12 22 73 83 48 31 15 55 77 61 72 7 73 42 87 22 52 17 29 83 17
61 61 35 30 80 11 100 38 25 45 39 79 46 35 22 10 3 83 28 21 36 42 96 19 15 54 79 56 5 0 17 42 41 12 3 21 101 60 78 21 66 59 64 79 16 64 85 40 66 26 60 41 49 95 28 16 93 10 73 35 61 15 42 45 49 82 20 85 8 50 91 54 30 50 68 72 67 78 60 65 94 74 98 68 100 69 42 63 87 43 25 84 13 64 49 29 15 58 11 67
19 88 93 84 63 7 28 38 93 33 3 18 86 86 62 40 96 90 92 80 41 58 59 81 95 80 71 76 15 3 57 51 4 87 79 11 65 95 55 35 43 76 93 26 5 83 9 10 52 81 15 58 83 75 68 50 53 12 58 52 26 4 69 89 10 32 77 96 67 8 79 21 48 76 27 62 69 53 34 34 30 45 30 61 16 86 21 4 90 70 82 63 27 92 99 98 98 38 52 35
20 96 58 66 71 32 32 80 44 40 75 32 82 33 51 23 22 -1 77 62 22 36 57 13 4 39 60 33 12 47 32 84 23 58 20 17 80 44 2 14 77 95 64 12 45 71 42 1 100 47 41 36 69 61 99 8 101 25 91 31 76 67 77 29 63 26 10 58 46 69 61 61 42 5 86 86 32 72 74 11 19 74 27 92 60 21 90 55 73 79 24 26 7 91 49 28 87 -2 88 20
71 42 54 31 27 97 74 40 76 14 29 39 8 97 66 85 80 61 87 20 83 94 97 47 61 96 27 36 5 93 34 16 31 89 56 77 24 26 26 4 74 5 14 25 56 44 18 82 18 10 45 78 15 30 77 88 100 11 34 2 100 7 80 68 56 98 14 4 68 26 44 78 73 16 11 29 56 66 29 46 68 76 70 27 17 75 20 53 85 70 100 48 84 40 76 14 30 86 11 56
83 51 5 52 79 -2 39 69 55 33 100 7 33 10 90 89 59 -1 45 85 94 38 37 19 64 -3 73 88 9 1 50 45 63 71 48 75 82 58 59 29 46 89 85 95 63 48 66 68 31 65 40 53 70 -1 55 2 43 64 34 66 77 65 74 25 72 61 93 20 13 21 85 43 70 91 15 56 19 26 5 -3 54 27 93 23 79 33 85 26 33 55 68 92 18 4 96 40 70 41 81 9
26 60 31 53 50 16 41 37 56 64 20 47 19 88 40 2 11 57 42 29 11 30 91 79 12 46 73 60 71 40 43 40 99 9 82 53 53 56 12 54 35 36 101 27 52 56 50 60 96 51 4 15 79 7 8 86 64 5 79 81 12 53 84 33 74 49 87 91 72 76 72 31 67 14 19 48 6 58 27 26 45 53 21 72 71 30 29 74 50 32 37 9 64 80 12 38 102 74 81 74
35 60 79 16 64 86 51 72 75 39 37 61 21 41 47 81 69 26 2 30 93 50 41 18 56 31 69 20 30 2 25 95 40 16 60 70 36 40 31 24 36 24 68 4 33 68 98 78 51 27 72 73 66 51 33 76 27 4 4 11 6 22 83 16 11 68 76 30 96 33 25 84 10 69 100 88 49 90 30 8 58 66 66 22 8 73 80 49 3 44 59 50 7 38 10 29 81 4 23 38
99 29 32 51 53 68 18 31 45 58 53 44 95 55 8 53 81 55 94 76 100 68 90 78 97 61 74 83 8 44 57 82 3 15 10 90 72 55 33 14 66 89 54 88 50 32 44 20 35 62 66 33 51 77 4 31 102 11 100 6 96 8 35 42 57 91 27 47 66 73 42 25 25 22 62 43 40 90 13 64 20 91 36 55 60 33 32 98 27 66 39 87 67 57 97 6 13 50 39 51
87 20 3 82 21 34 27 72 83 81 28 90 99 58 73 50 79 27 13 52 75 8 67 41 37 5 57 62 62 88 85 57 38 65 46 24 80 42 29 8 96 86 87 16 8 38 98 73 10 -1 18 62 10 21 100 41 26 5 28 58 96 64 22 29 77 41 92 87 21 67 7 61 12 65 5 -1 18 1 13 82 31 50 86 69 33 84 41 32 92 13 70 42 96 40 67 7 65 8 13 32
54 84 20 84 30 78 79 33 45 8 71 63 51 14 93 43 90 20 47 8 92 17 63 72 42 92 78 45 29 19 10 99 94 42 21 24 81 93 69 30 66 94 57 37 85 23 40 23 101 36 26 84 60 60 100 7 47 8 50 35 48 97 16 54 5 66 76 49 32 53 12 71 75 19 11 45 59 36 74 17 18 35 55 24 20 21 18 75 27 49 50 95 73 82 28 16 71 33 89 51
98 39 53 37 53 4 59 -1 33 50 29 -3 2 1 26 62 21 88 40 14 80 -3 56 46 68 50 57 50 84 -3 57 0 101 84 12 6 71 28 84 16 63 76 90 47 34 55 19 81 93 86 50 80 5 66 46 43 69 6 11 37 69 53 60 28 25 78 63 31 12 6 2 16 67 -3 87 -1 40 95 88 75 30 93 90 41 30 91 85 -2 78 51 94 19 17 79 62 6 26 32 45 84
19 38 89 3 34 96 10 39 49 91 88 82 102 22 82 34 83 94 64 68 78 22 42 15 65 60 43 88 46 53 101 3 70 44 7 20 47 65 47 86 71 84 14 98 83 89 77 9 69 24 39 21 69 18 67 20 77 87 59 39 57 32 32 58 80 64 78 81 43 84 59 59 10 38 78 61 16 49 26 41 92 75 15 86 39 86 47 77 73 28 22 33 43 85 91 73 24 45 67 83
82 87 64 9 84 84 95 22 94 14 81 27 84 80 45 68 50 3 22 24 63 77 8 29 84 93 82 35 84 71 95 60 56 85 60 24 91 20 12 69 70 35 16 44 72 74 56 39 53 11 30 12 23 78 92 20 87 90 11 65 26 31 82 83 13 74 59 10 81 0 44 45 86 67 74 90 62 33 96 4 31 36 51 1 84 18 101 50 22 39 27 69 100 75 2 36 9 6 59 46
69 89 50 27 39 100 41 88 51 87 19 43 60 78 98 25 47 92 95 16 5 84 25 63 60 34 81 68 88 74 34 35 55 97 19 90 57 77 39 88 64 15 71 27 98 86 9 42 32 62 79 38 82 71 41 76 16 30 101 27 80 99 47 74 93 94 3 46 13 82 58 26 17 9 32 13 8 98 86 53 42 71 31 14 60 55 100 28 11 54 48 66 34 87 99 89 62 1 49 59
57 5 95 67 100 20 57 16 88 68 43 5 57 49 62 44 48 74 68 86 15 24 65 24 67 63 90 42 74 22 75 13 78 78 34 16 98 69 57 45 43 53 89 54 57 78 98 24 32 -1 43 86 55 6 54 79 46 78 12 12 7 22 66 5 80 85 38 10 16 39 94 23 73 82 28 12 57 42 85 22 65 56 61 34 59 23 73 77 80 83 64 55 56 90 87 41 98 42 73 68
49 35 13 73 86 99 92 62 79 42 22 22 96 23 31 81 34 20 88 33 60 88 98 30 20 63 37 86 28 86 59 61 64 31 87 90 37 80 90 59 43 98 17 50 8 12 97 76 61 34 27 15 101 93 78 11 99 43 5 8 86 70 37 80 15 84 99 84 99 33 91 1 91 22 72 73 96 15 26 94 26 8 76 98 28 99 78 73 31 82 80 87 94 26 72 78 79 31 41 6
47 66 29 76 22 67 88 77 59 34 11 43 63 10 86 -2 71 87 96 50 46 43 60 5 85 5 75 87 18 36 34 12 77 31 28 79 68 49 101 14 26 78 17 32 34 2 17 73 100 75 97 67 48 33 4 4 42 86 48 3 67 65 89 75 43 40 58 10 80 37 31 19 96 40 28 29 21 91 97 5 70 49 79 47 18 12 93 22 50 68 60 52 40 57 75 79 22 51 15 32
50 27 73 11 13 39 45 79 60 59 12 46 5 64 61 86 45 73 35 100 85 20 42 21 76 58 24 76 6 62 25 45 53 93 95 69 60 51 85 11 78 66 17 54 92 28 3 24 81 3 71 71 19 32 9 82 90 44 52 39 16 15 67 63 15 4 80 77 83 11 26 15 79 29 82 2 19 62 47 67 24 23 35 21 58 20 13 76 71 6 16 75 41 61 37 60 7 34 77 61
35 88 58 -2 36 81 43 53 19 35 85 8 22 -3 12 33 94 23 10 82 85 26 85 24 4 11 20 93 62 6 83 58 50 36 80 4 22 91 6 20 53 61 49 1 5 13 41 88 100 57 62 56 20 8 49 19 53 50 98 95 19 82 56 34 34 13 98 21 51 75 44 88 10 87 25 19 38 44 27 54 26 57 58 42 38 0 31 34 73 32 73 46 90 37 36 82 91 81 68 44
59 60 49 22 32 41 99 86 4 79 92 44 39 82 59 56 70 75 51 89 30 40 31 12 55 98 16 91 69 97 54 54 96 49 85 44 70 70 19 85 5 33 37 55 81 10 76 56 22 4 94 53 29 42 7 71 74 72 11 100 24 28 10 4 60 48 83 92 60 45 90 44 101 36 47 78 53 97 64 82 18 94 13 11 12 2 3 9 41 42 74 18 29 24 97 67 41 74 53 58
27 46 90 96 56 91 101 90 24 21 44 74 56 12 59 6 68 81 10 92 40 47 25 31 81 71 12 72 92 12 20 64 12 16 13 9 28 12 25 9 64 89 59 54 99 67 25 55 77 5 62 10 49 18 9 68 62 14 55 -3 38 7 92 90 21 90 28 94 66 26 53 33 2 27 34 94 84 80 27 41 69 3 17 -2 51 6 78 53 97 57 7 46 89 44 42 71 8 95 81 79
48 57 30 42 11 36 84 48 60 16 102 78 19 25 60 21 77 72 95 21 58 30 45 2 97 99 28 80 73 55 4 91 27 89 22 95 15 36 29 74 49 9 35 54 59 41 30 59 78 64 71 22 79 50 72 50 27 66 25 83 89 8 58 50 23 3 71 85 24 76 50 18 35 49 9 49 20 7 78 42 16 63 18 95 10 40 85 84 59 64 93 67 60 84 102 24 20 88 60 84
92 27 53 89 72 52 83 35 94 15 42 81 81 11 34 20 83 37 54 87 7 21 64 55 92 69 81 67 101 9 3 34 6 41 77 86 28 -2 92 34 31 6 58 58 37 0 13 38 11 62 37 74 77 18 58 75 3 27 50 24 2 1 74 70 83 88 6 20 35 48 72 64 44 66 79 95 88 50 67 50 4 68 10 27 33 22 15 18 41 12 3 12 92 58 46 30 15 60 24 89
El programa tardó 15.624523162841797 milisegundos en ejecutarse.
