42 10 46 86 55 35 97 40 53 100 71 54 33 40 98 58 14 16 16 75 39 9 3 72 24 58 80 76 101 59 86 55 53 21 72 97 51 55 10 39 73 83 22 16 4 21 48 67 93 4 18 21 63 15 86 80 59 80 74 87 35 100 22 10 8 1 85 98 61 87 39 43 5 4 36 22 84 43 34 49 90 13 73 38 19 77 100 20 3 11 40 61 86 59 14 46 84 94 48 23
29 28 75 19 65 89 36 -3 40 15 90 76 88 58 26 -1 33 24 3 54 13 75 95 49 66 22 19 87 17 92 6 25 98 25 63 49 2 36 78 55 19 -1 86 91 28 51 88 62 100 6 92 68 78 30 24 17 45 31 55 19 3 74 46 43 51 48 63 82 94 71 14 81 101 42 84 25 9 10 91 3 36 84 63 36 27 34 43 38 8 20 79 16 4 25 75 50 87 33 33 53
78 74 78 81 77 76 34 67 23 41 94 24 70 81 13 56 64 82 9 55 52 37 89 24 102 34 29 72 14 31 42 4 93 80 102 13 48 6 89 32 4 1 94 43 45 33 66 71 33 28 39 28 94 39 54 39 60 65 7 89 70 68 4 28 60 61 54 98 61 64 49 92 18 31 78 54 58 93 17 52 5 71 68 49 17 59 70 54 18 9 24 12 74 69 38 64 78 90 3 1
52 45 25 87 60 73 88 69 14 29 6 73 89 29 17 40 33 59 37 80 11 6 99 33 91 61 56 79 50 38 3 66 30 10 34 6 93 45 21 22 15 80 18 40 70 75 5 17 73 38 67 41 16 37 57 46 33 46 70 18 32 24 12 85 77 68 11 41 95 6 39 59 62 93 101 10 68 49 63 30 100 33 4 39 10 2 63 45 77 52 27 27 5 43 24 53 72 21 52 17
45 84 24 93 96 31 18 74 26 51 90 80 52 79 88 3 72 57 81 92 15 50 74 55 79 62 40 94 53 24 84 22 24 87 38 43 49 69 17 24 21 5 30 9 4 57 27 7 97 43 50 72 17 62 34 30 9 3 45 71 80 48 48 46 51 94 28 45 32 52 29 94 6 3 71 76 59 16 5 67 40 80 98 14 38 34 27 14 56 100 36 63 53 11 27 93 37 14 37 49
46 37 93 79 64 23 72 95 65 67 9 18 86 49 70 -2 30 92 99 34 50 27 49 29 28 88 77 67 61 5 52 54 11 4 4 17 2 17 15 53 55 52 86 52 40 27 92 18 97 59 84 75 101 -1 27 26 77 89 3 24 84 17 76 83 27 43 81 56 57 77 78 1 5 85 17 41 46 16 39 37 58 63 89 62 10 50 9 20 60 18 40 6 71 31 18 49 58 6 69 84
38 69 36 17 35 65 26 28 32 32 59 1 48 97 3 6 30 81 40 61 29 95 81 44 53 64 15 80 40 71 62 68 80 57 88 53 11 80 4 97 74 81 91 46 35 84 32 33 31 95 12 38 55 70 6 48 101 57 76 43 11 16 46 100 40 89 11 52 100 69 66 27 92 8 30 69 71 95 65 88 6 98 26 15 86 4 60 61 38 32 53 22 79 51 78 15 5 75 30 48
19 75 31 9 70 23 7 81 61 57 49 14 93 83 83 33 13 28 37 -1 68 36 33 87 96 37 79 79 26 0 21 9 42 57 26 39 95 90 100 26 60 20 12 1 26 75 95 90 87 70 101 51 29 40 63 27 74 72 62 55 85 84 43 22 98 86 12 93 27 5 57 83 93 11 87 10 6 66 24 95 33 67 26 68 76 30 87 58 12 51 73 37 77 20 77 57 22 3 39 56
92 34 63 30 3 54 77 74 101 7 45 94 11 32 60 12 87 58 22 5 63 98 69 62 28 87 14 7 18 89 28 75 98 41 12 100 16 74 40 77 71 96 33 78 87 24 18 92 86 79 48 72 6 88 11 6 21 45 43 13 44 42 69 10 82 85 27 4 46 71 99 6 21 30 80 63 44 75 101 77 13 68 31 71 67 28 93 43 69 1 91 50 34 23 58 51 76 100 80 38
13 75 78 81 67 32 30 49 99 0 35 80 90 0 67 44 45 30 83 91 98 53 64 2 32 75 43 23 98 17 55 32 87 67 63 55 47 58 48 46 68 76 40 9 39 10 50 37 75 38 5 23 57 0 27 -1 62 15 11 49 76 29 32 37 60 79 84 86 32 71 99 78 30 -3 17 8 101 27 69 71 7 48 25 54 57 38 2 35 15 5 84 -3 84 34 88 3 45 63 26 85
85 90 69 59 39 2 69 51 102 79 27 64 21 84 83 4 31 15 98 58 64 85 55 95 14 58 36 20 94 62 70 65 32 24 100 53 46 86 37 36 23 82 79 54 50 71 35 37 20 82 57 35 102 6 33 30 68 53 73 50 43 95 42 4 59 72 55 3 56 80 74 41 16 97 16 79 53 68 29 79 91 2 34 4 12 12 34 21 78 68 72 18 88 9 11 66 44 15 6 43
101 12 31 59 26 74 43 47 87 88 101 9 64 53 94 86 54 24 75 67 44 4 85 0 77 7 88 14 96 40 45 54 47 33 77 5 56 49 16 64 23 79 4 21 84 81 45 78 79 73 10 63 10 29 75 55 36 42 72 75 37 8 28 60 17 29 37 -3 37 39 70 49 76 88 44 61 101 49 81 20 72 20 78 95 51 74 72 61 8 95 101 -1 100 15 33 9 47 85 58 6
40 87 100 11 63 95 62 38 85 41 60 33 14 47 86 7 91 3 56 1 32 20 43 76 49 8 50 21 61 73 9 13 5 8 48 20 88 27 28 18 58 63 5 40 71 31 11 52 48 66 64 43 31 73 100 43 33 97 94 26 72 40 83 77 96 96 31 37 53 50 65 87 62 4 35 57 13 85 30 10 4 15 25 90 41 11 52 65 58 30 45 64 16 63 53 67 83 15 76 38
87 30 97 95 42 84 6 67 52 81 72 89 93 10 11 6 50 73 9 83 87 56 9 73 97 88 28 74 46 36 99 72 11 72 21 66 64 65 99 57 7 42 5 89 26 85 29 11 80 27 6 44 67 40 11 36 72 27 53 90 10 12 94 68 13 30 5 87 41 41 9 35 94 12 28 51 25 96 14 53 69 90 101 -3 73 77 2 15 43 42 18 65 92 39 53 14 67 86 9 63
3 98 78 17 38 89 7 71 102 38 77 55 3 30 19 70 86 56 102 47 96 100 4 38 89 82 12 20 57 39 39 83 80 65 43 3 18 56 27 1 38 47 46 43 57 43 9 22 89 25 60 32 43 3 46 45 79 95 19 57 40 98 8 90 18 20 14 12 29 70 74 16 16 69 62 41 68 1 29 73 97 14 46 86 9 100 30 8 55 1 31 65 33 49 48 25 12 100 74 14
72 38 35 67 55 15 78 51 30 83 60 7 100 48 61 75 25 66 2 90 80 56 31 48 15 93 21 37 66 31 4 96 71 52 32 -2 81 77 97 -2 20 72 38 47 44 12 82 13 67 62 19 30 67 81 78 27 67 56 75 77 89 20 36 67 10 14 68 37 19 26 22 51 36 29 12 3 23 15 13 49 96 58 6 47 82 69 69 75 26 77 11 57 95 13 26 55 101 16 14 62
11 78 44 21 75 38 36 1 9 7 87 9 44 43 54 20 80 69 38 30 72 66 83 84 50 37 57 68 70 37 11 70 59 47 43 35 25 36 70 80 97 88 68 36 11 4 32 50 53 46 73 79 31 44 22 83 24 17 62 41 74 46 92 56 95 64 29 87 88 16 25 76 83 87 98 94 97 88 33 94 18 18 66 22 17 59 80 84 87 68 80 53 43 67 48 58 71 87 92 69
26 0 15 76 62 19 55 47 53 33 35 74 19 69 76 11 84 76 7 87 15 63 28 23 42 32 97 83 81 44 86 46 35 90 52 37 53 8 46 17 57 71 101 60 59 26 31 59 17 34 49 2 30 73 4 74 65 88 95 95 2 24 39 67 35 92 43 93 45 92 15 8 19 13 86 24 55 24 39 24 30 86 66 60 60 79 9 75 43 2 60 88 58 46 79 69 97 8 39 20
77 96 87 9 4 96 84 70 17 34 41 63 9 6 84 1 28 60 4 53 90 16 30 29 21 6 98 41 85 33 84 11 30 90 22 79 88 23 92 50 53 75 72 82 65 82 62 38 56 66 78 92 65 98 33 78 23 1 27 83 29 68 6 66 59 16 17 99 37 65 5 39 4 100 63 35 22 77 101 100 15 52 57 98 62 64 7 86 100 23 50 24 23 93 27 41 36 2 9 13
3 51 27 5 97 60 58 22 21 72 53 49 76 4 25 47 26 71 13 70 64 42 32 25 41 20 97 78 28 12 16 5 61 17 20 31 26 34 59 43 62 75 82 63 4 23 78 95 97 86 100 54 91 42 80 54 93 16 57 2 99 44 2 22 53 38 63 28 55 36 95 36 51 4 25 5 61 91 94 76 66 25 78 87 44 47 18 27 83 3 20 2 25 4 66 80 67 28 48 8
53 1 17 81 93 54 99 51 54 6 44 58 71 74 26 38 10 13 102 33 16 25 84 72 53 60 50 36 45 42 97 66 44 43 13 93 96 30 16 17 86 7 3 97 9 81 14 68 72 2 45 34 12 9 63 49 68 74 83 52 102 97 96 73 93 92 64 82 6 65 36 40 52 57 18 48 79 30 66 78 3 33 81 39 58 87 57 8 98 99 42 20 85 46 72 30 10 11 102 95
66 11 39 51 41 20 69 64 45 84 34 28 81 5 41 58 75 96 25 47 34 69 41 74 47 45 79 11 78 58 11 6 3 94 23 10 87 93 83 60 28 3 3 36 35 90 68 19 19 55 7 34 86 43 46 63 54 76 16 62 14 81 46 43 27 56 23 16 16 24 49 54 17 38 20 42 11 6 40 67 94 15 49 30 47 38 8 8 6 55 67 85 42 11 75 94 77 58 63 94
41 98 74 80 12 92 49 52 67 61 32 37 7 73 71 93 102 20 35 28 94 10 68 94 5 10 51 97 69 90 30 79 69 7 56 85 88 75 44 63 86 76 96 2 33 86 46 54 44 98 68 48 75 40 96 48 91 14 3 99 86 96 63 16 46 90 90 97 85 15 63 57 27 83 73 98 14 37 15 69 30 65 9 77 74 47 94 64 94 39 64 95 84 59 86 25 10 58 90 75
22 61 89 77 85 3 19 29 78 -3 20 52 53 39 47 69 16 44 2 -1 86 75 4 41 28 68 50 40 82 59 39 -2 43 45 90 67 94 89 66 31 93 39 67 70 42 59 30 50 75 38 33 7 37 35 11 37 51 52 11 24 79 84 71 6 71 28 93 92 32 42 3 29 26 44 7 22 83 64 49 20 51 81 54 72 27 92 78 91 32 92 19 57 46 63 61 12 6 11 89 28
78 13 83 46 49 68 49 85 75 38 51 28 73 99 14 7 17 87 25 44 12 5 49 91 24 20 64 89 39 49 66 53 66 72 54 16 51 99 92 44 93 51 79 36 25 4 74 51 20 14 43 91 22 11 43 3 30 23 52 48 89 85 55 56 90 58 17 50 95 80 91 98 101 53 35 42 4 72 85 14 13 81 65 67 45 70 88 100 75 96 3 73 69 39 17 1 16 8 10 94
82 13 38 35 66 63 67 95 88 7 68 26 61 49 60 9 98 -1 8 16 97 15 93 48 79 82 44 84 27 32 13 33 50 32 75 83 14 14 90 67 52 66 43 33 82 35 53 88 46 54 95 74 27 72 26 40 19 78 90 41 91 22 83 24 93 51 25 35 100 82 10 8 80 66 59 81 17 0 68 22 26 96 47 20 69 11 84 72 26 -2 18 52 52 51 5 24 8 85 55 44
9 89 101 73 29 61 67 76 43 1 100 59 14 22 47 38 20 46 102 55 44 16 89 100 50 43 80 83 70 68 65 25 78 80 84 31 100 3 7 11 99 34 7 40 101 80 58 42 96 49 67 16 7 76 55 25 63 22 29 22 19 92 89 63 48 78 47 43 43 72 33 82 44 36 31 33 12 62 49 39 7 20 51 84 63 41 100 44 78 34 27 81 91 6 37 88 41 21 80 27
86 90 42 72 38 84 43 53 29 66 37 72 32 31 53 66 7 12 83 46 78 47 58 47 59 94 56 38 51 42 38 63 85 93 55 5 49 39 15 42 60 30 68 30 42 37 83 83 50 19 27 65 69 21 2 49 8 20 13 73 79 86 33 35 100 90 95 78 76 90 8 27 14 47 7 42 26 68 56 88 6 91 14 22 14 56 35 31 24 59 4 82 71 13 42 67 4 89 10 62
14 53 98 56 13 46 66 29 60 88 23 53 8 95 21 39 6 5 67 95 24 84 91 54 101 75 51 22 101 23 17 9 28 63 15 13 25 60 46 52 87 42 16 42 48 58 66 45 60 80 95 31 94 53 60 33 66 72 11 82 85 93 62 71 61 33 20 100 25 65 17 29 40 72 32 53 41 61 97 39 31 21 88 16 67 54 12 47 13 79 35 7 18 72 15 76 68 95 93 11
77 92 10 20 65 12 26 38 17 15 89 44 57 50 91 87 15 39 66 11 84 54 6 67 26 95 89 -1 62 86 54 41 43 16 44 94 99 45 44 93 37 -3 75 24 30 85 65 92 73 14 100 1 97 14 17 44 36 5 78 83 7 75 13 37 16 15 69 66 38 52 67 24 27 69 2 74 81 40 32 8 82 19 8 6 39 85 33 11 20 88 22 53 14 71 30 37 78 1 44 4
66 15 94 85 52 70 4 94 10 92 67 39 63 72 86 49 94 29 83 81 77 77 5 91 75 2 20 76 89 56 32 40 78 18 32 2 92 89 13 32 15 30 101 90 11 100 42 94 89 49 67 45 30 33 62 98 18 82 62 76 84 81 18 95 54 12 36 62 75 6 83 7 74 82 52 20 18 34 32 23 72 69 101 72 63 4 31 29 88 44 54 7 23 4 68 69 35 59 50 89
100 18 48 10 26 11 85 68 17 95 19 92 10 91 76 -3 63 61 10 4 53 52 75 26 33 76 92 5 43 28 83 64 16 26 99 68 101 86 95 43 60 36 63 51 14 18 49 69 9 -3 58 87 36 84 84 86 6 26 48 30 15 27 19 82 2 6 86 89 52 26 11 7 2 67 23 47 86 57 57 82 62 12 2 43 64 89 38 20 99 3 58 64 62 16 30 92 85 45 51 77
30 21 28 8 33 53 99 99 94 97 51 74 100 65 85 69 59 19 37 99 70 80 63 8 61 95 38 15 83 81 79 48 72 32 65 18 19 92 88 51 73 61 60 14 68 7 29 2 32 43 90 75 35 47 90 13 60 75 82 38 63 61 78 66 25 62 50 24 74 64 73 98 47 37 88 56 56 88 29 8 22 30 18 86 54 75 53 14 23 16 25 81 39 53 83 29 84 13 23 16
57 62 29 96 82 87 14 68 4 43 66 36 49 12 63 49 42 57 75 56 83 50 78 42 80 52 85 51 63 81 69 3 95 89 66 29 58 15 43 41 25 47 57 56 95 18 45 20 97 17 37 70 41 66 53 15 59 37 86 0 89 96 79 87 25 29 79 64 65 28 60 62 61 40 9 58 8 79 21 25 63 94 49 47 63 75 32 76 5 19 77 18 14 43 26 5 65 93 39 70
36 56 25 66 57 35 21 39 35 11 82 69 12 7 47 65 29 47 77 52 5 55 41 15 66 58 78 50 18 66 4 42 84 57 78 74 65 2 92 57 72 78 76 28 50 90 16 13 86 33 47 63 10 46 83 42 11 98 23 75 81 68 51 37 88 2 87 93 74 21 71 70 54 27 52 7 56 10 41 73 41 53 57 41 83 7 84 33 48 94 34 66 102 78 38 78 88 29 8 6
58 23 18 47 52 0 24 82 39 56 76 -2 70 65 47 28 55 12 80 37 29 75 46 94 46 36 91 31 4 52 68 1 59 88 98 44 9 16 76 7 21 -3 45 39 57 7 91 36 25 10 70 2 2 57 67 35 94 18 12 55 97 2 88 44 82 29 95 64 92 30 72 -2 44 20 63 63 52 7 14 92 66 22 34 51 74 23 5 68 59 85 14 28 31 58 13 33 29 35 54 81
75 63 5 93 6 40 81 35 62 71 48 48 72 100 101 18 11 59 31 46 38 100 82 45 82 45 81 23 50 37 53 74 40 15 65 90 17 92 62 93 58 56 4 82 14 79 15 77 48 82 53 45 78 38 57 96 53 16 6 36 16 62 83 67 17 52 35 56 89 90 80 77 17 6 80 61 41 97 49 36 42 38 32 92 77 58 51 24 33 5 95 39 26 71 78 37 29 70 12 29
36 72 40 56 81 75 79 91 86 88 27 10 31 78 10 66 3 57 73 47 64 62 87 6 35 68 44 1 79 10 45 45 17 6 29 10 45 14 68 26 13 51 87 64 35 0 68 65 42 91 3 65 46 46 17 40 5 75 38 72 54 0 16 20 85 83 82 92 67 32 43 64 75 90 47 34 66 71 7 57 64 79 63 28 56 11 99 82 81 93 49 88 56 1 24 13 77 63 88 63
7 41 41 7 10 35 22 16 78 20 55 1 25 66 35 89 102 49 45 80 94 24 19 18 56 4 9 53 24 44 8 27 86 66 57 13 49 33 41 41 29 15 99 45 84 86 95 35 90 27 99 58 88 85 83 49 75 20 96 59 76 30 23 83 75 45 102 5 64 22 13 24 79 9 45 4 53 81 73 85 33 86 5 35 78 88 37 46 90 42 65 21 72 72 6 34 8 95 75 79
27 75 94 83 6 66 97 11 64 8 37 72 70 25 92 41 18 1 31 83 64 82 46 72 14 78 25 84 15 33 63 43 5 18 5 34 50 54 67 33 72 9 9 93 16 51 90 91 12 74 81 52 8 77 41 11 85 5 61 -2 90 33 72 -2 70 22 47 60 81 17 3 78 67 60 91 33 34 7 65 37 37 48 16 47 48 72 60 23 73 13 56 37 68 64 70 14 41 64 62 50
89 20 51 54 26 96 32 64 41 70 85 99 96 27 38 12 43 77 102 55 37 7 86 76 49 2 72 58 48 95 14 40 5 71 31 30 84 11 10 25 23 34 6 69 94 46 17 82 9 5 39 83 86 46 58 88 22 29 31 23 24 20 86 73 46 20 51 57 29 34 44 73 92 64 89 93 43 97 11 91 77 81 45 49 91 36 38 14 37 94 72 16 18 38 15 14 77 41 34 71
21 86 29 16 56 26 35 29 91 39 100 58 72 31 32 74 15 94 91 6 88 59 39 32 35 68 45 51 11 50 77 47 45 96 99 8 23 89 51 75 70 79 61 41 23 38 30 42 80 83 61 35 25 12 74 90 7 36 5 64 22 73 37 87 75 6 4 28 19 2 37 70 76 27 51 70 87 75 71 58 39 22 63 81 90 57 12 52 70 49 12 67 91 90 28 92 73 35 29 23
44 42 98 73 71 19 31 50 10 12 14 86 93 74 8 93 81 75 15 9 93 25 4 25 73 55 66 10 11 54 26 55 37 48 84 20 9 35 98 49 102 3 88 56 20 8 51 33 33 69 12 56 4 29 85 55 86 93 13 61 16 73 70 70 86 23 54 54 92 75 64 58 48 47 65 57 38 39 64 89 38 82 88 31 71 55 16 95 39 78 69 35 41 85 53 15 46 21 64 40
43 19 37 22 36 26 49 -1 84 46 33 70 78 86 72 37 75 7 10 55 65 81 76 71 62 0 86 52 89 77 79 18 14 60 46 49 15 8 3 44 31 51 82 62 88 52 76 32 42 32 68 32 95 84 51 3 100 40 43 23 83 73 13 -3 6 2 73 93 71 38 85 19 10 86 18 73 37 83 34 94 68 47 24 4 49 85 38 79 66 13 10 9 82 94 92 40 30 41 27 0
38 84 25 99 77 26 9 39 49 30 83 61 92 20 34 100 55 59 100 60 32 59 81 48 59 53 42 13 76 41 34 68 21 85 14 67 92 3 72 18 32 86 65 50 83 50 71 46 88 14 14 96 25 81 59 41 51 95 100 15 21 26 48 14 60 53 29 55 34 95 9 55 45 50 51 54 58 7 59 90 45 9 13 72 53 44 100 29 34 78 58 90 56 35 3 6 5 70 71 64
27 94 43 26 81 75 91 6 19 57 28 95 33 56 38 42 50 52 66 51 22 30 21 2 34 61 68 74 25 22 43 20 5 38 99 44 85 76 96 25 19 48 92 10 90 92 25 15 46 -2 17 64 96 71 2 94 57 47 51 92 38 74 38 79 91 25 95 52 82 24 30 27 53 85 50 14 25 19 5 37 60 87 14 45 46 19 25 14 66 74 2 31 63 29 61 17 10 89 72 80
47 5 42 19 70 65 17 34 89 28 43 27 29 32 60 64 48 63 75 13 80 6 64 92 3 60 73 80 19 92 35 4 82 68 12 64 15 100 78 42 64 96 89 13 45 33 57 41 66 19 50 36 36 35 36 18 52 25 61 31 66 17 28 24 41 36 33 29 95 13 70 24 88 60 64 24 34 28 92 70 72 61 59 68 80 77 64 73 24 47 33 53 77 32 35 99 56 9 7 7
66 11 79 37 89 68 67 72 47 22 47 27 99 25 30 77 59 66 61 7 8 79 35 49 60 29 96 67 4 4 74 85 52 23 78 16 64 96 9 93 86 81 40 42 16 87 53 8 58 0 44 86 52 39 4 91 45 38 65 31 92 37 61 55 80 19 72 75 62 46 63 73 47 11 74 49 21 12 36 63 40 77 5 -3 62 12 26 58 36 9 73 21 69 86 57 3 49 -3 84 68
7 13 55 41 89 99 31 12 74 82 101 57 36 92 98 27 41 37 39 46 99 73 29 31 64 34 19 76 18 76 56 59 39 36 61 49 33 49 79 26 36 100 90 47 37 31 57 29 35 66 45 55 68 83 42 35 45 82 87 23 21 99 75 1 85 22 51 17 87 75 7 100 54 71 11 38 29 16 39 49 22 1 66 49 79 27 73 80 8 45 49 20 8 100 33 82 49 47 37 66
82 83 88 5 54 59 97 68 40 52 89 43 13 8 101 2 32 23 2 50 91 17 6 57 7 52 3 47 31 8 59 93 56 19 63 5 68 6 95 57 26 19 35 51 86 93 34 -3 73 68 32 3 6 14 80 10 21 84 44 92 75 8 92 87 40 92 49 51 80 45 80 39 63 60 100 63 37 68 39 18 100 88 5 86 5 82 33 77 34 75 28 34 26 29 76 23 83 65 75 55
4 64 92 59 78 33 43 36 64 76 37 5 100 35 53 18 63 89 24 96 57 15 96 51 34 78 77 37 98 58 45 62 79 70 99 62 5 42 29 17 69 8 56 94 5 88 71 61 92 95 80 37 88 56 35 9 65 6 63 73 32 53 20 40 100 17 91 43 57 47 19 20 94 84 34 26 77 10 15 56 78 89 101 72 9 31 83 53 47 12 17 13 67 72 31 27 61 11 84 87
35 50 87 89 71 21 32 44 17 91 23 45 42 12 84 20 94 50 59 88 40 15 68 73 32 30 11 65 32 72 67 51 51 42 63 29 11 60 85 40 3 56 67 49 30 42 74 61 54 66 19 12 26 -1 47 78 62 53 61 95 59 22 61 81 78 44 94 10 96 75 65 -2 37 57 18 43 18 60 41 30 98 18 28 45 26 33 68 5 55 86 27 37 86 68 8 21 34 93 41 45
24 58 82 2 43 23 54 82 56 88 77 76 27 49 72 14 48 67 38 10 80 55 17 34 8 48 85 85 81 58 95 70 51 77 94 18 60 10 70 22 23 6 26 12 43 99 78 31 49 4 83 22 89 28 33 84 38 65 40 20 49 52 13 41 84 14 64 66 93 9 39 11 22 47 34 29 96 77 79 36 31 50 15 23 71 35 33 43 16 89 60 30 94 9 93 82 80 81 22 53
56 38 76 55 83 63 22 -2 42 8 83 24 62 38 6 -2 18 76 14 6 26 41 53 93 75 52 57 33 74 82 59 70 69 4 40 54 8 61 96 26 41 48 85 34 16 24 101 53 23 89 26 50 50 40 71 28 53 12 77 46 44 8 53 11 55 35 54 15 28 23 58 4 65 78 90 22 39 55 43 19 3 5 4 65 40 33 38 56 22 42 8 70 81 31 7 88 82 89 54 36
88 89 70 16 41 68 69 98 47 14 37 15 41 62 29 53 16 94 20 23 58 90 57 7 102 51 20 13 19 64 62 91 65 30 22 41 12 26 39 56 37 48 27 3 59 14 11 4 91 5 7 9 97 59 76 48 76 39 85 62 16 21 82 31 98 84 39 12 36 15 67 66 39 61 6 15 16 6 6 50 24 9 36 9 41 41 77 76 81 45 4 13 19 68 27 45 56 84 100 75
89 55 95 47 76 91 49 48 27 26 43 -3 89 46 21 92 81 26 75 63 87 85 36 58 100 32 61 7 20 23 96 76 18 83 3 15 67 56 69 42 12 27 93 19 80 47 21 22 56 78 55 13 59 2 68 87 18 87 78 82 101 61 100 -3 93 -2 78 94 31 73 97 22 64 28 45 39 29 16 25 72 21 93 59 4 88 92 4 49 100 70 93 17 67 15 73 72 7 74 23 10
42 51 93 22 46 84 23 73 61 77 71 89 56 27 10 85 47 19 91 84 50 66 72 4 15 22 84 77 86 77 88 87 92 69 72 84 11 40 17 64 62 8 73 61 91 5 44 67 69 94 56 36 84 67 72 18 49 81 66 1 26 92 15 44 84 20 69 34 52 57 48 80 85 43 100 44 61 2 85 79 56 42 84 43 89 21 19 33 100 74 88 85 68 19 30 71 52 44 17 37
71 15 46 -1 70 54 49 71 79 5 32 8 10 37 6 0 4 38 6 19 56 55 60 49 76 40 37 78 3 -1 51 -2 76 85 72 51 97 1 73 25 45 38 79 -2 86 6 26 87 35 81 14 95 30 17 58 75 64 68 52 11 85 75 50 -1 99 80 40 50 57 62 8 -1 67 72 51 36 73 19 55 89 79 23 58 74 40 26 69 80 25 56 53 43 80 89 83 26 45 70 84 86
51 27 40 17 17 97 76 5 101 38 92 70 94 87 64 72 29 41 77 45 3 96 65 49 24 56 97 61 66 5 45 23 15 85 93 48 4 89 72 23 68 61 9 41 69 55 63 100 90 2 53 48 77 84 56 46 43 38 21 60 48 55 76 15 73 76 47 78 85 34 68 47 102 25 78 96 47 62 15 27 42 98 88 48 83 70 72 22 32 67 3 1 42 5 82 78 6 28 69 82
84 46 41 64 34 2 9 29 49 60 58 27 4 13 44 57 49 76 91 30 39 44 62 16 6 34 75 47 54 31 81 21 50 37 88 42 11 50 28 11 37 50 80 84 20 37 27 82 63 88 99 53 90 10 75 77 78 63 68 -1 42 64 49 95 31 79 11 63 22 47 64 56 96 -1 16 88 82 54 89 41 59 28 95 58 26 92 81 78 67 82 76 55 24 93 92 68 77 24 38 26
52 99 72 52 44 18 73 87 101 8 53 48 36 88 22 1 73 17 11 76 82 39 56 52 64 47 26 71 70 37 65 50 67 27 75 73 62 33 70 38 89 46 64 90 94 55 16 35 37 21 50 16 69 27 65 98 26 74 20 85 72 34 15 94 18 27 39 67 60 23 25 14 75 33 67 62 4 7 92 77 21 12 15 35 92 30 48 1 11 72 93 97 6 89 42 39 69 11 62 29
50 30 37 5 38 46 5 -3 93 84 41 59 65 29 65 35 22 52 45 72 95 94 19 32 58 21 37 48 56 96 96 4 69 52 23 69 74 38 49 45 62 27 68 40 22 54 35 29 62 16 31 -2 11 21 77 55 5 44 75 -3 68 23 95 48 99 -2 55 80 76 79 43 50 25 1 34 9 43 12 86 65 91 36 72 -2 42 20 99 50 64 0 78 82 50 74 76 57 33 22 37 28
51 64 85 78 73 77 46 43 98 37 94 21 37 62 11 37 52 62 71 73 74 58 11 100 33 47 23 81 56 57 5 36 52 12 24 49 66 15 51 64 18 27 52 81 69 14 78 40 27 34 38 82 93 6 91 6 91 24 100 8 56 64 43 79 46 28 89 19 45 97 77 53 66 60 6 84 27 80 26 67 59 16 50 45 31 99 38 51 22 1 98 28 55 43 38 79 97 55 39 62
75 61 75 54 26 1 12 53 56 91 94 62 35 36 19 22 98 3 34 93 53 3 6 71 70 26 50 67 75 64 37 88 10 80 7 39 29 65 16 87 90 75 88 86 74 -2 12 17 88 89 19 72 75 67 5 19 97 32 10 24 4 85 56 95 79 39 45 53 84 67 62 37 39 73 92 9 63 82 60 7 73 22 6 73 86 -3 86 86 17 9 40 90 8 25 97 22 5 68 101 25
55 38 24 49 14 43 6 91 41 19 100 43 35 6 20 50 89 1 95 78 31 41 5 51 11 52 48 50 44 83 83 90 50 30 63 92 70 36 101 32 89 51 35 34 19 26 68 45 79 95 3 32 19 37 82 8 40 66 50 9 48 43 69 20 43 81 9 56 83 43 10 99 67 55 26 100 7 50 30 62 89 97 102 29 23 98 62 16 68 41 11 38 56 66 18 14 14 76 71 36
39 30 36 36 52 52 4 10 24 17 73 36 38 86 22 83 57 55 66 2 72 44 20 37 11 26 93 75 15 45 63 51 64 30 87 31 18 83 8 78 67 85 97 58 15 29 80 95 42 81 5 50 24 20 6 74 98 20 21 54 69 93 69 15 61 18 35 71 35 58 49 45 50 69 97 85 80 0 46 95 59 76 36 62 96 60 8 84 9 12 63 66 85 34 17 81 86 58 4 62
91 85 96 31 90 37 57 18 99 50 36 44 39 24 76 2 3 37 81 27 34 44 30 85 99 74 95 62 47 45 80 51 40 74 91 68 100 1 64 64 95 78 34 26 66 40 10 3 62 23 16 35 71 39 98 15 43 92 71 36 15 69 39 64 84 17 90 100 29 69 53 68 35 61 39 9 16 78 51 64 80 86 95 34 74 68 75 39 41 85 63 13 83 39 21 7 63 49 24 81
101 80 71 27 28 71 30 85 13 24 8 16 63 54 68 35 13 95 71 40 24 -3 13 -3 28 87 3 46 85 48 83 96 3 11 71 67 64 52 68 77 14 54 82 56 59 53 53 -2 66 96 10 96 77 7 99 96 12 38 16 58 75 88 41 35 83 54 26 3 62 82 3 25 14 75 91 62 14 25 56 77 32 51 50 48 101 6 62 28 101 61 77 53 48 57 81 50 75 66 71 60
56 3 32 43 87 27 17 80 59 12 32 31 71 7 44 39 11 37 69 84 12 90 52 72 7 64 69 79 57 25 70 11 95 32 59 59 35 82 78 87 25 27 50 21 69 32 15 47 49 21 87 87 80 30 36 73 68 20 33 54 22 95 5 13 77 50 96 25 79 100 27 37 78 96 5 77 30 24 60 68 35 55 99 12 65 27 70 75 12 85 84 82 88 56 99 19 9 66 78 14
66 77 75 74 81 74 34 46 90 18 84 4 28 87 30 87 59 28 71 -2 56 11 53 6 19 16 50 62 76 27 10 54 3 47 39 19 82 35 75 2 57 48 50 91 23 62 10 67 46 -2 98 49 57 31 51 24 81 86 3 11 60 73 40 5 14 74 11 33 25 37 37 41 74 88 57 32 66 39 50 79 63 22 31 9 29 43 61 1 19 41 40 2 60 65 45 24 23 6 63 52
85 58 3 42 12 69 46 77 100 88 51 41 100 75 84 77 100 57 48 41 57 41 93 44 54 96 59 91 68 36 61 19 30 18 56 17 80 78 26 6 30 64 36 70 22 78 39 97 77 29 100 48 27 47 89 4 74 76 10 29 26 75 19 38 13 65 29 25 73 26 35 71 20 53 10 47 12 20 9 66 57 62 91 53 23 98 18 67 17 94 98 88 81 85 69 86 77 53 83 72
27 94 11 20 6 3 40 79 47 67 21 10 42 91 67 24 76 76 19 70 73 55 83 10 100 2 61 4 97 57 6 57 20 50 3 88 46 10 61 10 92 26 29 34 93 28 65 43 61 29 5 9 81 86 9 62 49 15 85 60 38 31 40 52 77 44 93 70 81 96 10 25 19 2 44 48 3 95 46 60 17 78 94 21 9 18 46 47 21 31 16 88 46 46 30 73 17 64 54 57
33 47 83 18 55 14 101 63 97 20 58 18 4 98 85 34 62 48 60 84 95 6 91 95 55 4 4 15 12 9 32 78 19 43 14 42 53 5 35 76 51 22 28 62 81 73 41 11 5 70 6 75 22 64 102 59 24 33 65 75 81 64 40 60 96 53 86 39 89 8 3 16 51 59 75 20 7 32 14 54 30 88 54 41 33 85 24 89 5 52 28 43 4 47 100 43 33 15 64 39
82 11 9 80 60 68 45 61 67 57 79 88 28 6 24 36 72 70 58 70 24 13 65 76 63 27 87 83 95 60 44 15 44 69 71 27 21 55 78 20 30 60 9 21 98 80 66 30 57 73 8 73 95 20 81 34 5 18 13 15 72 72 49 67 43 8 3 56 78 83 96 4 21 41 56 73 78 53 47 69 61 17 77 44 58 11 16 -3 33 43 28 1 12 39 23 3 7 94 24 50
29 14 14 67 23 15 76 81 96 65 73 9 21 77 88 65 35 27 70 54 20 82 54 47 98 68 70 77 42 2 100 24 95 43 78 71 8 19 66 85 57 35 32 29 71 45 32 97 24 51 54 76 50 86 30 100 32 89 7 19 77 7 93 93 27 2 32 11 89 100 31 89 44 26 69 17 5 68 43 90 6 27 66 54 81 75 100 20 58 23 51 36 38 26 57 89 24 49 6 32
93 68 78 92 49 78 73 37 54 66 96 83 86 56 93 27 38 13 13 27 8 37 22 85 42 53 42 74 84 90 24 83 73 30 33 -1 35 19 7 58 4 14 28 61 52 52 35 62 30 43 55 22 67 57 80 21 22 55 34 7 82 53 51 14 23 91 76 -2 4 46 39 70 18 5 85 92 60 91 59 28 79 10 95 79 62 72 76 17 67 43 9 2 60 44 48 53 40 31 15 13
17 81 23 59 6 84 98 40 52 15 71 30 99 47 76 10 87 96 38 63 98 22 26 45 65 64 67 61 99 82 74 62 9 11 88 79 98 65 76 59 83 30 16 34 74 53 7 21 41 20 76 42 61 16 26 2 83 22 55 63 50 22 7 19 60 95 60 84 61 17 33 54 95 73 11 57 81 29 100 23 99 38 17 75 52 74 81 95 25 10 7 52 55 31 47 54 66 60 5 47
31 32 33 25 92 55 87 38 27 12 20 39 5 41 59 53 58 44 44 60 23 64 14 76 32 23 63 39 46 31 98 24 69 58 68 79 63 73 75 76 14 52 71 69 88 93 57 30 37 21 39 66 52 85 66 85 40 49 63 28 76 13 25 55 46 13 47 18 9 -1 96 51 30 93 87 31 8 71 25 -3 2 72 71 19 82 41 52 65 73 84 98 18 40 43 89 49 53 61 25 95
12 47 94 7 61 3 75 84 21 86 73 24 53 31 58 35 52 45 6 35 96 70 13 73 16 29 68 42 33 4 52 78 14 12 83 27 33 4 57 21 72 86 59 92 16 83 93 94 65 10 69 34 88 61 7 41 72 57 74 39 39 73 37 20 39 88 27 73 77 60 59 44 17 24 77 88 18 5 32 66 18 80 75 70 29 20 29 33 9 77 57 22 20 96 57 6 21 67 38 14
21 55 7 12 61 11 59 82 81 4 101 21 50 30 69 63 96 13 93 88 7 69 16 40 29 35 71 60 69 80 101 91 100 31 64 57 33 33 13 75 49 8 33 -2 17 50 44 38 95 55 21 -1 12 71 54 69 58 96 76 41 59 80 29 27 101 3 75 79 69 52 72 21 24 43 26 55 86 91 99 8 9 45 5 22 36 88 34 47 91 19 70 -2 35 6 34 21 24 52 55 10
42 66 85 20 48 78 32 97 67 91 36 23 79 66 5 56 92 75 88 77 97 32 58 12 56 20 33 6 75 13 85 82 92 68 14 97 86 56 62 77 53 86 63 8 101 73 58 4 46 99 22 24 26 97 70 10 49 28 66 2 75 79 44 8 5 65 78 51 63 92 26 76 5 81 45 61 61 46 24 7 99 72 75 72 57 21 9 56 3 70 55 28 11 69 69 26 102 79 99 84
99 52 92 55 44 13 54 43 83 28 55 52 94 67 78 61 46 45 27 21 79 90 77 1 89 79 21 23 55 2 92 80 85 3 70 81 80 75 72 27 8 26 83 56 47 -3 56 1 16 8 22 11 45 71 65 0 34 92 5 28 35 79 69 14 75 31 23 28 55 16 90 25 95 94 35 21 99 77 42 54 61 79 57 91 40 54 33 5 97 77 84 81 75 82 72 55 13 41 4 44
23 16 56 92 49 82 78 64 99 48 23 90 85 70 12 62 57 23 26 13 100 48 44 76 66 50 29 32 75 49 12 27 46 47 32 9 72 76 82 29 7 1 12 30 52 25 52 35 58 74 98 34 97 18 64 82 73 21 33 91 39 99 79 15 21 96 88 38 44 100 15 68 30 49 40 56 81 83 31 64 13 54 13 56 67 13 28 44 79 24 58 14 86 30 85 29 29 80 15 57
22 5 57 6 71 1 76 -2 45 20 11 73 54 88 68 96 27 72 49 51 56 56 82 26 18 36 86 15 4 -3 55 46 73 17 46 67 18 86 77 -3 11 58 10 30 73 57 50 7 79 13 29 83 55 25 52 58 7 81 80 29 44 24 79 2 16 73 38 83 40 67 48 36 97 52 74 21 23 69 3 76 60 75 27 28 23 75 60 4 61 7 88 24 22 92 61 49 11 16 100 70
23 18 44 48 52 49 79 80 63 94 38 85 49 31 76 74 50 73 52 34 25 99 67 93 43 35 100 8 54 3 33 9 24 88 84 9 70 29 45 9 12 83 50 56 66 90 98 85 29 90 60 98 97 42 42 100 15 27 53 64 5 19 102 38 52 37 3 95 19 18 94 65 44 62 77 70 25 66 74 44 61 47 60 1 83 43 72 81 53 79 5 86 44 56 15 10 75 53 15 29
5 78 16 32 92 -2 69 63 92 19 7 79 64 38 53 56 58 39 30 27 98 26 51 45 46 80 4 30 48 11 11 67 52 71 71 52 95 36 97 88 78 79 42 55 20 28 76 1 72 66 15 29 70 74 14 82 87 49 50 57 71 75 79 22 12 89 8 41 48 18 71 60 52 34 80 42 42 20 28 -1 62 9 88 9 40 28 80 70 64 29 19 91 68 82 44 80 95 64 12 71
98 66 94 66 80 96 42 59 66 100 32 6 5 24 33 10 31 92 64 33 54 64 30 22 93 97 46 82 36 77 85 57 47 56 36 65 93 49 41 96 68 66 11 29 83 42 36 85 39 52 95 61 88 38 43 72 58 52 23 82 68 83 31 57 99 51 41 51 73 69 93 12 14 19 3 40 87 41 4 44 87 27 32 83 56 11 86 98 94 56 42 93 41 94 91 34 16 36 45 7
73 21 43 9 19 44 88 89 30 7 96 85 97 2 3 32 31 22 83 83 27 84 37 95 46 48 80 -2 4 72 31 96 56 22 17 69 48 51 50 65 2 48 84 92 90 31 68 68 29 73 32 85 87 29 83 19 84 44 73 20 28 14 7 94 53 89 4 81 28 95 51 49 33 -3 36 13 8 8 4 84 76 80 90 77 35 40 86 7 42 50 87 20 48 95 2 11 61 47 57 24
93 73 46 33 94 84 30 6 68 22 25 78 17 4 90 44 23 28 6 49 4 93 17 23 78 88 94 72 57 45 26 64 53 97 9 23 14 90 84 71 28 88 11 17 41 61 83 74 66 50 97 90 83 19 74 9 74 56 61 98 32 90 7 57 87 44 95 10 31 69 25 49 98 48 82 65 35 100 7 16 60 73 84 23 83 35 65 22 50 60 57 41 62 34 25 19 61 81 21 29
61 56 63 6 52 56 75 89 62 68 76 12 101 11 51 51 82 25 86 63 9 61 12 6 95 52 36 75 68 43 70 57 96 36 12 80 89 26 72 37 61 34 97 8 50 29 67 18 39 31 51 55 11 77 62 42 70 80 61 80 3 42 28 52 21 96 19 6 99 59 24 96 77 -2 12 33 6 31 23 23 28 20 29 79 52 26 92 10 50 31 29 7 50 66 38 82 64 37 24 9
66 46 21 12 11 64 65 51 18 10 8 99 99 13 29 81 82 37 20 17 95 88 69 20 100 48 83 10 65 5 49 10 88 46 79 100 98 7 88 2 6 92 99 81 56 4 87 71 39 44 91 39 41 80 101 17 97 15 88 80 72 23 3 29 33 40 57 29 10 97 27 9 28 43 83 39 72 49 96 85 12 52 8 17 27 16 77 59 7 12 65 61 67 87 24 70 10 71 91 79
85 14 76 64 55 57 4 96 20 29 50 27 27 84 79 22 27 20 28 60 4 -2 55 78 3 49 33 67 64 17 56 47 79 26 50 79 76 12 28 7 35 86 23 78 62 90 100 -2 22 10 47 61 101 23 23 2 88 64 24 17 11 16 62 -3 39 42 67 26 30 5 41 22 89 35 55 90 77 37 46 78 80 74 86 69 79 66 56 27 67 12 71 73 77 64 61 84 10 36 74 29
62 58 66 20 9 48 88 42 84 75 102 72 79 8 94 80 63 57 100 14 55 93 65 22 78 96 86 62 63 81 83 79 99 2 9 18 6 21 101 84 26 78 15 38 43 36 65 73 13 79 13 17 73 13 72 38 13 36 13 61 43 85 40 44 63 45 29 62 33 8 94 52 93 60 68 23 9 8 17 84 43 38 53 84 29 27 22 9 98 29 56 46 51 99 15 55 96 6 32 97
73 45 77 61 61 71 79 90 16 71 101 52 62 15 79 33 7 70 15 45 7 49 74 48 42 3 18 69 18 4 90 74 46 24 4 64 49 58 34 -2 22 8 27 39 47 82 91 94 93 55 62 47 53 71 13 67 60 58 45 94 7 84 91 6 38 65 4 92 10 8 30 76 41 59 14 22 29 2 76 39 18 46 38 61 80 25 65 53 81 37 40 1 6 27 97 0 67 39 71 62
39 53 54 58 7 7 77 63 18 95 101 70 29 6 74 100 94 21 63 51 98 26 85 2 49 26 53 71 60 8 49 87 11 75 83 5 68 58 23 55 39 90 12 1 88 24 59 51 6 57 87 42 16 12 21 8 21 56 92 25 67 69 60 100 45 62 12 97 99 74 86 45 5 46 71 4 89 17 87 49 13 91 7 42 87 38 88 68 37 4 92 24 91 70 54 45 89 62 3 10
39 9 77 33 9 53 10 38 10 8 5 34 91 10 46 89 58 38 89 77 48 84 38 26 49 0 77 44 30 74 60 31 65 86 69 35 45 0 21 41 80 71 10 75 26 40 68 93 53 39 89 56 73 17 23 88 58 45 74 31 38 78 37 19 69 75 93 34 44 25 49 8 76 60 47 70 58 63 92 66 67 45 21 8 50 90 60 59 35 30 4 68 17 54 51 45 84 26 71 87
48 28 37 31 44 100 56 19 56 80 27 22 3 86 35 51 23 90 33 30 40 24 98 28 102 63 45 9 20 9 71 51 99 74 75 30 45 71 22 80 19 76 38 61 15 56 59 27 38 11 60 78 29 34 21 67 62 25 54 33 23 72 84 5 63 66 88 48 26 52 66 93 100 44 36 25 94 16 99 85 86 45 98 77 42 66 77 58 45 51 17 29 76 58 28 51 64 100 40 37
19 59 56 93 52 92 88 30 67 84 44 44 47 42 50 87 6 67 29 12 32 69 91 45 6 -2 80 84 62 61 63 79 61 31 40 73 12 21 61 69 23 84 21 20 82 38 21 10 76 35 52 65 33 9 12 81 29 84 28 39 41 63 25 49 36 14 7 42 88 75 75 88 68 76 48 36 28 73 82 28 88 5 95 39 90 67 64 78 9 8 47 4 25 68 98 71 52 96 70 44
91 66 4 41 101 65 35 1 32 62 63 11 44 8 88 76 19 45 84 82 55 75 9 20 25 84 75 28 34 61 82 80 79 80 78 23 14 77 95 71 10 63 74 2 20 11 62 63 67 66 83 91 28 6 5 46 5 36 98 71 43 46 61 44 39 59 29 71 24 24 89 79 22 12 54 84 3 34 94 12 6 69 3 72 87 4 6 14 76 15 17 92 30 67 64 31 80 58 52 56
23 34 90 54 84 37 34 17 47 37 84 37 38 79 89 59 52 2 37 45 13 6 70 74 98 23 58 7 57 51 91 12 60 55 79 93 95 32 39 44 58 81 54 80 39 38 92 12 96 76 86 46 101 77 95 12 7 64 46 66 27 75 61 8 33 37 55 23 90 27 100 81 99 64 62 35 11 28 93 64 55 43 26 77 99 54 54 12 86 47 85 53 15 59 72 -1 26 78 81 24
El programa tardó 15.62952995300293 milisegundos en ejecutarse.
