45 51 4 18 49 52 66 44 89 34 66 15 60 7 48 22 42 83 44 47 25 68 21 57 13 33 91 40 73 96 22 44 84 96 44 92 71 69 38 29 77 91 68 72 97 70 98 59 8 62 66 63 94 78 85 100 99 67 85 49 71 58 19 21 55 51 71 65 76 78 80 90 9 44 47 48 60 6 44 28 4 46 23 65 12 49 71 9 69 81 63 14 32 54 72 10 95 42 72 100
55 82 21 35 20 60 57 55 78 23 12 2 98 71 4 67 17 79 64 5 86 30 57 67 13 96 31 51 81 41 86 76 73 94 66 22 7 7 7 83 97 90 45 71 11 61 57 60 29 70 54 3 34 80 57 92 51 24 94 66 58 94 22 57 89 52 55 70 48 6 76 85 101 9 61 7 42 27 2 70 84 51 101 36 49 67 39 37 97 94 75 48 73 29 78 67 3 2 45 50
59 40 50 47 73 57 52 14 32 42 87 77 91 78 41 54 92 14 18 85 82 31 22 11 52 44 14 12 34 81 32 67 60 48 88 36 68 8 98 45 40 86 48 14 22 16 8 13 26 52 22 21 13 64 34 32 92 67 23 6 7 24 76 66 90 98 18 14 22 31 13 8 54 74 16 50 20 88 85 18 39 89 100 57 86 37 31 61 80 94 49 51 91 20 74 93 20 32 41 48
78 63 13 37 24 60 32 39 34 6 75 63 76 74 46 45 30 94 25 4 40 3 18 12 34 57 38 41 12 62 80 47 43 51 10 36 16 0 96 40 84 72 7 27 11 25 53 57 74 34 28 85 3 39 95 40 42 36 16 63 92 4 43 50 62 71 24 0 95 8 34 24 36 49 51 54 22 26 89 36 33 40 84 79 97 70 71 94 76 54 17 63 51 90 10 95 28 17 33 5
36 72 102 35 24 14 75 99 17 11 100 29 31 91 22 12 71 25 66 21 71 71 83 54 70 64 48 60 7 95 41 6 46 55 96 56 74 86 13 64 64 19 36 91 39 39 38 59 36 3 68 20 89 47 69 7 71 49 55 83 89 29 63 40 34 72 8 21 74 28 73 99 59 22 7 73 42 76 101 94 40 63 91 84 88 59 62 64 96 89 21 57 78 28 52 98 85 43 95 35
53 27 50 85 13 37 56 79 31 64 83 36 56 90 55 15 21 96 8 36 2 70 20 7 83 38 38 78 67 -3 69 16 96 42 89 82 65 3 68 91 22 44 15 47 11 21 101 6 63 15 86 60 95 13 26 20 57 57 98 2 71 5 31 93 76 33 44 59 22 29 91 80 92 15 67 26 18 65 18 7 49 82 83 43 74 34 50 76 46 32 47 11 57 12 101 76 12 52 89 88
20 29 89 82 50 89 54 55 58 75 7 53 58 85 15 72 10 89 6 29 69 23 58 37 43 23 102 5 61 44 40 48 11 22 22 55 23 30 64 44 63 22 58 88 98 23 55 12 42 90 101 81 19 54 101 50 12 85 51 76 20 59 97 35 84 18 50 16 81 61 19 35 46 25 70 46 41 70 3 67 12 1 50 31 100 35 15 82 40 38 78 48 71 26 28 42 93 78 54 50
72 47 50 -2 38 70 70 22 66 23 69 29 7 7 16 93 71 57 2 30 57 37 79 13 31 14 64 14 30 21 95 70 92 56 8 78 67 88 87 2 30 7 87 86 43 54 79 86 37 64 43 17 32 49 82 50 47 46 24 74 7 67 90 14 74 86 89 36 40 21 23 79 67 68 48 15 58 64 17 5 38 92 40 49 72 28 44 43 98 11 63 27 71 71 12 26 3 66 94 47
73 49 70 36 13 29 64 44 44 27 28 61 92 90 87 23 58 59 73 84 35 27 48 31 45 21 18 10 64 68 6 9 27 7 37 9 47 38 55 96 91 69 67 1 40 21 57 34 4 81 71 48 38 4 54 59 84 22 101 63 101 15 98 65 88 75 16 30 73 78 60 3 71 94 13 4 28 26 29 48 37 94 11 44 6 65 94 20 73 52 73 82 14 74 62 80 53 39 58 43
11 62 75 5 34 8 57 54 13 79 25 46 4 27 29 42 63 58 62 76 36 94 59 50 72 8 66 13 52 10 89 70 24 95 16 7 36 5 18 79 89 0 80 51 8 93 49 74 95 20 16 6 72 41 31 88 58 12 36 40 97 73 40 13 62 8 2 23 87 37 83 71 42 54 35 18 59 1 23 6 10 39 66 68 22 68 58 88 31 18 58 70 44 22 5 44 37 70 68 82
31 48 72 72 30 14 54 3 59 61 8 83 25 66 8 16 57 90 82 12 23 75 9 20 94 70 27 62 20 97 7 43 40 100 25 55 84 12 65 20 10 53 56 59 70 31 66 13 86 95 22 80 49 10 14 82 7 36 101 35 63 79 21 22 50 60 21 58 40 58 37 53 45 84 44 100 31 11 72 6 3 44 102 24 54 59 28 54 53 10 17 10 50 64 19 80 3 82 17 17
92 43 60 66 85 8 13 58 6 92 62 84 45 59 101 27 75 85 37 59 76 90 12 12 65 32 22 93 27 18 11 35 74 0 78 65 25 23 42 21 93 86 5 1 82 73 37 22 40 50 96 19 94 87 56 92 95 25 4 89 37 82 37 90 57 54 16 51 33 48 45 38 97 37 44 83 30 58 59 74 76 77 75 21 13 18 60 75 48 64 50 65 59 89 72 30 84 34 61 26
91 61 88 12 68 94 78 97 89 29 85 35 54 78 48 41 76 55 10 62 5 33 47 71 82 70 82 40 22 88 50 19 43 34 38 82 56 62 55 12 4 25 44 75 55 66 91 62 29 72 24 22 86 49 88 84 33 67 83 84 40 19 85 20 86 24 38 72 5 33 4 28 59 64 63 91 63 36 22 57 19 49 38 59 56 98 20 43 80 2 37 32 15 76 83 70 73 62 95 24
54 91 75 77 87 79 64 94 80 31 46 52 11 71 14 48 42 56 96 74 55 21 58 49 60 28 36 41 43 70 9 74 84 82 25 5 10 17 95 55 70 66 46 59 36 75 76 47 86 74 69 74 9 9 63 68 79 9 14 77 84 31 16 69 64 69 5 21 99 18 77 45 21 41 79 80 57 93 63 86 12 39 100 77 83 83 25 28 44 36 75 19 9 36 57 66 45 49 92 18
66 68 88 31 41 14 15 94 66 58 19 21 28 14 93 90 11 53 75 92 102 97 9 96 67 1 76 3 72 80 37 100 74 32 57 63 68 71 82 16 99 92 93 78 42 50 61 15 47 70 3 43 97 35 9 99 72 76 43 55 10 13 35 19 79 56 3 32 22 48 60 34 90 67 85 68 20 83 11 39 14 42 13 56 35 83 63 32 65 11 96 56 14 99 32 80 92 60 77 6
60 55 74 19 29 48 94 73 52 96 55 2 80 32 74 39 53 94 70 34 89 14 19 8 8 65 43 23 65 65 43 15 80 44 36 11 68 -3 8 10 52 55 52 35 64 19 24 58 32 31 89 77 5 66 31 45 3 66 5 68 10 65 86 74 24 76 91 72 34 61 11 67 80 25 59 76 53 43 73 21 16 40 99 33 17 25 11 91 19 6 48 48 31 79 29 87 28 38 2 19
72 26 13 9 88 55 30 56 60 15 47 49 75 85 97 17 32 91 44 75 59 41 99 6 91 82 93 23 89 83 54 52 19 63 13 73 96 46 18 69 93 18 55 21 76 80 15 19 40 60 88 37 85 58 100 80 98 11 71 83 49 63 86 2 97 32 82 28 87 88 18 12 66 68 77 95 94 80 63 94 25 49 79 4 32 23 62 50 23 44 34 23 20 46 48 37 34 81 73 24
32 81 25 8 15 67 78 4 37 55 98 42 92 96 43 45 43 19 39 78 33 60 53 72 22 95 75 52 5 79 49 77 38 18 27 87 55 11 53 20 5 35 15 48 33 31 50 89 32 37 26 1 59 65 58 4 50 28 3 23 8 -2 49 -2 19 53 9 58 53 85 84 3 60 25 69 8 97 23 76 26 62 54 84 13 79 95 11 96 63 47 89 44 50 70 68 7 93 25 94 36
31 24 37 8 37 2 13 20 6 4 10 80 63 85 89 12 39 95 8 55 5 42 76 32 75 21 65 17 7 4 4 85 86 64 72 90 72 88 66 56 84 65 65 63 60 8 5 34 80 75 8 31 40 82 62 12 101 83 96 99 83 36 45 70 51 52 85 69 53 90 14 17 13 35 32 96 41 70 85 54 16 40 87 94 27 66 18 80 95 86 77 21 93 55 25 67 63 55 75 83
4 34 18 53 19 30 46 19 34 64 96 72 7 0 12 -2 3 67 10 43 68 17 63 65 53 79 81 61 64 96 29 80 85 47 66 57 78 75 88 58 28 79 69 56 88 45 48 6 9 32 61 18 92 57 62 6 52 68 53 8 34 38 45 59 22 34 32 38 44 1 98 75 96 27 68 77 93 1 80 -3 22 65 25 23 45 86 63 83 92 68 59 75 34 58 60 83 61 12 78 60
10 16 28 92 64 39 96 5 29 54 70 44 26 82 98 29 80 73 98 23 68 12 14 50 84 75 28 71 48 56 66 86 89 54 10 94 92 46 13 90 55 59 29 74 102 48 42 1 22 34 22 68 58 22 64 42 66 81 97 71 31 54 100 40 21 4 53 3 85 33 90 19 7 21 26 100 49 84 50 2 84 71 28 51 54 71 49 40 48 28 37 5 90 24 102 19 7 11 66 35
31 64 83 42 24 54 13 29 19 54 17 90 17 87 75 72 3 22 88 61 35 0 69 90 93 17 96 5 62 31 99 5 59 88 32 79 21 3 77 41 88 19 54 66 76 67 52 29 86 41 97 63 49 52 37 28 72 83 34 22 4 14 22 63 23 8 82 92 74 57 14 48 47 71 11 12 14 42 56 28 10 90 16 35 21 27 96 77 30 14 32 92 54 84 14 26 13 29 35 35
31 13 39 15 16 35 41 95 4 17 5 68 35 80 78 55 26 43 25 86 66 62 44 48 70 79 87 66 94 7 28 100 52 47 5 77 86 59 67 59 79 89 66 9 15 18 92 40 27 68 66 24 31 40 47 38 6 81 33 94 59 10 21 88 73 35 63 15 90 69 5 78 8 29 21 9 80 22 58 59 56 58 94 70 8 87 71 93 94 13 94 12 22 45 37 28 97 69 35 25
86 4 81 0 88 55 47 40 29 13 3 29 10 81 5 87 15 26 29 82 49 20 57 36 21 65 96 91 101 14 15 20 86 26 93 52 64 55 26 71 54 73 41 75 85 4 29 60 37 71 100 28 6 7 82 -2 61 39 4 61 81 0 5 83 83 0 89 20 71 4 77 31 84 88 62 71 17 61 70 19 73 31 4 3 69 70 37 16 68 2 37 90 10 6 57 93 30 40 75 7
5 42 14 45 64 56 42 54 64 90 75 25 23 68 38 2 101 85 79 45 78 85 80 18 31 8 55 33 22 73 43 85 20 44 31 47 44 82 79 16 3 58 17 44 84 54 3 87 25 87 43 2 40 12 63 86 64 15 17 71 18 1 26 69 44 51 14 68 13 37 58 71 61 46 15 90 86 88 85 15 62 20 70 70 64 83 46 12 52 71 24 16 82 36 83 49 27 92 68 12
38 8 37 0 61 30 75 51 42 94 41 33 82 65 46 73 71 28 11 46 18 41 71 59 46 11 99 3 8 44 80 62 41 5 58 62 2 10 52 75 32 90 21 52 94 30 82 24 81 26 94 95 62 61 45 68 10 57 22 77 14 38 5 35 94 49 83 85 57 34 39 42 99 31 6 89 43 29 100 52 25 12 25 32 62 69 27 74 47 67 11 47 71 37 68 26 44 30 56 23
99 82 87 2 84 30 81 87 53 23 64 94 80 47 10 60 23 3 20 23 52 18 25 47 59 4 3 8 61 68 92 23 51 41 36 96 76 51 25 19 72 50 16 78 23 73 23 78 34 88 97 10 6 86 18 84 71 33 7 32 7 91 86 98 66 42 91 54 97 84 29 53 66 21 57 71 27 41 40 5 59 88 86 86 69 30 80 21 19 63 32 80 37 69 51 66 26 92 4 72
99 92 43 10 18 -2 37 8 61 18 78 87 50 43 69 42 95 52 85 43 42 71 82 18 23 34 81 76 62 37 91 25 99 31 41 76 66 42 80 89 36 56 80 75 88 66 9 63 76 25 80 83 64 24 60 94 100 65 38 85 18 71 75 34 29 39 13 6 56 31 25 54 55 46 3 72 43 25 2 62 4 4 80 38 50 19 14 32 37 54 60 33 12 32 46 8 16 7 84 80
25 60 5 28 3 39 51 65 61 93 56 74 68 4 7 41 9 88 30 89 39 38 101 74 49 60 54 56 88 39 61 80 7 14 33 53 55 57 18 24 80 84 90 51 64 61 39 34 10 89 33 95 61 18 93 98 35 47 21 90 97 39 91 70 67 19 33 82 16 61 70 86 70 55 67 11 43 62 96 95 30 65 30 68 70 50 31 21 41 54 87 89 82 55 67 38 60 73 80 71
76 14 36 12 92 90 41 79 72 66 45 54 18 89 59 4 3 12 86 55 68 5 68 49 39 -2 36 30 7 22 75 -3 101 0 38 6 91 52 41 84 34 70 27 76 99 63 80 37 78 39 44 45 58 54 51 -1 36 40 48 37 12 68 38 27 35 27 39 26 7 13 65 45 33 80 17 15 84 13 81 75 4 36 62 84 8 24 6 91 29 82 22 69 82 79 31 69 43 94 15 47
13 54 15 20 43 31 99 50 19 39 11 9 40 67 61 1 31 19 28 71 25 93 37 97 94 47 5 94 69 70 58 43 76 48 43 43 71 2 77 95 53 59 36 6 58 18 32 27 25 27 98 20 57 38 51 80 70 48 67 36 15 77 95 72 52 17 34 31 54 97 102 84 37 19 30 71 50 40 80 42 79 81 78 78 89 73 48 62 91 63 82 71 63 41 44 31 95 68 5 71
68 12 29 36 36 82 78 85 41 66 77 90 95 6 23 38 48 15 101 47 21 80 88 70 101 26 82 86 94 73 35 56 76 59 101 85 84 86 13 20 48 95 59 66 44 36 23 16 73 91 70 44 74 65 51 20 87 28 53 73 41 92 15 50 90 73 47 87 42 81 71 23 43 60 27 85 36 1 66 89 99 51 14 87 89 10 27 23 34 54 81 74 17 77 27 55 65 93 18 0
3 34 79 73 56 56 95 13 22 96 29 13 55 63 40 26 38 52 62 69 19 69 28 70 3 46 46 29 15 38 41 66 100 19 58 25 95 68 40 95 24 23 88 21 97 89 64 9 58 75 13 89 18 25 63 69 20 46 64 1 51 2 100 4 65 81 61 25 94 49 97 35 80 9 69 90 62 27 13 24 12 86 95 80 68 66 64 12 95 78 51 52 56 11 40 69 87 78 34 98
90 -2 70 77 26 5 2 91 47 36 36 27 66 65 51 10 52 6 43 54 46 9 23 76 66 60 101 94 11 66 93 95 16 89 68 33 93 44 18 3 13 30 52 33 101 86 52 88 10 77 96 14 99 47 53 3 97 17 72 91 62 29 39 66 25 90 63 3 34 91 59 5 10 45 13 90 41 14 9 14 71 58 71 2 21 94 90 11 77 5 69 37 78 89 85 25 38 36 83 57
74 48 23 46 40 84 102 23 12 76 31 2 16 68 78 19 90 76 18 1 20 58 43 30 92 89 24 82 17 29 20 25 84 55 22 86 23 37 45 56 23 15 85 83 61 53 99 40 74 46 29 55 10 54 9 28 17 55 101 62 61 25 67 96 89 58 79 19 14 82 61 13 76 8 100 77 71 30 52 67 55 69 28 72 26 29 6 57 75 38 32 90 34 5 80 84 87 56 41 77
23 53 27 92 92 76 86 54 92 26 56 59 61 79 61 74 75 58 71 0 31 22 31 61 4 17 67 73 2 -3 13 67 77 86 70 7 79 46 81 47 13 68 36 34 33 3 66 87 69 11 51 52 74 10 77 70 26 83 99 28 61 9 35 63 89 40 86 12 2 6 18 61 50 65 41 47 9 68 50 94 4 88 28 58 101 85 85 26 32 92 44 85 92 18 59 75 72 79 84 91
99 21 26 34 58 54 100 35 41 77 94 64 88 19 79 12 46 41 27 35 55 58 32 17 56 38 74 81 60 73 52 48 4 35 49 100 61 29 88 57 29 64 75 65 70 55 51 50 14 100 55 70 80 62 37 73 86 42 36 61 65 99 51 23 16 49 92 10 20 44 35 89 92 30 26 39 22 22 73 11 62 94 70 4 14 70 99 96 79 100 46 81 60 10 34 54 73 70 94 39
14 -3 45 13 47 46 5 69 16 62 83 69 86 34 97 28 85 24 47 20 82 8 25 72 75 89 87 33 58 19 23 39 52 70 45 61 33 32 8 0 53 33 86 46 44 39 3 35 64 0 75 29 28 68 44 68 36 60 3 24 39 63 96 31 4 64 62 47 40 13 86 53 91 94 31 91 99 52 19 86 13 51 18 -3 83 63 52 24 8 88 65 58 18 43 29 77 66 85 17 59
77 38 4 93 26 60 18 37 91 15 9 35 59 16 69 2 21 87 47 7 84 41 73 4 19 69 102 29 45 51 59 65 56 99 13 100 69 34 29 42 25 39 47 55 89 11 11 22 25 76 62 69 79 45 81 15 89 93 60 57 65 100 101 22 14 1 59 89 76 22 85 93 100 39 28 20 73 94 87 95 14 91 84 88 69 99 70 54 36 64 35 47 5 67 6 57 43 31 6 35
79 15 23 2 47 49 4 73 17 13 79 70 95 96 92 95 37 76 36 96 83 49 86 87 62 39 81 21 57 63 90 21 60 44 7 55 4 3 41 60 29 8 26 15 39 91 26 63 60 93 15 91 52 32 79 3 33 77 5 15 81 -1 95 44 38 13 52 47 3 96 100 42 21 6 55 9 77 35 66 73 5 50 18 16 70 88 77 93 25 20 72 94 62 6 59 88 86 0 85 89
98 19 50 78 31 78 49 4 31 29 60 56 62 51 7 89 102 22 61 18 92 57 69 39 10 11 97 83 76 61 21 10 101 71 97 95 65 86 24 69 63 90 54 16 97 5 79 74 102 3 79 83 91 80 77 16 57 88 54 36 39 52 72 81 60 44 49 21 82 93 53 4 51 94 64 23 32 89 92 49 6 60 15 88 74 14 91 4 52 11 85 41 61 6 77 93 49 97 92 8
79 58 96 40 89 95 59 85 47 5 3 60 32 57 89 53 95 21 74 3 66 90 58 61 2 0 57 28 87 64 6 95 23 96 61 95 17 15 86 93 16 94 44 36 16 41 74 20 43 74 30 3 43 68 78 84 32 80 96 83 87 4 96 12 94 19 96 18 66 9 99 31 48 30 3 89 62 66 43 22 7 5 100 47 48 8 41 49 101 71 45 84 20 43 47 67 58 37 93 96
37 8 30 74 80 85 52 81 33 84 43 35 58 33 91 45 68 32 14 54 28 55 55 62 16 77 13 6 67 78 34 68 101 34 77 56 68 84 82 75 50 24 85 3 56 67 20 88 16 68 30 39 18 35 30 23 75 64 23 51 78 6 43 52 27 97 20 17 27 22 81 54 34 44 73 39 93 80 94 24 75 46 25 39 7 64 9 73 19 82 14 20 5 12 82 33 29 70 62 27
79 61 18 27 51 52 45 4 48 70 6 15 62 83 83 28 23 60 73 42 61 74 92 8 90 84 56 33 46 5 89 57 35 2 66 95 7 6 46 55 76 78 61 60 13 38 19 11 84 84 73 57 96 51 16 57 101 37 57 50 41 90 69 90 95 24 44 95 43 86 24 68 14 94 23 2 99 36 79 14 9 -1 87 5 24 78 4 83 53 32 17 72 25 96 56 12 81 4 84 19
77 36 52 33 18 25 91 99 62 74 64 29 60 95 100 60 92 33 69 94 58 61 102 63 14 88 38 79 91 27 25 32 53 96 69 38 21 53 98 82 78 2 86 56 11 7 8 2 64 48 73 75 96 10 16 33 93 21 99 67 71 27 29 3 29 98 60 14 26 64 36 84 50 77 49 5 38 93 53 96 18 16 18 53 15 5 50 82 32 7 8 85 31 71 30 2 83 45 45 70
5 49 101 44 15 -1 42 83 36 -2 74 60 63 86 49 39 51 27 30 15 99 61 35 77 62 41 93 80 42 42 4 68 48 79 79 88 91 10 78 47 62 82 91 91 87 13 94 34 78 93 17 30 22 16 95 89 101 71 19 3 44 54 23 43 7 58 29 75 30 77 37 31 98 29 8 77 22 5 13 22 81 30 8 88 55 16 4 6 101 73 49 83 17 58 61 -2 95 39 20 22
14 38 47 56 46 25 46 80 41 16 91 23 52 1 78 42 83 76 79 74 40 19 19 67 84 62 54 76 89 52 75 27 63 39 85 9 39 20 93 93 78 51 39 37 9 26 40 64 49 28 41 92 45 26 20 12 100 6 25 19 66 37 45 12 80 37 9 1 91 63 93 80 72 13 35 57 56 75 33 32 3 45 68 85 55 95 96 34 6 41 43 87 68 50 10 22 8 90 5 7
56 8 44 89 38 54 77 60 41 30 36 0 79 28 49 49 89 34 60 34 13 72 83 66 79 39 3 8 22 86 67 49 25 2 37 27 59 76 72 64 66 24 100 34 98 76 86 70 60 57 40 89 8 88 33 37 45 94 61 75 42 15 100 17 37 34 101 28 9 19 38 70 101 54 13 31 87 27 94 11 99 47 41 26 87 52 3 27 100 74 95 14 69 20 46 74 26 64 90 72
95 17 44 66 37 68 87 3 39 67 54 85 7 99 43 63 9 76 83 31 34 2 95 97 52 30 37 37 83 58 92 23 24 39 63 21 56 30 65 47 78 33 67 95 37 49 17 37 82 71 3 13 71 49 45 62 72 61 70 35 50 24 47 72 6 1 61 46 29 60 66 84 71 76 54 60 100 63 69 1 69 71 40 85 85 83 84 65 60 2 16 40 36 24 18 45 65 58 3 41
40 55 39 86 48 7 65 6 88 15 9 -3 18 37 30 60 33 3 72 12 31 70 39 80 57 58 60 90 89 41 86 85 36 71 57 51 54 13 22 37 36 29 42 3 25 23 23 69 16 33 95 60 55 37 58 14 9 20 32 38 100 35 101 60 93 88 23 81 24 47 79 74 92 96 88 52 7 29 45 67 62 0 84 92 33 37 14 86 48 31 25 30 41 40 13 66 19 41 8 4
84 93 20 74 30 69 23 27 20 16 3 2 42 82 66 70 23 36 83 61 17 41 18 29 7 4 71 8 78 60 17 23 78 10 62 24 70 37 46 33 78 14 95 67 95 38 40 64 68 96 91 23 81 18 56 6 78 34 40 58 29 16 66 59 19 51 9 13 40 67 77 51 23 90 70 28 98 12 76 58 67 5 78 69 98 5 61 97 98 89 65 92 12 37 8 69 63 65 8 81
48 32 71 58 99 2 88 26 48 10 36 29 60 81 71 59 5 55 57 47 66 39 49 13 33 -2 56 44 11 35 38 18 95 1 64 22 64 23 23 49 73 50 31 -1 43 52 86 49 45 39 33 8 56 -3 66 26 98 84 57 63 38 65 34 91 95 10 39 72 19 33 81 84 63 88 86 64 3 11 55 -3 94 26 14 32 59 37 90 10 51 31 68 41 37 49 15 74 31 -1 16 43
65 92 47 33 38 17 46 88 87 37 82 38 41 38 75 20 58 67 59 41 54 28 75 38 102 3 60 26 41 56 79 14 86 94 53 22 22 44 95 91 81 11 11 47 66 85 61 62 15 99 51 18 77 22 24 53 21 96 87 74 10 72 7 71 56 85 81 75 65 46 10 100 37 88 42 67 70 75 58 50 99 87 4 45 31 70 91 90 10 31 78 52 10 64 54 23 74 77 79 70
73 -1 32 80 96 62 48 23 9 2 60 61 25 36 37 2 6 92 61 5 60 25 12 22 47 67 34 9 14 90 6 42 68 74 72 34 68 90 35 -3 62 -3 81 15 27 88 23 72 51 76 45 13 14 43 37 68 47 9 44 60 18 49 12 23 74 15 25 85 4 95 9 86 23 62 85 12 51 84 57 61 68 67 13 83 64 19 52 64 51 50 2 50 90 49 23 69 24 85 26 13
21 43 92 27 17 73 39 32 74 92 78 75 36 30 59 100 85 38 26 11 52 3 21 11 40 8 68 52 4 13 22 16 33 2 37 11 38 71 96 29 47 26 92 93 55 91 83 5 75 14 37 63 40 30 96 39 32 88 24 46 102 56 74 67 20 71 86 59 22 14 99 86 69 31 39 100 25 51 10 16 41 28 37 20 94 14 25 58 72 100 89 69 101 26 77 43 16 95 52 92
36 19 13 58 81 46 73 4 40 82 20 19 92 50 45 0 72 7 53 80 13 73 74 19 87 96 12 34 15 19 10 35 95 62 83 71 83 37 73 21 14 84 17 33 74 31 57 77 53 50 42 15 89 8 32 66 86 71 25 15 21 80 38 64 99 62 7 16 79 11 71 39 22 24 6 47 10 64 90 8 79 65 58 74 69 95 94 29 19 43 15 1 101 96 59 39 4 35 48 88
49 94 18 47 80 50 16 35 86 26 44 11 45 20 93 34 40 8 49 19 95 8 68 69 80 7 21 6 16 44 63 58 40 98 62 56 38 79 27 48 41 1 91 47 91 84 6 88 16 86 32 75 12 79 102 68 48 16 101 82 98 72 57 30 90 55 60 85 5 64 36 82 4 67 95 60 43 43 93 69 68 79 54 56 102 54 42 96 7 91 34 13 22 50 67 85 67 41 10 31
97 40 47 22 38 73 48 2 58 0 81 52 81 77 40 24 82 80 19 55 26 47 60 5 29 74 61 85 46 32 10 82 10 28 79 54 20 72 36 19 12 42 45 19 41 2 11 91 49 70 99 79 38 1 9 32 25 79 80 62 98 9 46 73 15 27 101 54 36 45 30 25 93 88 48 7 36 84 64 44 82 9 24 36 43 -2 96 12 93 -1 81 72 10 45 91 23 83 72 99 46
15 80 99 36 40 98 14 27 90 5 11 37 81 22 94 100 56 13 53 65 38 98 25 28 34 58 49 40 32 95 60 72 69 52 48 98 87 82 16 65 19 25 9 74 24 32 58 10 63 36 77 43 48 76 79 10 48 57 4 19 101 100 80 58 82 62 89 79 53 62 100 51 17 83 43 61 59 89 47 1 13 25 15 38 93 60 50 56 62 48 14 98 45 99 9 63 100 60 27 45
38 28 21 14 61 73 18 28 8 71 18 4 34 42 59 72 38 59 38 20 27 27 11 4 62 34 7 91 63 16 74 81 57 50 19 -2 43 89 81 33 4 60 33 29 66 50 79 41 86 95 19 2 89 35 41 61 37 57 34 86 53 28 93 49 90 74 7 60 25 47 64 31 53 91 51 10 27 -3 71 52 38 14 46 63 51 96 18 77 17 2 58 90 72 13 60 33 62 86 89 30
26 82 59 25 18 80 60 36 3 64 37 24 96 61 85 1 71 23 11 2 8 12 97 84 41 72 54 57 50 83 5 90 23 26 11 90 25 22 19 53 55 2 84 76 67 43 67 13 80 6 47 68 94 62 72 7 24 36 69 76 6 47 95 46 89 52 44 77 6 73 39 46 65 30 58 75 14 62 68 35 31 79 55 8 92 45 6 46 86 79 62 51 19 95 101 81 47 11 101 96
56 6 78 95 97 29 90 84 17 29 19 51 62 52 13 40 20 45 25 7 60 24 11 94 85 4 73 81 52 1 21 39 17 29 69 -2 84 81 80 51 71 37 33 75 99 24 43 30 98 67 3 51 57 96 7 85 21 96 26 22 100 88 32 49 89 92 64 74 40 10 90 1 93 27 61 12 65 69 10 28 64 54 18 8 83 71 72 62 86 16 93 48 58 -2 71 69 65 52 14 37
5 74 82 83 71 12 73 83 36 89 62 78 32 71 43 66 97 84 92 88 37 69 31 13 24 90 34 62 92 49 65 70 98 56 60 6 28 87 62 47 99 56 83 9 54 75 50 43 80 31 87 2 9 46 30 5 3 11 44 19 56 97 80 12 14 11 58 46 12 18 77 77 57 25 84 96 25 50 60 20 43 33 102 33 19 18 60 43 22 13 48 28 90 26 96 12 35 12 34 34
16 0 78 30 43 21 3 2 2 31 90 69 47 83 16 -2 94 13 40 56 56 61 38 34 14 21 91 64 67 25 101 92 17 83 17 72 67 -2 51 92 59 85 56 35 61 56 91 72 29 55 32 20 92 2 101 58 94 17 87 0 6 29 82 1 44 89 42 94 83 75 56 10 48 74 68 3 29 9 28 25 60 85 53 89 2 10 85 95 23 73 73 74 23 28 82 58 66 76 26 80
87 42 59 49 6 97 80 36 78 37 62 43 71 52 23 79 58 10 95 88 34 24 55 8 80 17 94 7 15 29 30 100 31 49 11 83 72 99 43 91 37 22 75 22 21 89 33 49 58 75 18 81 36 7 27 25 65 51 23 45 18 47 71 95 76 71 21 88 39 68 97 14 96 50 37 38 102 58 35 46 89 8 68 43 75 68 78 54 60 66 44 6 75 2 42 43 54 49 102 30
25 -3 81 8 76 9 68 94 16 73 63 34 2 85 55 75 16 39 8 8 26 94 75 21 40 75 31 93 66 75 59 9 74 26 72 67 34 49 37 37 78 91 79 82 31 81 86 77 56 84 83 38 22 33 82 44 47 64 84 73 4 25 4 33 70 48 42 -1 84 28 63 50 47 86 33 40 10 66 79 2 60 33 6 58 32 9 4 59 42 60 82 72 90 64 78 88 95 -2 51 0
53 21 69 17 76 86 60 80 43 76 17 76 17 70 18 46 41 95 8 60 58 6 47 99 52 31 19 61 94 34 52 48 51 20 33 70 95 2 101 23 75 64 12 99 29 21 21 24 14 24 62 5 97 35 70 18 9 6 40 66 77 43 33 7 77 99 91 12 14 19 40 36 10 24 7 24 19 3 28 16 14 68 43 56 58 71 73 59 102 41 42 28 41 97 77 83 45 68 43 14
52 72 80 8 34 92 93 12 70 55 39 72 39 94 62 82 69 24 85 8 32 79 44 48 18 4 48 77 29 60 98 62 91 88 28 89 83 21 59 46 81 35 39 77 90 93 18 38 61 38 50 58 32 35 46 40 46 10 8 93 48 69 37 40 55 9 20 21 10 24 60 41 54 96 20 22 50 86 70 24 51 28 52 49 59 57 10 42 69 96 44 30 58 65 2 3 12 71 57 16
6 93 16 7 6 37 35 55 7 94 46 11 67 82 80 70 19 57 66 96 59 32 40 41 83 84 13 11 8 9 80 62 23 7 27 7 98 30 66 16 81 3 67 51 83 46 97 48 101 28 50 23 60 24 55 82 63 100 4 57 12 55 57 23 37 100 29 80 3 24 30 36 102 90 100 56 88 85 57 8 60 29 61 53 68 27 43 25 34 63 94 60 7 9 5 11 27 23 57 52
88 25 98 22 86 33 35 65 80 21 27 12 2 49 46 44 23 36 82 53 23 26 71 35 83 90 32 42 82 37 44 86 25 40 52 6 57 86 92 63 79 31 49 61 9 40 7 66 36 50 45 22 82 29 15 36 77 51 8 45 36 57 46 68 23 13 48 73 78 37 40 95 70 37 15 86 81 30 36 64 32 10 76 1 30 68 27 71 13 77 51 70 24 75 80 93 91 7 23 54
20 28 56 36 70 54 76 96 5 2 71 92 27 5 12 86 34 32 102 98 97 46 52 46 60 53 3 98 27 15 20 33 46 69 98 58 14 31 71 24 51 59 83 26 21 73 11 92 9 29 15 91 3 84 12 38 47 1 101 3 16 64 31 55 28 16 14 58 82 57 84 29 91 63 84 57 28 58 20 21 43 70 38 89 21 84 15 68 15 28 17 3 82 94 79 5 85 34 63 73
31 49 22 90 45 48 57 54 14 56 59 3 49 47 81 16 96 2 21 14 65 67 95 52 33 14 10 69 43 0 68 35 69 3 25 60 51 0 23 96 82 26 36 15 42 70 55 72 17 28 81 79 68 70 49 4 60 24 24 51 29 52 99 73 39 32 93 -2 55 24 15 91 58 79 79 62 37 82 61 2 14 30 83 39 55 81 61 46 35 17 21 84 79 20 70 90 39 61 41 74
37 69 94 53 21 35 102 47 77 50 8 35 91 68 16 59 62 81 102 84 53 49 75 97 79 21 68 18 69 37 84 76 49 49 77 72 45 71 87 11 80 34 47 7 77 96 67 97 79 19 78 32 90 100 30 79 26 50 3 52 84 46 34 29 92 25 101 51 81 31 102 52 21 30 44 56 9 32 37 71 36 3 99 55 89 98 34 1 21 29 91 59 100 92 41 79 3 76 102 26
43 22 31 15 29 94 65 92 32 8 85 17 10 84 81 0 71 20 78 28 78 46 53 58 101 64 42 55 81 9 27 30 42 72 46 59 15 26 93 42 33 82 99 0 59 -1 63 95 70 74 80 92 67 48 43 78 88 63 45 2 29 14 69 96 25 72 82 95 20 38 66 63 89 42 82 14 73 92 52 20 93 44 73 43 70 32 100 86 36 8 31 89 24 -3 20 46 53 79 54 94
94 96 44 35 51 62 76 52 63 12 99 55 4 12 41 75 79 84 25 91 95 17 88 90 10 91 59 49 97 31 98 1 91 38 93 35 41 62 101 53 61 89 87 11 33 70 57 35 97 21 83 28 98 68 61 48 18 40 59 61 58 69 24 63 5 67 11 77 91 20 26 28 60 81 63 25 18 89 67 97 89 93 35 15 9 32 41 7 13 66 22 39 21 29 10 16 13 25 58 43
90 73 62 55 63 5 73 44 57 82 85 22 39 66 84 90 88 87 64 30 62 8 37 35 22 7 10 55 50 13 25 50 66 90 81 56 76 28 46 69 100 18 17 82 39 75 58 8 81 92 45 72 31 24 66 50 51 95 97 73 19 51 27 59 88 8 53 34 2 43 77 82 55 34 11 64 3 50 8 31 37 51 30 50 98 85 46 74 68 95 13 76 5 15 10 73 95 50 22 95
85 12 57 36 26 99 33 42 6 21 39 70 51 37 83 63 6 23 32 95 58 5 70 68 37 55 98 98 53 44 94 65 55 96 14 44 67 74 60 35 42 100 58 32 27 6 81 12 26 81 44 91 97 87 47 21 51 89 54 92 28 52 55 22 23 49 88 20 76 37 14 38 22 36 57 14 72 80 56 83 56 15 65 89 54 6 39 20 5 73 72 85 98 64 19 92 80 4 27 17
101 90 2 23 78 47 11 -2 14 10 43 10 36 90 38 10 15 46 15 77 96 42 91 77 76 74 89 27 30 96 4 1 77 31 101 20 10 23 8 -1 42 0 66 4 2 33 5 80 26 -1 3 19 13 29 37 0 67 22 57 45 51 23 70 69 81 5 43 68 43 7 2 -3 71 22 37 66 43 74 64 9 70 27 2 56 15 55 83 64 45 11 18 55 71 3 17 47 23 23 53 31
17 40 87 39 35 88 94 63 5 47 56 60 63 98 21 18 27 91 46 72 58 2 13 49 82 84 83 62 56 90 91 32 99 4 100 27 102 20 48 98 5 85 65 82 74 2 39 71 69 7 94 17 56 87 97 76 66 53 63 97 6 36 24 86 26 16 53 69 19 72 73 35 80 77 64 27 79 43 91 11 8 85 91 53 47 34 34 91 54 6 66 15 38 22 36 5 64 25 81 24
75 54 2 24 54 13 62 43 28 6 84 33 33 21 63 37 75 13 15 81 13 4 78 64 39 19 39 78 98 37 21 81 95 0 68 69 35 85 99 28 48 91 30 65 54 84 85 53 25 84 99 58 46 89 64 47 29 56 34 23 47 89 14 82 54 35 52 0 31 80 44 71 60 30 8 90 31 59 96 -2 48 73 84 29 27 86 84 72 93 44 78 14 98 1 33 26 20 92 62 88
99 29 37 59 31 69 53 25 22 62 41 48 21 7 95 41 62 67 45 75 48 78 85 78 74 5 35 54 22 52 49 88 8 55 38 69 43 39 63 98 59 36 33 11 20 44 8 7 62 10 62 22 19 15 50 82 18 51 38 1 36 78 23 76 41 77 22 31 96 91 45 83 51 14 45 41 29 64 89 2 58 20 68 85 58 26 101 82 10 87 24 30 8 29 21 63 11 10 83 75
26 20 64 23 9 72 25 37 65 46 62 38 30 30 24 -3 74 27 69 57 6 23 67 44 94 44 83 78 6 -2 64 15 57 45 45 14 98 38 37 6 37 10 10 12 69 72 74 71 96 76 93 7 97 47 85 65 23 96 56 30 60 91 21 82 69 77 71 76 10 86 23 13 21 34 79 20 50 25 7 2 57 51 39 35 101 40 17 82 92 25 27 37 45 11 5 34 99 46 27 78
67 97 95 89 63 50 33 56 46 35 60 36 4 96 53 90 76 44 28 89 81 42 78 34 92 76 69 43 63 44 61 86 43 8 47 31 10 13 15 88 57 19 35 28 31 53 28 5 55 25 27 88 94 16 62 63 35 22 101 57 102 71 69 6 25 29 99 74 66 52 44 1 70 33 49 61 47 64 16 96 14 3 35 74 28 35 18 28 82 86 89 40 58 46 9 3 76 40 62 38
68 90 33 25 37 33 3 57 50 49 41 49 58 56 49 91 60 35 92 37 10 73 96 91 69 7 34 -3 43 38 23 25 91 40 31 29 89 87 80 43 51 56 56 63 36 4 53 67 71 12 2 6 83 84 77 23 96 64 64 20 87 20 66 56 78 70 89 93 61 77 62 4 95 89 10 84 77 55 39 13 79 1 9 46 96 32 8 27 64 43 57 61 23 47 8 85 91 42 55 45
51 69 82 100 32 2 56 100 55 36 64 3 12 30 28 14 48 20 43 9 40 94 35 77 4 85 64 92 93 62 96 7 3 64 88 76 95 81 64 26 74 2 25 35 92 60 58 56 31 8 101 3 28 85 11 85 17 28 38 58 51 26 31 56 15 21 47 34 14 97 82 56 89 13 62 61 62 85 36 12 56 50 74 57 94 65 58 30 16 86 39 3 64 46 10 39 72 67 61 89
52 36 3 96 36 94 86 1 18 31 19 9 93 6 61 5 11 9 89 32 62 59 18 15 19 49 101 78 98 43 13 75 65 -3 69 61 2 63 33 13 82 -1 93 13 44 28 27 -2 38 27 78 92 12 75 38 35 70 39 9 35 44 92 45 80 84 66 90 55 9 30 38 58 91 3 94 67 35 17 85 15 7 52 87 87 9 7 59 29 39 48 20 65 92 40 45 77 26 64 97 19
30 81 40 21 11 74 73 91 38 57 5 47 57 3 35 31 13 61 54 27 50 49 69 27 88 31 73 16 36 94 17 78 22 29 5 23 82 45 71 76 9 31 47 66 72 26 79 19 49 48 49 45 74 56 31 89 97 62 7 6 35 4 66 5 98 48 86 5 82 10 28 42 69 5 24 62 62 10 30 42 86 25 89 78 21 96 41 96 89 79 12 63 17 13 85 52 9 87 95 89
23 62 9 73 89 94 79 57 55 76 88 85 36 18 29 77 31 55 36 29 42 53 39 41 52 17 75 55 61 19 5 86 63 94 69 27 16 96 3 91 25 43 8 85 83 10 47 85 15 -1 28 14 81 27 47 24 26 59 86 5 50 45 85 43 48 85 21 18 11 -1 58 83 33 63 79 73 27 7 83 56 98 66 89 23 25 38 45 9 98 85 5 8 28 70 39 79 79 47 50 70
26 64 43 67 7 33 42 85 70 76 7 47 7 31 74 43 78 12 67 41 87 62 84 4 92 51 98 78 8 85 43 70 91 94 73 6 32 86 24 61 3 69 5 90 66 63 61 26 31 43 63 55 77 89 90 77 90 38 9 85 44 64 38 44 41 66 93 82 79 60 101 4 46 13 98 33 35 34 23 10 95 36 28 63 61 68 80 30 71 71 74 54 5 36 15 87 55 51 7 64
52 34 84 30 90 82 78 70 55 31 19 19 61 43 42 45 96 64 98 46 41 69 96 89 79 61 92 75 29 77 38 23 58 45 35 76 79 34 79 21 35 10 14 35 80 51 43 85 90 25 4 10 54 80 58 42 19 78 63 48 71 27 15 85 6 73 94 95 4 31 60 10 51 52 17 42 68 59 25 5 10 86 14 13 21 8 25 -2 56 66 48 72 16 32 76 70 32 -1 51 9
35 25 24 98 73 72 55 45 44 19 58 53 21 39 87 26 57 18 72 23 42 75 77 62 76 22 8 99 42 66 29 77 65 31 55 11 25 23 59 69 79 68 29 87 39 90 11 57 33 15 36 7 14 35 91 3 6 70 96 87 89 57 93 69 96 66 87 31 60 64 91 34 85 23 22 26 26 88 37 79 75 4 94 60 92 38 79 31 100 100 19 3 67 27 90 8 29 79 90 73
64 9 81 4 18 60 10 74 92 24 26 38 70 19 63 7 89 3 30 95 11 79 49 16 39 30 12 84 99 15 88 5 91 46 97 5 16 59 77 22 39 12 23 28 11 26 34 33 56 5 15 92 97 74 91 -1 81 95 81 50 20 27 99 8 5 31 37 24 47 26 61 18 11 35 53 42 53 4 17 19 48 80 88 71 86 87 38 20 55 96 60 79 62 63 96 20 72 49 48 69
101 88 30 16 87 70 51 96 7 94 23 42 14 3 26 19 77 63 56 100 8 84 90 4 54 36 101 51 55 86 69 45 86 73 73 5 85 91 5 41 50 33 61 63 12 58 70 20 51 78 89 51 91 11 52 42 7 65 96 81 45 7 97 31 71 55 28 8 4 50 37 34 66 58 73 78 56 59 23 91 26 4 101 94 13 8 56 76 68 96 69 29 18 100 85 29 37 87 21 67
79 29 96 1 6 93 82 62 80 72 40 -2 17 46 25 48 8 67 50 32 91 94 73 -2 13 6 54 90 61 76 42 65 71 65 90 59 83 96 71 60 28 90 72 31 39 48 59 87 39 65 60 13 47 13 19 94 34 2 42 4 23 96 41 -3 72 49 27 20 77 91 83 79 71 89 10 69 21 82 58 81 14 82 48 15 38 29 91 18 79 78 67 77 38 88 46 16 44 -3 95 59
79 67 52 35 49 60 73 8 52 4 84 1 37 89 100 13 58 62 86 32 98 77 23 70 12 29 12 58 77 27 57 95 50 66 50 89 38 20 7 72 50 95 53 15 81 12 39 32 61 69 73 3 65 15 96 26 23 86 88 43 76 39 79 75 16 31 71 52 40 93 26 4 59 67 25 46 85 73 62 86 69 8 92 27 89 84 11 67 36 36 22 50 69 73 79 29 75 49 30 78
100 76 54 22 66 61 10 17 76 8 98 1 91 90 66 23 39 20 93 71 23 72 71 76 46 38 97 0 38 32 90 93 52 63 22 55 50 -3 6 56 21 53 3 -3 82 89 39 1 101 47 70 13 32 72 59 49 17 4 3 48 93 33 17 69 78 58 55 50 45 15 49 89 95 6 64 57 11 34 40 2 53 -1 81 89 60 45 38 36 95 89 13 23 93 55 54 80 2 44 18 50
39 79 8 94 78 63 37 64 67 73 79 17 72 8 27 9 67 55 88 9 12 96 39 15 67 26 26 27 12 73 64 74 92 69 81 43 82 39 12 20 80 21 51 82 61 80 32 69 100 17 39 100 45 52 69 89 61 57 65 55 91 48 13 15 83 38 40 17 97 52 97 33 76 75 89 47 5 40 41 4 59 79 18 30 89 3 61 87 102 72 67 26 95 91 64 98 77 63 85 99
61 -3 31 95 53 11 19 26 49 60 39 9 73 67 15 6 28 2 68 10 82 18 62 86 33 72 22 17 20 25 24 17 66 74 23 11 83 46 56 10 3 43 90 35 13 9 90 -2 61 48 94 64 80 39 27 87 98 16 53 40 61 42 91 14 69 10 10 17 29 84 17 59 70 0 6 60 15 29 81 88 23 20 58 96 89 31 4 0 93 87 66 -2 93 73 70 20 50 34 44 65
10 24 57 73 100 90 45 32 47 25 58 88 52 71 99 85 90 70 55 84 7 40 17 33 26 8 60 80 78 69 8 10 61 62 39 33 67 40 18 94 83 11 93 48 72 11 99 29 31 18 40 53 3 58 39 46 78 27 54 73 11 28 46 13 49 53 24 24 77 48 46 82 17 48 55 29 9 54 33 97 47 4 23 7 37 61 102 95 98 39 53 97 21 81 33 2 89 66 83 36
95 51 16 1 89 44 32 57 15 56 45 62 97 84 92 36 95 93 89 96 9 -3 93 41 39 94 54 22 98 74 36 7 100 69 85 68 48 24 79 44 44 3 43 -1 28 64 20 4 69 75 4 67 81 78 14 11 28 41 24 40 72 86 25 9 63 26 86 35 30 78 87 92 21 -1 29 61 59 6 35 6 35 38 101 71 18 47 33 50 83 95 16 43 85 69 92 20 49 34 82 74
El programa tardó 31.20708465576172 milisegundos en ejecutarse.
