61 77 46 82 34 49 5 57 82 61 43 6 32 75 96 64 45 89 4 16 52 59 98 31 84 36 63 61 22 60 91 31 98 89 95 4 67 77 75 26 89 32 25 46 34 68 78 31 91 71 11 58 81 60 3 55 28 87 35 88 81 55 34 91 6 99 18 78 72 41 65 94 30 77 50 84 35 42 17 83 99 48 4 97 84 75 61 30 20 74 67 8 13 100 62 42 44 4 16 57
10 69 10 45 19 9 16 67 71 42 6 35 7 96 29 61 24 64 9 16 8 92 31 78 84 85 83 80 3 5 15 68 99 61 80 14 91 -3 12 57 24 1 49 77 87 72 36 32 75 30 76 31 20 31 70 58 21 43 74 6 22 4 31 7 23 70 87 32 23 80 75 41 41 85 73 66 79 88 45 12 49 24 91 0 94 6 67 46 35 7 98 32 26 87 39 28 90 61 16 24
83 50 84 25 95 4 67 91 39 48 42 73 61 13 39 78 45 54 46 67 97 34 61 60 98 79 86 96 92 66 93 25 100 26 62 98 49 10 48 25 21 75 90 78 6 31 25 52 44 13 93 65 18 18 88 42 66 82 17 29 102 58 54 2 68 87 26 75 67 62 53 37 82 5 81 80 68 4 75 20 34 77 15 49 68 64 30 9 23 79 35 2 98 85 69 37 62 99 37 19
33 74 49 -3 10 64 99 -2 50 52 57 38 62 24 2 30 12 52 86 86 66 25 79 42 101 83 65 -3 90 75 92 12 10 28 82 34 80 5 16 60 38 58 25 50 42 14 39 17 75 58 58 64 64 -2 31 76 52 65 91 67 67 84 39 54 5 67 31 87 28 33 5 23 73 18 93 81 34 66 17 -2 25 62 27 61 48 33 44 74 98 72 98 65 4 41 6 63 79 51 4 8
60 95 88 70 66 60 26 10 62 6 93 85 95 24 58 48 31 28 100 46 20 13 50 18 44 63 70 30 68 29 53 86 76 52 102 82 25 44 67 28 43 97 57 52 13 41 24 55 42 26 89 37 69 78 53 39 96 15 36 66 35 10 11 75 31 26 91 87 16 40 79 56 51 42 38 34 71 77 61 60 102 79 15 82 45 21 21 56 20 23 59 18 48 8 61 82 8 31 28 89
42 78 20 56 2 62 22 11 10 74 43 44 8 78 28 49 83 31 53 33 14 72 71 63 75 64 22 45 23 40 54 42 55 66 37 -2 64 46 7 55 38 23 91 19 56 65 79 38 81 56 48 51 48 56 52 71 20 30 67 73 59 -1 49 63 83 93 86 10 90 78 72 61 63 25 91 36 75 7 99 74 38 21 34 75 101 27 8 45 63 42 63 61 12 21 21 25 87 91 80 -2
82 33 81 45 59 13 53 60 101 59 6 54 26 9 27 83 41 1 90 31 44 54 31 81 78 54 30 33 49 6 60 68 70 57 102 27 53 60 83 35 61 92 32 91 83 22 15 83 18 50 24 16 57 60 41 59 47 30 24 67 70 88 91 61 31 22 62 82 40 61 94 9 95 8 87 21 36 19 69 5 91 70 78 91 82 89 26 14 43 84 13 9 12 30 82 51 18 58 18 80
21 93 24 48 97 25 29 93 42 36 75 61 72 20 48 -3 32 73 21 83 71 56 61 42 47 4 34 28 21 31 57 61 68 35 98 15 82 27 81 24 64 58 93 85 3 34 70 36 32 87 29 8 101 54 101 18 48 47 12 40 56 59 23 55 8 80 94 21 72 3 49 32 56 89 40 41 49 11 55 64 17 65 11 12 67 4 82 5 84 44 39 21 70 18 59 89 39 2 55 54
20 45 89 42 91 82 100 8 25 74 51 49 59 90 98 29 97 61 33 6 65 64 16 85 81 12 90 58 71 35 15 6 44 41 79 78 97 49 53 49 38 13 30 18 17 64 33 35 69 14 59 60 86 92 71 7 33 27 15 81 82 66 43 14 101 28 28 18 39 53 43 44 68 1 102 73 15 52 39 39 89 50 58 10 23 28 30 71 86 62 37 32 15 85 34 69 74 34 11 36
101 72 52 11 57 84 49 85 40 1 2 53 96 10 64 62 28 63 11 0 23 30 9 49 85 21 99 95 87 65 14 94 16 26 16 86 40 44 91 54 73 28 96 38 89 2 18 93 70 21 50 55 90 35 10 1 23 42 4 9 55 22 27 57 101 -3 54 88 88 37 66 55 33 90 12 16 84 95 55 57 88 89 41 5 52 20 45 49 33 36 10 48 39 18 39 13 35 -2 28 49
80 3 47 44 58 22 29 64 90 90 29 47 73 6 10 75 77 92 64 67 86 59 61 68 45 49 75 48 49 64 29 48 101 60 78 54 102 55 3 89 11 63 49 50 73 43 11 78 50 27 19 46 27 73 78 39 37 60 48 8 45 44 81 59 69 66 35 64 65 12 81 64 83 93 51 64 32 50 48 11 6 46 31 80 21 47 95 93 82 78 43 40 43 65 78 66 79 71 12 45
40 76 42 60 20 54 92 5 40 85 21 37 92 71 95 15 12 43 4 60 13 23 16 -3 52 68 43 50 75 0 35 50 95 32 66 28 99 87 70 71 22 8 99 28 53 49 5 78 12 65 39 76 24 86 37 26 61 19 12 51 52 89 100 50 65 81 12 75 58 43 57 88 37 54 9 94 37 52 96 80 15 90 71 59 84 88 32 23 61 92 40 4 73 -3 27 45 85 25 46 93
31 100 81 34 18 80 66 76 36 49 25 88 33 69 41 62 77 9 71 65 89 28 35 48 24 91 59 57 37 62 75 7 95 60 4 31 22 88 13 28 42 65 66 86 61 12 11 12 71 100 71 24 94 72 17 19 77 14 61 92 28 80 8 26 58 23 55 27 18 27 96 62 37 4 39 96 69 37 41 11 11 66 27 49 40 89 8 8 97 26 67 88 90 32 55 61 55 40 64 41
90 71 57 83 99 56 54 96 7 13 90 27 31 25 69 33 17 51 28 9 60 20 34 29 5 79 36 26 80 6 29 70 74 60 61 82 39 71 94 83 54 51 51 40 101 42 44 40 93 92 43 23 3 8 39 36 60 -1 22 -2 44 0 18 18 9 28 35 11 61 10 2 35 72 93 90 79 88 34 16 18 77 49 11 48 94 85 79 30 17 87 101 64 46 3 76 27 25 89 41 27
49 64 16 29 100 54 38 22 53 49 100 76 17 66 76 35 33 66 15 70 20 13 67 36 84 91 79 63 45 38 78 38 73 65 8 53 63 62 79 82 59 26 18 50 21 82 66 33 71 1 32 72 10 71 33 46 77 10 90 96 18 59 93 66 26 62 72 81 14 63 91 61 24 34 78 37 96 97 38 99 60 65 25 100 92 94 74 19 27 19 61 45 81 95 38 70 90 77 11 35
97 -1 89 89 77 76 80 7 26 10 28 89 26 29 12 37 97 52 91 19 93 15 51 5 35 3 32 48 11 9 66 92 35 64 9 22 59 75 51 84 61 23 42 22 69 92 73 20 93 15 4 61 98 28 64 39 59 72 65 12 19 78 69 21 42 34 4 30 30 28 93 8 36 31 56 8 81 95 8 54 100 93 59 10 53 87 22 52 34 25 13 37 55 53 10 20 62 58 77 37
18 33 66 62 19 78 60 68 95 8 24 5 52 54 78 42 17 62 53 31 5 83 89 80 39 44 42 9 35 70 30 84 79 7 98 87 78 96 4 15 58 99 46 63 64 15 11 93 70 90 13 74 61 23 8 84 47 91 100 15 80 96 41 88 96 64 8 68 76 17 94 25 32 69 61 85 40 16 41 79 23 72 28 83 46 98 90 59 28 6 57 24 13 39 70 80 90 83 72 97
92 62 94 73 11 76 71 18 92 56 87 92 43 43 61 47 85 39 76 27 37 13 94 17 83 32 85 9 62 16 90 88 69 0 63 44 76 14 85 80 100 18 53 65 8 15 9 75 50 30 82 50 96 39 100 61 40 70 13 22 63 36 5 25 72 82 8 21 60 81 29 30 77 54 84 18 89 0 15 28 32 50 57 29 76 94 97 -3 16 11 18 22 81 72 26 -1 96 44 76 36
52 14 82 3 78 47 64 70 48 99 17 5 55 94 93 72 12 18 88 82 43 50 5 92 63 12 84 9 77 21 56 39 14 7 40 30 21 64 24 41 69 76 10 22 4 81 35 50 32 10 32 25 88 83 44 7 46 89 13 54 40 60 14 62 34 97 100 29 41 69 88 13 17 6 43 58 85 19 36 24 26 33 45 87 23 34 25 18 37 43 57 94 67 14 54 61 97 40 76 78
66 19 32 88 10 95 37 81 7 64 21 46 23 91 19 67 7 62 37 5 95 50 99 83 95 1 99 31 80 27 32 32 16 27 82 95 31 77 30 43 90 36 92 31 7 80 82 50 2 40 69 14 54 34 22 80 33 37 4 88 80 33 45 81 30 9 21 86 47 79 39 49 91 22 37 8 47 11 59 34 11 9 34 55 58 47 78 30 4 50 86 37 59 64 93 88 15 85 33 0
71 67 59 1 70 39 90 41 65 11 81 28 42 2 26 83 33 20 6 20 23 58 81 99 14 59 65 3 25 3 66 27 36 67 74 25 64 91 87 32 10 3 4 39 93 54 96 61 71 4 53 20 79 39 31 31 78 92 97 57 59 64 22 87 5 63 11 66 101 91 78 97 79 55 62 21 70 83 54 84 57 77 35 89 68 62 92 15 43 28 38 28 88 9 77 75 92 73 97 71
26 67 34 20 46 15 39 8 23 46 96 -1 2 28 16 66 27 4 68 20 6 74 32 86 7 -3 11 81 22 71 59 9 65 24 7 73 26 5 69 15 12 68 59 71 17 15 18 23 12 33 71 41 46 80 36 2 11 37 86 85 11 51 41 34 100 2 88 19 57 -2 62 14 90 44 95 51 95 96 40 3 87 69 99 7 15 38 48 45 92 11 22 20 63 67 43 34 80 81 11 75
14 69 50 86 22 16 78 95 36 32 27 21 45 14 52 68 65 35 78 36 71 59 24 14 7 56 95 47 56 15 73 90 37 22 61 48 18 32 23 78 82 75 40 57 52 68 59 60 94 97 25 98 41 51 11 15 42 33 44 66 28 55 78 27 99 93 24 64 102 75 48 74 90 27 67 14 19 17 42 41 21 8 99 70 51 28 91 82 27 62 77 3 38 53 11 13 91 35 87 23
97 74 45 17 17 75 55 52 95 95 98 11 81 -3 51 3 2 27 44 59 75 6 61 50 73 38 31 70 25 44 70 75 39 76 90 28 43 95 63 2 88 18 6 95 52 4 39 18 75 65 42 15 91 45 17 90 98 59 98 7 78 29 39 94 16 4 59 23 7 36 39 43 7 94 65 1 98 13 12 51 80 8 84 63 16 68 2 94 9 12 11 1 45 62 4 37 30 77 91 82
78 74 33 60 33 7 45 62 45 67 21 64 35 10 66 48 16 43 38 93 21 30 87 38 31 1 43 66 88 40 58 36 39 48 22 86 14 78 79 42 73 59 58 38 61 34 63 23 77 63 45 28 70 64 49 44 53 98 51 52 10 3 72 52 13 67 67 3 84 5 66 35 49 98 17 37 14 44 55 90 41 69 22 67 48 31 56 84 83 70 19 60 73 44 12 91 100 4 95 45
8 78 8 23 65 48 81 59 32 76 57 25 55 48 25 13 62 40 43 45 4 60 27 0 73 94 73 43 42 27 3 24 54 57 68 12 17 44 37 42 18 76 91 66 56 2 101 69 13 87 96 77 100 60 73 54 14 88 49 31 18 74 92 12 83 37 53 46 101 76 6 57 29 19 72 83 69 87 15 82 3 32 45 20 57 8 19 80 17 94 31 89 57 10 15 96 71 75 21 87
33 53 10 69 11 95 24 17 40 39 32 66 68 37 88 2 10 62 68 84 65 16 35 18 83 58 66 13 55 23 20 98 98 42 56 83 44 81 18 5 83 63 97 100 35 100 32 16 90 62 60 78 58 72 55 19 76 10 78 58 97 79 39 45 28 86 49 58 26 86 42 71 71 13 67 1 5 49 72 70 23 45 100 11 10 55 43 1 72 8 60 74 87 90 98 55 91 1 31 7
63 67 84 -1 28 34 42 74 59 20 81 17 30 63 5 71 57 66 6 63 71 8 49 13 56 47 55 58 21 14 39 38 8 23 55 77 69 82 43 30 92 7 35 50 69 47 81 63 99 11 40 52 85 9 94 64 27 41 41 -1 63 41 95 35 99 59 23 10 44 19 94 86 68 77 58 81 89 61 18 63 61 83 77 88 100 61 56 68 76 0 13 22 45 58 16 26 41 18 78 9
23 80 53 29 3 70 90 79 21 27 18 36 81 15 65 71 70 42 44 94 33 94 46 31 77 31 50 18 10 29 26 85 96 21 42 68 69 77 87 10 84 28 41 52 22 9 68 66 32 22 64 2 100 25 33 29 71 36 38 17 68 53 99 51 7 40 24 57 32 86 41 25 23 85 83 59 16 45 97 55 47 94 9 84 96 90 26 33 93 46 5 18 29 1 99 87 5 79 95 99
7 8 28 51 67 14 73 40 21 64 62 78 71 88 54 69 24 21 91 65 34 2 67 77 22 33 60 95 21 75 98 -3 38 78 77 27 17 47 100 38 16 15 46 32 41 49 99 7 71 89 93 9 8 49 69 45 100 18 43 7 80 39 70 35 7 22 64 36 56 37 57 62 8 91 11 53 94 95 11 33 23 95 4 52 72 44 50 88 60 77 43 83 17 33 9 57 64 0 40 93
80 24 21 56 75 25 25 69 11 43 16 88 11 20 38 89 79 49 23 66 100 98 35 74 46 8 66 7 89 55 72 48 62 98 48 61 23 75 10 35 74 28 93 42 80 74 4 16 44 95 93 12 87 30 37 72 22 32 63 55 67 68 10 91 37 22 99 39 83 80 26 37 71 79 16 72 84 98 100 93 48 20 92 66 65 52 100 24 64 79 36 94 101 83 96 30 13 40 93 90
19 93 68 83 101 83 5 27 7 62 11 87 57 89 38 -3 77 19 21 36 66 10 7 17 42 11 73 43 2 36 72 0 69 81 100 50 25 15 6 62 9 14 52 76 75 81 30 91 21 75 91 34 68 11 74 58 48 95 38 2 86 16 12 37 5 5 100 18 25 47 96 41 89 25 20 41 7 50 48 12 18 45 47 9 19 14 24 17 61 63 11 69 100 -3 39 32 23 69 41 65
98 23 14 24 86 88 81 23 68 61 101 47 18 97 74 32 93 88 89 51 20 44 31 70 41 45 80 25 59 71 95 79 72 23 16 27 95 13 76 65 94 8 79 17 24 92 10 49 9 16 97 49 90 75 74 50 100 12 39 99 23 69 56 68 50 98 59 55 14 85 57 23 102 5 47 74 45 99 95 57 94 35 81 80 18 69 8 93 33 32 94 84 64 8 96 42 75 82 4 25
12 8 45 62 52 52 54 66 68 90 28 42 54 66 86 20 20 73 55 33 33 9 24 35 60 32 41 75 19 53 44 19 28 7 17 7 55 71 73 78 67 6 64 3 85 3 23 45 83 82 93 19 54 55 59 88 33 58 79 30 5 33 67 92 81 18 7 89 85 22 57 44 19 96 24 41 94 84 22 -1 100 43 76 70 34 28 49 82 80 31 74 68 43 67 27 49 26 38 46 43
37 82 29 37 59 36 38 23 62 30 41 44 28 21 77 93 61 19 68 61 43 48 35 24 101 81 58 7 16 90 20 24 89 21 94 37 55 17 4 33 14 73 69 80 63 52 62 88 59 40 36 57 95 71 77 66 90 19 97 30 97 86 50 27 11 37 77 71 15 20 86 89 29 50 83 42 57 67 86 21 94 72 71 41 54 4 39 29 88 46 48 40 31 69 5 74 78 79 80 39
101 58 25 43 68 77 5 82 44 -3 14 84 15 -3 60 56 21 50 100 25 78 42 54 4 40 27 31 81 24 9 75 76 95 90 81 40 29 89 6 4 2 37 69 9 12 95 62 18 43 41 37 16 15 48 10 91 76 69 20 93 16 14 14 66 58 15 91 72 22 64 11 94 28 -1 99 74 98 23 28 92 4 40 2 78 17 8 89 5 10 -3 78 93 43 88 62 26 45 29 70 76
77 12 53 5 52 30 77 68 23 57 55 42 35 18 22 21 83 63 100 93 60 27 48 90 49 97 63 71 25 92 16 64 68 50 35 39 61 16 19 52 7 30 55 63 51 11 27 3 28 48 63 28 30 11 32 82 72 20 24 59 27 5 54 45 75 46 25 92 68 51 32 80 102 28 58 86 20 52 5 13 62 40 23 76 80 20 60 96 23 63 29 5 28 54 5 17 56 49 77 82
83 96 87 1 77 73 36 57 47 79 78 27 70 3 75 30 23 10 66 4 81 55 75 78 42 25 66 44 52 63 66 26 27 94 13 35 29 71 54 88 91 10 4 37 34 87 23 14 47 56 5 4 18 4 37 60 54 1 37 94 23 50 67 47 60 71 18 23 16 37 40 86 100 -1 4 60 74 14 57 71 51 58 75 87 44 39 46 89 66 21 51 57 91 34 38 79 42 -2 34 37
17 95 85 50 75 60 16 12 14 30 61 17 22 29 86 68 81 19 12 68 76 24 44 38 28 65 46 28 11 68 93 13 20 55 71 57 58 79 71 70 70 41 40 80 26 53 39 3 59 28 50 66 75 67 41 25 51 66 101 26 91 77 17 82 31 71 16 11 47 91 95 1 73 23 81 9 32 30 33 77 43 36 51 73 77 19 79 36 63 55 35 52 28 71 44 66 8 66 54 81
34 37 38 78 6 11 30 61 49 82 5 69 75 44 62 57 67 33 35 43 96 46 85 35 43 74 71 63 23 21 27 81 70 -3 29 50 75 45 100 60 7 42 85 88 53 95 5 67 82 80 3 58 98 13 21 21 16 86 30 90 48 82 15 86 48 86 47 4 93 13 99 27 39 10 76 83 26 61 5 25 3 74 77 6 31 37 79 17 93 50 77 8 63 70 84 41 21 31 28 85
4 46 86 91 9 90 70 31 14 5 62 91 90 51 67 60 4 20 36 14 18 2 20 20 91 48 58 30 42 51 90 29 18 12 52 72 54 100 75 98 57 24 24 8 24 48 37 70 23 89 100 84 86 97 60 48 60 79 20 34 19 42 87 3 84 68 26 44 52 61 78 79 92 61 13 10 92 41 74 51 74 62 28 54 33 6 64 83 89 55 37 63 13 32 87 7 78 6 7 75
21 61 27 18 46 2 55 29 81 67 78 60 26 -2 70 57 38 95 63 16 93 -3 7 59 44 19 72 66 17 33 14 16 36 88 42 84 62 32 43 44 9 15 73 34 60 17 42 49 57 71 73 34 28 34 40 72 40 67 70 78 8 96 76 21 73 40 45 41 44 77 22 32 70 89 51 8 21 90 7 6 79 2 38 92 41 49 47 13 84 87 3 45 7 92 27 62 78 5 20 74
31 13 4 73 17 49 33 6 100 10 6 92 9 13 5 63 63 5 72 79 19 89 65 80 14 44 46 6 65 41 99 27 94 60 100 49 53 32 61 16 34 40 89 11 71 65 14 65 11 52 37 58 46 18 24 86 87 64 101 81 32 79 65 47 59 46 87 8 68 43 14 30 40 31 95 29 48 3 28 61 32 99 19 10 77 50 53 16 88 87 44 7 8 77 94 1 58 52 94 11
83 28 45 67 64 26 35 73 33 82 73 40 58 72 50 23 88 88 80 10 45 82 6 14 21 64 6 64 96 5 10 26 30 12 52 66 67 21 19 2 16 61 13 59 95 40 39 36 14 2 66 91 48 30 32 19 96 45 56 78 54 7 25 60 48 16 60 55 21 17 92 49 84 82 41 74 28 9 21 44 56 67 6 54 61 84 34 86 69 86 33 90 8 48 91 72 10 38 40 81
42 29 4 44 60 6 6 31 62 4 35 72 26 55 60 14 67 97 74 59 37 77 5 63 79 94 7 62 80 51 51 59 43 92 3 16 54 49 54 47 75 17 18 31 3 30 96 41 28 31 68 70 24 63 66 63 102 53 30 41 79 1 98 25 14 26 55 57 53 74 102 59 12 35 32 48 28 92 83 70 88 46 18 31 76 63 30 25 31 13 15 72 95 71 31 49 28 94 87 86
21 73 35 58 88 52 16 71 15 19 79 80 78 57 63 92 84 56 33 94 54 65 76 86 101 34 53 39 62 95 50 40 35 8 28 78 30 33 57 46 89 60 68 53 66 65 70 71 26 37 73 31 48 82 73 73 15 58 64 1 63 2 22 18 41 38 87 75 30 71 89 67 51 23 7 3 17 62 28 67 36 58 61 7 45 89 22 47 67 8 24 88 17 81 14 96 34 5 24 68
35 6 20 4 62 20 6 76 91 16 84 41 100 30 9 53 34 94 34 81 5 99 42 9 57 85 22 29 70 38 55 91 55 37 76 6 61 3 27 38 51 26 97 74 73 15 37 9 80 7 71 27 18 52 93 32 90 27 90 17 93 55 16 47 101 91 83 82 101 67 17 31 13 60 21 6 28 88 11 32 77 30 45 9 89 3 56 50 56 24 7 59 95 40 12 38 41 87 61 64
14 39 54 7 7 64 9 48 23 75 95 89 16 25 15 89 70 4 81 29 100 24 23 79 99 91 90 66 90 39 48 4 99 20 34 33 74 42 45 65 97 60 42 18 88 50 38 8 86 88 81 23 83 96 92 14 63 45 34 4 17 94 55 27 34 23 63 69 75 14 95 30 87 76 97 60 101 72 20 -2 53 3 39 69 6 0 41 89 16 74 84 50 83 66 32 53 16 67 89 19
38 44 94 59 75 54 33 74 30 49 7 70 39 36 56 52 65 30 62 62 12 52 85 41 96 26 75 99 24 76 55 83 23 54 45 24 56 69 6 24 90 7 97 86 29 2 11 50 31 36 28 46 9 14 53 66 102 91 43 60 3 4 74 30 13 5 54 36 34 50 46 44 35 68 77 95 36 12 54 54 53 22 42 8 87 72 82 31 93 66 14 66 86 3 36 19 31 62 86 13
42 67 60 78 77 79 82 59 19 23 19 71 88 20 99 45 68 24 52 23 40 83 56 6 26 88 31 18 81 7 42 91 86 92 69 90 40 88 90 31 43 48 66 79 56 29 86 27 82 17 86 24 60 95 28 37 63 61 3 75 18 81 69 74 12 33 63 50 28 15 20 31 44 49 44 80 17 38 91 18 45 3 16 16 94 53 101 56 8 19 29 79 33 25 87 66 7 37 88 90
21 82 83 75 39 1 82 9 75 16 53 71 66 53 78 46 19 52 11 49 61 23 19 84 75 78 45 82 11 1 54 67 102 34 33 98 41 36 100 36 7 87 28 1 79 62 35 87 86 67 31 29 45 63 41 22 88 67 102 33 67 91 63 30 4 29 62 42 25 66 57 30 17 76 79 35 101 20 26 59 77 48 70 30 73 85 82 83 83 62 34 85 87 29 81 63 82 8 5 35
91 71 9 13 17 31 101 35 15 67 31 34 92 4 101 0 35 2 16 74 23 17 62 -1 51 58 6 -2 10 9 81 3 73 69 3 69 32 19 60 94 78 15 76 7 62 52 7 42 13 65 15 48 49 70 12 36 25 73 90 0 5 27 57 26 58 56 89 41 23 91 58 6 49 39 44 46 79 40 56 43 15 24 70 14 8 30 90 41 2 31 64 27 75 48 26 84 42 15 61 92
47 26 32 10 50 53 29 15 58 50 99 79 44 50 44 5 34 26 91 100 77 37 100 69 90 62 31 64 5 31 23 71 29 58 66 15 44 61 101 73 22 71 97 92 80 42 52 47 27 47 26 75 35 6 94 60 79 55 87 57 10 21 78 93 76 65 41 97 48 78 8 56 15 59 68 43 100 13 64 86 76 51 85 18 79 99 74 65 59 75 58 21 29 25 41 82 99 55 97 80
58 37 95 26 34 60 63 47 12 43 27 2 2 48 9 56 68 39 36 51 74 73 32 31 97 74 83 94 68 80 30 59 15 55 49 94 94 15 66 72 20 7 27 80 22 58 2 50 91 92 3 18 75 14 44 86 86 31 95 3 92 2 8 60 80 82 71 20 5 30 15 15 14 80 58 73 38 41 57 24 58 31 5 10 15 67 100 0 5 9 75 78 22 39 15 91 41 18 72 78
90 29 55 53 79 13 25 25 58 2 16 76 22 64 89 3 69 63 49 68 25 58 47 16 84 77 18 58 52 34 97 36 15 81 8 74 34 91 76 86 34 78 44 63 21 50 54 66 84 42 64 4 33 36 93 67 23 75 60 66 80 7 64 33 54 3 77 82 3 60 52 86 30 96 41 62 52 88 10 4 56 61 58 64 6 52 30 27 95 30 79 92 96 16 42 34 70 44 67 82
91 45 62 2 15 10 71 9 60 79 59 70 19 94 15 36 11 87 91 13 61 32 53 33 79 20 46 57 28 16 36 9 11 14 94 83 79 5 16 2 65 59 8 53 78 88 62 0 35 82 43 1 22 74 65 30 48 2 58 69 30 56 71 96 9 40 30 57 70 78 58 88 100 9 100 36 47 4 43 76 31 8 26 47 70 53 95 57 17 96 69 61 74 81 82 30 38 23 9 0
69 95 84 18 83 39 70 33 29 23 43 29 96 98 21 71 67 35 44 97 83 76 58 96 40 10 32 77 42 15 98 26 69 24 13 84 11 52 34 5 6 47 13 66 69 74 32 39 49 2 69 86 24 39 79 36 97 71 80 83 64 61 97 66 7 49 59 29 81 80 94 47 72 56 41 2 65 40 11 99 57 74 56 39 40 49 89 42 47 77 64 61 97 6 67 34 93 55 6 43
34 0 72 54 73 55 36 4 16 46 90 7 89 11 14 53 5 67 92 55 74 79 91 39 35 74 79 56 82 63 16 92 24 13 74 56 82 81 39 6 54 35 54 18 81 74 91 67 55 46 14 42 39 94 70 94 72 20 100 75 66 5 59 -2 15 9 66 29 99 -3 61 93 8 55 22 52 9 74 18 17 84 2 89 16 86 1 54 46 4 65 84 30 87 85 67 96 97 92 86 76
68 46 43 68 33 48 68 35 19 90 75 52 89 61 94 41 75 17 20 39 80 89 8 14 83 1 18 68 32 18 78 14 31 2 43 97 53 22 57 25 77 63 84 31 16 87 79 4 44 53 61 94 51 19 18 1 48 62 35 53 25 38 50 69 96 74 51 21 50 95 13 100 58 71 31 99 51 76 55 67 97 38 21 40 71 84 13 61 32 70 26 33 16 8 59 40 39 14 22 59
53 12 7 34 38 78 7 39 21 40 77 96 12 27 32 19 6 49 42 37 49 82 31 -3 4 82 18 40 24 48 40 44 73 37 78 39 34 48 77 86 31 45 77 61 76 73 2 62 71 13 37 5 28 38 9 69 88 66 33 3 51 61 5 11 45 20 62 80 48 41 67 25 16 42 97 3 47 79 101 41 93 91 59 0 70 68 40 20 37 57 55 75 29 62 42 60 10 29 63 62
55 82 91 61 28 52 70 89 35 18 94 95 3 64 80 21 45 75 55 50 86 48 72 70 76 14 43 90 17 92 48 24 99 9 88 69 39 54 12 33 16 44 87 35 44 15 84 14 5 91 93 45 52 18 9 12 36 59 21 23 40 52 49 42 26 90 92 15 75 26 45 3 68 63 101 22 15 29 92 32 29 17 81 19 85 92 69 47 32 2 5 95 40 78 16 96 41 33 26 64
73 73 42 95 27 93 73 27 29 84 20 67 89 27 42 22 30 87 90 38 37 80 47 21 34 68 74 19 80 27 19 22 67 28 100 83 79 84 81 54 10 92 54 54 42 53 24 25 33 10 26 19 74 0 61 35 100 5 18 11 21 28 50 29 86 18 33 41 62 19 90 41 94 39 49 53 41 41 51 73 46 52 57 35 34 50 84 8 97 7 24 36 7 36 13 30 96 6 97 37
9 92 30 37 78 78 62 97 84 80 13 24 82 38 25 51 28 86 61 29 23 32 90 81 6 29 15 18 50 45 32 31 101 56 91 60 77 19 97 33 75 12 61 56 81 75 87 43 57 100 60 78 84 83 100 10 82 91 89 58 72 27 36 84 57 55 50 19 15 77 93 28 18 17 46 53 5 56 7 58 11 56 6 69 101 68 18 78 8 6 39 88 66 12 62 37 46 34 23 36
40 11 15 47 34 77 69 69 57 54 54 63 91 15 45 65 30 49 97 31 88 37 11 90 48 27 35 58 14 85 33 87 59 25 93 16 3 -1 69 59 30 76 51 42 61 12 32 68 21 57 26 73 17 59 84 37 3 40 5 70 56 50 16 9 3 44 63 45 25 28 19 88 70 4 15 -3 13 27 37 82 85 84 88 5 53 87 86 12 64 2 12 44 92 86 41 68 16 62 53 29
21 23 62 11 75 95 56 95 73 17 91 53 102 41 56 43 29 63 38 6 22 73 85 78 79 25 59 14 67 98 83 57 38 23 64 37 12 78 77 18 14 33 34 87 37 11 99 17 72 35 24 86 56 22 59 45 48 93 79 13 86 61 88 21 102 73 100 62 63 11 11 68 14 12 18 41 5 65 34 35 67 94 82 50 94 99 30 22 64 21 69 47 37 72 76 3 76 48 53 91
96 22 80 66 23 42 7 91 35 53 81 37 32 10 24 46 93 89 16 89 11 19 76 1 92 82 5 30 55 4 48 92 58 16 80 7 62 2 20 72 78 75 61 4 20 11 78 72 45 32 65 6 4 29 79 6 60 42 84 7 85 83 8 1 95 60 82 96 46 71 91 91 29 18 2 58 51 65 56 42 9 21 63 61 20 46 63 75 11 61 99 18 99 92 32 4 95 39 77 56
32 16 54 15 80 69 87 21 65 12 47 31 73 71 90 89 63 23 15 94 51 27 68 8 88 60 4 94 62 13 26 37 88 59 55 40 92 15 13 66 99 95 34 3 27 72 84 79 42 43 51 9 100 24 17 40 86 72 17 10 3 90 46 40 96 16 92 34 100 10 84 35 93 51 39 5 78 14 44 46 91 77 67 81 14 2 82 27 97 80 38 44 57 57 21 4 75 21 77 57
40 15 26 37 20 90 90 45 80 85 47 88 98 15 7 14 19 43 39 43 26 87 81 34 31 3 34 70 22 91 16 30 97 21 29 14 40 29 17 34 91 47 98 8 68 56 74 53 77 85 55 2 56 4 19 14 80 91 26 17 93 26 30 40 78 32 5 82 76 22 64 7 54 79 94 8 6 96 38 71 70 25 62 10 28 78 6 51 88 30 79 74 97 6 86 33 21 30 85 45
20 42 39 19 5 99 28 68 28 65 102 6 21 97 69 96 67 2 42 52 100 95 25 5 16 45 61 77 14 41 30 11 61 64 74 18 5 69 5 94 94 66 63 5 19 27 74 22 16 97 44 50 57 54 78 72 57 37 23 100 47 10 72 21 42 4 26 93 98 60 91 47 76 69 18 18 100 70 32 63 9 74 60 65 75 45 98 77 21 71 54 13 90 43 80 41 35 50 91 5
89 17 81 43 33 1 89 85 19 11 24 67 59 66 95 41 31 46 69 74 7 23 78 2 92 27 48 38 47 32 47 57 61 67 3 29 31 83 70 85 78 46 64 84 76 38 69 52 89 5 11 58 30 13 28 89 11 22 12 16 51 36 25 11 94 23 28 31 70 65 2 63 50 33 20 73 7 63 96 90 41 51 13 21 66 50 26 73 58 26 90 37 35 -3 98 82 34 52 24 68
49 21 70 29 55 21 72 75 3 82 89 14 78 78 90 93 33 40 3 44 80 12 44 12 87 65 3 6 67 42 26 81 49 28 30 41 37 58 87 79 10 38 90 93 82 8 66 52 79 76 30 73 51 53 71 70 91 60 78 93 27 86 28 67 46 19 60 59 89 69 23 49 87 83 30 15 52 25 89 15 13 6 81 82 11 10 20 7 64 83 37 48 34 36 11 73 42 18 30 79
81 18 55 38 47 67 3 73 40 -2 58 6 49 76 21 88 5 7 31 2 8 23 60 71 45 21 82 83 30 18 3 15 31 28 29 61 25 93 80 23 30 52 85 85 80 37 22 14 70 66 100 16 86 21 13 27 41 51 54 57 78 -3 62 14 90 94 38 54 65 45 30 20 25 40 78 65 74 37 88 78 25 28 68 52 29 16 86 90 28 83 31 62 35 19 56 64 54 48 24 0
40 97 85 17 70 65 47 92 98 80 31 57 4 35 37 99 64 60 68 65 76 70 41 65 72 11 74 66 7 41 8 52 91 97 9 60 95 3 43 16 64 71 43 32 100 11 7 57 65 17 31 86 69 88 70 11 39 14 46 90 76 31 39 82 100 26 16 46 87 85 11 22 5 27 21 4 53 95 46 25 37 36 58 88 93 30 45 77 49 14 68 6 29 38 74 81 72 38 93 63
81 62 78 56 72 73 98 85 37 68 75 80 18 -1 79 58 41 93 20 96 94 42 49 90 84 78 80 48 57 47 57 77 88 39 62 -2 54 -1 6 63 98 37 91 11 9 38 47 57 47 12 8 59 74 52 89 -3 49 63 61 39 95 44 39 58 27 85 3 33 28 4 59 43 94 6 94 45 26 28 20 10 38 90 16 84 63 70 74 15 80 80 12 1 74 13 83 88 4 9 19 77
33 100 71 58 79 15 64 28 79 57 86 79 21 92 23 67 87 19 102 92 77 45 93 74 28 4 83 44 5 51 99 12 62 13 88 62 99 55 43 6 77 73 6 13 88 20 74 9 39 20 32 38 89 33 32 74 48 99 31 58 10 70 101 38 93 37 51 98 21 67 54 63 57 5 80 70 49 64 102 15 15 72 61 7 63 86 57 54 29 43 9 56 48 8 93 80 30 92 85 47
81 12 42 49 38 61 40 16 87 26 73 75 73 11 18 54 97 93 44 34 35 55 81 65 55 34 8 83 78 5 9 17 67 4 35 65 101 0 73 95 47 20 62 11 17 24 97 56 36 45 97 8 90 7 38 2 80 42 33 68 46 45 73 77 7 35 35 34 92 69 57 76 34 41 40 -2 10 58 95 22 80 63 48 22 93 87 41 25 96 46 8 72 58 38 19 71 8 54 38 37
50 26 34 71 49 12 5 65 6 90 95 57 27 96 87 26 61 19 8 70 48 31 72 57 12 48 70 7 98 60 64 57 60 36 97 35 47 10 19 69 11 83 61 30 30 12 9 15 95 83 15 60 20 97 7 97 46 49 38 25 6 5 32 29 38 44 16 36 19 64 86 51 70 12 65 96 92 43 100 27 73 93 36 92 35 67 36 45 40 61 65 38 61 57 43 61 26 26 78 16
97 37 48 59 77 71 34 3 77 28 33 36 63 61 85 0 70 79 23 75 34 73 83 53 19 51 98 32 31 85 52 84 91 63 2 50 11 44 28 69 49 7 99 -1 71 25 13 85 5 41 11 86 83 22 2 56 17 -2 40 56 72 91 86 53 41 78 49 59 91 57 32 33 31 7 56 90 99 59 95 24 85 71 78 96 23 61 19 79 42 82 15 24 59 96 25 67 98 6 65 47
69 4 91 83 102 84 11 1 44 48 77 53 24 100 22 95 70 95 59 35 38 18 63 21 3 33 50 90 40 59 96 45 33 47 47 56 100 68 15 29 8 53 20 26 15 62 66 88 44 96 28 41 24 2 32 27 36 81 48 84 93 41 80 19 47 96 23 25 67 57 99 31 46 43 86 53 84 59 99 11 18 94 14 4 57 27 22 79 74 19 9 53 95 28 92 88 10 68 20 53
14 9 21 59 26 8 45 15 53 -2 28 18 89 45 86 96 96 80 44 22 89 45 38 74 77 12 20 33 41 92 37 0 4 88 48 64 28 36 2 39 38 96 67 41 76 66 39 85 13 3 18 26 19 70 4 86 70 29 55 68 91 47 28 69 69 96 52 77 54 72 53 62 68 73 42 30 43 49 50 57 9 40 78 77 91 88 3 63 36 51 15 88 75 90 67 30 45 68 42 54
73 46 68 58 29 1 26 59 48 47 71 97 72 45 22 44 82 16 53 57 28 58 92 90 33 57 58 25 40 78 17 37 84 87 92 57 30 49 93 18 10 41 31 64 50 81 66 24 89 20 11 25 64 93 19 79 17 42 46 43 18 51 38 16 10 2 83 24 7 94 13 76 14 79 84 26 53 86 45 62 40 10 20 23 46 79 73 41 100 45 80 79 15 45 38 61 18 49 58 27
33 7 48 23 32 96 65 83 77 23 20 52 22 14 71 86 84 30 90 0 12 9 79 67 76 6 44 32 52 36 83 51 70 14 97 78 69 -3 79 56 60 88 24 -2 33 19 4 68 56 14 17 35 2 12 33 72 23 -2 33 54 10 79 72 45 33 32 46 76 35 23 9 49 49 6 20 57 64 94 17 67 90 4 77 86 18 49 31 76 33 4 5 81 24 28 21 57 87 71 53 24
46 86 56 84 11 91 97 59 98 78 16 12 69 96 68 17 23 73 3 23 65 5 90 14 88 77 62 43 69 40 63 63 43 84 100 28 49 97 82 100 43 57 78 46 65 15 85 78 23 33 99 53 83 36 72 17 88 46 42 50 26 77 34 37 42 94 89 76 61 32 80 13 85 6 48 69 97 85 66 25 38 69 89 3 34 19 44 97 79 40 33 79 91 26 99 33 9 44 45 29
11 52 40 15 68 18 55 66 11 83 61 28 76 -1 87 93 27 68 83 63 68 91 57 24 76 3 51 -3 50 25 8 11 33 31 46 23 96 93 59 95 89 59 33 35 53 60 98 71 52 68 57 56 40 53 50 74 93 35 50 17 46 49 94 22 56 -2 28 46 63 8 12 69 81 33 74 33 20 41 94 45 13 27 46 54 88 93 33 2 92 62 59 85 87 85 81 83 51 47 5 49
10 58 57 86 59 66 53 60 30 75 14 78 95 4 101 49 91 39 23 16 40 24 96 34 57 74 24 43 14 55 52 16 94 84 41 68 3 13 86 11 17 25 84 75 50 19 11 6 92 21 60 1 5 26 26 51 20 20 85 81 59 7 82 35 6 63 65 46 7 43 37 17 11 32 73 33 16 26 22 98 31 78 69 26 88 74 65 63 54 50 6 64 51 90 70 34 90 90 44 50
8 46 34 95 70 46 63 73 45 82 47 14 72 42 32 36 57 86 13 10 90 65 84 96 52 60 87 8 100 0 6 27 51 0 18 71 48 25 50 42 79 65 33 35 79 96 3 1 24 80 20 73 94 44 94 28 101 88 71 10 80 26 11 0 63 21 11 78 66 10 66 89 29 79 28 95 2 5 31 59 34 31 59 90 54 36 16 52 11 67 8 16 66 46 87 26 62 76 17 27
37 77 33 15 92 37 90 3 96 19 17 13 90 6 41 36 11 19 102 58 97 9 56 69 19 2 4 3 93 8 40 77 89 60 28 4 86 9 6 56 62 61 97 26 89 75 48 93 99 42 61 82 24 12 78 97 70 96 65 77 80 70 29 24 36 59 95 27 19 62 57 20 12 87 46 76 3 1 91 87 28 45 73 20 87 4 10 12 10 60 25 12 13 19 51 44 54 24 60 31
74 63 84 92 62 18 8 -1 65 3 94 2 72 43 23 23 11 63 51 79 88 11 31 43 49 96 89 28 99 78 83 63 24 55 100 24 54 47 55 90 95 88 3 66 101 94 67 61 75 6 81 58 41 59 99 92 52 72 63 78 38 91 35 42 67 15 8 32 84 24 64 89 38 64 20 15 19 34 13 60 65 55 93 23 48 11 94 64 45 67 70 78 8 27 91 12 93 70 59 67
82 5 22 37 39 18 61 23 44 90 37 16 46 80 67 49 9 30 58 17 93 50 63 42 7 67 62 67 71 34 31 99 94 91 59 16 31 85 35 19 102 69 18 91 68 12 50 88 48 90 47 13 5 14 41 44 94 19 37 58 61 40 24 5 6 39 3 55 66 84 64 79 50 25 101 74 87 43 81 12 45 92 6 40 80 22 76 20 36 89 63 68 55 48 97 24 79 48 60 25
46 29 5 88 26 6 83 32 20 94 24 35 85 68 54 10 48 39 55 41 62 40 39 77 38 27 13 95 19 95 18 73 6 15 19 74 23 53 28 15 21 54 38 2 46 43 9 33 66 25 54 64 50 16 50 75 81 7 21 58 71 10 85 -3 97 78 45 23 81 3 96 53 78 94 62 63 91 84 26 55 14 6 30 57 35 38 3 76 47 9 56 37 30 32 33 9 13 22 15 57
14 37 14 15 41 61 33 5 7 12 69 87 35 23 48 93 47 82 11 87 36 43 68 87 84 38 87 62 34 55 86 21 55 32 55 51 72 47 24 82 51 7 99 96 85 56 20 30 66 35 89 64 43 98 69 38 83 58 28 64 91 36 96 80 33 69 56 12 23 27 12 3 38 74 99 83 23 22 84 60 17 16 78 43 50 88 21 92 29 54 23 64 68 80 53 80 68 36 51 49
35 89 64 10 35 96 9 33 11 59 94 43 70 87 95 48 39 95 28 17 90 83 80 13 17 55 41 92 91 61 33 48 66 12 57 15 101 45 4 29 53 60 46 96 84 24 10 61 31 61 72 93 50 29 35 -3 6 36 53 20 100 -1 45 21 40 43 12 18 30 84 78 56 46 7 20 71 59 69 39 79 46 75 57 45 62 6 47 46 83 38 49 84 24 91 87 64 21 25 64 95
39 28 65 62 67 57 55 4 30 50 74 37 96 21 94 48 54 41 37 15 78 30 44 87 25 2 55 98 19 40 49 91 64 97 82 14 73 27 40 40 66 92 29 15 92 9 97 10 32 32 37 42 13 18 9 50 18 41 99 88 10 62 17 20 97 34 102 17 42 36 40 36 16 89 16 17 89 85 17 26 32 85 77 92 58 10 15 26 25 43 17 34 93 70 80 39 32 12 37 21
25 37 41 36 64 60 44 26 46 13 88 19 81 23 87 62 90 55 80 94 39 47 61 38 59 51 67 90 53 74 66 67 29 10 21 24 18 75 44 32 17 21 10 39 92 68 29 66 98 51 65 14 31 23 77 46 100 56 23 17 30 24 73 74 25 35 47 43 14 53 17 32 61 38 48 42 76 93 50 95 94 29 72 67 65 89 65 57 29 48 15 63 51 -1 15 17 78 33 92 87
56 37 9 5 82 91 62 50 90 59 66 42 62 10 85 64 49 98 67 16 32 10 81 29 80 6 16 63 7 14 87 7 74 50 9 71 90 91 52 76 92 21 63 22 23 51 23 37 8 4 75 81 41 47 86 27 25 49 85 99 64 34 87 11 12 17 74 15 94 81 49 39 47 10 34 53 37 45 28 98 81 1 75 62 44 49 18 96 56 23 60 34 43 20 74 46 37 81 82 5
12 81 2 45 33 1 28 21 17 22 71 88 43 44 2 43 101 38 101 1 23 91 73 66 13 69 68 51 70 53 99 38 14 79 22 42 89 38 37 9 78 0 91 78 58 28 33 69 2 84 39 -2 16 22 50 32 75 22 85 72 55 2 87 40 76 16 18 47 77 40 96 6 100 21 45 62 44 61 92 12 37 94 72 75 43 15 19 29 41 9 100 70 37 36 20 44 77 31 86 49
74 85 16 91 31 61 100 14 75 91 92 3 101 77 74 71 32 88 62 3 45 70 46 89 75 46 39 36 11 14 6 13 90 67 38 92 96 19 33 27 101 29 93 58 18 89 64 73 59 51 77 31 70 57 31 8 75 41 23 89 19 74 70 95 9 32 16 24 54 74 73 31 3 36 94 67 93 52 46 82 8 56 73 61 13 8 93 70 54 45 90 66 63 62 38 21 56 93 22 4
57 33 57 78 54 92 40 60 85 49 77 63 42 18 92 44 59 1 62 83 23 80 21 6 3 88 10 52 88 89 74 12 54 30 12 6 30 31 60 49 16 88 55 61 17 6 46 24 97 69 65 91 98 14 11 65 22 88 34 8 12 82 98 95 2 18 66 74 22 55 32 39 84 45 32 92 101 16 90 12 40 3 39 29 35 89 40 52 55 85 29 75 23 43 99 43 15 19 77 68
90 21 65 20 28 73 58 10 33 10 10 24 96 22 82 35 89 12 75 25 55 13 40 83 74 4 76 55 35 83 100 12 29 4 11 31 89 6 41 53 99 43 44 15 37 19 20 65 99 45 90 72 84 25 11 67 62 97 43 68 20 63 60 88 78 43 8 5 24 18 41 65 43 55 27 67 16 94 10 58 3 50 22 67 22 72 97 94 55 57 94 76 72 46 72 27 31 58 35 89
26 76 83 89 86 48 54 74 93 48 55 -1 67 22 41 1 11 67 80 80 22 17 78 8 78 69 66 73 92 17 100 16 75 48 100 37 91 27 81 78 100 57 53 32 51 87 52 79 14 2 31 62 8 52 7 93 80 4 50 16 47 41 60 6 13 -1 94 31 32 19 34 92 11 22 69 65 90 77 14 4 5 62 82 57 20 22 84 88 66 15 93 8 57 95 43 59 49 50 25 14
El programa tardó 15.624284744262695 milisegundos en ejecutarse.
