49 51 102 49 19 72 48 63 10 57 78 29 76 69 30 23 85 68 21 51 6 26 9 71 48 90 97 66 47 67 70 74 53 87 12 75 99 54 37 90 73 32 3 40 71 60 79 72 18 90 65 64 51 69 5 79 24 45 17 64 69 4 68 28 59 41 56 91 36 81 28 42 74 77 45 64 79 28 38 100 11 66 26 24 14 12 64 84 34 78 71 41 24 81 44 70 43 100 94 4
26 88 51 16 5 91 100 87 53 89 23 72 96 44 46 4 83 81 47 44 33 10 18 13 87 73 49 51 61 18 71 20 85 93 101 65 8 88 92 76 26 43 48 47 23 74 56 0 34 -3 30 91 69 24 96 60 80 74 38 17 33 31 30 35 84 50 36 71 61 23 78 71 50 76 36 12 58 94 86 95 78 30 13 22 86 0 42 38 31 13 86 52 55 51 30 4 23 57 10 82
9 83 84 67 76 35 57 80 18 82 15 79 52 39 73 53 61 27 36 66 65 40 50 90 48 25 7 81 24 84 38 66 100 71 66 65 52 84 92 73 13 88 31 69 14 77 27 60 61 90 81 89 10 97 33 14 12 92 50 46 41 97 69 65 66 55 96 99 48 32 22 81 34 46 26 88 79 80 33 86 29 37 97 25 38 56 96 19 26 92 9 98 14 60 96 17 13 99 72 48
5 44 42 92 48 54 12 26 78 30 6 38 89 21 42 76 28 43 78 63 53 73 18 31 33 7 93 63 44 43 52 85 10 9 100 91 32 29 63 73 32 82 67 39 86 3 66 18 50 21 50 77 94 50 56 74 28 88 67 12 7 12 19 71 93 -2 55 48 19 38 79 24 61 80 3 66 38 45 77 61 77 57 84 60 36 49 19 15 90 92 39 92 63 26 57 35 55 84 72 55
78 1 82 56 14 31 73 56 25 66 43 90 23 59 65 38 56 26 31 85 16 33 56 69 85 63 70 16 13 66 33 87 17 76 24 95 21 74 18 96 89 86 10 77 101 95 5 16 24 60 64 42 69 35 19 49 74 15 12 99 75 10 71 61 9 12 40 45 83 8 12 87 81 35 55 74 17 86 102 90 55 24 101 7 81 74 41 52 14 17 51 11 46 51 41 71 49 94 5 5
66 12 30 79 7 47 58 78 76 72 13 47 65 35 9 -3 65 3 31 65 34 47 51 8 42 72 4 90 23 23 32 27 42 22 44 82 21 18 97 70 24 51 58 24 66 65 50 9 62 48 2 61 12 -2 86 19 49 58 43 51 21 34 84 19 36 90 37 50 29 46 72 28 100 95 40 58 78 37 101 96 5 80 98 -2 91 27 70 72 88 23 96 1 53 12 17 20 12 13 54 35
24 34 56 10 36 36 100 91 69 89 14 6 14 54 55 86 27 82 24 94 24 6 25 25 13 57 48 62 76 65 69 48 40 87 58 22 57 35 91 69 21 23 91 4 13 40 82 45 58 96 52 90 81 58 100 55 44 57 44 3 7 40 78 26 45 72 34 63 24 25 82 13 22 21 93 73 75 16 69 22 4 72 61 95 97 89 18 53 52 10 39 34 14 62 22 73 43 64 101 40
97 28 78 60 74 49 64 84 89 46 19 -1 87 30 90 7 97 8 35 63 28 38 78 70 14 76 28 68 7 34 85 36 19 44 81 78 43 13 91 39 56 23 4 59 77 34 75 78 96 17 35 46 100 66 81 0 42 -2 86 54 46 80 100 15 27 15 54 62 17 12 77 91 99 92 49 37 60 85 28 1 14 89 15 76 13 75 36 21 76 52 33 94 77 36 38 12 91 58 28 88
97 45 47 36 16 38 36 37 40 100 55 46 35 21 99 21 28 30 14 42 98 79 80 7 42 57 97 94 75 7 29 80 10 14 77 86 39 68 40 37 54 59 81 2 74 62 74 2 51 93 10 72 66 21 53 78 38 89 26 97 22 59 26 91 55 92 49 16 34 55 82 61 23 36 21 69 83 20 60 18 87 1 11 76 31 80 65 51 76 2 98 51 70 94 8 40 63 72 31 94
16 65 15 31 21 -2 58 45 68 39 91 61 15 28 89 15 58 60 10 87 67 6 9 62 85 66 84 37 88 64 75 46 95 48 30 89 74 81 58 70 47 56 35 87 96 14 16 45 91 71 85 0 31 41 4 80 26 66 13 67 24 32 56 74 37 13 88 93 76 34 2 57 17 21 26 73 90 67 4 4 23 13 27 67 25 34 17 35 30 63 49 63 41 7 17 48 65 63 73 85
40 48 48 82 55 3 33 42 19 44 72 65 9 31 92 11 8 33 48 45 22 15 20 38 55 82 52 74 74 47 84 59 65 52 12 75 43 66 42 73 37 10 38 73 91 56 41 65 22 25 60 17 54 65 27 12 10 85 8 44 69 10 28 52 37 95 86 63 21 29 78 80 37 69 38 51 59 10 69 7 98 25 5 100 67 6 73 99 102 17 18 53 45 18 68 82 45 98 67 7
52 93 34 69 75 78 62 88 31 -1 39 78 97 39 66 38 77 26 12 84 14 84 48 1 67 58 67 84 32 61 20 82 35 40 43 67 29 16 29 96 55 67 64 61 63 1 37 74 90 17 25 56 84 77 88 61 98 7 78 0 65 -2 62 93 14 17 61 26 67 51 69 38 41 28 89 44 6 82 12 43 32 72 21 28 89 48 42 22 37 78 48 54 27 67 74 76 38 75 79 91
57 57 45 34 18 75 20 53 17 78 15 28 18 38 63 26 67 49 65 3 88 36 52 96 44 63 35 71 34 23 69 85 88 34 92 50 13 68 61 62 91 73 43 9 32 71 15 57 51 50 14 60 50 6 44 32 27 1 78 79 100 94 38 94 29 81 86 51 57 91 92 84 96 78 42 71 45 41 27 56 38 39 32 49 44 34 49 16 45 61 85 88 36 66 22 22 5 65 34 47
15 92 57 37 54 48 3 2 49 37 27 2 76 90 45 77 46 50 61 35 22 20 89 77 91 78 99 26 93 29 91 74 46 89 88 70 46 65 88 48 19 19 52 10 86 6 98 23 63 76 85 51 57 49 15 91 38 95 29 16 60 34 3 18 75 54 45 79 50 0 73 60 100 68 96 -1 91 37 101 27 19 28 82 22 70 87 33 92 73 69 9 33 6 -3 67 25 6 64 91 83
97 48 21 95 19 89 90 26 89 69 16 61 80 84 62 99 75 85 52 80 37 58 75 3 48 90 34 75 51 60 81 12 54 43 84 17 19 13 93 12 36 97 55 76 89 33 82 5 71 38 21 4 68 35 99 70 16 23 11 52 80 16 86 97 36 47 22 55 27 57 31 29 72 71 13 24 42 99 87 78 70 85 72 28 75 69 42 99 87 7 17 68 11 73 36 35 38 22 53 54
32 75 40 77 49 15 19 55 78 39 60 5 38 87 77 1 35 76 10 60 33 83 38 83 7 52 88 30 92 37 25 65 10 62 44 20 5 20 18 88 96 15 9 13 74 72 35 65 24 49 46 83 3 27 27 76 15 35 28 94 56 31 13 72 45 51 55 1 48 12 74 50 98 39 71 42 93 63 79 69 58 58 38 81 20 31 16 12 11 23 79 38 14 41 42 11 3 68 99 30
73 91 96 98 61 87 46 93 60 71 14 34 72 26 63 56 11 57 57 62 92 70 54 30 20 20 38 49 14 98 68 72 102 56 95 17 23 10 51 51 28 78 74 11 16 86 44 81 59 69 90 19 70 92 22 31 46 21 92 58 82 59 92 51 50 96 64 86 6 94 6 86 12 82 13 8 84 7 47 54 83 42 34 83 12 55 5 7 75 63 68 53 24 42 48 17 14 67 79 39
60 20 40 33 87 31 8 96 58 3 87 33 34 47 4 20 92 36 97 23 2 75 20 6 35 32 76 91 84 17 29 56 29 79 23 30 9 16 3 79 91 10 73 37 33 1 56 90 73 56 8 94 78 -3 44 37 70 94 40 77 94 37 73 -1 44 66 22 49 55 46 61 51 94 33 63 24 12 3 44 59 8 87 34 25 55 78 43 73 57 40 94 58 74 12 15 38 40 49 84 79
4 98 54 11 72 75 59 45 99 30 22 71 76 34 49 18 82 24 34 87 36 61 89 55 48 34 10 33 102 38 44 32 23 40 70 78 62 43 17 73 16 31 52 21 33 98 30 61 5 48 62 16 16 55 97 79 44 99 89 21 29 64 54 44 97 36 52 58 19 25 89 13 10 72 53 74 97 11 96 87 5 77 56 45 67 10 64 41 40 76 22 49 33 30 45 50 69 27 56 11
6 49 80 82 3 83 59 90 51 47 82 19 56 49 94 82 29 77 80 56 23 54 85 7 51 33 3 37 15 59 34 50 26 8 46 61 72 51 22 94 74 6 33 73 13 65 11 90 53 8 90 -2 84 61 79 14 94 58 85 67 40 44 53 84 64 58 98 26 49 9 17 37 97 73 20 45 9 32 8 1 54 68 9 49 28 52 43 94 7 52 42 67 96 16 19 46 65 96 45 43
49 81 90 25 84 45 91 68 101 68 14 100 8 26 80 12 19 78 20 12 71 65 80 8 33 50 45 89 36 30 58 73 21 24 21 33 32 49 31 53 21 98 44 96 53 21 47 1 36 33 27 100 14 76 42 50 61 64 29 70 62 71 53 84 30 28 21 82 11 22 66 100 64 11 12 61 39 5 55 15 77 71 69 55 58 91 17 72 59 99 75 95 65 86 11 35 54 13 41 12
13 78 79 87 93 6 42 44 76 62 79 82 61 6 56 9 86 19 66 68 87 66 18 58 72 26 14 28 16 53 19 85 37 38 56 25 80 -1 24 62 34 95 75 72 76 77 71 75 36 12 90 21 37 76 93 32 18 31 9 42 34 54 46 36 89 39 52 0 53 9 78 59 44 92 52 87 39 89 37 65 18 93 100 53 100 31 9 51 66 2 94 30 98 9 56 8 16 7 88 71
90 21 61 46 41 61 74 31 91 31 26 81 56 41 33 37 67 2 73 51 63 56 32 99 75 23 42 53 64 48 72 81 22 22 83 14 21 53 89 47 4 72 86 89 57 75 76 9 42 80 12 7 4 56 91 69 31 28 98 21 49 36 41 79 69 18 57 26 33 47 76 44 30 32 100 68 5 95 34 33 100 100 42 33 43 11 7 1 92 60 86 17 77 71 33 5 99 28 74 92
88 27 24 85 58 26 58 29 79 13 2 62 47 50 52 60 8 65 71 6 13 22 29 36 60 25 77 53 9 23 95 78 99 13 32 55 13 83 68 12 97 39 77 48 27 35 12 86 59 38 46 22 87 10 24 71 86 39 23 5 39 1 84 64 37 81 33 2 62 37 80 52 78 60 92 49 32 34 8 4 52 63 99 68 67 20 88 93 86 11 73 43 100 57 42 84 21 42 47 48
59 94 42 23 45 81 66 95 56 16 6 95 49 78 71 70 23 25 20 7 48 54 63 29 35 8 92 36 32 32 57 100 6 77 75 60 32 48 93 38 61 46 31 13 31 11 61 71 14 37 93 85 43 30 45 71 101 18 67 75 45 18 5 85 48 47 86 58 38 47 45 82 79 62 84 35 58 35 40 5 99 33 74 78 84 62 20 58 84 79 42 75 95 53 28 34 85 6 88 47
85 82 8 78 29 27 71 94 37 -2 92 66 53 74 62 3 5 22 71 76 22 81 74 76 62 32 97 57 12 39 57 14 21 15 37 0 65 47 73 69 26 21 77 24 33 74 59 92 69 87 45 91 76 46 81 92 84 93 4 82 86 0 16 68 29 90 37 89 46 79 18 74 51 80 14 35 43 62 56 30 93 71 34 9 4 37 35 -2 92 17 54 69 12 79 31 78 76 18 70 71
32 95 101 93 63 52 3 16 44 6 52 57 10 34 5 6 74 45 86 97 73 84 98 3 62 47 44 97 79 79 91 80 5 40 14 20 6 49 53 4 76 25 95 57 42 70 36 46 94 56 10 54 55 18 74 60 10 73 26 58 95 26 99 88 17 54 12 55 22 20 55 83 15 69 49 9 15 61 95 67 77 85 83 18 23 7 94 54 3 23 57 44 47 52 27 5 63 83 91 94
69 34 67 96 51 84 87 35 80 25 27 44 20 96 77 11 50 93 39 56 47 28 30 40 59 50 39 59 68 29 4 50 81 29 26 22 88 30 6 92 79 13 82 22 15 85 86 88 66 36 88 81 24 28 82 44 29 21 75 34 23 40 95 24 28 41 86 24 68 -2 67 66 15 -2 47 28 80 40 67 80 38 53 63 58 31 87 40 70 20 79 95 2 16 87 58 59 26 -2 85 80
33 78 63 16 64 27 30 51 21 78 21 99 86 32 13 67 43 87 12 9 80 14 71 8 13 8 22 59 58 22 30 4 91 28 11 19 102 65 39 10 11 60 82 35 16 27 5 60 6 98 78 78 78 47 85 58 50 41 60 95 21 44 9 89 28 98 67 72 66 100 18 86 4 80 50 19 86 21 60 54 50 21 30 45 83 47 73 57 55 17 31 86 5 78 35 12 30 49 70 87
28 30 79 40 64 27 28 64 91 72 98 2 29 15 20 25 51 37 70 45 96 48 30 49 88 83 4 15 35 7 6 22 5 25 81 96 32 24 6 79 77 24 16 31 91 83 42 45 42 59 101 88 51 66 85 24 64 82 90 58 19 62 2 56 89 56 15 -1 97 41 47 57 71 1 87 60 59 42 33 95 67 20 85 50 3 52 57 76 90 70 47 47 86 52 40 48 99 -3 32 43
15 71 20 31 53 65 88 85 53 63 6 37 52 14 64 41 63 30 80 69 61 84 61 37 4 9 98 63 67 35 84 10 37 6 38 25 32 62 47 59 24 95 98 12 32 21 64 42 13 47 19 18 6 64 101 14 51 100 19 89 38 90 92 12 72 68 42 61 65 37 27 21 25 55 54 3 73 75 77 3 81 24 59 19 19 78 17 51 102 33 102 13 7 96 43 1 66 34 88 59
94 32 15 32 99 6 31 93 10 22 66 25 36 84 12 52 3 32 46 39 20 37 18 91 67 66 10 63 15 95 77 79 5 42 62 49 93 94 25 72 18 33 101 0 10 45 55 57 48 43 59 94 94 22 51 68 98 23 98 71 97 64 101 95 13 61 20 6 96 66 25 38 4 3 11 34 42 4 86 82 27 91 15 28 85 4 67 94 64 8 8 23 31 60 14 68 80 86 28 35
10 61 94 64 27 20 71 46 50 73 14 8 22 45 55 9 4 11 100 99 52 62 38 48 59 69 29 74 47 37 8 18 32 86 69 45 34 10 102 43 27 14 65 55 71 70 12 87 14 67 73 53 17 89 94 97 55 85 45 24 95 74 91 35 74 53 96 18 39 68 13 66 63 38 21 56 48 3 54 3 62 48 41 3 75 89 48 5 62 23 91 55 36 94 71 77 4 11 77 69
8 53 49 23 90 83 75 15 55 15 42 72 26 19 51 84 98 74 93 28 45 11 99 -1 21 -1 75 48 7 15 54 74 80 56 82 78 59 61 27 30 53 30 26 35 98 34 43 96 53 48 51 52 84 44 8 13 81 32 74 25 78 33 16 89 10 50 10 31 24 83 80 92 8 32 49 86 80 19 56 63 51 63 82 79 70 29 76 -2 86 92 96 2 37 44 17 22 36 2 92 50
78 55 87 60 64 36 92 74 16 25 78 62 30 55 36 85 51 88 35 82 31 22 89 3 64 1 41 69 74 93 8 27 83 58 102 16 43 48 32 87 41 60 5 34 61 53 14 57 81 54 62 89 46 79 86 75 70 78 74 44 32 53 34 30 56 95 74 93 72 92 37 8 64 1 41 70 77 65 73 7 8 28 78 78 42 75 15 61 84 89 12 71 59 53 60 29 58 28 51 81
31 19 75 47 64 72 5 68 32 43 39 62 85 26 67 60 60 93 17 42 70 89 87 60 6 85 11 -1 15 53 17 83 28 75 54 42 23 4 84 67 80 11 55 16 101 83 30 86 72 79 8 53 64 33 28 46 30 2 12 87 66 12 55 7 93 64 83 39 75 60 88 49 77 75 47 75 38 46 51 8 79 5 42 71 41 27 28 14 98 42 66 61 35 0 27 40 9 61 64 40
82 41 50 26 17 6 23 55 58 27 100 15 57 5 19 84 5 35 60 87 41 19 64 32 24 30 91 100 61 40 3 55 41 72 34 93 82 100 85 80 9 48 51 53 12 98 9 34 102 85 96 99 16 1 11 55 34 93 25 64 102 15 48 67 10 53 87 68 28 14 84 35 60 53 34 13 77 73 4 33 61 31 68 46 102 56 91 2 18 77 3 71 65 40 53 62 56 5 98 4
87 79 83 13 59 -1 5 -3 10 65 94 64 60 4 45 4 18 78 46 15 43 74 65 0 76 92 67 36 39 49 89 49 2 83 54 17 23 15 49 58 47 88 68 39 17 28 37 24 66 79 82 26 94 54 40 22 12 19 50 73 12 27 39 43 75 25 96 52 33 39 94 7 47 52 37 44 100 10 24 3 97 64 2 54 90 9 71 22 68 72 5 -3 47 12 18 6 53 49 79 69
81 27 65 8 93 49 89 53 74 9 7 22 7 70 64 77 32 78 84 1 64 98 47 100 89 81 57 87 35 70 19 35 21 47 53 36 93 23 59 22 56 81 92 75 50 95 59 83 73 53 62 53 59 30 84 53 29 81 35 1 96 22 62 97 55 37 18 23 24 11 38 59 15 100 90 61 90 94 25 93 17 47 68 18 10 32 42 78 14 54 3 42 50 68 17 18 43 52 8 78
90 63 91 66 82 54 50 58 59 54 73 65 38 56 71 15 42 39 93 17 71 52 19 64 23 85 89 96 34 57 5 50 13 28 17 59 93 9 10 67 58 39 49 61 28 75 14 36 50 49 25 48 59 14 22 38 70 21 58 40 30 47 4 37 41 18 14 52 48 58 76 33 72 10 13 0 64 1 90 24 19 7 26 -3 44 19 13 85 91 31 67 39 61 70 4 74 82 47 87 24
7 28 29 31 11 19 45 74 11 3 62 21 76 51 100 11 8 17 81 78 98 80 43 86 102 100 35 89 77 62 72 82 102 86 46 46 78 84 80 49 33 73 87 100 62 47 102 17 67 37 36 31 88 34 42 97 100 13 3 53 71 2 88 34 76 1 65 17 70 39 65 45 52 59 87 63 37 87 6 49 35 70 85 55 55 16 21 98 39 17 64 91 39 4 9 39 53 100 59 63
84 56 39 82 9 59 30 25 98 77 90 64 90 27 14 -3 16 48 30 87 17 77 23 72 14 6 71 21 21 63 35 58 72 39 44 1 67 0 39 60 33 84 54 10 86 71 16 42 71 56 32 69 64 87 58 76 56 6 95 60 54 52 73 40 100 -2 50 66 24 87 29 30 91 63 49 86 75 18 18 -2 76 51 50 65 66 46 61 27 31 -2 33 62 45 39 73 5 43 86 21 26
70 18 67 79 86 58 53 64 60 16 61 48 57 89 31 94 28 81 18 5 29 92 55 91 76 88 35 78 8 47 92 89 47 96 55 14 14 83 47 100 71 8 81 86 34 6 45 40 56 67 102 43 95 2 36 97 5 33 62 59 69 69 72 4 55 1 43 63 12 76 36 16 75 60 33 29 81 32 7 87 71 17 99 83 96 14 94 2 83 18 95 44 44 8 88 9 65 44 65 99
25 30 86 52 91 73 27 1 4 71 13 33 35 47 53 30 7 34 34 78 93 23 58 25 80 91 30 61 72 75 95 28 10 95 88 0 58 61 3 84 50 68 22 72 16 7 43 50 21 93 29 80 15 53 48 56 79 78 42 29 63 21 39 0 56 54 43 2 97 4 10 59 33 32 38 58 69 -3 77 69 88 44 13 64 17 4 27 0 32 14 23 64 12 7 36 12 36 67 79 27
23 81 33 2 92 51 40 33 44 51 13 30 73 19 17 79 68 9 60 40 96 46 64 50 3 62 5 82 82 26 88 44 69 73 28 75 70 74 15 45 19 99 12 33 45 77 9 33 77 54 63 87 78 22 98 27 75 86 90 5 80 17 87 19 38 52 94 83 22 73 42 32 63 10 7 53 92 18 78 40 63 76 88 42 63 66 90 92 96 12 61 77 99 47 11 60 86 41 60 15
44 82 74 91 14 6 2 33 52 80 32 37 39 35 20 53 47 27 42 74 53 25 14 5 38 50 23 61 15 20 2 26 30 1 68 2 95 45 96 42 80 -3 27 76 34 54 15 24 15 95 22 80 85 65 11 75 5 66 57 92 9 77 90 65 51 82 20 49 40 85 30 16 32 42 12 90 22 36 45 16 26 3 25 21 13 -1 39 7 8 88 72 89 82 37 45 78 60 78 41 91
57 17 57 67 76 39 8 31 101 58 82 10 37 93 52 100 27 68 95 74 85 89 53 98 56 66 41 92 25 5 50 48 8 80 41 77 31 58 9 90 69 38 100 60 38 63 17 96 67 15 91 14 50 32 9 10 64 54 9 71 81 10 92 1 24 54 84 60 27 77 7 91 49 83 4 9 31 94 84 11 60 86 102 99 71 44 29 68 76 75 93 56 15 100 84 45 35 24 69 13
95 33 46 63 23 14 86 92 13 50 16 95 51 11 13 -2 68 75 28 49 55 18 4 72 67 63 86 37 24 96 33 5 75 28 95 77 4 48 6 0 3 44 68 41 90 46 15 91 38 21 53 15 33 92 20 6 66 45 95 -3 24 52 69 2 55 23 47 63 17 76 88 28 77 86 84 64 11 0 7 82 100 30 80 44 9 9 99 70 82 8 62 -2 10 86 43 89 32 96 49 95
20 94 57 88 41 3 34 36 70 32 36 60 76 75 62 28 83 31 19 25 4 62 40 20 46 14 47 50 100 2 52 80 40 33 85 12 22 35 68 22 74 30 53 63 81 8 89 60 4 11 46 96 50 79 49 93 33 64 65 37 58 55 83 66 43 51 81 19 86 12 4 76 68 60 3 100 61 93 77 87 49 97 27 53 97 78 78 3 5 39 78 13 52 64 50 2 19 7 85 71
83 3 28 15 22 96 33 61 27 11 84 44 25 15 4 74 34 86 97 90 25 61 84 63 34 53 67 87 99 83 101 69 15 34 34 68 57 14 29 84 44 34 46 55 100 25 59 74 48 69 8 -3 30 76 47 87 50 50 8 82 98 43 55 88 27 85 72 -3 86 72 72 12 18 78 36 12 48 52 77 12 22 44 11 12 79 43 63 57 51 49 74 7 74 80 64 -2 24 52 39 91
90 49 30 10 27 30 64 28 36 86 38 70 72 59 97 71 47 93 69 58 30 50 3 98 21 25 51 55 19 24 80 58 8 80 58 79 67 52 74 68 13 69 34 17 96 51 72 50 24 72 54 2 81 77 89 56 82 51 63 79 96 57 19 38 68 56 45 23 32 58 100 56 53 50 12 37 62 89 98 27 57 50 17 21 92 70 39 65 96 36 36 93 5 24 25 73 25 1 67 17
4 77 15 57 96 24 37 48 9 82 65 18 101 16 32 31 52 54 44 89 51 18 66 53 82 44 84 61 33 6 73 2 89 72 30 28 33 29 91 74 81 59 87 89 12 34 54 69 90 75 85 30 88 2 19 37 91 67 14 74 47 88 98 35 55 44 101 51 2 32 79 8 77 32 17 39 47 82 32 10 36 17 53 80 101 60 53 16 88 55 91 59 38 46 96 10 14 6 66 25
20 78 78 38 37 23 95 58 102 62 63 47 7 87 4 22 92 92 80 96 22 18 11 7 42 77 102 58 18 56 17 72 31 28 99 60 43 83 14 66 69 88 63 62 19 89 31 38 20 76 36 39 44 44 66 2 28 86 11 29 81 65 78 53 89 62 83 59 53 67 21 26 22 52 65 66 25 57 70 67 6 86 93 63 56 95 59 50 98 54 99 42 35 31 25 43 57 73 16 80
56 8 30 33 22 63 42 14 78 84 21 60 38 90 84 15 78 82 30 77 9 -2 48 14 99 15 22 96 34 96 67 31 52 39 74 70 56 58 56 94 16 1 6 84 16 16 60 10 43 9 17 1 17 91 18 62 83 30 87 62 13 79 60 34 59 8 65 45 90 87 28 90 71 47 35 21 15 92 64 55 9 94 34 80 45 59 17 77 4 30 77 2 47 43 61 59 39 52 97 94
58 75 38 13 12 4 15 29 74 66 41 37 10 63 84 31 87 55 24 69 45 53 4 56 66 8 98 27 61 81 63 93 63 58 43 26 101 17 68 88 12 100 59 100 15 26 84 33 19 12 16 5 20 56 68 4 89 3 97 97 71 72 96 75 21 4 33 28 84 86 93 19 68 42 72 90 29 23 26 1 55 68 36 3 83 16 28 99 90 48 57 25 9 27 43 15 11 1 98 28
99 33 30 79 67 69 93 78 6 50 62 37 13 73 70 18 45 14 86 69 66 11 32 0 33 13 59 2 63 -3 26 62 19 43 72 21 9 8 2 52 99 54 7 53 15 53 65 85 27 84 2 1 49 43 59 45 78 69 27 62 67 83 28 43 8 75 81 45 83 25 72 89 18 3 70 63 100 69 60 51 32 40 32 88 23 76 87 7 32 84 100 75 5 49 86 6 7 47 44 96
8 93 24 93 31 27 17 60 80 31 45 67 48 77 89 62 81 5 51 4 45 59 74 55 9 24 21 12 53 27 51 92 97 37 3 25 78 51 45 65 4 6 47 75 63 52 34 96 4 48 62 65 57 45 77 15 44 88 96 50 7 30 87 41 49 55 88 92 14 83 96 48 60 92 44 54 30 37 89 89 61 74 22 38 58 48 97 4 24 62 35 91 23 85 69 38 60 20 19 29
82 96 86 36 89 71 97 52 24 52 75 22 38 20 68 76 65 22 18 21 33 76 76 39 29 83 89 35 69 21 45 19 101 71 65 78 41 33 12 87 58 64 78 84 91 61 39 92 29 20 98 -3 99 95 38 36 47 81 95 79 18 55 16 57 86 14 96 96 37 73 21 19 93 66 30 78 21 72 64 91 63 35 58 57 64 44 22 57 19 0 88 31 42 87 71 92 88 52 60 1
69 63 100 1 96 24 33 97 78 50 81 73 3 99 101 52 101 80 33 62 78 83 50 50 89 99 80 45 70 21 95 13 20 6 92 9 9 12 85 81 88 31 75 23 80 76 60 72 40 65 24 47 28 40 92 70 51 4 89 9 87 82 47 95 15 64 83 42 53 12 56 46 4 65 50 66 35 16 67 34 38 2 79 53 62 66 34 38 38 48 6 17 20 81 56 53 84 62 75 8
50 1 65 -2 89 81 19 5 43 1 44 47 52 51 97 64 93 32 3 38 62 78 100 -3 4 12 60 10 64 40 99 51 73 94 6 2 11 10 17 24 74 45 32 44 55 14 29 59 22 51 62 76 58 81 35 80 10 25 32 54 22 45 57 20 21 78 73 42 77 96 46 73 66 79 21 93 66 95 13 62 19 15 58 50 16 7 18 3 26 28 29 59 94 6 72 19 14 4 31 41
81 70 40 19 39 9 35 76 9 38 56 42 40 8 96 90 52 56 83 73 82 57 85 82 61 81 81 31 23 90 5 88 80 12 57 88 18 53 14 59 95 40 24 14 55 2 45 73 95 52 90 13 89 19 4 39 45 82 38 23 15 32 88 81 3 81 94 65 94 49 41 26 35 37 74 97 21 22 61 22 102 85 60 89 12 23 8 50 28 83 60 21 31 87 85 26 74 32 32 92
2 45 85 93 71 76 91 62 63 89 36 74 100 37 23 1 57 76 82 76 101 89 74 70 82 24 73 28 63 68 99 -1 29 56 71 91 37 46 72 40 87 34 81 17 52 68 4 59 99 51 63 4 36 92 16 53 77 52 92 34 70 43 64 77 40 96 74 26 39 88 16 10 15 88 18 12 42 89 21 20 11 35 42 24 76 90 31 95 68 20 56 70 18 42 52 37 39 79 36 10
65 83 48 61 49 42 12 75 92 98 16 9 44 49 3 76 63 82 11 31 28 96 91 35 91 29 85 40 45 31 16 91 21 15 67 36 56 96 16 54 4 5 8 18 13 45 69 73 81 54 57 68 47 20 101 91 75 90 50 7 100 5 55 4 85 11 21 43 80 70 55 67 24 27 73 75 19 79 97 4 25 21 62 9 58 34 53 13 44 32 89 2 99 68 73 79 97 61 4 55
81 1 20 28 28 56 49 95 89 65 77 8 4 63 23 57 88 90 94 24 61 74 17 -2 46 62 88 29 63 81 74 48 98 5 99 30 46 6 66 93 51 90 67 20 56 15 77 90 31 22 90 0 3 95 65 0 34 36 62 10 90 15 11 83 29 17 23 15 93 25 95 86 16 11 49 96 97 49 60 10 46 0 83 42 16 68 42 55 52 56 69 57 45 26 77 69 49 -1 43 9
38 90 31 52 6 25 12 3 91 11 91 70 83 56 86 35 89 62 29 33 13 84 89 89 39 54 26 98 46 55 38 61 91 75 95 85 88 18 56 3 45 61 81 75 30 90 91 74 59 26 96 87 9 41 27 1 31 55 14 65 76 54 25 98 24 100 66 11 51 88 30 95 35 62 75 61 89 45 12 75 39 49 41 87 97 44 62 23 72 16 60 55 63 25 29 38 5 54 31 96
94 45 83 48 44 68 5 52 77 73 48 56 69 88 62 29 98 19 12 63 52 46 8 11 99 21 45 90 63 67 67 87 47 80 55 92 46 67 82 79 49 47 70 88 95 79 42 17 34 77 35 11 94 34 34 73 87 61 45 13 86 18 46 4 10 12 70 92 88 2 97 85 46 76 31 24 69 13 71 22 78 80 37 26 55 87 60 88 99 41 3 63 24 30 59 7 24 1 83 90
20 74 67 95 70 71 11 4 79 90 84 7 37 68 31 95 63 40 8 95 68 24 44 2 39 35 75 36 64 70 27 53 37 17 85 74 83 7 75 31 97 52 24 40 56 71 91 69 74 45 68 97 92 9 20 98 62 21 16 42 54 36 98 27 53 48 14 53 32 48 65 34 63 95 45 81 52 98 63 79 59 36 99 97 79 71 16 90 88 52 64 73 15 7 65 66 98 4 92 38
98 56 11 95 83 49 15 36 65 -3 71 22 10 68 51 18 3 82 66 35 92 67 90 58 29 57 98 29 35 11 68 62 74 66 71 57 59 31 71 95 45 85 72 20 74 28 16 84 97 95 18 21 65 38 8 40 36 67 29 52 9 6 65 79 57 36 93 95 38 78 73 33 50 60 17 54 13 22 93 92 55 12 94 59 81 25 50 4 49 55 31 -2 19 37 62 40 77 72 5 71
92 51 3 92 82 80 53 75 86 33 94 38 81 23 4 47 87 82 76 63 96 58 26 73 12 28 6 42 46 49 27 82 20 15 78 42 38 28 34 90 56 62 58 43 37 19 62 17 14 57 96 32 90 15 16 33 3 42 45 56 30 57 7 29 74 100 93 15 96 42 76 26 30 43 8 37 44 90 44 50 24 62 33 80 24 15 43 51 27 99 92 32 52 94 91 41 16 39 90 19
16 36 18 66 11 32 17 30 84 90 61 73 70 22 93 46 84 16 70 77 3 85 6 77 13 58 5 88 88 50 44 -1 76 72 22 61 88 67 12 46 41 74 60 26 89 86 76 36 99 45 87 54 39 18 8 2 47 86 75 56 24 57 86 33 19 27 91 14 37 5 88 36 60 19 50 -2 14 26 2 92 2 68 46 15 41 3 11 54 84 93 55 0 67 -1 37 18 42 14 12 31
61 31 66 67 40 1 54 43 15 94 65 32 29 28 12 55 73 51 81 7 64 62 4 72 29 7 82 24 97 18 27 85 46 51 54 85 34 75 79 81 63 81 7 78 28 81 51 83 14 82 24 47 45 33 58 27 66 61 54 26 21 41 27 82 45 50 58 58 100 10 28 56 23 24 35 46 16 83 35 44 66 1 94 21 68 50 61 6 78 26 57 20 96 8 73 100 87 43 93 97
51 7 13 91 66 13 36 25 34 71 75 24 71 55 33 70 20 1 89 93 41 61 4 2 24 58 39 4 11 61 37 22 53 93 20 96 11 51 41 16 49 6 79 17 55 49 27 25 43 7 23 41 59 93 88 26 40 96 86 24 26 78 6 63 24 79 71 61 88 -1 99 55 68 94 29 78 2 49 90 84 48 12 32 78 37 77 66 39 32 33 48 23 89 27 44 55 82 96 33 17
29 92 82 1 79 77 95 35 50 52 80 62 71 22 88 79 87 24 81 79 7 88 61 21 23 80 53 95 101 37 44 2 82 35 13 12 22 15 60 99 8 43 27 16 43 43 4 29 53 8 99 66 64 74 99 17 38 20 34 85 96 4 58 38 52 73 21 92 85 25 86 33 8 16 99 53 97 83 97 53 68 49 84 60 5 65 50 70 3 73 67 48 43 23 28 69 68 43 23 15
15 13 87 6 75 79 86 6 82 33 78 21 25 73 80 96 61 26 10 68 23 27 3 19 7 41 101 89 66 67 22 2 68 65 43 15 20 29 9 86 21 17 66 24 88 41 33 89 52 23 101 56 47 15 93 7 11 86 51 22 14 88 42 27 71 18 27 77 65 96 55 3 82 22 23 35 11 54 31 17 64 9 13 52 3 79 26 34 15 8 20 -1 42 91 76 18 21 1 68 1
86 70 40 70 76 93 20 27 93 29 70 74 57 75 81 24 60 3 14 42 38 92 5 87 15 90 72 18 99 80 27 58 84 99 89 78 79 20 22 86 57 62 46 9 91 91 69 57 3 27 76 93 81 51 45 17 15 100 28 38 11 12 5 65 86 71 52 51 91 88 8 91 53 57 72 32 90 17 101 92 52 41 74 23 4 93 63 73 63 85 31 75 63 72 80 29 60 67 37 81
99 11 2 71 82 39 18 -1 13 87 97 35 87 42 51 -3 101 66 5 63 56 77 3 15 48 49 61 82 67 62 68 3 86 28 43 31 55 28 81 73 68 68 49 45 16 78 12 10 20 66 21 58 34 69 85 95 69 16 69 68 27 70 75 13 48 87 68 57 60 -1 71 48 37 96 11 91 49 52 13 79 96 33 64 13 65 80 39 51 77 77 47 20 20 64 101 74 45 84 27 90
75 5 34 58 33 75 22 85 12 12 92 5 10 11 19 48 65 99 77 36 43 84 88 7 3 78 36 81 79 21 24 1 89 93 86 65 81 74 43 99 78 13 7 14 79 90 47 25 34 6 14 15 46 39 96 56 56 80 79 25 89 64 75 84 55 79 85 14 23 78 39 49 31 56 19 72 72 25 67 88 26 62 49 38 99 66 65 55 59 26 26 14 77 72 102 6 73 18 23 73
49 34 65 60 43 8 85 78 38 30 56 85 31 91 67 90 84 61 89 27 79 91 75 81 57 6 44 46 82 8 38 21 56 49 87 -1 88 78 81 23 76 38 76 55 2 10 73 7 28 13 96 80 5 57 67 56 32 2 95 90 2 36 60 69 19 83 29 85 72 90 50 34 15 44 20 -2 82 55 38 70 89 94 97 23 77 -1 39 17 89 23 68 16 71 15 76 67 8 93 39 69
95 5 74 75 32 14 92 9 78 67 86 73 76 36 78 68 72 21 18 15 27 86 84 42 33 80 19 86 11 94 87 16 28 47 70 50 82 84 5 6 43 66 89 71 95 75 96 1 89 93 20 76 100 67 80 61 34 78 86 78 91 32 83 3 32 85 19 61 67 22 11 13 101 95 6 2 12 76 23 36 78 44 99 82 101 79 58 43 56 21 82 9 68 9 21 80 83 9 8 58
16 73 46 41 78 42 29 86 52 34 94 40 82 49 95 23 52 32 37 24 63 25 85 73 23 7 50 8 35 36 5 25 5 73 15 19 73 32 69 90 14 40 98 25 14 67 28 22 38 53 52 50 84 8 36 65 34 60 70 65 4 69 57 18 87 38 84 14 44 94 52 75 13 32 74 28 44 73 2 34 46 93 58 14 12 76 56 49 23 17 48 35 73 34 11 69 53 20 7 16
25 99 55 12 50 8 53 49 27 48 45 22 47 1 75 53 32 72 92 75 41 75 65 66 29 87 64 81 27 78 82 30 64 88 56 82 3 31 8 82 45 65 65 11 89 77 46 28 71 11 72 1 73 85 83 5 20 8 32 89 66 44 23 74 89 60 14 45 46 97 40 14 83 32 38 14 28 5 29 89 81 91 10 70 71 46 44 13 39 61 54 3 8 73 62 49 101 55 74 92
95 91 86 0 21 27 17 38 73 59 9 -3 37 71 16 74 2 61 87 54 34 37 8 25 28 54 72 85 83 69 94 48 73 0 49 8 59 88 72 59 63 75 43 35 70 30 37 82 43 70 93 53 43 62 65 34 28 3 25 52 46 13 4 -1 101 15 54 47 58 94 41 70 62 8 8 79 10 95 25 51 69 60 55 29 46 86 56 51 43 26 62 57 89 63 76 21 22 89 34 50
18 10 24 6 89 52 6 57 73 44 30 99 97 47 70 6 56 40 75 73 84 55 93 1 92 69 38 64 39 13 35 78 65 11 86 48 60 50 65 77 55 93 8 73 34 34 62 1 23 78 96 91 96 70 26 30 27 54 94 34 83 97 43 25 81 89 98 1 72 72 85 32 68 48 77 76 60 52 26 84 70 91 25 82 47 88 18 51 5 86 84 32 10 12 53 91 48 31 97 56
91 73 98 88 84 46 71 88 34 69 96 20 52 95 72 73 38 33 49 29 34 23 61 82 17 21 39 35 12 49 65 85 89 13 59 30 21 51 39 32 29 73 43 74 41 94 51 79 44 74 25 46 14 28 98 21 85 69 71 96 94 41 48 93 83 65 56 -3 39 42 57 44 76 28 91 1 27 14 95 16 70 39 2 51 48 64 12 71 47 59 38 89 95 46 86 37 13 84 50 71
71 61 71 95 57 11 62 99 63 16 15 88 42 3 38 67 84 58 19 77 80 87 14 75 53 64 73 28 43 83 39 91 68 50 63 5 98 18 46 48 12 82 59 51 14 55 66 88 78 48 15 35 24 78 32 16 9 58 42 12 79 20 44 57 91 55 45 25 15 52 99 27 43 80 25 58 11 44 100 49 88 6 80 86 27 74 96 95 5 30 79 18 28 56 25 17 99 21 73 6
54 89 57 -2 28 9 70 71 87 94 55 72 83 28 6 91 8 17 12 23 5 79 55 92 64 79 20 22 83 16 87 3 84 4 86 67 85 2 70 51 16 92 7 76 93 9 53 71 60 87 48 3 43 14 89 95 34 9 5 53 20 9 84 26 95 81 49 18 32 17 82 20 94 56 58 73 60 77 24 28 54 27 9 83 92 63 30 77 76 77 87 23 48 28 2 75 30 92 98 15
69 94 50 95 90 66 42 27 41 14 72 37 95 34 53 73 61 38 69 24 72 69 11 59 67 82 41 41 44 81 100 17 90 98 18 11 93 92 52 7 11 53 28 21 80 35 13 49 11 90 71 94 21 63 102 55 66 73 101 96 78 54 73 92 18 32 92 4 10 76 89 97 14 45 54 94 98 38 63 26 11 37 43 14 39 29 31 3 81 81 54 45 72 40 66 6 58 30 99 86
73 10 39 -3 21 9 26 88 45 52 97 10 4 66 12 60 83 13 100 5 68 20 27 72 90 32 44 90 88 -3 92 61 78 65 73 84 24 43 35 42 70 82 36 19 2 3 38 10 3 89 56 44 8 67 32 35 81 86 16 66 61 89 74 79 44 13 73 57 47 23 16 77 39 6 58 80 10 66 49 65 9 79 29 41 29 70 92 56 52 14 73 66 43 71 38 75 2 6 84 42
90 65 100 29 30 9 61 99 69 83 102 50 80 61 97 84 66 21 17 69 81 33 60 6 71 58 50 79 5 67 88 12 87 73 98 83 50 16 37 14 29 100 66 91 78 47 71 30 31 22 94 60 41 4 71 57 32 26 36 10 66 90 5 13 7 58 101 62 80 87 86 19 46 50 33 73 7 35 12 91 21 10 100 77 62 47 69 77 80 99 13 42 21 5 21 53 59 40 11 7
42 90 43 63 3 15 57 64 81 45 68 90 44 73 48 11 7 21 28 31 63 21 35 42 12 24 36 79 34 93 94 0 93 50 43 25 54 39 10 17 28 15 40 85 72 26 55 57 81 86 9 67 86 84 64 86 6 51 46 9 79 28 60 23 42 66 93 59 100 35 68 45 9 81 62 78 15 64 25 39 58 37 46 81 91 44 68 42 24 73 35 53 71 65 65 5 91 1 86 11
77 51 23 69 71 27 27 89 28 94 74 22 38 5 74 47 68 4 46 38 7 23 6 100 47 70 43 37 10 80 31 38 86 28 13 46 17 13 12 12 34 40 65 94 27 51 63 36 87 79 69 96 99 24 31 90 31 80 57 74 20 93 9 49 32 22 91 78 15 84 51 48 80 31 80 23 45 21 100 96 59 35 63 55 64 2 28 57 11 97 79 2 20 69 56 93 3 13 3 88
9 46 21 16 13 56 9 -1 54 86 76 20 18 5 98 57 22 88 58 48 21 58 95 91 24 29 73 44 56 59 101 52 83 23 54 21 84 94 68 32 17 50 8 81 32 74 19 13 7 72 60 13 58 77 36 8 35 -3 56 43 51 81 80 67 20 76 77 18 73 18 37 40 72 29 82 38 32 41 85 36 56 46 90 71 24 65 25 16 33 6 49 20 83 43 34 1 13 8 72 26
43 75 31 99 45 14 26 20 76 48 48 58 24 19 5 50 88 17 63 37 96 56 34 92 67 97 46 16 86 56 69 61 16 45 86 83 74 1 97 92 28 7 43 17 12 7 58 8 75 87 29 3 38 76 29 38 20 13 90 75 37 14 55 76 76 74 81 69 71 8 12 90 69 76 25 25 39 3 31 22 85 31 11 77 83 37 29 47 95 74 79 18 24 3 16 62 98 84 77 31
95 57 82 37 33 33 99 10 23 19 81 66 32 29 59 51 58 56 59 49 20 64 14 17 55 30 100 35 100 36 83 70 67 36 90 22 62 8 12 26 96 96 18 42 6 77 65 13 7 65 56 4 72 6 76 -2 17 15 3 83 19 21 50 91 93 27 80 68 92 94 31 43 36 2 3 2 67 55 68 94 38 58 76 82 73 92 33 46 23 91 84 0 14 48 85 61 21 12 79 50
58 33 82 4 34 84 78 35 56 65 78 80 86 7 28 2 8 75 75 75 87 82 4 83 94 92 93 35 25 81 39 40 33 80 85 75 75 20 11 36 36 57 35 18 10 65 27 64 73 54 76 81 22 55 85 21 68 31 41 73 5 48 11 44 82 43 38 50 59 32 79 53 59 19 85 80 13 36 80 43 51 17 78 77 68 51 6 42 28 52 58 16 23 39 37 21 49 100 8 57
28 81 62 4 54 53 88 17 79 29 94 71 99 77 101 89 37 95 9 55 45 35 41 54 54 52 67 63 65 69 53 91 35 28 78 69 44 16 44 71 47 72 4 77 79 61 85 34 93 66 45 45 2 8 4 52 74 89 13 63 81 4 76 -1 24 77 24 53 84 35 45 76 101 12 35 16 97 92 36 73 44 49 28 54 42 79 40 60 55 66 8 43 27 87 91 41 51 79 55 23
25 97 61 20 87 82 79 59 77 31 26 30 71 67 32 35 48 31 17 89 4 93 4 62 94 87 26 28 11 52 89 49 6 26 32 95 59 52 102 71 54 7 91 97 76 80 98 82 44 19 88 74 13 37 94 11 45 100 40 37 5 99 28 58 68 22 11 19 44 51 85 61 102 16 78 16 58 66 76 36 23 15 38 8 43 55 54 70 48 61 75 3 28 7 10 44 96 94 9 40
39 68 69 12 73 3 94 30 8 80 87 68 100 51 49 53 29 14 15 46 34 38 29 86 77 8 87 72 80 21 76 78 27 18 49 69 76 5 101 6 40 76 16 33 91 18 93 21 13 61 59 87 84 88 55 7 92 22 27 36 9 69 8 16 18 95 68 17 63 80 20 40 35 12 16 -3 11 49 44 26 93 93 30 60 32 -2 76 60 14 70 31 6 83 83 70 69 19 78 62 22
60 96 69 26 17 21 54 35 5 70 24 21 8 80 89 15 4 89 42 99 75 61 96 34 55 51 57 24 30 58 9 77 5 19 19 12 50 74 71 23 98 35 67 3 43 82 77 19 72 12 96 6 5 62 81 60 92 51 64 67 54 66 13 59 26 56 86 29 67 1 73 84 75 34 10 100 61 33 14 71 40 8 77 31 75 40 15 69 72 74 100 76 49 72 11 55 33 93 37 1
15 5 40 27 82 78 14 32 54 4 13 94 55 48 38 6 54 77 16 47 91 17 12 -3 90 58 6 62 40 67 26 91 35 30 71 48 55 49 101 39 32 32 34 84 38 49 100 37 99 64 51 87 11 50 39 85 68 65 29 57 15 83 55 4 54 21 41 4 69 36 21 89 18 33 42 54 43 51 18 60 67 61 3 84 18 61 91 25 101 11 8 47 45 19 57 54 13 38 91 69
El programa tardó 15.625 milisegundos en ejecutarse.
