29 82 91 3 37 42 12 79 75 54 60 54 44 19 42 52 97 35 70 96 102 60 87 57 32 27 36 31 36 9 99 64 5 86 3 54 59 95 12 71 46 99 63 97 62 22 102 88 5 94 19 9 27 36 82 47 45 34 58 5 61 37 52 83 90 49 53 47 46 70 72 68 52 76 74 58 26 25 42 92 77 33 12 56 100 35 92 28 73 39 28 77 88 38 31 14 15 54 79 20
77 54 95 38 43 1 96 22 79 7 4 46 87 12 9 84 44 34 3 36 97 66 34 38 23 31 65 71 53 55 82 81 63 13 76 22 91 -2 57 29 92 38 9 74 69 35 33 0 9 87 96 12 44 36 47 79 100 54 22 26 59 68 39 26 43 15 8 35 40 7 25 6 64 67 73 8 65 14 93 56 77 60 65 20 45 83 43 40 93 61 28 81 38 38 27 36 2 26 27 35
84 55 48 60 55 70 51 10 17 95 26 7 101 40 74 30 28 37 55 18 59 82 32 9 42 86 85 46 23 5 64 100 57 12 9 70 31 89 101 86 62 74 65 50 58 30 17 91 20 96 45 67 97 76 75 78 79 36 91 99 52 17 32 11 68 22 28 37 50 34 78 72 72 79 41 36 38 6 29 62 95 71 13 62 44 45 102 48 68 8 80 70 100 6 38 7 45 13 65 24
57 72 46 90 100 38 94 61 51 63 99 38 28 96 14 50 87 37 87 41 98 95 62 66 58 46 18 10 8 51 61 37 17 78 29 84 71 6 25 19 62 22 26 30 89 24 17 56 7 6 89 90 26 9 94 -3 52 69 98 31 76 35 4 42 64 65 65 20 78 74 60 42 44 15 83 32 45 87 77 84 36 58 29 50 92 0 47 27 3 60 77 39 79 72 14 75 80 86 8 69
20 52 49 7 70 51 22 54 7 37 33 74 56 67 95 100 65 50 25 88 34 28 39 11 18 33 59 13 96 36 38 82 49 30 79 22 14 48 90 44 82 61 36 49 4 70 69 6 5 47 90 88 81 63 83 66 33 77 88 37 20 68 4 87 61 15 27 91 88 54 84 70 68 75 5 34 21 38 85 77 65 36 23 80 47 59 94 63 6 63 3 59 91 77 94 45 94 46 25 59
4 32 19 -2 61 94 95 55 14 25 6 81 2 43 4 20 71 19 17 81 82 23 40 34 54 55 21 85 61 57 53 93 53 25 28 19 97 66 3 94 44 79 27 42 26 65 24 79 25 25 78 70 26 18 88 30 66 23 45 11 7 72 66 15 15 87 82 64 7 91 92 40 43 39 6 9 61 48 7 50 30 91 8 75 84 66 23 89 19 38 10 83 87 -1 28 11 92 92 42 91
8 3 43 96 54 98 16 95 44 24 79 10 11 78 14 36 96 35 73 50 96 64 12 71 72 75 92 12 70 45 27 67 14 48 27 81 91 53 24 5 38 40 39 78 57 7 52 65 10 34 5 56 45 39 92 94 80 13 84 60 97 4 14 71 71 14 12 92 37 21 97 27 81 57 76 36 29 24 51 2 37 58 42 37 85 4 50 25 34 5 35 44 97 63 63 53 24 63 84 56
54 40 29 12 47 21 92 31 73 65 36 43 23 26 97 68 31 11 88 78 36 17 14 16 100 28 60 81 97 95 101 24 26 31 98 12 49 9 71 46 70 65 101 37 52 78 41 94 49 6 78 65 84 38 6 72 8 39 95 50 13 53 67 6 18 44 43 -1 46 51 46 48 7 70 81 65 66 54 86 33 31 80 50 26 89 18 3 12 65 92 55 71 19 18 33 83 73 67 64 56
94 23 21 8 70 100 71 88 16 40 6 58 98 96 12 34 40 73 22 74 80 18 51 32 62 64 25 1 24 46 60 70 8 21 90 3 68 4 56 73 32 6 63 47 25 6 86 83 79 75 53 49 51 50 59 40 63 10 90 38 29 11 72 35 61 10 4 89 79 91 76 1 33 5 85 21 101 24 82 43 13 6 26 65 26 61 3 34 37 31 77 50 47 71 74 24 99 55 49 59
21 27 9 41 39 55 43 47 97 94 85 -1 36 4 8 53 92 83 42 81 27 57 36 89 16 87 65 40 82 89 51 40 49 8 82 5 32 91 72 17 78 10 72 54 96 62 24 81 77 86 4 36 67 28 45 94 80 8 12 27 59 32 16 36 73 14 3 70 20 91 4 2 22 28 55 15 63 18 94 63 87 43 21 79 67 42 57 56 17 -2 88 71 52 84 78 48 9 20 27 69
43 77 35 76 76 40 44 41 43 5 13 39 64 65 14 26 26 61 81 57 12 17 63 64 83 94 85 72 46 27 37 100 90 96 10 29 33 39 42 86 4 94 34 45 66 16 79 22 66 10 79 93 43 99 3 54 7 13 6 72 42 89 53 29 61 71 38 40 35 42 59 2 36 1 100 46 85 99 21 7 101 40 92 65 98 95 99 62 90 11 64 34 50 20 72 72 28 43 34 49
2 10 57 30 26 75 79 51 71 26 95 56 15 75 96 48 15 94 23 88 96 84 92 90 60 66 25 47 41 45 75 54 82 17 15 49 71 56 40 96 97 49 80 93 81 20 71 34 45 17 7 72 9 19 18 14 73 56 65 96 55 22 97 61 27 12 17 17 2 8 43 5 38 75 77 76 95 55 7 44 46 79 44 41 72 40 65 95 93 28 73 92 71 38 99 13 100 41 73 60
42 24 63 20 85 47 35 60 35 97 28 22 91 37 22 28 57 28 92 79 53 19 98 5 17 44 91 92 100 76 59 88 85 15 27 18 72 12 89 40 50 43 38 2 14 6 69 66 58 20 43 3 55 50 11 62 43 42 46 1 10 55 82 10 4 70 94 99 41 57 44 62 76 84 8 50 73 58 44 63 10 84 35 86 50 75 98 74 52 8 100 19 84 93 73 13 81 97 41 50
22 30 68 23 66 6 65 90 39 89 32 50 30 65 63 12 26 6 63 38 39 2 60 38 41 60 4 27 61 10 89 61 45 18 15 22 56 44 29 86 15 67 77 96 88 10 34 74 35 15 71 12 77 40 41 58 100 40 30 56 37 54 43 74 69 12 72 8 52 29 54 16 69 42 36 6 97 58 19 92 36 6 101 67 8 52 33 72 23 58 54 79 48 12 63 23 43 40 31 80
39 94 10 3 6 43 55 86 34 11 42 16 65 60 35 10 69 99 87 13 102 83 18 36 17 91 61 37 93 95 91 2 18 77 80 42 52 46 74 93 78 87 79 98 35 66 65 87 42 85 24 92 52 17 19 86 99 80 15 34 22 93 75 30 71 75 91 91 71 20 61 51 84 38 99 39 55 21 34 61 29 37 86 99 48 46 54 42 70 87 20 77 56 76 83 92 47 6 59 43
9 51 57 61 73 54 14 23 74 10 90 72 51 57 85 88 71 80 82 82 27 55 53 19 89 8 59 68 68 88 68 51 55 28 65 55 53 29 67 7 60 47 78 51 75 49 4 28 88 50 23 25 22 36 73 7 81 33 97 15 78 80 73 76 28 17 46 50 55 10 35 94 86 9 44 30 54 23 98 32 55 96 65 95 12 55 32 71 54 12 57 87 92 94 21 41 99 92 53 56
12 12 61 79 60 21 73 7 14 67 46 59 40 14 11 46 47 42 31 76 33 31 14 16 91 81 5 36 27 82 81 99 38 23 13 79 62 48 47 11 41 5 98 99 81 94 43 74 68 41 75 68 101 96 30 85 26 3 39 16 20 20 47 48 60 72 65 27 25 32 34 19 17 28 80 24 60 25 17 99 43 96 84 80 87 91 56 64 67 71 58 72 35 65 98 9 53 86 7 54
24 30 96 68 58 -2 96 23 6 82 76 31 22 18 98 25 69 22 49 26 52 69 46 74 84 -1 35 4 10 88 71 18 2 8 28 26 2 21 73 6 28 76 94 95 16 10 35 53 15 27 26 40 84 36 87 82 78 89 73 7 36 35 96 64 14 15 10 42 92 4 20 80 56 88 42 40 3 80 48 85 33 59 33 25 35 34 39 45 92 37 10 70 65 38 4 74 95 25 100 66
13 78 18 1 29 69 78 18 57 19 30 22 64 49 41 93 89 86 34 58 52 88 41 9 102 57 11 86 63 86 40 77 36 5 32 9 91 27 63 48 7 69 25 34 80 47 71 64 96 92 6 12 52 31 82 81 92 77 52 99 33 83 93 15 93 53 53 32 21 81 4 43 13 52 78 22 28 33 44 56 69 24 43 9 95 70 24 30 16 55 48 42 71 57 3 84 76 65 58 71
86 1 23 30 78 87 5 55 82 8 48 52 87 93 57 60 57 67 14 10 2 46 83 33 57 14 81 33 63 53 100 36 20 6 46 22 74 68 86 83 31 57 45 35 39 86 96 48 76 62 60 79 79 93 13 91 89 92 14 3 67 52 21 11 19 45 16 80 97 27 82 17 84 79 82 4 79 82 56 69 69 61 56 64 34 3 94 42 97 15 2 55 7 40 90 16 78 50 41 35
50 61 87 90 6 4 48 59 19 39 45 45 70 7 37 10 11 90 43 81 95 11 15 66 13 44 67 24 38 88 58 24 45 46 86 94 76 80 42 68 34 65 45 25 92 25 61 97 25 97 19 32 47 19 80 9 43 18 89 78 61 24 18 28 41 24 62 92 68 34 73 4 5 56 29 46 27 39 10 39 12 96 30 65 69 60 92 8 39 98 88 65 39 60 16 81 90 68 8 16
67 19 80 70 78 16 71 82 48 72 20 61 90 64 65 4 43 96 50 66 99 33 24 78 19 37 19 60 24 94 74 -2 96 17 87 76 53 47 10 58 63 12 38 34 56 25 55 93 72 48 15 62 76 86 56 41 54 17 45 31 60 8 38 49 77 30 65 10 93 11 19 42 65 53 93 1 4 72 47 45 45 95 97 32 101 11 21 14 80 38 42 92 30 46 96 21 13 33 37 63
60 68 5 7 34 12 10 66 66 62 19 62 35 49 64 9 37 1 54 67 21 42 13 70 33 73 90 40 101 39 101 73 80 98 37 79 43 26 30 68 80 87 4 39 15 6 76 64 44 24 22 40 14 84 54 9 18 80 39 18 59 66 72 70 30 87 100 52 7 21 71 29 84 26 58 35 16 72 49 96 91 21 92 75 63 14 23 30 94 35 23 43 91 75 61 91 47 5 64 91
38 58 2 73 36 71 32 27 86 68 37 23 68 95 15 22 16 41 27 66 54 25 70 39 68 92 69 71 66 20 90 75 47 53 51 26 57 16 86 29 96 -2 47 23 47 52 46 14 68 51 47 66 34 64 79 3 39 84 14 8 83 57 57 75 45 64 31 76 93 30 17 92 54 5 67 64 45 37 73 24 88 24 67 81 93 74 59 14 59 28 72 -3 41 34 7 29 94 58 96 21
16 4 18 71 55 85 32 100 32 29 88 92 70 5 55 12 19 39 8 13 53 40 57 42 42 82 27 77 67 75 19 4 35 73 57 78 48 96 4 52 49 21 68 30 11 66 39 53 55 49 94 72 97 94 10 52 79 32 43 79 37 8 94 75 46 14 90 9 39 31 89 61 62 81 99 3 16 38 37 95 63 6 89 28 28 10 33 98 7 84 53 14 96 44 69 7 95 24 89 46
5 75 68 17 34 76 4 91 23 19 91 14 98 12 6 96 79 17 26 66 24 52 75 46 91 92 97 96 72 49 98 9 48 20 58 55 27 75 14 9 58 54 37 24 17 26 69 55 35 93 69 58 85 75 23 64 94 67 20 28 33 39 23 44 59 73 97 38 22 29 50 19 7 90 94 15 6 -3 11 6 17 71 11 87 36 8 6 -1 85 62 64 24 36 1 26 -2 16 15 55 94
71 16 43 97 25 6 83 48 42 71 88 7 95 27 102 34 79 82 58 14 73 87 77 58 15 14 70 63 8 82 68 69 69 77 64 2 57 17 61 49 62 78 28 84 10 44 30 95 53 54 82 73 30 93 75 55 71 31 65 4 79 47 99 90 58 14 96 95 96 63 102 65 82 94 99 19 50 50 3 88 56 15 34 83 62 64 28 59 88 51 61 56 98 67 24 88 49 85 17 60
58 63 73 0 19 77 5 19 18 38 41 56 72 91 20 18 96 91 61 87 79 70 47 3 59 15 40 5 65 24 15 58 87 47 64 20 51 71 5 39 53 44 7 18 41 2 21 6 97 13 84 44 57 -1 86 23 100 78 5 68 30 15 29 19 76 61 17 34 94 -3 58 3 52 14 42 13 37 3 46 94 4 33 44 16 19 60 74 11 47 25 94 40 53 44 6 25 25 36 3 47
10 99 90 78 40 35 48 10 89 96 5 90 98 8 5 39 72 56 19 71 90 63 83 39 61 25 96 61 20 77 8 15 34 92 90 45 44 54 79 100 7 26 13 82 89 27 50 47 73 19 46 99 73 57 63 50 44 5 59 48 27 45 46 11 35 65 33 31 7 63 73 60 55 42 13 31 37 48 18 94 95 34 38 26 21 35 74 98 33 43 10 48 30 21 12 61 94 76 20 29
21 68 87 -2 32 49 31 43 83 24 45 51 26 43 83 47 83 66 65 2 97 67 77 46 73 32 36 53 8 88 49 61 88 19 82 59 86 13 47 3 25 95 58 75 83 5 65 20 8 6 80 3 71 -1 95 4 50 63 85 17 23 39 13 79 97 28 14 20 46 56 101 1 98 52 64 53 55 50 63 34 31 24 66 59 98 59 14 91 95 31 71 83 88 12 15 54 40 43 56 42
91 15 13 11 95 80 92 18 71 94 91 53 5 97 13 24 11 35 38 77 16 42 97 9 37 54 15 26 40 41 51 35 29 90 38 67 100 83 36 49 94 42 45 51 39 88 6 100 25 46 91 27 44 24 22 95 92 100 95 51 12 17 77 29 18 56 41 6 62 70 43 42 39 56 96 1 77 98 19 63 69 67 5 47 17 34 54 62 96 47 63 12 50 52 53 17 93 65 98 90
80 38 9 59 16 11 91 60 86 -3 21 71 29 35 29 24 73 42 65 19 68 28 64 3 27 55 58 70 34 83 19 78 20 3 19 42 99 8 87 8 86 14 12 37 28 26 77 22 89 87 34 87 84 34 31 91 42 66 78 22 56 77 8 29 51 26 89 15 17 76 7 78 86 19 83 78 20 8 81 66 20 3 13 13 82 28 49 52 64 51 81 37 10 78 25 2 12 92 51 38
73 35 24 43 67 63 102 39 17 63 86 87 87 27 15 40 91 24 53 76 26 53 11 39 31 19 100 11 6 10 57 82 87 53 64 99 63 13 21 99 36 96 55 65 75 81 36 78 89 51 46 57 29 40 13 37 89 54 48 78 7 10 7 9 65 59 43 12 100 46 16 47 78 12 22 24 61 28 94 32 82 88 45 55 77 14 84 9 86 46 27 45 8 15 102 12 91 59 21 47
26 34 44 40 22 77 40 21 66 8 95 14 10 74 49 38 35 4 39 72 63 44 13 76 78 88 25 45 43 74 86 48 96 84 32 22 55 34 81 -3 37 44 26 23 81 94 37 85 16 25 16 16 37 11 100 14 62 46 47 11 45 34 63 46 57 71 83 27 17 17 43 5 39 15 70 4 20 36 85 75 86 12 93 20 64 47 24 29 86 56 50 36 21 48 39 63 75 20 11 48
74 16 89 11 96 18 48 73 54 18 10 41 98 34 38 37 25 71 17 27 102 98 85 3 101 46 27 79 81 15 7 15 21 39 9 79 29 97 85 35 15 7 39 16 51 83 81 61 33 93 78 49 52 11 49 86 29 8 44 84 37 2 16 76 6 39 16 25 46 49 4 60 74 1 6 36 73 34 14 64 81 54 82 37 57 18 93 39 15 59 21 3 43 67 54 54 78 26 52 53
39 15 37 51 93 91 72 36 34 93 10 20 94 46 96 79 34 16 44 72 95 44 35 -1 44 87 41 71 61 20 25 40 10 27 76 68 10 95 70 6 76 -3 77 86 20 -2 42 27 36 49 70 93 32 72 65 39 92 55 63 52 56 44 82 52 27 40 29 41 39 65 70 25 70 12 21 66 43 43 59 84 15 44 47 27 26 40 73 50 3 76 52 -1 60 7 86 53 97 34 17 39
6 67 78 69 5 82 56 49 14 52 15 69 11 32 70 10 64 22 13 27 61 42 102 36 23 47 39 77 75 15 91 56 96 46 52 2 89 75 13 23 19 60 25 65 70 41 77 61 82 48 62 48 36 83 99 46 12 69 10 90 83 34 69 4 47 59 54 37 91 96 100 68 63 47 10 35 82 70 12 27 63 51 78 39 33 94 87 66 22 44 10 18 69 66 9 67 42 96 9 78
94 78 67 23 81 18 64 17 47 33 93 12 53 90 80 28 61 39 49 73 91 94 71 57 82 69 95 41 48 35 9 8 83 39 9 19 81 31 63 89 66 73 26 60 5 47 63 70 31 19 21 27 56 39 67 47 77 16 58 35 72 45 28 18 51 23 85 -2 95 20 85 12 51 61 26 36 45 94 17 37 75 28 22 1 21 28 44 28 38 -2 14 56 35 74 68 14 29 1 66 89
76 76 65 41 73 55 76 57 68 43 95 94 94 68 20 79 62 35 93 67 34 100 31 63 81 98 26 4 55 85 10 99 101 20 65 22 17 51 102 24 51 64 90 49 26 58 10 32 47 44 27 63 92 65 21 4 9 63 92 58 46 49 57 10 17 42 82 62 80 4 81 15 102 88 43 77 47 5 33 76 88 99 5 32 7 23 58 22 28 96 68 49 13 15 53 45 96 26 71 73
84 18 68 58 25 81 76 22 89 61 5 -1 13 41 63 61 62 4 15 43 35 91 10 64 97 24 101 9 24 17 93 74 14 22 52 73 15 85 50 68 90 44 81 58 72 2 86 37 86 8 39 31 27 63 4 88 22 63 28 1 15 25 97 15 83 2 30 94 74 45 45 86 57 35 36 58 49 88 85 49 26 73 34 19 22 89 50 65 82 83 86 0 42 18 14 1 27 22 17 54
55 94 69 52 72 53 80 97 25 23 19 67 55 92 81 16 22 5 95 30 49 82 76 29 6 84 89 77 12 36 72 82 26 39 84 56 4 7 89 1 40 87 28 98 94 29 77 89 91 1 62 22 4 68 90 97 16 75 25 2 77 18 49 8 73 99 74 67 64 22 68 20 101 15 101 18 70 97 8 25 60 77 36 73 3 99 91 10 6 23 67 88 4 55 84 28 7 39 20 96
68 41 34 14 3 81 61 79 88 23 32 68 59 83 45 74 50 2 6 70 69 33 97 24 100 20 90 60 15 44 5 93 43 0 32 -3 80 45 82 85 39 68 4 19 74 23 91 0 19 52 52 28 23 49 62 62 19 13 96 55 25 30 56 84 38 74 63 64 76 86 24 48 24 42 11 22 22 43 84 30 73 36 80 32 90 90 26 89 98 77 90 96 97 41 89 1 74 -3 46 88
48 95 96 14 6 76 39 20 63 80 21 22 37 90 52 27 16 64 42 56 20 91 7 64 47 17 101 69 20 84 8 16 86 64 45 69 87 81 69 86 25 8 70 85 67 12 33 59 101 62 56 12 9 42 25 85 81 47 67 91 78 67 87 83 67 33 74 21 14 84 88 36 63 43 3 6 73 48 20 28 65 26 33 83 40 66 102 53 72 87 85 90 17 95 73 87 28 30 72 64
3 37 36 13 39 31 28 73 41 65 85 40 34 91 7 53 85 75 24 27 47 68 20 40 12 12 65 48 62 49 86 80 96 91 69 42 30 6 69 54 2 77 54 14 54 96 56 0 72 45 90 2 13 54 100 62 16 2 60 24 49 68 3 87 32 57 50 65 51 23 52 58 8 65 95 69 23 78 7 9 78 85 9 48 89 -1 9 93 57 17 60 18 97 54 67 71 54 25 68 37
21 64 31 65 42 54 51 88 55 32 55 67 44 75 35 30 82 58 28 33 59 71 7 49 24 38 16 81 34 98 78 33 32 26 27 47 53 84 79 59 68 56 17 28 11 92 14 10 75 90 88 76 86 19 43 10 49 70 42 20 26 32 66 72 64 81 4 46 16 46 28 89 94 66 13 59 91 3 70 10 50 32 56 100 18 10 98 88 27 47 87 93 47 40 45 90 13 17 57 50
12 -2 37 -2 17 90 59 62 54 36 8 70 30 48 39 54 42 12 100 79 89 25 49 45 72 79 66 9 42 28 38 2 45 49 57 79 37 33 97 58 43 21 40 58 44 45 19 96 81 10 8 52 20 86 28 63 71 0 66 62 71 31 97 51 62 24 95 37 51 15 46 60 13 10 39 68 23 76 5 18 27 81 73 6 61 -3 82 49 53 86 27 3 72 83 51 89 23 89 91 95
71 84 76 4 99 66 23 86 16 1 22 44 28 41 24 92 27 31 18 80 49 44 74 85 7 61 81 60 82 92 16 6 53 8 10 79 99 34 50 41 34 42 10 1 68 74 77 16 60 76 4 33 7 100 85 22 79 19 48 47 91 8 90 81 70 44 50 12 98 87 56 21 20 7 65 76 3 29 70 19 5 13 14 96 31 49 40 22 16 32 43 35 40 49 36 73 88 87 27 48
2 50 5 79 36 83 88 34 97 3 28 29 5 72 83 50 22 95 83 -1 74 1 51 50 13 61 48 46 85 58 78 64 9 87 69 93 92 14 76 21 99 86 42 89 32 58 99 18 66 47 13 51 70 39 54 67 73 78 94 11 85 40 47 32 87 71 31 15 77 40 19 31 37 84 82 52 28 51 19 -3 26 9 4 22 37 26 38 -3 66 60 32 43 19 88 11 57 3 19 12 82
35 20 41 56 38 19 34 60 85 84 101 58 78 25 43 23 3 45 49 39 63 5 61 59 15 23 29 91 53 37 32 38 53 28 48 11 74 3 53 95 40 1 72 29 55 17 95 51 94 90 55 26 8 37 95 94 4 98 17 35 31 73 79 60 83 33 22 29 38 93 60 6 7 78 16 53 34 93 102 71 73 55 46 34 11 69 58 35 63 35 54 98 20 33 22 55 85 44 16 50
32 18 40 21 15 39 87 15 31 28 91 72 86 93 52 72 53 48 10 40 73 54 3 49 101 79 35 35 91 16 95 39 100 75 90 9 97 25 47 51 34 22 23 5 53 51 86 35 20 59 95 25 11 51 66 26 5 -2 56 56 3 83 90 55 62 4 66 41 72 48 28 22 49 27 53 84 63 75 16 49 63 14 7 28 53 67 55 34 63 41 57 43 8 82 78 95 90 30 78 3
86 17 26 68 86 50 27 66 11 95 56 68 77 14 97 41 20 27 98 2 7 41 57 75 23 47 93 18 8 12 96 26 46 44 4 39 49 42 90 16 50 85 90 74 13 86 88 33 30 55 58 35 77 9 46 65 59 83 52 45 5 5 85 19 8 21 41 3 78 48 41 37 75 99 14 27 16 97 27 34 96 69 93 26 71 3 40 3 19 13 22 34 91 82 67 69 66 84 90 29
90 48 84 83 25 84 4 16 74 48 57 7 29 49 23 56 97 77 60 80 13 8 92 31 58 37 5 27 84 13 66 25 63 57 36 39 21 62 19 58 13 29 17 81 80 71 40 56 78 96 42 80 5 72 88 91 87 59 17 49 41 82 65 0 37 5 28 74 9 85 9 88 95 58 60 69 100 29 24 50 53 27 53 51 76 23 100 74 59 82 6 28 4 82 94 26 38 88 55 74
53 71 68 15 58 92 4 46 25 17 102 66 24 8 57 47 20 28 42 20 9 4 22 90 32 22 41 61 36 23 43 68 30 16 98 61 73 15 100 24 88 98 17 37 19 94 86 49 60 37 29 94 90 91 45 72 96 14 57 57 16 11 36 69 70 75 8 75 28 1 40 89 62 48 35 60 85 72 52 64 92 72 93 17 75 54 4 80 30 21 77 42 87 73 14 89 7 34 33 23
35 59 67 16 13 76 68 54 98 67 66 -1 56 8 7 61 76 5 100 11 5 93 53 76 4 54 38 19 56 16 75 29 70 37 37 59 93 5 27 62 9 -1 3 -1 27 15 49 27 93 70 77 58 34 66 22 80 28 5 14 83 30 36 80 48 22 14 76 13 50 46 93 49 2 33 73 73 30 79 76 86 79 0 101 84 84 39 87 37 91 39 82 77 55 34 23 31 83 50 91 43
65 27 23 67 90 87 27 80 87 95 40 3 43 34 73 69 37 24 40 72 14 54 37 66 39 76 36 53 56 53 84 28 9 18 72 95 24 39 86 6 81 44 10 37 63 54 58 41 56 76 88 8 17 51 66 75 43 50 45 33 88 45 5 4 40 20 47 63 40 86 97 12 57 41 41 16 43 16 57 78 91 2 30 96 87 8 18 46 94 20 49 14 27 5 21 78 5 38 82 47
17 -1 8 51 30 58 46 91 74 46 81 90 98 35 35 25 48 43 95 75 10 68 5 36 8 80 18 25 82 -2 37 16 75 35 80 67 37 17 9 51 38 17 70 63 93 91 62 96 65 45 68 13 62 -3 56 58 64 75 21 46 43 4 29 11 80 32 5 63 99 66 15 26 24 -2 22 90 24 93 96 80 69 73 17 54 45 16 69 79 53 9 40 6 35 80 74 19 91 66 67 36
17 19 8 54 78 71 54 65 68 68 9 37 13 41 102 87 93 94 9 13 23 53 50 46 98 78 74 5 25 26 22 24 85 81 70 36 67 41 90 67 57 37 49 36 47 71 46 30 102 5 29 57 90 44 76 75 97 78 5 34 42 87 94 60 43 46 32 55 85 9 71 7 32 61 59 22 21 31 61 42 92 27 95 26 54 76 29 35 86 48 55 69 63 52 15 92 37 81 7 89
68 22 85 65 8 75 7 85 13 42 83 6 83 41 28 71 24 61 47 44 96 95 69 35 12 81 70 83 12 40 40 53 43 0 39 81 84 90 59 80 85 55 46 89 6 79 74 55 85 71 69 4 45 71 25 62 78 76 83 76 37 35 101 95 98 35 31 38 58 67 57 33 50 7 61 66 24 61 99 20 77 40 32 95 77 66 36 -1 5 50 14 42 40 80 81 66 74 54 65 1
82 70 41 20 87 53 47 32 99 2 7 16 4 57 95 31 20 72 76 8 9 69 95 91 83 8 34 66 98 97 93 68 32 95 78 20 57 69 59 86 62 98 83 17 67 29 86 3 74 24 28 27 14 75 75 79 45 76 25 69 12 2 62 35 13 77 38 50 65 39 64 88 25 87 72 7 26 15 74 97 27 17 63 18 23 76 11 73 54 29 17 27 61 50 12 18 77 73 71 74
32 14 30 94 12 86 60 44 80 49 69 83 85 3 40 90 100 25 61 2 18 61 81 43 78 -1 79 59 78 90 26 62 99 38 42 68 13 -1 7 92 80 20 44 78 42 47 36 79 96 53 21 73 101 27 23 15 13 79 33 3 44 60 90 83 56 55 42 54 61 0 80 36 59 35 81 83 60 76 87 25 76 94 72 68 10 38 42 63 72 66 39 44 73 87 47 86 90 83 98 34
44 86 32 57 89 52 45 95 82 83 73 3 96 69 66 6 20 37 16 20 92 26 37 50 65 75 72 50 66 94 94 83 30 21 89 4 71 99 82 98 70 26 13 49 80 66 23 100 7 40 101 15 37 49 57 71 60 33 37 21 29 6 45 35 24 40 74 26 37 59 40 32 68 92 97 49 49 77 65 69 27 67 72 14 18 47 55 11 24 56 58 12 30 33 44 13 54 46 53 91
89 37 21 28 86 45 28 12 49 23 70 45 101 36 76 53 42 32 69 88 43 79 50 90 81 32 23 49 67 40 99 49 57 95 50 26 18 30 11 8 27 48 50 32 40 37 16 31 80 61 11 53 47 5 25 27 31 91 47 54 70 2 94 36 78 65 73 61 67 75 39 85 10 80 51 59 82 72 54 83 64 67 68 96 60 4 96 28 67 23 30 83 75 48 41 55 9 25 81 17
20 41 31 59 28 78 90 89 62 80 48 25 11 48 47 14 74 89 21 31 45 11 76 56 88 60 16 39 60 88 57 95 25 75 72 81 47 53 99 25 4 34 3 82 62 49 25 69 48 76 60 94 37 44 45 81 9 1 28 85 51 3 49 82 7 23 100 85 41 56 15 76 44 13 63 85 62 15 43 16 33 7 76 49 14 28 48 24 67 97 25 71 99 8 66 92 8 29 99 9
79 62 75 7 67 54 7 52 51 14 12 5 22 61 32 32 45 64 58 82 71 4 6 42 21 80 6 85 39 74 29 64 39 -1 52 59 80 72 90 27 88 38 53 57 24 28 46 89 27 8 58 5 98 37 68 68 78 39 100 49 81 61 75 43 49 73 2 39 100 51 95 9 92 77 49 15 62 60 41 54 35 96 100 8 87 76 77 81 21 39 81 69 82 82 22 13 50 52 50 86
77 17 18 42 22 64 36 64 100 97 40 96 3 52 6 46 81 53 59 82 84 20 91 56 6 50 60 80 90 60 87 40 31 91 70 98 60 6 11 42 85 75 76 59 17 67 71 81 75 10 21 28 85 60 92 70 83 21 102 31 34 80 5 21 29 3 15 20 49 80 70 9 33 1 35 63 57 61 19 8 101 37 99 97 70 77 27 9 8 88 43 58 9 18 49 74 69 3 27 55
23 18 66 11 19 14 14 88 37 15 59 75 30 82 21 28 61 28 82 72 44 44 33 46 62 60 92 94 4 9 67 31 91 48 95 -3 5 6 17 26 91 76 86 55 8 34 11 24 49 64 90 3 66 25 79 44 62 77 48 17 83 92 97 68 25 22 7 22 91 29 58 10 68 36 87 8 3 84 99 40 94 70 49 96 15 23 67 2 100 26 92 92 19 49 3 81 85 7 37 18
83 64 9 15 67 83 89 8 96 52 73 43 66 69 76 85 90 72 16 88 40 11 20 18 83 47 64 44 63 85 72 66 98 83 54 42 80 43 22 57 76 100 40 49 97 19 71 13 56 19 51 80 78 33 21 74 17 50 21 47 55 61 31 84 88 75 87 71 80 77 16 63 78 22 32 33 72 74 23 69 88 65 11 37 35 6 91 9 86 12 96 18 59 38 76 78 86 59 21 3
16 76 12 9 36 1 16 23 31 23 30 5 22 83 66 46 72 60 53 23 40 57 14 25 93 75 50 73 83 33 22 35 45 4 7 76 65 42 45 52 9 2 45 26 54 6 75 31 28 -1 19 2 9 20 72 47 45 -1 38 12 30 74 83 87 80 37 17 55 65 85 24 -1 89 80 51 47 43 93 56 47 86 51 59 41 20 69 7 19 40 17 44 27 54 16 101 -1 71 57 71 19
51 80 4 93 88 17 58 37 51 67 92 46 63 79 15 35 41 99 15 59 42 75 13 95 14 95 100 16 7 59 31 5 8 51 4 4 66 6 23 28 100 28 52 21 25 81 23 57 47 6 76 60 64 24 54 61 75 84 58 40 39 66 21 10 76 36 57 2 59 88 102 12 70 55 47 23 25 57 71 96 16 38 14 75 29 33 12 44 3 96 84 61 40 11 10 44 52 97 74 7
38 38 21 2 99 64 100 56 72 59 75 89 45 15 78 58 29 4 45 19 94 68 95 70 75 -3 91 68 20 88 44 67 96 32 76 75 28 53 54 45 18 4 89 6 97 27 54 94 30 36 39 58 23 6 39 28 13 21 6 1 10 46 53 93 49 75 51 80 58 14 93 75 74 68 24 26 63 5 87 91 87 78 39 64 16 17 23 28 42 87 80 -2 74 87 26 64 77 14 68 19
40 22 93 2 48 52 14 76 59 61 48 50 93 50 15 66 49 5 87 13 33 78 93 9 96 50 99 16 79 42 62 42 80 1 98 55 12 30 81 53 40 18 10 21 47 45 39 97 73 58 81 93 6 18 68 11 16 45 8 100 56 29 75 38 86 69 23 97 92 66 52 23 51 3 59 23 57 7 4 49 65 96 88 18 44 4 90 19 97 56 19 22 25 99 82 1 26 58 78 83
81 13 81 94 87 29 22 50 53 84 53 3 101 7 59 41 12 14 45 73 92 34 64 56 43 7 34 76 7 85 19 44 83 78 7 58 93 30 30 37 41 47 44 27 57 43 78 42 17 89 92 90 62 49 16 29 80 61 42 66 2 52 28 28 73 65 28 11 72 89 95 9 69 95 31 49 29 1 44 31 78 84 48 0 96 27 78 80 87 47 58 22 72 45 6 13 89 88 8 38
42 28 19 3 23 21 78 11 88 70 94 30 31 99 6 45 75 52 9 90 16 3 13 2 38 88 4 95 49 86 8 14 88 86 25 70 50 69 88 95 47 68 32 24 56 86 79 70 45 60 62 2 46 90 53 19 59 94 73 64 86 53 33 1 71 65 15 45 5 56 73 24 68 37 98 96 34 37 66 81 29 94 58 3 50 28 21 49 54 78 41 42 18 32 21 22 35 60 55 10
21 82 29 48 83 32 57 34 17 34 38 80 55 43 80 91 70 15 48 26 29 49 10 5 36 84 36 13 53 30 75 85 6 96 57 85 44 69 10 7 39 87 67 68 11 49 95 4 34 7 84 5 49 79 89 72 19 35 10 32 99 15 10 74 61 46 86 54 94 50 32 20 34 32 52 31 27 91 93 37 82 83 34 -2 15 35 37 73 73 86 85 62 36 28 51 89 32 0 45 62
71 67 38 39 97 15 99 93 79 39 59 17 31 80 41 86 81 98 45 84 98 10 97 73 35 29 27 39 76 66 40 12 29 79 65 1 52 47 101 50 19 96 69 75 50 4 78 10 88 52 30 53 74 23 80 72 19 71 14 13 58 31 66 8 90 69 96 93 66 38 64 82 33 3 10 76 82 26 73 38 30 56 68 90 81 25 94 26 33 24 70 24 76 54 46 34 16 82 88 15
67 7 43 38 21 31 20 36 65 39 56 7 39 82 42 36 35 26 81 58 31 75 85 42 100 52 87 9 8 96 42 85 2 59 12 89 2 33 67 7 100 -1 35 31 94 31 19 5 58 34 45 14 4 -1 73 83 54 42 69 10 36 51 90 86 12 43 52 63 44 84 33 33 27 37 89 94 63 22 47 0 60 26 49 11 13 1 66 87 2 69 50 74 79 45 6 94 32 71 68 43
21 79 39 88 40 36 91 7 60 57 86 100 62 85 53 51 63 38 62 58 73 97 9 70 8 12 47 81 27 56 36 76 89 29 90 84 15 6 59 53 32 59 54 33 28 26 58 21 93 19 64 97 7 94 95 55 77 78 12 99 31 42 58 88 100 16 42 63 75 16 27 100 75 94 8 18 38 87 97 63 95 76 79 96 28 80 25 98 55 90 38 31 38 22 68 67 26 35 100 63
67 14 42 96 67 64 40 85 73 2 29 25 59 15 14 16 37 53 84 93 71 22 7 29 95 13 35 28 15 82 34 31 78 8 90 25 34 67 8 66 32 45 75 76 40 37 17 36 36 89 69 22 93 51 87 14 38 15 17 36 75 79 28 73 62 30 41 52 31 40 81 57 70 42 66 1 50 29 24 69 73 18 40 15 18 8 96 54 35 38 16 20 77 80 45 95 3 65 19 26
59 68 20 64 65 68 26 68 77 37 49 65 14 65 13 66 7 4 88 15 69 9 77 49 87 58 26 3 96 87 7 91 96 83 76 17 6 15 72 79 24 18 85 81 34 84 65 45 26 38 64 97 38 53 100 91 17 62 4 100 56 10 62 15 66 24 15 66 8 35 49 87 86 55 44 34 47 53 73 69 24 70 21 36 87 51 87 54 11 55 53 43 54 94 69 73 21 90 74 56
54 70 81 0 34 65 6 28 46 61 71 61 34 87 2 92 53 76 101 88 51 28 57 83 74 41 10 19 53 33 30 46 62 32 48 42 41 65 10 46 78 45 40 73 95 18 97 93 52 94 67 73 84 78 7 74 98 51 65 20 35 83 8 63 67 80 93 3 18 16 49 29 36 22 13 84 100 43 45 70 72 48 78 69 79 69 14 59 12 64 29 71 76 69 100 50 41 51 48 48
86 46 16 13 83 82 13 77 76 68 80 59 7 5 46 52 7 62 60 24 42 61 68 77 16 7 21 75 38 6 94 39 67 46 46 63 95 67 12 92 72 76 89 80 3 99 59 21 45 30 61 42 11 63 83 25 27 65 81 30 45 81 29 65 3 45 15 67 40 22 16 53 97 63 7 94 43 30 83 82 12 38 72 80 25 90 14 22 62 8 88 98 87 5 85 34 3 65 32 22
63 25 79 76 61 38 23 36 44 54 68 12 19 14 94 93 78 4 59 12 6 13 76 -3 34 3 46 50 101 18 80 54 20 79 35 36 51 2 27 20 89 33 2 84 55 71 32 80 92 14 27 61 74 62 53 96 42 51 13 54 63 43 73 85 10 93 57 27 31 1 65 12 76 67 63 79 85 23 51 17 70 71 6 25 12 2 75 6 17 31 71 43 92 30 31 82 59 19 44 72
67 48 30 87 93 99 22 63 89 63 82 67 81 17 59 79 39 86 53 44 11 38 3 62 78 10 98 73 9 6 35 56 71 31 76 57 26 94 51 49 9 24 33 71 67 36 53 42 9 89 71 76 25 81 9 82 65 37 61 56 38 54 35 56 83 93 60 80 84 3 74 29 37 20 40 5 83 59 101 58 96 100 43 41 61 50 72 39 41 27 18 66 12 42 83 48 68 88 98 49
51 92 23 88 15 52 33 24 48 61 39 72 7 96 88 42 81 68 27 62 63 91 57 30 52 32 35 83 34 94 59 17 65 47 40 80 74 93 34 67 36 16 22 62 21 70 31 8 99 0 73 67 94 25 62 90 35 40 77 35 94 48 79 71 19 58 84 91 77 48 72 43 77 38 47 52 48 55 23 43 94 52 92 21 73 79 45 96 6 85 54 31 26 80 92 88 88 61 79 57
10 80 32 89 99 84 101 97 13 6 102 33 52 32 16 88 7 6 5 78 36 11 35 47 83 10 4 60 84 99 78 1 82 28 20 10 76 53 28 56 73 72 59 44 27 2 90 54 90 84 6 98 79 91 96 87 11 32 70 3 28 87 52 76 57 90 62 89 24 43 39 24 54 35 45 90 36 91 93 18 47 14 89 76 84 1 32 37 101 64 17 33 61 38 13 66 14 90 22 82
99 95 23 55 7 31 95 81 71 -2 53 72 100 95 2 88 3 77 91 93 65 84 77 32 61 81 48 81 17 88 46 54 40 0 3 46 2 36 82 31 41 56 11 37 65 70 58 41 46 32 37 62 33 27 54 67 8 31 95 5 35 31 33 56 20 88 4 1 35 32 86 58 36 74 95 88 64 43 14 15 48 60 31 36 76 64 9 0 49 52 23 32 58 89 29 89 33 84 51 62
66 44 3 38 14 51 24 42 73 77 85 90 66 5 45 42 59 50 74 60 9 78 58 68 63 58 46 30 4 65 93 48 81 60 60 59 20 79 36 35 88 67 66 41 97 15 90 70 11 59 91 2 12 28 17 20 88 50 5 54 18 37 52 2 79 20 79 35 24 6 47 64 17 88 97 18 32 68 90 76 28 84 76 41 40 86 81 52 43 51 10 15 84 69 91 7 84 92 45 8
86 87 25 16 101 20 44 94 19 75 52 64 94 20 7 56 5 59 82 24 34 62 39 15 17 10 19 76 80 86 6 88 50 -2 99 56 58 43 5 87 67 52 88 30 38 16 38 67 57 10 25 92 30 4 68 31 47 76 9 15 77 13 5 37 50 31 81 -2 45 6 42 58 58 71 45 92 97 -1 35 91 5 58 22 96 28 -2 10 32 49 6 44 62 94 25 24 42 58 52 25 45
56 73 38 79 102 79 63 88 23 77 44 68 74 59 64 10 72 28 88 55 7 2 96 94 72 26 67 43 47 73 7 28 38 48 77 90 100 3 65 53 4 18 70 67 78 65 9 82 74 73 26 76 92 42 15 25 8 70 50 66 76 26 23 66 35 70 56 15 49 25 65 74 15 5 3 70 31 57 101 38 77 20 76 41 78 68 62 66 23 21 39 5 15 10 25 85 58 95 16 77
56 37 2 20 91 70 47 27 63 53 13 72 31 51 54 82 69 55 48 70 43 3 95 0 73 11 70 15 73 20 94 41 89 61 6 39 31 88 89 83 83 87 9 0 101 -2 19 4 62 42 13 43 17 9 52 73 74 93 5 58 25 42 13 5 43 49 76 34 15 61 81 84 50 66 39 92 95 80 57 39 28 44 20 30 47 93 13 44 40 67 62 33 76 8 82 78 43 50 93 8
59 63 62 51 78 93 53 73 23 7 10 82 24 38 78 80 53 29 81 22 7 33 94 94 77 33 35 17 58 88 58 15 82 75 87 41 60 85 44 16 72 66 12 5 19 30 91 84 58 61 8 75 65 98 27 27 56 1 78 61 53 40 45 20 17 87 98 73 25 47 15 97 19 86 68 44 64 89 30 93 5 13 71 70 26 73 37 22 43 36 82 27 56 88 97 26 24 83 7 46
14 35 69 28 54 70 40 62 65 66 32 9 88 88 72 -1 9 45 58 21 5 51 84 87 56 53 25 77 47 72 14 90 81 85 28 68 44 6 74 85 2 78 22 47 18 27 68 64 62 20 11 38 25 73 24 14 28 84 54 36 85 57 43 64 24 18 71 1 6 49 40 7 52 71 60 71 6 52 16 44 93 34 52 48 84 31 94 4 72 36 74 31 90 88 4 35 30 12 4 87
17 76 102 78 57 51 15 8 79 73 52 35 43 53 56 61 84 30 29 71 88 18 32 81 95 85 86 30 63 85 49 21 38 24 12 64 99 2 60 39 9 92 91 72 68 37 21 64 89 2 6 27 70 19 34 2 59 48 61 70 55 85 59 97 80 4 34 88 17 75 99 64 88 56 55 17 61 90 94 47 99 23 82 25 34 9 91 80 46 32 35 70 43 44 66 42 79 86 84 45
35 53 11 43 101 15 19 36 90 79 29 1 35 18 51 93 53 20 71 32 19 8 2 33 16 14 39 29 97 43 101 66 24 84 27 10 48 24 94 32 63 25 64 83 64 31 23 23 40 91 90 23 72 83 36 88 96 72 84 55 63 17 44 18 85 95 24 59 76 37 23 66 14 74 23 61 37 66 33 49 36 90 16 73 71 6 5 31 37 -1 55 -3 20 86 7 94 54 73 46 1
40 69 7 45 23 32 50 33 59 10 74 89 34 15 11 26 33 41 8 18 54 31 96 45 9 93 70 65 43 46 59 27 92 42 55 91 54 94 57 25 82 30 48 71 24 71 83 7 23 27 34 55 75 99 8 10 72 56 57 25 88 88 16 83 92 98 64 85 18 33 6 61 24 49 59 36 65 19 82 47 80 2 60 45 20 30 41 9 87 56 47 98 46 74 60 9 47 98 17 91
68 74 14 14 9 95 9 14 83 6 98 93 66 12 58 32 100 35 10 27 19 0 80 30 91 25 43 51 68 67 9 26 11 35 84 20 41 17 40 63 91 63 10 76 43 85 35 91 51 63 41 44 5 51 9 47 60 18 79 57 64 71 100 67 44 45 50 75 90 87 83 2 33 76 33 64 66 88 95 17 79 28 29 45 57 36 66 89 100 69 11 30 45 86 86 44 27 31 67 96
17 63 46 99 58 36 13 86 12 43 30 69 41 16 35 100 91 28 61 17 59 97 12 72 66 34 7 2 67 9 9 95 8 42 16 49 13 66 29 37 27 44 29 8 46 68 100 21 85 11 92 5 89 60 5 96 84 1 64 49 32 88 95 51 51 82 94 26 68 21 36 53 3 26 22 99 86 34 90 100 58 10 102 100 89 73 15 19 49 32 77 72 98 39 51 63 26 8 55 11
59 69 22 70 74 29 38 -2 83 14 58 18 79 11 40 62 54 96 37 29 12 96 60 36 6 43 84 69 21 57 22 67 66 35 92 44 44 20 101 0 74 56 43 25 94 35 61 71 64 94 40 18 67 26 20 42 60 5 88 38 79 69 83 56 96 26 80 52 35 94 31 69 3 38 76 -2 83 0 41 11 92 75 83 0 6 31 82 76 32 46 71 45 62 57 17 34 18 26 83 64
59 51 97 41 60 21 29 69 38 53 26 32 36 96 67 95 11 89 44 14 11 72 10 4 46 50 52 24 101 92 23 17 17 55 67 4 22 86 79 38 73 81 94 85 77 58 3 93 62 9 45 28 62 21 30 3 37 22 45 67 86 65 30 98 30 55 6 56 39 36 100 57 51 99 62 37 67 67 18 1 78 79 76 45 20 79 7 89 21 84 94 43 85 43 53 1 80 4 85 44
34 87 78 87 41 7 91 58 35 76 70 52 75 81 99 -1 2 78 100 50 21 65 68 79 2 39 98 54 88 10 19 40 31 14 58 33 100 28 47 78 20 92 100 -1 56 78 100 38 49 66 3 53 2 52 65 15 77 -3 84 16 19 29 35 63 4 87 3 48 77 12 56 28 30 66 4 74 23 81 66 26 90 44 23 64 80 11 91 52 58 96 31 56 92 44 54 89 57 70 90 10
El programa tardó 15.624284744262695 milisegundos en ejecutarse.
