35 100 95 7 59 32 101 67 32 14 92 72 23 93 35 71 61 49 79 19 51 56 102 61 96 60 45 75 83 18 75 31 32 18 25 83 77 35 75 95 36 55 87 40 98 72 20 70 82 21 25 44 6 76 83 66 55 49 4 30 47 64 15 85 80 1 66 100 42 50 66 63 6 50 91 74 68 33 93 79 74 23 75 28 20 19 58 10 17 95 77 92 92 64 37 28 7 37 37 22
89 45 4 46 16 16 61 67 96 16 63 94 70 62 55 16 39 62 27 17 20 69 11 46 21 15 83 85 36 57 8 52 26 78 90 68 27 24 77 46 12 30 86 37 20 82 30 84 43 64 18 70 62 44 65 16 27 44 5 49 26 61 90 57 73 4 14 64 35 36 27 17 63 13 98 74 30 59 101 37 7 83 27 -2 56 55 9 23 52 93 16 16 34 24 28 79 32 59 23 13
47 15 20 73 84 75 86 8 57 64 21 75 85 76 100 15 23 17 49 5 78 65 73 83 9 72 42 13 82 40 6 73 73 22 18 91 3 14 72 48 97 15 35 49 10 72 15 50 97 31 73 27 37 61 71 38 9 52 74 73 98 4 93 28 55 76 7 99 68 13 35 54 30 99 55 74 38 27 17 50 63 63 32 54 52 81 79 13 43 57 75 25 99 26 100 98 10 3 76 19
94 12 46 61 60 66 47 42 91 42 56 57 15 -3 33 18 100 14 87 21 36 42 8 0 13 40 81 37 7 26 33 66 44 40 36 67 7 2 55 79 53 68 64 53 45 60 69 31 5 81 88 57 23 2 81 78 76 47 16 82 62 95 42 75 25 39 82 5 100 70 38 -3 66 71 43 89 49 23 64 -3 39 72 74 81 63 29 98 41 48 -1 14 1 60 0 79 17 15 44 25 74
12 27 42 12 70 82 93 76 64 69 46 81 74 41 71 70 79 42 43 9 60 57 52 93 6 58 28 88 16 76 12 86 10 26 88 45 52 21 55 69 28 59 52 70 35 94 83 51 29 100 83 54 80 34 29 84 92 80 82 77 28 46 51 18 38 81 97 93 37 98 86 12 66 48 47 96 95 42 77 10 94 81 101 78 14 98 54 89 4 13 91 7 49 16 16 30 20 28 31 84
89 89 48 72 98 96 76 50 87 35 81 78 96 50 52 83 17 73 52 54 32 53 15 56 3 50 48 63 87 13 56 74 47 84 39 33 82 42 41 49 41 61 15 81 41 81 42 0 50 87 2 63 34 34 18 40 93 27 7 5 34 37 43 89 79 3 30 71 61 50 93 -2 48 29 40 71 83 69 33 -3 35 11 88 26 94 92 73 86 71 31 25 32 97 68 79 40 65 94 41 94
61 37 62 3 48 18 37 31 15 10 76 57 63 68 90 39 26 98 5 59 44 16 7 25 57 39 16 24 7 28 38 96 91 77 4 90 42 13 6 59 85 59 61 49 101 21 86 25 96 78 44 91 93 52 35 69 68 18 32 95 53 7 49 13 86 78 78 73 35 3 101 23 45 67 6 57 47 34 94 45 72 2 25 65 34 40 18 19 14 57 32 11 65 35 16 49 64 39 40 23
94 74 77 0 5 89 55 91 95 12 22 92 93 52 86 88 86 15 51 50 86 14 60 62 94 73 62 77 11 56 74 67 42 54 68 73 39 65 15 77 32 11 60 48 72 56 16 28 75 0 9 70 87 46 47 62 91 60 93 16 93 63 39 35 65 44 89 18 86 80 6 4 53 18 80 22 10 3 11 26 60 55 56 16 59 77 73 22 35 6 11 77 89 59 37 87 56 16 67 48
6 87 45 67 12 14 80 59 54 30 61 90 83 89 92 16 42 43 67 90 92 67 67 82 54 6 24 12 74 13 89 70 33 26 48 69 83 11 28 32 60 87 60 55 43 54 11 42 43 12 17 81 99 96 26 74 98 8 23 13 36 70 80 54 79 2 65 15 65 64 63 2 99 78 50 32 100 14 96 21 53 83 23 71 68 65 71 88 5 66 80 56 26 86 9 56 41 52 33 73
93 59 90 63 76 79 77 25 100 93 31 41 63 61 54 73 19 68 16 7 63 6 36 4 39 88 13 36 49 55 57 88 90 74 23 48 77 22 78 15 28 83 47 10 32 93 53 84 43 93 61 81 26 76 30 20 43 55 52 31 30 79 18 30 29 12 37 19 45 61 97 31 79 44 76 3 53 95 45 1 73 68 55 30 98 27 16 38 60 20 83 15 96 15 97 29 34 5 54 19
74 6 14 81 61 58 53 75 64 39 85 18 102 79 97 10 44 54 22 17 93 53 67 22 68 83 39 83 95 22 54 36 30 41 15 75 22 86 18 60 74 30 22 1 3 78 52 75 23 34 11 74 48 11 90 59 10 14 24 45 15 94 4 73 9 15 75 18 101 73 69 41 21 48 99 33 100 52 5 94 54 22 95 85 12 75 24 86 99 13 84 80 80 95 21 87 97 10 68 77
100 56 17 94 45 77 64 45 41 75 27 61 94 34 48 65 33 53 95 80 17 94 23 8 51 10 54 4 76 63 8 4 95 21 85 6 100 94 21 3 9 33 73 63 55 94 64 22 38 62 95 56 70 81 80 5 91 66 94 2 46 11 12 90 47 44 14 69 77 37 88 84 50 15 2 31 35 62 26 85 68 77 3 79 21 96 5 90 98 42 4 78 68 42 77 5 65 5 6 38
56 52 98 18 37 89 23 61 80 29 4 97 41 59 38 39 67 10 68 82 84 53 83 76 43 94 4 12 77 1 93 3 92 12 13 13 42 51 65 18 66 1 83 6 44 66 37 11 20 81 84 35 63 14 43 6 102 59 25 59 30 76 20 65 14 17 69 52 54 50 79 12 13 48 12 10 42 30 60 87 31 58 75 49 79 75 24 33 38 37 72 48 19 6 66 77 57 67 43 76
4 88 53 50 20 37 75 96 20 14 15 86 31 77 48 59 42 39 24 42 45 86 59 77 34 79 80 72 11 90 47 2 27 95 62 59 26 27 98 34 47 45 10 33 96 3 101 89 3 40 63 71 101 30 100 53 42 28 51 48 8 96 47 89 38 72 37 87 90 46 62 60 60 10 34 12 36 74 51 88 46 7 58 24 54 49 37 83 82 47 91 40 19 30 3 85 44 8 60 65
9 42 64 20 81 37 53 96 15 96 95 36 10 98 37 57 53 35 9 34 91 84 55 60 87 82 40 44 77 4 89 89 44 10 78 6 51 55 42 58 91 37 81 30 30 8 73 42 90 43 32 81 59 11 77 17 76 89 36 29 44 5 102 97 89 95 70 58 101 18 39 49 82 79 26 45 10 61 42 3 81 96 21 18 101 62 40 12 57 9 49 78 17 100 67 25 53 76 9 53
32 20 18 62 60 61 36 73 16 75 4 38 53 88 16 56 60 61 61 13 5 63 52 66 38 95 40 29 66 -3 24 26 38 66 95 56 67 76 71 27 97 90 18 -3 78 33 53 86 36 3 10 93 37 57 5 11 49 61 89 89 23 26 77 49 32 31 53 65 53 61 14 27 29 83 68 50 12 16 43 16 27 29 48 49 57 77 48 80 50 58 33 77 38 19 58 79 21 77 96 71
46 43 88 54 84 48 30 13 72 93 89 85 17 57 92 91 38 53 16 50 84 27 20 9 29 32 16 81 87 86 26 82 40 86 79 90 21 60 44 74 31 91 19 57 65 9 3 17 27 10 85 65 38 70 17 70 30 31 102 41 102 99 43 27 17 87 94 26 16 15 36 73 42 68 52 87 42 100 3 54 74 87 39 54 80 96 37 15 28 72 47 39 70 15 77 7 85 79 43 55
95 42 43 72 89 58 82 66 74 10 17 85 84 39 65 34 15 52 81 50 20 49 61 7 85 84 38 34 43 54 43 10 13 84 76 88 57 82 92 33 23 23 36 34 101 1 68 77 69 13 14 76 100 23 57 55 25 47 95 33 77 45 49 32 42 62 99 6 27 36 87 63 83 45 6 38 6 35 15 57 92 61 57 14 71 22 101 74 59 76 74 19 71 79 8 39 94 2 44 58
4 49 61 34 12 88 43 86 50 44 7 69 94 24 7 3 75 13 85 8 93 68 92 58 55 8 44 50 64 68 39 11 59 32 78 65 73 47 71 43 3 76 63 27 98 6 88 77 57 56 23 16 22 30 101 92 63 23 56 1 100 12 68 60 7 85 87 38 21 39 96 40 40 88 47 41 25 89 17 18 50 34 84 93 33 35 74 55 34 30 56 28 99 79 58 95 3 100 61 94
98 25 83 53 40 2 7 63 101 3 6 81 86 59 34 83 5 58 4 50 21 21 21 33 25 2 84 41 64 -2 54 73 62 96 83 36 18 17 46 8 92 77 79 93 31 39 15 53 59 72 32 7 38 -3 76 12 57 54 6 65 17 10 94 -3 33 47 64 45 77 6 10 50 55 60 19 28 41 36 40 43 11 30 95 13 22 75 95 66 50 91 24 66 74 40 87 38 71 3 79 23
87 81 11 89 22 16 41 51 56 86 20 91 68 16 12 14 27 72 37 81 42 51 64 31 24 4 61 52 81 66 60 90 89 46 66 6 9 100 81 51 97 4 12 43 35 80 76 99 39 64 96 90 62 50 84 78 61 43 20 99 32 64 24 50 25 12 67 78 49 9 31 36 17 62 94 29 59 38 91 58 19 18 85 10 82 40 13 71 32 16 41 35 13 69 21 56 93 6 77 89
44 9 69 16 49 45 64 21 90 64 19 17 70 5 43 55 84 51 4 7 4 66 77 82 6 93 95 61 22 13 42 76 56 27 47 49 98 70 69 55 70 32 62 41 27 80 64 14 57 -2 23 76 72 56 99 62 91 52 78 31 81 64 41 16 4 27 71 63 48 94 44 38 45 51 57 14 74 37 50 13 11 63 53 1 69 85 56 16 67 4 99 38 6 9 46 0 3 52 32 50
99 81 96 19 6 66 11 92 85 41 95 46 30 57 31 45 25 70 61 88 5 71 29 27 51 52 24 72 18 68 52 68 25 60 96 48 47 37 46 38 90 38 87 85 30 58 101 3 31 14 102 96 21 27 40 63 70 82 44 60 47 22 50 44 60 51 12 4 59 100 87 29 68 40 44 67 67 23 7 62 43 48 83 75 85 67 102 50 22 65 34 72 29 70 41 55 13 78 48 5
42 -2 52 43 64 83 65 60 46 76 94 46 2 50 81 92 36 59 94 28 96 21 35 67 74 73 60 79 95 15 27 65 43 78 90 5 30 61 13 87 74 67 46 25 84 24 39 35 44 49 46 37 73 61 7 5 24 72 4 15 88 83 86 83 20 80 28 27 90 28 18 41 21 7 42 -2 69 71 70 81 75 59 101 65 95 12 35 65 30 33 5 86 20 27 101 26 25 73 48 -1
32 83 12 62 24 75 42 56 42 20 99 28 102 48 8 59 75 6 84 38 65 67 28 9 87 62 38 79 29 18 92 99 24 28 77 5 95 9 91 23 11 48 24 20 21 59 31 24 22 54 53 3 48 35 84 48 77 6 21 71 46 27 88 8 59 2 34 69 77 67 59 67 63 68 100 33 9 36 100 91 3 93 81 77 10 18 89 41 38 78 42 86 8 91 102 89 18 97 45 17
8 64 96 92 29 -2 57 47 99 21 64 67 10 10 60 36 69 74 25 0 61 81 74 39 47 96 17 48 61 17 39 38 18 84 18 -3 87 -3 30 83 78 15 90 47 78 34 79 12 46 51 41 90 91 51 31 28 14 90 36 62 48 74 79 43 44 63 12 14 82 76 25 19 16 24 74 11 2 3 87 64 84 93 74 70 58 80 35 64 10 45 8 87 75 78 30 55 81 41 73 11
72 88 6 73 16 68 79 86 96 11 94 18 18 5 91 20 45 17 16 66 56 78 78 31 46 83 74 61 46 26 63 8 5 90 101 80 84 82 102 96 71 26 82 99 48 5 65 44 64 48 38 45 75 63 68 17 56 28 31 50 76 61 88 92 14 89 47 25 40 78 66 79 42 91 55 22 52 50 70 44 74 45 50 60 11 6 79 17 18 46 26 26 47 60 18 9 42 58 47 70
39 -3 32 86 51 96 100 70 14 38 99 74 11 0 55 46 67 11 17 56 97 47 61 93 16 25 11 32 86 6 58 24 20 18 41 45 31 19 87 40 87 77 18 62 56 20 17 16 65 0 50 96 81 76 24 11 99 24 78 89 75 78 2 42 86 50 78 8 72 48 81 61 67 33 28 11 8 9 78 37 36 21 77 87 69 43 21 34 53 60 62 80 63 50 6 23 100 96 60 56
37 70 89 87 7 50 67 67 5 6 12 81 35 19 37 97 91 28 26 10 7 91 50 59 54 85 59 67 16 14 56 23 79 48 24 76 43 53 27 77 55 26 94 58 73 3 35 22 43 70 66 72 97 58 3 2 47 78 99 25 25 97 18 19 8 64 4 34 58 22 5 10 94 54 7 17 92 66 94 69 62 19 27 1 45 62 19 42 14 69 31 7 34 14 57 27 61 50 65 49
58 43 71 64 76 30 59 28 42 4 30 13 13 80 81 57 45 31 15 88 94 37 58 85 67 29 25 75 8 57 5 58 85 29 66 38 82 95 40 34 101 83 63 25 7 12 47 91 92 54 36 7 17 60 46 49 91 95 35 76 84 68 57 64 44 16 21 78 54 18 87 78 11 -1 32 82 38 13 67 28 18 92 86 89 51 56 7 50 64 15 97 44 39 92 74 32 61 32 5 -3
54 94 93 99 43 100 59 39 57 74 12 18 65 58 93 78 76 89 15 11 15 82 85 88 20 31 53 58 69 69 96 1 50 25 20 21 79 99 16 93 57 14 13 81 79 82 81 88 76 65 40 22 38 4 23 84 70 30 75 18 9 62 74 17 30 67 61 99 37 52 37 15 91 91 18 12 32 51 94 93 74 96 11 6 27 93 9 16 65 98 74 91 67 41 48 1 32 75 5 59
97 16 39 57 18 85 72 72 63 18 17 96 65 42 3 65 21 34 43 1 61 6 31 62 30 60 99 10 8 68 39 80 77 74 79 31 66 56 23 43 54 89 44 53 4 25 49 86 84 29 6 80 79 54 92 85 68 86 50 51 8 56 76 4 9 42 26 65 20 75 50 59 14 81 53 -2 90 11 76 41 98 10 35 84 2 15 10 36 41 76 66 9 90 38 98 49 61 41 68 29
45 26 21 18 10 57 23 17 96 76 67 40 98 30 51 76 10 55 14 27 29 22 69 37 55 75 35 80 72 73 39 61 23 97 71 64 101 37 58 19 15 49 46 82 17 31 85 73 29 28 99 6 92 78 90 40 6 46 61 62 12 13 68 12 23 34 13 50 18 88 58 72 35 23 95 65 65 90 59 41 16 51 49 34 52 56 39 22 37 74 21 94 80 62 60 47 87 85 63 82
50 86 90 22 32 49 84 87 28 36 64 64 57 48 75 31 98 10 97 18 40 34 80 15 6 80 97 35 54 82 96 -1 71 52 9 73 98 -2 41 2 96 44 80 91 101 71 91 96 22 70 45 88 43 22 96 76 2 89 68 -1 96 64 33 3 78 56 81 53 87 1 31 65 10 -2 15 46 12 95 97 5 71 78 3 92 67 8 21 94 11 52 15 48 87 88 37 66 65 4 48 42
85 53 73 42 44 27 69 26 45 81 5 77 34 72 5 37 14 63 24 79 8 21 19 80 92 6 51 15 17 16 9 7 10 13 70 3 98 36 24 69 53 29 74 25 42 71 92 7 75 56 37 36 3 76 94 65 85 26 48 87 24 24 29 53 35 67 80 91 30 85 61 97 19 97 89 80 12 17 38 61 66 39 38 47 89 26 21 4 92 48 16 73 36 33 75 31 36 71 100 69
5 74 98 45 3 -2 43 91 91 9 90 12 90 -2 41 30 97 91 95 62 55 71 63 26 23 61 71 33 63 44 70 11 72 68 56 44 28 73 66 91 49 93 47 77 22 76 30 57 93 60 11 73 27 79 47 40 78 45 86 48 41 -1 23 34 64 25 48 93 78 29 56 48 78 38 49 -3 16 78 97 64 83 14 56 19 84 91 29 17 30 27 39 2 90 57 37 17 20 76 95 95
32 60 59 78 31 77 3 36 43 38 28 18 56 28 43 84 68 97 57 87 90 13 34 63 72 28 24 80 44 14 64 99 13 44 50 51 70 41 24 59 49 80 89 83 45 58 60 89 55 64 67 32 22 12 17 38 65 86 41 65 72 100 35 54 72 17 62 59 59 49 11 84 45 42 64 40 17 93 50 95 45 22 22 61 37 45 64 29 62 3 32 64 81 26 91 26 90 22 23 74
63 95 43 7 12 82 96 0 87 88 14 96 81 28 59 81 15 38 85 80 93 69 84 52 8 67 29 0 4 6 25 44 86 84 98 3 41 51 65 74 58 69 37 63 88 89 74 24 45 77 64 84 72 77 19 60 9 86 9 37 68 59 20 29 23 61 100 -1 87 44 83 29 77 7 37 81 39 75 27 56 100 46 8 69 71 88 98 54 24 34 8 26 25 33 34 29 43 -1 88 14
62 24 24 12 31 73 52 48 49 97 72 59 26 31 40 60 16 65 66 61 88 8 17 94 14 35 12 71 100 97 20 12 37 26 67 57 57 72 28 63 88 66 10 93 63 15 101 16 8 90 9 95 50 100 53 7 98 96 83 88 61 90 81 59 83 34 77 61 80 45 62 79 26 30 76 31 95 34 88 46 79 57 42 44 27 14 100 34 21 23 61 66 65 19 42 47 32 43 99 48
77 53 43 44 99 83 36 76 12 17 10 -1 54 36 23 46 80 62 74 1 81 22 53 69 4 85 23 2 56 58 85 72 71 31 37 95 99 44 30 34 12 0 77 26 59 10 86 15 17 26 14 0 44 85 12 32 34 68 97 49 85 39 44 61 32 14 83 49 92 17 12 81 14 2 99 12 35 92 6 68 11 3 94 89 62 67 96 34 101 27 101 69 36 25 13 48 28 38 26 43
58 19 45 87 8 90 31 87 91 3 85 5 61 16 67 51 33 20 67 40 4 68 91 13 78 37 60 64 79 38 66 95 55 91 93 36 17 16 20 21 72 48 60 80 57 11 23 44 78 25 6 28 69 97 6 13 10 53 4 26 50 69 35 65 18 80 64 5 3 27 98 81 66 50 46 42 93 25 87 23 47 83 58 84 66 44 71 52 83 63 68 90 66 79 102 92 71 10 59 34
74 58 87 76 14 69 93 57 82 31 29 32 45 88 99 79 35 63 14 21 21 -1 54 80 44 72 99 -2 66 83 51 37 43 84 35 67 71 90 79 89 16 51 8 74 92 73 31 14 46 6 15 37 97 31 41 88 66 33 77 69 55 35 99 50 83 63 69 48 68 83 14 73 33 52 33 52 94 28 97 38 80 70 73 48 5 48 5 56 57 29 74 12 77 64 69 67 31 34 85 9
16 42 82 46 27 2 53 84 52 90 26 46 34 12 7 99 75 99 76 18 5 93 30 77 77 37 93 45 5 26 54 91 23 1 97 69 64 27 72 2 88 21 99 49 55 58 71 89 9 29 6 41 96 73 3 77 45 78 50 96 46 85 53 64 50 22 100 17 41 15 94 20 4 48 45 25 99 74 9 96 42 81 71 20 81 70 28 57 86 19 74 40 93 53 31 57 78 72 62 56
58 25 81 83 56 93 58 47 10 17 16 79 24 72 97 67 61 42 94 67 8 46 79 48 73 35 84 81 5 31 23 52 24 42 50 81 60 63 40 68 30 56 45 52 36 44 8 55 3 81 46 80 44 -3 21 47 25 33 72 9 73 53 57 37 72 22 78 40 22 17 68 1 28 71 19 32 16 90 96 49 76 67 9 2 86 47 73 4 40 55 45 40 14 3 55 43 20 2 54 90
90 12 90 60 60 21 83 61 32 52 29 6 16 98 48 48 58 61 35 81 33 96 9 31 20 67 38 17 46 14 34 25 32 25 36 82 49 100 70 11 51 2 64 54 11 91 34 7 100 32 58 72 35 7 101 17 44 45 91 13 80 16 35 87 45 46 71 29 92 53 102 55 65 92 9 47 21 70 59 65 93 88 8 17 20 27 6 94 21 17 34 61 42 78 52 7 79 64 57 66
94 89 8 27 16 86 87 0 10 19 53 23 97 79 41 87 39 1 87 90 17 84 96 12 84 58 92 27 92 79 45 82 28 42 77 39 64 57 43 81 15 10 47 71 17 32 12 40 100 59 45 -3 3 80 40 45 71 39 47 92 33 70 98 55 7 23 17 82 64 64 62 -1 28 9 39 44 92 82 101 54 55 80 100 80 50 58 89 61 79 44 78 16 42 37 31 1 101 35 61 95
83 100 22 43 16 50 5 51 20 78 73 38 25 23 102 66 52 54 93 48 22 28 31 26 77 21 79 87 66 97 85 36 28 23 64 22 50 92 20 82 86 68 55 13 38 40 64 10 74 29 14 17 101 47 76 80 73 98 87 35 99 74 54 67 16 55 101 66 82 54 18 95 42 57 46 77 5 66 20 28 26 82 39 26 83 99 75 66 19 56 38 97 22 77 94 8 51 70 30 10
19 19 61 71 89 48 41 41 13 81 11 18 60 42 16 73 99 51 71 71 61 39 82 -2 90 42 86 60 38 21 91 25 50 12 51 44 3 39 95 35 43 42 93 42 95 34 21 52 76 19 101 20 33 65 21 62 23 71 93 5 20 4 36 86 73 54 47 8 66 10 97 94 16 -3 68 88 59 11 33 2 77 42 39 0 10 24 84 5 61 58 98 79 32 14 32 28 64 86 26 86
38 79 79 9 63 62 45 7 68 68 58 12 88 18 58 44 86 40 61 2 48 82 81 20 92 67 79 68 66 93 56 18 47 35 40 71 16 92 23 25 19 34 58 21 8 24 19 9 79 23 30 42 37 87 13 96 8 5 67 12 96 48 97 43 8 45 13 77 34 13 101 31 16 39 17 79 87 10 92 16 59 91 43 46 24 28 78 5 16 70 46 35 92 14 34 62 63 49 37 25
40 38 9 49 15 51 24 96 66 70 87 74 3 65 4 70 7 -2 18 54 37 65 24 36 72 29 25 69 44 94 64 44 100 48 70 64 2 93 93 50 62 80 31 71 79 40 97 73 64 27 8 7 68 73 99 64 25 55 82 56 74 2 92 77 9 56 83 42 83 29 87 80 60 15 46 41 38 27 23 62 63 51 46 7 85 59 96 22 17 9 67 93 72 34 19 35 14 31 28 3
15 21 92 47 48 38 69 6 54 70 71 13 94 58 80 74 82 45 55 37 40 64 28 80 102 15 23 29 60 39 4 11 44 80 95 80 58 70 91 96 72 49 8 69 21 15 48 84 31 61 16 22 64 33 44 82 35 51 66 85 55 81 85 73 88 73 101 88 49 34 26 46 88 44 101 16 73 69 56 18 67 77 56 2 38 21 6 39 45 4 30 27 73 9 6 97 28 22 70 64
8 76 94 67 57 91 60 28 44 22 70 94 97 5 32 22 90 64 20 47 22 64 67 38 64 14 69 35 33 47 73 22 72 51 43 85 18 92 2 90 31 74 40 59 41 74 55 19 80 24 34 11 18 67 86 -2 6 83 81 92 9 41 87 81 81 94 84 62 48 18 49 94 84 52 41 67 84 79 94 79 50 73 88 79 7 12 49 86 70 37 7 14 69 41 2 32 54 51 57 81
42 68 41 5 95 100 51 24 67 6 93 59 18 42 97 43 81 35 12 62 19 33 60 48 34 55 57 70 90 22 22 38 18 23 82 15 98 57 40 18 92 37 26 93 93 56 42 22 64 72 69 34 21 62 101 78 49 88 3 19 89 12 72 48 43 63 8 61 9 7 99 16 65 26 69 71 10 37 14 21 56 92 46 90 100 1 82 43 41 26 91 20 13 50 75 8 90 75 82 33
78 7 78 50 48 55 101 1 97 88 51 67 98 11 95 9 3 61 98 29 82 7 84 3 52 81 40 52 17 95 7 23 74 79 67 53 53 58 28 25 61 45 28 9 65 65 33 46 96 89 78 23 97 54 92 19 33 32 3 60 70 -2 73 7 88 85 82 96 42 21 30 27 101 8 48 0 81 75 91 90 81 57 85 54 75 89 34 62 38 56 46 53 10 62 25 24 68 68 92 68
72 54 38 8 48 37 80 51 59 72 99 93 43 14 55 100 26 23 28 50 62 42 34 61 71 20 54 16 80 99 64 84 47 49 30 41 25 42 100 65 71 8 87 85 18 35 52 82 49 18 95 98 82 12 80 68 35 74 14 52 79 36 34 92 9 6 59 100 42 31 81 42 37 44 23 57 88 21 58 23 30 28 7 58 63 90 36 30 38 97 71 30 29 44 3 46 48 39 3 71
100 52 86 66 43 5 60 27 2 1 74 93 67 20 38 40 82 47 8 77 101 5 64 49 26 1 58 61 33 36 33 6 42 84 100 60 82 13 25 66 22 77 62 16 19 55 60 95 83 13 100 72 83 -3 5 50 60 67 22 34 76 44 21 17 3 26 81 10 20 -3 16 15 86 69 96 57 74 55 48 86 44 73 70 62 54 79 91 46 96 29 19 46 17 51 57 57 7 38 38 72
90 65 40 56 10 18 50 81 50 38 21 19 87 27 26 84 10 54 49 5 79 26 74 30 33 29 101 65 77 97 32 71 100 73 63 83 102 78 4 97 15 35 98 67 95 36 38 73 90 94 5 35 68 48 31 28 71 71 58 1 74 61 3 18 87 54 92 34 11 74 80 67 38 78 94 59 73 44 83 21 40 88 77 25 93 9 6 12 14 86 76 48 60 98 27 95 77 36 86 7
93 45 100 -2 59 72 23 50 13 66 2 32 86 67 92 73 37 2 47 94 61 85 72 96 89 94 89 11 73 -2 78 21 13 50 72 4 94 28 43 58 8 61 2 34 43 92 32 79 45 18 46 92 44 26 83 88 18 30 88 28 79 71 37 19 52 55 93 40 44 75 10 80 65 67 55 73 38 28 96 16 52 43 43 84 53 39 32 53 44 39 62 73 38 21 45 49 62 83 88 8
57 48 69 77 63 16 52 77 70 84 101 75 43 28 85 23 6 28 38 99 72 24 43 11 96 2 4 21 34 77 66 69 88 58 63 46 25 34 59 6 81 37 92 89 35 43 89 50 27 49 32 2 95 78 29 7 96 94 65 48 86 70 102 65 9 25 76 58 23 1 11 69 68 26 90 31 82 100 44 60 60 61 11 54 19 54 95 58 97 9 88 50 92 21 54 5 24 6 88 84
101 5 27 23 11 32 61 89 10 53 28 65 5 59 10 -3 91 27 15 0 9 83 15 46 19 28 83 32 16 57 64 64 30 51 51 37 22 13 6 11 76 72 59 6 78 70 6 22 70 24 16 88 68 21 85 12 6 10 28 57 29 38 71 5 77 55 10 37 30 28 80 25 41 87 60 60 93 29 35 50 9 23 53 54 20 39 57 10 45 72 76 73 52 4 3 81 10 -1 13 14
79 26 36 32 89 11 62 9 76 29 46 77 74 30 15 32 43 62 70 95 13 33 76 34 54 66 56 91 25 6 62 47 61 23 89 84 47 41 16 92 96 50 72 6 76 40 49 66 80 15 16 7 8 42 73 28 23 29 5 4 93 7 89 26 69 47 18 28 54 31 50 33 30 60 35 56 42 66 17 97 18 76 58 26 26 64 67 10 45 12 20 72 41 90 25 47 76 64 74 38
35 47 31 44 47 -1 64 38 96 46 67 19 68 17 50 14 48 47 94 19 97 40 4 33 47 16 90 89 40 52 28 87 12 84 69 96 17 21 52 8 80 22 43 8 92 8 99 17 70 52 41 63 76 -1 54 61 72 14 7 46 33 11 41 62 33 63 33 68 45 27 19 92 86 91 6 29 34 96 41 54 35 64 71 83 39 84 45 17 6 39 39 53 91 57 54 57 33 2 98 68
36 58 23 89 23 32 91 11 94 64 51 66 12 74 89 81 81 2 44 54 47 20 60 72 100 94 5 46 14 85 16 52 73 78 76 50 99 19 79 10 15 64 67 61 85 45 18 44 30 66 46 17 99 74 38 65 89 57 74 28 49 45 13 62 35 25 97 34 45 94 6 37 102 26 52 21 79 49 18 25 71 63 39 4 99 1 56 40 74 35 52 55 20 11 12 23 27 45 87 42
44 30 85 74 64 47 73 89 96 78 9 14 96 95 86 13 69 58 47 73 100 72 31 30 71 40 74 27 43 70 25 95 4 56 64 44 81 40 5 26 95 31 40 70 72 86 41 54 95 91 66 96 26 32 28 74 96 5 78 71 51 36 98 58 35 62 99 75 90 72 64 45 76 72 65 34 44 79 82 38 19 58 70 67 25 42 21 77 37 76 6 92 100 86 45 39 68 69 55 16
9 67 58 17 10 62 54 10 52 86 77 43 72 15 42 11 17 14 20 9 23 57 74 54 61 38 31 65 97 11 39 73 71 90 72 59 71 76 25 38 83 41 66 51 22 87 23 42 19 38 61 30 21 20 70 32 80 48 49 37 34 22 48 48 98 7 72 94 18 86 7 22 43 6 76 73 51 10 87 57 28 58 22 53 28 98 33 62 70 29 46 62 6 88 48 43 88 27 36 92
83 29 20 58 52 71 58 36 56 56 18 8 21 18 67 3 68 68 42 69 17 63 68 59 61 88 77 48 30 82 7 58 95 39 88 7 73 8 50 48 76 14 40 42 90 80 20 27 32 91 45 64 19 68 37 31 15 88 74 92 55 56 81 54 19 55 66 65 53 16 58 41 39 64 43 21 89 17 45 -1 29 38 98 16 42 55 49 20 6 22 24 75 87 87 3 11 27 2 3 88
100 25 74 77 43 14 56 11 17 84 77 82 71 83 40 3 10 47 102 32 87 46 47 68 49 53 3 10 99 74 27 32 76 96 9 49 48 17 33 55 19 62 55 81 78 83 85 37 8 87 36 42 38 68 88 4 70 28 49 42 31 33 48 99 27 78 58 41 15 69 73 18 21 83 96 66 15 23 51 67 24 13 19 73 8 56 54 27 30 16 32 48 92 63 99 45 25 62 83 81
46 77 52 6 76 26 89 71 43 46 98 57 8 13 38 56 73 18 63 33 29 68 65 27 84 18 87 80 41 67 27 31 66 -2 100 62 51 86 11 64 10 49 8 30 57 51 28 50 31 58 22 69 76 53 23 19 46 23 87 19 49 67 55 18 20 55 77 28 26 17 66 93 44 51 69 -3 21 65 20 47 9 1 27 18 4 22 86 67 63 63 40 23 39 15 7 50 101 25 97 87
23 52 60 2 101 44 10 49 46 41 13 48 102 95 95 46 12 34 32 41 19 38 91 8 74 19 92 5 102 27 65 1 60 97 90 36 9 16 33 42 27 71 75 16 41 97 10 44 35 68 31 58 59 5 49 33 54 14 93 98 86 23 43 69 35 6 62 10 57 52 98 39 96 75 67 9 77 25 8 27 30 9 87 62 92 89 69 68 22 100 12 22 95 89 38 39 23 35 37 65
101 11 9 45 34 10 96 85 95 93 72 25 98 4 84 90 7 71 61 32 80 64 27 69 69 57 18 14 8 32 96 65 99 67 42 3 7 42 84 73 59 13 68 34 24 -2 74 2 16 48 27 2 43 58 79 19 6 30 58 9 40 80 36 38 61 41 85 67 20 -2 69 35 63 71 90 47 40 35 78 90 25 65 12 2 8 69 87 -2 25 74 91 1 10 14 83 92 38 81 15 42
10 88 32 79 31 84 39 53 21 44 16 58 30 27 97 59 52 54 78 23 78 84 12 38 54 16 43 14 23 69 90 39 47 10 40 75 20 26 26 28 97 92 65 87 31 84 96 47 52 54 55 17 67 25 83 43 83 84 60 43 89 23 70 31 81 27 27 30 69 40 3 90 99 28 39 67 87 96 4 100 39 86 82 3 5 54 80 78 38 81 19 19 43 72 68 77 93 30 91 48
54 17 10 31 22 84 95 15 74 71 43 1 66 13 96 68 80 13 52 96 68 61 55 6 8 7 16 27 83 34 15 38 83 49 56 22 21 61 64 48 89 73 57 42 12 74 44 8 70 94 19 50 35 54 7 87 32 5 66 94 83 26 26 51 3 58 20 94 23 85 4 52 65 8 9 62 94 2 43 37 56 82 76 94 43 46 74 37 19 22 6 3 87 90 56 18 44 93 78 86
70 35 82 5 15 78 24 56 24 11 70 75 78 67 44 42 88 9 18 62 85 66 10 12 17 6 51 41 76 35 57 2 83 56 79 91 102 27 40 65 76 58 68 21 10 40 24 19 42 38 74 29 41 48 5 16 102 26 89 78 5 9 9 74 60 41 24 90 39 47 101 38 90 87 92 89 66 60 96 80 55 33 99 63 101 6 74 25 94 32 38 100 79 63 20 95 86 98 43 40
98 70 56 79 88 47 61 33 16 4 31 3 84 86 36 18 13 9 69 12 99 64 19 17 31 31 30 27 79 58 46 49 69 23 3 46 28 73 53 28 49 74 30 63 49 13 14 27 18 23 67 42 43 15 17 81 46 54 93 81 55 24 31 46 14 70 35 50 71 56 13 41 37 95 90 66 8 80 56 18 30 64 32 64 49 11 96 63 37 88 45 74 16 3 11 17 74 7 35 0
82 73 88 64 43 76 93 70 64 91 30 11 45 13 15 88 54 60 52 3 73 77 17 52 72 13 74 4 82 78 80 70 52 10 90 35 45 55 19 83 93 66 11 91 66 23 74 38 40 78 88 42 4 13 52 4 79 66 59 4 7 92 72 68 46 47 87 28 86 17 91 28 97 82 81 57 74 89 23 73 98 92 12 24 35 69 67 43 8 30 66 18 30 10 102 77 76 31 10 31
52 94 36 92 87 0 41 48 97 0 101 -3 10 25 60 80 9 3 23 66 32 62 84 -3 32 12 32 67 98 94 90 55 74 23 79 44 84 59 59 34 27 64 69 26 63 38 53 78 22 34 33 78 50 14 50 44 20 24 2 81 36 3 24 96 48 89 52 25 46 39 33 90 42 2 30 41 80 61 58 45 60 1 86 4 22 16 25 -1 63 35 65 -1 28 4 57 75 90 38 38 12
26 10 87 38 75 15 78 7 81 85 102 76 66 85 102 65 37 30 100 94 71 73 46 69 101 31 97 49 14 91 35 83 46 54 89 74 81 45 61 75 72 51 82 9 21 20 3 34 5 86 30 93 81 76 23 23 64 97 48 8 25 70 45 98 10 56 94 62 62 89 91 63 50 93 25 79 65 71 24 72 74 89 86 100 84 23 39 69 37 60 77 35 56 90 92 38 22 90 11 20
83 10 52 7 42 76 58 54 32 92 36 37 71 9 37 48 64 53 35 54 94 66 96 57 10 31 57 35 47 35 96 35 42 -1 57 79 67 88 11 31 15 57 2 60 71 33 61 56 74 42 10 96 43 60 79 55 39 78 49 54 90 36 76 32 42 31 9 92 15 19 34 13 52 59 47 5 83 -3 64 59 22 72 98 1 11 74 95 53 46 34 91 67 97 55 80 18 4 72 3 66
62 11 53 63 41 87 69 90 72 92 45 19 99 55 87 46 80 85 69 79 10 12 34 93 86 81 20 2 98 10 50 100 101 84 40 33 76 87 57 4 95 50 71 10 18 52 43 42 24 64 71 15 32 5 98 16 96 32 72 95 97 83 15 57 10 41 16 65 15 91 56 84 73 100 87 78 85 57 74 73 91 84 27 6 20 27 41 84 76 28 5 81 66 77 93 17 29 51 73 84
64 25 30 80 79 10 44 81 94 67 14 16 92 18 58 60 84 37 41 81 79 35 16 69 60 7 8 2 75 77 23 20 94 83 80 74 59 83 56 92 52 7 30 20 34 94 39 6 65 25 21 62 99 88 6 13 67 58 30 72 76 45 77 81 76 87 57 96 65 50 80 85 13 47 56 72 57 41 87 37 81 81 78 80 20 80 65 4 54 10 20 5 31 94 37 5 46 3 23 91
32 13 19 92 55 78 52 27 15 92 72 22 8 32 57 68 96 32 93 43 58 32 8 37 97 97 25 85 94 75 26 1 58 92 55 37 70 85 85 29 67 82 53 98 75 63 35 19 52 42 43 89 84 61 78 96 92 73 28 78 74 60 102 58 31 25 7 50 92 75 42 95 5 11 43 39 100 10 38 21 22 5 92 82 49 47 101 98 43 57 81 77 49 34 3 36 66 63 6 58
29 -3 61 84 100 86 94 -1 28 33 83 90 92 13 29 43 28 87 74 31 35 58 56 77 46 76 50 89 70 5 6 19 48 22 94 28 77 32 10 22 19 51 41 51 90 19 80 46 44 12 95 96 2 83 95 91 54 19 12 52 37 66 12 -2 54 7 83 48 6 82 80 37 41 60 25 15 81 88 43 57 71 66 57 33 36 38 54 60 28 79 2 25 61 42 34 29 19 17 74 30
34 35 44 18 99 25 10 10 99 5 61 59 67 48 67 23 23 98 79 22 33 56 14 20 82 33 71 41 28 67 51 14 21 100 78 24 81 46 66 11 100 83 11 52 28 39 97 57 96 68 101 71 6 18 63 3 45 62 12 76 39 62 91 93 28 14 5 24 44 3 29 31 47 27 31 22 79 4 52 97 35 5 71 88 42 56 76 96 99 48 72 71 89 12 50 67 101 32 36 87
3 78 88 93 4 89 51 94 70 65 67 95 61 23 97 43 12 18 86 62 10 79 43 22 4 18 73 96 99 72 24 28 69 41 5 72 74 77 71 50 19 49 32 96 87 72 29 75 100 7 62 60 7 32 80 14 53 31 28 -2 48 94 61 89 88 20 43 13 50 59 50 25 59 11 30 12 64 84 51 39 64 65 61 75 38 85 99 32 8 89 60 44 100 65 80 5 27 33 45 15
90 22 23 75 30 26 15 65 76 95 7 36 26 22 6 20 75 95 16 39 48 22 80 14 46 91 100 39 67 29 16 28 25 28 43 30 73 69 4 19 43 55 50 16 84 30 84 22 16 63 91 42 69 43 67 36 22 41 79 6 32 43 35 51 89 27 56 14 78 62 102 79 63 3 20 59 51 64 81 79 42 59 24 25 36 11 12 4 75 29 10 57 43 10 6 6 70 67 86 51
28 6 44 71 68 21 39 31 22 14 31 94 70 44 45 63 49 65 65 66 21 89 26 56 88 61 12 82 91 37 58 10 91 67 74 85 12 58 39 8 58 28 94 76 55 41 60 1 42 39 32 82 53 6 43 12 29 88 12 48 15 55 40 -2 19 58 30 6 79 32 6 79 100 46 53 26 97 96 92 18 96 42 68 65 54 29 15 95 22 87 51 55 69 35 10 27 83 74 73 -1
20 1 61 22 9 97 52 84 92 8 71 51 90 18 26 85 56 62 27 27 73 66 6 91 4 33 50 61 36 44 31 16 8 22 51 60 27 90 37 69 89 39 33 14 63 85 101 65 101 27 98 44 8 49 40 36 69 71 61 40 82 84 70 97 32 72 84 87 67 60 43 81 89 97 59 77 17 47 28 41 48 4 30 45 81 38 6 76 20 26 13 77 97 25 91 51 101 66 67 85
28 8 89 92 57 -1 22 37 32 81 79 5 91 50 59 6 93 59 51 7 43 15 6 34 52 10 48 9 81 0 90 73 30 -1 14 91 69 -1 76 41 14 -2 7 11 9 84 53 70 50 79 63 92 16 27 68 66 77 69 3 41 58 50 20 0 80 43 19 21 71 -2 50 0 58 79 95 68 37 53 9 10 33 -3 31 10 79 47 70 42 36 65 85 61 16 47 25 30 57 40 53 77
77 19 93 67 50 76 46 91 67 64 5 67 100 4 38 70 47 51 72 38 39 14 97 98 57 26 28 85 33 37 12 7 78 71 15 3 80 10 87 49 62 1 48 72 13 34 72 10 29 72 83 13 70 86 26 44 24 54 74 81 99 89 63 33 94 83 78 8 94 27 9 76 16 21 73 33 90 77 71 61 90 55 68 57 50 81 102 88 74 32 35 28 39 89 4 29 32 21 99 43
57 41 18 60 19 16 46 5 77 79 85 1 28 74 52 15 15 81 58 12 55 80 33 17 16 81 35 83 78 40 78 87 53 37 29 4 57 48 8 31 57 4 68 66 78 26 75 81 25 66 36 68 22 79 91 63 83 26 68 21 23 90 56 36 99 62 62 64 33 69 31 52 63 75 91 45 38 4 50 72 92 18 100 26 66 1 2 38 23 70 43 18 89 -2 95 93 95 73 86 52
18 98 6 99 43 88 82 43 27 33 64 68 45 88 86 92 78 4 34 69 12 57 91 71 10 18 84 19 90 2 74 48 19 98 55 57 22 9 89 35 62 99 89 37 102 48 71 17 33 18 49 19 5 46 3 63 12 72 65 72 77 24 82 24 83 6 71 12 15 41 76 76 62 43 30 37 86 14 73 71 102 89 60 42 55 89 42 92 40 56 98 20 15 91 67 27 13 63 76 70
46 71 33 5 78 35 91 87 52 51 69 94 85 16 94 14 46 88 61 83 88 27 32 23 71 50 13 49 20 75 10 25 2 79 18 8 47 15 72 13 50 40 43 21 74 47 7 32 61 22 63 63 80 57 18 95 94 24 97 61 98 17 42 67 7 39 21 63 70 14 82 69 97 29 55 79 35 54 90 93 65 53 72 19 47 67 34 36 101 71 64 24 16 28 5 71 22 67 52 49
16 47 82 28 95 50 40 60 21 80 36 44 23 97 41 26 53 29 44 36 7 20 42 70 42 63 62 58 75 98 62 63 50 83 56 63 53 24 26 75 4 75 97 13 35 91 74 56 30 56 74 65 60 82 72 74 93 44 88 44 6 57 75 53 92 97 4 88 53 31 82 78 40 91 98 12 3 15 85 60 50 55 27 32 20 40 69 90 9 69 86 52 47 100 58 7 89 91 59 92
29 67 91 71 48 67 55 19 15 3 67 29 14 68 101 24 44 10 5 64 45 8 20 6 24 38 12 27 25 72 27 10 72 60 44 74 30 75 25 29 65 23 5 17 71 75 57 11 15 76 20 22 101 60 83 -2 79 25 83 70 46 57 65 38 64 72 60 77 95 48 78 81 83 27 94 56 54 77 89 32 81 0 52 30 65 -3 75 20 25 24 5 63 16 76 61 27 34 59 35 57
25 75 101 57 5 75 96 24 53 49 38 46 24 3 96 30 86 68 24 86 16 46 64 100 97 29 61 53 45 50 10 98 60 84 16 64 56 53 16 12 98 76 14 76 57 32 89 52 71 100 12 19 53 73 83 7 47 46 8 67 89 25 71 32 9 93 37 90 68 40 6 52 86 63 61 15 43 95 20 8 12 53 49 19 9 44 48 92 57 99 13 21 36 66 67 34 84 46 39 37
18 80 89 28 16 24 30 16 41 77 60 53 31 72 51 9 78 37 37 65 100 5 46 61 76 84 58 2 57 87 58 -2 89 -3 19 53 56 29 89 46 74 19 27 22 52 88 57 45 55 95 94 25 15 93 54 3 12 11 87 3 54 80 19 84 58 6 49 29 37 44 52 24 23 83 61 41 101 19 61 8 31 55 10 37 2 47 7 74 59 79 72 0 57 12 78 21 14 82 39 64
67 30 35 21 48 82 41 11 27 16 80 65 24 25 46 62 62 25 61 35 84 56 34 47 42 62 4 23 91 40 83 6 71 32 32 52 32 96 12 75 47 19 32 14 24 66 64 88 39 56 54 78 54 84 33 66 39 62 72 56 32 24 58 86 63 39 30 36 50 54 47 55 25 63 56 100 76 27 3 20 12 13 26 99 25 70 51 100 20 18 94 61 81 62 7 19 33 21 32 37
65 6 32 68 65 75 46 8 76 68 60 52 87 60 56 51 47 65 79 41 2 20 60 63 95 -3 36 92 65 14 14 48 49 50 74 12 40 32 13 27 101 48 9 10 37 69 41 59 99 10 47 26 94 11 23 43 81 93 49 17 80 44 10 20 24 45 30 26 28 1 71 91 55 -2 42 67 46 17 75 19 40 59 59 12 46 43 87 95 59 8 90 61 99 36 10 69 33 88 73 21
99 50 49 87 47 48 29 37 96 50 79 66 96 73 74 22 41 95 40 49 54 52 28 47 37 94 97 57 37 99 71 16 99 41 27 54 92 58 12 44 63 36 34 24 63 99 95 76 98 82 96 73 3 13 57 44 17 59 98 56 28 18 95 86 84 93 101 47 37 8 18 70 54 80 59 26 45 16 96 88 17 31 77 62 100 70 24 18 17 44 68 82 83 63 56 72 61 29 67 84
13 65 101 73 57 28 98 21 7 63 66 47 33 35 6 84 55 71 79 71 29 47 93 9 25 75 63 75 64 67 31 41 9 27 8 80 20 32 39 36 58 38 79 62 4 77 37 11 87 84 61 42 59 29 27 48 26 18 5 15 51 51 55 82 72 38 62 56 57 95 58 26 59 66 92 88 18 34 97 21 31 32 87 88 35 72 35 9 19 70 61 63 25 63 6 73 38 69 86 39
El programa tardó 15.626907348632812 milisegundos en ejecutarse.
