67 63 40 76 90 4 20 35 16 10 71 50 92 89 23 71 24 15 82 29 8 71 55 60 76 98 45 4 72 47 98 27 4 65 96 33 39 70 23 78 90 80 97 20 19 18 60 11 28 16 54 50 21 95 28 96 56 39 47 77 33 99 34 77 96 49 62 63 84 12 24 70 58 73 49 7 59 17 24 47 86 100 35 6 64 32 26 19 75 81 73 59 65 20 93 77 72 59 3 75
49 20 81 39 34 80 52 66 79 17 27 31 31 30 12 58 34 6 28 66 81 46 50 78 63 54 16 31 86 43 63 73 6 89 15 2 98 65 74 65 33 -1 15 1 20 92 26 85 30 70 18 11 37 16 19 9 17 91 28 -2 29 39 11 47 81 96 101 94 3 78 65 83 72 18 67 56 54 62 15 48 66 92 90 4 44 53 89 86 25 13 42 88 47 45 6 43 90 37 87 56
9 19 40 85 83 11 20 14 17 25 5 17 21 11 88 78 90 82 28 93 55 1 9 29 4 60 92 6 91 78 49 37 46 96 73 84 55 73 24 39 44 94 11 86 4 75 57 42 17 59 73 31 13 36 74 10 54 12 12 6 70 10 50 3 99 54 26 60 64 19 22 58 11 87 70 59 54 55 33 43 28 10 72 59 50 68 75 4 51 46 57 38 48 75 49 8 18 82 94 82
90 13 48 37 55 -3 92 10 55 35 48 5 5 50 37 15 83 54 51 64 73 8 32 93 9 65 12 55 52 66 83 53 55 72 58 38 13 12 49 17 86 66 69 44 57 68 42 1 52 82 88 88 81 77 48 6 65 94 67 11 14 82 7 9 82 42 79 50 88 28 72 68 84 6 47 49 91 91 24 51 88 55 74 63 95 93 40 72 31 47 65 10 56 73 14 -2 86 49 89 86
42 28 85 45 42 23 13 45 13 18 26 65 22 58 102 80 97 44 10 45 33 96 88 24 92 96 33 25 92 50 20 91 8 43 59 85 29 90 73 32 49 41 56 30 99 3 73 33 61 41 96 11 42 8 56 16 21 55 47 87 62 99 80 54 40 82 97 16 34 40 53 97 91 29 77 12 46 48 43 83 8 66 65 35 33 13 87 65 99 98 99 79 71 72 14 91 73 54 36 71
35 12 54 11 74 3 15 23 31 90 88 13 84 92 29 88 61 62 59 73 14 4 11 69 88 84 74 7 14 21 77 56 96 53 34 80 73 66 100 62 77 33 90 38 67 78 94 38 79 40 15 31 6 23 34 55 92 55 28 20 67 1 42 40 85 7 18 89 21 19 23 23 80 27 54 0 90 40 21 24 55 71 71 74 91 9 23 87 10 75 79 69 62 48 56 50 16 68 33 1
63 48 29 92 62 80 51 34 101 88 22 99 44 83 77 100 32 17 38 72 78 19 27 92 30 7 49 16 24 39 63 74 22 86 20 8 45 59 74 12 35 55 77 55 57 64 74 73 16 79 61 50 31 66 38 84 92 52 88 22 53 3 36 80 3 60 101 8 56 52 40 67 29 88 81 18 79 82 3 100 70 61 56 52 19 70 52 33 76 94 35 2 85 58 32 92 14 8 36 51
52 19 93 89 37 29 6 29 94 91 16 84 94 90 36 30 42 26 7 24 57 65 22 39 74 32 15 52 10 46 37 82 68 1 55 87 99 48 100 83 50 96 32 47 20 55 66 57 15 91 97 21 28 75 66 16 24 67 97 4 74 71 76 39 95 17 84 38 7 71 101 52 29 8 98 26 101 79 84 5 54 90 42 22 86 45 88 50 80 76 13 5 4 54 21 48 81 19 64 92
17 67 83 79 67 58 93 48 16 72 53 95 96 95 95 87 51 6 79 98 46 81 39 13 47 97 99 78 54 60 24 96 72 23 17 51 74 100 43 84 9 57 33 28 25 78 68 46 6 95 71 48 33 22 16 47 34 77 79 94 78 71 72 17 64 90 76 51 102 89 73 71 49 77 82 87 49 44 85 85 68 2 50 75 26 46 17 31 65 62 88 65 23 3 66 38 5 12 44 82
21 29 74 18 13 68 81 24 80 41 58 -1 71 17 84 81 81 72 28 7 99 2 47 61 71 46 100 32 36 -2 59 45 28 94 3 79 100 13 84 3 51 33 95 28 95 27 80 1 46 23 55 20 83 87 35 19 41 22 24 -2 55 28 90 48 78 26 101 -2 64 69 86 33 52 58 19 57 95 1 60 85 98 36 60 78 92 93 68 78 36 47 76 84 69 57 18 7 42 3 38 32
73 59 31 67 97 50 27 95 76 46 72 57 22 45 18 91 9 86 20 94 25 73 53 73 75 74 63 10 90 7 90 71 95 58 29 80 4 50 62 38 76 42 15 51 98 46 99 81 16 18 53 32 34 6 98 59 63 56 20 71 95 13 27 76 9 41 11 26 21 87 21 94 94 47 102 23 25 34 84 76 23 89 82 36 86 4 17 91 45 86 35 50 68 31 43 72 43 21 100 74
51 33 78 2 21 90 34 35 66 14 88 70 12 93 63 71 38 40 17 91 11 54 93 54 14 37 95 37 26 25 10 86 30 32 43 3 15 22 8 14 17 88 29 63 13 27 3 32 68 49 75 52 7 21 37 9 17 67 80 40 86 10 76 36 101 5 29 -3 83 46 49 88 98 15 7 70 97 78 97 42 68 38 22 -3 36 69 11 2 42 91 26 67 47 67 93 14 36 19 63 70
10 26 63 86 78 38 9 3 3 87 88 5 74 78 62 29 91 11 28 98 71 55 17 23 72 92 100 100 74 68 13 19 84 72 17 30 15 7 49 44 82 89 58 59 14 77 10 46 6 98 63 49 57 13 34 4 19 46 74 22 76 62 32 98 79 95 49 96 28 58 23 74 73 28 35 86 87 16 57 38 39 81 71 56 9 20 34 52 33 73 54 83 28 81 47 21 37 52 94 53
93 85 95 -2 100 54 34 8 63 78 62 61 69 68 32 27 98 15 40 80 49 17 96 69 40 9 52 47 87 29 40 51 61 63 4 21 96 74 18 50 7 31 67 73 37 35 17 93 91 61 67 73 31 83 41 23 97 32 45 34 87 61 16 44 2 69 100 18 46 2 83 81 34 95 33 58 85 26 82 3 4 72 63 59 31 -2 18 -2 10 24 70 69 89 46 84 1 75 52 98 56
66 60 71 23 78 86 9 12 46 13 84 95 89 6 82 55 76 29 67 81 14 92 101 73 33 20 83 87 24 22 66 38 94 78 5 49 100 29 19 16 44 54 25 45 34 41 82 1 74 90 85 4 75 12 42 81 57 20 72 26 94 47 32 44 18 55 53 45 8 59 79 82 23 5 24 88 4 27 44 55 54 16 7 13 34 34 57 4 49 16 24 34 80 6 18 47 23 5 16 64
13 85 37 75 101 26 4 24 92 11 21 72 23 24 101 38 65 66 17 62 4 25 19 37 95 41 97 2 62 49 36 11 5 31 38 2 52 43 15 79 5 32 7 55 57 32 96 4 69 23 86 85 23 89 87 45 65 51 84 8 56 46 37 81 46 56 11 81 6 94 74 57 66 96 33 76 2 58 24 44 83 60 16 96 24 30 49 17 48 90 33 41 14 3 82 71 6 34 87 78
79 50 35 56 54 16 89 72 17 1 3 71 19 68 78 63 85 85 13 87 76 14 80 66 83 66 66 67 7 48 39 49 27 6 77 71 49 47 68 26 29 88 28 30 26 64 11 36 9 12 65 82 30 27 96 28 18 84 19 16 100 90 45 93 26 61 31 62 29 78 43 16 22 6 3 34 86 39 3 50 22 75 11 4 31 92 75 14 84 49 53 63 69 29 78 70 77 63 16 12
64 12 55 45 45 4 85 65 15 -2 93 13 80 9 26 91 60 18 41 95 75 17 15 75 54 57 24 2 31 11 10 25 59 11 43 36 52 69 63 53 16 56 98 56 21 44 39 54 6 18 81 33 64 87 83 26 5 2 20 34 49 88 42 63 101 18 84 9 54 78 52 24 29 20 66 68 20 14 36 81 30 48 4 71 76 72 68 61 53 22 17 78 74 84 10 66 50 50 64 18
11 14 20 31 27 42 51 94 92 40 88 18 64 8 25 93 82 29 58 34 16 64 73 31 41 85 26 50 39 93 80 8 37 81 38 53 24 46 16 23 97 86 11 34 26 40 74 58 25 82 73 30 18 15 65 72 101 49 81 79 11 12 52 69 41 75 52 80 23 41 63 45 92 96 46 57 72 80 27 23 69 5 61 50 48 18 33 27 80 53 39 12 74 21 80 61 85 43 85 73
66 -1 83 84 90 7 60 83 59 7 70 26 68 96 2 88 30 66 39 21 53 12 57 33 83 41 4 19 66 91 60 65 37 8 39 2 58 20 87 61 43 43 80 49 68 9 50 61 31 67 66 92 54 76 28 39 50 12 12 25 32 18 51 6 63 2 57 80 26 69 70 49 97 44 31 56 25 69 89 30 75 87 24 84 99 0 45 14 71 0 52 58 12 53 53 95 56 56 65 65
35 41 51 47 57 53 32 98 58 56 27 84 7 64 93 12 44 80 100 73 87 58 82 13 79 43 85 75 83 92 39 28 99 93 73 8 88 42 80 8 14 76 101 9 57 99 88 11 61 85 96 86 65 87 37 7 35 42 14 18 44 92 81 28 100 33 12 26 86 24 52 63 76 98 17 31 50 30 51 54 43 45 93 78 6 52 34 54 19 56 102 76 92 79 25 43 102 86 31 99
89 41 6 22 77 70 14 35 27 76 62 48 35 31 77 0 73 89 83 17 47 78 83 16 69 72 60 81 93 2 62 44 29 23 21 41 55 11 49 49 101 46 86 1 89 94 55 78 58 74 44 32 69 83 64 15 74 15 87 56 56 7 13 42 96 22 50 57 17 67 5 15 23 39 27 69 36 86 66 29 51 71 86 8 55 8 43 44 44 82 92 47 50 34 93 80 38 17 6 40
48 52 34 22 96 100 29 62 99 52 32 60 58 50 95 95 3 94 64 11 71 51 52 22 39 29 75 48 74 22 74 60 19 64 14 25 86 72 82 51 11 1 17 38 26 91 83 41 77 23 85 99 40 63 56 50 22 35 69 34 44 9 36 55 51 74 38 39 88 9 67 32 82 56 30 41 4 60 46 16 67 16 88 64 94 53 69 83 9 51 33 81 77 90 40 71 76 98 27 10
90 76 20 75 69 77 36 84 23 57 28 16 74 14 93 22 20 58 97 17 5 74 2 26 84 88 76 76 39 14 65 33 83 8 26 37 83 51 5 9 8 37 21 35 19 27 12 94 65 92 100 15 34 93 44 4 83 61 93 45 24 14 61 8 78 56 22 61 18 62 74 59 3 11 83 13 81 58 23 38 71 4 12 19 75 80 40 34 37 19 20 23 93 46 37 81 64 95 52 30
5 36 42 21 33 13 86 61 55 5 70 44 43 99 97 22 29 42 88 74 26 6 38 57 69 21 37 56 81 41 19 41 87 61 90 53 82 53 85 60 34 37 81 21 29 50 23 35 10 55 37 61 43 60 54 14 23 12 66 89 20 75 83 78 30 86 21 77 6 40 17 40 28 48 29 46 45 78 68 11 67 76 39 17 11 55 14 67 8 11 53 55 50 38 74 61 50 98 34 65
59 86 22 34 92 89 95 -1 101 8 48 60 18 27 31 40 32 12 36 66 97 77 34 93 70 1 30 63 60 41 7 55 56 76 89 95 90 62 75 62 79 -2 68 25 22 49 45 60 54 84 73 65 65 46 70 14 83 3 65 4 61 82 28 19 50 13 24 2 76 0 2 95 6 42 97 40 69 38 29 73 63 13 88 40 77 16 77 -2 100 69 57 19 37 53 26 9 42 38 51 23
12 12 92 86 78 46 75 52 95 45 14 43 7 67 68 68 19 13 92 48 60 99 63 96 85 67 46 73 14 48 31 89 91 18 21 88 92 87 35 38 22 66 80 95 37 52 56 100 38 30 56 42 85 35 56 1 72 23 39 60 80 35 4 82 10 45 26 13 15 44 61 84 30 96 78 74 81 97 12 92 24 41 32 46 56 10 99 71 13 68 82 86 76 76 69 80 49 14 29 26
67 2 61 44 45 71 48 82 34 22 95 25 98 -1 34 7 13 64 25 88 74 53 19 92 62 20 73 92 79 71 82 73 40 36 76 67 58 69 84 81 81 69 74 88 45 90 99 15 83 34 58 14 2 47 35 56 60 23 38 47 6 47 46 44 32 58 97 7 60 93 4 85 41 11 56 40 51 76 64 47 26 22 50 19 79 32 39 94 3 79 99 75 21 19 89 36 11 42 27 90
18 23 67 6 34 38 51 46 87 2 82 75 17 33 47 61 101 71 92 25 23 11 85 50 91 24 10 69 5 54 55 4 56 59 92 100 77 18 51 89 93 95 58 64 37 95 79 65 79 56 41 24 54 47 5 19 67 72 85 98 12 89 55 79 81 22 24 74 7 35 41 61 14 21 11 34 14 52 75 66 73 27 95 42 68 74 77 4 23 16 50 88 44 77 19 50 20 48 10 77
21 5 34 32 41 34 64 8 59 37 101 29 42 77 12 12 30 61 73 81 9 14 88 76 86 65 6 90 86 25 100 37 49 56 27 77 87 81 51 22 52 6 31 43 29 11 26 9 83 53 88 23 48 47 69 89 87 69 23 14 72 59 90 35 45 90 87 93 79 -3 56 17 39 62 28 86 56 -3 76 4 50 49 36 30 32 23 84 51 69 4 22 56 64 39 63 66 11 11 57 79
88 59 74 97 57 37 67 66 59 80 87 78 72 43 74 20 69 47 29 60 73 85 34 27 88 62 80 70 38 59 92 19 70 34 99 80 84 65 67 48 41 83 56 24 56 50 43 12 35 82 97 36 11 9 11 46 68 50 79 43 76 59 15 85 45 92 34 9 19 26 66 40 49 73 72 19 69 11 46 73 65 71 12 60 67 11 18 50 27 24 11 25 32 26 5 91 92 100 32 52
81 66 100 71 83 17 59 78 37 63 38 51 61 41 68 75 100 -2 23 74 95 76 91 59 84 61 2 43 67 66 51 44 34 87 30 33 19 94 47 64 81 88 54 66 27 84 12 60 94 51 32 11 60 92 84 26 34 3 43 41 62 18 48 66 40 9 68 93 68 91 59 95 72 37 48 91 30 -1 38 85 6 0 37 36 24 58 4 52 68 68 19 72 67 67 86 16 30 12 55 85
51 71 34 3 12 22 68 93 85 20 13 37 68 80 95 12 4 46 49 87 59 54 59 63 73 43 73 42 12 71 42 98 4 21 68 93 44 93 51 64 63 21 24 23 92 64 30 75 39 71 54 75 76 35 39 27 92 14 20 62 88 11 7 86 8 71 80 58 82 91 46 21 30 93 57 51 13 66 63 90 40 23 75 78 42 16 16 75 8 75 36 57 15 24 99 27 45 2 13 87
71 70 57 88 6 -2 91 88 50 23 59 88 51 82 90 -1 95 79 85 4 48 14 30 36 73 62 99 80 72 88 41 16 67 96 19 35 50 92 29 80 97 51 13 64 47 95 35 58 84 85 69 61 80 50 56 80 71 3 11 95 29 82 22 7 43 18 88 11 70 28 41 61 32 72 43 63 41 37 55 53 91 64 16 78 36 46 71 50 69 95 76 6 68 92 60 31 24 9 70 31
58 28 41 22 61 12 24 31 34 34 86 88 73 69 45 77 58 93 20 79 31 64 15 98 3 15 99 4 41 15 58 78 48 38 84 73 73 92 34 47 74 80 60 90 30 20 95 68 72 80 52 40 98 14 88 57 93 69 42 15 15 10 9 9 9 56 95 65 40 74 41 36 57 19 36 89 6 9 16 10 87 32 52 86 94 96 90 82 45 81 95 21 64 23 41 34 46 41 14 8
18 2 97 48 32 5 58 89 101 -3 71 47 15 29 10 70 49 49 64 92 41 67 32 27 35 36 50 68 42 63 72 22 97 -2 70 13 56 32 34 88 25 64 78 25 25 91 101 34 50 19 40 82 97 72 95 27 64 59 61 49 14 1 94 30 56 46 93 74 48 44 38 -3 57 52 61 73 5 42 98 71 16 45 2 71 36 88 101 24 50 72 96 45 101 14 14 37 54 34 45 81
86 8 45 15 48 66 38 66 72 44 15 65 100 28 74 20 98 49 96 26 73 49 68 18 74 95 33 80 45 13 53 1 24 85 85 95 33 68 25 62 81 17 57 9 15 76 37 23 60 1 14 19 14 62 8 85 66 95 89 62 12 56 13 32 32 54 22 76 84 35 77 19 88 27 18 94 82 18 72 80 101 55 78 19 24 50 7 36 41 30 57 52 37 91 53 82 64 31 66 3
73 5 39 86 9 54 87 85 12 4 19 46 72 0 10 90 98 72 88 43 74 57 75 68 83 9 3 32 47 33 92 87 72 73 39 57 30 30 90 49 3 67 75 42 9 7 86 45 88 32 5 30 62 26 94 27 12 39 100 62 3 67 9 3 69 91 85 17 20 49 43 78 64 65 101 53 51 90 89 13 28 70 60 23 59 5 46 74 21 3 15 58 83 22 30 78 12 8 8 37
83 53 47 72 70 93 65 87 4 50 14 85 98 38 51 68 38 77 53 79 5 43 6 88 39 17 84 43 81 39 17 93 28 3 96 11 33 83 7 31 12 3 79 37 102 49 43 42 72 21 40 20 45 27 93 65 10 41 41 75 80 32 82 84 73 17 14 91 9 68 29 62 68 70 71 29 76 99 64 22 49 63 96 38 26 32 64 75 48 60 71 4 61 4 46 22 62 89 19 55
17 30 10 51 37 55 16 80 21 76 27 40 6 10 37 67 69 1 98 90 47 6 27 3 64 55 54 96 12 59 6 53 100 12 48 23 17 87 69 13 61 21 78 8 89 41 18 35 100 68 26 45 24 25 47 42 91 51 16 5 93 13 64 53 88 10 21 4 10 34 32 73 23 84 61 12 36 93 46 39 34 67 98 93 96 18 83 24 97 86 90 76 17 77 8 29 8 35 78 29
31 5 100 24 46 39 23 90 93 99 34 100 91 2 92 33 8 37 63 90 10 12 87 41 68 74 44 25 8 77 57 66 34 15 22 24 7 89 25 81 38 25 74 88 31 8 37 20 64 79 62 5 77 57 7 7 41 69 52 97 3 81 19 35 72 34 6 69 88 37 95 50 57 69 41 32 23 84 70 48 5 37 16 22 32 6 101 94 26 82 102 33 60 92 19 9 68 16 25 26
53 41 100 95 15 44 9 -3 27 -2 10 8 89 45 51 17 93 73 48 49 97 82 88 42 89 74 93 85 23 72 66 8 55 33 39 18 78 23 9 37 17 61 67 18 20 73 35 96 83 26 73 33 39 47 95 22 80 96 75 21 48 75 2 79 68 16 65 73 36 66 97 20 5 89 57 27 78 18 63 79 67 2 68 81 94 1 77 -3 43 6 33 57 12 61 75 59 45 30 30 83
75 18 57 31 19 22 67 92 91 50 58 57 31 90 65 36 35 30 77 26 89 61 40 6 26 96 23 90 100 29 60 66 53 94 22 51 78 36 23 42 25 58 4 25 68 92 4 67 59 67 56 6 29 56 54 25 41 20 15 85 14 55 45 69 17 21 25 10 19 21 101 5 4 49 102 1 5 63 58 55 20 62 64 30 4 11 45 60 85 75 28 49 68 96 67 68 35 84 76 26
23 42 45 20 43 41 49 4 43 23 54 60 63 26 19 35 32 44 25 67 8 96 32 87 101 5 40 44 54 93 57 83 90 63 31 16 29 15 49 16 31 42 40 55 14 34 24 12 85 10 22 3 73 85 18 62 93 0 90 34 92 8 50 47 15 52 33 66 96 46 34 18 54 -2 62 40 59 24 101 0 90 17 61 -2 47 52 28 51 68 36 39 52 44 39 82 76 11 55 31 13
54 11 27 88 59 12 79 21 82 48 53 45 56 15 84 88 38 31 34 57 31 49 37 87 14 15 4 87 44 69 40 95 20 72 18 97 95 59 90 82 100 22 50 44 19 69 90 44 46 84 23 11 19 85 101 82 81 45 85 20 95 40 58 94 97 36 75 62 86 60 98 19 49 35 45 65 27 95 96 62 42 65 24 47 89 94 90 84 81 43 43 58 50 8 46 34 55 95 71 96
23 40 92 59 70 46 6 36 34 91 32 40 75 75 40 50 22 15 100 72 20 31 87 44 14 50 31 70 50 10 36 86 88 67 59 42 41 43 81 10 32 16 56 12 99 75 30 76 61 15 88 57 7 15 101 48 50 72 33 42 71 37 47 22 93 57 8 82 17 81 82 8 92 65 88 72 26 84 87 46 56 14 12 50 13 34 31 23 39 94 16 3 100 30 26 8 52 57 40 2
8 93 101 24 53 100 80 61 5 43 68 16 59 79 7 16 62 86 20 28 70 100 69 21 5 26 72 37 78 25 25 65 75 84 41 27 9 76 3 41 27 64 29 30 21 2 80 97 31 30 48 37 53 73 100 70 56 1 16 63 97 31 10 24 51 93 82 21 45 34 67 40 55 55 97 37 33 51 31 16 98 64 18 14 60 94 75 79 72 8 5 27 99 13 60 33 93 44 69 98
86 69 53 72 75 12 64 -2 73 93 99 52 90 83 42 77 86 35 62 72 78 86 4 75 3 20 8 40 50 31 18 27 70 70 87 28 81 95 3 47 2 91 36 92 80 -3 78 12 39 0 14 70 8 41 30 39 55 16 46 43 67 50 61 86 50 36 23 45 71 62 13 44 56 77 98 52 86 38 70 86 49 64 66 69 11 0 4 92 45 71 26 31 99 17 100 79 21 62 60 44
81 97 82 91 90 98 70 71 17 28 26 16 13 66 67 98 97 45 34 86 54 12 102 88 67 48 99 21 71 32 84 70 37 99 86 31 24 42 10 97 21 37 16 26 52 97 27 49 4 21 16 56 18 67 80 91 24 30 91 10 53 14 27 45 36 61 4 23 39 36 23 30 82 9 98 77 4 56 3 86 88 20 73 13 31 76 11 67 59 58 20 66 91 35 66 88 49 18 64 94
70 25 54 57 24 69 66 76 35 78 92 29 40 45 3 4 58 78 90 35 15 57 99 52 4 22 28 13 49 45 5 41 49 17 12 41 48 94 27 44 80 41 66 8 32 36 64 40 85 72 2 20 40 64 3 57 57 16 43 93 67 93 79 64 58 2 15 5 91 64 97 78 2 43 21 95 74 79 76 10 83 51 65 34 59 92 71 69 36 65 92 5 71 10 60 91 7 51 59 67
13 89 26 65 86 53 55 3 15 86 57 57 9 7 29 38 69 66 51 4 50 90 13 41 66 32 94 70 49 4 19 91 4 8 47 100 44 44 66 73 49 53 69 48 15 26 72 84 63 43 55 31 53 24 3 12 27 60 59 48 5 86 65 50 25 72 51 54 63 100 88 31 70 100 10 100 6 45 43 24 81 98 53 60 102 39 66 13 52 99 71 12 26 74 11 45 63 98 90 43
62 -3 39 24 26 75 11 0 101 92 15 6 79 94 82 13 28 34 77 69 40 90 86 20 72 54 87 12 16 78 92 30 84 55 97 20 21 38 73 83 31 96 74 32 30 16 80 59 38 1 70 56 100 96 60 93 25 39 35 95 11 15 23 65 8 70 5 92 21 20 16 91 56 71 22 93 43 88 52 34 40 69 54 88 72 76 2 85 12 64 27 92 29 54 49 18 84 8 97 63
6 44 65 6 12 74 15 77 14 54 55 21 97 18 51 86 86 23 76 29 70 62 15 78 71 78 43 79 4 8 51 64 24 48 52 60 79 42 15 66 94 48 6 27 97 69 63 27 38 92 16 60 20 13 97 12 41 90 4 35 81 99 65 1 98 58 48 21 76 8 84 94 93 36 27 17 59 58 61 58 100 91 70 13 84 66 23 5 59 63 14 30 70 79 63 82 28 61 20 61
83 88 84 88 99 29 99 38 58 81 101 -3 40 61 66 0 10 45 3 83 94 72 4 89 3 71 17 30 42 9 8 68 82 36 18 81 29 71 56 7 76 4 65 -1 87 13 11 52 33 16 67 0 26 91 60 27 56 53 8 59 61 70 35 90 31 87 81 94 96 5 90 70 75 59 22 96 99 49 101 41 54 37 26 44 29 70 41 18 29 58 92 33 85 62 36 79 51 52 48 -2
12 2 92 48 3 4 21 15 76 55 70 74 50 77 71 4 82 81 34 51 70 53 15 88 15 55 9 87 56 33 84 66 7 88 11 46 12 74 3 77 79 76 53 68 102 17 94 26 5 54 24 57 3 98 26 50 93 59 101 61 86 42 70 54 81 25 45 56 17 91 46 61 95 57 87 95 56 28 38 40 18 70 98 17 101 75 43 9 67 81 13 2 88 86 76 33 73 87 49 18
68 68 24 56 9 73 17 12 6 18 62 59 29 50 62 41 67 95 23 83 86 63 28 -1 3 34 27 6 59 76 70 48 54 69 6 73 12 17 55 53 98 55 44 55 42 -3 101 19 53 76 69 46 14 86 72 39 91 47 30 95 81 73 20 86 21 49 57 43 26 71 34 -2 63 65 95 7 91 27 41 47 93 -1 51 31 70 51 85 90 68 90 92 -1 83 83 46 41 34 66 91 73
61 48 6 18 74 100 12 23 5 61 61 28 72 28 65 12 99 36 37 56 85 13 88 29 95 40 56 3 43 99 29 16 92 16 61 2 28 94 42 40 86 13 4 55 7 27 4 61 58 29 50 16 13 18 38 29 22 2 47 37 88 69 91 52 64 95 70 53 54 80 84 7 26 35 37 63 70 34 68 78 37 39 59 32 71 93 26 55 76 18 73 48 27 38 10 26 21 30 53 68
46 3 7 32 39 52 19 59 16 19 83 7 99 84 91 42 67 28 21 52 14 66 25 26 85 73 72 74 61 20 69 60 18 77 3 7 23 57 8 26 56 16 65 8 46 40 71 8 67 -1 46 77 20 67 53 58 28 91 85 14 15 75 42 21 88 45 46 5 44 89 75 -2 40 21 84 15 12 79 53 58 91 24 57 20 93 72 91 19 66 71 63 11 48 59 94 71 82 85 97 50
45 81 61 10 70 73 76 64 77 69 72 88 32 99 52 83 81 25 29 35 80 45 44 21 90 13 20 74 72 41 26 91 82 89 45 31 39 8 63 3 8 63 27 47 100 13 3 48 16 3 88 23 68 70 26 11 90 50 76 41 22 49 49 85 88 96 52 63 97 93 16 74 32 57 89 6 92 33 19 15 97 31 47 13 26 66 40 54 97 25 102 99 87 40 11 45 52 95 68 36
37 32 21 70 19 27 28 85 88 67 26 18 85 77 67 37 47 44 33 2 58 87 64 45 2 13 74 75 34 16 97 27 9 43 91 69 6 31 73 68 71 2 80 9 24 9 61 96 48 88 86 25 56 95 20 63 31 85 43 59 101 96 31 36 57 15 85 33 31 95 84 82 67 7 94 18 88 37 75 95 18 25 53 30 57 12 13 19 9 9 7 41 81 27 49 37 86 23 65 87
8 63 67 53 22 22 4 93 60 21 4 61 98 66 27 53 90 70 93 33 37 74 16 71 54 83 45 4 46 64 78 94 7 38 99 48 87 21 45 9 18 68 24 33 76 20 25 28 52 24 54 25 76 77 72 30 59 23 72 13 47 94 44 51 84 88 85 79 47 43 68 60 72 91 61 29 18 95 10 35 38 69 7 41 93 74 54 33 34 69 21 27 99 30 101 44 13 34 41 2
61 17 65 26 100 54 71 91 19 61 29 18 94 40 70 52 6 12 62 11 67 59 17 50 72 37 46 80 56 91 93 46 32 34 39 5 29 84 56 -3 75 96 74 80 96 79 92 24 78 13 90 51 96 75 48 50 92 75 15 90 54 34 16 92 3 14 74 23 26 60 100 51 88 -2 78 48 55 80 85 62 12 59 21 24 3 38 10 66 43 35 89 16 44 62 85 30 74 33 55 20
27 68 29 46 89 74 25 15 44 5 4 30 92 29 49 82 60 86 80 76 14 31 17 55 99 22 54 96 51 57 96 33 79 54 98 8 88 13 89 63 51 85 30 50 34 30 21 38 84 27 20 63 57 93 67 1 94 27 63 75 8 89 98 90 16 27 5 10 54 27 6 54 64 88 97 79 73 92 15 11 27 66 99 35 82 15 9 47 3 31 71 96 92 76 38 79 58 64 27 73
13 74 56 7 67 70 27 53 69 51 31 60 79 11 41 35 63 91 17 74 6 -2 10 88 31 3 72 84 30 48 81 8 75 44 85 33 78 92 5 8 37 88 17 80 15 47 3 19 83 19 91 0 43 30 64 14 93 50 73 95 14 45 14 95 84 27 39 59 94 14 68 82 7 58 11 74 41 86 72 3 91 74 15 14 67 68 77 81 41 26 87 96 16 75 7 51 94 48 31 10
78 61 23 73 3 78 13 100 90 87 89 92 97 65 32 75 46 81 82 17 36 74 18 26 72 39 21 66 70 9 34 4 52 75 92 97 51 10 80 3 26 67 95 84 76 66 43 3 72 20 54 37 53 67 34 17 61 45 52 23 12 38 89 55 41 33 77 11 13 9 51 11 85 77 14 50 19 21 43 29 9 54 99 79 31 65 4 6 61 89 23 89 13 7 53 40 15 50 59 10
44 46 90 17 27 52 44 93 84 27 64 34 54 84 49 14 34 56 55 30 16 32 90 85 23 31 57 47 71 30 8 86 72 8 61 25 33 41 90 67 97 87 63 51 34 17 101 29 57 60 60 84 40 29 88 19 64 28 4 93 43 43 35 4 6 68 18 72 3 3 101 85 51 39 13 45 18 29 69 83 33 23 38 57 34 45 82 9 43 61 73 13 22 7 52 84 69 28 32 25
100 83 57 91 56 54 38 68 60 88 63 43 87 64 97 40 34 40 61 63 12 53 70 28 15 21 70 40 56 64 34 75 5 67 57 19 97 24 62 91 64 73 97 94 102 23 82 21 88 37 45 51 35 85 83 94 23 91 13 4 9 88 85 51 4 5 54 17 24 15 90 13 79 51 18 23 12 67 71 43 50 62 28 48 100 59 80 17 46 30 65 26 36 64 77 91 100 30 96 66
63 -1 5 44 11 43 65 84 27 85 75 50 3 61 34 49 34 47 20 53 9 27 39 49 33 18 50 -1 46 -2 6 24 61 59 3 60 72 50 46 26 73 39 76 94 13 87 7 61 65 3 96 73 21 90 65 54 49 4 42 64 8 90 78 29 40 64 36 32 36 62 44 8 62 3 82 19 89 62 23 65 85 58 94 8 51 69 11 77 60 52 54 61 46 87 101 72 92 18 99 26
41 36 50 73 89 73 16 28 96 13 24 53 64 79 89 59 30 42 28 6 83 91 53 22 27 14 13 49 92 16 27 9 94 62 12 16 49 53 16 14 62 90 80 51 64 20 55 2 82 96 12 56 102 45 89 92 60 74 65 92 30 4 18 60 25 89 25 15 84 14 79 82 40 56 82 4 97 33 10 51 80 67 5 17 33 14 41 48 54 49 35 73 84 11 99 58 45 47 31 52
48 42 12 35 70 54 44 52 101 73 77 8 21 67 5 77 97 23 91 12 9 82 37 86 101 58 88 36 40 4 48 70 12 38 21 34 88 44 49 62 39 53 76 78 36 76 18 18 38 38 21 15 22 21 87 94 15 32 11 14 89 61 32 77 71 6 17 37 35 14 7 46 24 91 40 64 11 10 17 87 43 73 28 48 21 48 59 61 82 41 16 -1 3 41 51 26 96 7 47 1
17 68 38 48 71 21 50 27 49 63 43 37 8 51 77 88 28 77 99 50 46 43 35 69 92 40 95 75 102 18 60 97 66 94 90 11 72 92 5 43 41 34 14 58 15 63 66 97 41 35 41 3 22 49 56 28 57 65 100 23 42 3 80 28 52 1 72 22 99 33 8 10 76 21 77 67 43 87 30 98 50 13 60 96 19 9 28 40 7 37 13 20 29 49 27 20 93 43 18 32
27 -2 86 55 68 92 73 90 98 93 52 32 67 93 44 73 69 65 88 39 100 88 66 56 75 80 41 85 10 83 73 24 90 83 26 -2 12 31 28 3 73 12 22 75 90 54 98 41 98 84 15 6 11 5 86 17 71 40 48 58 97 0 5 18 50 16 42 89 60 59 74 52 23 85 95 41 84 40 63 52 7 54 4 26 20 68 20 16 69 52 37 8 20 75 40 68 2 18 60 27
26 19 89 48 82 79 97 52 96 13 68 51 90 66 71 15 33 52 94 2 12 52 74 20 38 55 28 15 100 65 43 73 13 58 66 45 83 96 40 92 83 83 101 7 72 71 77 30 16 16 93 49 70 6 29 64 51 93 23 36 4 71 18 82 72 67 9 81 28 41 72 34 83 7 13 17 71 11 88 49 72 58 68 13 17 91 43 33 77 64 3 64 62 25 51 90 78 12 49 14
63 78 46 40 89 72 40 89 87 24 43 35 23 56 62 69 23 64 8 57 41 58 99 73 6 13 34 95 33 5 83 91 86 47 18 36 71 43 54 92 18 25 64 60 35 67 75 23 72 92 74 88 10 39 66 49 81 9 101 91 98 16 52 63 78 64 68 61 100 87 35 80 93 56 80 14 52 14 33 90 9 63 86 64 29 85 60 25 94 39 64 88 44 64 24 81 64 85 44 82
15 75 70 97 41 15 80 80 68 35 101 52 8 72 39 39 100 100 56 95 91 21 81 3 32 91 17 65 92 82 34 23 4 57 79 54 72 64 87 95 10 29 10 97 66 79 62 5 77 2 81 9 53 86 45 34 17 5 40 53 38 21 64 95 19 19 64 86 99 7 68 82 68 51 16 26 24 51 34 72 92 93 80 38 32 71 100 100 77 5 63 26 45 16 17 94 8 15 84 87
71 53 53 61 24 13 76 45 13 75 4 44 100 -2 99 17 91 90 79 66 68 76 11 7 73 51 81 89 75 44 51 87 40 37 99 23 28 25 61 19 22 38 67 43 53 79 2 61 90 69 75 36 5 59 78 29 87 76 21 57 72 69 62 75 45 26 52 91 82 37 77 4 91 92 32 29 98 19 2 51 77 69 21 14 57 95 75 82 61 84 71 16 96 18 38 0 27 95 62 40
60 39 29 57 35 84 38 81 99 88 24 99 23 70 12 53 89 41 95 31 9 51 59 19 37 58 5 43 70 99 5 28 49 49 93 22 82 70 87 61 81 80 93 92 62 44 42 71 3 72 101 20 43 65 50 30 30 48 92 81 59 68 35 39 16 68 32 87 49 2 102 55 12 34 48 6 80 98 72 48 26 45 58 36 56 28 22 78 44 70 55 9 75 58 65 86 99 28 17 32
34 94 12 91 92 21 75 5 6 93 15 -3 12 58 61 71 32 27 57 87 94 28 25 48 4 86 65 96 24 68 88 10 36 52 62 16 83 6 71 96 42 33 58 7 71 57 15 30 72 84 67 66 73 29 88 25 77 30 95 66 47 61 36 74 100 88 41 67 49 92 31 77 13 35 95 59 20 37 20 35 55 77 36 91 11 28 75 16 32 10 52 91 18 22 100 86 84 94 44 92
34 21 58 42 44 64 97 15 65 9 93 86 21 34 95 45 67 52 94 81 4 39 50 67 76 89 9 98 58 31 60 95 58 76 99 81 55 54 94 96 4 44 8 22 71 15 11 53 27 10 75 63 34 54 21 79 59 80 28 18 19 22 70 78 41 40 12 44 98 4 3 19 56 99 67 31 10 53 18 78 54 64 48 70 17 24 45 53 55 33 43 37 40 14 94 51 49 43 48 89
96 46 55 25 17 13 93 61 95 88 56 3 37 86 38 34 54 32 99 93 61 10 66 51 36 16 38 32 68 56 63 74 30 83 70 66 36 75 47 83 26 60 49 71 86 84 94 30 51 27 41 88 81 81 69 38 62 8 87 96 3 18 59 87 29 11 40 77 21 71 71 39 42 80 92 20 29 0 34 84 21 52 3 83 35 81 33 16 30 28 5 20 98 49 42 66 6 96 46 7
67 95 57 59 64 76 79 69 62 84 24 44 35 46 25 43 5 39 32 74 55 25 78 85 84 39 10 82 100 72 101 67 8 54 37 64 41 24 46 6 96 50 69 39 72 29 5 81 99 87 36 89 21 2 61 75 53 14 61 10 57 38 8 80 101 35 5 36 44 39 45 30 52 3 49 7 19 53 78 64 47 49 48 5 83 28 74 34 55 77 37 71 30 28 57 100 27 63 58 75
64 61 38 87 67 41 57 2 78 42 17 5 13 96 54 0 80 26 3 8 24 20 81 49 5 55 37 10 20 89 66 95 51 93 19 60 32 34 83 69 7 84 62 6 40 79 4 17 83 29 37 58 20 20 27 80 54 26 78 88 21 34 63 63 65 27 62 50 46 71 7 95 82 20 72 0 14 38 20 72 64 20 24 42 7 91 7 16 3 32 11 49 58 7 65 19 61 36 85 14
11 84 24 35 85 89 100 42 54 76 25 32 88 35 57 78 48 30 94 65 43 16 62 61 50 95 15 73 98 69 58 14 29 52 96 20 17 63 97 4 32 27 95 84 37 56 82 81 24 28 56 6 49 12 65 43 31 40 47 77 64 60 11 81 52 81 22 33 41 53 42 25 15 83 48 65 52 68 30 82 91 60 50 82 32 71 5 32 13 83 84 75 44 2 91 34 32 62 45 72
38 91 90 50 25 11 42 79 101 6 78 13 46 58 30 73 18 48 79 33 58 88 54 28 93 -2 28 87 10 74 66 52 3 81 55 31 42 27 12 72 80 55 36 70 28 40 87 25 48 73 90 34 87 34 35 4 48 81 32 20 26 22 3 52 52 33 5 7 9 60 17 -1 27 39 45 49 37 28 8 74 99 90 57 -2 2 85 16 55 59 14 16 30 55 73 59 43 65 52 97 56
80 74 29 48 66 78 22 53 86 33 63 26 44 70 61 29 50 34 101 58 44 57 38 49 64 44 25 83 46 49 25 46 82 86 33 57 78 29 11 89 68 21 16 34 14 7 102 19 90 21 16 38 73 20 75 50 100 92 98 4 11 52 97 5 11 44 60 95 100 95 72 23 62 52 64 29 16 88 97 69 7 37 60 70 76 89 20 23 101 56 40 66 7 83 39 47 49 97 44 37
38 16 85 28 47 3 99 50 44 35 90 83 36 92 69 52 72 28 2 30 27 96 44 83 43 23 23 88 99 2 98 64 17 26 91 89 60 48 94 23 42 24 96 38 21 57 14 47 33 43 33 19 30 85 41 29 61 32 21 19 60 71 26 20 46 90 40 92 57 23 14 30 68 70 59 23 85 89 11 9 56 40 77 36 25 90 15 11 17 57 78 63 10 7 46 48 16 4 84 79
19 62 54 47 6 98 52 56 44 17 73 70 79 36 49 84 13 15 60 24 100 6 18 5 32 6 53 90 18 10 81 8 72 18 98 59 82 83 79 83 27 19 67 22 8 67 33 86 6 36 51 76 65 8 65 99 43 47 92 77 87 11 29 26 33 47 11 57 23 70 28 45 37 67 20 61 75 58 32 5 97 1 42 97 100 43 8 53 74 44 70 94 74 62 27 7 89 82 45 7
27 73 27 24 25 53 28 13 22 78 36 50 37 8 94 19 16 48 65 84 51 90 85 12 38 29 56 67 87 50 82 68 70 31 41 65 3 76 3 27 8 59 22 47 52 58 25 26 59 96 96 51 21 56 79 93 70 26 91 49 62 25 90 48 25 57 79 61 58 18 39 49 40 94 69 90 73 77 77 81 44 52 23 58 83 75 23 83 32 25 32 83 83 67 15 47 17 46 39 20
20 82 8 60 29 5 11 60 101 17 24 25 25 93 87 33 63 97 16 55 31 36 62 24 25 36 87 67 100 89 73 31 32 15 70 8 71 100 102 30 83 33 88 62 77 22 22 87 100 25 22 60 7 74 32 64 67 79 61 7 51 100 74 40 59 9 30 1 62 92 18 40 35 39 98 9 15 46 59 46 65 22 21 27 64 94 70 23 16 100 78 29 6 11 94 98 15 74 92 88
20 2 72 53 68 36 54 31 30 35 55 61 4 1 94 56 2 6 15 15 54 -1 52 1 2 41 82 81 18 61 62 84 51 34 70 73 55 8 37 36 54 47 45 85 2 75 25 72 100 60 76 78 12 84 83 14 60 31 52 77 68 23 61 29 24 16 69 48 9 3 22 60 43 33 17 33 75 93 33 61 96 1 13 92 66 60 89 64 80 69 68 64 51 62 70 36 80 19 83 33
98 78 39 8 98 15 17 3 88 44 28 74 20 7 49 60 60 91 74 23 70 72 63 37 71 46 96 12 70 80 3 69 77 29 35 95 96 41 72 91 93 39 88 17 27 1 100 73 52 39 8 78 94 58 75 43 96 4 67 56 100 37 36 66 53 95 84 40 61 17 50 72 98 76 69 6 76 36 37 51 92 82 46 48 54 92 18 68 46 1 50 34 27 20 87 51 67 41 5 61
43 19 30 57 59 71 34 12 18 66 68 57 13 3 60 77 82 4 66 10 94 87 93 25 56 37 46 96 4 86 14 -3 43 59 12 26 98 67 11 64 24 68 50 82 63 56 5 2 78 77 71 22 94 9 95 44 78 11 16 19 31 70 99 81 42 52 37 27 40 12 67 29 19 62 17 6 42 0 100 86 46 16 3 29 34 13 96 37 23 11 55 55 54 6 16 94 67 29 42 57
83 16 21 76 58 91 43 35 84 12 45 33 84 87 14 17 18 5 100 46 45 39 48 3 4 5 16 85 81 69 41 37 85 87 68 5 19 81 23 11 44 78 53 85 72 35 25 8 67 3 10 68 26 13 102 58 47 77 92 84 93 39 21 6 88 40 40 65 23 84 83 9 33 60 17 84 9 79 48 1 50 57 4 67 13 14 71 4 22 12 57 74 101 96 74 74 52 85 83 41
80 89 14 95 59 37 94 18 58 83 20 -1 37 47 24 82 70 12 99 2 100 34 39 55 53 73 50 59 27 65 66 92 57 3 34 65 101 15 17 33 24 93 73 93 80 53 98 94 65 64 94 29 67 23 12 63 35 27 33 90 42 25 9 23 73 18 62 53 5 17 33 25 51 56 16 38 16 -3 76 69 73 83 19 7 36 18 36 74 84 73 40 87 23 74 37 51 16 31 37 17
11 45 64 100 56 7 60 86 93 59 6 80 9 85 20 98 83 89 40 80 30 82 56 13 30 13 66 27 95 85 47 18 94 18 89 17 68 40 48 14 25 80 18 7 87 19 65 82 5 92 11 46 50 64 78 13 29 45 101 58 98 12 84 24 45 92 67 9 15 51 27 14 77 30 53 10 101 60 20 9 8 97 33 37 70 24 99 13 82 62 73 86 99 45 38 68 62 53 63 77
19 61 35 69 62 57 97 75 29 90 46 28 13 92 21 25 67 -2 6 15 59 1 91 52 69 6 95 91 77 60 16 32 26 1 19 92 73 4 55 38 75 43 17 79 100 58 8 66 14 47 13 40 89 78 29 29 28 64 78 48 101 21 24 79 51 81 70 41 36 6 39 81 14 28 68 77 57 19 37 49 40 47 8 67 18 94 21 30 5 72 101 2 100 63 56 82 58 25 92 12
91 52 91 95 81 21 64 47 73 64 85 24 21 30 31 29 4 15 98 87 42 72 58 73 88 63 87 100 62 9 89 26 91 41 21 38 74 46 99 61 44 54 16 7 88 24 79 4 29 31 43 18 4 89 21 91 52 65 62 8 48 18 81 34 37 96 79 52 94 23 16 37 12 99 53 60 72 53 32 65 51 92 72 58 37 86 89 98 3 76 82 85 31 58 47 89 31 72 48 68
92 92 53 14 22 13 78 45 64 27 6 24 57 18 38 73 22 8 33 46 43 26 16 87 27 56 83 85 49 0 58 58 59 13 15 3 11 34 59 53 5 88 30 24 69 80 62 42 84 91 91 55 68 7 40 83 53 20 2 82 56 72 37 19 30 36 68 10 15 33 93 2 97 39 49 31 46 55 90 18 101 43 65 47 89 91 95 68 57 83 39 93 21 15 69 46 15 40 65 26
3 77 86 16 44 50 51 76 37 58 73 54 55 2 66 58 77 5 76 53 65 16 96 52 86 31 96 75 57 86 86 31 41 93 47 79 11 37 17 99 40 51 68 18 97 82 63 30 36 11 41 35 55 26 5 61 29 20 27 11 16 71 11 99 75 90 21 64 19 17 3 50 96 29 76 81 45 75 73 70 7 35 52 33 66 20 21 7 84 79 90 22 73 50 22 75 44 70 29 45
52 46 40 77 8 78 93 75 3 49 67 96 84 92 34 13 14 53 33 64 59 72 96 16 64 44 14 29 9 80 46 50 2 15 63 76 82 9 94 27 6 -2 9 42 66 68 66 74 53 41 8 55 95 72 32 87 41 2 53 74 24 5 4 57 24 33 61 25 87 59 33 69 87 85 4 46 27 86 86 9 43 56 53 94 42 88 80 30 44 56 36 72 9 45 10 69 33 72 55 81
El programa tardó 15.625953674316406 milisegundos en ejecutarse.
