81 38 81 16 82 73 31 16 42 43 63 21 40 71 71 24 88 4 73 12 94 33 37 56 74 9 22 79 57 18 5 74 6 33 65 3 37 80 51 52 66 52 84 99 6 90 84 3 58 64 92 86 93 5 42 74 71 23 77 4 97 89 42 19 76 43 96 15 63 50 60 25 19 7 100 72 73 60 64 64 61 1 31 32 46 63 32 80 84 52 38 46 47 96 41 41 68 43 95 68
47 66 87 11 95 27 18 35 93 88 90 45 57 91 28 58 66 18 83 55 45 86 75 66 48 92 91 62 69 64 52 35 19 59 59 20 35 24 58 3 63 5 70 35 59 65 68 6 42 70 77 62 20 66 48 29 72 76 18 26 62 30 94 32 24 28 13 19 101 56 17 14 7 47 54 52 17 12 67 5 27 47 22 77 101 50 92 18 24 88 13 92 18 75 74 91 29 31 47 17
95 41 70 97 90 98 91 90 31 58 66 100 59 9 19 94 26 45 26 21 62 66 101 95 27 27 82 94 52 74 83 68 76 67 88 30 46 28 99 51 91 23 65 60 98 30 33 16 20 16 88 91 40 87 19 89 46 85 89 1 13 22 59 71 31 59 88 60 49 86 68 52 42 50 74 64 97 61 5 14 74 77 91 89 94 87 39 64 76 59 13 38 19 64 51 44 50 38 4 17
90 87 82 3 68 18 88 55 89 64 82 64 30 59 8 0 25 51 96 43 65 92 5 78 62 63 13 76 35 21 76 58 92 56 71 60 10 13 96 72 12 16 72 53 8 32 84 13 34 71 56 39 32 44 67 72 54 77 50 42 34 58 82 65 42 59 81 50 2 82 100 55 37 96 19 64 46 26 63 86 61 88 97 -1 15 68 92 74 74 48 3 4 91 60 77 15 52 89 75 67
35 66 72 22 48 31 20 30 71 9 54 83 62 4 24 16 54 37 27 30 54 72 75 75 38 89 66 29 46 76 61 75 41 1 29 31 22 41 40 77 90 51 5 82 4 68 6 21 83 77 62 47 74 50 66 73 94 39 98 1 67 92 34 22 15 2 40 8 54 42 85 27 18 61 24 73 92 50 38 53 63 51 47 41 102 3 51 41 101 83 91 97 16 28 58 14 49 23 49 65
95 35 69 90 15 5 2 15 12 75 23 -3 29 32 34 59 40 78 63 50 81 -2 78 35 10 51 59 76 90 68 29 55 21 59 27 21 62 81 79 76 9 38 96 5 70 44 39 67 7 7 20 64 18 67 76 29 68 27 56 73 41 29 62 69 20 22 43 50 47 88 23 44 79 94 44 77 25 77 33 22 42 61 60 89 65 44 82 17 20 20 4 16 61 22 36 19 10 8 3 88
94 53 42 10 97 15 84 30 11 76 54 7 32 59 17 92 75 4 96 56 47 67 71 35 13 85 76 91 86 74 84 32 99 46 13 34 58 34 35 40 74 12 51 60 63 71 4 98 58 67 65 1 31 35 36 36 20 63 96 77 75 75 46 88 8 71 47 83 58 62 42 56 65 23 47 62 7 88 43 68 66 100 57 53 51 42 16 30 59 63 75 85 41 44 77 50 6 29 68 53
85 77 7 -3 40 39 29 15 21 71 98 45 96 94 54 94 89 69 13 38 72 86 61 21 92 52 37 66 36 31 22 31 48 87 52 15 88 66 66 78 76 67 50 71 28 3 79 76 65 30 92 68 8 29 3 46 25 41 50 70 52 54 16 -1 20 67 4 32 79 56 44 87 12 5 85 92 76 78 33 0 97 23 72 69 79 67 92 2 93 26 96 88 75 74 68 21 9 68 11 50
43 45 33 44 17 64 17 15 74 49 75 62 88 53 61 50 55 98 49 18 95 81 56 22 101 73 100 4 64 28 75 67 66 72 76 94 27 18 25 67 79 15 12 81 31 40 95 93 72 83 20 94 90 96 51 11 10 29 35 36 87 97 14 98 21 76 7 64 64 62 25 16 7 82 24 100 54 91 21 28 77 47 9 58 45 10 40 66 18 79 44 2 90 23 49 69 17 66 89 91
81 8 64 66 91 -1 6 66 70 60 90 92 85 63 28 -1 98 26 12 84 43 57 95 73 63 23 20 86 75 42 77 93 47 49 38 34 61 44 49 71 70 69 88 50 73 7 77 75 48 88 28 29 3 2 44 66 73 19 19 71 28 52 13 77 47 11 30 90 48 7 23 85 29 9 78 2 87 80 41 85 74 37 65 90 30 44 34 83 86 46 50 78 48 37 35 36 14 60 83 73
25 25 7 46 43 13 80 57 87 15 22 33 76 45 4 12 21 61 39 15 18 47 21 79 97 41 22 11 80 25 94 14 51 19 30 41 84 14 62 86 4 62 89 54 38 20 33 9 100 18 15 39 99 31 48 35 99 9 53 40 57 25 24 64 67 84 48 57 96 66 77 55 35 35 57 23 26 97 79 52 21 80 88 77 83 20 3 37 49 55 5 75 41 63 54 93 95 76 35 13
95 59 3 32 49 53 90 43 99 91 62 26 81 0 62 39 61 62 64 22 29 7 59 85 41 6 40 66 69 35 7 36 12 79 20 55 35 39 28 93 55 35 79 66 72 76 53 31 14 19 12 66 69 19 50 14 34 21 17 83 101 47 69 77 46 73 8 94 54 -2 37 65 93 81 3 64 40 92 45 44 85 31 36 45 15 67 22 30 40 -2 8 5 52 -2 82 13 55 56 76 66
38 69 89 61 7 82 21 51 91 16 77 10 74 49 73 72 35 9 25 38 31 40 76 46 48 87 63 14 63 47 4 61 94 59 62 79 101 52 82 58 101 98 48 46 62 56 66 19 36 34 25 77 54 37 79 44 4 34 3 3 97 96 21 87 49 48 71 73 33 2 85 54 67 29 55 65 60 54 57 6 30 76 47 91 93 16 80 17 88 52 19 75 45 91 8 62 12 75 21 90
79 50 80 54 73 77 48 69 82 34 93 72 95 12 41 75 42 58 50 81 2 -2 17 7 44 38 15 6 59 71 76 50 28 -3 101 7 89 -1 18 8 42 8 69 10 86 27 68 90 10 -3 23 47 87 94 97 22 91 5 18 84 55 28 74 73 93 93 18 48 86 27 2 14 75 28 82 84 56 54 20 58 53 83 54 92 55 24 67 48 74 52 85 37 79 55 43 82 57 53 21 30
83 19 16 14 90 66 24 14 9 88 53 27 23 30 19 1 50 6 93 30 36 30 85 81 100 4 63 82 40 93 27 54 13 8 16 19 33 86 91 50 71 81 59 15 49 37 27 95 21 44 67 41 56 58 101 89 57 77 33 18 83 75 102 16 26 4 83 86 95 82 21 8 97 11 50 35 46 82 72 27 42 48 7 54 66 75 88 43 77 7 83 10 76 7 28 12 98 95 27 69
30 96 54 91 96 30 79 89 35 2 91 58 32 41 75 95 79 74 46 68 11 18 97 62 89 40 74 31 84 81 25 -2 5 1 24 78 81 71 76 31 6 26 66 -2 24 27 30 68 55 -3 17 30 100 49 68 36 48 11 12 6 85 51 79 17 69 70 63 86 40 49 13 18 90 6 34 32 35 39 87 52 84 12 11 16 61 59 71 15 18 84 34 53 41 43 98 90 51 3 43 6
47 15 96 16 67 98 38 10 82 58 26 71 96 60 54 80 101 3 69 23 25 52 21 72 52 79 7 89 91 66 39 42 76 10 75 5 91 42 86 23 9 18 100 53 92 87 60 78 54 93 38 41 93 20 12 38 21 78 81 57 73 43 9 59 62 79 92 42 50 8 52 53 47 76 95 50 15 47 39 72 47 23 24 86 15 70 17 62 26 44 5 50 12 44 13 2 73 70 40 20
40 17 92 94 95 68 91 45 25 79 9 9 86 81 13 72 42 91 47 26 15 27 56 50 45 1 45 86 7 80 52 54 73 36 85 49 30 27 66 22 15 57 59 71 75 26 43 35 2 86 69 90 25 60 13 48 54 31 3 61 28 35 23 22 2 46 101 1 32 80 9 15 44 15 11 6 44 40 24 42 37 56 81 76 22 66 90 12 15 70 63 55 5 62 42 84 75 78 99 50
49 22 71 34 98 47 27 23 24 53 91 70 75 53 28 26 79 43 95 12 69 85 101 79 96 22 62 68 19 64 38 64 74 61 36 62 72 88 28 80 22 58 84 62 15 14 20 37 62 27 9 45 21 71 23 26 44 35 86 45 38 83 24 28 54 51 17 35 86 62 50 30 51 83 50 58 49 74 101 72 56 28 6 19 64 7 33 39 8 72 85 75 48 87 78 73 23 91 75 99
18 14 11 60 51 54 71 13 2 50 18 48 8 49 74 19 23 9 17 50 7 25 38 25 23 -1 28 70 57 78 69 11 63 11 16 84 70 19 14 65 99 93 37 94 96 60 85 39 35 32 55 96 7 44 97 63 84 80 30 6 60 94 25 77 17 15 79 27 35 57 10 96 54 27 62 81 23 68 68 1 36 64 57 9 8 59 74 26 96 71 7 21 66 82 32 84 92 27 71 67
79 47 59 60 88 47 102 30 39 44 27 32 94 82 25 74 80 63 59 57 98 15 19 37 73 91 64 90 47 41 98 87 70 33 49 91 72 7 40 2 80 37 65 32 50 1 39 81 7 87 57 34 55 49 54 49 101 2 23 4 48 99 94 41 81 49 19 85 90 80 51 55 45 64 54 16 94 82 72 34 72 39 57 56 46 84 51 5 75 25 16 40 59 23 54 75 75 35 31 67
35 95 22 82 85 72 10 25 61 30 25 48 46 31 18 21 56 45 37 49 29 81 47 41 43 20 73 43 17 92 70 94 22 39 15 19 29 72 5 12 58 52 89 13 27 60 88 67 16 95 2 47 44 41 41 80 10 49 35 74 21 76 80 4 33 39 43 29 21 49 2 4 5 94 30 32 78 80 40 85 49 23 85 80 98 56 86 31 61 79 94 28 99 80 6 48 77 15 76 50
94 43 10 37 14 56 4 32 15 38 40 14 51 18 97 11 51 45 10 17 89 11 14 22 63 85 81 94 89 37 76 59 63 16 68 72 80 82 90 61 94 98 32 13 96 13 59 37 53 78 68 38 77 79 7 33 28 90 17 7 40 88 45 37 45 87 60 81 11 23 55 54 50 31 60 2 66 8 77 12 76 20 75 73 42 31 15 81 59 23 46 12 86 2 11 3 6 52 41 19
70 86 40 75 42 87 3 90 3 69 29 48 70 62 43 59 89 84 6 82 26 20 62 25 25 70 34 31 28 44 97 40 54 35 72 31 30 32 42 58 92 92 88 80 49 13 58 34 3 46 2 75 3 76 5 56 100 25 34 24 3 36 37 42 85 89 101 62 74 68 48 34 56 52 61 17 89 76 72 65 51 16 20 23 71 77 58 92 5 -3 48 83 56 28 89 17 37 73 59 0
62 19 101 30 97 18 58 58 73 90 26 43 24 61 54 92 61 1 80 48 31 39 8 27 87 3 43 48 82 83 52 30 58 4 23 64 37 52 86 92 35 61 96 63 93 67 72 100 15 99 50 1 31 45 50 15 39 68 3 9 62 59 65 70 81 77 51 58 9 80 68 71 51 55 64 74 97 69 39 53 80 51 55 1 17 29 43 23 95 64 78 24 89 24 4 8 8 54 19 10
54 40 82 64 44 81 14 7 52 54 68 49 14 2 86 50 67 86 44 16 101 57 83 9 68 2 59 23 92 81 81 15 54 0 35 67 16 34 56 70 88 37 97 51 34 59 68 59 77 24 82 71 4 93 84 78 42 4 88 69 21 42 46 26 82 55 52 10 2 15 69 28 5 8 79 43 67 75 9 80 18 71 57 89 25 36 41 37 67 89 25 48 89 51 42 -1 80 83 94 11
60 32 72 44 64 59 18 53 48 94 82 2 35 53 78 78 56 77 4 37 10 5 27 37 100 17 10 4 73 23 3 57 65 72 20 10 91 89 9 57 29 92 21 45 56 55 10 13 71 19 17 18 67 100 23 16 88 86 14 28 83 49 68 78 57 51 29 47 18 77 16 65 18 75 58 8 42 58 65 71 82 42 52 19 17 18 13 53 77 65 87 37 96 16 21 94 86 48 18 89
39 42 74 71 45 69 66 13 46 44 98 47 100 40 68 75 93 62 71 77 48 13 89 32 33 86 50 46 99 75 82 7 100 65 11 78 47 64 43 -1 11 84 46 31 37 31 97 69 80 32 89 13 48 5 5 57 61 16 50 84 48 96 89 78 2 87 94 8 84 50 11 8 81 86 76 70 17 43 47 76 33 39 31 0 9 76 52 -2 13 35 84 42 18 23 100 30 45 82 7 61
74 15 45 36 46 33 69 97 28 67 43 65 32 88 27 75 4 35 25 44 51 77 78 78 91 85 14 71 81 31 53 3 60 27 22 71 4 89 25 48 85 2 76 97 49 48 79 44 15 57 55 35 36 12 38 3 18 83 41 86 101 8 69 49 95 94 5 95 60 83 95 38 32 63 98 81 48 93 101 22 45 54 9 85 41 38 99 77 37 12 97 13 49 31 86 12 59 96 39 75
36 74 36 36 55 73 23 24 9 15 82 55 35 22 94 76 75 58 83 83 97 64 28 4 52 92 96 43 95 68 82 -2 16 73 90 86 35 16 63 31 77 13 71 4 23 51 8 22 38 18 5 74 21 96 54 37 88 58 57 25 74 24 58 38 10 61 91 20 5 81 88 -2 27 57 87 11 9 19 94 17 99 29 77 91 84 83 39 20 59 43 13 51 82 54 31 17 48 55 96 37
59 58 7 68 71 22 60 39 66 54 39 47 102 61 63 58 22 30 89 64 14 59 42 78 32 9 12 32 95 93 39 81 57 39 75 74 73 8 88 86 58 85 80 87 91 13 37 57 61 83 71 35 74 46 34 53 4 53 79 62 90 28 11 40 82 71 36 52 6 25 28 82 99 52 54 74 72 61 84 76 81 97 64 78 100 71 91 21 11 97 39 53 20 85 68 3 4 5 70 36
13 66 5 53 21 8 55 49 81 82 14 36 90 88 23 25 73 13 48 3 83 5 98 75 2 93 60 96 75 81 84 93 18 40 53 62 82 80 30 76 99 46 8 79 39 58 85 59 9 9 24 51 84 70 69 54 10 -2 91 92 50 52 21 9 37 86 70 23 85 12 88 37 75 85 82 47 48 88 80 74 90 78 97 71 46 71 96 74 6 37 89 93 28 2 87 45 31 53 12 84
35 77 44 91 79 34 85 20 65 9 84 87 26 23 101 23 39 98 4 55 13 97 25 85 28 22 18 73 80 92 101 16 7 74 80 29 82 58 9 43 48 58 84 48 38 8 53 7 49 58 83 17 4 51 29 78 75 79 57 95 78 52 58 14 58 97 41 86 65 47 44 24 75 95 83 12 73 12 98 12 4 59 84 5 21 64 59 15 29 47 67 25 56 41 73 62 43 82 46 48
38 87 33 8 70 13 12 93 36 59 91 48 101 66 52 7 12 84 74 58 22 30 61 63 32 76 87 78 72 3 27 95 9 5 77 24 69 1 84 88 51 15 89 51 81 26 76 24 4 91 44 50 34 35 68 20 83 86 7 24 82 4 97 85 45 87 46 2 92 95 60 74 46 66 79 54 6 78 64 31 89 32 73 40 82 40 6 39 42 6 37 1 41 16 38 24 89 69 21 64
59 1 47 82 64 64 27 40 78 22 52 3 43 29 65 98 43 24 101 73 18 35 46 5 71 45 17 4 86 26 69 23 13 91 17 46 95 58 47 76 75 81 20 26 63 57 94 96 95 80 10 54 49 82 49 77 99 47 23 31 31 83 28 85 88 82 58 36 40 98 11 9 21 33 57 77 42 9 17 72 93 2 91 29 73 73 25 15 36 65 35 12 60 79 30 20 82 89 41 59
97 12 63 58 63 15 33 84 54 34 3 68 58 52 79 79 21 53 48 69 76 53 12 32 40 21 43 20 68 27 18 12 69 57 76 55 98 3 101 56 74 32 89 32 100 91 99 -1 51 42 57 6 23 65 10 93 10 -1 41 7 28 48 43 75 97 42 21 80 99 64 23 88 16 48 56 7 59 87 95 66 83 71 32 48 37 21 13 34 30 78 92 39 7 68 18 84 26 27 68 48
85 83 28 36 102 16 40 84 79 3 93 65 79 1 14 84 18 45 8 17 56 71 83 73 94 57 63 78 85 17 12 20 7 72 81 81 50 5 60 41 98 58 83 15 39 5 36 63 98 88 70 5 50 84 53 15 31 20 14 30 100 79 17 10 63 49 94 60 99 20 73 51 72 60 26 46 23 41 91 66 74 18 77 2 9 35 73 46 48 47 43 42 29 16 100 65 37 2 48 76
39 91 58 74 16 31 92 77 101 92 15 42 56 93 51 79 12 59 30 22 14 34 6 30 21 20 19 21 58 92 48 62 90 27 18 10 79 77 16 38 25 75 100 27 44 -2 26 59 10 68 50 38 28 85 12 66 4 0 8 29 97 2 101 70 81 52 12 32 30 59 81 93 25 32 29 30 26 65 31 91 21 1 41 80 15 82 20 5 92 78 17 55 68 65 14 61 74 0 10 91
87 18 29 17 33 89 41 98 9 57 10 87 62 41 56 41 67 27 62 80 23 66 93 58 78 67 28 53 7 23 76 23 52 96 88 63 31 1 13 59 61 43 58 46 102 8 90 21 94 76 84 83 14 21 73 45 82 25 62 55 51 12 66 67 91 16 42 4 21 62 77 37 99 38 93 48 44 37 100 100 12 31 23 13 54 69 17 100 78 50 99 76 13 74 70 49 21 55 7 48
29 4 53 50 79 27 38 25 25 22 43 89 43 22 100 5 9 12 49 91 16 75 84 11 46 -1 58 47 31 56 40 8 23 52 17 66 30 48 42 3 50 37 51 48 59 49 45 29 60 4 37 44 39 57 54 91 94 87 68 22 31 76 76 96 60 66 77 51 99 67 16 18 40 27 16 82 23 8 36 62 62 96 88 -3 43 59 86 15 51 52 3 24 17 29 82 22 62 47 96 69
30 8 100 12 17 77 13 12 86 83 78 33 27 65 76 22 69 97 78 52 65 8 70 75 66 86 47 44 11 49 20 5 62 81 49 98 102 61 42 20 81 22 90 60 37 16 87 35 14 77 51 28 40 26 29 33 55 70 83 13 73 4 46 82 60 71 56 8 47 62 95 78 68 93 40 38 79 59 99 74 70 98 75 81 89 69 79 24 11 13 66 86 47 8 6 57 61 13 83 21
91 71 52 44 81 4 74 28 5 69 76 54 87 37 23 -3 97 1 59 59 74 1 89 17 33 92 78 90 51 12 33 29 39 55 97 32 17 -1 6 0 20 -1 98 92 67 -2 50 12 11 71 83 12 98 76 52 15 40 58 28 75 69 0 37 51 58 1 61 58 39 34 96 55 84 94 3 13 66 46 90 93 56 67 92 79 63 26 62 82 95 90 63 66 29 77 66 23 18 29 88 57
8 21 86 27 59 52 68 20 42 100 89 90 82 44 34 9 27 39 76 22 3 39 28 53 73 29 78 66 37 11 36 99 42 54 32 56 56 88 3 54 14 26 54 73 21 41 73 20 88 46 51 32 8 95 7 41 43 19 73 31 61 2 81 23 98 7 91 42 31 58 79 21 51 85 32 38 86 58 18 80 88 28 35 66 4 22 69 82 90 57 96 21 76 32 76 35 80 18 4 78
92 62 77 0 87 69 11 90 87 23 76 72 24 11 71 75 46 81 24 3 90 47 37 87 24 84 7 83 66 14 25 25 34 21 62 17 60 3 52 -1 71 17 40 25 99 18 34 14 6 8 15 87 5 -2 87 92 72 35 95 -3 74 70 63 25 97 26 79 -2 69 24 36 28 86 83 86 21 89 11 87 35 43 87 26 41 49 18 88 59 76 73 7 14 35 63 57 8 54 57 84 89
73 28 42 38 78 7 8 80 34 91 67 39 97 76 19 31 99 76 33 79 98 92 101 72 8 91 68 58 22 9 86 84 92 12 52 70 100 77 69 18 64 94 88 25 15 33 94 5 8 50 75 15 21 65 96 84 4 73 100 69 91 29 26 62 56 71 77 6 63 18 92 87 39 47 84 94 102 100 82 81 70 43 70 67 20 88 63 84 49 24 52 68 95 16 76 90 62 90 12 5
92 3 54 83 22 15 60 48 87 73 51 17 84 79 43 24 26 9 45 54 65 9 84 22 87 1 59 6 66 73 6 84 30 32 23 30 73 -2 81 45 28 40 47 49 66 68 76 74 39 14 100 20 78 61 15 9 57 -3 9 65 96 14 77 46 42 90 13 40 66 28 76 36 29 88 52 5 64 45 22 1 54 0 66 20 49 77 45 64 61 22 29 72 86 53 26 81 64 70 61 38
34 18 75 77 90 95 75 94 16 88 47 47 15 17 59 45 28 93 99 7 85 2 8 79 46 99 99 43 67 10 37 92 42 5 64 18 76 95 56 73 23 11 93 65 91 91 83 74 40 33 96 40 28 46 28 66 43 42 57 16 48 30 71 67 79 61 75 64 24 19 13 89 51 31 71 33 88 20 83 61 94 32 54 25 15 1 29 95 23 33 87 40 48 42 13 21 78 88 88 25
57 10 97 0 56 16 70 53 68 48 7 16 7 42 2 41 29 83 72 43 41 38 21 25 95 37 6 4 60 52 69 1 35 11 83 60 37 -3 8 16 14 8 101 48 74 -3 31 0 78 72 46 2 31 71 96 24 66 37 2 8 7 63 28 11 29 29 78 86 8 62 84 49 98 41 26 85 36 65 66 52 69 91 86 54 91 91 25 94 84 32 84 3 52 35 100 9 15 64 59 87
3 17 76 23 94 87 102 69 99 66 57 50 28 53 28 23 96 84 5 21 28 78 26 44 102 15 59 62 102 49 37 11 98 34 51 57 98 59 73 31 55 77 4 12 31 92 77 7 36 20 37 30 78 88 67 55 79 6 43 21 71 100 38 88 66 68 13 86 93 91 7 37 48 99 4 38 64 62 13 80 84 80 86 67 85 92 29 94 93 45 22 57 60 26 25 49 49 56 58 9
18 62 5 15 55 19 18 20 10 23 10 75 78 68 54 61 56 66 34 87 36 71 77 79 52 24 23 19 61 63 70 87 78 83 55 51 89 20 75 12 61 84 91 34 41 87 89 47 75 45 70 37 3 59 11 15 2 40 92 82 17 61 36 78 72 74 88 53 35 87 84 75 47 29 94 33 13 91 100 78 42 -1 66 5 32 27 78 76 84 8 4 17 74 -1 83 54 44 95 81 -2
4 74 87 7 3 22 82 87 19 13 23 96 43 92 99 69 78 21 47 91 64 58 62 13 19 44 45 92 65 96 69 75 16 53 23 41 48 77 53 24 52 73 88 100 34 14 22 59 5 81 83 21 94 11 31 61 60 96 51 47 36 68 90 41 9 43 34 18 102 19 7 49 94 58 26 68 67 94 25 70 6 73 55 48 41 44 5 25 59 86 43 97 17 66 53 42 71 14 78 53
14 9 3 65 47 82 99 77 25 83 11 47 51 7 72 41 32 32 90 80 77 44 13 61 81 5 32 14 93 36 79 29 32 45 75 80 5 7 48 74 92 10 5 43 53 19 42 92 25 56 22 28 58 37 70 96 95 28 84 55 59 70 98 42 77 35 40 82 32 56 72 34 42 13 81 53 64 31 53 25 11 -3 93 89 18 91 30 61 21 53 92 66 43 39 27 22 61 44 60 85
84 81 32 86 58 45 21 19 92 83 84 82 32 92 24 58 83 73 29 57 47 86 30 72 51 75 15 35 18 44 9 82 39 25 72 28 69 61 90 17 49 49 33 87 29 80 42 57 31 66 62 52 36 25 58 23 69 48 4 58 68 74 73 5 69 52 81 3 21 73 50 20 21 23 86 88 20 13 102 44 73 11 52 72 14 25 44 67 53 59 14 28 99 67 80 57 26 60 66 67
67 89 82 34 59 82 92 69 92 51 14 12 50 26 39 79 67 53 100 -3 31 23 29 77 78 55 43 13 49 37 50 92 86 20 50 4 3 21 77 36 29 25 14 49 65 -2 93 5 74 -1 58 73 39 11 23 20 90 43 38 2 13 53 10 19 20 55 73 -3 22 63 75 82 54 71 43 79 28 47 53 72 57 75 54 19 75 74 4 39 93 58 100 55 84 44 17 85 41 19 38 56
89 38 85 12 6 42 62 73 33 66 98 86 64 82 56 87 82 37 86 21 6 76 52 28 10 63 24 27 47 25 25 59 68 54 58 72 34 3 88 44 59 42 26 6 69 54 95 12 54 79 83 92 16 24 48 15 33 10 61 67 73 43 64 85 43 27 6 25 26 93 60 16 99 48 81 87 5 87 46 31 72 77 35 15 18 55 53 21 32 41 66 70 37 34 19 48 55 5 31 30
49 70 18 63 7 14 85 8 15 30 13 88 56 39 49 71 74 11 39 22 81 49 37 77 3 57 89 15 75 26 89 48 30 19 25 24 76 67 8 56 35 56 49 -2 54 92 77 2 96 39 15 87 42 16 11 7 76 55 42 79 101 22 73 4 46 42 92 95 38 46 53 -3 92 8 100 94 40 62 4 39 59 93 65 85 75 43 65 42 16 5 68 27 70 5 18 18 49 16 51 83
90 90 75 19 38 11 71 49 55 16 74 98 35 12 35 53 77 50 40 76 79 54 62 64 12 24 38 16 21 54 33 74 45 13 16 49 100 78 20 73 55 88 33 57 48 69 22 62 44 58 97 51 85 27 26 29 11 5 82 22 32 78 83 8 7 43 78 51 63 73 78 86 3 78 6 8 70 2 5 36 64 50 98 64 9 10 102 79 7 61 21 21 53 61 101 15 74 47 6 3
73 67 88 70 68 33 87 83 25 18 92 65 25 -3 100 52 98 14 29 53 8 84 55 -3 68 41 98 41 61 2 2 14 64 50 80 87 65 87 65 57 24 66 95 78 61 64 90 45 14 1 23 3 45 1 47 48 31 9 85 30 57 -1 74 85 14 28 56 72 4 86 67 14 25 90 28 95 5 89 34 95 95 96 78 0 32 10 81 68 30 74 86 93 90 42 92 55 22 85 10 4
77 85 30 100 22 49 33 53 86 30 55 83 53 60 3 21 64 86 46 7 88 93 72 40 40 3 81 11 16 54 79 72 62 22 96 49 50 23 25 12 34 7 32 99 85 59 72 4 37 74 43 15 87 97 24 6 54 75 35 91 74 96 96 57 59 69 36 86 24 93 73 33 30 95 34 100 18 89 8 91 93 47 23 51 15 73 22 37 5 85 58 53 88 43 100 79 44 60 95 4
97 94 96 37 58 20 68 50 77 -3 89 35 87 48 43 78 38 36 53 61 64 95 30 16 36 24 40 25 53 72 62 -3 50 36 86 27 2 2 60 15 71 52 77 84 90 94 50 19 101 61 53 27 3 60 97 83 90 57 29 37 89 31 68 21 95 9 60 93 52 85 52 49 16 6 73 39 94 68 88 96 45 4 63 16 19 73 81 30 43 20 4 90 53 19 5 48 15 51 30 79
50 43 35 44 70 24 101 86 72 70 36 37 61 79 20 33 85 79 28 72 62 89 23 30 102 38 77 84 26 22 11 67 44 59 95 70 3 94 5 7 35 59 60 70 55 30 65 72 27 69 62 13 68 66 80 3 28 64 61 75 53 91 33 58 86 82 98 73 89 12 92 66 35 65 4 85 54 70 84 59 22 50 89 60 42 72 52 50 71 71 17 82 52 89 100 26 40 62 89 74
21 40 76 74 81 79 92 73 25 1 68 74 29 90 98 26 50 24 66 86 47 33 96 32 37 35 60 54 19 34 16 93 56 40 70 15 87 9 71 38 23 93 100 33 38 27 13 92 2 73 92 38 7 95 98 46 48 39 10 27 57 39 89 25 75 79 80 60 37 17 57 82 63 58 65 57 42 72 49 52 27 27 58 72 18 19 34 31 25 75 11 18 85 25 54 -2 80 3 42 42
82 23 31 67 19 73 91 7 43 61 6 24 78 44 98 84 70 6 26 58 31 32 44 30 54 25 94 97 8 23 78 40 57 1 37 51 44 11 5 5 72 6 82 57 62 100 13 75 7 97 28 10 74 39 80 31 67 19 57 76 73 1 72 69 31 36 24 7 22 19 24 25 47 16 15 89 91 41 74 98 88 47 72 12 80 74 86 60 48 58 12 41 33 14 82 46 74 66 101 14
39 93 66 60 44 85 48 2 66 4 32 87 65 78 38 33 68 37 41 6 28 76 22 7 80 87 62 21 49 74 20 -3 81 10 90 63 3 63 17 34 79 11 64 45 96 96 56 58 71 6 95 55 57 66 52 27 62 -3 31 89 36 11 89 5 53 46 49 59 44 94 68 74 38 35 42 21 68 96 17 36 58 57 31 24 43 34 87 0 15 58 38 71 73 11 99 77 34 51 86 29
30 31 96 27 28 46 25 50 64 21 28 3 7 62 77 57 19 25 97 44 39 74 78 68 29 68 89 69 44 43 42 100 31 29 6 61 83 33 73 79 33 27 79 85 79 74 20 7 22 31 100 61 80 75 16 4 93 5 23 78 41 4 88 46 35 20 11 24 94 1 99 65 12 96 40 76 38 77 61 90 19 73 79 66 57 24 51 32 101 10 7 24 50 42 99 52 69 53 42 50
38 42 28 52 46 43 81 87 79 13 88 17 34 57 97 -2 93 8 87 24 75 47 15 19 4 39 27 57 49 96 87 2 33 81 99 11 54 88 24 72 94 86 77 93 23 0 60 -3 93 89 48 24 96 43 55 0 24 55 26 70 61 64 60 54 14 94 74 63 2 -1 7 25 54 31 15 -3 49 40 87 60 24 35 98 88 98 47 46 45 8 24 77 58 55 39 87 66 37 94 87 71
20 15 82 51 18 69 45 26 6 2 15 68 40 29 7 82 86 62 29 49 61 6 58 7 76 55 23 17 11 28 11 30 23 50 36 24 71 35 47 34 51 67 26 99 17 52 22 76 78 59 101 99 38 40 24 69 10 75 90 32 48 81 48 81 78 61 43 7 82 76 34 32 72 95 100 6 26 41 82 4 83 65 76 4 19 48 26 77 67 28 46 77 48 47 51 76 83 10 27 64
92 37 77 70 73 36 91 80 17 28 40 96 89 27 63 18 8 38 43 39 76 33 68 27 96 75 66 31 72 61 61 7 25 7 56 86 91 7 36 75 46 42 27 92 86 42 83 21 54 53 48 -2 13 86 78 10 98 89 101 46 49 20 94 91 16 44 30 34 30 45 70 17 5 94 24 19 7 75 93 81 99 23 88 77 53 28 70 26 27 82 13 -1 46 58 85 88 80 70 40 83
26 32 90 77 96 29 73 52 101 31 54 86 51 63 4 90 42 83 85 32 11 81 37 16 102 6 88 32 93 71 32 13 36 7 26 39 19 64 6 49 23 28 6 65 77 76 59 30 100 80 93 23 27 99 17 22 71 33 35 49 100 11 6 33 53 44 46 21 90 94 101 62 62 30 83 74 38 9 8 46 50 44 16 66 40 56 83 61 57 95 69 57 56 2 92 55 41 12 83 99
83 81 61 24 77 62 44 61 22 4 79 78 64 68 62 32 49 74 39 -1 70 59 80 44 81 68 46 56 99 87 86 59 97 9 24 8 72 92 35 -2 29 0 91 72 44 52 93 80 73 47 87 91 7 3 88 18 52 58 79 96 54 92 3 93 42 12 88 58 89 93 66 0 62 29 84 74 16 19 14 27 49 86 62 28 58 86 25 27 3 57 4 24 68 28 74 88 65 81 70 90
26 75 28 3 51 74 85 86 63 4 86 89 65 34 7 55 43 92 69 58 72 53 7 56 79 77 68 67 83 63 84 5 83 97 16 32 98 9 90 16 69 24 68 5 9 68 60 73 59 61 80 14 48 94 51 26 63 86 26 36 53 85 49 3 33 58 100 39 58 18 85 89 102 23 83 28 54 66 77 10 75 84 78 69 70 13 100 17 28 18 48 82 63 34 19 69 15 63 102 24
27 85 72 46 9 91 5 -3 59 59 75 72 32 82 36 90 27 39 64 71 20 90 88 63 50 18 38 38 52 34 101 -3 74 56 43 2 47 54 79 83 99 46 96 59 75 51 5 39 100 63 80 56 66 71 87 57 41 94 22 21 3 65 78 84 81 76 52 89 30 37 53 1 19 91 5 68 13 84 55 46 18 95 6 28 36 64 22 96 16 80 62 20 21 55 62 11 19 -3 40 64
5 10 51 2 10 87 3 54 97 67 50 53 44 82 46 48 31 52 84 67 7 31 58 6 59 18 24 67 46 91 64 23 53 1 57 48 16 8 72 85 31 57 39 46 85 19 102 95 95 41 78 100 102 100 67 80 79 71 77 43 29 74 63 24 19 95 32 55 64 28 47 63 101 28 86 55 30 19 44 37 58 54 58 18 102 74 95 13 6 97 17 43 92 92 41 83 57 4 57 17
14 20 3 24 36 1 7 32 7 77 14 -3 94 22 71 79 76 83 95 52 92 81 75 81 89 92 81 36 10 90 92 79 45 24 78 8 89 38 49 96 72 84 50 70 15 34 41 76 57 81 98 9 16 22 11 33 4 57 87 82 10 17 73 45 49 91 13 4 40 15 81 61 13 35 31 31 79 63 66 17 59 2 72 15 96 17 10 81 67 18 34 96 101 2 20 74 68 95 20 67
32 65 16 30 94 97 54 6 32 71 49 79 16 90 99 50 39 16 24 16 10 41 65 17 96 18 81 41 48 54 77 34 28 10 57 75 5 71 32 29 66 91 49 42 49 13 80 60 7 67 27 33 32 95 97 16 43 2 94 89 8 60 44 60 92 54 72 85 55 10 23 76 16 79 58 99 60 41 71 38 18 20 102 94 3 92 62 38 38 11 83 47 60 72 9 12 97 70 85 3
80 34 72 63 67 55 5 34 44 12 32 92 59 24 45 65 84 1 65 22 40 76 64 26 22 92 51 47 55 21 100 -2 79 93 94 29 96 -3 85 83 39 60 14 70 34 79 6 31 77 40 76 85 33 11 95 84 87 5 42 51 80 23 48 85 73 29 63 84 30 23 6 58 82 20 58 72 33 77 39 79 92 33 35 93 89 9 31 73 88 1 53 67 62 -2 56 21 89 84 46 29
42 43 71 55 8 13 33 32 26 2 92 57 53 50 95 92 80 2 24 50 13 66 9 82 80 92 44 79 73 36 46 87 55 90 78 37 59 2 80 80 82 27 12 20 11 24 77 32 95 9 25 76 25 57 46 7 31 75 44 1 24 26 77 38 90 29 49 87 37 27 7 76 15 72 81 36 102 40 66 55 100 52 38 88 25 43 13 23 88 17 52 24 55 66 69 22 25 41 81 54
58 18 83 23 54 43 73 82 11 3 13 66 4 54 76 40 21 37 85 4 84 42 94 83 74 17 83 21 80 55 27 31 55 74 78 50 38 40 42 2 78 71 82 68 72 0 55 26 46 81 11 17 19 43 24 84 6 34 70 10 38 18 94 76 85 18 7 68 33 45 23 43 14 73 2 83 37 82 5 67 70 19 76 84 87 84 46 49 12 -3 38 82 76 51 71 24 75 25 23 1
80 76 74 64 50 94 61 32 63 12 15 81 67 40 96 36 40 71 59 45 61 8 56 51 35 76 86 57 89 52 14 15 58 29 26 32 13 40 11 7 10 15 91 27 88 98 38 29 63 99 24 83 11 68 72 31 99 21 77 73 16 82 34 65 89 88 75 76 19 78 14 14 45 98 55 25 66 12 63 48 90 79 71 92 20 34 72 92 21 4 97 8 90 30 66 1 49 19 85 41
100 56 93 91 60 1 52 56 46 38 90 81 28 43 10 76 81 46 44 89 49 88 45 55 32 31 93 61 17 7 24 70 54 87 30 94 32 1 95 23 42 9 96 58 19 8 83 36 83 23 87 65 101 10 15 34 14 93 12 20 43 35 27 38 6 14 71 65 88 12 28 -1 6 59 28 79 21 29 32 66 95 47 27 25 42 84 72 55 51 31 58 32 42 41 67 60 21 40 60 60
13 46 15 38 45 14 49 5 13 17 97 27 79 2 73 90 7 76 58 39 18 69 62 29 18 55 80 78 15 65 11 97 71 59 55 76 38 61 3 31 29 39 34 1 18 10 84 25 31 66 15 34 90 29 32 14 100 10 84 27 8 39 84 96 62 65 23 97 97 2 13 37 14 97 68 15 87 31 76 44 20 75 43 91 12 87 58 17 20 29 46 70 96 72 102 3 94 44 38 88
47 71 95 11 10 76 55 47 29 45 41 93 33 74 74 30 87 13 43 37 3 93 66 19 50 26 90 79 84 79 46 32 26 28 5 43 58 64 89 94 71 96 100 -3 4 61 75 64 96 71 61 43 91 68 84 15 36 81 33 66 87 39 41 40 16 32 100 1 33 55 14 26 58 25 74 92 68 14 77 3 35 4 31 63 82 21 9 91 66 66 63 23 39 50 101 76 95 74 40 60
101 12 73 1 10 60 86 18 36 19 22 37 86 89 30 38 5 99 87 7 67 78 75 42 44 32 58 41 20 26 99 59 98 23 79 78 10 2 82 10 75 77 48 93 3 71 15 59 6 93 75 68 80 68 55 42 63 19 78 52 25 90 12 51 43 26 14 85 15 77 84 42 26 85 85 67 35 74 89 76 81 79 57 6 86 7 53 30 50 53 87 79 56 24 41 25 63 11 48 77
90 62 61 65 41 95 87 32 64 85 73 91 7 27 75 53 49 34 59 53 99 54 6 73 22 37 67 11 57 74 84 44 68 86 34 5 50 37 85 21 72 10 18 8 24 87 88 71 94 58 26 4 18 59 18 53 76 60 17 42 76 4 32 43 37 9 93 41 42 27 59 78 31 6 28 72 20 50 55 64 98 54 97 18 33 39 52 79 16 84 92 4 27 58 2 29 47 59 50 50
85 42 44 86 24 85 25 70 54 78 44 66 19 20 73 27 12 87 6 84 17 86 49 57 7 3 30 51 50 88 15 59 57 77 56 82 78 2 19 23 100 18 64 2 39 19 94 11 14 91 80 6 80 19 82 30 60 47 14 27 53 34 90 8 19 78 48 31 42 12 23 45 19 95 29 29 42 98 58 8 70 72 46 74 18 90 52 98 62 35 100 100 12 41 99 78 98 52 85 99
67 5 77 79 52 66 34 52 4 74 50 16 79 13 35 88 55 4 19 28 23 28 66 61 34 71 34 -1 99 23 42 50 33 13 9 7 40 63 75 7 28 3 15 47 40 38 55 51 58 84 23 3 26 48 51 50 23 72 32 23 46 28 43 2 83 93 11 29 67 -3 67 24 77 10 31 73 95 86 28 95 89 65 62 14 75 -2 93 28 26 34 70 75 46 0 100 56 91 73 47 17
33 42 18 61 58 5 32 36 10 46 55 68 84 60 21 30 87 61 11 26 31 8 96 83 75 12 101 95 58 14 83 78 42 1 101 20 13 76 36 41 73 80 6 5 58 9 9 50 89 75 89 70 68 15 67 80 91 20 3 74 19 72 41 13 31 40 70 34 48 50 15 26 23 16 37 75 32 1 33 23 58 83 6 85 50 17 38 85 75 57 70 74 95 38 81 61 7 10 93 40
72 39 75 3 99 16 29 1 91 74 85 48 75 57 81 73 31 80 49 59 94 26 16 38 54 40 8 5 21 6 4 90 81 49 77 69 19 15 53 52 61 78 65 47 10 -2 42 56 95 92 57 30 88 47 91 71 6 30 2 57 61 70 99 3 48 68 60 1 73 44 58 12 10 24 20 7 25 6 23 7 59 66 83 94 83 86 74 27 11 39 72 17 70 78 31 10 44 26 16 11
58 10 90 18 82 98 15 98 6 25 84 41 15 11 82 95 33 57 9 54 33 6 35 100 96 96 54 53 93 53 70 11 22 71 26 84 46 61 23 79 24 71 58 96 83 90 49 74 75 7 50 36 94 88 26 54 51 21 75 85 40 58 89 87 45 81 44 94 80 21 48 64 14 30 24 83 6 47 39 3 30 68 46 95 75 48 27 42 20 90 41 25 48 61 28 41 36 11 12 81
71 80 61 76 85 35 101 17 52 9 19 93 4 91 36 78 28 10 18 5 69 73 49 8 25 20 86 12 62 18 100 45 47 52 77 65 49 14 72 8 55 63 42 62 36 51 86 10 22 95 68 95 95 28 78 86 70 7 92 59 96 56 27 10 29 58 41 5 81 9 25 42 69 5 42 96 55 21 29 23 99 24 30 81 96 38 46 21 42 79 20 28 97 65 17 75 12 89 47 57
98 73 29 23 61 62 66 65 71 27 55 62 80 98 76 33 61 16 95 38 64 10 25 92 4 35 94 23 65 73 85 40 67 46 27 4 12 2 15 39 86 80 100 66 68 61 51 83 94 100 101 74 38 8 99 65 68 56 95 21 62 58 102 14 41 7 61 87 60 6 23 60 37 82 87 27 98 32 58 60 57 7 5 84 101 8 68 99 102 29 14 88 42 56 5 24 9 100 13 5
58 24 58 -1 55 6 70 27 100 18 58 5 41 79 76 35 93 38 96 47 53 68 60 44 75 66 68 28 85 14 81 49 60 1 43 87 59 53 16 35 95 90 5 49 60 87 91 67 57 53 28 7 10 60 55 24 83 66 87 90 14 94 75 33 26 76 6 8 59 76 101 93 5 46 97 74 69 18 44 25 59 51 44 31 22 9 41 74 51 85 36 50 98 39 32 46 65 52 54 80
7 85 47 69 98 35 62 44 10 32 82 74 39 57 53 15 54 46 29 11 96 44 69 70 61 77 71 72 91 70 74 22 50 29 64 87 52 70 57 16 81 1 58 86 79 93 101 72 59 31 50 76 33 76 33 57 25 9 56 93 5 97 55 51 23 48 34 38 52 14 5 27 32 22 24 5 7 15 7 64 83 16 63 49 92 30 13 61 21 42 98 66 14 76 39 28 65 17 14 68
2 38 45 58 82 5 30 86 13 32 28 30 89 91 52 51 37 36 100 51 19 83 73 78 59 55 94 93 51 22 59 11 67 52 21 60 70 32 67 7 5 90 48 68 10 0 84 3 26 53 87 61 90 15 74 62 79 91 18 63 61 81 79 59 40 12 77 70 16 92 17 54 75 40 81 5 18 32 56 77 86 88 80 6 80 42 71 4 94 18 56 13 66 51 13 21 34 96 93 81
20 86 43 82 98 69 15 28 35 84 98 3 21 86 49 78 23 9 18 10 15 1 53 22 41 1 34 48 99 86 41 30 81 22 93 53 55 19 72 8 48 7 82 75 34 3 86 25 70 5 68 58 81 65 28 7 101 76 71 47 60 58 65 92 42 70 36 52 84 78 93 90 71 24 62 13 89 57 11 93 49 38 21 29 19 95 75 24 73 21 71 57 87 42 84 34 62 13 22 81
46 46 53 61 9 26 41 14 87 47 78 53 44 83 98 8 28 19 83 55 73 90 68 15 86 58 26 58 5 26 64 -2 32 73 98 89 73 36 63 67 70 46 29 -2 7 8 32 53 93 53 93 51 30 29 90 81 17 20 85 8 65 10 49 95 78 68 3 37 92 49 22 48 47 73 52 10 86 67 93 48 14 31 63 66 16 20 83 41 31 18 95 49 7 -2 65 60 15 86 61 47
74 50 6 79 55 33 80 5 81 73 33 24 72 100 74 53 15 17 69 91 41 73 43 25 40 42 70 14 43 14 95 29 72 4 60 84 28 40 8 60 28 47 55 62 9 2 49 45 7 49 14 91 7 76 91 1 5 71 64 24 26 68 94 60 97 28 77 1 10 15 34 7 9 46 14 68 43 25 8 12 83 98 42 2 63 89 40 65 5 36 8 91 19 58 75 53 35 40 15 89
82 60 31 13 80 62 32 28 101 35 39 90 86 66 53 90 49 41 7 24 38 18 52 19 11 32 72 -3 98 51 32 69 14 -2 36 20 30 93 54 29 81 69 100 84 74 90 82 11 83 73 32 56 80 12 97 47 3 83 46 71 9 -1 57 11 42 95 72 67 63 93 7 58 34 20 38 40 3 58 72 60 50 80 4 42 67 91 75 60 2 43 21 38 91 68 73 0 78 46 87 81
5 87 5 74 78 77 43 100 47 74 78 1 19 7 23 78 20 32 60 77 44 40 46 99 99 73 39 81 35 69 25 71 34 77 65 63 28 59 21 34 28 26 93 82 83 39 74 56 90 37 100 13 40 41 82 44 69 35 24 77 79 14 16 36 40 18 56 61 63 15 93 37 92 9 6 8 30 61 39 29 27 17 79 18 55 66 16 68 97 21 75 87 14 26 99 36 9 67 73 64
6 9 18 20 84 38 69 8 29 92 22 48 76 53 97 96 101 85 95 59 37 65 6 53 81 1 59 41 22 90 24 76 38 62 49 51 74 21 15 59 51 89 10 65 94 37 83 85 60 73 90 69 28 57 17 7 92 -2 3 52 99 -3 64 4 31 82 96 90 83 16 67 93 9 32 50 23 97 73 22 22 32 52 82 47 43 11 26 84 76 39 45 96 45 67 28 32 7 56 36 81
El programa tardó 15.624284744262695 milisegundos en ejecutarse.
