97 82 78 57 6 10 56 27 50 17 21 68 27 79 61 44 55 33 73 57 27 88 32 85 36 50 79 90 58 70 77 15 24 50 62 7 90 55 44 99 21 39 22 35 31 72 28 95 83 43 45 53 61 8 7 70 4 20 72 10 89 5 10 44 65 2 55 98 4 25 5 84 4 86 93 38 90 14 53 10 3 48 15 14 10 52 87 69 99 47 81 67 85 63 102 92 73 25 83 49
28 21 56 53 74 50 86 77 10 -1 37 2 70 55 52 66 51 87 27 86 45 15 101 78 76 46 74 41 77 47 40 80 93 57 75 22 77 88 55 71 54 32 88 39 60 51 20 96 25 59 59 81 81 31 99 4 66 64 29 15 67 62 45 70 9 24 39 -3 16 59 94 30 78 56 66 41 52 6 28 80 80 70 53 15 54 69 71 22 81 71 9 79 94 39 100 93 30 22 3 78
63 39 20 94 98 37 70 45 53 38 23 69 45 25 98 77 45 1 31 82 51 59 93 26 7 3 91 25 35 91 97 70 95 14 72 51 78 37 35 58 38 66 84 77 24 58 17 90 18 99 23 40 5 53 8 36 99 1 4 30 34 65 45 12 59 46 37 28 51 59 68 71 20 26 66 19 19 33 101 84 98 20 66 59 8 60 78 7 100 32 75 28 6 79 18 59 55 23 4 74
50 72 100 65 42 82 51 46 76 25 68 57 63 54 9 -1 9 8 82 71 72 64 52 28 57 61 4 57 49 46 33 68 84 95 61 74 96 84 32 39 57 64 50 90 78 58 28 60 19 45 56 69 47 14 99 40 4 94 6 71 13 69 64 86 15 71 90 29 65 21 18 77 34 63 2 57 36 51 30 19 10 25 97 10 76 6 7 60 79 50 65 7 82 5 37 37 85 2 58 75
93 39 72 87 11 8 38 93 38 94 102 26 49 59 16 2 16 100 43 25 70 99 7 89 45 22 44 80 47 89 27 87 72 37 56 71 68 46 89 49 83 44 60 92 44 45 94 62 30 12 19 55 71 4 16 34 49 5 5 21 33 90 25 99 68 46 29 1 39 26 91 21 6 84 53 38 24 83 82 99 19 90 85 63 74 79 34 88 47 2 71 75 48 33 53 3 60 76 40 3
101 35 95 57 17 27 65 34 44 54 13 75 82 85 51 46 73 34 77 44 54 43 47 20 77 18 13 19 10 22 70 84 101 90 3 23 82 95 63 -1 11 74 48 37 93 76 32 40 2 83 96 26 32 22 48 3 33 80 63 41 53 96 85 90 95 16 23 65 14 70 50 77 33 27 36 23 4 82 15 61 87 28 34 59 6 70 67 37 18 35 94 51 18 51 17 61 25 85 63 15
8 17 60 93 101 66 11 38 79 42 56 5 36 24 35 97 99 86 81 62 10 89 36 16 70 75 74 46 17 68 32 30 77 93 70 82 86 96 4 22 50 80 95 43 41 16 60 44 90 61 75 92 84 44 81 63 75 65 69 10 93 92 81 18 41 23 37 98 74 36 87 79 95 35 9 81 19 51 40 45 8 62 95 34 47 61 49 19 100 77 79 1 25 68 62 43 16 65 64 98
11 50 41 89 45 80 71 -1 67 74 44 52 37 12 23 80 6 11 54 39 24 48 29 12 6 91 13 6 42 10 86 77 90 49 46 87 17 0 58 59 47 81 83 59 63 17 77 75 59 85 21 -2 88 92 96 90 44 14 72 93 32 29 86 33 40 75 97 23 64 49 58 92 92 63 26 17 20 87 37 55 5 95 101 59 56 72 42 43 81 -3 2 -1 46 0 30 28 65 49 44 83
62 86 20 51 43 9 51 19 94 21 98 66 88 35 36 16 14 40 72 5 46 28 63 29 92 7 33 8 90 23 65 27 8 82 24 57 3 100 18 69 18 77 40 52 59 26 31 18 80 66 15 90 16 28 90 76 46 25 45 18 42 52 45 25 57 11 74 3 28 70 64 19 24 14 37 32 70 42 64 66 59 34 30 14 23 25 4 74 5 68 67 76 50 18 8 66 77 12 20 56
28 53 30 90 94 9 75 37 85 0 10 85 99 18 42 1 67 9 52 29 61 26 86 36 73 45 46 49 23 3 101 87 8 82 9 54 56 47 14 30 24 30 98 64 96 24 98 48 69 53 64 15 101 64 46 11 57 74 95 33 54 29 15 53 21 87 11 1 85 84 48 95 24 19 91 83 99 14 45 77 37 12 34 54 28 95 26 79 4 22 18 68 53 -1 12 52 52 43 70 69
51 84 21 2 30 22 83 96 65 98 43 55 64 96 39 58 15 37 61 59 81 4 28 6 88 88 18 64 33 31 63 80 71 41 42 53 10 63 37 13 16 8 90 91 45 20 66 66 72 39 74 71 41 51 22 81 89 30 72 57 65 17 55 94 101 67 42 95 96 4 33 40 44 48 88 18 35 37 77 41 54 86 47 60 87 85 58 70 58 74 5 80 89 80 75 18 49 68 50 29
48 89 49 6 19 20 17 37 5 33 95 54 80 83 2 14 35 82 38 30 96 24 25 22 63 37 15 -1 7 59 87 44 47 65 69 53 37 13 50 43 51 4 12 28 85 2 24 32 30 -1 30 0 62 42 49 51 74 19 51 88 22 19 3 7 3 71 3 8 88 80 76 21 8 5 22 68 92 12 86 82 62 81 3 88 50 38 33 19 66 40 89 76 68 39 19 28 2 -1 47 20
49 77 67 14 99 68 89 58 12 77 25 26 27 36 102 18 96 20 55 46 6 27 41 5 74 23 5 95 68 66 65 3 95 92 48 78 100 12 19 39 67 37 21 30 96 99 30 76 7 36 96 86 61 37 19 61 45 93 82 2 49 88 82 92 56 39 17 5 48 11 88 64 44 64 16 43 29 60 73 9 22 79 73 61 12 47 62 40 40 48 47 36 40 24 27 64 73 42 71 30
51 56 59 28 64 94 50 56 88 77 35 18 83 81 75 80 83 15 80 87 44 11 25 49 18 3 75 36 95 53 59 77 44 68 59 64 87 24 30 25 7 49 12 9 55 65 39 17 8 22 31 10 93 42 46 1 8 6 35 30 2 19 74 53 50 5 50 20 28 92 5 83 51 80 74 27 39 81 38 72 4 76 15 69 100 26 40 69 73 43 48 22 39 25 52 19 82 22 49 5
15 24 96 6 31 98 91 61 42 11 3 6 86 1 97 33 24 37 71 43 28 88 18 54 90 18 7 37 66 55 60 36 57 70 20 81 27 70 65 26 49 55 69 55 97 3 56 26 50 81 81 94 80 3 65 40 69 1 87 93 81 94 28 5 46 4 63 29 40 84 5 28 32 97 46 14 72 6 58 41 8 15 68 14 94 33 9 28 39 11 59 100 36 43 38 96 84 12 65 22
71 6 12 96 81 35 6 5 18 67 52 32 5 36 91 43 83 77 64 56 56 67 12 75 63 41 12 0 26 19 30 36 26 10 3 87 60 93 17 7 24 66 97 74 92 47 91 51 23 28 80 66 35 85 95 81 40 63 55 81 60 61 74 48 35 83 45 69 84 4 70 66 93 61 5 3 43 -1 43 10 92 94 85 -2 44 84 67 52 36 94 4 33 4 37 77 17 12 0 24 73
29 62 64 81 3 28 15 28 75 97 32 31 36 85 72 61 22 45 84 88 83 74 26 97 29 31 78 31 34 1 38 47 55 65 88 67 87 72 90 20 76 1 54 84 54 89 96 76 20 64 3 33 69 29 13 73 10 24 87 46 31 86 12 22 74 24 51 88 45 18 44 78 76 88 42 90 24 12 13 1 75 78 18 20 65 68 32 89 101 68 24 87 31 69 40 51 18 50 22 82
78 79 83 74 28 -3 16 96 30 5 22 31 95 63 15 5 65 65 78 65 31 47 79 34 96 12 50 14 54 -2 96 17 47 84 88 61 21 41 64 10 38 50 57 60 87 -1 52 53 66 6 60 28 35 96 8 69 15 28 2 1 10 35 100 96 52 -3 99 64 19 1 34 17 79 31 77 30 87 25 72 21 51 9 10 21 95 9 36 11 91 65 94 66 30 2 98 44 45 92 49 31
20 81 67 71 66 75 7 46 43 49 28 95 25 25 24 69 22 12 6 15 82 55 13 63 55 48 47 64 64 43 8 6 42 59 43 65 33 71 85 76 93 52 43 21 46 16 11 39 46 20 31 53 41 51 92 48 31 37 59 76 87 16 51 91 39 99 60 71 102 68 43 23 95 61 95 2 11 3 90 64 51 62 94 71 4 32 14 73 37 39 102 29 23 38 67 95 34 52 36 70
71 45 11 69 64 -1 20 77 39 -2 95 52 17 96 53 24 86 91 15 37 42 88 15 91 13 34 69 46 83 96 31 15 32 52 49 -2 44 4 48 66 6 -2 13 54 98 75 85 74 14 83 38 23 85 16 56 6 71 36 53 75 62 18 2 41 6 29 94 88 96 23 57 91 77 61 37 19 19 4 44 73 72 63 89 3 82 62 69 32 37 70 62 88 78 81 74 60 13 92 47 72
22 84 57 72 88 52 61 18 102 64 53 10 87 81 36 16 53 50 80 44 64 20 89 92 3 57 47 21 58 24 71 12 98 42 92 6 33 73 80 44 11 21 16 50 21 71 19 32 78 57 15 25 22 61 96 18 40 54 14 58 47 81 20 74 57 8 80 12 95 59 37 95 34 100 58 31 8 9 97 81 85 42 46 33 39 78 65 12 10 99 21 6 28 59 99 77 70 46 68 66
85 63 72 26 76 45 86 55 3 45 14 72 44 64 61 30 53 56 70 -3 58 12 33 -1 56 42 36 13 66 27 9 73 18 0 17 72 87 44 80 38 59 7 88 63 8 61 60 0 2 37 75 14 101 42 48 33 84 15 94 44 83 15 76 84 3 69 99 51 10 30 4 34 30 82 27 28 62 7 69 29 27 61 54 33 76 83 8 7 73 62 90 66 25 37 89 91 72 47 76 30
53 56 45 42 97 68 75 77 6 46 93 63 9 70 44 39 38 58 61 36 38 28 57 56 64 27 75 99 18 93 4 6 91 54 78 88 21 11 71 77 59 6 75 47 23 3 10 100 64 93 28 51 7 66 18 93 50 57 46 82 73 49 11 85 90 58 51 77 23 8 50 25 91 78 102 41 30 57 50 8 94 56 14 60 16 58 94 57 61 26 15 97 101 20 18 38 57 24 3 36
82 -2 50 19 79 86 14 2 77 32 15 93 95 75 26 0 22 13 30 96 68 40 17 96 19 28 69 33 11 75 97 90 69 8 63 81 89 14 61 49 39 33 57 13 43 26 27 49 45 29 51 78 30 56 77 91 45 30 92 26 89 0 90 84 92 87 93 69 75 15 59 95 71 63 2 14 36 0 11 15 27 41 42 2 9 2 81 4 68 22 84 44 61 32 15 89 77 6 51 48
18 92 96 52 94 81 47 68 34 37 5 4 31 31 47 94 15 72 93 85 45 6 23 30 89 98 98 78 73 62 75 75 73 65 41 26 102 42 81 91 13 49 93 63 43 30 100 82 72 97 80 16 17 49 98 75 91 46 94 82 71 93 63 90 58 100 100 75 100 9 36 28 63 8 67 97 28 85 85 38 16 100 74 84 64 4 77 18 50 57 53 24 68 59 48 72 54 29 76 55
60 47 60 29 90 17 6 69 81 7 6 6 6 14 50 33 72 14 86 26 34 20 5 25 34 4 84 79 38 11 70 2 5 80 14 75 61 45 74 59 26 86 99 90 76 81 41 84 27 87 25 47 46 83 81 79 25 81 69 50 38 31 100 65 15 31 91 2 57 47 48 9 27 85 54 30 93 20 58 35 41 43 96 28 96 84 40 11 98 61 76 90 13 86 38 16 67 20 69 71
69 46 65 35 29 5 74 34 60 71 57 28 92 36 70 21 4 46 42 100 74 9 31 18 59 39 93 27 87 85 82 68 99 5 100 25 18 31 50 14 22 24 15 3 99 56 66 58 19 63 30 88 8 42 94 13 38 60 90 42 37 98 14 93 9 66 69 3 21 55 70 71 22 11 43 22 21 8 67 6 76 50 47 62 98 66 85 15 38 30 5 8 24 50 29 28 75 78 53 83
12 67 42 76 62 85 12 68 71 63 51 96 64 79 73 11 6 81 17 12 46 38 96 93 32 27 13 81 74 58 48 58 58 29 56 8 97 62 17 20 70 82 59 21 30 73 92 51 18 60 72 -2 65 28 87 68 84 32 50 93 100 0 43 39 80 11 55 78 54 45 51 -1 11 11 66 12 97 89 73 33 14 6 81 5 32 40 48 63 21 6 17 30 97 69 20 66 42 4 41 12
73 14 21 85 63 59 7 87 21 67 90 13 74 80 53 3 83 10 24 8 15 8 9 42 23 57 78 100 74 42 9 48 77 2 70 24 82 46 98 83 56 57 56 18 4 11 3 91 27 64 75 39 96 84 84 5 34 32 85 97 97 23 92 41 64 46 43 98 66 31 8 51 65 29 90 71 91 73 32 53 55 71 50 90 23 1 41 39 99 53 58 41 5 10 51 31 27 12 66 85
23 16 38 46 33 50 2 0 78 54 6 96 72 89 77 56 52 65 10 96 35 62 55 78 43 96 69 -3 95 71 51 54 69 16 34 67 26 38 12 17 69 74 86 53 49 64 88 25 61 8 84 24 73 50 12 91 29 52 87 65 3 11 31 8 45 12 18 89 56 84 79 68 52 0 57 67 6 17 57 89 69 45 60 5 36 94 83 80 88 40 53 14 82 34 18 6 67 64 53 52
91 58 74 63 58 15 100 42 18 1 77 27 6 13 13 63 60 71 25 88 21 3 7 32 81 23 81 58 95 37 29 66 65 85 62 84 28 86 84 85 39 36 44 68 87 82 92 63 24 53 91 35 91 43 76 75 4 96 54 5 30 37 63 19 43 5 17 61 29 89 82 8 69 23 90 28 28 48 51 67 15 70 62 97 45 60 11 80 86 24 72 60 37 8 50 55 83 2 64 40
71 24 10 20 24 29 16 27 77 96 85 86 15 57 93 90 46 74 37 67 79 36 25 47 87 13 10 28 44 88 36 86 64 90 100 79 50 41 73 69 76 34 14 81 16 64 96 -2 46 20 38 7 77 83 42 85 34 79 83 27 6 21 69 28 94 42 83 22 47 5 45 3 37 10 72 61 47 52 33 96 66 12 51 66 53 89 95 66 4 23 30 74 17 6 9 92 26 14 12 72
29 30 75 54 58 87 35 36 46 45 45 38 22 87 102 20 30 66 35 1 25 47 77 2 75 75 57 97 32 50 101 35 99 75 7 41 53 17 64 65 41 84 4 25 52 24 57 57 70 15 43 45 63 18 67 6 16 36 24 45 40 43 88 29 61 8 60 63 12 77 83 68 63 38 88 51 96 39 5 46 101 1 21 97 100 18 52 70 51 10 28 69 17 44 35 56 48 52 19 64
83 84 75 18 85 1 80 22 73 59 57 88 48 -1 92 77 30 74 100 77 4 32 101 73 67 46 37 69 77 67 52 47 86 79 3 5 82 50 99 45 5 61 79 28 16 18 36 68 80 50 33 75 98 26 34 29 61 33 68 2 30 75 65 29 40 89 61 71 19 90 45 95 51 92 43 56 68 93 45 45 52 28 83 36 43 63 34 57 89 17 45 74 60 74 58 72 24 59 40 19
59 63 80 55 74 56 9 71 51 55 6 65 99 50 81 71 65 78 13 78 37 37 20 70 20 13 31 95 63 88 37 24 4 45 21 34 31 91 24 29 39 81 5 47 17 49 62 44 57 84 6 45 85 45 95 5 20 59 93 59 33 74 65 59 55 9 77 62 88 8 57 64 98 18 67 18 72 48 8 40 51 44 3 50 44 61 67 53 7 32 18 34 97 26 10 82 102 77 90 65
60 18 48 92 83 83 5 45 39 38 2 27 18 33 20 6 101 12 92 61 71 15 7 32 64 60 100 5 28 7 18 81 77 20 95 69 53 28 7 23 83 29 18 77 94 62 82 1 100 31 80 28 77 38 85 22 73 51 5 27 56 28 32 21 72 70 46 43 16 94 41 55 43 68 26 67 27 77 36 22 43 38 4 63 17 35 21 8 99 78 57 53 5 57 42 9 96 17 37 65
94 20 87 93 64 42 33 49 51 37 94 63 15 96 50 12 94 75 72 92 90 25 100 72 74 83 50 97 61 45 43 7 20 52 94 66 33 52 36 14 85 73 88 2 42 43 77 72 24 79 50 12 19 79 59 33 60 36 20 63 97 29 57 93 52 10 64 78 60 65 13 7 63 8 70 60 63 99 12 73 69 97 22 52 78 88 43 79 91 33 88 72 54 50 95 93 22 45 58 92
69 44 34 45 74 74 15 35 35 53 67 42 93 80 26 34 80 7 64 66 90 91 82 30 7 95 22 -2 95 35 28 52 22 43 94 78 45 81 66 -2 66 13 79 28 44 4 19 72 95 2 88 49 62 18 75 92 101 20 14 62 75 27 75 48 60 82 70 51 37 70 94 81 54 39 75 13 53 81 40 13 6 40 3 46 3 78 58 57 13 96 25 22 9 53 28 65 78 89 12 13
66 40 88 18 77 44 68 88 73 43 12 39 96 47 23 74 39 27 46 28 45 23 3 89 39 29 57 1 24 51 50 52 55 51 65 87 87 82 67 21 26 1 56 60 52 52 102 65 84 33 95 63 35 28 7 22 66 29 97 75 12 70 30 24 12 8 14 10 45 2 25 81 91 82 39 73 6 95 92 56 36 68 64 89 100 31 72 74 48 27 14 92 77 91 73 58 23 17 54 45
67 81 2 59 7 41 43 5 86 23 7 58 77 73 82 -2 100 0 81 18 10 32 80 3 40 5 64 34 79 91 27 9 5 34 57 37 2 43 60 17 8 45 30 92 22 2 57 14 32 57 75 36 98 75 86 20 8 20 59 34 29 95 10 59 49 86 66 58 49 21 11 91 76 73 24 1 69 33 92 30 35 78 74 89 36 81 69 18 93 9 21 66 47 74 49 39 51 28 61 40
51 8 90 89 20 27 91 34 96 54 46 26 40 55 40 62 26 14 71 1 61 35 81 62 38 50 30 7 86 69 98 13 38 48 32 90 54 31 34 19 62 37 100 61 27 48 45 84 62 4 21 57 94 52 18 59 56 8 58 48 16 99 47 62 4 84 12 2 62 70 67 98 56 73 66 45 23 96 87 28 77 38 45 81 102 83 80 51 59 47 81 50 6 28 12 31 62 23 64 57
2 38 26 48 48 -2 8 82 10 22 10 79 8 44 93 76 29 71 8 22 81 12 20 65 43 87 69 15 23 45 19 48 47 40 27 61 87 74 98 82 71 96 65 84 94 30 101 25 10 0 7 36 33 93 39 30 94 12 35 9 4 59 87 4 35 86 30 15 100 59 86 59 48 76 82 65 85 3 70 39 36 1 20 23 22 7 25 81 77 -3 57 41 54 30 39 52 57 41 42 2
39 42 3 88 38 27 79 13 94 69 75 74 53 15 48 21 7 42 10 18 70 22 30 82 14 90 34 52 68 87 38 64 35 61 88 56 3 16 88 64 58 1 91 37 78 50 76 7 69 91 3 71 32 65 38 25 93 27 59 7 14 98 9 47 95 97 38 74 15 81 13 42 37 94 63 57 54 11 44 2 11 57 57 29 60 80 21 48 79 39 5 54 99 75 34 7 102 46 84 84
17 83 2 85 29 85 74 39 15 96 21 48 84 33 56 47 67 62 67 51 67 78 54 23 62 63 81 12 61 36 92 -3 17 12 62 34 16 48 65 83 84 73 27 56 37 53 31 20 83 70 27 54 15 52 8 78 91 32 25 96 56 81 91 79 96 91 76 8 25 65 54 83 95 28 58 36 88 19 94 42 79 36 59 90 21 12 22 17 50 46 100 -2 39 28 17 14 55 30 63 37
29 73 5 96 37 85 52 92 23 100 5 32 26 40 90 48 37 6 84 64 46 89 70 77 40 62 99 51 78 96 61 8 61 84 100 94 24 13 69 1 25 16 54 36 66 73 12 19 87 19 102 29 4 88 21 1 5 5 50 15 18 92 19 20 57 86 55 87 97 99 10 69 19 89 86 15 20 67 96 97 36 77 31 42 82 97 97 13 57 81 98 7 18 100 38 6 26 22 48 35
40 2 43 58 48 77 28 0 9 4 34 71 60 44 8 75 2 63 35 72 83 60 37 71 46 2 21 26 42 12 74 89 30 74 71 86 75 71 61 15 17 -2 10 77 62 73 35 17 13 64 47 66 50 69 5 37 64 71 51 41 63 16 32 85 4 63 11 1 100 77 100 90 57 46 81 29 89 37 60 39 66 16 10 0 35 84 77 30 14 44 94 55 71 85 27 19 58 77 7 29
18 60 15 27 80 56 4 26 101 42 4 24 31 60 94 55 91 93 100 68 37 54 31 29 44 70 9 89 67 56 67 19 85 82 64 66 98 63 72 36 41 11 4 86 25 29 7 35 28 37 35 27 8 58 7 86 46 35 19 23 32 65 18 10 24 2 59 10 41 2 81 59 49 41 82 49 76 83 70 74 37 29 42 83 5 31 19 75 46 18 84 79 51 33 98 52 47 60 56 42
33 75 23 56 85 48 43 18 100 27 12 37 13 47 73 38 98 37 9 27 63 90 15 21 14 90 60 17 3 11 62 79 96 75 4 60 94 68 90 10 19 -3 97 74 29 -3 6 5 64 68 3 66 33 66 44 62 28 59 14 64 55 91 84 65 71 94 81 55 75 41 72 62 84 17 68 66 12 53 86 75 27 67 58 8 99 9 79 93 57 34 79 -1 76 71 80 54 77 95 31 29
97 71 52 18 43 38 21 26 62 67 11 57 20 12 45 24 35 93 86 73 102 24 77 93 76 83 58 61 89 94 43 27 20 58 100 88 16 51 101 1 85 68 23 97 79 94 49 94 82 55 95 5 83 80 34 88 49 23 80 95 32 47 32 22 60 14 15 90 12 78 27 29 59 23 43 72 56 59 102 21 21 19 37 91 77 2 23 76 50 35 8 63 18 13 86 44 63 50 72 65
58 34 40 90 15 86 13 63 59 31 35 39 65 95 95 52 51 11 21 50 92 62 65 53 94 80 24 95 14 15 85 40 59 66 77 7 55 6 84 89 21 -1 60 70 78 46 92 30 45 -2 97 32 74 75 23 90 21 77 98 27 66 69 10 30 81 62 62 42 85 20 3 27 80 91 68 77 17 39 92 55 54 51 15 72 25 76 15 59 75 48 99 -1 95 46 56 25 60 29 37 50
78 13 49 100 5 10 64 77 100 58 38 93 62 46 79 20 82 68 77 10 76 7 8 5 83 79 36 46 36 85 4 43 56 66 76 49 28 58 16 40 95 10 4 74 80 32 84 84 85 17 4 40 34 74 53 91 19 19 33 86 10 53 101 60 13 68 99 72 14 32 38 60 46 91 80 86 21 77 9 52 10 76 49 49 39 81 7 32 35 16 95 20 31 21 99 11 42 17 83 54
47 92 93 5 12 43 80 60 95 -2 21 6 9 -1 27 72 51 56 4 95 59 86 58 95 2 88 22 92 98 58 80 33 51 4 21 34 36 68 72 9 33 59 18 85 90 6 61 84 38 79 81 72 96 36 88 89 15 70 101 71 91 72 73 5 21 60 94 91 36 28 36 51 28 43 80 44 15 42 38 72 19 7 39 84 33 79 49 45 10 86 41 50 90 35 52 23 95 62 93 66
24 8 47 8 12 1 60 72 22 2 5 95 48 83 41 58 68 11 3 77 56 21 21 4 67 55 20 53 42 14 16 70 50 74 77 79 43 78 92 1 77 35 72 11 10 18 24 98 69 76 20 65 61 65 14 97 50 99 11 29 76 28 101 8 69 88 37 94 39 17 30 80 46 24 63 85 58 46 45 5 53 99 35 9 10 25 40 71 18 73 48 60 97 90 87 28 37 19 24 38
13 35 101 34 99 43 68 71 55 64 41 2 90 3 6 76 14 17 36 15 11 1 15 36 53 8 87 45 22 85 10 31 53 70 99 81 29 79 43 63 62 29 29 1 39 84 20 2 8 26 53 -1 64 58 63 85 39 29 97 32 58 45 48 42 10 6 90 41 4 41 10 29 30 43 16 70 95 76 2 80 45 42 79 91 71 83 26 16 100 31 21 90 2 72 98 85 24 66 47 -2
41 26 8 5 36 5 42 58 79 77 66 17 38 69 88 36 72 71 82 38 77 88 27 89 34 92 94 92 71 10 12 80 3 86 44 82 26 43 46 6 32 65 81 74 15 18 11 32 61 39 21 46 72 17 24 94 71 11 17 62 30 44 79 44 28 45 95 63 4 26 60 33 58 83 70 77 7 68 35 64 29 68 54 98 38 100 70 60 15 16 8 87 83 98 9 24 74 22 9 97
25 44 22 94 72 0 24 7 51 6 26 23 21 24 30 56 90 79 96 4 13 46 99 55 33 74 59 69 95 74 52 61 31 64 24 12 85 44 56 56 33 40 76 92 26 42 96 1 55 21 66 52 63 37 69 16 58 76 50 32 43 -1 67 81 91 59 69 87 2 8 57 65 34 84 77 11 88 92 65 25 22 64 50 51 18 45 26 35 69 -1 44 54 87 10 65 38 93 8 70 65
64 37 4 30 23 16 16 10 40 20 21 93 47 27 32 70 38 36 16 9 18 9 60 5 66 83 34 43 36 99 64 27 90 82 67 92 62 19 99 27 68 61 43 94 55 16 35 67 52 66 52 69 12 95 4 22 59 93 82 93 59 49 50 78 69 44 67 99 42 98 101 1 99 36 58 50 90 85 80 36 58 24 73 55 62 92 35 3 93 16 98 6 98 82 64 2 62 85 36 47
36 67 36 36 10 18 14 20 73 86 60 35 36 62 27 70 55 85 48 95 58 9 41 26 60 87 62 4 29 92 12 70 95 9 57 36 70 69 87 61 98 88 52 74 94 84 79 94 50 82 84 35 62 63 57 -1 29 50 42 11 92 73 67 68 42 14 77 25 95 57 97 67 41 65 36 85 33 19 38 90 97 66 65 83 3 28 7 31 84 59 82 54 5 48 41 13 14 83 16 19
40 42 69 88 6 63 54 66 42 68 21 65 87 10 54 13 71 12 44 8 66 80 10 24 72 99 19 35 21 41 76 24 5 47 99 20 81 52 89 4 15 23 27 32 15 87 39 99 64 68 89 13 39 17 89 10 64 12 21 89 23 57 38 26 81 96 65 77 39 36 70 71 97 70 52 26 87 41 49 65 50 40 53 96 8 46 44 3 88 83 24 86 49 34 83 61 3 40 46 42
43 61 96 95 46 61 17 10 34 45 82 14 31 3 71 41 34 23 91 84 56 11 8 10 20 70 42 54 41 22 74 54 97 70 99 8 36 61 28 43 63 17 71 29 49 54 69 88 97 62 17 81 3 49 23 2 19 0 71 31 13 86 13 48 96 55 14 60 64 66 53 31 23 25 66 46 6 -3 47 38 65 92 60 -1 3 40 85 19 62 1 42 8 18 66 56 67 32 64 87 12
101 97 35 43 5 57 43 3 14 91 99 28 101 84 32 25 38 26 95 67 19 78 71 52 101 46 54 56 96 18 6 24 52 77 17 18 59 72 43 75 70 77 42 95 86 60 55 15 66 31 81 13 36 34 62 22 37 11 61 28 25 43 46 67 61 79 9 32 47 29 31 66 57 90 91 96 78 77 34 50 39 22 75 77 3 3 86 85 45 55 20 9 65 58 63 87 18 52 61 62
7 88 79 -1 63 31 39 27 84 84 45 76 23 51 100 91 35 67 72 10 24 81 55 60 60 54 83 56 7 -2 74 81 57 84 81 60 42 27 74 93 67 52 54 5 64 56 95 36 78 44 34 23 17 62 101 61 73 29 44 93 76 83 36 96 8 75 83 22 71 50 15 63 69 82 53 0 58 49 56 49 46 45 17 53 95 78 54 85 14 8 38 51 24 34 69 78 13 59 45 46
66 21 79 98 66 75 32 29 63 66 7 7 79 11 71 38 69 33 46 31 18 36 99 92 26 7 22 50 43 100 30 72 92 92 63 59 42 2 68 100 28 14 93 92 22 30 43 21 25 47 47 47 24 45 101 29 67 39 69 66 75 61 7 38 25 99 65 85 98 27 41 70 47 72 5 27 41 21 9 9 94 21 90 21 96 3 92 52 22 68 49 65 20 3 92 53 19 95 19 58
74 24 78 32 43 86 16 91 53 4 18 22 27 83 22 56 64 36 43 25 38 38 16 89 65 68 7 54 5 35 54 9 3 48 18 70 72 20 62 0 87 34 62 -1 20 0 84 3 85 14 34 52 60 62 31 87 49 18 65 24 20 89 94 61 90 -2 4 88 52 91 24 69 62 10 76 92 37 67 4 85 36 25 50 23 70 71 56 82 53 68 81 1 53 52 57 61 10 35 98 15
22 79 57 44 3 60 62 19 83 72 30 76 25 13 16 31 56 35 98 19 27 75 5 46 18 9 5 79 43 14 24 9 14 8 30 19 67 12 33 14 84 35 73 83 35 97 46 70 3 57 55 91 27 25 81 98 57 5 97 96 15 27 33 75 72 14 96 17 9 25 89 37 101 32 94 79 88 72 26 8 16 52 10 37 101 74 39 5 60 59 91 55 88 5 96 46 73 79 92 63
62 9 13 70 68 80 95 30 32 75 16 33 57 96 29 22 70 85 99 25 20 84 42 93 55 7 20 50 83 22 48 -3 47 9 100 72 54 9 50 81 63 32 83 72 20 40 99 78 61 18 10 0 3 51 54 49 70 70 92 31 43 23 44 20 5 65 91 27 48 93 54 25 56 67 47 85 18 13 81 31 45 10 7 11 48 50 33 36 98 41 41 62 70 32 69 38 56 45 61 42
72 68 99 38 36 3 70 31 4 84 94 95 15 19 99 96 94 9 84 95 96 79 31 25 89 50 25 61 86 79 6 62 13 26 76 3 64 27 48 22 11 19 21 46 71 51 75 57 21 5 13 32 11 41 78 69 86 92 34 2 47 9 70 97 93 78 98 3 58 35 52 35 26 98 43 75 57 65 47 39 37 38 80 17 11 39 93 45 92 23 98 30 4 95 93 9 53 5 56 94
25 60 73 20 77 20 94 13 94 47 2 83 66 93 48 70 37 75 46 19 89 68 56 14 81 15 82 77 61 49 89 23 33 54 10 59 57 66 47 26 59 60 94 49 82 59 85 14 81 39 59 48 39 -3 88 29 55 16 15 37 53 44 92 88 97 64 63 19 59 51 15 89 76 66 49 20 50 39 66 3 84 -1 24 41 38 82 27 44 55 58 51 92 94 33 32 81 94 62 71 57
54 41 88 31 42 24 102 71 4 16 17 21 71 45 39 86 99 26 9 75 4 16 91 1 62 54 8 98 6 92 64 44 72 49 88 60 67 70 59 28 45 18 77 69 93 30 79 62 55 81 38 30 70 78 42 44 63 11 23 39 79 23 34 95 33 14 53 64 53 64 79 92 68 40 87 17 16 72 89 22 94 28 84 15 59 3 19 64 67 12 84 72 20 65 53 61 80 52 42 94
81 22 88 46 8 56 2 43 15 45 95 56 10 41 3 28 14 65 66 81 69 92 29 83 6 67 91 4 54 54 66 82 45 10 13 29 19 90 34 24 9 24 51 18 87 21 82 15 58 62 7 81 80 -3 81 86 30 84 76 43 83 26 52 14 83 21 39 84 67 71 7 27 3 22 2 37 101 2 3 3 43 -1 13 80 30 52 18 15 60 21 70 68 101 8 16 72 58 16 100 81
61 56 55 51 75 92 79 92 55 33 45 12 43 54 5 57 14 94 78 92 33 44 72 34 91 68 77 56 56 73 84 39 94 39 25 67 73 8 7 77 29 40 96 44 54 13 72 73 47 99 82 68 65 83 50 38 52 82 83 87 95 46 69 65 25 26 26 17 45 27 59 32 66 62 8 38 35 87 25 60 55 63 88 42 98 98 94 60 96 74 75 81 85 93 89 52 76 1 84 8
91 19 12 56 73 65 55 18 61 1 62 92 85 81 65 59 59 24 94 89 60 49 65 -2 92 75 10 63 54 25 36 37 40 75 47 85 58 20 38 -3 15 54 75 14 46 76 94 71 55 94 46 18 57 79 43 68 37 30 50 77 6 84 39 65 52 83 56 52 77 65 96 62 85 54 63 64 62 21 96 80 83 24 80 9 37 81 12 82 13 25 7 15 85 14 14 73 47 80 93 9
22 35 58 30 8 32 88 49 68 21 80 53 73 83 12 36 82 56 42 67 38 71 21 39 57 4 102 82 57 4 34 60 21 72 4 94 19 29 41 24 13 86 16 16 49 40 24 13 24 20 50 36 16 34 60 32 18 76 56 70 98 66 70 5 72 15 70 26 47 57 44 20 7 69 45 20 27 82 73 83 92 91 15 14 45 6 32 51 52 38 58 45 84 71 25 46 99 65 59 76
11 49 73 71 72 88 97 92 20 13 10 -2 73 79 4 37 28 60 16 53 97 18 50 8 43 40 96 73 29 93 90 10 64 57 4 94 42 12 48 46 89 16 46 58 13 15 32 24 30 72 27 1 52 61 7 74 78 76 23 20 2 95 67 81 45 47 85 56 59 26 88 71 95 2 20 33 27 83 39 24 38 19 99 31 95 8 15 84 38 30 75 95 97 21 74 -3 65 51 36 2
24 70 29 3 101 19 12 51 50 9 7 39 64 53 93 9 34 47 91 75 24 21 70 88 94 87 93 48 17 30 72 98 46 53 25 64 77 54 62 76 95 36 79 20 62 53 35 52 82 42 16 39 13 52 14 54 43 59 48 25 5 42 45 74 42 52 30 81 49 1 34 51 58 73 27 48 79 49 77 40 57 40 7 56 18 88 71 75 85 13 77 3 8 84 26 43 40 79 69 90
56 8 90 24 27 20 30 82 21 30 79 87 7 49 97 2 56 15 52 91 69 74 26 7 63 8 93 90 16 1 36 72 48 91 96 40 31 63 83 78 58 11 24 96 57 90 54 21 58 73 33 9 18 24 71 45 72 1 66 33 62 95 31 44 91 30 48 7 3 42 25 92 32 87 50 82 83 27 15 85 91 56 97 86 100 81 56 17 35 49 42 65 67 90 97 21 18 29 28 40
77 96 101 44 16 50 8 70 14 59 53 16 14 93 95 79 43 59 69 100 10 74 74 61 30 78 6 57 84 84 84 1 100 92 38 74 73 96 52 75 54 12 61 98 54 10 44 85 56 5 32 10 94 48 67 72 95 9 53 66 60 61 31 55 87 16 59 65 64 99 46 57 32 85 70 53 7 54 42 47 91 9 25 40 40 77 5 91 22 58 90 10 52 38 82 88 75 59 12 50
62 67 101 48 77 84 86 2 68 13 6 43 24 91 28 74 78 77 92 91 59 66 66 80 33 32 3 10 25 33 25 59 2 57 38 51 19 23 54 92 86 85 47 40 59 57 91 69 87 96 32 44 69 57 16 24 17 84 92 21 41 42 96 10 47 85 65 18 7 0 41 -2 33 41 49 23 54 37 30 18 69 36 19 0 56 24 49 71 40 29 80 53 5 22 88 85 89 83 95 90
67 48 60 2 14 47 96 3 85 83 44 79 60 32 68 55 31 93 84 14 81 41 63 89 53 63 71 70 70 80 79 53 66 66 94 47 90 78 8 4 19 65 59 91 66 20 54 90 98 69 93 87 98 47 51 61 61 10 73 86 23 86 62 93 22 23 74 71 34 96 11 17 25 27 4 63 19 73 91 87 66 47 82 3 96 29 56 24 71 32 69 86 51 35 75 28 22 42 58 21
6 15 24 42 100 24 98 35 63 21 29 21 87 14 90 78 15 90 87 0 27 77 79 34 17 24 43 10 72 34 47 2 57 24 83 86 31 30 76 11 64 30 76 21 16 2 17 17 48 1 88 -1 51 86 11 47 69 1 18 -3 73 61 27 78 54 95 72 53 68 24 28 72 37 70 45 9 100 37 72 83 78 14 80 11 26 93 7 21 83 44 42 10 20 95 24 54 36 57 99 86
37 40 72 57 12 41 27 9 88 45 50 33 43 53 53 75 23 92 35 25 38 6 30 49 24 37 101 18 88 76 84 33 59 12 47 25 13 99 86 43 64 49 31 43 25 89 60 27 36 87 85 77 5 46 80 2 63 31 65 86 44 45 71 5 22 76 34 96 70 37 91 91 19 35 9 98 67 84 50 21 58 15 14 94 79 24 11 22 57 34 10 97 18 40 78 16 47 70 102 69
48 51 52 40 27 95 43 61 15 10 23 29 69 47 93 21 15 89 23 82 66 79 76 4 51 56 58 90 101 65 71 80 14 80 3 87 67 43 32 17 80 41 9 4 57 56 97 20 8 13 80 -3 18 -2 44 19 95 10 92 42 28 41 17 7 13 13 91 34 50 -2 13 85 25 26 71 32 58 63 3 51 80 29 20 27 51 26 42 48 8 21 5 35 101 48 83 58 76 69 5 40
88 53 91 8 88 20 31 40 27 56 30 11 11 17 95 48 95 71 89 88 88 61 9 11 3 34 27 23 64 85 21 89 75 19 85 28 12 16 27 3 27 91 92 63 73 88 22 10 64 77 51 13 19 95 65 2 34 61 89 20 11 16 75 60 5 34 11 20 20 32 96 11 53 62 83 35 15 32 80 60 88 48 40 26 55 83 79 8 42 87 92 100 23 90 61 64 3 70 77 25
95 88 69 16 69 57 81 -1 49 52 10 54 55 57 17 -2 18 67 19 69 77 35 53 43 75 57 53 67 92 70 11 16 6 43 9 55 83 69 82 12 76 51 58 20 94 22 41 62 28 23 56 83 74 14 38 10 56 90 58 72 78 31 13 2 39 18 59 39 33 -1 59 43 32 16 29 19 65 53 21 -2 55 93 24 24 55 38 19 81 17 80 78 85 59 69 27 29 63 75 22 17
8 19 39 64 56 59 79 64 89 84 13 83 94 86 23 11 63 1 82 64 59 92 20 47 64 57 47 34 27 17 69 49 90 28 13 32 87 49 15 24 94 76 28 22 69 65 24 79 14 41 33 82 41 3 8 56 16 45 38 98 62 88 60 83 27 71 70 33 90 8 42 3 92 95 73 55 61 3 18 5 81 76 55 35 17 19 36 54 16 46 90 59 37 41 7 96 19 43 51 18
96 95 14 95 79 69 16 41 61 18 79 24 97 18 69 40 90 66 44 95 58 16 93 13 10 87 47 29 40 39 33 72 78 49 28 5 57 17 71 8 47 72 62 7 89 50 35 40 100 47 10 82 65 77 40 71 27 7 50 66 83 41 37 33 43 16 26 55 83 45 14 84 84 62 8 18 30 90 66 86 30 80 74 79 50 46 48 8 33 52 44 14 21 92 56 90 57 38 33 47
46 25 18 93 57 59 96 43 22 18 78 99 39 8 89 96 100 13 14 70 11 1 73 39 9 34 17 50 89 55 19 44 63 51 18 48 13 55 100 2 96 90 51 5 21 88 87 61 93 14 85 77 48 13 70 93 93 40 59 93 80 16 83 52 5 67 3 96 53 63 93 33 53 24 36 50 91 57 85 54 32 70 66 82 29 44 69 9 61 7 43 96 45 47 63 74 48 79 24 62
22 5 49 54 8 63 62 88 92 71 2 28 7 9 41 26 43 48 26 73 6 35 84 32 89 14 72 38 44 8 35 27 43 61 100 90 82 4 93 37 32 13 11 94 84 53 26 45 34 37 83 70 23 64 6 44 57 36 59 -2 23 85 58 51 68 5 86 82 97 10 88 19 34 84 6 86 14 80 42 65 57 27 35 0 22 6 27 90 3 90 91 7 18 27 66 74 54 1 62 62
15 88 98 64 30 58 8 94 71 63 23 65 72 54 43 71 78 27 65 65 87 80 67 68 9 91 4 96 67 8 102 35 84 54 87 99 61 27 75 81 11 92 28 22 56 71 59 76 89 32 65 3 91 94 50 62 101 3 18 34 7 95 48 71 31 67 77 13 18 10 64 79 64 61 10 31 49 18 80 34 79 5 66 48 76 25 30 51 26 60 27 50 66 25 75 63 57 46 16 96
95 47 96 48 44 40 75 -2 11 66 30 16 11 40 75 11 44 77 7 60 63 16 7 64 99 12 79 63 71 30 74 31 79 56 55 19 83 9 98 5 19 36 63 38 34 32 81 84 39 36 5 20 90 28 6 27 31 50 101 87 52 82 63 17 50 74 11 3 97 79 36 55 78 91 87 31 45 48 80 45 66 22 3 1 55 86 81 74 83 21 61 -3 16 67 79 83 23 56 67 75
70 72 85 77 62 2 25 80 87 71 36 22 38 5 97 5 81 12 64 55 22 68 28 54 34 15 75 66 3 93 33 59 64 96 57 33 77 95 90 50 61 28 60 48 44 17 83 47 82 41 43 38 41 58 8 60 55 53 51 84 65 28 22 32 61 84 76 78 53 68 89 84 81 83 25 86 51 18 72 11 21 74 87 94 64 16 68 57 67 19 80 61 70 47 75 83 22 17 10 11
60 92 54 73 27 14 88 27 21 58 23 73 77 15 74 51 65 29 69 23 72 49 45 51 94 46 6 58 73 91 16 72 49 76 98 -2 52 60 55 65 61 92 2 8 53 63 61 25 33 29 40 19 98 29 18 19 90 60 81 67 19 24 23 69 9 7 85 55 91 36 59 41 90 84 68 57 90 96 71 19 36 47 65 29 24 38 47 95 68 82 6 80 79 47 23 4 66 65 45 37
5 34 68 65 36 78 84 82 26 15 102 2 35 40 98 54 38 44 78 15 7 40 59 82 49 64 8 52 94 38 96 31 53 93 16 18 57 49 50 95 60 83 70 70 102 1 7 9 16 98 98 31 81 70 29 15 86 1 9 39 54 52 100 22 81 45 63 25 92 32 67 56 60 22 71 71 78 44 44 76 30 92 9 97 32 48 96 96 24 16 82 82 61 64 40 64 45 52 75 13
25 22 18 58 85 -1 69 17 49 59 28 39 76 -1 18 36 39 12 27 10 7 -2 5 9 74 35 30 29 46 73 32 8 87 50 83 74 35 71 13 57 51 44 72 92 34 75 62 72 37 39 98 67 58 27 4 50 10 68 40 23 9 77 61 77 73 27 71 79 21 21 69 37 93 7 15 22 44 46 45 40 47 15 40 43 54 16 3 3 84 30 45 82 67 44 89 50 92 68 80 53
68 47 89 19 11 48 94 58 11 64 16 65 32 62 16 90 50 20 102 70 74 39 16 36 83 28 31 15 35 10 84 71 39 54 92 95 46 17 31 13 39 44 54 36 82 60 12 30 3 35 73 83 9 39 10 62 88 13 90 97 71 51 41 21 83 100 88 64 48 42 56 89 85 74 98 31 28 29 67 19 47 59 92 92 88 41 11 4 60 32 98 2 71 46 30 80 12 36 8 98
98 46 43 66 40 3 83 41 68 1 16 87 71 41 88 40 19 52 75 68 6 67 66 51 53 90 13 65 96 83 69 42 70 20 80 54 36 -2 19 46 33 52 69 52 37 87 18 96 81 56 19 96 87 21 69 71 54 59 17 61 95 54 69 65 98 82 58 27 71 76 75 81 64 12 98 10 9 59 67 79 16 89 15 3 57 61 54 66 23 42 45 19 97 54 89 89 85 95 88 24
73 11 5 61 24 51 72 90 22 30 77 41 45 78 23 99 33 37 69 68 47 29 14 30 4 57 40 86 29 5 45 51 70 24 91 6 31 46 91 1 64 30 90 41 3 64 45 88 86 84 21 59 89 98 8 82 19 61 22 67 72 76 28 6 7 39 13 18 18 15 74 46 91 63 37 85 12 92 5 35 64 94 62 70 71 58 73 84 83 18 16 34 84 98 59 55 70 29 44 54
15 41 44 15 63 4 26 50 63 89 51 21 28 67 90 63 59 83 19 73 16 41 92 14 59 72 97 -3 39 -3 67 39 60 46 60 42 6 54 78 72 39 1 88 53 28 26 89 71 95 8 63 87 97 76 56 60 49 63 79 91 78 6 28 13 30 61 59 51 96 87 72 10 46 14 26 64 89 17 76 22 33 0 81 17 55 59 4 30 10 31 85 69 31 86 92 75 99 54 30 54
78 60 21 88 84 40 64 77 34 79 94 37 15 9 101 27 102 38 17 41 83 32 32 5 59 16 49 82 26 62 13 71 90 4 72 14 35 94 89 56 21 89 8 2 65 93 4 64 76 78 69 98 94 6 88 88 88 85 28 46 60 47 20 49 39 98 39 74 78 35 12 26 20 89 47 23 16 22 70 30 21 44 71 2 85 30 16 47 99 29 45 88 75 98 84 54 80 8 46 7
29 90 14 72 97 84 55 48 48 52 29 42 81 57 30 33 63 57 40 67 28 45 68 85 28 31 32 36 28 85 4 20 9 45 35 6 40 12 77 64 67 78 55 51 29 14 41 1 82 17 35 66 98 67 19 72 45 41 83 66 99 95 19 51 27 12 67 11 97 91 63 70 96 51 67 45 12 95 97 75 39 95 46 55 74 31 86 32 27 45 69 52 68 35 8 9 2 64 90 54
El programa tardó 15.630483627319336 milisegundos en ejecutarse.
