50 50
99 1 77 8 37 37 32 61 4 50 17 99 71 63 98 87 60 72 26 85 41 94 69 72 55 82 78 2 32 83 18 89 41 25 33 67 48 66 54 15 11 16 44 51 97 60 76 56 56 96
75 45 81 19 23 13 76 13 1 79 28 94 91 75 10 88 66 93 94 42 14 62 7 0 14 0 6 80 29 35 37 41 31 72 39 66 77 56 34 88 44 41 37 79 6 79 11 13 78 5
23 4 79 80 82 30 71 69 66 51 6 71 93 29 84 73 93 77 49 53 43 73 70 73 59 78 69 12 41 42 76 90 24 66 19 44 46 50 1 36 94 57 97 77 56 70 34 89 30 38
12 30 83 58 44 60 19 78 33 6 95 36 84 91 75 6 21 37 31 87 54 79 16 74 56 3 16 83 16 91 15 70 30 12 25 29 62 36 41 61 43 99 91 5 86 14 29 74 36 86
32 38 91 37 56 39 55 22 56 38 54 0 89 58 9 69 75 72 19 66 50 89 91 30 23 71 93 58 17 25 50 25 60 84 60 97 46 35 57 51 26 26 43 36 81 93 87 93 48 95
89 44 94 99 10 79 39 44 34 75 78 78 75 79 31 22 87 16 63 14 18 92 23 51 50 79 54 47 33 95 59 79 34 19 97 39 87 15 44 28 71 55 15 5 73 74 68 36 8 51
92 32 14 3 15 53 45 77 73 65 84 27 51 54 46 48 26 18 0 79 25 57 44 28 79 35 96 76 41 76 9 28 11 19 91 84 74 48 52 55 97 95 1 33 34 97 1 76 99 82
80 86 6 47 34 3 67 92 60 51 22 79 0 33 7 65 38 98 45 97 34 68 99 27 53 22 63 60 44 30 3 22 3 58 25 79 58 24 62 53 35 49 70 99 18 20 5 41 96 14
33 3 89 69 7 70 19 64 29 17 6 53 45 96 1 77 35 6 81 50 81 33 70 19 39 74 44 55 39 36 73 72 22 25 85 2 73 48 26 18 83 41 32 51 29 90 0 65 33 81
61 66 58 94 33 39 13 13 52 81 32 22 3 78 9 28 13 26 66 20 3 77 80 6 44 73 52 89 86 88 12 20 16 17 51 79 83 85 64 7 85 2 10 50 19 17 77 45 64 59
90 30 62 42 54 6 27 9 29 84 88 90 37 75 12 61 72 75 65 9 34 69 47 3 40 59 55 1 76 78 35 48 28 75 8 21 10 11 40 21 44 1 0 40 50 48 82 59 41 92
28 57 46 96 33 82 91 23 70 29 44 9 55 66 6 7 71 55 47 41 46 90 21 51 10 19 96 17 68 74 67 75 69 0 38 53 69 25 19 11 0 89 47 51 44 30 95 50 60 61
4 62 81 96 28 10 70 20 74 96 86 13 56 41 5 98 20 91 91 82 82 82 33 65 39 12 87 47 17 50 49 12 33 18 29 20 97 24 82 83 19 11 17 79 37 34 69 82 56 82
40 93 75 98 13 86 58 94 41 88 99 47 80 29 92 75 42 66 75 32 11 43 99 14 26 56 24 13 23 72 79 80 85 19 92 68 61 93 35 3 65 76 33 72 1 11 68 98 68 20
0 26 23 16 45 9 1 16 89 59 10 6 17 12 69 10 12 10 30 25 41 4 68 15 76 64 16 78 22 53 17 20 97 24 51 1 5 9 22 52 74 11 20 6 58 89 86 94 13 42
79 47 43 80 96 29 63 26 73 49 63 29 40 60 4 76 81 7 18 18 49 37 19 26 83 60 30 43 77 91 7 2 74 81 4 33 31 36 49 90 67 35 41 92 44 19 23 90 65 13
20 39 43 8 15 60 93 38 10 89 48 48 2 84 14 81 89 99 20 40 85 16 75 70 69 55 26 9 90 88 62 48 68 1 2 70 89 82 50 21 60 15 25 12 90 5 82 23 10 91
31 57 1 14 12 53 72 83 34 53 80 81 98 87 95 21 34 30 9 7 30 70 84 93 25 10 57 99 22 21 91 71 33 53 31 91 14 25 53 16 50 89 26 77 58 94 87 80 42 60
11 52 78 7 9 18 48 70 21 25 36 70 55 44 95 21 54 25 43 66 94 17 2 93 72 1 97 65 84 34 46 72 57 26 33 25 1 68 7 54 95 18 15 16 41 74 19 73 62 57
20 20 74 51 98 32 44 59 77 14 8 41 21 32 16 36 64 30 91 93 74 28 70 46 87 43 43 28 96 60 52 17 85 42 17 83 89 41 52 8 35 78 18 21 64 90 70 23 48 96
38 28 48 48 32 5 92 95 78 47 79 22 47 71 75 72 62 3 51 26 16 60 67 42 83 34 86 39 41 19 61 53 11 32 58 76 93 35 87 16 70 39 92 50 34 91 33 33 62 76
97 88 9 16 44 1 89 91 31 97 52 35 97 0 99 47 87 14 59 56 65 18 70 98 56 91 38 53 39 58 1 20 12 76 38 12 48 32 62 79 12 16 1 68 12 38 43 87 12 77
11 42 15 72 95 48 44 60 11 59 70 34 42 0 13 63 38 3 39 6 24 24 83 14 75 36 98 33 98 53 84 75 21 4 88 29 91 9 63 93 54 84 80 76 98 59 34 50 2 61
38 11 68 68 26 33 71 39 72 2 11 67 25 28 87 9 5 56 24 95 52 9 52 47 6 29 32 67 38 89 24 9 47 13 64 76 72 23 59 41 0 22 35 39 46 8 95 21 82 9
97 32 16 16 53 9 3 89 71 92 48 38 77 68 82 31 81 68 38 50 59 80 40 68 62 47 0 3 7 66 77 24 87 98 77 19 53 95 98 50 56 5 13 35 15 42 38 45 44 76
96 24 49 4 9 76 76 60 52 3 70 22 70 32 10 99 55 76 17 42 75 83 17 3 90 1 89 13 79 24 10 24 65 66 92 31 85 23 47 66 77 17 56 38 61 3 12 54 72 64
21 67 81 28 61 58 54 67 5 79 50 81 69 35 26 83 95 29 17 45 29 40 84 11 21 70 98 13 87 23 79 73 22 69 57 21 0 95 33 25 94 98 13 54 74 63 65 79 87 30
76 65 1 32 62 71 95 50 26 37 9 42 12 29 49 47 97 44 94 90 71 6 11 72 17 8 91 47 37 88 26 65 25 65 23 75 55 96 91 75 67 66 6 99 70 38 22 49 29 94
22 95 10 77 60 49 78 69 79 96 61 30 32 17 9 60 18 28 56 8 42 25 13 47 44 25 19 58 96 46 21 86 82 89 3 76 46 49 0 74 91 91 33 0 35 14 80 18 85 33
36 94 66 0 60 53 43 11 21 92 26 22 18 74 6 52 47 55 45 21 7 56 0 21 69 66 64 33 36 92 30 9 83 69 49 91 55 76 18 55 90 11 64 4 92 0 10 67 44 62
6 17 11 44 54 36 74 10 48 36 95 82 22 59 85 62 58 64 72 42 45 31 67 96 75 5 31 69 68 44 86 40 74 0 0 94 53 28 29 83 49 27 90 21 84 12 18 39 78 83
13 52 47 78 28 14 78 95 39 43 0 70 68 57 40 67 47 48 49 43 10 88 12 44 83 85 94 80 75 31 76 44 34 55 14 25 10 6 19 1 75 73 2 82 18 54 16 6 53 7
78 2 30 88 55 58 17 31 24 53 13 7 83 46 98 32 38 31 67 15 61 26 7 37 86 71 63 23 33 74 11 40 6 68 4 39 65 16 80 57 96 5 22 60 11 78 45 23 82 55
48 25 1 99 93 22 54 7 9 10 66 97 88 15 13 22 41 48 35 96 3 87 65 36 28 18 85 38 2 61 67 51 2 34 15 45 91 20 95 84 55 37 82 4 45 48 92 68 60 55
17 94 78 84 33 31 13 89 8 71 99 43 90 84 6 54 26 80 88 49 2 0 26 62 18 72 74 90 77 68 35 42 4 30 2 86 74 50 61 21 50 34 27 21 60 76 19 20 97 39
60 3 24 57 36 47 75 14 58 25 95 98 56 66 32 86 50 63 1 41 34 93 52 93 12 23 66 75 60 49 48 17 51 29 33 83 70 66 48 73 63 7 44 26 23 17 16 64 63 9
44 77 68 28 71 29 12 89 67 47 16 1 99 43 84 20 19 83 95 27 69 57 51 8 96 21 65 98 99 71 77 49 63 16 98 34 37 86 50 44 3 97 67 75 41 78 90 42 19 19
99 26 88 88 15 0 24 85 78 38 41 28 60 77 79 92 1 65 42 37 60 86 42 13 40 35 24 37 67 81 52 1 45 25 68 83 48 64 52 7 91 22 16 4 82 17 30 28 74 14
50 69 62 6 38 30 93 52 82 34 59 19 1 19 61 50 9 56 26 12 38 45 61 46 48 77 17 5 64 69 29 25 37 3 67 31 25 32 11 72 68 55 70 28 0 94 48 22 0 46
25 49 70 35 89 7 65 15 52 7 35 50 16 31 48 34 99 86 29 64 41 16 27 56 86 98 61 45 17 4 92 70 56 49 99 19 57 5 78 91 41 49 49 81 70 20 89 97 51 94
12 78 46 97 91 83 41 84 20 0 47 82 97 2 32 59 88 2 0 78 90 13 68 82 14 59 87 25 36 57 52 88 32 3 81 67 91 21 97 79 6 10 73 64 14 76 55 33 90 35
94 60 24 85 45 65 27 7 17 37 70 23 79 53 39 39 96 89 4 66 47 11 35 10 94 5 74 16 29 82 52 19 76 63 79 92 33 79 83 34 91 41 43 94 73 97 83 72 73 26
21 17 51 71 39 84 8 66 20 84 98 57 39 40 79 87 9 8 81 61 8 29 67 87 64 19 96 41 60 24 68 71 40 7 94 58 3 73 75 82 3 64 11 53 92 20 7 50 35 32
3 64 17 65 1 74 6 91 6 35 73 15 1 84 82 42 64 54 43 95 0 67 6 62 6 37 1 3 20 48 66 46 65 48 0 42 49 64 49 62 54 2 24 64 53 68 37 77 62 19
0 99 42 43 94 36 32 5 7 60 53 38 63 2 10 83 27 50 85 25 38 83 14 7 26 1 99 59 28 10 36 22 59 35 53 90 91 47 77 63 33 20 57 44 13 27 3 95 87 54
52 92 74 70 34 45 49 17 58 53 11 9 31 82 98 61 37 20 75 39 40 26 34 24 67 93 40 63 96 16 41 6 35 56 19 95 10 63 79 27 77 46 85 53 82 45 58 60 31 82
3 42 14 55 76 12 91 68 32 23 26 81 8 87 55 81 39 4 85 97 10 69 30 7 40 9 9 84 41 99 23 89 64 0 1 6 34 24 27 97 98 74 34 31 76 64 96 40 62 53
81 45 59 20 51 72 24 25 59 18 27 95 81 65 50 23 53 15 27 33 9 56 49 52 11 51 31 84 51 81 69 77 43 54 6 40 86 67 37 54 58 65 25 24 14 29 54 69 29 96
64 5 65 4 1 90 64 34 22 79 93 16 0 78 19 41 60 41 73 49 46 3 95 13 42 37 60 91 1 42 91 80 24 73 16 42 10 83 14 64 38 10 78 33 97 47 61 35 47 82
43 82 32 0 27 20 78 19 96 78 88 24 11 59 59 51 89 94 22 69 14 28 20 27 61 41 59 96 48 42 25 87 54 27 55 94 14 35 48 57 70 91 66 28 15 76 20 58 60 14
