50 50
22 40 90 45 82 90 64 2 90 6 78 68 79 65 21 24 44 19 71 21 6 72 27 69 22 46 32 76 75 98 99 16 76 6 15 36 72 52 1 88 48 7 54 93 74 36 14 47 87 13
85 95 92 68 88 8 99 54 19 19 41 76 28 98 10 83 35 66 34 81 79 77 72 18 50 26 35 13 95 84 60 33 92 77 43 45 11 93 31 85 88 18 76 44 68 75 38 87 26 52
70 58 35 10 31 79 80 58 40 95 47 97 82 35 76 39 44 69 51 46 11 19 56 11 43 15 14 62 11 86 75 82 71 85 55 47 97 74 16 50 46 1 97 79 14 48 27 81 74 15
44 53 92 84 5 85 49 90 36 84 33 2 84 88 42 25 41 13 64 94 5 51 17 71 76 60 89 0 69 8 44 24 78 17 24 35 5 14 81 75 54 80 6 56 6 24 42 64 94 61
4 33 3 45 80 81 19 24 72 67 99 30 60 76 95 37 19 59 70 10 76 4 44 38 1 23 5 87 65 5 27 61 40 4 49 20 6 91 77 56 38 45 65 87 2 96 14 11 38 4
31 7 11 5 72 59 52 19 35 47 34 76 4 19 49 80 46 57 6 16 66 14 82 50 59 98 41 78 82 63 4 35 43 65 19 78 43 35 74 14 54 15 25 71 97 16 85 63 82 53
71 19 30 28 54 39 37 37 70 34 46 97 41 14 11 4 33 5 88 62 10 67 55 29 12 19 77 74 33 75 66 64 17 33 38 20 7 62 68 33 64 77 53 75 39 3 41 59 48 83
69 76 1 87 26 65 44 66 25 48 84 77 95 76 68 8 98 52 91 34 3 96 68 18 76 23 38 97 20 62 18 80 4 7 76 19 29 79 39 94 67 38 34 9 46 92 60 77 5 98
49 32 72 65 5 94 60 54 48 74 15 46 69 21 27 71 80 55 17 62 9 58 39 35 12 59 85 59 69 56 5 39 56 22 6 84 12 19 2 25 81 79 3 81 40 91 71 73 8 68
62 37 7 51 69 81 30 54 12 7 65 63 88 87 77 4 81 3 2 63 43 13 16 26 24 24 53 76 66 43 84 79 12 63 0 93 93 66 60 80 26 19 93 61 12 34 41 86 92 4
45 49 97 21 93 32 56 8 99 10 77 99 51 37 80 78 66 45 93 38 32 21 11 26 74 31 37 17 59 87 46 46 83 85 0 5 16 66 20 40 62 70 56 27 92 32 52 60 18 48
52 47 63 27 54 22 35 66 0 24 47 53 88 46 62 13 84 26 1 32 4 39 53 72 22 93 71 31 14 15 51 88 48 9 8 7 85 14 65 95 4 9 88 12 41 78 94 85 74 28
34 74 19 91 82 15 69 77 11 41 21 89 14 85 61 98 31 48 41 85 91 23 41 41 12 46 82 93 40 65 16 43 61 5 76 27 45 30 94 31 78 92 71 3 9 5 15 63 13 53
55 91 84 3 30 78 7 85 36 76 23 57 25 20 2 63 86 32 44 67 54 66 10 49 20 23 14 2 34 65 73 13 73 81 88 35 85 61 45 39 97 18 63 58 55 75 87 89 90 76
29 4 48 61 56 48 14 40 30 82 31 45 19 95 94 37 73 82 14 37 44 38 77 14 35 28 8 73 24 31 8 72 59 77 19 94 47 61 47 86 53 90 22 14 27 63 31 45 14 18
29 9 48 12 74 93 56 0 48 25 81 77 22 54 2 40 87 6 91 73 44 72 73 24 60 71 39 18 8 89 96 98 97 2 34 83 68 62 95 1 57 26 5 8 73 86 42 47 4 84
94 2 72 48 96 79 99 40 90 65 67 69 42 51 2 65 45 97 44 88 7 6 6 98 56 79 92 90 29 59 36 69 1 31 73 94 94 6 77 39 59 7 15 47 68 5 40 91 49 66
41 93 97 14 57 75 76 20 51 9 41 80 65 92 70 69 20 32 73 2 33 68 43 62 82 13 61 28 39 64 14 41 14 79 99 51 84 4 70 70 39 79 74 11 23 33 61 38 5 59
76 25 42 28 62 3 19 81 84 0 98 31 26 17 42 82 94 92 24 74 26 30 68 44 65 35 46 5 63 83 44 15 2 36 73 58 81 29 4 5 3 10 61 99 11 51 39 44 37 21
54 66 50 45 98 84 25 27 55 66 33 9 13 71 55 56 81 3 62 55 92 28 45 75 3 59 99 10 6 14 24 0 86 36 29 3 89 68 12 81 63 49 66 43 6 36 18 64 17 4
40 28 69 44 73 84 53 27 0 49 1 73 74 72 91 16 22 71 80 41 22 75 1 25 93 16 19 99 49 4 63 15 24 73 51 98 90 71 37 24 19 7 33 84 40 93 54 41 70 48
90 26 1 48 78 87 96 78 56 91 5 26 97 42 25 56 95 1 72 9 43 68 81 29 89 67 44 77 43 3 39 42 48 60 90 12 61 57 59 35 69 72 88 53 78 10 2 80 37 77
19 31 16 95 90 18 71 0 38 76 9 32 77 79 42 45 92 82 78 24 31 3 8 43 19 68 57 51 42 0 61 29 34 75 77 11 16 6 77 43 86 81 14 95 9 30 99 32 62 35
53 3 24 4 13 86 37 27 16 25 59 67 89 32 26 53 63 59 93 52 89 88 81 50 75 27 46 66 86 28 22 95 56 14 31 69 18 22 19 1 28 55 21 94 90 58 43 50 0 18
61 70 1 36 73 57 42 81 24 40 38 27 8 38 88 1 74 77 85 6 30 37 43 96 98 46 27 11 23 42 90 25 16 70 59 94 34 70 96 13 69 87 11 64 29 24 84 57 71 17
63 31 94 51 6 27 44 65 19 3 73 41 34 23 93 40 37 3 41 54 75 76 84 61 58 99 66 59 46 90 28 72 75 71 94 37 83 61 91 2 30 44 73 67 72 30 78 38 31 86
86 95 19 57 64 82 33 24 81 76 95 5 65 31 22 43 92 11 33 92 79 93 85 65 5 40 54 39 35 17 81 25 15 55 50 22 32 21 19 92 66 41 56 13 56 27 16 93 80 74
90 59 5 46 10 56 11 7 30 40 64 78 15 60 83 44 66 3 3 4 75 74 5 90 60 67 99 93 47 11 49 99 75 33 2 61 97 38 64 80 69 61 86 37 23 13 43 26 71 93
75 40 23 39 63 80 76 19 13 54 55 65 90 46 34 38 34 69 93 57 79 11 4 51 48 28 54 40 53 45 18 80 39 77 40 66 12 82 67 7 55 34 48 67 14 4 98 88 28 6
17 5 40 88 98 67 53 24 32 6 15 75 88 96 18 82 95 68 60 79 68 65 66 93 31 60 2 52 72 56 22 96 97 57 52 50 37 99 22 86 7 83 32 95 89 1 34 44 95 52
29 5 96 54 41 88 68 28 79 47 45 60 39 77 39 48 22 39 48 20 72 41 26 79 98 96 76 78 89 8 63 2 40 0 76 24 22 59 60 37 5 42 30 84 94 36 11 60 64 66
46 54 26 71 26 83 1 4 7 69 88 24 43 82 28 96 1 99 18 43 62 95 7 25 19 15 12 84 64 47 24 8 95 76 42 47 57 45 63 31 10 24 68 31 28 67 90 22 8 83
53 4 7 43 21 79 80 9 86 40 70 73 38 29 7 31 73 70 29 71 2 56 88 80 68 61 9 5 47 35 87 0 30 0 73 61 63 75 57 86 46 53 83 85 9 23 57 83 49 49
84 55 12 20 43 64 13 68 53 91 36 86 9 49 30 63 64 15 34 84 18 38 68 47 36 6 13 88 28 88 81 96 88 21 77 58 21 23 33 82 10 78 27 94 86 89 30 18 15 11
36 17 10 78 91 80 49 52 26 19 77 87 97 54 56 6 5 50 90 74 93 92 33 8 64 57 44 50 47 11 32 86 23 91 45 1 77 45 75 77 76 27 31 32 97 39 97 52 89 95
38 87 65 46 38 65 33 89 37 67 10 74 46 24 73 14 18 73 77 82 61 44 29 89 1 31 36 20 85 39 91 15 98 82 11 87 75 61 52 71 72 40 50 12 97 86 84 2 39 52
42 20 37 14 84 15 27 20 29 16 56 30 53 81 98 63 97 0 36 39 87 40 66 16 26 12 47 80 1 20 95 25 40 49 36 70 11 42 50 62 87 16 29 48 33 65 32 66 34 0
79 7 95 91 27 1 65 80 7 44 60 41 38 75 14 8 29 58 96 59 97 66 72 31 50 74 64 15 64 44 39 30 79 91 92 16 60 96 32 99 3 61 63 39 99 72 53 4 93 56
29 49 6 34 76 68 65 76 39 59 47 63 23 95 12 19 40 57 95 49 27 22 53 95 72 3 18 87 94 51 99 67 1 61 67 37 34 24 20 56 24 31 78 35 8 15 49 26 66 92
47 50 1 75 80 54 39 73 15 35 50 46 29 42 35 3 87 8 54 15 74 26 90 21 68 68 60 5 90 87 4 43 91 32 6 0 43 79 44 10 69 39 59 49 12 19 44 66 87 65
71 22 51 8 73 54 44 48 56 81 13 71 62 5 75 10 59 9 0 54 78 77 33 21 59 12 95 94 2 68 21 58 33 63 10 58 64 90 70 38 72 86 54 25 12 9 41 37 40 78
85 47 32 63 73 19 93 12 27 15 56 21 13 42 6 96 41 19 13 51 2 11 96 52 5 77 5 1 89 93 10 50 24 68 25 13 25 27 28 25 77 99 51 33 32 73 9 37 87 94
70 75 54 97 67 70 47 71 17 52 53 91 57 78 62 61 51 97 86 59 12 15 75 80 84 22 79 29 66 13 87 45 39 86 7 68 35 5 98 21 12 91 9 12 64 82 27 16 50 0
22 43 49 50 73 73 84 65 11 60 93 34 51 21 71 6 26 36 55 18 95 92 35 61 4 66 5 34 10 3 6 33 9 34 97 49 40 70 14 70 80 57 2 90 56 7 67 71 11 84
96 24 90 9 26 5 11 75 66 75 76 38 73 72 93 56 95 44 72 61 4 65 0 49 37 77 63 97 16 91 74 19 81 72 83 85 67 71 12 82 85 42 97 70 18 28 76 67 16 77
34 73 2 25 46 27 25 44 68 98 58 21 35 49 50 49 73 81 41 46 0 87 26 40 10 94 98 28 27 51 40 13 28 43 53 15 66 92 64 67 72 50 66 65 48 86 49 10 34 84
32 13 15 7 71 16 2 85 53 35 21 31 57 85 77 11 4 59 25 21 27 47 73 82 55 5 51 76 43 33 19 14 32 38 92 57 43 82 17 67 34 84 3 14 91 60 45 37 33 38
78 70 95 36 96 82 22 46 38 51 55 99 87 58 92 71 50 64 45 40 91 94 47 49 67 54 53 34 74 46 1 7 57 95 14 82 29 0 2 1 60 10 26 95 55 23 81 85 91 99
37 51 12 69 29 29 76 40 15 45 50 99 35 45 92 97 76 3 1 74 55 87 49 15 10 46 75 19 83 31 33 34 22 19 99 74 41 65 94 19 13 18 93 81 28 21 53 92 31 90
77 75 77 51 68 28 79 70 39 65 8 22 67 33 73 98 15 40 95 77 50 30 69 32 72 28 70 93 21 16 11 24 78 88 32 27 83 59 71 55 3 21 39 39 34 55 76 36 1 31
