50 50
88 74 40 50 74 6 2 36 25 1 93 96 92 93 82 27 17 66 8 29 63 21 56 22 56 59 3 15 3 18 23 61 12 59 93 30 66 84 24 20 51 19 90 18 4 29 10 23 48 53
40 42 4 96 55 55 46 59 54 89 17 22 33 11 79 46 48 77 56 23 60 96 61 42 20 78 37 91 38 49 9 11 16 65 73 28 86 45 42 3 59 28 67 81 23 23 4 7 51 37
47 39 47 24 61 94 78 28 39 0 24 42 2 66 63 55 89 28 74 23 39 38 48 27 58 60 35 74 64 29 20 26 62 26 20 46 42 44 91 68 34 92 18 21 20 54 0 63 20 45
87 13 93 29 8 82 46 77 52 59 59 64 92 32 8 37 6 65 50 6 69 4 84 54 66 20 15 82 97 44 60 59 42 22 7 73 40 54 22 49 17 42 92 96 89 36 62 80 50 47
68 73 80 29 81 76 44 51 91 14 57 95 18 90 49 58 28 48 58 68 12 62 76 25 75 48 21 67 76 51 64 52 35 70 57 29 68 40 12 83 27 85 26 17 51 46 68 71 68 71
96 29 6 70 47 48 62 99 3 72 19 81 2 85 79 34 24 12 72 24 91 53 18 33 23 7 4 77 97 17 63 98 52 67 13 8 10 8 7 35 3 21 32 14 61 76 86 18 46 72
78 36 74 6 47 61 7 62 85 71 85 48 45 39 54 3 43 45 27 8 46 24 10 28 16 10 1 81 84 24 8 59 20 71 55 47 79 25 50 24 65 66 66 32 41 98 47 49 3 51
86 26 4 13 36 3 40 70 97 12 56 51 19 97 90 97 83 29 80 42 56 42 97 88 25 89 3 44 9 19 36 92 68 18 24 49 32 26 80 89 13 89 84 83 37 6 91 59 43 62
64 29 85 55 67 19 81 58 55 0 90 79 67 52 39 33 31 33 36 51 75 29 2 19 6 89 22 63 92 15 63 47 58 63 20 8 65 82 1 90 72 61 82 15 86 75 71 66 8 89
43 25 15 27 29 99 7 51 16 84 28 92 42 39 3 65 45 89 84 55 36 61 79 39 0 23 50 42 80 23 3 65 6 43 50 16 21 45 34 26 41 27 13 69 9 24 68 15 59 94
40 16 83 13 78 27 7 31 15 58 2 26 68 55 50 20 27 80 42 44 31 17 30 27 82 85 1 37 95 85 2 8 24 99 71 23 97 92 43 44 87 81 77 29 7 49 24 93 47 29
91 32 5 85 78 49 57 75 69 90 74 1 23 26 72 89 75 89 68 95 2 9 2 59 74 68 66 6 68 45 54 1 25 98 13 74 20 71 38 22 10 34 33 28 54 83 60 35 50 48
28 28 11 11 30 7 30 31 34 50 13 58 43 90 14 14 78 69 32 92 23 45 18 44 56 82 28 21 35 87 95 18 43 87 52 94 4 1 22 56 79 99 99 82 95 95 9 85 22 74
60 59 44 5 74 28 34 68 6 78 55 63 40 60 59 60 99 0 74 94 54 56 5 8 24 40 37 98 43 27 34 15 74 27 39 37 39 61 29 36 39 94 64 37 53 75 80 48 85 42
88 69 83 58 31 47 12 54 32 68 59 75 58 76 40 42 40 10 95 45 69 74 49 56 91 51 86 11 67 1 87 97 90 0 53 83 2 95 13 90 81 83 54 7 4 46 28 39 88 8
97 92 72 11 42 57 73 58 29 13 64 95 49 21 57 58 72 39 18 68 19 37 66 85 56 96 89 5 37 85 82 39 51 37 87 59 37 82 99 85 97 80 51 15 14 1 46 23 99 44
93 65 17 8 6 56 25 93 98 25 48 25 36 67 24 69 64 74 27 25 89 19 48 64 17 77 93 14 80 32 65 73 37 42 53 60 43 19 74 27 74 1 1 69 77 72 70 91 48 35
64 22 86 25 13 79 62 69 56 29 44 52 12 30 62 9 35 51 51 67 20 34 31 8 96 98 59 30 90 5 2 67 65 18 81 84 63 45 23 21 44 21 21 71 68 44 16 59 48 8
77 9 56 11 92 75 26 93 5 23 9 24 46 64 46 50 61 57 93 54 26 91 10 17 41 23 35 92 36 8 5 32 92 55 56 90 53 97 21 93 74 71 85 2 34 61 83 64 83 74
33 59 58 91 83 64 63 30 7 45 38 77 16 23 84 9 94 49 71 60 33 78 51 91 36 95 41 13 94 49 67 49 87 90 74 19 63 23 78 72 15 43 15 85 82 26 66 2 94 34
78 96 35 70 66 77 98 49 88 8 47 3 26 16 95 98 18 36 27 89 39 86 95 86 75 74 23 11 9 41 6 12 17 64 47 71 31 12 5 3 86 6 96 17 6 98 17 15 74 53
77 32 13 84 80 64 96 58 17 70 6 85 5 55 10 56 92 14 14 98 92 29 0 94 37 89 66 93 49 49 45 48 2 69 62 97 18 96 10 98 74 43 52 51 16 37 40 25 72 47
21 16 31 89 53 77 93 65 70 89 55 99 53 13 67 57 44 50 17 7 7 96 32 69 62 32 59 66 71 39 69 39 21 5 83 20 38 90 25 96 11 3 33 93 60 13 28 10 48 52
9 24 71 23 81 60 98 60 30 33 82 63 75 12 84 75 77 43 66 27 60 28 64 45 98 60 28 87 73 44 40 21 48 96 31 67 3 99 35 72 94 98 32 62 40 95 45 37 20 99
34 9 56 16 50 9 0 12 87 61 90 48 48 24 26 44 53 4 50 71 44 18 15 85 47 32 57 7 0 61 24 6 23 69 80 59 41 83 52 67 37 89 47 75 65 55 15 30 35 98
34 8 2 88 0 15 37 55 57 64 19 60 62 45 13 59 22 65 79 93 0 88 80 24 20 60 76 24 35 57 51 24 54 64 28 58 78 55 29 77 39 10 92 97 51 70 31 89 25 38
25 63 4 45 62 8 24 69 13 79 49 89 98 20 38 20 43 74 96 4 35 13 24 71 89 18 54 42 18 91 44 89 32 8 54 10 57 88 78 60 35 53 80 97 86 54 15 2 56 47
44 87 38 81 33 40 58 10 15 87 27 97 32 74 41 44 3 73 60 62 1 86 30 34 55 34 40 29 12 39 73 84 5 90 7 50 83 81 35 84 11 83 39 58 46 61 7 31 34 76
21 44 21 6 47 58 69 29 34 1 77 31 32 38 30 9 31 25 24 60 93 83 31 66 11 76 84 9 43 36 40 90 90 55 19 34 46 33 86 12 49 33 19 52 66 86 36 31 91 49
83 5 1 15 87 70 42 66 39 89 96 20 42 95 95 43 91 3 81 81 48 58 53 64 88 78 85 29 30 36 38 34 48 82 22 10 42 80 72 41 87 17 42 55 22 1 43 23 39 65
0 12 26 60 10 9 63 32 88 19 60 26 15 18 65 4 25 5 63 21 97 26 93 18 12 61 87 90 45 48 87 4 79 16 80 28 12 85 79 61 96 11 88 75 90 38 69 64 28 50
6 67 18 89 46 12 35 72 53 76 67 95 20 84 70 86 61 5 34 55 69 39 18 40 90 13 21 43 35 88 65 40 19 73 6 8 17 30 16 25 62 2 8 88 46 15 87 60 21 24
18 5 38 87 28 22 79 25 48 18 57 20 76 77 71 35 1 51 45 49 31 72 12 53 98 38 94 49 3 96 63 70 82 42 58 26 84 81 56 79 98 42 47 24 27 47 12 80 30 94
42 54 48 22 24 96 26 11 20 98 82 65 3 82 47 15 91 54 54 0 85 83 32 63 67 20 46 35 49 65 50 49 27 28 80 2 28 45 88 18 52 77 37 70 68 74 99 67 31 42
85 0 87 57 3 12 78 37 96 51 57 22 20 32 90 61 52 50 73 57 66 36 53 74 0 94 8 83 68 8 81 61 83 39 73 45 48 23 18 95 59 92 3 11 93 45 68 93 4 26
64 40 29 48 13 43 36 70 48 40 38 10 42 33 24 38 85 33 97 92 6 12 60 24 5 7 40 89 60 73 7 53 26 99 56 9 61 25 63 73 48 65 75 36 41 4 91 37 76 11
16 59 68 35 3 90 15 8 90 98 57 44 19 79 89 3 89 43 9 87 14 47 98 92 89 82 76 47 31 68 7 46 66 8 91 97 42 42 19 71 2 2 3 62 52 70 0 68 7 53
11 98 9 43 40 17 12 59 81 83 46 55 70 87 97 0 96 99 66 2 72 71 60 12 77 30 71 19 60 83 31 72 60 15 65 96 7 65 8 82 31 35 96 48 40 93 56 29 48 12
24 39 52 84 89 33 1 59 18 90 87 42 44 22 96 9 20 15 91 92 3 1 57 2 41 66 48 88 26 96 76 13 60 83 40 0 5 96 77 59 58 80 0 15 47 12 52 4 90 7
39 3 43 46 94 58 94 79 81 34 93 21 30 42 81 54 28 52 83 22 42 49 52 6 32 35 33 54 16 46 48 21 68 1 79 1 53 77 15 7 4 41 33 68 58 77 51 23 44 82
47 9 55 98 58 25 71 19 87 3 18 0 26 18 10 61 67 5 17 85 14 51 15 91 21 0 6 49 3 91 17 21 96 41 3 82 48 67 15 2 12 26 52 68 46 68 81 23 9 69
62 35 88 39 10 91 76 61 47 65 85 0 46 98 46 23 35 77 62 3 62 9 81 95 11 29 73 69 70 16 1 34 1 2 86 4 92 53 20 82 35 70 25 66 15 79 98 44 24 70
74 30 23 41 13 5 51 15 94 93 62 4 22 37 59 17 87 90 89 98 69 4 78 28 20 35 20 21 36 65 46 95 98 93 57 93 73 11 87 95 22 56 76 59 41 10 66 9 14 74
7 81 43 41 47 24 58 67 23 59 43 24 91 95 1 16 33 95 98 1 99 5 27 14 38 60 44 9 82 85 69 19 0 47 7 53 96 0 52 43 36 19 48 79 96 15 61 69 18 77
48 88 80 84 87 82 71 9 95 58 37 28 96 51 75 8 36 58 21 10 13 0 22 45 97 64 6 9 30 60 88 58 81 23 97 43 67 82 14 85 17 23 9 21 59 61 12 46 99 53
34 0 40 86 32 65 42 76 55 78 40 44 65 65 56 41 82 65 26 11 66 9 0 11 16 2 60 29 14 44 75 77 65 16 34 47 53 71 68 88 75 36 20 66 77 73 58 28 47 17
44 38 50 48 32 94 38 33 69 81 83 33 90 84 90 33 41 29 96 32 32 85 31 96 47 25 49 69 47 10 22 99 77 23 13 31 58 58 64 3 86 61 17 77 84 55 87 16 20 17
96 26 35 20 79 80 17 61 10 42 37 77 23 9 33 63 37 0 58 75 62 55 30 34 38 74 95 21 8 97 32 90 44 0 16 9 49 62 45 70 34 4 93 16 40 37 80 63 87 79
61 2 78 31 40 13 36 82 73 20 84 80 58 2 45 58 72 32 54 24 83 44 98 25 62 87 52 89 72 31 78 75 68 6 52 53 21 9 49 73 23 80 52 80 40 94 96 62 3 78
25 50 75 36 74 99 20 10 68 25 7 98 64 94 18 9 68 19 96 12 56 15 60 19 10 71 48 24 91 75 80 99 70 35 22 46 33 40 47 85 92 29 0 64 63 95 66 66 27 29
