50 50
34 56 15 71 95 9 20 48 28 86 34 93 24 92 33 33 62 65 15 14 61 36 11 60 40 73 67 4 30 13 65 34 16 23 92 78 13 53 6 80 84 1 30 79 89 20 26 52 19 0
5 67 95 20 40 96 38 14 89 88 1 56 6 75 46 3 20 35 64 36 85 68 98 48 54 22 19 61 28 99 92 46 25 48 28 74 68 40 72 28 39 5 73 44 73 13 8 89 45 67
81 0 0 88 79 67 34 64 17 64 24 32 78 8 85 15 76 26 57 70 12 10 37 2 54 68 82 59 74 29 67 71 0 44 50 99 99 79 5 26 65 41 20 3 41 87 3 39 89 6
56 27 27 56 61 77 21 11 95 21 71 60 52 50 35 75 47 53 68 76 20 9 4 75 5 21 95 21 24 45 41 22 66 37 69 57 72 84 6 71 1 82 73 66 59 75 67 0 6 38
34 32 87 4 36 70 42 45 3 61 59 92 26 57 40 62 84 30 67 60 10 20 16 11 17 63 95 63 66 33 48 35 2 47 32 30 46 10 86 11 10 62 58 63 1 93 1 77 49 72
48 78 41 83 14 90 45 1 98 96 35 37 36 10 82 6 84 9 56 61 16 63 97 6 99 93 33 59 91 65 28 31 23 27 78 40 76 75 70 3 41 45 81 78 33 22 65 71 88 46
99 79 8 35 56 45 6 9 91 7 41 47 61 10 33 10 60 61 70 71 65 20 63 40 7 15 86 66 19 96 43 53 22 59 22 36 98 75 97 9 46 8 66 32 75 98 99 80 97 58
49 46 86 16 24 44 36 10 36 31 10 63 59 85 8 97 15 72 81 28 46 54 4 73 90 87 13 14 95 87 10 62 86 56 7 71 87 73 50 67 48 91 52 49 49 8 33 89 85 89
63 94 79 93 67 10 87 43 3 89 50 60 95 33 19 4 89 21 23 20 63 86 74 14 80 15 40 87 35 41 32 42 81 66 94 8 12 89 55 17 35 66 72 6 11 86 33 23 73 10
38 23 16 57 35 3 46 19 8 6 20 15 50 92 59 11 99 87 98 44 15 63 78 27 94 45 91 48 60 78 94 76 37 46 96 66 29 58 42 53 39 6 86 97 42 19 29 64 85 21
99 96 26 48 11 45 55 55 84 36 9 2 23 57 95 86 79 32 63 60 49 13 19 49 72 87 60 70 92 51 16 24 63 4 36 48 86 58 90 56 16 63 14 47 36 26 68 13 3 70
18 90 9 84 44 15 40 19 66 26 96 32 48 85 89 35 50 80 8 75 64 12 81 68 17 73 1 48 25 24 58 73 25 60 23 54 57 8 66 1 31 99 36 71 73 33 40 64 30 44
54 0 15 60 50 70 67 47 99 62 97 33 10 29 80 80 74 55 9 7 76 81 39 45 88 34 85 40 71 96 12 6 0 84 30 57 12 46 48 76 64 91 64 74 44 51 72 45 73 26
49 24 92 44 37 13 58 7 76 40 89 20 55 92 86 0 44 70 40 42 31 68 47 70 58 42 32 42 47 44 34 2 31 1 6 26 91 13 67 45 51 76 31 73 13 17 0 50 65 67
73 94 52 8 10 13 95 47 32 78 89 5 70 30 53 17 84 56 83 7 49 36 71 72 77 50 25 32 87 85 25 53 36 91 17 66 44 86 25 3 1 23 27 47 19 5 23 40 94 24
21 31 84 2 27 33 77 17 47 3 86 61 50 22 74 49 24 30 7 20 22 32 47 62 75 80 87 37 36 84 49 74 83 38 51 20 23 61 10 66 86 5 90 14 62 30 17 19 19 59
91 47 81 7 93 61 81 6 23 40 98 2 93 22 79 66 5 60 4 9 68 86 80 56 30 63 5 8 68 14 74 68 18 48 54 2 73 57 20 65 19 44 51 4 92 95 42 32 85 66
92 46 60 65 93 57 87 34 89 80 16 69 88 31 50 47 2 81 54 67 97 92 29 35 45 95 67 0 44 51 39 41 59 60 45 6 30 75 25 15 71 22 77 13 13 16 35 13 79 11
78 21 83 10 18 21 16 41 44 18 31 81 81 76 15 77 90 85 91 40 55 31 49 40 53 82 9 39 71 91 33 88 34 30 74 36 36 18 6 64 25 20 97 91 67 89 30 6 53 15
39 69 16 45 90 72 24 42 23 43 0 66 42 3 49 65 73 26 15 69 93 49 94 8 65 54 2 0 79 16 88 55 94 18 88 85 74 16 59 47 86 11 22 42 65 27 10 72 98 30
92 76 56 95 42 84 6 67 68 24 2 29 76 22 58 57 25 98 76 83 56 21 44 91 38 49 26 15 11 8 21 87 54 72 63 72 15 41 81 93 77 92 4 44 88 51 59 70 18 21
60 77 6 57 11 55 16 80 16 44 16 98 19 31 17 3 79 17 93 83 1 34 50 95 74 82 60 58 22 76 79 91 3 97 78 53 44 80 84 44 28 74 62 27 64 33 16 49 9 47
89 62 21 20 25 57 20 61 6 47 67 88 50 63 48 64 36 60 48 55 43 53 8 28 72 48 29 63 34 57 50 3 78 52 51 31 78 30 46 89 44 29 28 80 41 68 75 78 75 69
3 12 12 28 39 6 1 17 21 74 48 9 89 12 42 36 1 39 86 13 41 89 60 70 0 89 87 87 1 92 86 10 12 82 92 32 44 17 9 56 42 20 98 10 8 79 52 24 43 78
99 96 96 46 86 69 13 43 36 52 7 17 45 87 87 74 59 27 19 39 51 37 70 90 91 2 20 3 66 0 99 39 48 34 50 77 6 52 21 10 59 74 82 51 22 27 42 89 82 59
86 2 1 96 71 72 20 4 37 19 52 82 61 85 73 43 54 30 93 96 33 68 81 96 3 31 25 65 29 41 60 66 77 2 93 66 29 40 12 74 49 61 48 20 25 98 75 13 70 4
60 82 50 14 49 66 31 12 59 44 83 21 92 7 35 28 91 41 7 66 0 1 44 55 26 10 63 49 99 64 83 98 48 61 41 82 9 41 36 69 18 49 6 76 68 25 50 31 88 58
30 59 24 18 37 33 2 39 6 87 35 7 48 80 29 61 41 96 24 14 46 27 96 60 63 14 85 27 9 99 19 12 94 27 51 41 37 77 57 51 62 62 48 47 57 89 40 3 66 45
2 64 23 14 25 32 17 39 89 93 80 74 11 91 0 65 23 31 34 79 93 37 56 68 30 96 30 52 38 55 65 82 62 34 60 36 41 99 72 2 41 6 18 80 51 35 12 66 30 87
5 37 0 55 98 11 82 25 38 32 87 3 88 50 16 33 5 86 70 4 61 86 9 16 92 89 77 24 41 61 10 61 58 68 67 75 64 4 19 32 40 3 60 48 83 33 81 61 15 67
40 56 38 13 82 17 46 99 6 89 52 78 66 89 90 50 1 38 22 83 93 34 56 44 73 35 19 29 11 62 25 47 26 7 16 73 17 57 73 51 68 48 2 36 21 66 74 88 80 56
63 57 54 94 58 61 42 94 28 51 63 0 49 40 4 56 8 81 99 73 27 54 85 64 94 50 85 27 72 2 29 27 73 69 23 60 86 36 66 21 80 52 78 61 4 3 49 84 16 59
38 44 49 54 61 38 64 74 56 64 71 47 22 76 15 95 0 42 96 97 33 71 79 77 90 80 64 70 39 2 23 42 83 80 24 12 1 12 86 60 42 69 45 48 6 23 52 62 93 99
25 15 54 84 81 35 65 92 24 4 2 38 30 10 62 25 63 16 59 11 12 50 7 89 41 73 52 74 83 91 70 68 82 29 16 33 44 0 62 8 11 72 72 33 99 42 53 91 6 14
3 0 23 83 46 25 92 17 31 44 7 67 38 3 72 89 68 99 96 39 13 19 1 52 84 80 40 1 68 19 55 77 14 73 19 38 83 39 54 23 18 90 16 31 49 50 32 30 29 66
33 56 36 20 68 60 81 73 4 37 80 58 28 79 5 62 24 92 92 97 68 17 13 86 5 0 26 40 5 68 15 49 42 74 72 64 64 3 58 88 18 21 55 75 39 9 63 76 20 11
45 33 43 80 93 12 20 11 21 7 30 23 0 39 41 31 44 37 13 56 22 87 34 98 23 87 6 4 19 57 8 62 85 35 74 34 92 72 13 91 91 41 61 66 0 77 59 6 41 60
38 67 80 52 6 72 68 18 80 12 47 70 90 49 25 64 73 60 97 37 42 47 3 50 9 90 74 56 23 68 30 16 7 85 57 32 95 11 47 86 0 72 77 15 77 75 70 89 37 39
76 8 76 89 62 59 11 9 60 38 87 53 89 1 14 14 27 33 94 78 28 7 75 24 46 57 25 34 63 52 29 16 28 17 44 71 67 33 23 75 35 11 73 65 70 3 71 89 84 13
80 86 60 27 87 48 62 95 91 19 60 60 91 91 61 33 95 64 88 17 40 32 90 54 44 96 83 0 35 78 24 17 94 83 61 85 26 19 3 43 19 62 27 95 84 36 91 15 86 42
72 11 33 83 42 41 1 83 7 88 61 18 62 32 43 54 37 90 42 92 35 39 46 96 64 57 48 36 66 73 2 10 68 64 25 88 68 64 3 76 22 36 70 57 71 63 26 57 23 34
26 12 56 89 39 41 49 25 87 51 22 61 96 42 88 92 78 88 54 80 14 45 75 56 52 42 42 44 85 74 48 21 16 51 65 21 52 19 16 48 82 14 55 96 47 50 79 27 14 47
88 83 73 99 59 12 91 18 76 61 87 98 29 28 28 63 61 71 10 93 48 59 32 37 22 99 57 82 30 85 58 32 56 8 91 42 28 42 11 53 94 11 23 34 87 86 12 72 57 1
15 23 2 12 7 62 70 63 63 37 3 64 3 1 85 48 73 42 31 9 54 99 78 81 37 35 85 87 31 79 26 26 84 62 57 52 43 17 81 45 80 8 82 61 8 31 91 9 64 35
70 82 77 64 34 52 76 55 0 19 67 98 75 82 7 61 87 96 50 15 56 83 58 55 57 20 12 64 66 77 16 50 88 33 77 16 78 30 72 33 10 26 52 16 35 7 28 14 57 53
49 65 7 38 82 98 24 1 79 77 84 22 92 58 79 68 40 13 54 99 39 96 14 83 26 75 79 58 54 12 47 63 35 12 90 63 81 30 19 75 68 82 33 19 81 46 22 74 16 59
66 2 5 93 69 13 11 85 75 40 93 38 0 56 63 7 53 93 69 69 66 48 19 42 74 95 45 21 41 0 18 73 49 47 62 51 62 14 23 55 46 72 7 78 94 49 60 95 10 64
9 23 59 2 79 28 18 6 94 30 92 57 45 1 49 34 43 57 98 19 1 54 71 72 0 56 40 52 60 29 48 56 6 82 69 66 42 80 40 34 77 14 71 42 34 43 45 12 27 62
16 81 59 96 0 66 22 97 4 14 70 16 44 56 20 41 65 15 15 11 5 10 7 82 53 94 33 2 81 57 64 13 33 75 71 49 5 26 11 18 57 84 54 76 23 55 4 41 77 87
15 28 29 64 5 9 49 68 98 64 30 78 29 11 10 37 76 69 42 32 40 36 46 99 43 38 33 64 73 37 69 29 83 77 61 95 74 66 89 39 22 5 87 48 97 92 42 19 6 60
