50 50
1 9 17 6 90 4 23 66 50 44 97 8 66 50 5 8 97 62 11 92 76 59 91 96 99 39 63 95 6 34 19 42 13 35 84 89 91 64 18 10 55 97 94 68 56 63 75 51 91 50
48 99 17 60 80 35 42 60 50 56 85 29 23 82 62 60 10 43 5 81 61 32 49 94 94 30 39 62 74 71 84 9 96 83 62 22 97 30 5 6 7 61 29 60 80 20 70 25 83 11
47 46 17 52 64 23 32 73 42 86 52 88 48 87 64 88 15 78 44 88 61 66 83 68 28 74 56 64 18 29 12 61 60 45 0 67 75 83 74 47 18 12 46 47 39 9 87 12 10 4
76 77 57 84 19 8 5 33 67 18 6 20 39 99 24 14 95 82 69 27 47 37 65 72 9 14 69 72 55 27 34 96 42 84 91 11 89 70 42 48 20 89 31 1 94 2 93 34 1 83
30 22 85 58 65 96 68 92 95 67 74 28 70 70 39 88 9 82 58 99 37 33 77 17 91 65 53 80 49 37 10 19 50 48 9 70 49 79 97 75 42 29 45 12 73 85 2 64 33 22
78 30 77 92 52 38 20 54 42 61 91 47 2 22 64 7 27 23 88 79 26 9 40 3 72 70 60 96 11 8 5 72 94 44 43 17 23 60 40 43 53 7 38 44 67 41 17 67 59 20
6 35 67 95 98 49 94 14 37 28 28 90 66 43 88 43 38 25 74 80 42 52 86 42 68 46 55 9 45 26 89 15 19 6 68 4 92 54 42 23 42 74 58 28 52 94 39 58 36 13
65 6 94 78 25 20 71 28 46 33 91 5 37 26 5 47 96 26 87 90 24 21 16 23 32 95 22 35 13 80 63 41 17 26 67 56 26 8 38 57 49 4 40 62 67 77 88 98 35 38
78 76 26 70 1 9 18 39 3 57 74 11 97 35 35 81 97 42 40 96 69 53 26 42 81 31 6 70 59 4 20 0 58 82 51 0 61 86 59 39 67 82 27 47 97 19 47 81 60 24
59 36 2 79 39 56 95 94 0 70 8 59 87 79 13 47 71 49 26 29 27 82 30 44 76 81 56 75 70 32 78 55 83 1 77 51 21 34 64 63 86 31 97 76 57 87 37 29 11 45
65 57 17 61 77 92 17 34 76 21 1 98 54 14 13 72 17 80 76 56 11 3 95 30 46 80 33 57 76 74 57 0 83 85 48 5 8 16 48 8 71 15 34 82 22 88 77 46 38 29
0 39 60 70 78 39 47 23 36 39 1 14 86 33 40 99 5 30 18 2 9 69 98 94 5 33 32 87 69 78 81 5 31 91 23 75 55 18 6 37 56 17 92 91 27 22 97 54 96 15
90 11 46 47 5 23 52 81 53 69 19 37 72 70 20 12 12 78 93 27 8 93 29 56 63 0 38 74 92 3 40 2 23 80 98 71 9 81 11 93 5 11 91 93 5 79 29 96 77 0
5 76 6 2 46 70 4 65 16 26 29 42 73 27 83 51 9 21 2 62 32 59 13 83 0 30 53 39 54 81 65 70 80 84 35 28 75 25 45 33 30 67 4 91 88 69 71 27 71 6
75 14 20 95 88 64 56 79 98 5 72 6 9 82 28 78 55 37 23 49 57 99 76 88 52 88 89 26 31 45 83 74 70 88 0 81 36 75 37 84 92 84 16 3 41 92 58 7 11 64
9 85 60 48 60 53 14 19 86 17 64 84 41 36 62 25 12 15 81 37 79 81 40 76 69 12 25 34 81 85 31 6 70 59 74 33 6 0 34 66 95 10 89 89 52 25 55 57 23 98
29 56 1 15 9 38 91 17 21 56 36 58 30 40 91 74 83 69 86 65 86 81 78 74 6 30 73 73 15 45 72 42 42 35 45 73 61 69 64 13 74 89 36 97 62 71 57 33 33 52
79 27 12 89 6 52 3 74 69 19 20 27 37 1 50 5 47 47 13 24 66 94 21 38 49 14 72 95 34 83 40 12 54 85 98 11 38 67 79 90 10 35 37 8 23 33 73 86 33 17
21 53 67 67 32 96 97 5 0 99 72 84 46 82 73 56 70 14 36 46 90 82 78 83 25 61 80 76 85 71 37 65 84 60 53 93 70 88 82 19 83 75 32 8 76 93 28 96 13 87
98 73 26 34 6 94 63 57 47 64 90 36 46 11 86 93 74 48 77 31 36 47 3 65 46 57 39 99 95 51 20 40 20 64 10 97 44 76 2 27 14 53 28 76 72 72 45 57 19 15
88 30 99 42 50 33 88 8 39 24 17 31 61 32 79 72 23 83 48 37 42 40 20 84 7 59 41 48 7 49 7 96 66 91 18 59 10 53 84 85 26 31 11 7 79 16 46 9 52 3
87 46 36 9 60 63 56 19 20 37 46 26 17 53 65 64 72 24 84 35 40 53 56 21 3 34 14 20 18 3 64 11 89 10 15 22 35 69 10 57 54 65 0 85 30 71 17 6 27 26
22 61 94 38 91 58 78 2 46 42 81 68 6 89 0 79 42 1 17 89 11 81 42 52 35 81 9 48 40 73 7 36 94 62 95 77 11 8 69 7 67 78 94 13 30 47 74 76 90 80
35 73 40 63 28 95 21 64 87 7 82 35 99 43 76 4 10 81 63 19 63 51 79 72 0 63 43 52 85 54 43 16 99 20 74 24 23 82 45 40 99 39 75 20 75 30 68 14 51 36
25 14 30 65 14 90 60 13 78 82 68 71 24 14 36 82 65 45 46 25 45 59 23 64 30 74 47 58 29 17 27 22 99 13 81 57 79 19 14 6 95 0 80 99 49 88 59 3 46 98
97 23 65 30 58 20 40 57 38 92 48 10 27 57 31 82 54 88 28 96 66 31 9 66 87 50 99 42 58 69 63 8 52 46 44 53 17 80 23 56 88 33 29 55 22 69 54 3 16 67
60 54 97 53 32 54 82 37 31 74 17 98 27 40 79 48 21 89 53 90 83 26 77 96 11 95 93 91 56 72 99 78 38 1 95 62 53 17 20 45 99 10 54 43 99 1 85 3 68 41
7 30 94 55 75 93 1 2 88 82 69 19 54 24 35 15 18 54 37 53 82 46 8 58 89 29 91 81 88 66 53 70 76 7 15 60 21 56 46 42 97 71 94 58 35 5 6 74 81 27
45 21 63 18 91 91 34 8 0 13 5 57 20 34 19 69 24 92 22 79 18 71 60 27 40 59 6 17 87 5 63 11 89 57 88 9 15 53 14 41 64 50 79 75 96 45 71 43 84 90
77 82 32 53 92 57 91 40 74 70 9 54 45 19 2 36 46 12 1 90 0 10 40 82 20 30 33 62 97 96 24 34 32 5 83 5 40 24 3 96 42 41 52 96 68 25 39 46 57 69
87 6 83 46 8 70 72 9 55 3 61 33 56 45 53 27 16 65 64 96 17 40 98 47 11 51 21 62 1 95 58 4 94 45 65 93 8 98 15 59 52 79 28 0 9 97 28 7 8 84
33 9 7 78 15 44 96 37 47 54 87 32 20 77 37 99 70 85 91 69 76 98 82 61 80 32 91 57 92 48 92 50 63 72 45 8 88 46 48 48 82 62 62 8 79 62 48 34 90 55
98 3 81 54 10 64 72 14 77 53 79 97 89 27 65 80 97 34 90 82 92 50 15 65 62 51 10 54 31 54 53 72 70 80 20 20 60 62 98 68 20 63 95 54 78 23 28 62 35 24
52 60 1 8 71 59 17 69 5 95 38 75 8 94 77 94 43 47 6 24 91 71 89 32 26 18 84 91 19 52 87 73 73 73 99 37 23 86 0 76 94 34 71 35 48 55 70 43 80 50
75 78 48 91 27 10 54 57 94 40 17 84 2 5 50 19 77 75 27 82 99 52 79 4 11 28 50 69 68 31 86 46 83 97 74 55 45 21 16 96 96 83 62 12 43 91 37 50 41 84
82 58 19 14 98 26 68 53 37 66 58 10 9 16 96 15 59 32 25 53 75 34 43 4 35 55 4 2 26 45 84 76 16 0 9 23 16 41 62 2 77 48 28 34 86 89 8 59 69 54
65 73 25 91 45 53 67 69 57 72 55 12 81 61 93 93 3 12 34 62 22 64 93 72 23 47 62 53 56 16 78 50 33 66 11 71 84 66 61 41 15 6 36 6 13 25 53 77 4 36
33 56 17 57 8 60 25 91 35 95 48 20 8 14 62 5 87 55 52 6 50 10 29 93 21 81 7 28 71 21 75 57 32 49 3 80 9 30 58 39 27 56 25 64 4 91 56 39 86 20
16 32 75 12 3 55 74 64 14 28 39 25 68 39 79 55 6 3 44 55 17 57 74 21 46 35 35 93 28 6 24 79 10 97 91 52 41 23 84 52 1 36 80 48 75 83 64 30 23 65
29 43 30 89 51 29 94 83 12 37 62 82 26 52 50 62 92 95 10 29 99 34 73 84 82 58 96 76 58 51 47 10 1 50 30 62 14 10 8 1 38 11 2 37 74 53 71 41 67 94
38 32 75 45 23 32 56 7 43 73 75 26 21 42 73 7 66 26 71 44 46 44 82 61 60 31 86 11 93 74 81 27 29 61 68 33 95 88 27 39 65 94 62 16 17 5 35 85 33 9
72 49 68 62 74 6 57 32 16 12 14 13 77 73 6 90 32 63 89 61 37 11 94 60 11 97 36 94 64 71 27 5 37 91 43 66 29 78 81 49 78 65 22 49 3 6 82 34 60 36
75 34 85 44 20 40 98 36 37 80 71 78 23 80 93 20 80 14 95 86 74 7 1 95 34 51 71 13 49 71 32 41 45 68 88 5 93 32 45 95 88 70 62 82 86 10 47 30 94 23
28 3 50 29 0 61 63 34 30 46 99 89 5 27 81 22 62 4 45 68 12 63 46 89 33 74 97 39 81 50 84 7 83 82 22 59 81 95 10 58 78 83 67 58 15 1 51 5 36 23
40 36 7 11 55 85 85 47 9 62 69 48 43 41 45 97 71 97 63 75 72 42 81 32 96 25 13 53 31 54 85 66 48 42 25 70 79 59 68 2 31 35 25 72 92 46 71 2 32 70
33 13 90 10 35 46 35 40 18 3 53 29 92 38 43 79 12 36 51 25 43 80 30 13 72 8 39 5 64 27 1 17 19 71 8 59 43 70 52 2 3 76 72 44 31 43 31 38 54 1
49 87 78 24 62 5 33 69 63 98 74 84 80 10 92 10 66 53 16 13 82 26 98 1 66 10 80 15 97 31 87 7 3 49 62 57 30 59 54 4 21 63 15 14 30 92 91 48 15 44
6 41 89 47 27 31 55 17 55 66 78 47 42 26 19 44 47 93 61 75 50 35 82 90 19 47 63 41 75 62 54 11 56 98 65 37 60 95 49 30 68 65 64 31 0 65 32 93 14 69
16 35 71 16 89 26 2 90 55 67 98 97 0 34 85 54 47 55 2 70 18 14 18 39 22 81 88 96 86 83 67 3 16 67 97 21 38 19 69 47 78 20 12 13 71 85 84 70 55 16
91 82 86 88 93 99 48 86 88 8 31 75 46 76 0 25 62 57 89 74 32 49 66 35 88 51 8 47 52 0 66 91 38 25 59 95 16 92 35 71 76 91 56 35 69 42 5 0 91 96
