50 50
70 8 28 61 22 96 84 2 35 46 69 85 16 29 80 50 81 55 71 76 55 70 62 42 51 8 83 43 32 64 50 15 29 94 63 62 21 90 42 97 49 81 75 27 74 1 7 64 41 44
51 11 19 32 82 29 48 22 2 30 30 54 88 50 10 93 26 82 36 68 12 40 86 75 51 1 98 75 13 39 62 93 6 54 74 63 46 84 70 83 5 58 42 84 30 71 5 2 95 9
55 41 79 5 28 82 4 41 55 85 82 83 89 40 69 67 58 84 21 51 99 30 64 55 88 46 24 33 41 7 32 51 40 85 25 23 12 24 93 55 74 62 63 82 10 6 3 5 88 45
45 96 24 46 56 24 15 74 57 69 94 31 78 40 48 22 88 70 38 99 43 88 75 80 24 50 73 63 13 37 93 18 99 3 72 77 85 24 27 96 25 37 25 20 87 69 68 28 40 71
21 16 72 10 12 16 42 89 46 28 88 90 66 17 98 1 64 85 24 66 48 12 38 5 49 41 75 41 91 68 91 41 60 59 55 31 49 41 14 80 84 79 65 16 44 48 7 3 98 23
94 40 5 93 41 49 17 19 98 55 0 53 26 38 30 70 5 34 57 36 95 2 38 99 22 88 10 73 90 84 56 27 54 64 42 12 64 84 33 85 58 11 88 23 52 51 2 63 83 40
34 27 59 69 75 40 88 17 25 9 71 76 36 45 25 61 51 90 96 16 90 60 23 44 95 53 85 11 89 58 30 98 57 50 85 98 33 17 86 96 79 49 32 89 10 84 33 57 35 78
85 21 39 60 86 74 81 88 52 20 18 42 28 92 52 46 70 0 93 28 99 72 71 6 29 60 3 83 86 6 94 55 61 47 68 23 40 94 12 3 24 15 17 55 81 86 94 65 65 94
83 92 55 35 15 84 37 23 6 13 63 42 31 57 87 43 25 66 82 74 80 78 70 54 43 4 28 78 25 14 40 49 2 17 48 40 66 72 14 7 2 99 42 54 92 27 33 15 50 63
36 90 43 17 38 19 23 95 70 94 7 17 63 47 73 95 75 51 76 66 0 59 27 68 42 83 23 92 73 98 41 52 11 84 91 71 61 55 21 95 36 0 94 7 22 79 16 17 0 7
73 14 28 89 49 25 95 51 59 66 14 65 41 63 76 42 40 2 87 31 37 21 60 36 27 34 53 58 51 17 46 20 62 88 73 43 80 49 42 8 28 75 41 52 53 75 60 5 45 64
34 20 26 46 97 81 58 11 8 56 24 36 7 89 59 76 19 99 3 19 56 11 93 9 92 12 78 91 85 95 43 10 72 10 40 40 49 41 99 76 38 76 56 18 94 50 41 3 49 91
31 61 85 18 8 0 58 94 77 48 13 74 22 26 28 42 99 28 29 62 93 80 6 39 20 26 92 37 28 82 64 54 92 19 27 20 5 21 11 45 61 46 27 25 8 88 17 65 87 76
42 65 13 2 26 1 42 83 55 83 82 74 31 97 30 61 24 85 3 15 44 40 2 99 31 60 84 49 95 21 70 6 96 11 84 86 20 93 28 41 22 36 42 95 44 99 43 94 82 38
46 48 57 33 77 18 81 49 33 38 43 57 42 25 34 87 32 10 10 87 13 72 50 1 76 28 20 32 38 17 19 58 59 80 46 37 22 17 32 75 2 3 72 57 91 92 93 21 54 71
25 87 36 87 89 13 57 72 20 9 10 96 37 3 37 72 34 26 31 39 21 21 92 63 50 3 99 3 87 15 19 1 42 45 45 76 63 28 72 10 87 53 56 57 16 65 52 13 16 63
61 14 65 70 81 91 62 61 59 98 17 15 89 4 47 0 17 76 89 40 46 8 17 95 0 17 36 36 93 65 39 56 75 35 92 42 57 25 90 84 16 3 4 90 67 24 18 46 16 67
19 30 0 34 52 98 56 24 24 17 22 48 94 32 4 68 90 45 92 97 16 54 46 87 50 51 69 31 42 20 63 81 99 31 28 2 97 2 4 39 25 38 58 37 45 45 34 78 90 60
28 95 53 38 40 50 16 86 25 35 48 23 38 55 64 24 1 41 64 97 4 29 97 11 95 88 78 99 22 85 59 45 99 43 2 73 31 30 36 23 96 29 72 53 9 87 52 53 97 97
39 19 23 90 32 2 27 93 75 5 32 43 39 71 64 10 35 74 35 47 49 17 28 47 41 77 79 38 42 75 54 46 77 71 94 1 6 33 16 55 11 58 3 47 89 70 85 41 94 71
22 56 58 63 20 59 86 20 64 43 21 23 50 43 17 74 97 93 43 8 75 89 82 41 28 58 71 25 7 20 26 67 10 36 13 36 25 82 80 79 93 57 73 5 5 94 30 36 69 47
21 60 77 47 52 51 79 65 44 72 84 47 40 22 87 5 18 49 69 20 95 66 37 19 93 16 13 47 80 46 32 22 83 31 89 76 28 56 35 59 0 30 12 48 82 65 52 48 70 43
4 29 98 71 53 47 29 91 95 15 23 4 55 99 91 65 39 87 58 67 53 38 10 62 5 11 47 24 85 84 12 0 75 3 52 56 67 55 47 64 75 22 24 60 32 56 91 41 92 63
60 51 53 40 5 52 76 39 4 91 46 52 20 82 24 91 61 70 71 94 18 70 88 73 98 91 89 68 16 18 68 81 63 48 31 96 77 14 63 36 57 2 88 19 12 89 6 38 29 88
51 19 36 61 8 48 79 95 21 29 0 11 73 65 89 32 97 10 6 20 64 13 19 49 9 17 77 51 42 44 45 75 34 83 57 46 0 23 15 16 43 1 31 92 60 66 49 87 43 64
13 63 6 25 24 12 14 5 41 39 89 57 96 85 68 54 61 66 2 18 81 86 76 86 16 14 14 57 69 10 24 46 40 29 38 21 53 21 16 55 44 0 40 85 8 65 24 55 49 84
26 62 28 4 54 29 81 63 65 66 36 40 79 7 46 13 45 36 94 40 52 64 53 26 44 38 0 6 16 35 51 7 89 94 50 27 54 34 93 30 20 25 75 7 62 41 42 43 88 94
16 75 29 85 94 35 56 89 77 3 55 59 69 24 66 81 71 94 55 23 1 15 24 46 48 19 12 87 39 39 76 40 81 11 94 94 11 89 7 65 41 48 28 24 40 83 72 63 71 73
18 97 14 48 46 24 78 56 37 63 25 97 54 0 73 69 25 75 49 24 6 60 22 43 94 4 31 76 59 23 25 35 97 47 92 43 88 63 0 3 29 16 70 89 18 65 49 90 58 26
63 24 59 75 50 45 13 17 47 66 55 84 71 46 68 68 69 70 24 28 29 5 2 6 52 2 61 96 27 48 23 3 54 97 19 83 32 28 93 14 76 26 7 29 5 95 86 12 0 56
53 20 70 38 55 7 9 87 33 58 84 82 20 74 24 94 57 17 71 75 73 2 52 8 69 46 98 35 67 61 31 11 93 82 32 22 64 42 18 47 40 78 95 55 12 8 62 48 63 83
97 96 15 81 45 39 1 98 36 60 0 25 95 79 83 20 83 40 88 30 96 38 56 31 79 40 43 88 50 31 62 0 33 64 38 12 76 39 1 20 96 0 72 67 36 8 26 58 23 96
14 75 29 4 63 41 87 28 83 42 3 45 69 69 83 84 64 15 58 63 56 36 29 41 29 48 49 57 43 16 84 96 19 62 22 29 25 20 6 64 0 9 20 34 61 51 36 84 94 76
58 74 23 9 86 77 57 5 60 17 60 6 51 43 55 95 78 26 68 23 85 5 51 23 71 24 68 95 13 28 11 1 92 32 32 8 59 75 92 46 13 61 21 68 17 73 67 44 2 34
8 33 98 6 6 23 8 79 3 64 21 61 6 73 33 16 17 6 46 79 46 76 98 20 21 9 53 4 28 30 25 57 85 67 17 29 88 90 96 98 7 10 43 69 25 51 59 66 66 98
47 26 73 43 95 84 64 94 8 16 4 29 59 16 32 9 26 75 46 10 71 19 22 55 52 76 50 85 12 55 6 46 82 99 41 15 43 26 53 34 33 53 41 0 72 31 68 69 41 49
49 56 25 61 89 10 42 55 97 57 87 79 0 53 33 93 46 75 39 52 98 24 35 52 82 40 96 29 10 64 77 37 3 2 16 86 69 14 95 70 42 50 55 78 83 55 14 16 44 46
60 77 50 86 43 98 99 68 46 75 20 30 19 23 0 59 0 85 94 94 66 43 73 41 94 78 9 42 59 9 5 41 5 22 63 52 13 96 64 22 79 25 68 50 33 18 85 33 88 95
36 60 95 43 64 17 58 64 35 7 49 94 95 34 70 45 78 62 54 84 29 96 70 12 25 16 95 22 48 15 34 30 9 14 43 4 78 15 67 69 25 10 45 46 87 60 42 87 35 91
70 51 49 92 14 52 77 6 47 10 52 91 41 49 87 94 54 62 91 95 21 95 76 78 62 88 90 37 23 45 7 3 42 98 11 97 50 69 70 2 77 36 67 76 93 41 56 32 44 26
46 28 42 58 73 25 63 17 8 19 73 77 60 24 23 11 4 95 22 61 75 11 24 72 48 76 18 40 84 49 9 61 25 12 35 54 71 96 73 47 18 62 81 27 40 47 63 69 5 88
47 73 80 32 10 68 26 76 69 58 20 68 65 14 50 20 81 55 93 38 25 83 83 30 65 68 79 58 59 67 90 57 23 8 4 35 96 34 27 49 33 52 17 48 10 46 14 62 53 29
66 95 25 16 81 14 89 87 35 84 29 74 77 41 55 57 41 69 59 50 19 91 64 11 79 57 7 0 25 80 51 79 70 31 50 48 62 83 14 78 53 77 12 8 87 39 8 56 28 97
3 0 80 85 43 67 34 52 0 94 88 63 72 18 17 70 61 38 30 55 63 69 44 7 89 40 31 42 82 67 32 51 83 34 92 85 62 31 30 1 48 37 1 91 99 57 60 73 50 71
51 98 21 74 99 96 40 23 28 86 20 81 69 15 69 49 64 29 31 63 62 17 89 64 84 5 13 29 17 28 6 61 85 51 57 65 28 65 7 45 36 36 29 58 48 38 17 3 72 72
12 49 16 24 26 10 28 92 36 30 25 73 6 65 45 76 69 74 12 14 5 8 24 85 35 72 32 59 81 43 33 48 81 22 43 45 38 93 74 10 93 88 23 41 39 37 72 28 52 18
96 19 37 27 52 88 61 2 35 73 44 71 94 58 5 96 57 20 17 35 8 24 7 57 51 31 44 97 53 57 1 50 94 64 51 64 91 15 32 34 33 5 69 25 59 81 58 31 57 39
32 0 93 78 9 37 86 2 79 29 44 27 25 32 28 91 6 79 59 31 96 92 11 28 83 88 28 6 50 16 77 12 11 62 17 86 79 15 86 94 15 0 30 69 0 34 84 73 80 6
82 1 82 95 26 88 80 25 69 98 86 85 55 54 59 94 69 46 12 38 79 74 54 10 10 52 34 65 3 21 88 60 86 21 73 39 0 64 56 40 11 80 53 57 33 1 90 82 40 88
9 4 60 7 73 65 1 83 66 16 85 6 33 62 10 69 15 4 35 54 60 62 65 48 25 91 80 50 92 71 48 37 88 81 24 48 88 69 69 29 90 40 29 17 83 93 41 89 37 83
