50 50
80 70 5 4 0 40 95 81 81 46 70 62 21 48 28 15 75 84 30 34 3 91 70 39 15 6 80 83 87 65 18 71 27 25 66 71 43 7 22 55 99 2 71 69 99 91 71 92 38 96
26 29 23 63 25 41 86 67 20 89 79 14 91 77 29 29 79 8 95 70 13 15 40 72 33 62 15 55 24 40 55 0 6 52 15 66 87 4 66 44 82 91 11 58 10 89 75 58 39 81
89 27 22 23 47 11 57 0 36 40 50 24 59 12 31 48 49 59 14 95 29 53 66 27 46 40 49 92 69 45 6 64 22 21 20 55 7 85 50 94 11 22 71 50 60 86 44 50 41 22
48 85 60 38 50 47 15 84 67 86 63 4 45 54 34 50 34 40 89 68 80 75 56 18 22 57 86 63 24 99 56 77 70 0 1 75 57 87 21 72 69 80 2 94 92 98 12 99 22 19
99 45 42 83 65 75 24 36 46 36 63 91 14 40 88 95 19 96 31 70 60 50 93 31 6 92 47 56 24 3 63 35 66 56 60 81 50 94 89 70 23 47 72 44 42 85 36 51 6 39
56 33 73 54 28 92 74 7 89 81 73 29 83 39 51 55 7 93 97 60 39 6 84 2 10 97 39 49 11 98 99 21 82 79 17 61 47 98 5 6 20 25 75 87 91 29 77 0 57 70
61 15 66 41 26 19 36 26 67 49 32 68 26 43 96 54 67 75 75 65 56 73 29 78 70 63 56 11 93 65 50 78 69 45 1 42 36 94 93 96 73 29 16 63 75 12 98 47 41 22
76 23 19 89 84 20 47 79 99 83 54 74 0 13 63 0 16 92 85 95 3 26 30 35 90 55 94 88 15 19 45 81 63 71 22 41 49 7 3 78 12 49 31 72 9 37 61 29 51 50
39 83 7 83 4 10 22 13 12 66 38 52 52 39 41 55 53 48 24 77 24 33 1 53 43 2 19 47 40 50 67 49 1 53 9 11 49 15 79 47 80 71 78 30 0 68 68 74 22 25
16 85 86 81 62 41 21 26 84 62 52 40 18 13 77 5 62 66 25 79 5 83 50 85 55 35 13 28 44 9 29 56 24 60 92 84 69 44 83 60 66 37 60 47 52 95 63 38 69 94
40 68 33 65 62 96 8 77 57 93 25 79 69 6 62 87 23 12 95 96 51 35 63 0 97 37 41 47 62 66 12 23 17 83 15 71 76 76 27 47 7 10 60 19 64 52 94 16 19 53
59 62 79 84 49 21 58 56 28 16 25 66 7 83 90 83 80 70 9 76 16 90 51 72 54 88 10 36 7 95 86 47 95 4 17 60 53 97 5 19 4 53 13 42 81 53 22 30 13 90
9 56 78 8 14 23 60 93 54 50 96 28 28 48 45 66 88 67 56 68 11 32 9 62 89 24 80 32 44 62 68 17 54 32 24 90 5 85 88 52 4 41 88 56 98 4 79 84 2 27
10 56 17 25 58 67 32 83 94 32 27 93 95 21 70 53 12 56 93 16 44 64 47 39 75 67 82 70 42 24 88 67 88 29 19 22 92 98 78 76 13 99 74 27 98 4 78 0 0 44
6 81 98 24 7 21 88 28 4 41 19 41 53 27 60 90 83 33 54 17 83 16 3 62 37 13 19 71 66 12 39 2 56 60 66 45 21 85 85 45 56 12 36 65 64 6 83 92 79 67
88 54 16 65 18 98 62 14 46 31 85 34 79 21 87 76 28 14 42 60 65 41 55 62 73 14 60 17 33 75 44 72 68 76 71 52 17 30 56 4 39 20 67 95 4 83 50 47 63 78
66 36 17 70 19 64 12 30 82 78 44 33 67 4 46 80 7 16 29 49 78 89 95 48 79 5 95 39 2 63 15 40 83 21 78 45 81 20 9 36 35 26 89 1 4 17 30 12 17 81
27 55 63 54 25 76 84 85 13 12 30 93 82 95 58 24 31 97 10 19 83 27 68 49 71 70 14 74 83 3 12 40 30 33 57 38 63 11 45 11 10 23 4 10 25 81 30 57 16 62
75 20 40 80 88 55 49 26 16 95 52 44 40 83 37 44 93 27 97 30 44 93 65 38 44 44 11 63 41 69 78 83 18 69 16 87 87 57 85 16 84 18 14 73 27 35 78 47 78 80
29 32 26 74 40 55 25 63 74 32 88 6 27 47 66 23 47 18 7 85 18 32 52 91 57 94 35 27 93 45 13 71 52 8 73 55 74 93 3 75 5 40 0 83 33 39 57 17 63 9
18 24 58 33 54 87 77 21 62 90 36 55 39 65 63 39 99 46 84 30 56 54 63 54 44 1 43 29 99 46 9 70 34 76 16 75 86 47 7 41 47 75 6 1 1 14 91 22 71 39
6 47 66 96 14 32 46 70 21 81 49 74 86 23 38 49 42 84 91 41 64 11 18 93 99 40 42 79 54 19 56 11 51 8 17 97 98 32 48 70 14 77 16 69 28 61 47 70 7 38
72 66 29 72 53 86 86 1 23 75 46 28 92 47 97 61 16 56 12 40 86 32 45 88 97 63 87 36 93 20 94 87 29 54 45 93 69 24 22 61 63 46 38 82 82 90 90 65 46 0
27 23 90 41 29 44 28 35 63 69 33 98 26 86 20 17 45 38 39 18 68 35 11 60 13 74 20 18 89 41 37 42 25 15 10 71 15 52 66 24 37 88 82 9 9 66 49 13 2 57
32 69 50 2 36 32 24 4 31 42 17 49 69 58 62 13 74 40 51 22 97 57 52 84 70 78 7 18 76 36 2 5 77 31 37 45 45 71 75 55 49 32 55 91 92 88 58 15 60 91
77 31 62 16 1 3 31 83 42 9 56 30 51 83 53 14 44 27 28 49 26 89 7 67 43 33 80 65 8 68 3 1 40 99 16 16 47 55 5 22 12 21 99 32 95 7 5 92 61 82
25 4 30 69 61 12 26 64 2 71 24 52 17 6 38 4 6 20 69 47 76 0 42 15 58 36 76 99 83 54 10 35 19 55 87 14 37 13 4 66 22 11 94 86 52 65 83 8 81 69
33 49 29 39 57 21 40 85 1 2 6 74 18 54 55 56 26 65 1 27 22 19 25 21 74 52 70 36 96 21 18 43 84 75 34 18 76 51 43 87 51 29 53 96 27 10 80 61 11 90
56 72 84 27 63 90 99 54 49 84 22 80 78 47 66 0 57 36 42 39 19 55 1 21 80 64 19 83 16 26 79 0 61 99 79 70 33 19 21 99 5 14 71 60 89 19 68 89 89 95
61 4 58 71 74 50 56 58 75 74 48 30 89 8 80 92 50 80 73 97 78 99 51 24 83 2 51 64 92 64 8 20 80 42 3 81 15 25 30 65 45 56 48 20 11 91 52 98 75 42
90 4 72 99 71 90 26 77 64 15 51 87 64 91 85 36 86 6 92 43 22 74 63 43 10 85 27 97 87 71 77 24 4 39 94 39 23 70 3 63 87 16 83 72 82 7 23 97 87 86
23 54 36 95 68 82 26 52 69 66 88 53 60 23 30 74 54 24 67 34 3 60 17 32 1 20 1 75 46 32 26 45 27 49 1 1 60 78 74 8 73 77 94 68 72 48 68 31 47 39
18 25 59 14 93 85 60 82 33 19 90 25 68 81 99 84 34 97 81 38 39 48 62 22 57 52 86 17 36 88 42 70 19 35 45 84 31 10 51 43 42 23 69 59 69 80 10 17 34 15
17 40 54 45 51 7 33 1 12 85 13 3 95 65 51 16 93 16 73 43 22 33 57 90 99 51 27 63 36 79 93 34 27 29 69 49 82 73 6 45 32 97 18 72 88 9 53 9 29 60
75 28 24 67 3 28 43 17 79 44 4 62 37 21 0 39 44 8 80 44 33 52 61 63 4 2 90 33 80 99 46 96 6 53 76 99 62 68 88 61 4 27 74 42 93 0 29 37 66 15
35 5 16 47 32 60 90 20 49 40 78 0 90 94 83 10 66 15 54 96 41 90 68 15 34 16 77 51 18 93 95 80 10 95 97 70 5 59 0 95 3 65 86 58 81 98 25 77 65 40
49 20 51 53 78 59 31 72 8 19 12 76 29 28 70 33 80 42 6 77 49 98 17 48 64 83 52 34 32 29 73 75 97 54 57 3 75 17 16 80 49 70 48 76 98 17 45 66 77 74
80 53 32 73 50 43 46 9 14 39 94 72 92 58 90 34 61 90 42 49 27 13 75 48 37 45 84 92 6 46 81 86 86 49 55 47 41 49 17 69 53 26 19 5 16 49 44 51 27 71
45 27 83 81 58 78 66 74 59 50 76 21 57 57 97 79 80 53 23 60 15 7 41 60 88 99 54 45 7 19 0 53 89 85 15 9 83 81 28 81 60 42 60 67 71 7 44 57 3 86
63 50 59 5 78 70 39 13 72 11 95 60 59 55 8 75 14 21 91 15 75 37 76 91 3 30 28 88 72 80 53 82 20 73 2 43 64 79 69 24 66 43 49 16 86 97 79 63 9 60
41 51 99 9 70 42 74 4 50 15 23 20 10 17 40 98 7 79 83 66 67 87 52 56 17 85 64 15 54 46 65 31 1 60 32 33 19 32 70 26 66 15 53 61 66 39 66 59 50 53
24 44 67 20 90 93 69 91 2 0 26 88 11 69 63 36 80 3 86 89 48 2 41 99 60 43 86 22 77 36 49 23 23 74 30 16 27 59 22 61 81 62 14 89 91 27 82 39 74 0
9 52 86 55 12 68 50 42 19 40 49 63 14 17 26 90 53 73 66 87 5 47 25 19 74 74 40 99 42 60 49 30 21 19 61 98 71 31 19 72 14 75 49 54 26 17 83 64 91 56
61 20 42 57 4 11 37 12 81 59 47 23 51 99 93 19 58 33 49 63 63 10 74 40 43 58 37 64 66 85 23 82 36 24 57 23 52 41 71 53 58 27 33 96 61 8 3 8 4 73
48 73 16 49 30 38 37 42 3 90 6 68 23 27 31 24 12 82 16 35 67 93 80 67 9 37 52 70 26 92 19 94 79 7 7 74 35 35 39 93 30 74 63 89 73 63 72 64 63 96
29 37 52 71 2 96 24 68 69 60 55 73 7 5 40 75 49 62 98 68 48 46 56 24 16 38 88 18 64 92 45 83 10 18 24 78 21 33 55 59 32 82 44 25 55 48 5 96 44 15
24 68 70 45 50 83 82 6 76 55 10 75 80 87 82 17 16 0 8 64 22 57 61 64 75 82 68 22 51 81 24 1 93 17 50 17 42 60 54 93 17 90 59 32 11 55 22 7 80 84
54 35 28 23 39 85 50 69 30 31 3 23 8 43 59 27 43 79 76 85 69 36 65 20 71 94 61 62 38 81 2 31 45 67 24 4 82 9 11 47 79 56 2 32 87 9 73 40 96 67
84 95 0 74 86 82 17 95 15 38 58 68 37 7 68 99 1 25 48 67 82 80 20 58 5 78 36 48 34 56 64 93 91 34 71 26 5 44 94 75 33 37 61 72 70 87 33 60 1 10
65 45 39 37 55 97 6 70 48 35 62 92 52 22 43 90 2 1 95 8 71 26 76 23 20 36 5 20 27 53 59 24 82 7 0 13 39 81 78 53 94 53 97 51 69 78 57 49 70 30
