50 50
54 41 28 81 42 76 71 24 29 34 60 8 45 10 90 34 21 22 79 9 18 14 41 47 81 99 30 40 56 36 2 54 96 85 18 77 74 19 31 85 48 38 20 71 24 36 18 16 0 70
58 81 33 6 80 25 4 69 10 80 40 11 70 14 20 53 10 80 89 26 65 41 94 12 21 18 89 56 37 38 56 99 17 98 34 45 45 0 15 90 93 80 82 83 91 63 66 20 90 72
96 35 23 36 41 55 5 48 24 81 94 19 69 77 20 10 57 17 91 41 21 77 78 71 87 67 0 8 57 82 86 3 81 19 90 19 10 69 18 16 12 61 96 15 60 41 47 30 23 95
59 56 88 66 47 58 22 54 53 50 21 1 24 33 39 48 96 62 99 49 73 34 65 9 28 95 25 42 68 82 84 20 5 19 83 20 44 37 59 44 55 77 37 64 19 97 18 85 61 5
35 10 47 86 79 52 2 43 95 26 44 81 84 7 54 26 41 61 86 22 41 8 18 73 10 76 83 94 3 2 57 23 56 24 1 83 21 4 30 82 23 35 51 41 46 70 72 82 54 31
84 10 82 75 49 62 68 72 66 5 12 22 97 23 15 96 17 29 32 59 16 22 93 32 28 95 87 82 73 99 91 75 9 63 84 40 56 61 84 56 17 32 19 86 53 60 5 60 70 22
60 24 78 37 54 54 53 55 57 52 47 35 35 43 65 19 82 5 80 76 26 67 67 65 14 47 94 81 19 95 20 72 18 60 97 68 84 88 40 87 99 30 8 46 54 30 99 25 13 35
58 11 26 66 46 73 69 86 50 97 22 76 32 53 67 59 86 41 72 73 66 17 43 37 76 68 92 32 27 95 11 48 3 5 81 53 14 18 45 52 6 71 62 38 16 68 21 41 86 23
27 28 20 53 12 21 76 25 80 25 95 0 28 22 16 95 75 2 30 97 17 36 11 45 95 77 97 53 79 78 88 95 20 1 74 47 68 35 70 58 86 78 57 70 77 36 15 7 27 28
34 7 22 55 23 75 37 68 8 97 84 43 81 54 34 48 87 66 70 43 2 84 75 83 78 37 2 26 98 64 60 78 57 38 39 76 71 7 51 9 7 84 5 85 17 33 61 31 27 99
65 47 83 74 2 14 69 85 71 75 26 24 5 40 65 84 86 54 48 65 41 96 20 73 43 22 15 57 0 50 18 82 1 48 90 63 30 10 41 42 1 21 29 46 21 87 12 89 49 0
21 76 88 12 13 88 63 72 77 16 4 91 19 57 63 19 93 78 72 81 84 87 96 97 42 74 40 37 35 9 31 78 75 8 1 55 77 45 52 96 36 63 31 4 21 43 39 12 8 96
53 45 75 84 20 87 64 54 44 47 60 4 27 14 79 43 98 74 55 96 1 74 28 41 34 5 71 46 11 92 77 27 9 81 5 40 93 14 40 65 60 22 41 56 30 45 70 69 8 50
80 2 11 2 85 35 71 99 20 81 60 85 64 18 94 15 41 94 7 55 73 88 85 58 24 5 49 83 75 99 0 82 42 29 28 18 59 43 38 38 2 30 13 62 91 83 31 27 97 22
73 70 51 90 31 5 27 17 66 10 46 15 39 14 86 72 96 48 70 78 33 93 29 19 2 43 82 63 72 85 50 74 91 69 14 37 99 55 60 77 11 91 25 36 63 76 26 1 42 79
72 95 36 55 14 18 53 27 47 6 93 1 64 30 43 94 32 33 79 58 58 1 60 21 40 14 89 59 89 31 83 63 51 37 25 67 28 75 0 44 81 73 7 15 45 92 12 33 15 82
69 60 41 80 64 89 11 52 40 5 83 23 58 33 51 15 6 70 65 63 22 41 92 67 11 4 28 85 31 54 47 75 25 67 5 42 97 71 96 45 99 31 92 1 83 57 13 4 77 82
48 66 9 79 55 95 45 12 73 95 48 68 47 2 33 34 29 46 35 50 55 54 90 74 90 4 36 9 51 69 12 0 49 72 46 70 87 43 92 10 6 29 21 12 47 91 7 83 17 96
55 53 39 94 81 61 89 55 64 68 45 17 72 27 42 11 34 26 51 88 87 79 66 2 41 62 7 72 13 35 55 85 60 23 4 61 11 4 4 58 11 42 66 70 38 22 75 2 18 42
82 26 64 19 90 39 74 71 44 60 13 79 3 53 32 9 54 64 48 21 45 21 81 16 19 66 73 77 69 33 60 1 42 27 17 76 19 15 30 25 93 71 41 63 0 87 8 84 4 6
65 81 38 3 16 28 15 85 7 19 44 66 21 3 96 21 99 9 25 17 61 35 92 61 3 2 8 31 79 87 67 71 45 75 67 85 5 61 67 97 48 40 67 63 77 17 14 2 32 66
69 20 77 42 86 84 93 23 70 28 16 92 76 43 9 9 42 68 16 75 15 39 17 41 26 40 59 67 98 56 49 94 83 4 91 58 65 83 45 24 94 85 21 95 18 52 72 30 91 93
52 50 64 12 6 17 33 43 12 30 35 24 65 71 72 85 91 25 22 2 7 68 73 66 7 38 0 44 20 65 80 91 34 59 62 12 65 52 43 57 86 71 78 78 65 68 48 77 34 0
35 24 37 95 14 7 91 48 42 69 16 95 54 53 8 72 96 74 15 50 6 29 51 96 41 29 20 26 82 73 64 68 77 30 23 61 3 53 28 3 89 6 26 50 7 27 77 73 9 50
76 85 40 21 32 29 33 59 32 68 87 55 56 76 48 93 37 2 93 31 55 27 50 5 76 29 74 41 58 13 49 10 37 78 35 93 73 23 8 78 96 30 25 34 91 97 38 85 2 23
12 33 72 7 66 55 30 45 49 50 66 83 41 63 32 97 70 1 30 83 41 1 94 20 34 1 43 14 6 18 92 14 4 36 39 32 99 77 94 97 28 5 17 9 81 13 56 88 67 29
77 26 33 62 14 1 86 18 4 29 89 4 57 86 89 44 8 65 47 46 44 62 78 54 65 80 57 29 98 21 65 39 50 58 37 37 84 97 66 25 28 4 40 44 66 40 49 48 63 30
81 32 82 21 30 63 55 95 0 48 2 70 18 53 7 78 12 6 48 29 78 72 99 17 82 43 83 50 42 24 9 37 14 69 13 98 95 59 8 36 47 98 53 16 21 53 19 12 97 33
50 68 77 86 25 53 94 41 65 82 36 44 63 15 90 52 50 35 10 9 27 65 45 51 84 69 57 10 82 63 18 71 54 25 24 45 61 10 19 84 83 31 73 16 82 86 97 50 43 86
3 11 27 51 68 95 15 26 74 37 55 93 12 95 85 54 65 98 50 39 99 3 71 86 55 55 19 54 9 58 33 38 91 19 98 17 63 37 12 39 80 70 26 30 79 56 94 83 38 91
96 2 30 34 97 19 56 66 93 25 50 56 31 53 91 89 80 12 24 24 72 27 74 68 96 92 65 67 52 79 2 32 54 62 51 52 64 97 59 67 90 47 84 12 22 43 68 49 76 13
86 97 33 95 88 41 94 47 57 4 66 24 96 72 56 89 49 32 30 27 17 27 95 76 29 96 94 66 4 3 81 44 46 67 10 87 68 6 20 91 15 40 18 26 15 17 49 0 93 42
55 12 40 30 35 74 1 23 90 39 86 42 38 29 10 9 53 67 69 63 1 52 23 2 34 53 21 62 70 18 95 50 78 47 9 68 60 19 72 25 92 92 29 2 24 63 65 93 36 13
79 0 84 22 68 50 75 87 67 47 37 58 89 63 10 30 10 55 43 53 67 44 20 33 17 28 54 10 74 31 66 51 71 18 47 8 40 86 53 13 58 48 70 41 47 94 61 2 95 69
4 47 75 48 63 47 69 76 15 28 96 56 15 5 77 88 42 18 60 83 74 19 29 80 37 25 4 44 83 10 74 17 63 92 88 81 34 14 38 31 22 18 36 16 85 68 85 27 52 56
35 44 1 37 51 36 20 71 25 14 46 99 22 29 15 18 70 24 46 53 23 56 0 97 12 3 90 12 65 2 83 64 33 80 50 94 63 44 14 25 82 51 37 22 15 66 32 37 44 95
20 96 14 67 93 94 53 4 67 9 19 59 77 67 85 19 2 1 25 53 44 32 67 0 79 83 98 69 84 10 7 65 11 84 61 22 92 77 23 73 14 85 53 72 50 55 14 36 50 55
0 40 9 71 23 99 81 98 66 20 99 35 70 3 63 81 67 52 97 1 60 33 44 95 79 29 55 93 87 11 60 77 60 47 54 15 5 87 11 88 77 33 29 71 26 44 87 26 6 1
96 79 54 1 78 27 37 27 73 44 92 8 65 67 15 42 63 18 63 47 91 89 90 74 58 77 35 82 68 2 64 3 75 85 42 37 49 26 46 6 21 28 41 83 81 87 71 97 79 27
49 62 25 94 29 94 25 77 42 93 90 30 10 75 44 72 26 22 40 48 78 0 97 99 98 14 51 71 8 5 48 15 51 7 41 16 62 2 75 57 16 74 94 87 87 41 4 25 22 54
43 35 55 13 37 52 29 60 7 56 87 9 90 47 56 61 68 76 23 53 35 79 15 13 52 58 32 79 18 33 31 76 48 18 77 28 9 51 82 38 64 39 80 64 94 61 28 43 31 21
40 61 15 25 79 85 77 1 16 94 27 86 32 25 47 43 70 29 23 88 88 35 38 63 27 22 34 81 19 77 76 58 4 46 34 62 38 69 48 45 17 11 78 3 8 7 75 21 59 59
68 56 90 34 85 23 13 40 18 54 3 77 15 24 50 92 69 37 58 92 64 9 7 1 82 73 90 97 67 9 68 96 80 58 94 73 68 98 80 14 55 10 35 61 2 70 72 46 37 93
5 99 24 47 74 27 95 38 28 67 44 7 44 54 29 38 45 26 49 12 48 40 51 48 33 89 29 76 59 25 86 12 32 46 33 21 66 14 26 83 86 31 23 87 10 18 27 31 35 11
5 12 81 99 28 47 90 25 47 95 57 65 30 79 96 18 26 94 55 50 71 64 66 23 54 44 31 89 75 48 22 16 70 82 61 64 68 4 2 25 18 9 56 80 96 81 0 73 28 51
32 3 68 58 52 99 78 75 24 68 19 78 92 62 3 70 93 37 85 90 34 47 85 26 0 58 99 16 54 13 28 46 29 72 77 30 82 57 12 75 73 58 44 18 28 81 75 51 42 6
15 43 97 94 68 90 29 72 44 43 66 77 86 69 53 57 93 40 44 91 63 71 84 89 83 28 18 21 91 7 81 31 41 73 60 71 91 21 32 26 53 44 59 57 60 43 65 56 72 60
98 67 59 67 56 77 57 11 80 82 28 34 76 54 34 1 85 77 28 77 44 15 13 19 10 46 62 49 64 88 94 24 20 18 11 25 83 97 41 16 14 65 1 78 91 33 26 19 82 13
74 49 49 20 56 1 14 3 35 62 10 38 38 5 77 75 99 65 76 88 46 73 82 63 57 91 18 1 98 79 96 25 45 69 23 22 55 1 72 51 58 30 64 33 97 8 18 12 79 93
15 83 41 41 8 57 92 14 31 49 10 98 13 63 99 52 91 43 55 73 13 93 78 66 61 34 3 99 0 27 25 48 20 61 83 91 5 56 88 85 70 40 34 0 97 67 86 60 20 11
