50 50
6 46 82 39 80 74 33 32 34 6 16 61 41 72 50 94 62 30 34 80 18 85 0 61 70 82 62 78 2 96 30 73 36 35 11 31 81 26 45 6 32 72 47 99 78 77 75 50 5 21
55 87 2 30 84 17 89 11 88 56 16 85 98 74 67 54 74 85 10 63 63 37 53 74 28 43 25 16 59 53 97 64 99 22 58 12 52 75 14 29 30 16 53 92 43 7 85 30 34 68
54 13 39 58 98 66 94 14 84 25 80 46 13 43 53 98 49 59 76 38 77 15 46 31 19 97 43 16 20 1 89 21 11 69 45 0 1 18 38 5 74 7 80 75 4 75 64 40 65 27
66 8 85 16 25 62 57 36 19 33 18 17 20 94 22 78 20 58 16 75 59 72 73 73 20 18 93 31 89 36 66 5 31 69 16 27 49 66 97 62 95 13 57 84 57 2 34 51 42 79
28 55 43 57 81 13 63 19 90 87 78 5 55 34 65 84 48 90 80 26 31 25 92 86 67 13 75 19 81 99 23 75 91 58 58 21 11 87 69 68 38 90 86 0 75 64 57 24 2 27
76 5 20 78 48 49 94 15 12 85 93 2 36 65 90 14 86 22 2 49 34 93 79 61 99 31 26 23 25 21 22 89 27 23 18 8 52 65 76 1 19 39 30 90 61 36 27 41 68 97
61 84 38 77 47 14 95 10 18 23 81 41 70 37 21 67 27 94 18 1 48 23 21 87 41 57 59 33 32 43 83 88 27 84 23 10 88 4 24 30 34 78 7 88 54 44 31 17 70 86
73 85 76 32 20 81 46 4 67 76 0 20 50 79 62 36 4 53 3 97 17 59 34 60 75 29 75 24 25 3 99 13 72 87 12 59 9 37 48 93 23 95 57 12 50 64 64 43 89 38
11 69 17 65 71 73 77 49 1 83 11 83 19 16 42 31 69 30 20 65 62 42 11 97 41 64 82 41 8 70 41 88 51 28 36 67 41 49 86 26 68 2 97 48 43 98 50 22 37 96
90 32 80 32 40 54 15 14 34 28 12 10 51 57 90 58 37 4 48 80 41 28 3 34 77 54 66 15 89 11 2 95 62 49 48 50 35 17 7 16 86 5 25 77 45 10 76 96 43 35
9 62 59 49 76 39 48 74 69 73 99 71 10 35 95 83 79 46 61 55 71 70 37 84 43 28 14 8 99 25 66 67 68 72 69 51 68 29 49 78 47 64 9 9 43 4 19 90 86 25
76 22 69 99 54 97 48 7 64 37 84 97 68 97 43 70 73 50 78 55 19 40 64 23 0 0 29 5 98 76 38 58 96 42 90 31 47 16 76 10 99 48 16 80 39 89 3 22 27 7
43 4 91 67 22 8 99 39 67 17 25 88 49 19 99 25 82 19 76 96 3 80 24 29 75 32 6 72 58 52 60 66 87 30 4 53 75 5 94 32 85 73 46 20 80 47 45 7 14 81
67 38 61 31 71 2 8 94 68 65 80 13 1 97 97 6 38 56 45 61 78 96 24 77 98 50 80 38 23 14 65 66 72 87 81 85 59 42 24 15 47 21 56 92 43 76 22 3 84 11
85 42 12 98 38 36 86 2 38 52 27 47 36 42 40 46 52 43 66 20 5 98 75 7 51 32 28 87 97 94 24 50 47 11 20 10 27 18 72 33 70 52 48 4 84 17 17 20 18 82
38 80 59 72 99 96 10 86 56 49 92 79 52 64 91 34 3 93 93 36 96 41 29 69 5 13 84 74 78 79 86 69 18 25 78 89 15 95 75 84 21 65 88 43 7 80 10 18 81 2
21 61 22 3 35 89 85 97 21 43 70 56 73 9 96 48 39 46 24 94 34 43 74 2 72 29 42 65 83 57 60 24 84 53 7 37 37 63 19 65 95 83 93 61 64 10 91 69 18 32
11 34 93 84 3 90 67 46 4 58 51 22 25 32 70 24 96 87 94 48 82 27 61 7 1 24 7 82 56 9 33 99 58 12 69 89 47 50 78 94 57 21 22 65 53 69 46 17 39 32
88 66 10 29 93 17 23 63 26 49 5 86 15 63 74 2 13 70 29 47 67 18 12 25 94 46 56 56 28 21 40 25 51 94 54 20 66 72 19 75 60 99 65 32 97 18 48 1 56 72
19 62 51 89 97 49 15 96 50 25 96 2 23 54 30 78 48 42 72 77 57 53 30 50 61 42 35 93 36 6 79 99 16 99 30 1 40 11 53 95 42 78 19 66 28 25 67 66 11 42
53 0 6 30 28 45 15 45 51 15 69 12 14 61 62 9 31 5 87 25 0 76 52 67 13 39 30 76 9 75 65 12 67 13 69 47 32 67 76 95 98 11 80 35 57 53 73 41 88 61
36 80 5 62 48 3 19 78 87 13 41 78 86 55 72 57 34 42 44 91 76 95 59 30 64 60 22 51 3 23 36 13 5 44 18 17 17 92 12 9 4 68 48 12 77 69 38 33 44 67
60 43 5 41 58 88 61 14 8 42 27 56 40 98 17 92 73 32 57 90 28 82 31 89 91 22 62 68 85 17 4 37 54 1 20 93 7 39 63 67 95 69 52 47 40 67 12 65 91 26
91 84 24 56 82 49 26 20 15 16 45 2 3 90 96 12 71 70 77 75 43 53 67 8 53 60 30 46 92 48 3 82 7 4 53 11 82 81 28 74 1 94 46 63 67 80 94 34 55 72
82 49 16 22 59 71 30 89 53 7 77 72 6 3 31 55 75 81 31 41 56 17 54 87 27 47 35 0 54 6 95 21 7 15 18 7 25 27 98 64 27 77 97 48 39 89 12 73 84 13
4 94 35 92 72 98 74 91 57 18 74 45 46 37 46 8 18 30 36 53 96 75 96 61 7 19 87 49 40 9 64 52 68 22 63 6 40 93 81 61 23 48 55 58 22 31 69 38 43 21
1 10 17 23 1 2 19 43 5 28 92 37 71 51 27 66 46 25 79 55 37 16 14 39 47 93 49 23 18 7 42 69 15 45 77 0 81 50 74 92 76 66 91 87 39 5 94 80 59 80
18 82 39 3 75 97 8 1 48 92 26 67 62 91 26 12 92 87 0 76 24 88 82 77 3 3 7 8 80 21 25 10 91 98 26 70 17 23 96 38 36 42 53 80 61 38 36 24 95 85
91 90 47 53 11 59 54 24 78 44 19 62 27 23 60 91 44 5 46 82 86 75 54 2 65 24 35 11 17 29 66 61 33 2 87 94 84 21 65 96 98 88 12 22 41 82 65 77 33 7
10 95 6 48 23 41 16 9 79 15 63 8 96 29 52 96 14 2 4 44 27 2 64 48 92 34 94 18 94 92 35 71 74 57 7 27 25 18 75 28 68 29 56 3 69 49 42 33 18 85
38 56 87 18 50 21 26 24 49 69 81 6 34 9 28 78 46 3 2 51 63 27 63 8 66 65 77 58 18 83 15 23 17 45 65 1 67 75 28 28 12 44 31 57 17 85 3 52 9 17
87 11 25 2 42 2 69 28 48 16 86 74 92 45 63 88 97 93 40 65 6 25 67 4 65 21 60 85 30 47 44 95 62 45 19 23 62 8 98 14 15 85 46 72 66 39 44 3 2 55
18 60 35 99 35 84 95 99 43 8 11 26 30 21 30 17 39 76 36 42 6 51 93 33 15 86 76 77 48 39 72 26 0 10 45 23 56 21 19 32 82 77 23 83 66 32 25 86 54 41
44 41 71 28 94 58 74 92 93 70 87 75 88 3 91 23 45 75 98 25 47 36 94 87 42 18 86 32 36 92 79 86 61 80 13 72 64 39 48 90 59 51 26 54 64 53 88 81 69 68
94 61 48 73 84 63 93 24 97 43 68 83 65 88 19 25 39 40 37 14 99 81 53 78 32 38 10 43 79 69 40 14 94 64 20 35 54 56 28 4 48 65 11 61 19 83 85 8 18 52
24 84 55 70 76 62 57 94 27 99 75 40 72 11 57 76 91 60 44 57 28 17 15 78 54 46 49 33 70 19 71 40 26 35 56 93 68 26 33 94 22 86 69 94 82 53 53 8 40 71
89 37 25 44 21 57 9 79 28 30 62 39 1 16 63 91 31 74 41 81 6 50 48 22 15 91 40 65 98 29 46 40 10 16 54 77 72 16 62 35 88 12 80 79 31 84 39 96 95 99
50 31 84 70 75 6 29 85 37 65 17 79 59 78 24 47 33 41 24 76 61 75 41 12 59 59 80 52 26 5 77 21 72 5 17 39 74 77 27 82 79 50 23 2 99 47 80 40 57 33
71 62 10 13 19 31 56 7 57 94 73 23 62 89 30 12 99 24 43 97 76 26 8 7 26 16 80 2 24 96 31 91 63 18 5 13 43 32 85 79 84 17 44 46 75 0 20 17 95 9
39 60 75 7 45 50 70 94 53 53 81 78 14 86 43 54 86 6 18 68 67 11 39 64 75 44 73 78 86 50 93 47 53 23 62 98 61 79 88 81 86 55 71 97 0 38 14 14 14 39
46 21 20 89 32 40 60 62 71 75 98 32 82 44 94 66 42 11 71 68 87 28 56 22 43 31 17 60 27 67 78 46 76 79 62 51 96 59 65 43 93 5 72 35 56 65 11 73 46 86
53 75 58 58 72 67 39 63 54 24 99 31 22 39 66 34 43 9 12 24 58 85 47 90 6 56 37 64 33 42 9 94 94 76 10 51 26 64 81 50 9 55 49 13 99 32 79 99 3 97
54 22 72 11 19 42 44 25 34 44 32 15 77 78 60 32 23 58 65 40 79 11 69 46 65 78 52 87 1 60 56 46 59 51 90 79 5 67 64 34 13 33 22 39 36 10 87 68 41 39
86 86 72 46 5 2 95 45 16 81 83 44 94 80 26 73 55 1 52 91 91 92 6 94 67 46 70 73 6 90 73 24 62 1 88 71 6 7 61 4 48 5 10 20 20 43 33 84 5 0
40 14 36 6 33 55 30 64 38 74 82 16 29 2 85 49 32 89 22 15 97 61 79 80 93 16 6 45 88 18 34 82 76 91 60 84 61 66 32 47 83 77 90 41 80 32 47 55 96 80
45 68 18 6 98 7 90 72 75 36 97 69 77 41 22 28 61 63 74 82 51 35 61 64 3 20 41 82 30 15 97 13 8 42 4 8 49 37 44 6 8 5 60 45 20 88 41 20 87 68
80 65 34 36 98 15 15 81 80 92 31 38 38 93 10 5 23 31 66 62 55 16 74 3 94 40 34 94 74 95 77 91 38 19 38 33 66 24 88 62 49 60 12 7 96 18 71 21 64 83
24 41 74 98 92 94 79 34 39 76 36 98 23 93 9 44 2 21 95 27 17 69 47 56 70 70 34 81 0 58 4 78 19 41 17 94 7 22 29 21 84 95 45 94 55 36 35 20 29 59
0 67 26 62 1 59 36 56 36 74 4 35 0 37 70 9 9 67 4 18 84 56 63 79 67 92 62 36 41 12 13 55 36 73 89 71 75 19 99 10 70 37 10 86 1 1 53 69 57 94
33 19 41 30 46 81 95 2 23 46 61 99 74 78 81 77 76 27 4 45 51 59 74 21 17 57 91 78 49 40 35 91 72 14 88 75 40 52 41 13 73 59 92 36 23 85 38 40 16 23
