50 50
95 32 17 19 29 64 47 46 30 3 56 60 19 47 92 76 53 20 56 14 45 30 90 76 27 78 67 43 31 36 9 24 14 32 8 17 59 11 47 79 83 80 14 73 74 78 73 78 6 36
34 22 42 56 53 45 4 67 61 66 34 71 60 68 75 41 16 13 87 76 19 40 18 10 19 81 50 74 4 99 30 42 31 43 31 95 8 80 45 53 36 49 5 78 52 83 43 17 93 20
33 61 85 23 40 53 94 22 14 71 21 2 54 13 0 39 78 73 88 28 76 29 32 11 59 29 3 70 35 82 52 24 52 57 83 27 99 1 59 42 10 1 72 35 61 19 75 25 34 59
35 66 21 32 8 95 96 19 43 69 33 40 13 9 54 98 64 63 97 61 79 75 74 1 26 99 14 62 31 16 73 26 17 24 27 40 11 58 29 87 38 33 17 32 79 11 34 47 25 87
40 62 53 61 84 54 7 26 1 44 73 90 31 48 72 22 18 92 66 0 42 71 35 32 25 14 35 96 42 92 58 54 94 89 15 70 28 42 53 2 6 49 49 79 90 14 67 45 80 33
97 6 74 75 33 74 38 58 74 66 67 84 29 0 85 39 63 71 98 40 97 98 12 65 81 84 77 74 93 33 58 84 69 23 25 68 78 57 95 74 41 84 53 88 82 50 12 8 21 10
8 23 79 32 18 19 34 18 88 1 75 1 87 39 56 49 87 14 86 46 19 70 15 26 37 59 61 46 87 93 11 22 44 0 78 64 92 39 99 68 40 88 17 85 51 85 33 63 3 12
89 69 88 23 2 64 10 57 68 7 5 30 68 65 26 80 71 98 38 51 3 89 47 63 64 6 52 46 97 68 48 76 5 46 12 80 61 67 10 65 39 7 32 49 60 80 11 56 16 29
1 83 51 21 21 33 92 68 25 54 8 65 37 30 34 34 46 88 56 27 30 53 44 85 25 59 54 75 5 15 62 1 82 12 83 23 99 48 23 77 58 46 55 47 56 32 83 10 27 45
28 16 60 52 19 73 70 55 88 36 12 74 82 95 92 26 65 47 89 97 67 81 52 82 55 23 20 24 6 62 32 75 93 60 50 61 12 54 50 48 84 56 4 43 32 40 20 11 96 22
54 24 85 42 98 91 65 65 54 5 81 23 64 30 68 47 97 80 68 43 39 29 72 4 12 9 35 57 36 67 49 74 5 68 77 30 79 44 28 79 1 28 3 14 62 18 22 51 59 56
25 92 15 46 50 99 50 47 87 12 8 48 31 66 31 35 2 40 3 46 41 5 57 27 4 21 36 54 48 88 95 73 45 27 2 16 61 29 56 60 95 13 53 24 69 61 51 84 15 37
52 58 47 33 21 60 3 99 29 37 61 94 25 50 65 94 37 56 4 76 65 34 33 15 11 71 25 16 84 52 29 26 68 43 54 56 84 89 76 91 1 49 26 25 21 72 77 52 63 42
57 85 98 27 25 64 38 87 29 96 58 90 12 41 48 33 78 40 32 72 49 83 38 87 5 90 20 49 26 71 44 89 40 42 91 82 57 54 35 28 43 17 29 31 95 71 82 30 12 17
81 94 23 76 89 8 31 1 62 88 40 66 5 62 91 84 29 59 6 18 90 75 47 6 36 85 17 98 99 23 15 15 33 8 19 88 27 12 10 52 54 5 84 54 3 10 72 37 23 0
4 41 55 20 52 98 75 56 87 69 55 31 36 97 55 13 49 79 30 40 42 22 55 51 33 36 15 20 3 72 2 11 17 94 41 84 34 51 0 83 75 88 26 80 53 39 91 52 12 99
99 1 71 5 95 69 81 99 52 1 12 91 33 76 56 1 41 53 1 82 50 5 26 38 47 93 41 22 94 34 14 65 83 25 62 60 11 72 61 54 8 95 20 38 66 93 12 22 80 44
74 38 98 59 2 19 60 10 67 58 77 85 18 61 48 38 97 93 7 47 2 88 21 6 45 29 1 34 12 71 87 94 2 82 30 93 44 24 96 40 7 34 3 20 12 64 60 65 1 56
48 87 7 44 64 60 32 16 88 29 1 49 89 72 97 14 42 9 65 25 77 23 91 88 87 39 4 90 92 55 91 79 70 46 52 32 64 88 11 69 42 83 59 9 39 21 1 8 68 30
63 1 46 31 68 0 30 56 48 75 62 36 50 21 17 17 17 57 45 32 74 86 88 4 24 42 62 21 64 77 31 94 61 74 21 86 0 19 75 44 87 70 92 88 28 50 10 36 36 76
90 81 83 27 33 73 60 91 26 78 64 68 19 71 74 81 74 6 80 7 90 9 21 68 98 45 64 44 30 15 74 81 35 26 0 77 59 21 32 89 41 38 39 73 85 4 95 69 35 78
79 15 76 88 12 57 91 26 35 21 32 95 33 1 85 45 42 25 43 48 23 20 83 27 51 73 73 75 14 10 20 47 6 75 98 75 96 89 21 80 33 90 86 25 75 41 57 8 64 75
1 52 62 5 39 15 71 3 69 1 56 50 87 43 10 23 42 67 35 86 32 69 64 33 40 69 79 28 44 15 59 85 60 98 87 22 82 4 94 42 77 50 46 75 13 22 90 50 96 37
85 61 51 64 68 5 6 32 14 3 9 48 95 19 48 94 21 34 69 42 71 26 21 81 98 2 0 41 46 69 61 36 95 70 94 77 75 63 73 20 44 18 0 59 67 40 19 12 93 57
62 66 75 97 70 14 33 4 2 47 38 14 79 14 25 87 5 9 74 20 51 15 55 76 90 75 80 11 95 18 58 49 75 61 88 60 86 20 15 50 80 4 88 65 92 68 97 5 16 26
14 22 28 82 7 80 48 29 49 35 33 35 68 17 51 51 8 77 5 41 20 74 82 33 93 87 25 18 58 57 27 65 29 54 61 0 13 19 25 24 37 12 26 27 45 60 56 17 91 85
34 30 22 71 44 87 67 13 91 1 86 72 25 58 87 62 90 14 38 70 77 11 6 27 16 13 99 30 3 28 11 34 80 19 12 11 22 42 15 28 24 3 4 45 11 81 63 15 74 16
32 36 98 99 97 53 44 3 55 17 98 14 46 51 98 13 32 90 45 21 20 5 37 96 29 41 67 37 41 76 58 51 74 96 96 85 41 92 15 55 14 64 17 49 90 35 68 4 49 93
93 39 62 40 3 22 44 18 35 51 36 7 59 44 61 90 76 17 81 31 96 66 39 6 98 67 90 73 97 14 34 89 5 69 66 30 63 85 92 75 32 2 45 1 79 58 98 22 64 71
35 28 36 80 59 30 71 3 11 74 41 66 88 52 0 45 62 71 57 78 97 34 84 70 17 29 43 73 35 95 41 65 74 18 6 25 6 62 97 54 16 42 63 72 71 3 41 76 87 74
83 29 14 32 84 16 60 24 68 87 15 67 16 87 28 53 75 74 74 84 49 71 85 63 1 51 78 81 5 93 96 19 76 77 97 50 82 85 59 80 41 51 52 29 13 56 12 58 98 30
99 66 5 71 46 23 74 74 18 33 92 21 7 23 20 69 93 66 89 27 27 83 42 22 33 15 92 1 91 15 42 39 74 32 69 77 40 46 6 29 39 35 55 75 72 37 74 84 70 22
18 54 80 63 78 42 49 31 85 74 52 76 26 26 76 48 26 83 9 62 77 11 61 37 49 77 66 69 35 80 56 34 41 13 36 72 47 41 42 11 66 81 12 92 93 51 29 31 9 42
4 95 0 46 43 31 16 2 9 31 15 70 16 9 76 91 40 87 25 73 86 4 43 37 52 78 4 5 84 93 96 80 24 84 20 27 74 44 82 54 3 10 54 20 43 98 94 40 12 40
84 64 87 70 72 54 68 93 56 10 35 96 37 35 79 16 41 83 87 58 95 54 9 67 44 72 84 74 60 26 21 70 24 94 15 22 1 43 53 54 31 62 42 44 0 26 73 0 78 74
99 53 69 63 30 55 95 91 82 27 87 12 87 99 40 4 50 75 35 53 4 66 59 92 99 96 41 32 22 52 29 3 75 74 71 30 38 73 11 41 51 93 26 53 2 42 11 25 67 32
28 25 52 83 21 47 13 1 7 16 82 12 81 65 21 32 22 59 12 28 1 84 69 0 72 28 81 25 13 29 29 85 97 76 16 96 60 6 14 64 53 60 21 85 32 7 95 12 24 7
7 42 6 0 1 50 6 87 38 49 55 13 25 52 70 6 84 35 32 15 89 30 96 29 98 9 44 27 49 28 17 2 46 68 62 38 44 11 45 32 81 61 44 4 13 32 46 32 21 11
73 45 39 98 81 59 77 41 18 87 96 82 59 90 42 37 78 91 1 48 39 15 41 58 74 84 4 84 88 48 98 72 92 83 65 61 84 77 66 77 94 55 94 66 24 5 36 34 46 90
72 70 72 68 17 18 40 52 62 33 42 3 44 87 96 38 74 64 33 31 77 92 79 77 68 75 39 65 71 90 72 34 81 6 1 50 54 53 73 97 29 6 76 12 35 57 28 81 16 95
55 63 11 1 96 64 44 54 31 91 77 8 30 30 18 7 16 29 41 84 8 6 84 83 49 88 90 46 41 5 41 96 49 91 74 57 62 12 18 66 11 53 96 8 50 75 12 67 25 82
33 47 68 93 12 83 98 3 8 48 93 8 81 3 86 31 10 63 85 43 46 85 75 42 24 99 22 51 27 76 67 18 4 21 79 57 15 67 61 64 22 63 63 9 61 5 28 26 67 11
96 73 53 16 33 63 76 77 25 46 82 96 41 35 20 79 11 56 31 69 11 28 78 12 98 80 33 34 79 20 78 52 93 5 81 39 67 56 81 46 93 6 1 58 71 93 37 71 37 15
95 57 29 32 43 68 83 9 32 78 55 42 78 82 21 46 50 77 4 43 0 64 86 8 79 88 92 18 27 21 25 57 9 7 92 51 33 19 35 87 63 15 85 20 38 62 74 47 46 90
25 97 70 17 5 59 80 60 57 26 27 60 48 55 49 17 91 78 72 50 22 16 8 82 30 21 29 56 15 73 41 94 91 37 69 17 23 16 62 68 72 76 11 78 26 14 90 33 71 38
68 51 9 47 58 55 35 18 5 99 36 95 28 4 98 51 13 19 39 38 16 27 62 50 95 0 87 75 60 8 0 18 22 56 26 42 75 67 97 73 21 83 23 6 89 7 57 37 72 74
64 61 45 96 48 48 53 92 56 43 18 82 57 21 59 0 63 56 75 46 66 58 63 80 67 63 83 48 96 77 11 96 23 90 55 34 65 20 74 89 68 45 54 89 51 56 79 2 93 54
33 72 68 89 13 76 84 58 64 57 91 32 65 63 93 31 75 68 91 15 33 47 7 9 18 88 63 42 44 77 11 42 23 70 50 93 39 41 66 5 17 87 18 60 22 34 57 32 9 98
12 60 89 21 69 66 72 21 10 38 78 69 6 30 70 21 57 95 99 16 60 60 26 86 33 66 49 3 85 60 4 21 3 58 13 69 50 83 68 90 38 9 1 11 58 19 40 0 25 34
87 34 66 64 61 91 78 67 34 64 46 3 45 79 42 18 34 82 62 16 51 68 40 2 83 9 55 10 42 36 6 2 86 56 64 9 97 44 6 91 50 13 34 85 76 36 44 5 14 34
