50 50
20 11 87 27 40 25 43 79 59 39 13 51 9 68 23 5 97 37 85 94 39 65 79 7 17 94 18 6 80 72 15 81 10 35 47 23 40 93 18 76 44 64 24 77 52 87 67 6 45 61
81 97 46 73 76 79 5 87 7 48 82 97 70 26 74 53 72 62 93 22 3 0 2 35 1 78 29 52 61 47 37 61 69 86 5 13 17 93 82 98 91 42 93 38 27 99 83 4 9 5
14 30 88 56 5 33 97 99 21 19 94 42 93 13 59 19 74 11 50 66 45 17 71 20 51 5 58 44 49 13 95 66 44 44 61 16 44 61 78 29 39 89 4 82 8 84 90 48 72 65
83 6 1 39 96 18 15 6 53 35 2 62 41 41 34 93 29 31 16 69 97 73 20 68 13 92 49 23 12 51 84 68 14 33 66 11 51 68 74 15 54 47 97 95 17 56 55 39 74 51
39 16 1 70 35 47 79 18 70 69 0 95 74 42 98 20 93 95 75 19 73 68 30 48 50 33 79 43 30 31 21 84 86 41 56 16 40 13 80 33 61 91 78 27 43 4 32 53 20 63
98 80 65 87 68 27 92 27 16 38 1 76 41 71 56 77 98 22 34 82 17 77 15 43 89 81 94 52 67 29 50 13 8 85 95 19 91 37 50 34 17 11 9 44 75 90 55 73 13 98
56 53 43 11 23 54 71 21 33 85 44 65 46 10 39 95 1 12 98 70 60 9 71 10 6 96 82 87 12 53 38 57 1 96 24 4 94 40 68 0 92 38 59 45 64 56 90 10 43 8
39 50 93 36 87 40 91 31 12 23 19 95 90 47 57 55 14 44 1 37 64 51 75 47 45 82 97 81 57 13 58 64 2 59 13 69 38 64 67 68 9 58 92 35 17 7 79 85 65 68
48 63 40 96 34 36 86 7 56 61 9 45 36 97 33 82 62 12 36 23 32 45 35 53 61 97 75 49 72 8 54 26 65 6 63 85 62 37 56 92 69 58 66 92 30 55 79 80 67 13
25 92 82 44 14 97 83 51 31 64 15 95 40 63 31 33 86 60 20 24 77 81 6 90 24 6 80 10 57 85 67 92 5 50 52 46 14 59 80 85 93 54 99 78 45 30 15 24 89 40
82 77 9 63 31 22 90 52 68 82 46 22 78 83 76 86 77 6 40 68 1 19 58 86 91 77 60 15 46 40 35 35 11 75 61 61 78 83 46 72 97 84 6 61 67 16 9 16 69 54
61 20 14 28 92 76 33 62 74 9 9 1 54 84 52 9 24 45 50 8 42 83 97 90 18 82 66 6 43 42 38 23 60 96 16 1 32 96 49 34 30 83 64 2 51 18 58 16 41 77
48 9 9 92 52 30 58 76 1 86 8 21 19 2 7 28 74 17 14 0 96 36 6 2 91 47 40 46 39 52 84 72 20 61 1 43 54 14 83 66 47 49 68 67 37 7 59 65 86 54
25 89 21 80 22 60 58 12 3 68 31 74 75 94 37 25 57 83 82 76 55 56 15 23 94 75 90 89 84 87 70 15 78 83 62 13 66 36 20 29 74 13 95 57 16 68 93 85 93 61
8 42 82 97 55 70 60 73 59 58 9 24 78 85 21 34 56 91 56 81 32 96 48 2 44 33 53 19 33 23 16 41 23 28 84 91 92 12 64 98 46 34 98 16 36 10 57 54 87 95
14 28 99 18 12 35 82 55 67 45 2 1 65 46 93 61 88 10 78 75 74 91 32 25 46 87 4 2 0 75 48 57 77 23 44 63 8 4 87 86 77 0 23 86 74 34 39 21 48 42
79 66 99 28 61 28 11 52 65 69 52 24 37 25 25 89 1 50 12 29 99 14 85 13 94 93 65 83 36 15 83 64 78 68 87 66 53 56 53 42 40 70 9 37 68 38 35 8 37 59
47 23 51 89 33 31 19 44 60 15 49 70 50 40 13 69 43 21 39 89 18 57 28 94 79 84 16 40 66 29 97 70 13 80 12 90 94 79 56 68 22 40 82 55 35 39 26 5 79 65
19 51 32 47 64 64 45 28 84 12 61 6 70 21 50 82 60 13 79 56 90 18 21 20 58 25 70 89 53 37 80 54 50 11 25 13 12 68 37 8 94 27 77 56 86 94 17 45 82 82
76 49 41 8 21 69 25 93 79 42 26 47 8 76 53 13 86 38 76 16 34 42 0 36 45 42 39 29 3 76 94 96 12 72 83 85 99 70 82 24 42 74 7 64 14 28 52 23 28 35
40 15 94 61 35 73 45 83 24 56 62 60 91 84 43 34 0 19 82 14 35 56 91 9 44 12 91 15 33 8 96 31 30 78 5 62 73 91 16 92 13 59 68 77 20 1 57 29 58 21
12 77 76 46 30 59 56 83 42 74 25 37 88 66 3 50 61 95 24 18 85 30 47 62 2 35 74 38 22 52 9 86 39 7 87 38 72 7 36 33 79 27 18 9 2 23 61 67 69 63
49 40 20 94 57 38 60 38 20 64 37 38 14 60 31 46 66 62 13 92 88 11 41 53 93 4 14 84 89 32 71 59 99 11 15 25 6 47 87 66 44 88 28 31 96 31 19 76 86 53
20 40 79 4 41 89 81 57 74 0 16 23 0 16 88 81 94 44 61 95 32 95 21 49 53 71 14 46 57 80 72 94 55 7 24 9 38 58 55 65 36 5 8 19 56 97 76 60 40 9
88 22 38 31 20 31 45 13 68 57 16 46 1 90 12 52 94 37 33 15 32 8 99 34 78 58 11 91 92 96 52 4 70 14 46 72 19 1 67 64 19 84 99 79 39 61 90 31 45 32
91 24 14 7 88 85 23 17 30 54 74 87 24 42 52 35 29 97 58 73 3 54 44 10 76 46 88 64 81 25 78 18 84 57 48 92 51 91 94 14 32 59 35 11 54 4 10 90 53 80
9 99 72 22 10 97 55 46 67 37 93 81 20 79 68 21 6 14 83 26 76 39 61 79 52 83 71 99 49 14 60 23 76 81 57 33 76 27 67 4 19 71 92 89 31 52 72 8 3 62
75 31 8 11 91 96 88 41 92 45 17 79 74 24 14 12 77 20 20 73 86 90 35 2 67 74 36 54 26 68 24 20 90 72 17 54 52 27 29 54 3 80 56 31 40 60 83 36 64 49
85 89 64 60 12 37 26 21 84 25 0 8 92 45 62 14 84 5 85 85 51 51 62 98 66 52 75 5 14 45 81 8 61 26 98 29 30 95 14 23 26 11 84 25 48 64 18 22 32 41
18 60 15 82 36 8 2 47 61 60 10 85 60 26 83 77 22 62 58 78 52 49 26 52 76 45 64 4 30 98 38 37 67 22 78 3 48 17 96 50 46 23 70 0 55 12 54 43 18 93
79 68 13 45 93 13 8 6 77 41 87 26 73 42 66 57 40 76 63 38 97 67 81 72 33 95 41 21 3 24 59 70 48 47 7 55 36 29 90 55 47 81 98 51 63 89 18 17 6 13
94 30 43 33 79 79 56 25 16 41 53 38 73 26 71 40 4 65 46 82 84 76 49 56 10 88 82 17 73 9 80 22 28 53 57 97 98 50 5 8 41 18 28 66 31 65 5 90 76 79
5 93 95 34 76 56 66 45 59 35 29 95 83 2 86 53 64 37 47 82 85 66 6 85 76 10 65 90 91 49 63 14 19 52 98 56 79 78 71 76 23 94 61 28 89 39 3 73 37 93
27 55 83 91 8 39 20 98 8 43 6 0 68 22 71 65 80 30 23 0 97 63 60 96 75 4 98 50 31 85 66 27 82 46 41 26 72 22 33 90 55 71 44 3 75 37 6 25 14 28
77 90 2 16 8 24 79 48 22 32 71 54 55 14 85 59 55 90 82 44 43 26 58 25 16 65 94 47 40 13 54 57 22 25 87 3 64 93 96 15 6 50 31 16 37 47 51 98 99 10
44 20 54 95 36 75 85 37 23 92 88 21 54 34 85 47 62 2 26 34 79 27 66 43 1 95 23 78 62 45 70 87 75 35 99 21 21 57 14 29 48 84 22 99 19 88 2 39 51 81
57 98 75 25 59 58 64 29 70 76 36 80 63 85 12 38 17 85 15 40 47 64 57 57 57 32 72 82 0 26 14 97 71 81 93 53 69 6 25 37 74 14 3 14 66 45 49 56 50 68
87 17 17 39 82 35 52 34 52 66 11 1 97 31 48 87 15 61 31 49 64 1 93 80 14 52 86 28 2 33 74 15 86 30 69 28 73 32 48 76 35 49 3 79 6 35 70 2 16 42
66 3 19 71 89 14 82 83 96 70 93 0 47 27 78 11 17 99 85 73 22 31 80 3 45 70 5 13 89 0 19 84 51 72 92 8 98 65 31 93 5 83 61 61 84 83 14 48 24 59
98 41 67 49 0 83 88 86 44 24 11 71 77 50 8 8 79 36 26 85 87 96 58 58 1 12 60 78 19 83 1 26 61 47 7 58 60 84 77 61 4 11 11 82 66 89 24 95 24 30
67 32 83 7 61 13 25 80 36 90 8 29 45 23 60 33 18 81 95 8 88 10 75 52 71 50 23 65 90 52 2 25 49 8 93 20 23 50 51 89 6 78 25 14 83 1 9 87 96 92
59 71 85 99 53 40 45 49 90 12 68 70 22 50 3 25 92 27 35 51 9 52 80 90 5 50 59 79 70 93 31 84 93 24 8 49 64 87 45 41 96 19 81 67 59 87 56 84 40 51
62 87 83 86 77 15 71 28 31 21 97 4 18 70 25 6 80 67 15 48 56 30 57 32 33 74 11 59 55 91 87 12 72 58 73 51 56 42 42 33 8 27 1 36 89 8 91 14 46 90
69 81 73 42 7 88 47 42 78 33 5 91 13 15 77 59 77 18 65 59 77 92 96 56 46 93 70 46 76 11 33 67 41 19 66 29 46 71 35 72 66 61 47 29 80 59 11 69 10 59
18 66 37 43 83 67 64 14 61 96 90 44 29 59 25 75 69 99 21 93 86 77 20 34 46 37 20 77 24 62 32 63 95 18 79 23 39 97 2 42 46 38 66 97 4 66 42 74 89 73
25 2 84 63 80 72 10 43 43 99 10 52 18 75 67 93 67 95 47 48 86 23 24 35 74 66 34 78 15 0 48 59 29 8 51 36 58 29 43 11 70 37 47 51 40 64 49 85 14 87
59 14 19 27 65 88 74 61 71 53 69 78 49 64 29 47 9 38 48 29 4 97 91 2 77 61 82 14 75 20 46 59 69 22 91 97 95 7 83 26 21 16 54 79 57 20 29 57 79 0
53 26 9 39 50 37 0 89 72 37 98 99 94 4 24 6 33 19 99 10 75 94 58 90 95 42 18 39 39 86 89 31 44 87 48 66 54 82 99 84 49 16 16 64 5 59 46 99 75 21
58 47 97 60 58 43 65 34 98 92 4 23 22 19 36 3 31 36 5 62 83 4 47 68 26 93 85 53 94 55 44 90 1 46 20 81 61 68 87 24 40 15 59 54 78 71 98 24 53 93
60 98 66 2 7 40 94 13 64 76 36 96 84 27 91 92 9 2 52 82 56 86 61 40 1 47 71 66 81 17 96 57 13 47 61 42 17 19 61 48 86 72 55 80 92 10 32 18 17 6
