50 50
33 92 8 80 52 4 73 69 80 84 79 1 32 33 37 34 19 93 3 84 28 45 87 96 11 43 27 69 37 7 68 17 16 87 69 59 32 41 76 80 40 1 3 30 68 10 2 77 38 60
7 70 73 77 47 13 55 39 14 92 47 66 81 77 30 41 61 39 91 70 46 10 22 55 15 68 32 82 1 74 11 93 27 2 37 60 67 13 87 52 61 63 6 35 33 50 42 15 69 41
94 23 3 64 15 67 20 56 26 18 19 42 58 7 22 20 68 54 85 5 29 78 70 11 85 80 68 33 24 38 17 96 18 76 59 65 97 52 62 94 21 12 21 37 54 79 82 42 70 19
50 70 98 75 73 18 35 32 31 47 58 45 64 35 53 21 65 28 51 15 15 90 71 15 98 81 45 96 33 64 27 99 81 51 23 75 43 86 98 23 29 81 62 48 10 3 34 54 77 52
91 77 8 35 48 81 44 20 85 43 64 97 39 29 45 63 93 26 24 22 64 50 15 56 41 28 43 13 93 6 49 46 24 21 69 4 1 47 51 97 96 99 77 18 88 67 63 20 27 42
96 49 37 66 5 14 61 48 3 6 37 79 52 74 27 70 95 80 40 36 39 58 64 73 69 55 34 54 42 4 63 0 51 48 38 93 8 37 51 1 67 47 55 24 19 29 58 81 53 6
50 80 1 82 45 59 30 95 28 97 30 42 86 45 6 17 24 62 95 86 30 74 70 48 46 30 7 28 86 69 94 57 25 73 78 29 6 11 74 8 54 74 94 20 65 26 38 59 38 75
78 67 56 41 41 7 72 47 97 33 50 60 8 43 24 49 60 22 90 51 86 11 96 71 32 16 28 60 38 96 81 97 31 22 3 80 71 79 37 35 7 1 38 57 87 32 63 82 11 51
3 0 8 46 31 35 95 59 52 15 0 6 8 69 18 44 61 16 99 69 92 28 38 54 0 47 26 3 20 13 13 97 26 28 34 87 41 62 49 12 89 25 26 85 56 46 60 18 63 89
31 51 64 33 41 77 72 18 42 17 74 4 47 90 56 40 40 70 60 3 53 88 2 20 60 37 85 62 22 86 36 42 78 15 9 51 9 40 40 10 22 20 61 10 89 84 68 76 37 51
36 93 66 74 44 94 48 81 54 22 21 41 74 45 20 28 92 20 98 42 19 89 94 68 64 84 33 63 3 43 48 87 27 15 75 1 45 85 22 96 22 10 66 38 43 30 97 37 90 87
68 88 61 44 19 75 21 5 43 65 83 69 10 43 13 81 53 21 35 89 8 78 63 34 21 39 5 67 27 83 22 5 49 81 86 14 20 92 58 26 26 40 45 83 2 21 38 37 40 21
90 96 58 29 23 86 85 75 68 45 38 43 2 49 40 50 41 31 20 3 53 51 32 24 13 21 97 17 82 0 45 54 98 52 12 71 83 36 15 39 63 2 41 5 20 64 21 88 80 97
20 50 19 40 78 46 76 52 41 6 46 13 80 1 56 42 79 83 66 40 50 2 44 57 17 55 42 37 98 35 74 85 90 89 18 34 97 53 10 38 53 44 71 29 15 56 90 4 46 63
53 83 84 51 16 80 31 2 45 91 75 65 38 56 94 58 88 3 11 66 10 10 52 0 79 18 58 31 97 61 14 15 34 45 47 59 82 90 72 16 65 2 41 13 96 13 33 80 13 30
36 56 59 74 15 15 41 3 58 97 20 88 54 64 80 83 15 73 25 64 19 1 79 52 90 24 55 73 19 90 2 6 97 48 10 40 47 81 67 14 42 38 34 93 92 90 41 55 54 27
0 85 31 90 10 91 67 18 17 64 70 81 1 60 85 50 7 80 88 46 24 73 65 37 75 32 17 95 69 49 75 91 70 5 61 57 54 38 33 95 10 50 30 84 27 10 30 5 17 2
39 51 76 2 92 87 78 40 16 86 63 57 23 26 49 42 98 69 32 2 58 50 45 81 17 63 33 39 98 69 94 60 17 79 49 53 3 26 49 96 32 92 46 54 91 85 81 94 27 49
77 21 42 24 98 63 94 43 87 99 15 18 74 83 27 42 26 72 26 93 62 10 46 98 61 23 53 20 41 81 27 73 26 40 55 78 17 58 64 60 85 33 20 69 78 25 70 85 64 75
91 13 73 30 87 9 92 84 30 31 60 16 77 88 62 1 5 82 54 10 92 38 88 31 35 41 59 53 66 17 31 60 10 12 69 79 69 39 15 65 72 23 78 91 2 55 58 67 35 46
25 90 51 82 78 7 69 27 62 44 11 69 75 42 83 44 38 20 42 21 68 89 74 5 17 3 36 19 59 65 34 61 86 71 94 11 49 95 37 2 11 19 51 74 16 3 29 55 59 37
85 47 50 87 11 98 83 87 13 2 90 57 90 73 46 27 49 6 12 84 13 48 27 96 84 72 63 83 40 66 27 50 6 27 43 39 0 83 92 88 79 23 78 36 47 81 97 55 41 81
32 61 5 9 59 73 90 47 53 84 65 83 95 46 83 82 62 37 88 62 22 56 36 41 13 46 7 57 69 27 37 89 89 95 50 67 55 28 84 75 19 4 12 33 43 46 16 52 23 74
59 49 87 57 4 23 20 29 43 95 18 58 19 44 64 33 42 49 47 51 90 12 84 93 80 18 76 87 16 36 47 61 80 89 37 19 12 39 70 91 44 80 25 11 79 68 46 32 80 51
63 1 44 99 72 41 15 5 37 37 12 53 79 61 52 95 90 1 12 82 4 3 83 88 34 13 39 75 72 5 45 94 67 83 24 89 55 78 89 36 61 23 83 30 33 58 6 14 73 79
21 9 88 17 8 6 10 12 2 60 81 2 93 2 23 52 3 12 14 14 9 57 35 3 20 18 73 44 8 22 7 70 85 12 95 14 65 83 14 44 16 35 6 10 86 3 83 46 21 45
36 95 43 81 0 43 6 23 3 32 2 34 3 73 66 11 4 73 35 93 19 34 77 70 79 80 38 62 99 38 94 30 28 82 78 74 66 32 26 74 93 98 65 49 90 30 62 73 34 68
7 42 36 19 45 73 70 78 88 28 62 18 36 97 58 65 1 60 59 18 5 8 25 42 0 14 63 28 44 56 94 86 67 85 73 98 94 89 44 62 4 17 67 95 14 23 21 91 4 60
91 68 58 86 70 81 45 13 62 9 22 78 64 74 19 73 18 3 81 26 50 84 4 12 0 32 28 14 33 25 14 50 53 56 81 24 81 60 8 86 72 16 33 10 99 11 28 25 44 1
43 3 26 17 3 94 50 92 8 13 46 32 50 42 33 70 59 62 18 91 33 69 48 56 58 95 58 99 85 28 44 14 17 27 39 5 93 95 51 26 46 24 89 83 0 0 66 53 93 49
95 21 84 57 66 0 61 94 58 88 6 53 85 68 88 92 45 43 39 73 41 76 44 80 35 92 33 68 0 61 69 56 52 16 58 98 1 91 54 52 50 18 42 8 94 69 60 4 71 73
4 19 55 2 97 13 92 69 23 35 90 49 33 13 58 78 19 8 25 94 89 93 30 92 29 8 60 1 50 33 27 16 96 83 35 37 91 67 23 7 7 14 19 82 3 72 24 84 65 10
33 58 69 38 60 69 54 70 70 46 11 85 43 23 46 27 68 71 32 28 81 89 69 58 42 74 6 94 61 52 10 1 97 13 91 51 28 87 45 37 67 38 80 6 25 49 6 6 53 50
99 80 81 17 39 86 58 46 29 64 45 25 99 43 40 82 10 6 23 7 93 24 28 31 44 2 46 55 73 69 87 12 20 86 88 77 29 53 1 12 9 25 21 90 44 78 34 28 28 81
42 82 95 90 74 2 42 94 50 37 37 86 76 37 75 94 38 17 87 23 62 92 42 43 18 16 82 69 31 17 10 78 17 55 18 38 1 72 82 91 93 77 59 4 78 26 26 69 74 53
74 89 32 45 10 95 7 15 69 66 11 15 26 66 70 78 98 32 38 57 90 90 99 19 65 25 65 12 64 50 16 9 76 0 73 33 48 78 63 36 87 97 58 2 11 50 92 58 51 47
30 36 77 0 48 68 75 5 8 83 92 32 51 68 30 24 12 8 23 52 72 77 81 82 62 15 59 62 47 27 24 39 41 57 41 94 85 24 51 89 97 41 24 69 51 60 81 32 62 18
41 98 46 22 21 76 43 14 36 87 99 37 56 45 93 56 85 86 53 24 71 58 71 81 14 7 14 64 63 6 65 47 86 9 77 11 93 33 3 79 21 99 69 82 75 3 14 5 61 24
59 28 26 12 89 93 6 43 28 50 2 76 60 76 76 99 7 21 2 98 4 20 71 35 14 42 16 99 30 88 47 23 55 13 49 70 14 96 17 2 67 25 52 77 81 67 44 45 24 87
18 22 63 27 10 87 27 52 61 38 64 0 38 11 47 6 62 99 27 90 32 47 4 28 43 36 78 75 53 43 89 39 34 1 86 32 44 21 71 2 13 44 74 66 69 4 36 30 48 69
67 37 37 8 53 28 68 77 54 86 23 6 80 65 49 46 10 1 1 20 30 52 81 80 7 94 62 9 71 85 53 27 94 65 70 39 37 64 87 62 44 73 94 64 66 1 89 71 88 57
97 54 88 82 6 94 80 49 95 44 40 48 13 7 74 98 98 99 80 99 55 45 3 89 8 12 5 46 33 7 82 14 27 73 34 60 98 92 91 46 1 93 79 98 95 50 98 11 20 61
18 4 81 59 27 72 18 68 68 99 83 47 92 53 74 30 93 36 8 36 48 80 87 80 4 72 81 65 15 10 91 39 50 65 4 24 0 83 23 61 85 25 49 9 10 7 56 15 74 67
18 64 27 70 82 66 76 36 61 2 0 37 82 46 94 19 6 85 62 68 23 41 16 46 57 25 90 83 88 36 56 57 63 40 56 36 7 79 81 92 58 56 39 98 49 79 88 7 34 65
4 45 8 24 53 49 91 62 53 0 70 2 87 33 69 21 17 94 69 61 47 1 80 98 44 20 41 19 99 62 62 57 86 10 61 47 41 31 50 58 11 63 8 51 16 34 27 60 86 83
88 41 72 37 92 26 90 29 27 67 69 13 68 27 83 80 97 59 25 62 40 88 20 47 45 87 44 37 80 22 81 9 37 40 90 61 16 42 81 58 45 0 81 21 42 53 57 49 18 34
21 71 81 60 53 21 33 52 6 0 46 37 53 26 19 95 53 25 55 59 36 70 83 49 47 33 14 83 47 74 98 7 20 65 47 22 2 86 21 20 75 32 57 65 86 25 56 5 41 0
45 24 3 22 79 8 31 69 12 16 92 89 92 37 3 64 26 11 6 46 71 14 87 91 30 1 33 66 18 12 2 22 24 79 97 37 51 67 83 27 41 20 72 41 69 96 95 67 8 14
99 96 93 52 99 0 61 90 72 21 64 95 5 75 35 29 65 12 46 64 11 19 88 56 85 47 71 79 34 42 97 59 86 43 16 15 69 96 37 78 90 50 15 1 31 88 51 55 72 50
22 69 70 26 56 46 31 84 96 46 69 37 46 34 47 47 76 39 54 99 87 81 86 0 49 90 80 65 22 35 17 9 45 92 81 80 15 54 42 0 9 79 87 24 19 23 58 87 29 37
