36 93 11 81 55 5 76 70 83 85 82 2 35 34 40 35 22 94 6 85 31 46 90 97 14 44 30 70 40 8 71 18 19 88 72 60 35 42 79 81 43 2 6 31 71 11 5 78 41 61
9 67 75 74 49 10 57 36 16 89 49 63 83 74 32 38 63 36 93 67 48 7 24 52 17 65 34 79 3 71 13 90 29 -1 39 57 69 10 89 49 63 60 8 32 35 47 44 12 71 38
97 24 6 65 18 68 23 57 29 19 22 43 61 8 25 21 71 55 88 6 32 79 73 12 88 81 71 34 27 39 20 97 21 77 62 66 100 53 65 95 24 13 24 38 57 80 85 43 73 20
52 67 100 72 75 15 37 29 33 44 60 42 66 32 55 18 67 25 53 12 17 87 73 12 100 78 47 93 35 61 29 96 83 48 25 72 45 83 100 20 31 78 64 45 12 0 36 51 79 49
94 78 11 36 51 82 47 21 88 44 67 98 42 30 48 64 96 27 27 23 67 51 18 57 44 29 46 14 96 7 52 47 27 22 72 5 4 48 54 98 99 100 80 19 91 68 66 21 30 43
98 46 39 63 7 11 63 45 5 3 39 76 54 71 29 67 97 77 42 33 41 55 66 70 71 52 36 51 44 1 65 -3 53 45 40 90 10 34 53 -2 69 44 57 21 21 26 60 78 55 3
53 81 4 83 48 60 33 96 31 98 33 43 89 46 9 18 27 63 98 87 33 75 73 49 49 31 10 29 89 70 97 58 28 74 81 30 9 12 77 9 57 75 97 21 68 27 41 60 41 76
80 64 58 38 43 4 74 44 99 30 52 57 10 40 26 46 62 19 92 48 88 8 98 68 34 13 30 57 40 93 83 94 33 19 5 77 73 76 39 32 9 -2 40 54 89 29 65 79 13 48
6 1 11 47 34 36 98 60 55 16 3 7 11 70 21 45 64 17 102 70 95 29 41 55 3 48 29 4 23 14 16 98 29 29 37 88 44 63 52 13 92 26 29 86 59 47 63 19 66 90
33 48 66 30 43 74 74 15 44 14 76 1 49 87 58 37 42 67 62 0 55 85 4 17 62 34 87 59 24 83 38 39 80 12 11 48 11 37 42 7 24 17 63 7 91 81 70 73 39 48
39 94 69 75 47 95 51 82 57 23 24 42 77 46 23 29 95 21 101 43 22 90 97 69 67 85 36 64 6 44 51 88 30 16 78 2 48 86 25 97 25 11 69 39 46 31 100 38 93 88
70 85 63 41 21 72 23 2 45 62 85 66 12 40 15 78 55 18 37 86 10 75 65 31 23 36 7 64 29 80 24 2 51 78 88 11 22 89 60 23 28 37 47 80 4 18 40 34 42 18
93 97 61 30 26 87 88 76 71 46 41 44 5 50 43 51 44 32 23 4 56 52 35 25 16 22 100 18 85 1 48 55 101 53 15 72 86 37 18 40 66 3 44 6 23 65 24 89 83 98
22 47 21 37 80 43 78 49 43 3 48 10 82 -2 58 39 81 80 68 37 52 -1 46 54 19 52 44 34 100 32 76 82 92 86 20 31 99 50 12 35 55 41 73 26 17 53 92 1 48 60
56 84 87 52 19 81 34 3 48 92 78 66 41 57 97 59 91 4 14 67 13 11 55 1 82 19 61 32 100 62 17 16 37 46 50 60 85 91 75 17 68 3 44 14 99 14 36 81 16 31
38 53 61 71 17 12 43 0 60 94 22 85 56 61 82 80 17 70 27 61 21 -2 81 49 92 21 57 70 21 87 4 3 99 45 12 37 49 78 69 11 44 35 36 90 94 87 43 52 56 24
3 86 34 91 13 92 70 19 20 65 73 82 4 61 88 51 10 81 91 47 27 74 68 38 78 33 20 96 72 50 78 92 73 6 64 58 57 39 36 96 13 51 33 85 30 11 33 6 20 3
41 48 78 -1 94 84 80 37 18 83 65 54 25 23 51 39 100 66 34 -1 60 47 47 78 19 60 35 36 100 66 96 57 19 76 51 50 5 23 51 93 34 89 48 51 93 82 83 91 29 46
80 22 45 25 101 64 97 44 90 100 18 19 77 84 30 43 29 73 29 94 65 11 49 99 64 24 56 21 44 82 30 74 29 41 58 79 20 59 67 61 88 34 23 70 81 26 73 86 67 76
93 10 75 27 89 6 94 81 32 28 62 13 79 85 64 -2 7 79 56 7 94 35 90 28 37 38 61 50 68 14 33 57 12 9 71 76 71 36 17 62 74 20 80 88 4 52 60 64 37 43
28 91 54 83 81 8 72 28 65 45 14 70 78 43 86 45 41 21 45 22 71 90 77 6 20 4 39 20 62 66 37 62 89 72 97 12 52 96 40 3 14 20 54 75 19 4 32 56 62 38
87 44 52 84 13 95 85 84 15 -1 92 54 92 70 48 24 51 3 14 81 15 45 29 93 86 69 65 80 42 63 29 47 8 24 45 36 2 80 94 85 81 20 80 33 49 78 99 52 43 78
35 62 8 10 62 74 93 48 56 85 68 84 98 47 86 83 65 38 91 63 25 57 39 42 16 47 10 58 72 28 40 90 92 96 53 68 58 29 87 76 22 5 15 34 46 47 19 53 26 75
61 46 89 54 6 20 22 26 45 92 20 55 21 41 66 30 44 46 49 48 92 9 86 90 82 15 78 84 18 33 49 58 82 86 39 16 14 36 72 88 46 77 27 8 81 65 48 29 82 48
66 2 47 100 75 42 18 6 40 38 15 54 82 62 55 96 93 2 15 83 7 4 86 89 37 14 42 76 75 6 48 95 70 84 27 90 58 79 92 37 64 24 86 31 36 59 9 15 76 80
23 6 90 14 10 3 12 9 4 57 83 -1 95 -1 25 49 5 9 16 11 11 54 37 0 22 15 75 41 10 19 9 67 87 9 97 11 67 80 16 41 18 32 8 7 88 0 85 43 23 42
39 96 46 82 3 44 9 24 6 33 5 35 6 74 69 12 7 74 38 94 22 35 80 71 82 81 41 63 102 39 97 31 31 83 81 75 69 33 29 75 96 99 68 50 93 31 65 74 37 69
9 39 38 16 47 70 72 75 90 25 64 15 38 94 60 62 3 57 61 15 7 5 27 39 2 11 65 25 46 53 96 83 69 82 75 95 96 86 46 59 6 14 69 92 16 20 23 88 6 57
94 69 61 87 73 82 48 14 65 10 25 79 67 75 22 74 21 4 84 27 53 85 7 13 3 33 31 15 36 26 17 51 56 57 84 25 84 61 11 87 75 17 36 11 102 12 31 26 47 2
45 0 28 14 5 91 52 89 10 10 48 29 52 39 35 67 61 59 20 88 35 66 50 53 60 92 60 96 87 25 46 11 19 24 41 2 95 92 53 23 48 21 91 80 2 -3 68 50 95 46
98 22 87 58 69 1 64 95 61 89 9 54 88 69 91 93 48 44 42 74 44 77 47 81 38 93 36 69 3 62 72 57 55 17 61 99 4 92 57 53 53 19 45 9 97 70 63 5 74 74
6 16 57 -1 99 10 94 66 25 32 92 46 35 10 60 75 21 5 27 91 91 90 32 89 31 5 62 -2 52 30 29 13 98 80 37 34 93 64 25 4 9 11 21 79 5 69 26 81 67 7
36 59 72 39 63 70 57 71 73 47 14 86 46 24 49 28 71 72 35 29 84 90 72 59 45 75 9 95 64 53 13 2 100 14 94 52 31 88 48 38 70 39 83 7 28 50 9 7 56 51
101 77 83 14 41 83 60 43 31 61 47 22 101 40 42 79 12 3 25 4 95 21 30 28 46 -1 48 52 75 66 89 9 22 83 90 74 31 50 3 9 11 22 23 87 46 75 36 25 30 78
45 83 98 91 77 3 45 95 53 38 40 87 79 38 78 95 41 18 90 24 65 93 45 44 21 17 85 70 34 18 13 79 20 56 21 39 4 73 85 92 96 78 62 5 81 27 29 70 77 54
76 86 34 42 12 92 9 12 71 63 13 12 28 63 72 75 100 29 40 54 92 87 101 16 67 22 67 9 66 47 18 6 78 -3 75 30 50 75 65 33 89 94 60 -1 13 47 94 55 53 44
33 37 80 1 51 69 78 6 11 84 95 33 54 69 33 25 15 9 26 53 75 78 84 83 65 16 62 63 50 28 27 40 44 58 44 95 88 25 54 90 100 42 27 70 54 61 84 33 65 19
43 95 48 19 23 73 45 11 38 84 101 34 58 42 95 53 87 83 55 21 73 55 73 78 16 4 16 61 65 3 67 44 88 6 79 8 95 30 5 76 23 96 71 79 77 0 16 2 63 21
62 29 29 13 92 94 9 44 31 51 5 77 63 77 79 100 10 22 5 99 7 21 74 36 17 43 19 100 33 89 50 24 58 14 52 71 17 97 20 3 70 26 55 78 84 68 47 46 27 88
20 19 65 24 12 84 29 49 63 35 66 -3 40 8 49 3 64 96 29 87 34 44 6 25 45 33 80 72 55 40 91 36 36 -2 88 29 46 18 73 -1 15 41 76 63 71 1 38 27 50 66
70 38 40 9 56 29 71 78 57 87 26 7 83 66 52 47 13 2 4 21 33 53 84 81 10 95 65 10 74 86 56 28 97 66 73 40 40 65 90 63 47 74 97 65 69 2 92 72 91 58
99 51 90 79 8 91 82 46 97 41 42 45 15 4 76 95 100 96 82 96 57 42 5 86 10 9 7 43 35 4 84 11 29 70 36 57 100 89 93 43 3 90 81 95 97 47 100 8 22 58
21 5 84 60 30 73 21 69 71 100 86 48 95 54 77 31 96 37 11 37 51 81 90 81 7 73 84 66 18 11 94 40 53 66 7 25 3 84 26 62 88 26 52 10 13 8 59 16 77 68
20 61 29 67 84 63 78 33 63 -1 2 34 84 43 96 16 8 82 64 65 25 38 18 43 59 22 92 80 90 33 58 54 65 37 58 33 9 76 83 89 60 53 41 95 51 76 90 4 36 62
7 46 11 25 56 50 94 63 56 1 73 3 90 34 72 22 20 95 72 62 50 2 83 99 47 21 44 20 102 63 65 58 89 11 64 48 44 32 53 59 14 64 11 52 19 35 30 61 89 84
90 38 74 34 94 23 92 26 29 64 71 10 70 24 85 77 99 56 27 59 42 85 22 44 47 84 46 34 82 19 83 6 39 37 92 58 18 39 83 55 47 -3 83 18 44 50 59 46 20 31
24 72 84 61 56 22 36 53 9 1 49 38 56 27 22 96 56 26 58 60 39 71 86 50 50 34 17 84 50 75 101 8 23 66 50 23 5 87 24 21 78 33 60 66 89 26 59 6 44 1
47 21 5 19 81 5 33 66 14 13 94 86 94 34 5 61 28 8 8 43 73 11 89 88 32 -2 35 63 20 9 4 19 26 76 99 34 53 64 85 24 43 17 74 38 71 93 97 64 10 11
102 97 96 53 102 1 64 91 75 22 67 96 8 76 38 30 68 13 49 65 14 20 91 57 88 48 74 80 37 43 100 60 89 44 19 16 72 97 40 79 93 51 18 2 34 89 54 56 75 51
24 66 72 23 58 43 33 81 98 43 71 34 48 31 49 44 78 36 56 96 89 78 88 -3 51 87 82 62 24 32 19 6 47 89 83 77 17 51 44 -3 11 76 89 21 21 20 60 84 31 34
El programa tardó 14.030933380127 milisegundos en ejecutarse.
