73 100 80 81 37 39 50 89 48 5 28 95 29 10 74 45 75 43 48 33 12 85 67 84 59 48 73 35 63 47 17 49 28 51 99 43 55 50 94 20 78 13 8 45 86 6 50 30 14 24
57 47 38 26 28 30 91 30 15 17 93 66 23 63 47 59 73 55 90 50 78 22 64 24 43 42 13 18 16 37 30 65 67 80 47 19 45 41 77 71 47 53 19 90 74 38 2 27 97 50
37 63 37 35 12 35 82 91 80 32 4 71 52 73 77 25 12 32 46 2 99 30 74 68 9 61 60 83 32 89 16 30 28 44 71 45 13 46 34 42 63 78 94 19 39 29 21 51 67 47
93 -3 45 12 61 83 20 23 90 75 86 77 7 28 93 8 95 58 2 12 75 53 19 16 69 85 51 -1 78 95 78 81 45 -2 91 37 48 79 75 22 66 4 7 45 5 32 33 41 5 69
37 96 63 34 58 12 88 20 34 40 90 65 30 23 28 15 78 63 70 26 48 53 49 77 18 42 22 72 17 30 59 37 99 95 75 86 49 94 72 28 22 83 10 42 32 47 35 4 35 71
15 65 86 74 77 82 48 61 19 50 8 21 93 0 22 79 81 30 57 20 34 86 77 28 78 60 67 35 62 14 18 88 10 55 64 76 101 7 86 27 93 51 22 53 74 59 55 2 38 28
3 18 25 39 54 17 27 87 51 73 57 49 83 28 21 69 40 9 36 21 47 61 87 95 94 36 49 5 30 34 4 13 34 31 98 87 78 1 91 96 14 54 90 13 65 11 81 60 55 70
49 10 66 89 22 49 82 93 40 15 68 27 81 58 40 45 9 79 56 2 71 25 25 62 67 49 5 82 54 60 56 35 69 75 36 16 70 8 98 64 67 10 15 48 87 7 87 13 44 75
22 64 4 30 25 54 54 77 92 20 13 93 40 93 20 84 41 57 29 25 54 64 77 59 91 58 48 62 70 87 53 37 80 94 56 30 88 31 20 7 21 33 36 77 19 76 73 89 32 30
41 -3 33 -3 11 47 65 63 9 30 89 85 28 46 3 3 52 45 12 0 27 63 90 54 51 13 16 76 41 79 29 83 30 23 3 38 3 10 71 20 90 31 74 29 3 89 41 22 29 20
38 31 31 84 19 23 85 77 92 62 81 48 45 43 61 4 32 60 82 14 23 92 44 59 100 31 66 1 52 45 4 60 74 100 99 21 85 60 39 88 79 74 27 45 23 38 25 13 41 34
19 -3 77 74 50 5 48 38 12 61 61 95 70 11 73 31 72 33 92 30 3 79 55 26 51 22 19 25 55 6 82 61 95 80 11 70 41 36 96 48 12 54 55 66 33 91 14 21 39 57
67 8 85 60 46 87 50 74 101 5 64 37 42 18 84 18 26 30 35 37 17 70 11 87 84 13 52 88 18 76 39 7 65 18 57 64 30 59 43 64 61 23 99 64 58 88 69 30 71 48
7 2 10 43 42 64 97 3 11 10 80 93 87 94 21 83 47 91 94 47 17 47 70 73 33 51 78 93 86 52 6 -1 90 -2 67 29 86 20 8 26 28 0 46 95 31 21 15 50 42 41
4 21 86 82 55 84 83 62 38 4 90 12 78 89 81 69 46 44 29 10 77 65 71 6 86 29 27 31 60 34 15 57 87 68 60 34 86 96 32 34 50 54 36 93 17 88 91 18 80 60
63 62 17 18 8 5 16 17 36 9 14 -3 79 5 63 35 70 75 7 40 3 59 41 39 101 78 78 63 10 19 11 52 15 85 39 88 90 94 38 74 61 52 36 90 77 18 90 65 96 62
84 100 46 48 3 7 28 5 86 96 6 38 51 43 82 37 4 24 38 34 97 76 97 88 41 53 79 100 24 40 21 39 68 64 37 85 58 45 78 89 17 98 33 50 51 43 5 49 9 26
74 48 71 92 98 60 91 69 11 76 17 61 20 67 3 80 30 80 69 52 31 60 101 9 82 45 23 86 69 95 100 88 72 94 90 71 97 63 19 87 22 23 47 0 70 26 50 84 12 7
66 12 99 78 60 99 52 23 66 54 25 69 9 51 28 72 69 89 21 46 67 90 53 35 49 97 78 64 25 52 89 48 89 45 62 44 44 50 29 83 18 84 28 49 7 50 59 14 70 56
42 64 47 32 45 63 86 20 42 9 76 87 97 88 70 61 34 -2 27 37 17 3 47 84 16 63 95 44 33 -1 94 62 67 95 42 27 76 7 55 89 39 46 86 63 46 60 36 1 59 18
6 100 81 16 55 27 7 30 17 48 16 89 98 36 28 13 17 2 10 66 96 51 30 39 89 36 74 52 27 88 19 16 22 1 3 65 5 43 9 7 85 48 37 41 22 92 15 23 58 1
77 49 38 16 88 24 19 2 33 73 52 13 71 80 26 84 89 67 86 -2 79 22 49 10 3 25 61 64 26 31 47 44 84 41 73 51 69 52 88 25 10 82 68 88 27 81 52 11 80 53
93 72 92 98 80 86 15 28 57 43 50 30 48 79 44 33 48 36 88 95 77 14 58 61 74 57 27 25 20 24 98 23 27 20 28 72 75 3 14 42 100 90 61 73 18 36 25 2 81 72
24 6 59 62 51 64 37 57 61 80 65 29 5 43 36 30 2 -3 99 50 60 58 74 55 52 39 60 65 39 46 13 40 65 44 55 50 86 13 53 51 12 49 99 56 12 -1 72 71 12 49
43 56 36 40 25 81 86 86 86 76 47 14 75 60 59 50 98 94 84 54 11 8 18 5 76 69 87 7 67 48 102 27 6 54 59 96 39 96 70 1 99 55 81 36 77 46 94 88 32 66
26 73 97 41 56 88 7 34 92 91 40 96 58 5 9 46 42 38 60 7 61 41 21 84 8 39 34 49 15 26 38 51 22 75 26 20 71 55 87 53 70 11 39 41 44 40 32 48 65 37
34 78 96 64 34 52 12 58 12 95 59 24 83 13 96 11 88 19 3 89 47 47 19 48 88 14 29 38 70 52 69 79 62 99 36 46 36 49 88 35 90 10 101 13 86 48 89 70 19 40
55 71 28 0 17 57 71 20 68 77 15 24 84 69 95 51 51 7 43 59 86 14 60 43 49 68 20 35 7 20 12 75 89 7 100 69 72 68 44 77 101 94 79 67 82 92 48 58 21 2
6 46 60 26 50 74 52 72 39 76 81 41 39 71 35 10 76 41 81 53 63 1 67 26 16 35 47 32 35 50 62 47 40 26 47 62 56 18 27 64 15 21 46 64 95 91 29 51 71 57
21 41 40 56 51 7 88 9 71 50 30 64 73 65 4 31 74 43 27 17 23 92 21 -3 61 94 84 68 86 41 83 75 80 10 29 62 64 31 53 40 87 23 65 11 29 4 88 69 95 75
53 31 8 47 25 21 45 24 17 41 84 31 98 42 88 14 33 59 28 66 69 33 14 36 36 93 67 9 29 88 37 21 77 12 65 91 10 100 31 45 33 94 79 94 13 58 88 91 30 33
101 28 30 2 25 36 38 83 21 53 48 77 82 1 52 73 40 83 26 36 63 41 53 79 46 3 94 26 32 96 35 83 29 18 35 83 60 44 40 66 75 29 28 43 80 68 7 48 92 81
62 12 5 84 62 34 48 4 58 4 100 54 89 96 8 11 63 98 40 25 64 34 39 95 94 24 75 27 38 61 83 71 40 71 70 15 97 93 16 69 69 34 33 98 48 11 86 11 86 87
15 16 96 40 49 80 32 78 53 21 26 32 75 23 41 93 93 17 84 86 74 55 74 77 15 -2 32 77 81 39 6 75 49 14 38 13 101 55 38 23 38 80 92 53 80 12 56 50 12 78
85 28 76 45 58 32 59 86 78 3 33 41 19 53 8 16 57 26 97 46 78 37 88 12 58 9 8 97 52 85 82 65 72 10 67 83 12 44 20 64 14 96 67 76 88 45 90 32 81 34
21 23 75 15 20 69 37 63 47 59 70 20 4 40 30 68 76 2 50 14 49 16 76 94 94 -2 65 65 73 25 7 40 53 38 37 86 82 66 70 8 88 -2 58 29 2 32 85 49 33 39
34 92 57 2 39 90 35 38 27 78 93 68 52 81 84 21 92 87 19 52 53 63 42 87 6 70 97 66 50 91 7 66 21 59 100 45 64 45 57 63 22 31 35 90 96 96 72 42 52 100
82 46 13 37 2 81 22 71 21 59 2 30 66 49 51 15 8 13 95 -3 57 38 70 -2 63 9 87 95 23 7 7 24 66 34 8 47 39 94 38 81 59 67 87 84 76 83 49 39 25 88
56 61 50 80 68 3 73 68 52 7 91 66 49 64 55 15 38 98 96 23 25 74 8 92 44 82 13 74 52 73 76 48 85 13 90 90 21 36 58 44 26 32 4 15 98 3 8 17 93 18
25 39 36 14 58 46 49 53 94 80 60 33 53 83 92 80 20 95 4 67 13 70 25 74 17 81 81 67 65 44 24 39 52 30 94 77 17 82 4 86 59 18 24 -3 51 77 45 3 44 67
57 45 62 33 34 77 95 7 22 88 77 44 40 85 56 11 76 32 35 66 28 31 45 23 42 36 93 47 69 25 18 57 77 94 99 66 12 40 5 22 50 50 60 52 18 48 75 80 40 82
70 25 81 69 7 65 89 8 5 40 82 8 72 66 70 94 70 43 36 34 51 10 51 28 75 40 56 60 47 31 75 47 80 46 27 37 63 27 76 16 13 86 57 19 64 82 2 56 69 45
73 8 29 62 31 28 40 51 47 53 64 66 75 54 28 30 99 14 52 42 25 18 56 17 97 65 42 68 90 13 64 54 47 79 93 26 3 3 50 20 56 8 52 96 26 17 20 12 100 64
23 86 70 -1 28 30 43 92 40 12 2 33 40 75 74 30 67 45 7 77 42 96 58 8 89 43 43 13 68 20 37 21 58 31 96 96 51 28 12 50 9 41 7 14 86 22 88 75 74 90
57 48 73 52 76 66 34 25 12 43 84 40 66 82 5 52 84 90 67 1 49 97 56 79 25 23 81 67 11 60 80 92 94 89 19 82 45 55 80 32 58 89 73 77 66 93 43 3 88 51
48 75 5 79 10 80 12 -3 24 36 31 78 75 30 93 38 15 -2 15 28 47 2 46 61 90 1 45 24 75 25 49 25 54 17 57 60 32 7 78 3 89 79 31 66 81 63 68 82 8 10
69 33 90 82 13 37 94 90 66 37 47 70 22 34 89 2 30 13 25 76 14 61 87 83 14 50 72 32 19 43 34 17 61 5 21 81 96 94 27 61 89 45 75 7 16 61 96 34 53 73
81 52 56 12 74 53 70 43 26 15 96 11 23 43 94 72 82 15 25 28 38 94 57 59 20 29 93 30 77 9 48 23 61 15 70 62 77 50 72 17 11 43 92 38 37 27 12 32 23 47
9 72 18 51 98 36 81 44 61 78 42 94 35 97 82 68 66 70 35 83 77 20 80 70 62 82 20 74 16 47 10 26 59 98 50 78 36 10 97 62 102 12 63 85 60 72 39 23 22 2
79 63 71 54 98 6 55 18 76 65 12 80 55 77 41 19 10 7 59 17 98 70 28 69 78 67 55 47 55 12 56 30 31 18 36 17 101 11 94 4 82 26 81 87 86 46 48 69 75 44
El programa tardó 16.381978988647 milisegundos en ejecutarse.
