73 9 31 62 25 97 87 3 38 47 72 86 19 30 83 51 84 56 74 77 58 71 65 43 54 9 86 44 35 65 53 16 32 95 66 63 24 91 45 98 52 82 78 28 77 2 10 65 44 45
53 8 21 29 84 26 50 19 4 27 32 51 90 47 12 90 28 79 38 65 14 37 88 72 53 -2 100 72 15 36 64 90 8 51 76 60 48 81 72 80 7 55 44 81 32 68 7 -1 97 6
58 42 82 6 31 83 7 42 58 86 85 84 92 41 72 68 61 85 24 52 102 31 67 56 91 47 27 34 44 8 35 52 43 86 28 24 15 25 96 56 77 63 66 83 13 7 6 6 91 46
47 93 26 43 58 21 17 71 59 66 96 28 80 37 50 19 90 67 40 96 45 85 77 77 26 47 75 60 15 34 95 15 101 0 74 74 87 21 29 93 27 34 27 17 89 66 70 25 42 68
24 17 75 11 15 17 45 90 49 29 91 91 69 18 101 2 67 86 27 67 51 13 41 6 52 42 78 42 94 69 94 42 63 60 58 32 52 42 17 81 87 80 68 17 47 49 10 4 101 24
96 37 7 90 43 46 19 16 100 52 2 50 28 35 32 67 7 31 59 33 97 -1 40 96 24 85 12 70 92 81 58 24 56 61 44 9 66 81 35 82 60 8 90 20 54 48 4 60 85 37
37 28 62 70 78 41 91 18 28 10 74 77 39 46 28 62 54 91 99 17 93 61 26 45 98 54 88 12 92 59 33 99 60 51 88 99 36 18 89 97 82 50 35 90 13 85 36 58 38 79
87 18 41 57 88 71 83 85 54 17 20 39 30 89 54 43 72 -3 95 25 101 69 73 3 31 57 5 80 88 3 96 52 63 44 70 20 42 91 14 0 26 12 19 52 83 83 96 62 67 91
86 93 58 36 18 85 40 24 9 14 66 43 34 58 90 44 28 67 85 75 83 79 73 55 46 5 31 79 28 15 43 50 5 18 51 41 69 73 17 8 5 100 45 55 95 28 36 16 53 64
38 87 45 14 40 16 25 92 72 91 9 14 65 44 75 92 77 48 78 63 2 56 29 65 44 80 25 89 75 95 43 49 13 81 93 68 63 52 23 92 38 -3 96 4 24 76 18 14 2 4
76 15 31 90 52 26 98 52 62 67 17 66 44 64 79 43 43 3 90 32 40 22 63 37 30 35 56 59 54 18 49 21 65 89 76 44 83 50 45 9 31 76 44 53 56 76 63 6 48 65
36 17 28 43 99 78 60 8 10 53 26 33 9 86 61 73 21 96 5 16 58 8 95 6 94 9 80 88 87 92 45 7 74 7 42 37 51 38 101 73 40 73 58 15 96 47 43 0 51 88
34 62 88 19 11 1 61 95 80 49 16 75 25 27 31 43 102 29 32 63 96 81 9 40 23 27 95 38 31 83 67 55 95 20 30 21 8 22 14 46 64 47 30 26 11 89 20 66 90 77
44 62 15 -1 28 -2 44 80 57 80 84 71 33 94 32 58 26 82 5 12 46 37 4 96 33 57 86 46 97 18 72 3 98 8 86 83 22 90 30 38 24 33 44 92 46 96 45 91 84 35
49 49 60 34 80 19 84 50 36 39 46 58 45 26 37 88 35 11 13 88 16 73 53 2 79 29 23 33 41 18 22 59 62 81 49 38 25 18 35 76 5 4 75 58 94 93 96 22 57 72
27 84 38 84 91 10 59 69 22 6 12 93 39 0 39 69 36 23 33 36 23 18 94 60 52 0 101 0 89 12 21 -2 44 42 47 73 65 25 74 7 89 50 58 54 18 62 54 10 18 60
64 15 68 71 84 92 65 62 62 99 20 16 92 5 50 1 20 77 92 41 49 9 20 96 3 18 39 37 96 66 42 57 78 36 95 43 60 26 93 85 19 4 7 91 70 25 21 47 19 68
21 27 2 31 54 95 58 21 26 14 24 45 96 29 6 65 92 42 94 94 18 51 48 84 52 48 71 28 44 17 65 78 101 28 30 -1 99 -1 6 36 27 35 60 34 47 42 36 75 92 57
31 96 56 39 43 51 19 87 28 36 51 24 41 56 67 25 4 42 67 98 7 30 100 12 98 89 81 100 25 86 62 46 102 44 5 74 34 31 39 24 99 30 75 54 12 88 55 54 100 98
41 16 25 87 34 -1 29 90 77 2 34 40 41 68 66 7 37 71 37 44 51 14 30 44 43 74 81 35 44 72 56 43 79 68 96 -2 8 30 18 52 13 55 5 44 91 67 87 38 96 68
25 57 61 64 23 60 89 21 67 44 24 24 53 44 20 75 100 94 46 9 78 90 85 42 31 59 74 26 10 21 29 68 13 37 16 37 28 83 83 80 96 58 76 6 8 95 33 37 72 48
23 57 79 44 54 48 81 62 46 69 86 44 42 19 89 2 20 46 71 17 97 63 39 16 95 13 15 44 82 43 34 19 85 28 91 73 30 53 37 56 2 27 14 45 84 62 54 45 72 40
7 30 101 72 56 48 32 92 98 16 26 5 58 100 94 66 42 88 61 68 56 39 13 63 8 12 50 25 88 85 15 1 78 4 55 57 70 56 50 65 78 23 27 61 35 57 94 42 95 64
62 48 55 37 7 49 78 36 6 88 48 49 22 79 26 88 63 67 73 91 20 67 90 70 100 88 91 65 18 15 70 78 65 45 33 93 79 11 65 33 59 -1 90 16 14 86 8 35 31 85
54 20 39 62 11 49 82 96 24 30 3 12 76 66 92 33 100 11 9 21 67 14 22 50 12 18 80 52 45 45 48 76 37 84 60 47 3 24 18 17 46 2 34 93 63 67 52 88 46 65
15 60 8 22 26 9 16 2 43 36 91 54 98 82 70 51 63 63 4 15 83 83 78 83 18 11 16 54 71 7 26 43 42 26 40 18 55 18 18 52 46 -3 42 82 10 62 26 52 51 81
29 63 31 5 57 30 84 64 68 67 39 41 82 8 49 14 48 37 97 41 55 65 56 27 47 39 3 7 19 36 54 8 92 95 53 28 57 35 96 31 23 26 78 8 65 42 45 44 91 95
18 72 31 82 96 32 58 86 79 0 57 56 71 21 68 78 73 91 57 20 3 12 26 43 50 16 14 84 41 36 78 37 83 8 96 91 13 86 9 62 43 45 30 21 42 80 74 60 73 70
21 98 17 49 49 25 81 57 40 64 28 98 57 1 76 70 28 76 52 25 9 61 25 44 97 5 34 77 62 24 28 36 100 48 95 44 91 64 3 4 32 17 73 90 21 66 52 91 61 27
65 21 61 72 52 42 15 14 49 63 57 81 73 43 70 65 71 67 26 25 31 2 4 3 54 -1 63 93 29 45 25 0 56 94 21 80 34 25 95 11 78 23 9 26 7 92 88 9 2 53
56 21 73 39 58 8 12 88 36 59 87 83 23 75 27 95 60 18 74 76 76 3 55 9 72 47 101 36 70 62 34 12 96 83 35 23 67 43 21 48 43 79 98 56 15 9 65 49 66 84
99 93 17 78 47 36 3 95 38 57 2 22 97 76 85 17 85 37 90 27 98 35 58 28 81 37 45 85 52 28 64 -3 35 61 40 9 78 36 3 17 98 -3 74 64 38 5 28 55 25 93
17 76 32 5 66 42 90 29 86 43 6 46 72 70 86 85 67 16 61 64 59 37 32 42 32 49 52 58 46 17 87 97 22 63 25 30 28 21 9 65 3 10 23 35 64 52 39 85 97 77
60 71 25 6 88 74 59 2 62 14 62 3 53 40 57 92 80 23 70 20 87 2 53 20 73 21 70 92 15 25 13 -2 94 29 34 5 61 72 94 43 15 58 23 65 19 70 69 41 4 31
11 34 101 7 9 24 11 80 6 65 24 62 9 74 36 17 20 7 49 80 49 77 101 21 24 10 56 5 31 31 28 58 88 68 20 30 91 91 99 99 10 11 46 70 28 52 62 67 69 99
49 23 75 40 97 81 66 91 10 13 6 26 61 13 34 6 28 72 48 7 73 16 24 52 54 73 52 82 14 52 8 43 84 96 43 12 45 23 55 31 35 50 43 -3 74 28 70 66 43 46
52 57 28 62 92 11 45 56 100 58 90 80 3 54 36 94 49 76 42 53 101 25 38 53 85 41 99 30 13 65 80 38 6 3 19 87 72 15 98 71 45 51 58 79 86 56 17 17 47 47
62 74 52 83 45 95 101 65 48 72 22 27 21 20 2 56 2 82 96 91 68 40 75 38 96 75 11 39 61 6 7 38 7 19 65 49 15 93 66 19 81 22 70 47 35 15 87 30 90 92
39 61 98 44 67 18 61 65 38 8 52 95 98 35 73 46 81 63 57 85 32 97 73 13 28 17 98 23 51 16 37 31 12 15 46 5 81 16 70 70 28 11 48 47 90 61 45 88 38 92
72 48 51 89 16 49 79 3 49 7 54 88 43 46 89 91 56 59 93 92 23 92 78 75 64 85 92 34 25 42 9 0 44 95 13 94 52 66 72 -1 79 33 69 73 95 38 58 29 46 23
49 29 45 59 76 26 66 18 11 20 76 78 63 25 26 12 7 96 25 62 78 12 27 73 51 77 21 41 87 50 12 62 28 13 38 55 74 97 76 48 21 63 84 28 43 48 66 70 8 89
49 70 82 29 12 65 28 73 71 55 22 65 67 11 52 17 83 52 95 35 27 80 85 27 67 65 81 55 61 64 92 54 25 5 6 32 98 31 29 46 35 49 19 45 12 43 16 59 55 26
69 96 28 17 84 15 92 88 38 85 32 75 80 42 58 58 44 70 62 51 22 92 67 12 82 58 10 1 28 81 54 80 73 32 53 49 65 84 17 79 56 78 15 9 90 40 11 57 31 98
5 -3 82 82 45 64 36 49 2 91 90 60 74 15 19 67 63 35 32 52 65 66 46 4 91 37 33 39 84 64 34 48 85 31 94 82 64 28 32 -2 50 34 3 88 101 54 62 70 52 68
54 99 24 75 102 97 43 24 31 87 23 82 72 16 72 50 67 30 34 64 65 18 92 65 87 6 16 30 20 29 9 62 88 52 60 66 31 66 10 46 39 37 32 59 51 39 20 4 75 73
14 46 18 21 28 7 30 89 38 27 27 70 8 62 47 73 71 71 14 11 7 5 26 82 37 69 34 56 83 40 35 45 83 19 45 42 40 90 76 7 95 85 25 38 41 34 74 25 54 15
99 20 40 28 55 89 64 3 38 74 47 72 97 59 8 97 60 21 20 36 11 25 10 58 54 32 47 98 56 58 4 51 97 65 54 65 94 16 35 35 36 6 72 26 62 82 61 32 60 40
34 -3 95 75 11 34 88 -1 81 26 46 24 27 29 30 88 8 76 61 28 98 89 13 25 85 85 30 3 52 13 79 9 13 59 19 83 81 12 88 91 17 -3 32 66 2 31 86 70 82 3
85 2 85 96 29 89 83 26 72 99 89 86 58 55 62 95 72 47 15 39 82 75 57 11 13 53 37 66 6 22 91 61 89 22 76 40 3 65 59 41 14 81 56 58 36 2 93 83 43 89
11 1 62 4 75 62 3 80 68 13 87 3 35 59 12 66 17 1 37 51 62 59 67 45 27 88 82 47 94 68 50 34 90 78 26 45 90 66 71 26 92 37 31 14 85 90 43 86 39 80
El programa tardó 16.06297492981 milisegundos en ejecutarse.
