86 37 93 87 51 75 76 89 56 1 17 29 96 25 26 75 24 80 59 16 53 19 53 19 5 100 98 5 87 89 35 29 77 5 69 35 56 38 76 99 97 37 65 31 7 9 27 4 87 16
81 52 76 15 22 43 89 82 58 68 25 8 93 37 99 4 79 8 6 35 27 8 16 -3 35 47 45 67 10 59 89 62 65 40 91 -3 64 31 33 50 37 61 60 91 51 52 48 52 18 51
81 93 26 64 63 9 59 85 13 68 34 43 91 81 79 69 5 8 25 5 72 58 51 93 101 64 97 15 21 34 93 52 24 82 85 39 35 5 28 98 87 20 4 53 6 2 83 44 12 2
55 58 43 10 11 86 59 81 96 93 23 80 85 42 2 13 13 -3 92 89 72 77 86 16 50 13 12 45 6 18 69 29 93 40 14 49 13 73 29 83 92 18 93 4 47 57 81 6 100 49
91 97 51 40 51 74 26 81 96 36 49 41 79 33 58 89 13 87 35 74 75 18 4 75 52 93 8 64 29 90 31 19 26 43 70 9 50 62 23 59 3 11 5 90 4 32 86 34 4 13
72 7 54 8 61 58 68 64 11 35 37 24 31 49 25 71 29 76 16 21 29 88 30 23 11 96 7 2 86 29 77 21 97 80 68 91 74 78 73 74 88 92 86 91 35 65 49 77 94 67
12 78 96 38 44 26 35 64 25 43 14 1 70 73 40 27 29 8 11 32 73 91 34 95 8 44 73 3 22 59 86 6 97 51 34 90 5 58 57 77 41 37 78 89 6 23 93 9 53 58
7 29 98 23 27 3 98 13 87 89 83 94 100 27 52 43 41 5 36 18 11 1 15 6 67 71 65 61 45 55 89 86 8 76 90 1 69 87 41 69 79 85 78 85 62 41 7 26 47 90
14 32 33 74 22 50 10 86 80 25 44 16 64 93 23 21 85 28 45 97 61 50 73 82 54 59 82 67 97 41 89 68 70 5 28 93 5 86 47 46 46 20 66 97 44 19 11 57 45 84
10 -3 99 36 100 64 90 27 58 12 49 29 100 88 35 75 82 87 78 74 37 37 71 22 33 -3 42 32 93 66 11 69 10 49 20 96 30 20 67 3 95 23 93 30 47 0 2 51 83 83
39 37 90 18 44 73 47 33 38 4 89 73 72 59 14 63 36 81 102 23 29 79 50 82 91 35 68 87 7 58 72 81 100 69 14 7 21 73 35 46 16 73 71 88 65 54 76 1 57 87
87 56 98 60 95 74 93 -3 42 50 42 29 14 68 64 39 98 57 51 59 40 18 42 5 56 43 99 10 28 26 73 47 96 13 10 56 23 2 34 7 101 57 99 53 12 96 11 81 20 27
16 75 31 66 67 45 16 18 11 73 94 59 55 47 79 38 62 35 58 65 29 21 37 53 23 84 20 13 10 100 69 61 96 38 25 32 30 54 3 59 27 94 23 25 80 20 75 45 91 34
100 95 9 43 58 15 101 1 97 58 57 7 99 3 66 93 52 64 20 47 22 88 74 40 55 90 86 35 78 60 88 10 5 54 89 78 61 86 80 37 89 9 52 25 18 77 16 56 36 91
45 17 13 8 101 5 15 95 52 82 29 88 27 1 69 80 40 35 27 47 96 63 24 93 77 51 78 25 88 70 101 100 20 50 53 88 20 94 14 71 90 42 29 56 12 80 47 9 102 86
42 57 35 21 34 54 10 70 13 0 46 0 99 59 93 34 101 57 93 17 99 57 85 53 83 60 65 95 6 20 21 78 53 58 31 33 20 79 78 35 93 24 75 88 76 2 98 60 57 73
26 66 13 6 42 65 70 96 35 7 92 5 7 45 33 20 67 50 14 80 9 5 100 96 91 65 49 62 15 24 42 9 88 83 77 75 62 91 23 84 17 12 16 16 11 11 78 68 13 76
81 35 25 31 29 61 84 25 9 76 69 80 9 77 65 21 13 18 43 42 60 83 18 62 85 14 39 88 35 30 91 23 58 96 64 20 27 47 97 54 63 38 59 45 87 13 40 0 78 64
19 64 19 3 35 72 45 5 91 65 51 9 66 79 90 38 11 33 38 42 6 21 84 17 94 69 31 22 84 59 26 1 94 55 19 1 55 23 41 62 6 81 36 35 46 66 10 88 65 67
81 46 44 20 91 28 67 56 8 76 77 67 98 5 34 85 59 72 92 55 21 53 57 3 69 15 27 89 45 77 31 57 65 72 46 82 68 64 60 50 16 76 74 78 35 31 66 95 35 31
45 50 57 44 59 87 25 74 57 78 38 15 39 6 8 11 15 31 81 91 52 77 12 73 61 52 20 54 3 16 78 5 65 9 78 8 94 29 7 79 15 19 96 46 72 87 91 49 9 17
45 87 70 42 70 38 61 34 30 78 93 19 15 60 76 18 53 14 80 13 32 69 27 77 71 0 43 50 43 37 69 73 3 61 66 95 75 4 66 90 42 -2 8 33 76 96 99 8 78 14
50 49 31 66 8 17 63 39 81 18 43 60 62 94 37 7 8 37 28 56 75 3 31 20 37 15 96 93 6 22 99 36 59 2 56 80 11 2 33 84 39 66 44 95 37 96 89 37 96 6
75 80 71 24 12 41 12 83 61 22 2 17 51 17 19 13 42 6 26 1 69 46 45 4 34 74 29 75 31 45 20 92 82 81 27 87 13 90 70 6 80 8 33 40 36 0 63 8 78 15
88 76 56 43 64 44 12 22 78 56 45 82 24 63 9 43 24 74 51 22 24 50 68 59 13 48 13 83 20 20 99 47 10 65 72 6 79 58 89 96 61 25 20 21 100 81 22 62 98 52
47 72 60 86 64 43 79 93 13 30 26 47 11 45 47 55 21 80 16 35 21 17 72 65 94 14 15 16 29 15 21 37 76 71 80 54 82 36 79 69 95 46 66 76 42 62 89 43 83 17
85 21 67 86 12 76 11 45 57 39 47 39 101 80 16 15 38 88 66 15 69 9 8 98 22 62 12 9 65 18 85 73 33 55 55 96 99 87 97 61 98 19 72 95 97 33 42 99 27 97
83 20 43 43 82 2 57 59 27 69 77 64 3 50 47 -3 97 42 21 65 70 13 100 3 4 36 74 11 42 87 78 90 47 70 99 22 58 73 36 27 13 74 75 43 97 93 63 46 19 4
3 10 79 77 33 95 78 54 84 50 56 96 92 10 56 37 11 89 27 22 46 78 53 33 33 19 50 56 6 63 6 60 93 42 46 63 17 18 17 21 52 44 30 66 85 54 54 81 32 19
93 17 58 88 59 20 59 56 46 9 52 40 85 22 85 83 62 31 98 77 27 29 8 89 13 24 68 93 29 25 34 93 84 7 18 76 82 25 45 62 79 25 28 27 36 44 66 28 89 82
46 5 6 15 40 6 74 40 58 76 31 42 58 87 56 95 47 26 22 59 16 100 71 5 16 16 10 82 77 21 94 63 68 7 70 77 58 64 26 70 89 25 4 25 92 45 43 81 78 78
81 13 19 51 22 72 96 86 87 13 5 78 96 18 60 95 23 85 101 90 2 -1 80 28 59 60 82 53 30 35 13 61 37 88 40 38 96 28 16 6 61 20 11 66 68 92 82 5 42 84
62 74 42 66 5 23 72 79 62 91 47 90 15 32 40 72 39 12 10 55 78 94 36 20 66 41 24 97 46 37 81 97 29 60 100 87 95 62 83 11 4 90 81 15 102 99 32 83 6 91
63 84 49 36 57 65 14 45 63 31 38 22 7 80 69 36 86 72 65 86 53 23 3 71 28 90 93 54 100 46 56 46 95 26 9 64 66 -2 78 64 22 68 73 60 71 29 24 11 33 18
77 76 30 55 86 84 65 64 63 75 49 92 39 91 54 50 11 90 83 58 70 38 62 93 57 9 80 48 32 96 81 34 97 98 26 41 34 27 34 6 22 35 91 32 69 69 96 29 71 6
99 55 30 34 66 0 84 32 8 78 77 33 86 82 17 52 50 28 44 72 72 53 32 -3 77 34 95 22 17 27 83 15 23 0 6 77 84 52 64 15 45 80 72 83 71 -2 74 90 42 78
8 67 53 45 37 4 45 86 90 62 5 92 66 81 19 88 37 40 79 94 64 22 43 78 46 68 79 59 102 63 40 90 17 44 51 51 17 51 84 48 48 22 5 37 13 62 94 50 73 90
13 27 74 29 3 62 72 75 61 13 8 -3 69 48 93 6 43 88 76 66 37 8 36 11 30 23 97 39 98 38 21 81 58 39 18 4 95 48 26 18 100 73 83 34 66 44 45 11 28 33
58 65 32 12 51 52 89 18 82 37 62 22 15 50 25 99 62 47 84 95 47 60 38 52 19 27 11 48 52 66 67 40 63 9 11 100 102 12 24 61 53 27 36 79 99 6 16 3 61 99
89 83 42 83 41 80 65 -1 99 41 56 57 52 96 22 50 18 30 28 32 99 13 92 39 81 73 54 14 13 68 39 76 79 47 16 37 95 59 11 57 34 10 13 43 8 45 75 66 96 81
34 38 100 97 70 50 73 22 44 63 89 32 79 26 72 72 15 26 13 88 80 67 41 94 33 8 7 65 78 6 102 87 49 48 49 32 46 69 20 63 70 30 25 43 43 72 75 45 98 65
72 40 59 79 5 92 61 66 10 -2 35 73 56 89 15 77 70 59 25 16 29 3 78 39 81 41 20 41 43 51 43 77 82 6 58 24 48 33 95 34 45 52 65 78 21 64 3 15 56 57
14 92 81 67 70 4 78 38 102 94 72 74 70 1 72 83 80 60 10 95 4 56 97 50 78 33 96 1 42 37 75 67 11 35 30 35 46 68 90 70 70 39 92 94 85 80 98 38 23 78
68 92 84 85 22 41 83 21 35 43 83 31 84 56 22 78 39 68 74 36 96 68 22 43 20 69 58 53 91 4 11 53 82 13 51 32 3 71 32 17 4 82 94 7 100 46 6 84 30 28
87 94 25 99 22 28 12 14 29 34 16 85 50 2 59 26 32 61 14 8 65 62 44 21 61 47 59 94 31 5 66 6 93 25 39 4 63 66 46 68 16 76 56 50 94 33 40 31 3 55
8 31 101 6 75 77 27 20 21 35 65 66 48 90 22 13 45 36 67 60 37 52 79 39 31 30 58 82 22 66 41 15 51 72 50 2 17 65 61 63 100 85 101 25 55 94 100 35 23 78
12 24 75 28 91 42 38 88 45 48 101 17 14 74 55 22 40 59 39 24 39 9 14 99 87 74 90 45 30 73 86 74 66 41 73 32 31 2 6 97 87 14 32 12 71 95 49 91 76 59
26 3 51 76 54 85 89 16 56 26 18 49 56 1 68 29 65 18 15 78 92 0 37 62 24 19 83 68 80 11 27 11 88 13 50 19 95 85 95 91 74 85 16 39 82 1 24 87 13 75
46 97 95 68 65 80 59 27 102 92 30 53 39 17 70 33 6 37 15 6 13 55 98 92 91 33 63 71 21 51 39 68 80 72 84 40 82 57 28 17 28 51 53 28 56 22 8 74 90 42
47 10 21 32 72 60 7 55 4 10 78 91 82 7 33 13 73 69 98 77 101 34 25 83 54 78 89 66 98 86 92 63 57 69 31 11 17 28 61 45 9 28 19 75 97 85 6 32 7 42
El programa tardó 11.459827423096 milisegundos en ejecutarse.
