98 68 74 97 76 81 44 45 27 26 5 1 24 14 40 43 82 5 40 100 75 32 25 15 101 32 30 51 83 69 27 80 6 29 38 40 32 96 92 22 14 12 63 79 12 77 69 18 69 42
19 21 12 95 65 75 97 67 98 58 36 70 13 61 83 40 83 18 37 44 20 57 78 63 89 35 26 64 10 23 19 33 56 79 18 -3 64 58 29 0 5 88 2 92 21 35 85 10 43 6
54 37 97 9 10 35 78 8 34 21 30 75 18 89 75 24 35 81 76 82 13 29 70 66 70 1 88 90 21 26 15 71 18 33 66 98 5 68 32 87 64 86 66 59 5 94 79 40 10 51
94 -3 80 86 87 8 31 93 39 30 73 27 99 11 13 29 89 13 96 59 5 53 95 29 75 -1 18 28 5 28 89 56 18 8 27 16 92 73 76 49 56 65 52 38 58 74 76 33 14 16
4 10 78 17 59 91 7 23 55 79 92 95 29 86 12 64 70 15 27 75 9 48 53 46 59 58 5 22 14 50 54 56 14 81 33 40 67 9 88 4 45 47 74 38 24 45 16 94 36 23
47 53 89 40 77 64 81 15 6 54 52 9 4 20 76 30 83 50 70 30 52 18 67 40 12 12 78 35 69 3 83 63 58 1 5 75 56 9 22 70 25 0 19 52 86 47 41 35 12 48
41 27 80 72 83 63 38 1 91 18 62 55 39 86 63 56 63 93 43 84 41 86 80 57 35 71 102 100 3 45 37 23 72 94 67 33 90 93 22 67 61 73 7 65 61 1 39 44 101 74
98 79 19 53 21 93 40 20 27 91 79 46 97 9 12 43 21 46 9 57 80 1 30 44 47 72 29 14 47 66 42 23 9 0 71 72 57 7 45 72 27 75 19 12 84 2 23 81 84 49
98 87 91 62 49 85 77 6 66 38 62 1 57 77 7 66 53 96 74 47 5 39 89 96 25 95 67 29 57 11 71 82 73 79 42 7 50 86 94 47 66 4 19 87 53 84 32 52 9 30
5 88 15 51 87 86 3 86 65 88 59 52 41 56 77 38 5 14 73 4 74 75 69 66 97 4 100 91 14 85 52 80 13 65 41 93 77 35 48 27 47 35 8 46 98 63 65 12 39 93
98 73 77 18 50 95 28 45 71 13 83 45 53 99 3 68 64 99 102 9 42 85 37 35 60 97 3 62 4 39 3 8 99 15 63 74 27 63 13 74 3 98 92 49 59 30 51 95 54 9
31 29 76 83 56 67 36 84 20 7 9 30 5 40 42 36 54 50 7 20 89 81 101 79 85 42 47 43 70 46 73 62 29 12 15 90 98 -3 28 34 90 48 11 17 87 11 94 17 4 65
53 64 4 33 53 26 74 64 93 58 100 30 101 5 41 65 66 70 14 95 26 41 22 80 29 59 9 58 55 13 101 86 66 100 13 1 64 80 42 18 62 58 102 52 74 84 101 45 79 90
26 23 74 53 10 55 82 -3 73 78 22 86 87 84 6 92 19 -1 36 86 84 24 38 4 11 2 73 33 78 53 81 67 79 72 54 18 87 51 29 84 82 28 81 12 24 64 31 9 23 92
59 16 59 74 66 32 87 36 16 55 40 42 30 30 98 68 89 80 84 2 19 60 101 72 11 32 54 49 62 69 98 35 19 76 72 63 22 44 99 33 77 83 32 14 80 64 81 27 70 45
28 79 76 87 57 1 24 69 7 20 68 37 97 31 54 21 79 29 9 92 40 68 47 53 98 7 96 52 18 54 20 81 69 41 18 51 69 8 30 6 27 20 90 75 84 66 17 42 28 68
86 55 64 53 3 48 22 78 80 9 37 60 70 29 14 31 76 12 86 11 20 12 25 8 75 50 86 95 67 75 7 72 100 1 37 87 100 48 82 72 13 100 57 54 60 4 100 46 61 21
65 49 76 39 44 80 38 7 68 83 84 41 26 92 70 52 29 88 8 64 42 83 45 57 92 40 77 92 91 35 47 72 69 26 15 66 76 46 62 93 45 18 25 59 35 77 79 24 28 17
57 69 75 15 94 86 64 96 10 29 101 16 79 70 90 20 44 9 77 60 4 44 5 62 80 1 42 61 93 93 66 15 102 14 82 20 65 65 39 53 23 80 26 75 6 86 92 46 49 91
16 12 36 28 63 79 65 18 78 9 5 87 81 74 36 42 72 44 15 30 3 55 69 8 26 63 39 -3 88 64 7 44 63 85 16 49 45 12 52 24 80 30 19 45 13 75 9 89 47 49
24 64 49 24 18 30 17 83 39 33 40 95 27 33 78 57 71 5 89 18 100 26 96 38 29 38 102 79 74 95 10 55 95 61 88 2 10 69 84 65 20 97 76 29 101 62 40 74 15 12
69 66 22 28 12 75 50 38 22 80 61 52 4 12 87 -2 99 0 37 2 34 38 85 92 38 19 100 69 2 59 87 63 58 90 92 84 21 95 67 55 57 14 88 19 84 44 65 84 94 22
54 86 62 89 88 32 66 74 88 24 64 32 24 100 5 100 50 11 95 3 97 30 70 28 70 93 95 41 78 26 5 11 96 91 44 16 12 44 76 36 47 4 71 16 36 72 29 57 48 66
93 55 88 80 18 7 73 30 89 15 56 34 2 22 49 13 59 74 80 67 101 55 50 72 42 44 33 93 62 84 19 57 101 14 50 11 93 57 98 41 68 14 50 85 40 74 22 84 35 4
93 39 30 53 45 43 26 44 66 82 97 88 77 68 81 64 89 86 74 51 68 29 41 92 72 45 19 41 55 90 14 85 79 76 81 79 61 36 65 30 79 96 63 75 20 75 54 87 78 48
17 30 54 96 12 41 75 51 73 11 45 23 49 8 86 41 98 57 52 30 6 69 12 64 34 49 84 48 10 79 63 87 66 61 33 6 101 77 64 49 100 6 11 7 27 30 88 5 82 21
60 99 25 60 14 100 62 15 15 52 43 79 82 25 84 57 55 2 78 87 13 97 90 55 67 67 9 68 17 21 29 67 91 47 71 81 73 16 18 57 45 30 98 75 98 73 17 58 40 86
17 32 21 15 94 24 25 63 98 65 19 28 2 31 36 34 51 47 93 23 82 24 27 90 62 21 88 95 76 46 9 43 6 18 92 5 23 9 37 91 42 9 46 29 41 47 11 84 26 46
79 28 47 98 74 72 73 31 32 60 55 76 33 71 39 4 35 19 55 90 41 25 47 10 59 15 72 45 8 12 40 93 50 14 40 53 19 13 39 68 29 78 53 95 99 96 64 99 90 98
81 30 42 32 18 33 58 50 62 16 86 89 61 17 81 21 82 15 17 3 9 28 48 36 45 49 20 88 47 72 83 44 75 50 23 38 41 -2 52 28 91 40 90 63 73 11 70 13 69 -3
61 33 52 16 4 27 67 91 54 66 62 91 6 99 79 49 73 53 68 31 34 66 50 61 78 42 66 44 26 52 72 62 21 30 55 4 45 60 19 65 50 89 94 41 12 25 19 90 37 60
34 71 86 69 57 25 86 33 58 25 78 16 60 5 17 90 67 94 77 73 5 2 28 42 89 41 46 64 56 24 5 43 14 44 27 58 19 87 20 47 63 32 29 75 71 17 11 96 52 62
16 32 97 86 80 19 14 44 5 97 44 30 18 19 81 89 59 40 92 55 59 50 49 92 8 30 76 91 25 52 69 15 45 21 9 31 85 88 41 37 100 91 20 33 86 66 4 48 52 55
80 12 97 80 43 25 62 1 84 92 77 46 77 84 26 29 20 34 66 56 65 28 70 36 29 24 57 45 70 90 59 50 67 86 6 26 69 47 81 85 84 90 63 84 77 87 13 18 101 28
65 20 44 26 10 84 61 69 96 5 30 56 48 75 55 80 20 52 84 26 24 63 83 43 41 81 59 40 98 12 81 44 37 13 53 12 14 62 12 5 82 84 59 79 53 56 38 66 46 99
56 -1 91 67 92 44 45 0 86 29 82 12 22 1 75 40 84 2 61 95 85 36 43 4 62 10 67 71 7 14 3 11 76 50 17 14 33 26 41 69 9 45 76 86 44 79 66 2 54 0
18 9 4 12 21 56 91 26 49 12 66 35 87 83 74 43 79 85 65 22 83 32 89 75 19 10 49 27 59 37 43 59 56 26 48 2 34 72 81 34 52 34 80 10 49 89 67 16 37 76
33 85 11 81 56 46 19 62 83 41 62 91 54 87 17 60 26 68 97 -1 31 62 86 9 50 16 15 9 46 17 4 79 58 71 71 31 100 35 35 88 27 5 76 58 12 5 85 90 69 10
49 53 94 50 6 58 12 37 19 45 70 45 35 84 32 71 56 59 67 37 68 16 102 79 36 71 66 75 86 53 40 42 100 72 93 25 10 82 56 70 65 28 89 90 36 59 48 11 70 7
94 81 73 27 3 49 84 59 33 71 17 73 76 89 24 61 72 71 82 82 73 24 14 13 2 53 8 30 59 91 27 16 74 18 25 96 65 44 81 56 62 25 3 46 64 59 58 18 62 84
48 75 38 10 100 78 31 67 18 51 55 31 71 82 26 61 74 78 45 99 15 72 21 20 69 95 22 65 33 85 78 47 55 93 91 19 57 99 16 3 75 64 61 7 9 85 11 83 44 64
29 81 59 21 6 46 40 70 17 7 27 20 32 36 86 81 75 95 90 26 48 74 57 47 74 81 88 29 59 59 58 70 74 79 46 9 89 10 82 17 14 16 54 52 89 88 96 86 75 -2
61 53 18 25 48 66 17 26 87 60 33 18 88 43 64 42 69 76 75 13 38 98 35 53 62 69 27 29 59 44 96 77 94 68 90 16 98 100 7 28 30 77 101 81 12 48 95 88 94 3
86 72 12 74 49 63 62 87 32 62 61 25 52 77 17 7 3 1 17 79 74 0 33 43 50 96 24 58 86 44 26 59 87 18 76 45 99 96 93 63 26 9 9 23 3 19 27 92 2 90
95 95 81 71 76 78 20 59 52 23 20 100 75 54 14 35 94 46 33 81 96 73 5 17 60 10 89 24 71 77 83 23 29 17 78 74 84 46 54 29 98 42 89 55 50 87 39 68 68 11
74 55 14 47 5 13 80 50 8 4 55 38 66 89 99 89 84 28 57 42 84 36 14 17 97 51 93 78 61 74 24 63 13 59 37 60 7 30 36 71 19 11 92 25 8 1 58 26 92 3
11 59 43 83 4 5 62 99 28 1 22 75 18 31 27 86 47 84 50 82 92 94 55 43 56 64 17 24 37 12 94 97 38 49 84 29 30 60 47 98 23 1 36 6 48 43 11 89 99 1
73 -2 49 17 77 5 66 23 5 75 93 43 35 58 7 86 53 74 72 66 26 44 3 7 58 54 18 16 55 35 30 53 92 20 9 67 47 35 8 43 72 69 75 30 99 60 83 3 59 32
98 63 75 34 72 35 80 88 19 42 36 63 90 4 90 53 50 97 24 83 62 12 98 30 11 59 5 41 64 52 89 11 47 62 65 56 53 82 28 77 18 55 24 34 93 93 37 80 35 59
82 51 66 8 70 54 17 8 36 96 50 95 32 33 67 56 13 77 73 13 13 7 95 -1 31 70 101 75 34 16 54 4 70 89 11 4 37 44 52 26 2 37 43 64 45 18 54 12 39 14
El programa tardó 9.7038745880127 milisegundos en ejecutarse.
