102 2 80 9 40 38 35 62 7 51 20 100 74 64 101 88 63 73 29 86 44 95 72 73 58 83 81 3 35 84 21 90 44 26 36 68 51 67 57 16 14 17 47 52 100 61 79 57 59 97
77 42 83 16 25 10 78 10 3 76 30 91 93 72 12 85 68 90 96 39 16 59 9 -3 16 -3 8 77 31 32 39 38 33 69 41 63 79 53 36 85 46 38 39 76 8 76 13 10 80 2
26 5 82 81 85 31 74 70 69 52 9 72 96 30 87 74 96 78 52 54 46 74 73 74 62 79 72 13 44 43 79 91 27 67 22 45 49 51 4 37 97 58 100 78 59 71 37 90 33 39
14 27 85 55 46 57 21 75 35 3 97 33 86 88 77 3 23 34 33 84 56 76 18 71 58 0 18 80 18 88 17 67 32 9 27 26 64 33 43 58 45 96 93 2 88 11 31 71 38 83
35 39 94 38 59 40 58 23 59 39 57 1 92 59 12 70 78 73 22 67 53 90 94 31 26 72 96 59 20 26 53 26 63 85 63 98 49 36 60 52 29 27 46 37 84 94 90 94 51 96
91 41 96 96 12 76 41 41 36 72 80 75 77 76 33 19 89 13 65 11 20 89 25 48 52 76 56 44 35 92 61 76 36 16 99 36 89 12 46 25 73 52 17 2 75 71 70 33 10 48
95 33 17 4 18 54 48 78 76 66 87 28 54 55 49 49 29 19 3 80 28 58 47 29 82 36 99 77 44 77 12 29 14 20 94 85 77 49 55 56 100 96 4 34 37 98 4 77 102 83
82 83 8 44 36 0 69 89 62 48 24 76 2 30 9 62 40 95 47 94 36 65 101 24 55 19 65 57 46 27 5 19 5 55 27 76 60 21 64 50 37 46 72 96 20 17 7 38 98 11
36 4 92 70 10 71 22 65 32 18 9 54 48 97 4 78 38 7 84 51 84 34 73 20 42 75 47 56 42 37 76 73 25 26 88 3 76 49 29 19 86 42 35 52 32 91 3 66 36 82
63 63 60 91 35 36 15 10 54 78 34 19 5 75 11 25 15 23 68 17 5 74 82 3 46 70 54 86 88 85 14 17 18 14 53 76 85 82 66 4 87 -1 12 47 21 14 79 42 66 56
93 31 65 43 57 7 30 10 32 85 91 91 40 76 15 62 75 76 68 10 37 70 50 4 43 60 58 2 79 79 38 49 31 76 11 22 13 12 43 22 47 2 3 41 53 49 85 60 44 93
30 54 48 93 35 79 93 20 72 26 46 6 57 63 8 4 73 52 49 38 48 87 23 48 12 16 98 14 70 71 69 72 71 -3 40 50 71 22 21 8 2 86 49 48 46 27 97 47 62 58
7 63 84 97 31 11 73 21 77 97 89 14 59 42 8 99 23 92 94 83 85 83 36 66 42 13 90 48 20 51 52 13 36 19 32 21 100 25 85 84 22 12 20 80 40 35 72 83 59 83
42 90 77 95 15 83 60 91 43 85 101 44 82 26 94 72 44 63 77 29 13 40 101 11 28 53 26 10 25 69 81 77 87 16 94 65 63 90 37 0 67 73 35 69 3 8 70 95 70 17
3 27 26 17 48 10 4 17 92 60 13 7 20 13 72 11 15 11 33 26 44 5 71 16 79 65 19 79 25 54 20 21 100 25 54 2 8 10 25 53 77 12 23 7 61 90 89 95 16 43
81 44 45 77 98 26 65 23 75 46 65 26 42 57 6 73 83 4 20 15 51 34 21 23 85 57 32 40 79 88 9 -1 76 78 6 30 33 33 51 87 69 32 43 89 46 16 25 87 67 10
23 40 46 9 18 61 96 39 13 90 51 49 5 85 17 82 92 100 23 41 88 17 78 71 72 56 29 10 93 89 65 49 71 2 5 71 92 83 53 22 63 16 28 13 93 6 85 24 13 92
33 54 3 11 14 50 74 80 36 50 82 78 100 84 97 18 36 27 11 4 32 67 86 90 27 7 59 96 24 18 93 68 35 50 33 88 16 22 55 13 52 86 28 74 60 91 89 77 44 57
14 53 81 8 12 19 51 71 24 26 39 71 58 45 98 22 57 26 46 67 97 18 5 94 75 2 100 66 87 35 49 73 60 27 36 26 4 69 10 55 98 19 18 17 44 75 22 74 65 58
22 17 76 48 100 29 46 56 79 11 10 38 23 29 18 33 66 27 93 90 76 25 72 43 89 40 45 25 98 57 54 14 87 39 19 80 91 38 54 5 37 75 20 18 66 87 72 20 50 93
41 29 51 49 35 6 95 96 81 48 82 23 50 72 78 73 65 4 54 27 19 61 70 43 86 35 89 40 44 20 64 54 14 33 61 77 96 36 90 17 73 40 95 51 37 92 36 34 65 77
99 85 11 13 46 -2 91 88 33 94 54 32 99 -3 101 44 89 11 61 53 67 15 72 95 58 88 40 50 41 55 3 17 14 73 40 9 50 29 64 76 14 13 3 65 14 35 45 84 14 74
14 43 18 73 98 49 47 61 14 60 73 35 45 1 16 64 41 4 42 7 27 25 86 15 78 37 101 34 101 54 87 76 24 5 91 30 94 10 66 94 57 85 83 77 101 60 37 51 5 62
40 8 70 65 28 30 73 36 74 -1 13 64 27 25 89 6 7 53 26 92 54 6 54 44 8 26 34 64 40 86 26 6 49 10 66 73 74 20 61 38 2 19 37 36 48 5 97 18 84 6
100 33 19 17 56 10 6 90 74 93 51 39 80 69 85 32 84 69 41 51 62 81 43 69 65 48 3 4 10 67 80 25 90 99 80 20 56 96 101 51 59 6 16 36 18 43 41 46 47 77
98 21 51 1 11 73 78 57 54 0 72 19 72 29 12 96 57 73 19 39 77 80 19 0 92 -2 91 10 81 21 12 21 67 63 94 28 87 20 49 63 79 14 58 35 63 0 14 51 74 61
24 68 84 29 64 59 57 68 8 80 53 82 72 36 29 84 98 30 20 46 32 41 87 12 24 71 101 14 90 24 82 74 25 70 60 22 3 96 36 26 97 99 16 55 77 64 68 80 90 31
78 62 3 29 64 68 97 47 28 34 11 39 14 26 51 44 99 41 96 87 73 3 13 69 19 5 93 44 39 85 28 62 27 62 25 72 57 93 93 72 69 63 8 96 72 35 24 46 31 91
25 96 13 78 63 50 81 70 82 97 64 31 35 18 12 61 21 29 59 9 45 26 16 48 47 26 22 59 99 47 24 87 85 90 6 77 49 50 3 75 94 92 36 1 38 15 83 19 88 34
38 91 68 -3 62 50 45 8 23 89 28 19 20 71 8 49 49 52 47 18 9 53 2 18 71 63 66 30 38 89 32 6 85 66 51 88 57 73 20 52 92 8 66 1 94 -3 12 64 46 59
9 18 14 45 57 37 77 11 51 37 98 83 25 60 88 63 61 65 75 43 48 32 70 97 78 6 34 70 71 45 89 41 77 1 3 95 56 29 32 84 52 28 93 22 87 13 21 40 81 84
15 49 49 75 30 11 80 92 41 40 2 67 70 54 42 64 49 45 51 40 12 85 14 41 85 82 96 77 77 28 78 41 36 52 16 22 12 3 21 -2 77 70 4 79 20 51 18 3 55 4
81 3 33 89 58 59 20 32 27 54 16 8 86 47 101 33 41 32 70 16 64 27 10 38 89 72 66 24 36 75 14 41 9 69 7 40 68 17 83 58 99 6 25 61 14 79 48 24 85 56
50 22 3 96 95 19 56 4 11 7 68 94 90 12 15 19 43 45 37 93 5 84 67 33 30 15 87 35 4 58 69 48 4 31 17 42 93 17 97 81 57 34 84 1 47 45 94 65 62 52
20 95 81 85 36 32 16 90 11 72 102 44 93 85 9 55 29 81 91 50 5 1 29 63 21 73 77 91 80 69 38 43 7 31 5 87 77 51 64 22 53 35 30 22 63 77 22 21 100 40
62 0 26 54 38 44 77 11 60 22 97 95 58 63 34 83 52 60 3 38 36 90 54 90 14 20 68 72 62 46 50 14 53 26 35 80 72 63 50 70 65 4 46 23 25 14 18 61 65 6
47 78 71 29 74 30 15 90 70 48 19 2 102 44 87 21 22 84 98 28 72 58 54 9 99 22 68 99 102 72 80 50 66 17 101 35 40 87 53 45 6 98 70 76 44 79 93 43 22 20
101 23 90 85 17 -3 26 82 80 35 43 25 62 74 81 89 3 62 44 34 62 83 44 10 42 32 26 34 69 78 54 -2 47 22 70 80 50 61 54 4 93 19 18 1 84 14 32 25 76 11
53 70 65 7 41 31 96 53 85 35 62 20 4 20 64 51 12 57 29 13 41 46 64 47 51 78 20 6 67 70 32 26 40 4 70 32 28 33 14 73 71 56 73 29 3 95 51 23 3 47
27 46 72 32 91 4 67 12 54 4 37 47 18 28 50 31 101 83 31 61 43 13 29 53 88 95 63 42 19 1 94 67 58 46 101 16 59 2 80 88 43 46 51 78 72 17 91 94 53 91
15 79 49 98 94 84 44 85 23 1 50 83 100 3 35 60 91 3 3 79 93 14 71 83 17 60 90 26 39 58 55 89 35 4 84 68 94 22 100 80 9 11 76 65 17 77 58 34 93 36
96 57 26 82 47 62 29 4 19 34 72 20 81 50 41 36 98 86 6 63 49 8 37 7 96 2 76 13 31 79 54 16 78 60 81 89 35 76 85 31 93 38 45 91 75 94 85 69 75 23
24 18 54 72 42 85 11 67 23 85 101 58 42 41 82 88 12 9 84 62 11 30 70 88 67 20 99 42 63 25 71 72 43 8 97 59 6 74 78 83 6 65 14 54 95 21 10 51 38 33
5 61 19 62 3 71 8 88 8 32 75 12 3 81 84 39 66 51 45 92 2 64 8 59 8 34 3 0 22 45 68 43 67 45 2 39 51 61 51 59 56 -1 26 61 55 65 39 74 64 16
3 100 45 44 97 37 35 6 10 61 56 39 66 3 13 84 30 51 88 26 41 84 17 8 29 2 102 60 31 11 39 23 62 36 56 91 94 48 80 64 36 21 60 45 16 28 6 96 90 55
54 89 76 67 36 42 51 14 60 50 13 6 33 79 100 58 39 17 77 36 42 23 36 21 69 90 42 60 98 13 43 3 37 53 21 92 12 60 81 24 79 43 87 50 84 42 60 57 33 79
6 43 17 56 79 13 94 69 35 24 29 82 11 88 58 82 42 5 88 98 13 70 33 8 43 10 12 85 44 100 26 90 67 1 4 7 37 25 30 98 101 75 37 32 79 65 99 41 65 54
83 42 61 17 53 69 26 22 61 15 29 92 83 62 52 20 55 12 29 30 11 53 51 49 13 48 33 81 53 78 71 74 45 51 8 37 88 64 39 51 60 62 27 21 16 26 56 66 31 93
67 6 68 5 4 91 67 35 25 80 96 17 3 79 22 42 63 42 76 50 49 4 98 14 45 38 63 92 4 43 94 81 27 74 19 43 13 84 17 65 41 11 81 34 100 48 64 36 50 83
45 79 34 -3 29 17 80 16 98 75 90 21 13 56 61 48 91 91 24 66 16 25 22 24 63 38 61 93 50 39 27 84 56 24 57 91 16 32 50 54 72 88 68 25 17 73 22 55 62 11
El programa tardó 12.264966964722 milisegundos en ejecutarse.
