9 47 85 40 83 75 36 33 37 7 19 62 44 73 53 95 65 31 37 81 21 86 3 62 73 83 65 79 5 97 33 74 39 36 14 32 84 27 48 7 35 73 50 100 81 78 78 51 8 22
57 84 4 27 86 14 91 8 90 53 18 82 100 71 69 51 76 82 12 60 65 34 55 71 30 40 27 13 61 50 99 61 101 19 60 9 54 72 16 26 32 13 55 89 45 4 87 27 36 65
57 14 42 59 101 67 97 15 87 26 83 47 16 44 56 99 52 60 79 39 80 16 49 32 22 98 46 17 23 2 92 22 14 70 48 1 4 19 41 6 77 8 83 76 7 76 67 41 68 28
68 5 87 13 27 59 59 33 21 30 20 14 22 91 24 75 22 55 18 72 61 69 75 70 22 15 95 28 91 33 68 2 33 66 18 24 51 63 99 59 97 10 59 81 59 -1 36 48 44 76
31 56 46 58 84 14 66 20 93 88 81 6 58 35 68 85 51 91 83 27 34 26 95 87 70 14 78 20 84 100 26 76 94 59 61 22 14 88 72 69 41 91 89 1 78 65 60 25 5 28
78 2 22 75 50 46 96 12 14 82 95 -1 38 62 92 11 88 19 4 46 36 90 81 58 101 28 28 20 27 18 24 86 29 20 20 5 54 62 78 -2 21 36 32 87 63 33 29 38 70 94
64 85 41 78 50 15 98 11 21 24 84 42 73 38 24 68 30 95 21 2 51 24 24 88 44 58 62 34 35 44 86 89 30 85 26 11 91 5 27 31 37 79 10 89 57 45 34 18 73 87
75 82 78 29 22 78 48 1 69 73 2 17 52 76 64 33 6 50 5 94 19 56 36 57 77 26 77 21 27 0 101 10 74 84 14 56 11 34 50 90 25 92 59 9 52 61 66 40 91 35
14 70 20 66 74 74 80 50 4 84 14 84 22 17 45 32 72 31 23 66 65 43 14 98 44 65 85 42 11 71 44 89 54 29 39 68 44 50 89 27 71 3 100 49 46 99 53 23 40 97
92 29 82 29 42 51 17 11 36 25 14 7 53 54 92 55 39 1 50 77 43 25 5 31 79 51 68 12 91 8 4 92 64 46 50 47 37 14 9 13 88 2 27 74 47 7 78 93 45 32
12 63 62 50 79 40 51 75 72 74 102 72 13 36 98 84 82 47 64 56 74 71 40 85 46 29 17 9 102 26 69 68 71 73 72 52 71 30 52 79 50 65 12 10 46 5 22 91 89 26
78 19 71 96 56 94 50 4 66 34 86 94 70 94 45 67 75 47 80 52 21 37 66 20 2 -3 31 2 100 73 40 55 98 39 92 28 49 13 78 7 101 45 18 77 41 86 5 19 29 4
46 5 94 68 25 9 102 40 70 18 28 89 52 20 102 26 85 20 79 97 6 81 27 30 78 33 9 73 61 53 63 67 90 31 7 54 78 6 97 33 88 74 49 21 83 48 48 8 17 82
69 35 63 28 73 -1 10 91 70 62 82 10 3 94 99 3 40 53 47 58 80 93 26 74 100 47 82 35 25 11 67 63 74 84 83 82 61 39 26 12 49 18 58 89 45 73 24 0 86 8
88 43 15 99 41 37 89 3 41 53 30 48 39 43 43 47 55 44 69 21 8 99 78 8 54 33 31 88 100 95 27 51 50 12 23 11 30 19 75 34 73 53 51 5 87 18 20 21 21 83
40 77 61 69 101 93 12 83 58 46 94 76 54 61 93 31 5 90 95 33 98 38 31 66 7 10 86 71 80 76 88 66 20 22 80 86 17 92 77 81 23 62 90 40 9 77 12 15 83 -1
24 62 25 4 38 90 88 98 24 44 73 57 76 10 99 49 42 47 27 95 37 44 77 3 75 30 45 66 86 58 63 25 87 54 10 38 40 64 22 66 98 84 96 62 67 11 94 70 21 33
13 31 95 81 5 87 69 43 6 55 53 19 27 29 72 21 98 84 96 45 84 24 63 4 3 21 9 79 58 6 35 96 60 9 71 86 49 47 80 91 59 18 24 62 55 66 48 14 41 29
91 67 13 30 96 18 26 64 29 50 8 87 18 64 77 3 16 71 32 48 70 19 15 26 97 47 59 57 31 22 43 26 54 95 57 21 69 73 22 76 63 100 68 33 100 19 51 2 59 73
21 59 53 86 99 46 17 93 52 22 98 -1 25 51 32 75 50 39 74 74 59 50 32 47 63 39 37 90 38 3 81 96 18 96 32 -2 42 8 55 92 44 75 21 63 30 22 69 63 13 39
56 1 9 31 31 46 18 46 54 16 72 13 17 62 65 10 34 6 90 26 3 77 55 68 16 40 33 77 12 76 68 13 70 14 72 48 35 68 79 96 101 12 83 36 60 54 76 42 91 62
38 77 7 59 50 0 21 75 89 10 43 75 88 52 74 54 36 39 46 88 78 92 61 27 66 57 24 48 5 20 38 10 7 41 20 14 19 89 14 6 6 65 50 9 79 66 40 30 46 64
63 44 8 42 61 89 64 15 11 43 30 57 43 99 20 93 76 33 60 91 31 83 34 90 94 23 65 69 88 18 7 38 57 2 23 94 10 40 66 68 98 70 55 48 43 68 15 66 94 27
93 81 26 53 84 46 28 17 17 13 47 -1 5 87 98 9 73 67 79 72 45 50 69 5 55 57 32 43 94 45 5 79 9 1 55 8 84 78 30 71 3 91 48 60 69 77 96 31 57 69
85 50 19 23 62 72 33 90 56 8 80 73 9 4 34 56 78 82 34 42 59 18 57 88 30 48 38 1 57 7 98 22 10 16 21 8 28 28 101 65 30 78 100 49 42 90 15 74 87 14
6 91 37 89 74 95 76 88 59 15 76 42 48 34 48 5 20 27 38 50 98 72 98 58 9 16 89 46 42 6 66 49 70 19 65 3 42 90 83 58 25 45 57 55 24 28 71 35 45 18
4 11 20 24 4 3 22 44 8 29 95 38 74 52 30 67 49 26 82 56 40 17 17 40 50 94 52 24 21 8 45 70 18 46 80 1 84 51 77 93 79 67 94 88 42 6 97 81 62 81
20 79 41 0 77 94 10 -2 50 89 28 64 64 88 28 9 94 84 2 73 26 85 84 74 5 0 9 5 82 18 27 7 93 95 28 67 19 20 98 35 38 39 55 77 63 35 38 21 97 82
94 91 50 54 14 60 57 25 81 45 22 63 30 24 63 92 47 6 49 83 89 76 57 3 68 25 38 12 20 30 69 62 36 3 90 95 87 22 68 97 101 89 15 23 44 83 68 78 36 8
12 92 8 45 25 38 18 6 81 12 65 5 98 26 54 93 16 -1 6 41 29 -1 66 45 94 31 96 15 96 89 37 68 76 54 9 24 27 15 77 25 70 26 58 0 71 46 44 30 20 82
41 57 90 19 53 22 29 25 52 70 84 7 37 10 31 79 49 4 5 52 66 28 66 9 69 66 80 59 21 84 18 24 20 46 68 2 70 76 31 29 15 45 34 58 20 86 6 53 12 18
89 8 27 -1 44 -1 71 25 50 13 88 71 94 42 65 85 99 90 42 62 8 22 69 1 67 18 62 82 32 44 46 92 64 42 21 20 64 5 100 11 17 82 48 69 68 36 46 0 4 52
21 61 38 100 38 85 98 100 46 9 14 27 33 22 33 18 42 77 39 43 9 52 96 34 18 87 79 78 51 40 75 27 3 11 48 24 59 22 22 33 85 78 26 84 69 33 28 87 57 42
46 38 73 25 96 55 76 89 95 67 89 72 90 0 93 20 47 72 100 22 49 33 96 84 44 15 88 29 38 89 81 83 63 77 15 69 66 36 50 87 61 48 28 51 66 50 90 78 71 65
97 62 51 74 87 64 96 25 100 44 71 84 68 89 22 26 42 41 40 15 102 82 56 79 35 39 13 44 82 70 43 15 97 65 23 36 57 57 31 5 51 66 14 62 22 84 88 9 21 53
26 81 57 67 78 59 59 91 29 96 77 37 74 8 59 73 93 57 46 54 30 14 17 75 56 43 51 30 72 16 73 37 28 32 58 90 70 23 35 91 24 83 71 91 84 50 55 5 42 68
92 38 28 45 24 58 12 80 31 31 65 40 4 17 66 92 34 75 44 82 9 51 51 23 18 92 43 66 101 30 49 41 13 17 57 78 75 17 65 36 91 13 83 80 34 85 42 97 98 100
52 28 86 67 77 3 31 82 39 62 19 76 61 75 26 44 35 38 26 73 63 72 43 9 61 56 82 49 28 2 79 18 74 2 19 36 76 74 29 79 81 47 25 -1 101 44 82 37 59 30
74 63 13 14 22 32 59 8 60 95 76 24 65 90 33 13 102 25 46 98 79 27 11 8 29 17 83 3 27 97 34 92 66 19 8 14 46 33 88 80 87 18 47 47 78 1 23 18 98 10
41 57 77 4 47 47 72 91 55 50 83 75 16 83 45 51 88 3 20 65 69 8 41 61 77 41 75 75 88 47 95 44 55 20 64 95 63 76 90 78 88 52 73 94 2 35 16 11 16 36
49 22 23 90 35 41 63 63 74 76 101 33 85 45 97 67 45 12 74 69 90 29 59 23 46 32 20 61 30 68 81 47 79 80 65 52 99 60 68 44 96 6 75 36 59 66 14 74 49 87
55 72 60 55 74 64 41 60 56 21 101 28 24 36 68 31 45 6 14 21 60 82 49 87 8 53 39 61 35 39 11 91 96 73 12 48 28 61 83 47 11 52 51 10 101 29 81 96 5 94
57 23 75 12 22 43 47 26 37 45 35 16 80 79 63 33 26 59 68 41 82 12 72 47 68 79 55 88 4 61 59 47 62 52 93 80 8 68 67 35 16 34 25 40 39 11 90 69 44 40
88 83 74 43 7 -1 97 42 18 78 85 41 96 77 28 70 57 -2 54 88 93 89 8 91 69 43 72 70 8 87 75 21 64 -2 90 68 8 4 63 1 50 2 12 17 22 40 35 81 7 -3
43 15 39 7 36 56 33 65 41 75 85 17 32 3 88 50 35 90 25 16 100 62 82 81 96 17 9 46 91 19 37 83 79 92 63 85 64 67 35 48 86 78 93 42 83 33 50 56 99 81
47 65 20 3 100 4 92 69 77 33 99 66 79 38 24 25 63 60 76 79 53 32 63 61 5 17 43 79 32 12 99 10 10 39 6 5 51 34 46 3 10 2 62 42 22 85 43 17 89 65
83 66 37 37 101 16 18 82 83 93 34 39 41 94 13 6 26 32 69 63 58 17 77 4 97 41 37 95 77 96 80 92 41 20 41 34 69 25 91 63 52 61 15 8 99 19 74 22 67 84
26 38 76 95 94 91 81 31 41 73 38 95 25 90 11 41 4 18 97 24 19 66 49 53 72 67 36 78 2 55 6 75 21 38 19 91 9 19 31 18 86 92 47 91 57 33 37 17 31 56
3 68 29 63 4 60 39 57 39 75 7 36 3 38 73 10 12 68 7 19 87 57 66 80 70 93 65 37 44 13 16 56 39 74 92 72 78 20 102 11 73 38 13 87 4 2 56 70 60 95
35 16 43 27 48 78 97 -1 25 43 63 96 76 75 83 74 78 24 6 42 53 56 76 18 19 54 93 75 51 37 37 88 74 11 90 72 42 49 43 10 75 56 94 33 25 82 40 37 18 20
El programa tardó 9.0939998626709 milisegundos en ejecutarse.
