4 10 20 7 93 5 26 67 53 45 100 9 69 51 8 9 100 63 14 93 79 60 94 97 102 40 66 96 9 35 22 43 16 36 87 90 94 65 21 11 58 98 97 69 59 64 78 52 94 51
50 96 19 57 82 32 44 57 52 53 87 26 25 79 64 57 12 40 7 78 63 29 51 91 96 27 41 59 76 68 86 6 98 80 64 19 99 27 7 3 9 58 31 57 82 17 72 22 85 8
50 47 20 53 67 24 35 74 45 87 55 89 51 88 67 89 18 79 47 89 64 67 86 69 31 75 59 65 21 30 15 62 63 46 3 68 78 84 77 48 21 13 49 48 42 10 90 13 13 5
78 74 59 81 21 5 7 30 69 15 8 17 41 96 26 11 97 79 71 24 49 34 67 69 11 11 71 69 57 24 36 93 44 81 93 8 91 67 44 45 22 86 33 -2 96 -1 95 31 3 80
33 23 88 59 68 97 71 93 98 68 77 29 73 71 42 89 12 83 61 100 40 34 80 18 94 66 56 81 52 38 13 20 53 49 12 71 52 80 100 76 45 30 48 13 76 86 5 65 36 23
80 27 79 89 54 35 22 51 44 58 93 44 4 19 66 4 29 20 90 76 28 6 42 0 74 67 62 93 13 5 7 69 96 41 45 14 25 57 42 40 55 4 40 41 69 38 19 64 61 17
9 36 70 96 101 50 97 15 40 29 31 91 69 44 91 44 41 26 77 81 45 53 89 43 71 47 58 10 48 27 92 16 22 7 71 5 95 55 45 24 45 75 61 29 55 95 42 59 39 14
67 3 96 75 27 17 73 25 48 30 93 2 39 23 7 44 98 23 89 87 26 18 18 20 34 92 24 32 15 77 65 38 19 23 69 53 28 5 40 54 51 1 42 59 69 74 90 95 37 35
81 77 29 71 4 10 21 40 6 58 77 12 100 36 38 82 100 43 43 97 72 54 29 43 84 32 9 71 62 5 23 1 61 83 54 1 64 87 62 40 70 83 30 48 100 20 50 82 63 25
61 33 4 76 41 53 97 91 2 67 10 56 89 76 15 44 73 46 28 26 29 79 32 41 78 78 58 72 72 29 80 52 85 -2 79 48 23 31 66 60 88 28 99 73 59 84 39 26 13 42
68 58 20 62 80 93 20 35 79 22 4 99 57 15 16 73 20 81 79 57 14 4 98 31 49 81 36 58 79 75 60 1 86 86 51 6 11 17 51 9 74 16 37 83 25 89 80 47 41 30
2 36 62 67 80 36 49 20 38 36 3 11 88 30 42 96 7 27 20 -1 11 66 100 91 7 30 34 84 71 75 83 2 33 88 25 72 57 15 8 34 58 14 94 88 29 19 99 51 98 12
93 12 49 48 8 24 55 82 56 70 22 38 75 71 23 13 15 79 96 28 11 94 32 57 66 1 41 75 95 4 43 3 26 81 101 72 12 82 14 94 8 12 94 94 8 80 32 97 80 1
7 73 8 -1 48 67 6 62 18 23 31 39 75 24 85 48 11 18 4 59 34 56 15 80 2 27 55 36 56 78 67 67 82 81 37 25 77 22 47 30 32 64 6 88 90 66 73 24 73 3
78 15 23 96 91 65 59 80 101 6 75 7 12 83 31 79 58 38 26 50 60 100 79 89 55 89 92 27 34 46 86 75 73 89 3 82 39 76 40 85 95 85 19 4 44 93 61 8 14 65
11 82 62 45 62 50 16 16 88 14 66 81 43 33 64 22 14 12 83 34 81 78 42 73 71 9 27 31 83 82 33 3 72 56 76 30 8 -3 36 63 97 7 91 86 54 22 57 54 25 95
32 57 4 16 12 39 94 18 24 57 39 59 33 41 94 75 86 70 89 66 89 82 81 75 9 31 76 74 18 46 75 43 45 36 48 74 64 70 67 14 77 90 39 98 65 72 60 34 36 53
81 24 14 86 8 49 5 71 71 16 22 24 39 -2 52 2 49 44 15 21 68 91 23 35 51 11 74 92 36 80 42 9 56 82 100 8 40 64 81 87 12 32 39 5 25 30 75 83 35 14
24 54 70 68 35 97 100 6 3 100 75 85 49 83 76 57 73 15 39 47 93 83 81 84 28 62 83 77 88 72 40 66 87 61 56 94 73 89 85 20 86 76 35 9 79 94 31 97 16 88
100 70 28 31 8 91 65 54 49 61 92 33 48 8 88 90 76 45 79 28 38 44 5 62 48 54 41 96 97 48 22 37 22 61 12 94 46 73 4 24 16 50 30 73 74 69 47 54 21 12
91 31 102 43 53 34 91 9 42 25 20 32 64 33 82 73 26 84 51 38 45 41 23 85 10 60 44 49 10 50 10 97 69 92 21 60 13 54 87 86 29 32 14 8 82 17 49 10 55 4
89 43 38 6 62 60 58 16 22 34 48 23 19 50 67 61 74 21 86 32 42 50 58 18 5 31 16 17 20 0 66 8 91 7 17 19 37 66 12 54 56 62 2 82 32 68 19 3 29 23
25 62 97 39 94 59 81 3 49 43 84 69 9 90 3 80 45 2 20 90 14 82 45 53 38 82 12 49 43 74 10 37 97 63 98 78 14 9 72 8 70 79 97 14 33 48 77 77 93 81
37 70 42 60 30 92 23 61 89 4 84 32 101 40 78 1 12 78 65 16 65 48 81 69 2 60 45 49 87 51 45 13 101 17 76 21 25 79 47 37 101 36 77 17 77 27 70 11 53 33
28 15 33 66 17 91 63 14 81 83 71 72 27 15 39 83 68 46 49 26 48 60 26 65 33 75 50 59 32 18 30 23 102 14 84 58 82 20 17 7 98 1 83 100 52 89 62 4 49 99
99 20 67 27 60 17 42 54 40 89 50 7 29 54 33 79 56 85 30 93 68 28 11 63 89 47 101 39 60 66 65 5 54 43 46 50 19 77 25 53 90 30 31 52 24 66 56 0 18 64
63 55 100 54 35 55 85 38 34 75 20 99 30 41 82 49 24 90 56 91 86 27 80 97 14 96 96 92 59 73 102 79 41 2 98 63 56 18 23 46 102 11 57 44 102 2 88 4 71 42
9 27 96 52 77 90 3 -1 90 79 71 16 56 21 37 12 20 51 39 50 84 43 10 55 91 26 93 78 90 63 55 67 78 4 17 57 23 53 48 39 99 68 96 55 37 2 8 71 83 24
48 22 66 19 94 92 37 9 3 14 8 58 23 35 22 70 27 93 25 80 21 72 63 28 43 60 9 18 90 6 66 12 92 58 91 10 18 54 17 42 67 51 82 76 99 46 74 44 87 91
79 79 34 50 94 54 93 37 76 67 11 51 47 16 4 33 48 9 3 87 2 7 42 79 22 27 35 59 99 93 26 31 34 2 85 2 42 21 5 93 44 38 54 93 70 22 41 43 59 66
90 7 86 47 11 71 75 10 58 4 64 34 59 46 56 28 19 66 67 97 20 41 101 48 14 52 24 63 4 96 61 5 97 46 68 94 11 99 18 60 55 80 31 1 12 98 31 8 11 85
35 6 9 75 17 41 98 34 49 51 89 29 22 74 39 96 72 82 93 66 78 95 84 58 82 29 93 54 94 45 94 47 65 69 47 5 90 43 50 45 84 59 64 5 81 59 50 31 92 52
101 4 84 55 13 65 75 15 80 54 82 98 92 28 68 81 100 35 93 83 95 51 18 66 65 52 13 55 34 55 56 73 73 81 23 21 63 63 101 69 23 64 98 55 81 24 31 63 38 25
54 57 3 5 73 56 19 66 7 92 40 72 10 91 79 91 45 44 8 21 93 68 91 29 28 15 86 88 21 49 89 70 75 70 101 34 25 83 2 73 96 31 73 32 50 52 72 40 82 47
78 79 51 92 30 11 57 58 97 41 20 85 5 6 53 20 80 76 30 83 102 53 82 5 14 29 53 70 71 32 89 47 86 98 77 56 48 22 19 97 99 84 65 13 46 92 40 51 44 85
84 55 21 11 100 23 70 50 39 63 60 7 11 13 98 12 61 29 27 50 77 31 45 1 37 52 6 -1 28 42 86 73 18 -3 11 20 18 38 64 -1 79 45 30 31 88 86 10 56 71 51
68 74 28 92 48 54 70 70 60 73 58 13 84 62 96 94 6 13 37 63 25 65 96 73 26 48 65 54 59 17 81 51 36 67 14 72 87 67 64 42 18 7 39 7 16 26 56 78 7 37
35 53 19 54 10 57 27 88 37 92 50 17 10 11 64 2 89 52 54 3 52 7 31 90 23 78 9 25 73 18 77 54 34 46 5 77 11 27 60 36 29 53 27 61 6 88 58 36 88 17
19 33 78 13 6 56 77 65 17 29 42 26 71 40 82 56 9 4 47 56 20 58 77 22 49 36 38 94 31 7 27 80 13 98 94 53 44 24 87 53 4 37 83 49 78 84 67 31 26 66
31 40 32 86 53 26 96 80 14 34 64 79 28 49 52 59 94 92 12 26 101 31 75 81 84 55 98 73 60 48 49 7 3 47 32 59 16 7 10 -2 40 8 4 34 76 50 73 38 69 91
41 33 78 46 26 33 59 8 46 74 78 27 24 43 76 8 69 27 74 45 49 45 85 62 63 32 89 12 96 75 84 28 32 62 71 34 98 89 30 40 68 95 65 17 20 6 38 86 36 10
74 46 70 59 76 3 59 29 18 9 16 10 79 70 8 87 34 60 91 58 39 8 96 57 13 94 38 91 66 68 29 2 39 88 45 63 31 75 83 46 80 62 24 46 5 3 84 31 62 33
78 35 88 45 23 41 101 37 40 81 74 79 26 81 96 21 83 15 98 87 77 8 4 96 37 52 74 14 52 72 35 42 48 69 91 6 96 33 48 96 91 71 65 83 89 11 50 31 97 24
30 0 52 26 2 58 65 31 32 43 101 86 7 24 83 19 64 1 47 65 14 60 48 86 35 71 99 36 83 47 86 4 85 79 24 56 83 92 12 55 80 80 69 55 17 -2 53 2 38 20
43 37 10 12 58 86 88 48 12 63 72 49 46 42 48 98 74 98 66 76 75 43 84 33 99 26 16 54 34 55 88 67 51 43 28 71 82 60 71 3 34 36 28 73 95 47 74 3 35 71
35 10 92 7 37 43 37 37 20 0 55 26 94 35 45 76 14 33 53 22 45 77 32 10 74 5 41 2 66 24 3 14 21 68 10 56 45 67 54 -1 5 73 74 41 33 40 33 35 56 -2
52 88 81 25 65 6 36 70 66 99 77 85 83 11 95 11 69 54 19 14 85 27 101 2 69 11 83 16 100 32 90 8 6 50 65 58 33 60 57 5 24 64 18 15 33 93 94 49 18 45
8 38 91 44 29 28 57 14 57 63 80 44 44 23 21 41 49 90 63 72 52 32 84 87 21 44 65 38 77 59 56 8 58 95 67 34 62 92 51 27 70 62 66 28 2 62 34 90 16 66
19 36 74 17 92 27 5 91 58 68 101 98 3 35 88 55 50 56 5 71 21 15 21 40 25 82 91 97 89 84 70 4 19 68 100 22 41 20 72 48 81 21 15 14 74 86 87 71 58 17
93 79 88 85 95 96 50 83 90 5 33 72 48 73 2 22 64 54 91 71 34 46 68 32 90 48 10 44 54 -3 68 88 40 22 61 92 18 89 37 68 78 88 58 32 71 39 7 -3 93 93
El programa tardó 21.445989608765 milisegundos en ejecutarse.
