25 41 93 46 85 91 67 3 93 7 81 69 82 66 24 25 47 20 74 22 9 73 30 70 25 47 35 77 78 99 102 17 79 7 18 37 75 53 4 89 51 8 57 94 77 37 17 48 90 14
87 92 94 65 90 5 101 51 21 16 43 73 30 95 12 80 37 63 36 78 81 74 74 15 52 23 37 10 97 81 62 30 94 74 45 42 13 90 33 82 90 15 78 41 70 72 40 84 28 49
73 59 38 11 34 80 83 59 43 96 50 98 85 36 79 40 47 70 54 47 14 20 59 12 46 16 17 63 14 87 78 83 74 86 58 48 100 75 19 51 49 2 100 80 17 49 30 82 77 16
46 50 94 81 7 82 51 87 38 81 35 -1 86 85 44 22 43 10 66 91 7 48 19 68 78 57 91 -3 71 5 46 21 80 14 26 32 7 11 83 72 56 77 8 53 8 21 44 61 96 58
7 34 6 46 83 82 22 25 75 68 102 31 63 77 98 38 22 60 73 11 79 5 47 39 4 24 8 88 68 6 30 62 43 5 52 21 9 92 80 57 41 46 68 88 5 97 17 12 41 5
33 4 13 2 74 56 54 16 37 44 36 73 6 16 51 77 48 54 8 13 68 11 84 47 61 95 43 75 84 60 6 32 45 62 21 75 45 32 76 11 56 12 27 68 99 13 87 60 84 50
74 20 33 29 57 40 40 38 73 35 49 98 44 15 14 5 36 6 91 63 13 68 58 30 15 20 80 75 36 76 69 65 20 34 41 21 10 63 71 34 67 78 56 76 42 4 44 60 51 84
71 73 3 84 28 62 46 63 27 45 86 74 97 73 70 5 100 49 93 31 5 93 70 15 78 20 40 94 22 59 20 77 6 4 78 16 31 76 41 91 69 35 36 6 48 89 62 74 7 95
52 33 75 66 8 95 63 55 51 75 18 47 72 22 30 72 83 56 20 63 12 59 42 36 15 60 88 60 72 57 8 40 59 23 9 85 15 20 5 26 84 80 6 82 43 92 74 74 11 69
64 34 9 48 71 78 32 51 14 4 67 60 90 84 79 1 83 0 4 60 45 10 18 23 26 21 55 73 68 40 86 76 14 60 2 90 95 63 62 77 28 16 95 58 14 31 43 83 94 1
48 50 100 22 96 33 59 9 102 11 80 100 54 38 83 79 69 46 96 39 35 22 14 27 77 32 40 18 62 88 49 47 86 86 3 6 19 67 23 41 65 71 59 28 95 33 55 61 21 49
54 44 65 24 56 19 37 63 2 21 49 50 90 43 64 10 86 23 3 29 6 36 55 69 24 90 73 28 16 12 53 85 50 6 10 4 87 11 67 92 6 6 90 9 43 75 96 82 76 25
37 75 22 92 85 16 72 78 14 42 24 90 17 86 64 99 34 49 44 86 94 24 44 42 15 47 85 94 43 66 19 44 64 6 79 28 48 31 97 32 81 93 74 4 12 6 18 64 16 54
57 88 86 0 32 75 9 82 38 73 25 54 27 17 4 60 88 29 46 64 56 63 12 46 22 20 16 -1 36 62 75 10 75 78 90 32 87 58 47 36 99 15 65 55 57 72 89 86 92 73
32 5 51 62 59 49 17 41 33 83 34 46 22 96 97 38 76 83 17 38 47 39 80 15 38 29 11 74 27 32 11 73 62 78 22 95 50 62 50 87 56 91 25 15 30 64 34 46 17 19
31 6 50 9 76 90 58 -3 50 22 83 74 24 51 4 37 89 3 93 70 46 69 75 21 62 68 41 15 10 86 98 95 99 -1 36 80 70 59 97 -2 59 23 7 5 75 83 44 44 6 81
97 3 75 49 99 80 102 41 93 66 70 70 45 52 5 66 48 98 47 89 10 7 9 99 59 80 95 91 32 60 39 70 4 32 76 95 97 7 80 40 62 8 18 48 71 6 43 92 52 67
43 90 99 11 59 72 78 17 53 6 43 77 67 89 72 66 22 29 75 -1 35 65 45 59 84 10 63 25 41 61 16 38 16 76 101 48 86 1 72 67 41 76 76 8 25 30 63 35 7 56
79 26 45 29 65 4 22 82 87 1 101 32 29 18 45 83 97 93 27 75 29 31 71 45 68 36 49 6 66 84 47 16 5 37 76 59 84 30 7 6 6 11 64 100 14 52 42 45 40 22
56 63 52 42 100 81 27 24 57 63 35 6 15 68 57 53 83 0 64 52 94 25 47 72 5 56 101 7 8 11 26 -3 88 33 31 0 91 65 14 78 65 46 68 40 8 33 20 61 19 1
43 29 72 45 76 85 56 28 3 50 4 74 77 73 94 17 25 72 83 42 25 76 4 26 96 17 22 100 52 5 66 16 27 74 54 99 93 72 40 25 22 8 36 85 43 94 57 42 73 49
92 23 3 45 80 84 98 75 58 88 7 23 99 39 27 53 97 -2 74 6 45 65 83 26 91 64 46 74 45 0 41 39 50 57 92 9 63 54 61 32 71 69 90 50 80 7 4 77 39 74
22 32 19 96 93 19 74 1 41 77 12 33 80 80 45 46 95 83 81 25 34 4 11 44 22 69 60 52 45 1 64 30 37 76 80 12 19 7 80 44 89 82 17 96 12 31 102 33 65 36
55 0 26 1 15 83 39 24 18 22 61 64 91 29 28 50 65 56 95 49 91 85 83 47 77 24 48 63 88 25 24 92 58 11 33 66 20 19 21 -2 30 52 23 91 92 55 45 47 2 15
64 71 4 37 76 58 45 82 27 41 41 28 11 39 91 2 77 78 88 7 33 38 46 97 101 47 30 12 26 43 93 26 19 71 62 95 37 71 99 14 72 88 14 65 32 25 87 58 74 18
65 28 96 48 8 24 46 62 21 0 75 38 36 20 95 37 39 0 43 51 77 73 86 58 60 96 68 56 48 87 30 69 77 68 96 34 85 58 93 -1 32 41 75 64 74 27 80 35 33 83
89 96 22 58 67 83 36 25 84 77 98 6 68 32 25 44 95 12 36 93 82 94 88 66 8 41 57 40 38 18 84 26 18 56 53 23 35 22 22 93 69 42 59 14 59 28 19 94 83 75
92 56 7 43 12 53 13 4 32 37 66 75 17 57 85 41 68 0 5 1 77 71 7 87 62 64 101 90 49 8 51 96 77 30 4 58 99 35 66 77 71 58 88 34 25 10 45 23 73 90
78 41 26 40 66 81 79 20 16 55 58 66 93 47 37 39 37 70 96 58 82 12 7 52 51 29 57 41 56 46 21 81 42 78 43 67 15 83 70 8 58 35 51 68 17 5 101 89 31 7
19 2 42 85 100 64 55 21 34 3 17 72 90 93 20 79 97 65 62 76 70 62 68 90 33 57 4 49 74 53 24 93 99 54 54 47 39 96 24 83 9 80 34 92 91 -2 36 41 97 49
32 6 99 55 44 89 71 29 82 48 48 61 42 78 42 49 25 40 51 21 75 42 29 80 101 97 79 79 92 9 66 3 43 1 79 25 25 60 63 38 8 43 33 85 97 37 14 61 67 67
48 51 28 68 28 80 3 1 9 66 90 21 45 79 30 93 3 96 20 40 64 92 9 22 21 12 14 81 66 44 26 5 97 73 44 44 59 42 65 28 12 21 70 28 30 64 92 19 10 80
56 5 10 44 24 80 83 10 89 41 73 74 41 30 10 32 76 71 32 72 5 57 91 81 71 62 12 6 50 36 90 1 33 1 76 62 66 76 60 87 49 54 86 86 12 24 60 84 52 50
86 52 14 17 45 61 15 65 55 88 38 83 11 46 32 60 66 12 36 81 20 35 70 44 38 3 15 85 30 85 83 93 90 18 79 55 23 20 35 79 12 75 29 91 88 86 32 15 17 8
39 18 13 79 94 81 52 53 29 20 80 88 100 55 59 7 8 51 93 75 96 93 36 9 67 58 47 51 50 12 35 87 26 92 48 2 80 46 78 78 79 28 34 33 100 40 100 53 92 96
40 84 67 43 40 62 35 86 39 64 12 71 48 21 75 11 20 70 79 79 63 41 31 86 3 28 38 17 87 36 93 12 100 79 13 84 77 58 54 68 74 37 52 9 99 83 86 -1 41 49
45 21 40 15 87 16 30 21 32 17 59 31 56 82 101 64 100 1 39 40 90 41 69 17 29 13 50 81 4 21 98 26 43 50 39 71 14 43 53 63 90 17 32 49 36 66 35 67 37 1
81 4 97 88 29 -2 67 77 9 41 62 38 40 72 16 5 31 55 98 56 99 63 74 28 52 71 66 12 66 41 41 27 81 88 94 13 62 93 34 96 5 58 65 36 101 69 55 1 95 53
32 50 9 35 79 69 68 77 42 60 50 64 26 96 15 20 43 58 98 50 30 23 56 96 75 4 21 88 97 52 102 68 4 62 70 38 37 25 23 57 27 32 81 36 11 16 52 27 69 93
49 47 3 72 82 51 41 70 17 32 52 43 31 39 37 0 89 5 56 12 76 23 92 18 70 65 62 2 92 84 6 40 93 29 8 -3 45 76 46 7 71 36 61 46 14 16 46 63 89 62
74 23 54 9 76 55 47 49 59 82 16 72 65 6 78 11 62 10 3 55 81 78 36 22 62 13 98 95 5 69 24 59 36 64 13 59 67 91 73 39 75 87 57 26 15 10 44 38 43 79
87 44 34 60 75 16 95 9 29 12 58 18 15 39 8 93 43 16 15 48 4 8 98 49 7 74 7 -2 91 90 12 47 26 65 27 10 27 24 30 22 79 96 53 30 34 70 11 34 89 91
73 76 57 98 70 71 50 72 20 53 56 92 60 79 65 62 54 98 89 60 15 16 78 81 87 23 82 30 69 14 90 46 42 87 10 69 38 6 101 22 15 92 12 13 67 83 30 17 53 1
24 40 51 47 75 70 86 62 13 57 95 31 53 18 73 3 28 33 57 15 97 89 37 58 6 63 7 31 12 0 8 30 11 31 99 46 42 67 16 67 82 54 4 87 58 4 69 68 13 81
99 25 93 10 29 6 14 76 69 76 79 39 76 73 96 57 98 45 75 62 7 66 3 50 40 78 66 98 19 92 77 20 84 73 86 86 70 72 15 83 88 43 100 71 21 29 79 68 19 78
36 70 4 22 48 24 27 41 70 95 60 18 37 46 52 46 75 78 43 43 2 84 28 37 12 91 100 25 29 48 42 10 30 40 55 12 68 89 66 64 74 47 68 62 50 83 51 7 36 81
35 14 18 8 74 17 5 86 56 36 24 32 60 86 80 12 7 60 28 22 30 48 76 83 58 6 54 77 46 34 22 15 35 39 95 58 46 83 20 68 37 85 6 15 94 61 48 38 36 39
80 67 97 33 98 79 24 43 40 48 57 96 89 55 94 68 52 61 47 37 93 91 49 46 69 51 55 31 76 43 3 4 59 92 16 79 31 -3 4 -2 62 7 28 92 57 20 83 82 93 96
40 52 15 70 32 30 79 41 18 46 53 100 38 46 95 98 79 4 4 75 58 88 52 16 13 47 78 20 86 32 36 35 25 20 102 75 44 66 97 20 16 19 96 82 31 22 56 93 34 91
79 72 79 48 70 25 81 67 41 62 10 19 69 30 75 95 17 37 97 74 52 27 71 29 74 25 72 90 23 13 13 21 80 85 34 24 85 56 73 52 5 18 41 36 36 52 78 33 3 28
El programa tardó 8.7199211120605 milisegundos en ejecutarse.
