57 42 31 82 45 77 74 25 32 35 63 9 48 11 93 35 24 23 82 10 21 15 44 48 84 100 33 41 59 37 5 55 99 86 21 78 77 20 34 86 51 39 23 72 27 37 21 17 3 71
60 78 35 3 82 22 6 66 12 77 42 8 72 11 22 50 12 77 91 23 67 38 96 9 23 15 91 53 39 35 58 96 19 95 36 42 47 -3 17 87 95 77 84 80 93 60 68 17 92 69
99 36 26 37 44 56 8 49 27 82 97 20 72 78 23 11 60 18 94 42 24 78 81 72 90 68 3 9 60 83 89 4 84 20 93 20 13 70 21 17 15 62 99 16 63 42 50 31 26 96
61 53 90 63 49 55 24 51 55 47 23 -2 26 30 41 45 98 59 101 46 75 31 67 6 30 92 27 39 70 79 86 17 7 16 85 17 46 34 61 41 57 74 39 61 21 94 20 82 63 2
38 11 50 87 82 53 5 44 98 27 47 82 87 8 57 27 44 62 89 23 44 9 21 74 13 77 86 95 6 3 60 24 59 25 4 84 24 5 33 83 26 36 54 42 49 71 75 83 57 32
86 7 84 72 51 59 70 69 68 2 14 19 99 20 17 93 19 26 34 56 18 19 95 29 30 92 89 79 75 96 93 72 11 60 86 37 58 58 86 53 19 29 21 83 55 57 7 57 72 19
63 25 81 38 57 55 56 56 60 53 50 36 38 44 68 20 85 6 83 77 29 68 70 66 17 48 97 82 22 96 23 73 21 61 100 69 87 89 43 88 102 31 11 47 57 31 102 26 16 36
60 8 28 63 48 70 71 83 52 94 24 73 34 50 69 56 88 38 74 70 68 14 45 34 78 65 94 29 29 92 13 45 5 2 83 50 16 15 47 49 8 68 64 35 18 65 23 38 88 20
30 29 23 54 15 22 79 26 83 26 98 1 31 23 19 96 78 3 33 98 20 37 14 46 98 78 100 54 82 79 91 96 23 2 77 48 71 36 73 59 89 79 60 71 80 37 18 8 30 29
36 4 24 52 25 72 39 65 10 94 86 40 83 51 36 45 89 63 72 40 4 81 77 80 80 34 4 23 100 61 62 75 59 35 41 73 73 4 53 6 9 81 7 82 19 30 63 28 29 96
68 48 86 75 5 15 72 86 74 76 29 25 8 41 68 85 89 55 51 66 44 97 23 74 46 23 18 58 3 51 21 83 4 49 93 64 33 11 44 43 4 22 32 47 24 88 15 90 52 1
23 73 90 9 15 85 65 69 79 13 6 88 21 54 65 16 95 75 74 78 86 84 98 94 44 71 42 34 37 6 33 75 77 5 3 52 79 42 54 93 38 60 33 1 23 40 41 9 10 93
56 46 78 85 23 88 67 55 47 48 63 5 30 15 82 44 101 75 58 97 4 75 31 42 37 6 74 47 14 93 80 28 12 82 8 41 96 15 43 66 63 23 44 57 33 46 73 70 11 51
82 -1 13 -1 87 32 73 96 22 78 62 82 66 15 96 12 43 91 9 52 75 85 87 55 26 2 51 80 77 96 2 79 44 26 30 15 61 40 40 35 4 27 15 59 93 80 33 24 99 19
76 71 54 91 34 6 30 18 69 11 49 16 42 15 89 73 99 49 73 79 36 94 32 20 5 44 85 64 75 86 53 75 94 70 17 38 102 56 63 78 14 92 28 37 66 77 29 2 45 80
74 92 38 52 16 15 55 24 49 3 95 -2 66 27 45 91 34 30 81 55 60 -2 62 18 42 11 91 56 91 28 85 60 53 34 27 64 30 72 2 41 83 70 9 12 47 89 14 30 17 79
72 61 44 81 67 90 14 53 43 6 86 24 61 34 54 16 9 71 68 64 25 42 95 68 14 5 31 86 34 55 50 76 28 68 8 43 100 72 99 46 102 32 95 2 86 58 16 5 80 83
50 63 11 76 57 92 47 9 75 92 50 65 49 -1 35 31 31 43 37 47 57 51 92 71 92 1 38 6 53 66 14 -3 51 69 48 67 89 40 94 7 8 26 23 9 49 88 9 80 19 93
58 54 42 95 84 62 92 56 67 69 48 18 75 28 45 12 37 27 54 89 90 80 69 3 44 63 10 73 16 36 58 86 63 24 7 62 14 5 7 59 14 43 69 71 41 23 78 3 21 43
84 23 66 16 92 36 76 68 46 57 15 76 5 50 34 6 56 61 50 18 47 18 83 13 21 63 75 74 71 30 62 -2 44 24 19 73 21 12 32 22 95 68 43 60 2 84 10 81 6 3
68 82 41 4 19 29 18 86 10 20 47 67 24 4 99 22 102 10 28 18 64 36 95 62 6 3 11 32 82 88 70 72 48 76 70 86 8 62 70 98 51 41 70 64 80 18 17 3 35 67
71 17 79 39 88 81 95 20 72 25 18 89 78 40 11 6 44 65 18 72 17 36 19 38 28 37 61 64 100 53 51 91 85 1 93 55 67 80 47 21 96 82 23 92 20 49 74 27 93 90
55 51 67 13 9 18 36 44 15 31 38 25 68 72 75 86 94 26 25 3 10 69 76 67 10 39 3 45 23 66 83 92 37 60 65 13 68 53 46 58 89 72 81 79 68 69 51 78 37 1
37 21 39 92 16 4 93 45 44 66 18 92 56 50 10 69 98 71 17 47 8 26 53 93 43 26 22 23 84 70 66 65 79 27 25 58 5 50 30 0 91 3 28 47 9 24 79 70 11 47
79 86 43 22 35 30 36 60 35 69 90 56 59 77 51 94 40 3 96 32 58 28 53 6 79 30 77 42 61 14 52 11 40 79 38 94 76 24 11 79 99 31 28 35 94 98 41 86 5 24
14 30 74 4 68 52 32 42 51 47 68 80 43 60 34 94 72 -2 32 80 43 -2 96 17 36 -2 45 11 8 15 94 11 6 33 41 29 101 74 96 94 30 2 19 6 83 10 58 85 69 26
80 27 36 63 17 2 89 19 7 30 92 5 60 87 92 45 11 66 50 47 47 63 81 55 68 81 60 30 101 22 68 40 53 59 40 38 87 98 69 26 31 5 43 45 69 41 52 49 66 31
83 29 84 18 32 60 57 92 2 45 4 67 20 50 9 75 14 3 50 26 80 69 101 14 84 40 85 47 44 21 11 34 16 66 15 95 97 56 10 33 49 95 55 13 23 50 21 9 99 30
53 69 80 87 28 54 97 42 68 83 39 45 66 16 93 53 53 36 13 10 30 66 48 52 87 70 60 11 85 64 21 72 57 26 27 46 64 11 22 85 86 32 76 17 85 87 100 51 46 87
5 8 29 48 70 92 17 23 76 34 57 90 14 92 87 51 67 95 52 36 101 0 73 83 57 52 21 51 11 55 35 35 93 16 100 14 65 34 14 36 82 67 28 27 81 53 96 80 40 88
99 3 33 35 100 20 59 67 96 26 53 57 34 54 94 90 83 13 27 25 75 28 77 69 99 93 68 68 55 80 5 33 57 63 54 53 67 98 62 68 93 48 87 13 25 44 71 50 79 14
88 94 35 92 90 38 96 44 59 1 68 21 98 69 58 86 51 29 32 24 19 24 97 73 31 93 96 63 6 0 83 41 48 64 12 84 70 3 22 88 17 37 20 23 17 14 51 -3 95 39
58 13 43 31 38 75 4 24 93 40 89 43 41 30 13 10 56 68 72 64 4 53 26 3 37 54 24 63 73 19 98 51 81 48 12 69 63 20 75 26 95 93 32 3 27 64 68 94 39 14
81 -3 86 19 70 47 77 84 69 44 39 55 91 60 12 27 12 52 45 50 69 41 22 30 19 25 56 7 76 28 68 48 73 15 49 5 42 83 55 10 60 45 72 38 49 91 63 -1 97 66
7 48 78 49 66 48 72 77 18 29 99 57 18 6 80 89 45 19 63 84 77 20 32 81 40 26 7 45 86 11 77 18 66 93 91 82 37 15 41 32 25 19 39 17 88 69 88 28 55 57
37 41 3 34 53 33 22 68 27 11 48 96 24 26 17 15 72 21 48 50 25 53 2 94 14 0 92 9 67 -1 85 61 35 77 52 91 65 41 16 22 84 48 39 19 17 63 34 34 46 92
23 97 17 68 96 95 56 5 70 10 22 60 80 68 88 20 5 2 28 54 47 33 70 1 82 84 101 70 87 11 10 66 14 85 64 23 95 78 26 74 17 86 56 73 53 56 17 37 53 56
2 37 11 68 25 96 83 95 68 17 101 32 72 0 65 78 69 49 99 -2 62 30 46 92 81 26 57 90 89 8 62 74 62 44 56 12 7 84 13 85 79 30 31 68 28 41 89 23 8 -2
99 80 57 2 81 28 40 28 76 45 95 9 68 68 18 43 66 19 66 48 94 90 93 75 61 78 38 83 71 3 67 4 78 86 45 38 52 27 49 7 24 29 44 84 84 88 74 98 82 28
51 59 27 91 31 91 27 74 44 90 92 27 12 72 46 69 28 19 42 45 80 -3 99 96 100 11 53 68 10 2 50 12 53 4 43 13 64 -1 77 54 18 71 96 84 89 38 6 22 24 51
46 36 58 14 40 53 32 61 10 57 90 10 93 48 59 62 71 77 26 54 38 80 18 14 55 59 35 80 21 34 34 77 51 19 80 29 12 52 85 39 67 40 83 65 97 62 31 44 34 22
42 58 17 22 81 82 79 -2 18 91 29 83 34 22 49 40 72 26 25 85 90 32 40 60 29 19 36 78 21 74 78 55 6 43 36 59 40 66 50 42 19 8 80 0 10 4 77 18 61 56
71 57 93 35 88 24 16 41 21 55 6 78 18 25 53 93 72 38 61 93 67 10 10 2 85 74 93 98 70 10 71 97 83 59 97 74 71 99 83 15 58 11 38 62 5 71 75 47 40 94
7 96 26 44 76 24 97 35 30 64 46 4 46 51 31 35 47 23 51 9 50 37 53 45 35 86 31 73 61 22 88 9 34 43 35 18 68 11 28 80 88 28 25 84 12 15 29 28 37 8
8 13 84 100 31 48 93 26 50 96 60 66 33 80 99 19 29 95 58 51 74 65 69 24 57 45 34 90 78 49 25 17 73 83 64 65 71 5 5 26 21 10 59 81 99 82 3 74 31 52
34 0 70 55 54 96 80 72 26 65 21 75 94 59 5 67 95 34 87 87 36 44 87 23 2 55 101 13 56 10 30 43 31 69 79 27 84 54 14 72 75 55 46 15 30 78 77 48 44 3
18 44 100 95 71 91 32 73 47 44 69 78 89 70 56 58 96 41 47 92 66 72 87 90 86 29 21 22 94 8 84 32 44 74 63 72 94 22 35 27 56 45 62 58 63 44 68 57 75 61
100 64 61 64 58 74 59 8 82 79 30 31 78 51 36 -2 87 74 30 74 46 12 15 16 12 43 64 46 66 85 96 21 22 15 13 22 85 94 43 13 16 62 3 75 93 30 28 16 84 10
77 50 52 21 59 2 17 4 38 63 13 39 41 6 80 76 102 66 79 89 49 74 85 64 60 92 21 2 101 80 99 26 48 70 26 23 58 2 75 52 61 31 67 34 100 9 21 13 82 94
17 80 43 38 10 54 94 11 33 46 12 95 15 60 101 49 93 40 57 70 15 90 80 63 63 31 5 96 2 24 27 45 22 58 85 88 7 53 90 82 72 37 36 -3 99 64 88 57 22 8
El programa tardó 10.851144790649 milisegundos en ejecutarse.
