18 20 90 93 56 13 34 55 87 47 82 96 27 32 78 55 27 33 39 78 46 41 54 41 22 73 26 57 16 22 82 42 10 93 78 15 44 46 26 61 37 8 36 53 13 65 35 10 32 50
31 44 98 50 19 39 40 96 3 43 62 74 61 33 83 0 62 94 13 62 96 34 9 80 56 -1 14 1 19 69 70 48 79 43 77 93 82 70 41 92 42 47 76 28 7 93 50 92 101 13
64 76 23 13 100 79 95 99 75 81 84 5 90 45 47 5 56 52 66 94 82 97 41 8 51 45 19 97 61 65 69 26 33 66 18 73 74 25 96 5 58 4 67 3 63 20 21 4 86 24
23 36 31 61 99 66 97 74 69 90 85 66 75 61 91 37 21 46 54 27 32 51 50 57 76 37 88 56 54 91 9 79 29 12 75 52 75 71 56 89 3 63 30 51 29 81 55 74 95 21
45 75 58 37 81 17 100 29 11 81 26 44 80 31 89 14 42 21 41 39 28 69 58 2 67 1 99 4 27 3 51 64 65 7 88 4 57 56 33 100 71 99 20 89 9 97 83 61 59 19
79 81 26 58 5 83 95 0 17 77 49 96 2 65 18 81 6 3 45 40 45 24 75 12 47 35 48 45 30 76 30 64 7 78 64 62 29 34 30 71 7 21 7 32 47 58 87 24 95 51
60 9 58 60 98 35 81 83 90 42 81 92 43 12 14 25 63 23 18 48 12 71 29 20 31 19 64 91 44 5 91 100 83 58 55 80 101 100 11 37 87 83 25 31 93 19 26 25 77 37
84 62 34 35 52 72 36 71 42 56 95 34 63 41 8 4 16 94 80 56 39 1 12 17 37 83 40 96 7 33 56 26 17 88 14 96 62 10 93 54 34 85 52 34 23 76 15 46 80 59
44 57 88 69 28 68 45 78 90 55 75 1 34 10 47 5 75 46 78 60 9 73 35 91 14 62 53 42 59 37 20 98 3 41 34 10 87 38 9 41 93 43 39 19 17 73 42 14 48 70
99 79 39 32 77 78 88 89 57 93 89 85 56 59 100 5 74 42 63 14 44 46 75 72 71 46 35 22 35 26 21 11 93 35 37 47 69 4 36 51 53 47 2 30 94 43 54 65 14 90
100 57 63 65 97 44 6 32 92 33 67 68 90 52 80 57 5 17 42 6 35 37 66 84 3 68 76 73 36 30 75 68 83 84 31 95 25 54 47 27 41 92 53 73 46 81 64 38 87 55
20 79 66 55 64 7 99 36 65 40 57 12 29 83 44 48 64 92 39 1 14 93 2 27 86 64 84 54 80 78 86 61 40 19 42 45 18 61 29 59 64 95 8 0 70 20 90 -1 44 83
64 84 21 99 92 34 55 31 45 47 76 46 98 6 62 17 37 55 73 6 100 53 36 2 94 87 93 62 47 62 54 96 18 82 51 6 74 86 89 92 66 96 97 18 75 97 30 21 58 74
60 53 53 81 68 55 5 65 6 91 40 50 41 24 95 40 87 50 46 47 31 60 73 35 22 19 15 48 49 33 37 10 27 58 72 80 59 44 30 68 71 32 95 39 17 53 71 30 55 13
53 66 36 86 91 23 14 48 78 32 87 17 51 74 91 71 91 31 23 90 64 80 65 61 63 7 65 49 28 38 87 100 4 67 86 3 71 60 82 98 18 26 100 100 52 53 21 52 40 4
22 26 56 96 59 70 68 17 76 -2 9 74 12 60 44 34 41 60 61 96 91 72 51 48 86 58 44 80 40 15 21 33 34 48 98 51 43 94 91 77 26 13 4 55 84 66 32 80 11 45
88 40 88 80 45 94 68 1 75 88 66 99 99 4 25 17 3 93 55 92 63 44 56 89 42 43 18 55 42 28 49 15 62 42 41 35 26 49 83 43 42 61 51 13 18 35 61 26 38 31
37 83 92 92 85 28 29 33 53 20 100 33 70 73 16 88 19 45 23 8 22 67 45 78 76 79 52 40 48 1 70 12 39 54 20 37 64 12 100 17 59 73 44 64 7 0 73 67 96 82
34 79 80 85 51 43 50 70 71 1 85 21 43 17 14 11 93 23 26 39 99 90 46 54 102 44 72 43 19 63 70 73 102 76 28 81 79 7 41 35 36 7 47 17 66 35 60 99 60 66
79 17 74 19 2 -1 96 47 55 69 17 70 5 20 41 13 20 54 20 91 32 14 18 9 95 73 42 42 86 61 6 36 31 19 24 79 75 80 84 59 49 76 50 85 25 95 70 74 20 43
86 90 5 51 48 52 16 10 20 65 99 2 101 58 18 88 36 31 55 87 9 87 93 51 72 49 96 78 75 9 55 74 63 69 38 92 76 100 67 66 57 31 5 53 67 86 71 15 69 77
95 75 79 38 40 3 95 44 51 62 94 53 86 28 9 63 44 82 75 62 72 69 24 23 58 13 92 88 12 43 63 44 57 71 87 47 62 45 4 61 55 15 44 21 24 91 78 48 26 41
59 99 31 98 28 14 20 96 49 10 68 96 65 83 77 39 30 73 63 32 89 10 62 99 42 52 42 48 49 40 52 63 23 23 39 35 55 99 39 59 45 33 102 81 79 56 56 2 68 41
26 65 101 5 20 52 79 10 37 33 95 18 62 42 17 -1 61 17 46 18 71 29 2 25 86 -3 49 13 82 7 14 41 92 47 47 91 99 17 8 53 7 57 85 22 4 70 42 23 10 63
99 71 13 15 55 86 93 26 68 67 77 100 35 26 47 3 93 45 39 46 53 52 49 68 87 99 84 84 63 19 53 28 82 21 62 20 78 77 3 19 93 50 53 87 82 99 46 54 99 22
17 45 48 69 88 90 15 9 48 78 58 71 44 79 86 92 4 38 33 50 51 72 12 71 13 93 53 1 60 36 82 58 58 92 8 -1 34 11 100 -3 89 70 90 16 90 51 5 60 32 39
54 61 89 98 21 62 75 9 75 79 53 28 6 65 52 1 6 62 55 29 77 12 77 27 99 3 30 43 19 43 72 74 35 85 75 83 19 10 99 26 102 55 62 66 78 30 3 60 91 65
76 61 95 91 11 51 15 93 37 85 26 46 48 8 66 9 86 43 46 93 68 68 58 80 36 56 97 -1 6 94 31 93 15 7 73 5 6 22 19 40 68 57 90 50 77 21 84 28 68 61
41 93 81 19 92 87 74 70 12 54 48 51 74 25 33 71 58 50 94 98 96 11 8 68 13 74 71 66 40 42 89 42 3 14 60 26 52 25 93 39 99 78 25 67 27 20 102 50 12 18
54 74 37 73 57 -3 26 87 74 84 7 -3 30 2 13 82 6 15 101 96 32 38 78 19 99 33 84 13 20 49 38 88 73 3 61 44 45 83 24 79 34 78 7 86 12 22 59 39 60 77
50 75 69 61 54 41 72 45 59 91 37 25 19 39 21 68 56 86 60 87 4 94 79 45 58 7 23 58 83 47 99 79 5 29 63 83 59 67 77 48 40 67 96 100 78 53 57 22 45 74
4 94 38 19 31 66 47 78 85 9 62 30 46 4 58 19 35 26 57 10 10 76 92 39 22 84 76 0 61 63 89 0 86 96 80 29 49 58 42 20 51 45 22 79 30 60 94 1 57 0
44 9 83 78 65 52 25 76 32 30 96 23 4 84 24 13 78 99 85 80 6 82 16 92 56 12 36 43 18 28 76 64 84 35 83 37 25 35 16 65 51 36 71 38 101 77 76 87 26 61
68 96 53 38 49 75 78 -3 7 54 14 -2 53 24 69 13 86 83 27 48 69 17 3 29 67 26 57 54 6 8 38 20 26 4 27 40 73 25 10 29 64 87 31 65 50 91 11 12 80 95
102 6 101 61 13 96 57 38 18 7 68 59 47 65 15 13 97 19 46 31 82 66 45 63 87 96 11 97 43 59 5 8 64 1 62 56 70 43 57 12 7 12 3 40 21 74 80 92 83 64
72 67 55 27 69 25 96 0 88 70 55 89 32 67 55 20 73 59 75 41 17 17 72 8 86 93 17 18 45 48 13 26 52 63 86 45 42 1 37 8 91 68 65 52 70 40 7 40 80 79
9 59 25 86 66 53 80 14 55 42 31 22 97 38 40 48 101 77 63 8 28 16 57 72 93 83 79 84 29 46 20 40 17 87 28 41 22 76 15 55 7 51 76 69 20 26 37 37 96 82
68 32 30 78 38 34 70 28 22 73 17 81 32 87 30 53 96 14 90 27 4 21 29 81 13 35 76 7 2 74 71 26 9 53 90 69 38 85 88 30 46 91 2 62 87 48 7 27 5 52
77 5 74 60 6 66 51 21 21 85 102 76 86 13 34 36 90 96 49 5 43 71 74 68 6 45 33 59 101 39 34 34 8 93 22 40 20 87 83 41 39 30 62 68 31 89 10 84 26 75
19 44 29 75 29 89 27 63 71 44 43 33 99 27 32 72 100 18 55 26 28 68 50 59 65 10 38 51 69 17 27 49 58 9 49 65 93 56 65 8 72 54 72 84 13 10 38 32 30 4
17 3 95 81 39 100 70 19 11 45 74 83 79 12 55 5 49 88 71 3 48 80 88 70 68 73 61 40 98 93 29 29 77 6 60 93 96 50 37 74 71 45 8 38 80 21 18 36 72 86
89 78 100 91 10 50 14 18 7 96 33 56 66 56 52 14 85 75 100 30 9 24 41 37 98 31 27 10 55 48 53 20 32 81 31 29 51 55 2 66 27 67 18 34 60 52 97 9 58 69
22 22 94 77 55 90 58 75 25 82 67 82 26 98 79 54 51 78 42 12 37 44 61 1 94 19 75 15 32 98 47 14 40 8 76 90 76 15 50 10 11 4 64 15 55 93 82 41 100 3
57 51 79 65 94 21 9 23 53 61 81 73 89 9 2 90 62 41 56 22 84 58 18 86 16 94 98 52 67 82 23 68 78 93 19 95 67 87 2 74 88 75 57 38 6 34 97 10 46 1
19 62 38 73 56 56 30 63 95 100 63 17 52 72 59 1 62 79 101 26 82 63 92 9 54 85 40 36 53 72 96 5 56 68 89 73 17 23 29 74 71 32 37 83 19 68 32 82 44 25
51 11 54 59 11 49 62 34 6 67 63 8 67 72 59 78 95 79 7 37 90 3 75 96 80 0 96 77 39 44 76 27 99 13 68 79 64 33 31 34 97 84 46 5 50 84 77 61 81 26
10 36 88 44 45 76 8 50 60 92 83 46 15 4 44 93 82 16 93 33 32 14 79 8 10 86 28 17 93 36 59 100 56 85 53 5 85 51 74 45 77 77 99 54 43 24 42 69 58 22
48 90 53 -1 33 35 55 53 66 36 22 47 65 3 43 10 84 87 78 64 30 89 19 52 65 75 95 17 57 16 82 43 4 11 34 86 25 17 10 89 35 49 51 91 39 84 63 17 61 61
28 69 97 35 3 75 27 93 98 88 51 79 15 54 84 24 4 69 79 88 72 17 43 17 88 1 11 31 56 24 93 48 7 73 59 22 48 11 46 86 32 11 73 72 50 88 23 95 54 35
96 59 81 14 99 20 35 94 12 11 94 35 86 44 52 75 94 21 73 -1 81 47 26 25 3 74 16 52 50 75 41 92 95 64 34 93 16 88 3 76 34 83 95 68 48 0 73 86 25 52
El programa tardó 9.1331005096436 milisegundos en ejecutarse.
